0.000000E+00
0.000000E+00
0.000000E+00
0.000000E+00
0.000000E+00
0.000000E+00
0.000000E+00
0.000000E+00
0.000000E+00
0.000000E+00
0.000000E+00
0.000000E+00
-2.490490E-11
-4.878770E-11
-8.524940E-11
-1.600990E-10
-3.025340E-10
-5.581850E-10
-1.004150E-09
-1.760740E-09
-3.009050E-09
-5.010400E-09
-8.126900E-09
-1.283750E-08
-1.974490E-08
-2.956450E-08
-4.308210E-08
-6.107900E-08
-8.421200E-08
-1.128640E-07
-1.469460E-07
-1.857330E-07
-2.276910E-07
-2.704150E-07
-3.106700E-07
-3.445400E-07
-3.678700E-07
-3.766000E-07
-3.674500E-07
-3.383800E-07
-2.890900E-07
-2.212300E-07
-1.383900E-07
-4.583000E-08
5.013000E-08
1.427400E-07
2.257200E-07
2.938900E-07
3.436900E-07
3.735100E-07
3.836500E-07
3.760500E-07
3.538900E-07
3.210300E-07
2.815340E-07
2.391590E-07
1.970850E-07
1.577210E-07
1.226640E-07
9.276790E-08
6.826956E-08
4.895194E-08
3.430620E-08
2.367040E-08
1.633500E-08
1.161500E-08
8.893000E-09
7.635000E-09
7.393000E-09
7.795000E-09
8.544000E-09
9.402000E-09
1.018200E-08
1.076200E-08
1.102000E-08
1.092500E-08
1.047700E-08
9.688000E-09
8.599000E-09
7.275000E-09
5.784000E-09
4.203000E-09
2.596000E-09
1.026000E-09
-4.580000E-10
-1.820000E-09
-3.032000E-09
-4.075000E-09
-4.937000E-09
-5.612000E-09
-6.090000E-09
-6.368000E-09
-6.443000E-09
-6.314000E-09
-5.983000E-09
-5.463000E-09
-4.774000E-09
-3.943000E-09
-3.011000E-09
-2.025000E-09
-1.042000E-09
-1.180000E-10
6.900000E-10
1.328000E-09
1.752000E-09
1.935000E-09
1.861000E-09
1.534000E-09
9.780000E-10
2.350000E-10
-6.410000E-10
-1.584000E-09
-2.525000E-09
-3.394000E-09
-4.130000E-09
-4.685000E-09
-5.029000E-09
-5.146000E-09
-5.045000E-09
-4.745000E-09
-4.278000E-09
-3.689000E-09
-3.023000E-09
-2.324000E-09
-1.636000E-09
-9.970000E-10
-4.380000E-10
1.300000E-11
3.360000E-10
5.170000E-10
5.470000E-10
4.250000E-10
1.570000E-10
-2.400000E-10
-7.420000E-10
-1.313000E-09
-1.914000E-09
-2.499000E-09
-3.018000E-09
-3.434000E-09
-3.706000E-09
-3.812000E-09
-3.741000E-09
-3.498000E-09
-3.096000E-09
-2.569000E-09
-1.952000E-09
-1.293000E-09
-6.350000E-10
-2.500000E-11
4.930000E-10
8.900000E-10
1.136000E-09
1.217000E-09
1.131000E-09
8.830000E-10
4.940000E-10
-5.000000E-12
-5.780000E-10
-1.182000E-09
-1.770000E-09
-2.297000E-09
-2.724000E-09
-3.021000E-09
-3.166000E-09
-3.149000E-09
-2.973000E-09
-2.654000E-09
-2.211000E-09
-1.682000E-09
-1.101000E-09
-5.090000E-10
5.100000E-11
5.400000E-10
9.220000E-10
1.172000E-09
1.268000E-09
1.206000E-09
9.930000E-10
6.460000E-10
1.980000E-10
-3.150000E-10
-8.440000E-10
-1.345000E-09
-1.778000E-09
-2.106000E-09
-2.301000E-09
-2.355000E-09
-2.263000E-09
-2.035000E-09
-1.694000E-09
-1.268000E-09
-7.890000E-10
-2.990000E-10
1.620000E-10
5.580000E-10
8.500000E-10
1.015000E-09
1.032000E-09
8.980000E-10
6.240000E-10
2.340000E-10
-2.370000E-10
-7.420000E-10
-1.231000E-09
-1.659000E-09
-1.982000E-09
-2.175000E-09
-2.222400E-09
-2.125700E-09
-1.901100E-09
-1.575100E-09
-1.182800E-09
-7.625000E-10
-3.523000E-10
1.340000E-11
3.063000E-10
5.065000E-10
6.028000E-10
5.936000E-10
4.862000E-10
2.963000E-10
4.570000E-11
-2.402000E-10
-5.345000E-10
-8.124000E-10
-1.052300E-09
-1.239400E-09
-1.364100E-09
-1.423400E-09
-1.418200E-09
-1.353200E-09
-1.233900E-09
-1.066400E-09
-8.575000E-10
-6.146000E-10
-3.479000E-10
-7.060000E-11
1.996000E-10
4.407000E-10
6.289000E-10
7.395000E-10
7.525000E-10
6.542000E-10
4.422000E-10
1.261000E-10
-2.713000E-10
-7.164000E-10
-1.167700E-09
-1.580800E-09
-1.913000E-09
-2.129900E-09
-2.207900E-09
-2.138700E-09
-1.929200E-09
-1.601100E-09
-1.188200E-09
-7.322000E-10
-2.787000E-10
1.285000E-10
4.514000E-10
6.613000E-10
7.407000E-10
6.857000E-10
5.034000E-10
2.126000E-10
-1.598000E-10
-5.809000E-10
-1.015700E-09
-1.428900E-09
-1.788600E-09
-2.068100E-09
-2.248300E-09
-2.318200E-09
-2.277200E-09
-2.133000E-09
-1.902800E-09
-1.611300E-09
-1.288800E-09
-9.659000E-10
-6.792000E-10
-4.572000E-10
-3.236000E-10
-2.992000E-10
-3.893000E-10
-5.955000E-10
-9.168000E-10
-1.332100E-09
-1.827400E-09
-2.380900E-09
-2.973300E-09
-3.586000E-09
-4.207000E-09
-4.827300E-09
-5.443700E-09
-6.055810E-09
-6.661770E-09
-7.255740E-09
-7.818980E-09
-8.317000E-09
-8.693200E-09
-8.870100E-09
-8.751600E-09
-8.235100E-09
-7.225200E-09
-5.654200E-09
-3.502400E-09
-8.152000E-10
2.287200E-09
5.613200E-09
8.914500E-09
1.191500E-08
1.434810E-08
1.599600E-08
1.672440E-08
1.650390E-08
1.541550E-08
1.363660E-08
1.141130E-08
9.011600E-09
6.694700E-09
4.668000E-09
3.065300E-09
1.937800E-09
1.260600E-09
9.510000E-10
8.929000E-10
9.617000E-10
1.047300E-09
1.068000E-09
9.779000E-10
7.659000E-10
4.498000E-10
6.690000E-11
-3.365000E-10
-7.131000E-10
-1.024300E-09
-1.242300E-09
-1.352900E-09
-1.356200E-09
-1.266000E-09
-1.100800E-09
-8.918000E-10
-6.706000E-10
-4.656000E-10
-3.076000E-10
-2.149000E-10
-1.967000E-10
-2.639000E-10
-4.036000E-10
-6.026000E-10
-8.364000E-10
-1.077900E-09
-1.296800E-09
-1.466900E-09
-1.566600E-09
-1.582300E-09
-1.510600E-09
-1.357200E-09
-1.138000E-09
-8.748000E-10
-5.939000E-10
-3.221000E-10
-8.370000E-11
1.018000E-10
2.220000E-10
2.714000E-10
2.525000E-10
1.735000E-10
4.740000E-11
-1.103000E-10
-2.829000E-10
-4.542000E-10
-6.097000E-10
-7.370000E-10
-8.266000E-10
-8.711000E-10
-8.664000E-10
-8.115000E-10
-7.091000E-10
-5.651000E-10
-3.903000E-10
-1.987000E-10
-7.500000E-12
1.647000E-10
2.992000E-10
3.805000E-10
3.970000E-10
3.442000E-10
2.243000E-10
4.800000E-11
-1.676000E-10
-4.002000E-10
-6.240000E-10
-8.135000E-10
-9.454000E-10
-1.002000E-09
-9.733000E-10
-8.586000E-10
-6.671000E-10
-4.174000E-10
-1.361000E-10
1.455000E-10
3.942000E-10
5.798000E-10
6.778000E-10
6.738000E-10
5.647000E-10
3.595000E-10
7.880000E-11
-2.482000E-10
-5.868000E-10
-9.004000E-10
-1.155400E-09
-1.324000E-09
-1.387700E-09
-1.338900E-09
-1.181700E-09
-9.313000E-10
-6.119000E-10
-2.554000E-10
1.033000E-10
4.288000E-10
6.898000E-10
8.616000E-10
9.291000E-10
8.880000E-10
7.453000E-10
5.181000E-10
2.313000E-10
-8.450000E-11
-3.975000E-10
-6.773000E-10
-8.980000E-10
-1.041400E-09
-1.097600E-09
-1.066200E-09
-9.562000E-10
-7.840000E-10
-5.726000E-10
-3.477000E-10
-1.362000E-10
3.790000E-11
1.561000E-10
2.071000E-10
1.881000E-10
1.056000E-10
-2.650000E-11
-1.876000E-10
-3.549000E-10
-5.042000E-10
-6.150000E-10
-6.717000E-10
-6.656000E-10
-5.965000E-10
-4.718000E-10
-3.059000E-10
-1.186000E-10
6.770000E-11
2.301000E-10
3.479000E-10
4.054000E-10
3.932000E-10
3.096000E-10
1.611000E-10
-3.890000E-11
-2.710000E-10
-5.123000E-10
-7.385000E-10
-9.271000E-10
-1.058700E-09
-1.120600E-09
-1.106000E-09
-1.016600E-09
-8.611000E-10
-6.551000E-10
-4.194000E-10
-1.779000E-10
4.510000E-11
2.268000E-10
3.498000E-10
4.030000E-10
3.836000E-10
2.974000E-10
1.585000E-10
-1.300000E-11
-1.930000E-10
-3.565000E-10
-4.812000E-10
-5.492000E-10
-5.510000E-10
-4.849000E-10
-3.590000E-10
-1.889000E-10
2.600000E-12
1.893000E-10
3.442000E-10
4.431000E-10
4.677000E-10
4.088000E-10
2.670000E-10
5.450000E-11
-2.075000E-10
-4.897000E-10
-7.592000E-10
-9.828000E-10
-1.131900E-09
-1.185300E-09
-1.132500E-09
-9.753000E-10
-7.274000E-10
-4.126000E-10
-6.320000E-11
2.845000E-10
5.945000E-10
8.345000E-10
9.803000E-10
1.017800E-09
9.450000E-10
7.722000E-10
5.201000E-10
2.178000E-10
-1.010000E-10
-4.023000E-10
-6.543000E-10
-8.329000E-10
-9.224000E-10
-9.182000E-10
-8.261000E-10
-6.626000E-10
-4.514000E-10
-2.214000E-10
-3.100000E-12
1.756000E-10
2.923000E-10
3.329000E-10
2.940000E-10
1.825000E-10
1.520000E-11
-1.836000E-10
-3.855000E-10
-5.618000E-10
-6.878000E-10
-7.455000E-10
-7.270000E-10
-6.349000E-10
-4.825000E-10
-2.916000E-10
-8.980000E-11
9.380000E-11
2.321000E-10
3.042000E-10
2.982000E-10
2.130000E-10
5.880000E-11
-1.443000E-10
-3.690000E-10
-5.840000E-10
-7.587000E-10
-8.668000E-10
-8.897000E-10
-8.200000E-10
-6.615000E-10
-4.295000E-10
-1.486000E-10
1.495000E-10
4.310000E-10
6.641000E-10
8.223000E-10
8.889000E-10
8.586000E-10
7.383000E-10
5.457000E-10
3.078000E-10
5.600000E-11
-1.777000E-10
-3.651000E-10
-4.855000E-10
-5.286000E-10
-4.955000E-10
-3.979000E-10
-2.564000E-10
-9.700000E-11
5.280000E-11
1.685000E-10
2.314000E-10
2.323000E-10
1.715000E-10
5.960000E-11
-8.540000E-11
-2.398000E-10
-3.789000E-10
-4.803000E-10
-5.270000E-10
-5.102000E-10
-4.308000E-10
-2.985000E-10
-1.316000E-10
4.650000E-11
2.103000E-10
3.354000E-10
4.025000E-10
4.000000E-10
3.256000E-10
1.869000E-10
3.000000E-13
-2.109000E-10
-4.207000E-10
-6.027000E-10
-7.347000E-10
-8.021000E-10
-7.986000E-10
-7.284000E-10
-6.041000E-10
-4.451000E-10
-2.749000E-10
-1.168000E-10
9.400000E-12
9.060000E-11
1.219000E-10
1.079000E-10
6.130000E-11
6.000000E-13
-5.250000E-11
-7.750000E-11
-5.820000E-11
1.430000E-11
1.392000E-10
3.063000E-10
4.972000E-10
6.873000E-10
8.499000E-10
9.602000E-10
9.993000E-10
9.571000E-10
8.344000E-10
6.435000E-10
4.058000E-10
1.492000E-10
-9.530000E-11
-2.997000E-10
-4.421000E-10
-5.104000E-10
-5.044000E-10
-4.347000E-10
-3.220000E-10
-1.923000E-10
-7.370000E-11
9.500000E-12
3.980000E-11
1.040000E-11
-7.490000E-11
-2.012000E-10
-3.465000E-10
-4.840000E-10
-5.878000E-10
-6.366000E-10
-6.176000E-10
-5.284000E-10
-3.772000E-10
-1.823000E-10
3.240000E-11
2.394000E-10
4.138000E-10
5.359000E-10
5.947000E-10
5.900000E-10
5.311000E-10
4.359000E-10
3.270000E-10
2.277000E-10
1.579000E-10
1.299000E-10
1.469000E-10
2.014000E-10
2.767000E-10
3.506000E-10
3.985000E-10
3.992000E-10
3.383000E-10
2.119000E-10
2.800000E-11
-1.941000E-10
-4.265000E-10
-6.377000E-10
-7.968000E-10
-8.792000E-10
-8.709000E-10
-7.705000E-10
-5.901000E-10
-3.528000E-10
-8.940000E-11
1.667000E-10
3.850000E-10
5.426000E-10
6.271000E-10
6.380000E-10
5.861000E-10
4.903000E-10
3.735000E-10
2.582000E-10
1.619000E-10
9.400000E-11
5.510000E-11
3.670000E-11
2.430000E-11
1.200000E-12
-4.760000E-11
-1.310000E-10
-2.499000E-10
-3.953000E-10
-5.500000E-10
-6.914000E-10
-7.954000E-10
-8.415000E-10
-8.164000E-10
-7.170000E-10
-5.516000E-10
-3.387000E-10
-1.041000E-10
1.237000E-10
3.169000E-10
4.546000E-10
5.236000E-10
5.218000E-10
4.565000E-10
3.422000E-10
1.985000E-10
4.480000E-11
-1.014000E-10
-2.281000E-10
-3.293000E-10
-4.041000E-10
-4.561000E-10
-4.902000E-10
-5.108000E-10
-5.194000E-10
-5.141000E-10
-4.899000E-10
-4.396000E-10
-3.570000E-10
-2.388000E-10
-8.720000E-11
8.900000E-11
2.742000E-10
4.472000E-10
5.848000E-10
6.647000E-10
6.696000E-10
5.906000E-10
4.296000E-10
1.991000E-10
-7.840000E-11
-3.744000E-10
-6.570000E-10
-8.974000E-10
-1.072500E-09
-1.168400E-09
-1.182000E-09
-1.119700E-09
-9.964000E-10
-8.316000E-10
-6.458000E-10
-4.579000E-10
-2.828100E-10
-1.296400E-10
-3.220000E-12
9.565000E-11
1.681300E-10
2.156900E-10
2.392000E-10
2.383000E-10
2.129000E-10
1.631000E-10
9.160000E-11
4.500000E-12
-8.910000E-11
-1.770000E-10
-2.460000E-10
-2.843000E-10
-2.838000E-10
-2.423400E-10
-1.643300E-10
-6.100000E-11
5.127000E-11
1.540100E-10
2.297900E-10
2.653000E-10
2.544000E-10
1.989000E-10
1.086000E-10
-4.000000E-13
-1.089000E-10
-1.982000E-10
-2.527000E-10
-2.636000E-10
-2.300600E-10
-1.584700E-10
-6.167000E-11
4.390000E-11
1.412000E-10
2.155500E-10
2.569500E-10
2.613000E-10
2.306000E-10
1.723000E-10
9.700000E-11
1.690000E-11
-5.630000E-11
-1.126000E-10
-1.451000E-10
-1.505000E-10
-1.281000E-10
-8.000000E-11
-1.090000E-11
7.310000E-11
1.648000E-10
2.553000E-10
3.364000E-10
3.992000E-10
4.374000E-10
4.464000E-10
4.259000E-10
3.793000E-10
3.150000E-10
2.437000E-10
1.785000E-10
1.311000E-10
1.100000E-10
1.191000E-10
1.562000E-10
2.136000E-10
2.799000E-10
3.417000E-10
3.876000E-10
4.095000E-10
4.053000E-10
3.776000E-10
3.344000E-10
2.857000E-10
2.413000E-10
2.082000E-10
1.893000E-10
1.823000E-10
1.812000E-10
1.776000E-10
1.629000E-10
1.313000E-10
8.090000E-11
1.450000E-11
-6.110000E-11
-1.357000E-10
-1.988000E-10
-2.406000E-10
-2.547000E-10
-2.381000E-10
-1.926000E-10
-1.233000E-10
-3.860000E-11
5.190000E-11
1.378000E-10
2.098000E-10
2.592000E-10
2.802000E-10
2.686000E-10
2.238000E-10
1.472000E-10
4.420000E-11
-7.730000E-11
-2.075000E-10
-3.342000E-10
-4.458000E-10
-5.308000E-10
-5.803000E-10
-5.884000E-10
-5.530000E-10
-4.760000E-10
-3.627000E-10
-2.219000E-10
-6.470000E-11
9.660000E-11
2.491000E-10
3.801000E-10
4.789000E-10
5.368000E-10
5.484000E-10
5.131000E-10
4.340000E-10
3.193000E-10
1.806000E-10
3.240000E-11
-1.102000E-10
-2.329000E-10
-3.248000E-10
-3.784000E-10
-3.919000E-10
-3.675000E-10
-3.124000E-10
-2.361000E-10
-1.494000E-10
-6.340000E-11
1.270000E-11
7.130000E-11
1.082000E-10
1.221000E-10
1.142000E-10
8.870000E-11
5.170000E-11
1.050000E-11
-2.710000E-11
-5.400000E-11
-6.400000E-11
-5.370000E-11
-2.230000E-11
2.870000E-11
9.480000E-11
1.703000E-10
2.481000E-10
3.218000E-10
3.858000E-10
4.368000E-10
4.733000E-10
4.960000E-10
5.075000E-10
5.112000E-10
5.112000E-10
5.109000E-10
5.130000E-10
5.189000E-10
5.286000E-10
5.408000E-10
5.535000E-10
5.650000E-10
5.733000E-10
5.765000E-10
5.749000E-10
5.688000E-10
5.599000E-10
5.494000E-10
5.400000E-10
5.335000E-10
5.318000E-10
5.373000E-10
5.529000E-10
5.842000E-10
6.385000E-10
7.319000E-10
8.756000E-10
1.096700E-09
1.431700E-09
1.910700E-09
2.575500E-09
3.462500E-09
4.603900E-09
6.019400E-09
7.709600E-09
9.650800E-09
1.178910E-08
1.403540E-08
1.626310E-08
1.830700E-08
1.996900E-08
2.100800E-08
2.116600E-08
2.016700E-08
1.774700E-08
1.367800E-08
7.805000E-09
9.300000E-11
-9.342000E-09
-2.019400E-08
-3.196700E-08
-4.398200E-08
-5.542670E-08
-6.543190E-08
-7.316590E-08
-7.793550E-08
-7.928100E-08
-7.703200E-08
-7.134200E-08
-6.266600E-08
-5.169200E-08
-3.926100E-08
-2.625800E-08
-1.351400E-08
-1.729000E-09
8.584000E-09
1.710700E-08
2.371400E-08
2.843800E-08
3.142400E-08
3.289100E-08
3.308700E-08
3.227200E-08
3.069100E-08
2.857300E-08
2.612500E-08
2.353700E-08
2.097700E-08
1.859400E-08
1.651500E-08
1.483700E-08
1.362100E-08
1.288800E-08
1.261400E-08
1.272800E-08
1.312070E-08
1.364740E-08
1.415130E-08
1.446440E-08
1.443920E-08
1.397260E-08
1.299980E-08
1.151758E-08
9.577823E-09
7.282200E-09
4.767800E-09
2.189400E-09
-2.988000E-10
-2.558800E-09
-4.481600E-09
-5.994000E-09
-7.055710E-09
-7.659500E-09
-7.824290E-09
-7.589100E-09
-7.008300E-09
-6.147800E-09
-5.081200E-09
-3.889300E-09
-2.654400E-09
-1.458200E-09
-3.743000E-10
5.366000E-10
1.232900E-09
1.695300E-09
1.928900E-09
1.961000E-09
1.836000E-09
1.609300E-09
1.338300E-09
1.075800E-09
8.625000E-10
7.238000E-10
6.686000E-10
6.901000E-10
7.695000E-10
8.808000E-10
9.959000E-10
1.088100E-09
1.136300E-09
1.130300E-09
1.067300E-09
9.538000E-10
8.030000E-10
6.333000E-10
4.647000E-10
3.152000E-10
1.988000E-10
1.239000E-10
9.250000E-11
9.980000E-11
1.363000E-10
1.888000E-10
2.433000E-10
2.868000E-10
3.092000E-10
3.036000E-10
2.682000E-10
2.055000E-10
1.217000E-10
2.650000E-11
-6.800000E-11
-1.494000E-10
-2.050000E-10
-2.239000E-10
-1.982000E-10
-1.237000E-10
-7.000000E-13
1.659000E-10
3.671000E-10
5.901000E-10
8.196000E-10
1.039100E-09
1.232900E-09
1.386400E-09
1.488800E-09
1.532930E-09
1.516980E-09
1.444090E-09
1.322640E-09
1.165230E-09
9.878200E-10
8.082600E-10
6.449410E-10
5.151120E-10
4.335500E-10
4.115690E-10
4.568080E-10
5.716100E-10
7.561200E-10
1.006580E-09
1.316140E-09
1.676240E-09
2.076920E-09
2.507160E-09
2.955200E-09
3.408500E-09
3.854400E-09
4.279100E-09
4.668600E-09
5.008000E-09
5.281000E-09
5.469000E-09
5.549500E-09
5.493900E-09
5.267700E-09
4.828600E-09
4.129800E-09
3.124300E-09
1.773000E-09
5.470000E-11
-2.023000E-09
-4.414100E-09
-7.027200E-09
-9.727300E-09
-1.234260E-08
-1.468060E-08
-1.654976E-08
-1.778300E-08
-1.826154E-08
-1.793140E-08
-1.681300E-08
-1.499820E-08
-1.263940E-08
-9.929300E-09
-7.076700E-09
-4.284000E-09
-1.721000E-09
4.800000E-10
2.242000E-09
3.534000E-09
4.372000E-09
4.804300E-09
4.897900E-09
4.733900E-09
4.391100E-09
3.941900E-09
3.446400E-09
2.951700E-09
2.490600E-09
2.083800E-09
1.741600E-09
1.466800E-09
1.256300E-09
1.103900E-09
1.000800E-09
9.381000E-10
9.067000E-10
8.978000E-10
9.043000E-10
9.186000E-10
9.352000E-10
9.501000E-10
9.597000E-10
9.619000E-10
9.555000E-10
9.398000E-10
9.153000E-10
8.829000E-10
8.435000E-10
7.989000E-10
7.507000E-10
7.008000E-10
6.510000E-10
6.033000E-10
5.599000E-10
5.223000E-10
4.917000E-10
4.688000E-10
4.529000E-10
4.423000E-10
4.343000E-10
4.250000E-10
4.101000E-10
3.857000E-10
3.491000E-10
2.987000E-10
2.359000E-10
1.636000E-10
8.740000E-11
1.380000E-11
-5.000000E-11
-9.700000E-11
-1.221000E-10
-1.224000E-10
-9.710000E-11
-4.850000E-11
1.910000E-11
9.950000E-11
1.852000E-10
2.690000E-10
3.442000E-10
4.051000E-10
4.477000E-10
4.704000E-10
4.733000E-10
4.584000E-10
4.295000E-10
3.909000E-10
3.479000E-10
3.051000E-10
2.671000E-10
2.371000E-10
2.170000E-10
2.083000E-10
2.108000E-10
2.239000E-10
2.464000E-10
2.771000E-10
3.146000E-10
3.573000E-10
4.041000E-10
4.531000E-10
5.029000E-10
5.511000E-10
5.954000E-10
6.329000E-10
6.610000E-10
6.769000E-10
6.792000E-10
6.666000E-10
6.400000E-10
6.014000E-10
5.538000E-10
5.020000E-10
4.507000E-10
4.049000E-10
3.687000E-10
3.453000E-10
3.359000E-10
3.404000E-10
3.569000E-10
3.822000E-10
4.124000E-10
4.435000E-10
4.714000E-10
4.929000E-10
5.059000E-10
5.092000E-10
5.029000E-10
4.881000E-10
4.666000E-10
4.411000E-10
4.140000E-10
3.882000E-10
3.661000E-10
3.502000E-10
3.417000E-10
3.421000E-10
3.520000E-10
3.709000E-10
3.984000E-10
4.325000E-10
4.715000E-10
5.122000E-10
5.517000E-10
5.868000E-10
6.147600E-10
6.333700E-10
6.416500E-10
6.396500E-10
6.287700E-10
6.113000E-10
5.902400E-10
5.687300E-10
5.495300E-10
5.347800E-10
5.255500E-10
5.219900E-10
5.232200E-10
5.278100E-10
5.338100E-10
5.392600E-10
5.423420E-10
5.415450E-10
5.358630E-10
5.248570E-10
5.086730E-10
4.879400E-10
4.637800E-10
4.376800E-10
4.111200E-10
3.853800E-10
3.613400E-10
3.391600E-10
3.182700E-10
2.974400E-10
2.750400E-10
2.494600E-10
2.194400E-10
1.844600E-10
1.449500E-10
1.022700E-10
5.859000E-11
1.644000E-11
-2.163000E-11
-5.345000E-11
-7.751000E-11
-9.315000E-11
-1.004400E-10
-1.000800E-10
-9.320000E-11
-8.108000E-11
-6.504000E-11
-4.640000E-11
-2.641000E-11
-6.400000E-12
1.226000E-11
2.805000E-11
3.953000E-11
4.544000E-11
4.482000E-11
3.748000E-11
2.389000E-11
5.400000E-12
-1.598000E-11
-3.787000E-11
-5.778000E-11
-7.370000E-11
-8.437000E-11
-8.956000E-11
-9.007000E-11
-8.766000E-11
-8.459000E-11
-8.329000E-11
-8.575000E-11
-9.323000E-11
-1.058800E-10
-1.227500E-10
-1.418800E-10
-1.606000E-10
-1.759500E-10
-1.851000E-10
-1.858400E-10
-1.769600E-10
-1.585000E-10
-1.317100E-10
-9.909000E-11
-6.381000E-11
-2.951000E-11
4.900000E-13
2.350000E-11
3.802000E-11
4.380000E-11
4.182000E-11
3.387000E-11
2.220000E-11
8.840000E-12
-4.850000E-12
-1.843000E-11
-3.240000E-11
-4.792000E-11
-6.639000E-11
-8.892000E-11
-1.156700E-10
-1.457800E-10
-1.771900E-10
-2.069500E-10
-2.318500E-10
-2.489200E-10
-2.563200E-10
-2.537000E-10
-2.424180E-10
-2.255060E-10
-2.071510E-10
-1.919750E-10
-1.842360E-10
-1.869548E-10
-2.015132E-10
-2.273290E-10
-2.621300E-10
-3.024470E-10
-3.442500E-10
-3.841800E-10
-4.199500E-10
-4.510300E-10
-4.787500E-10
-5.062500E-10
-5.376700E-10
-5.778100E-10
-6.312300E-10
-7.015300E-10
-7.887000E-10
-8.974000E-10
-1.025700E-09
-1.173650E-09
-1.341300E-09
-1.529900E-09
-1.742300E-09
-1.982300E-09
-2.254600E-09
-2.563100E-09
-2.908500E-09
-3.284900E-09
-3.677500E-09
-4.057900E-09
-4.382300E-09
-4.590000E-09
-4.605200E-09
-4.341400E-09
-3.709800E-09
-2.631600E-09
-1.052400E-09
1.043200E-09
3.617500E-09
6.572600E-09
9.749400E-09
1.293660E-08
1.588990E-08
1.835782E-08
2.011308E-08
2.098230E-08
2.087090E-08
1.977620E-08
1.778980E-08
1.508300E-08
1.188700E-08
8.462000E-09
5.060000E-09
1.905000E-09
-8.310000E-10
-3.042000E-09
-4.687000E-09
-5.775000E-09
-6.370000E-09
-6.553000E-09
-6.424000E-09
-6.080000E-09
-5.609000E-09
-5.082700E-09
-4.553100E-09
-4.057200E-09
-3.615100E-09
-3.235300E-09
-2.916900E-09
-2.653100E-09
-2.433900E-09
-2.247700E-09
-2.083300E-09
-1.930700E-09
-1.781800E-09
-1.630600E-09
-1.473300E-09
-1.309200E-09
-1.134600E-09
-9.536000E-10
-7.679000E-10
-5.812000E-10
-3.983000E-10
-2.253000E-10
-7.010000E-11
5.960000E-11
1.553000E-10
2.095000E-10
2.173000E-10
1.763000E-10
8.840000E-11
-4.040000E-11
-2.000000E-10
-3.770000E-10
-5.568000E-10
-7.246000E-10
-8.673000E-10
-9.751000E-10
-1.042300E-09
-1.067800E-09
-1.054000E-09
-1.007700E-09
-9.369000E-10
-8.520000E-10
-7.623000E-10
-6.774000E-10
-6.043000E-10
-5.486000E-10
-5.134000E-10
-4.991000E-10
-5.035000E-10
-5.228000E-10
-5.511000E-10
-5.816000E-10
-6.071000E-10
-6.212000E-10
-6.190000E-10
-5.978000E-10
-5.567000E-10
-4.981000E-10
-4.259000E-10
-3.458000E-10
-2.640000E-10
-1.867000E-10
-1.189000E-10
-6.470000E-11
-2.620000E-11
-3.700000E-12
3.700000E-12
-1.500000E-12
-1.650000E-11
-3.790000E-11
-6.220000E-11
-8.640000E-11
-1.077000E-10
-1.244000E-10
-1.349000E-10
-1.389000E-10
-1.365000E-10
-1.286000E-10
-1.164000E-10
-1.013000E-10
-8.520000E-11
-6.970000E-11
-5.580000E-11
-4.500000E-11
-3.770000E-11
-3.450000E-11
-3.560000E-11
-4.120000E-11
-5.140000E-11
-6.600000E-11
-8.460000E-11
-1.070000E-10
-1.322000E-10
-1.590000E-10
-1.858000E-10
-2.109000E-10
-2.325000E-10
-2.486000E-10
-2.579000E-10
-2.590000E-10
-2.517000E-10
-2.357000E-10
-2.120000E-10
-1.815000E-10
-1.465000E-10
-1.089000E-10
-7.130000E-11
-3.620000E-11
-6.400000E-12
1.610000E-11
2.970000E-11
3.320000E-11
2.660000E-11
1.060000E-11
-1.310000E-11
-4.210000E-11
-7.310000E-11
-1.027000E-10
-1.275000E-10
-1.443000E-10
-1.506000E-10
-1.451000E-10
-1.277000E-10
-1.000000E-10
-6.490000E-11
-2.690000E-11
7.800000E-12
3.270000E-11
3.990000E-11
2.180000E-11
-2.850000E-11
-1.171000E-10
-2.473000E-10
-4.196000E-10
-6.298000E-10
-8.689000E-10
-1.122000E-09
-1.369900E-09
-1.588200E-09
-1.751300E-09
-1.834100E-09
-1.815000E-09
-1.680800E-09
-1.427100E-09
-1.062300E-09
-6.059000E-10
-8.770000E-11
4.554000E-10
9.836000E-10
1.459000E-09
1.849700E-09
2.132800E-09
2.296700E-09
2.340300E-09
2.273100E-09
2.111300E-09
1.876400E-09
1.590100E-09
1.275200E-09
9.506000E-10
6.331000E-10
3.346000E-10
6.580000E-11
-1.659000E-10
-3.544000E-10
-4.940000E-10
-5.795000E-10
-6.063000E-10
-5.700000E-10
-4.681000E-10
-2.995000E-10
-6.660000E-11
2.239000E-10
5.598000E-10
9.222000E-10
1.286200E-09
1.618900E-09
1.882800E-09
2.037100E-09
2.042000E-09
1.864200E-09
1.481300E-09
8.887000E-10
1.027000E-10
-8.380000E-10
-1.872900E-09
-2.925600E-09
-3.911500E-09
-4.747600E-09
-5.364100E-09
-5.712300E-09
-5.771900E-09
-5.552600E-09
-5.092400E-09
-4.451220E-09
-3.701880E-09
-2.920390E-09
-2.176340E-09
-1.525350E-09
-1.004400E-09
-6.301600E-10
-4.003400E-10
-2.971100E-10
-2.918500E-10
-3.505600E-10
-4.387300E-10
-5.255500E-10
-5.868200E-10
-6.067000E-10
-5.779000E-10
-5.014000E-10
-3.842000E-10
-2.383000E-10
-7.760000E-11
8.410000E-11
2.339000E-10
3.624000E-10
4.629000E-10
5.329000E-10
5.721000E-10
5.831000E-10
5.700200E-10
5.384700E-10
4.931600E-10
4.399100E-10
3.834700E-10
3.276300E-10
2.754100E-10
2.288200E-10
1.888800E-10
1.558100E-10
1.290400E-10
1.076600E-10
9.056000E-11
7.655000E-11
6.474000E-11
5.416000E-11
4.451000E-11
3.538000E-11
2.659000E-11
1.781000E-11
8.690000E-12
-1.160000E-12
-1.226000E-11
-2.501000E-11
-3.950000E-11
-5.553000E-11
-7.225000E-11
-8.843000E-11
-1.022900E-10
-1.119200E-10
-1.153900E-10
-1.111700E-10
-9.839000E-11
-7.700000E-11
-4.792000E-11
-1.297000E-11
2.538000E-11
6.424000E-11
1.006800E-10
1.321100E-10
1.565400E-10
1.727500E-10
1.803600E-10
1.796700E-10
1.716100E-10
1.573500E-10
1.382100E-10
1.153500E-10
8.982000E-11
6.241000E-11
3.382000E-11
4.750000E-12
-2.399000E-11
-5.141000E-11
-7.640000E-11
-9.780000E-11
-1.146200E-10
-1.262800E-10
-1.328000E-10
-1.348300E-10
-1.337900E-10
-1.315300E-10
-1.302100E-10
-1.318200E-10
-1.378700E-10
-1.491100E-10
-1.653100E-10
-1.853200E-10
-2.072300E-10
-2.286600E-10
-2.471800E-10
-2.607200E-10
-2.679300E-10
-2.682000E-10
-2.619300E-10
-2.501600E-10
-2.344200E-10
-2.163800E-10
-1.974700E-10
-1.786100E-10
-1.601200E-10
-1.415500E-10
-1.219100E-10
-9.971000E-11
-7.325000E-11
-4.076000E-11
-6.100000E-13
4.849000E-11
1.075600E-10
1.771800E-10
2.572700E-10
3.473600E-10
4.462000E-10
5.517900E-10
6.614100E-10
7.716200E-10
8.784600E-10
9.775600E-10
1.064760E-09
1.136250E-09
1.189000E-09
1.221055E-09
1.231735E-09
1.221450E-09
1.191950E-09
1.145760E-09
1.086460E-09
1.017480E-09
9.436300E-10
8.664000E-10
7.932800E-10
7.252500E-10
6.658000E-10
6.171000E-10
5.806000E-10
5.568000E-10
5.449000E-10
5.423000E-10
5.452000E-10
5.466000E-10
5.372000E-10
5.038000E-10
4.299000E-10
2.951000E-10
7.640000E-11
-2.497000E-10
-7.041000E-10
-1.301500E-09
-2.044700E-09
-2.920530E-09
-3.895540E-09
-4.915108E-09
-5.904832E-09
-6.776090E-09
-7.435100E-09
-7.795200E-09
-7.789100E-09
-7.380300E-09
-6.571900E-09
-5.407900E-09
-3.970800E-09
-2.370600E-09
-7.322000E-10
8.212000E-10
2.182900E-09
3.274600E-09
4.052700E-09
4.509300E-09
4.668200E-09
4.576800E-09
4.296300E-09
3.891500E-09
3.423100E-09
2.941400E-09
2.483900E-09
2.074400E-09
1.725300E-09
1.439300E-09
1.213400E-09
1.040700E-09
9.131000E-10
8.228000E-10
7.619000E-10
7.240100E-10
7.032600E-10
6.940500E-10
6.912500E-10
6.897700E-10
6.854000E-10
6.735900E-10
6.530600E-10
6.186700E-10
5.733700E-10
5.171200E-10
4.525100E-10
3.831500E-10
3.133600E-10
2.476200E-10
1.902500E-10
1.447900E-10
1.138300E-10
9.870000E-11
9.938000E-11
1.145900E-10
1.417270E-10
1.773280E-10
2.171810E-10
2.569160E-10
2.922702E-10
3.196828E-10
3.365980E-10
3.418650E-10
3.357620E-10
3.200300E-10
2.974900E-10
2.717500E-10
2.465000E-10
2.250600E-10
2.097400E-10
2.016200E-10
2.003000E-10
2.041700E-10
2.106600E-10
2.167900E-10
2.197300E-10
2.173600E-10
2.086500E-10
1.937800E-10
1.741700E-10
1.521700E-10
1.305900E-10
1.122500E-10
9.939000E-11
9.332000E-11
9.416000E-11
1.007900E-10
1.110600E-10
1.220600E-10
1.305900E-10
1.336700E-10
1.289100E-10
1.149700E-10
9.174000E-11
6.038000E-11
2.327000E-11
-1.641000E-11
-5.493000E-11
-8.855000E-11
-1.140200E-10
-1.288500E-10
-1.317200E-10
-1.224200E-10
-1.019600E-10
-7.237000E-11
-3.623000E-11
3.700000E-12
4.466000E-11
8.432000E-11
1.208300E-10
1.530400E-10
1.804800E-10
2.033800E-10
2.227100E-10
2.403600E-10
2.591700E-10
2.830300E-10
3.169000E-10
3.663800E-10
4.371900E-10
5.341600E-10
6.598800E-10
8.134900E-10
9.892000E-10
1.176200E-09
1.357900E-09
1.513700E-09
1.620500E-09
1.656200E-09
1.602500E-09
1.448200E-09
1.191900E-09
8.432000E-10
4.216000E-10
-4.420000E-11
-5.213000E-10
-9.748000E-10
-1.373900E-09
-1.694200E-09
-1.920700E-09
-2.048100E-09
-2.081200E-09
-2.032200E-09
-1.918300E-09
-1.759350E-09
-1.574980E-09
-1.382570E-09
-1.196220E-09
-1.026170E-09
-8.788600E-10
-7.575300E-10
-6.628960E-10
-5.937616E-10
-5.478174E-10
-5.219750E-10
-5.127300E-10
-5.163000E-10
-5.288200E-10
-5.462500E-10
-5.646000E-10
-5.799400E-10
-5.886500E-10
-5.875800E-10
-5.742100E-10
-5.468700E-10
-5.047700E-10
-4.483500E-10
-3.790400E-10
-2.992400E-10
-2.121700E-10
-1.216700E-10
-3.209000E-11
5.216000E-11
1.269200E-10
1.884100E-10
2.339600E-10
2.619700E-10
2.723600E-10
2.664500E-10
2.470600E-10
2.180800E-10
1.841100E-10
1.498600E-10
1.196000E-10
9.652000E-11
8.247000E-11
7.776000E-11
8.130000E-11
9.104000E-11
1.044800E-10
1.192700E-10
1.338500E-10
1.475500E-10
1.608800E-10
1.750600E-10
1.916700E-10
2.120400E-10
2.366400E-10
2.648700E-10
2.949100E-10
3.239700E-10
3.487700E-10
3.662200E-10
3.738600E-10
3.703600E-10
3.556900E-10
3.310700E-10
2.985760E-10
2.608790E-10
2.207210E-10
1.806220E-10
