0.0000000E+00 0
0.2000000E-02 0
0.4000000E-02 0
0.6000000E-02 0
0.8000000E-02 0
0.1000000E-01 0
0.1200000E-01 0
0.1400000E-01 0
0.1600000E-01 0
0.1800000E-01 0
0.2000000E-01 0
0.2200000E-01 0
0.2400000E-01 0
0.2600000E-01 0
0.2800000E-01 0
0.3000000E-01 0
0.3200000E-01 0
0.3400000E-01 0
0.3600000E-01 0
0.3800000E-01 0
0.4000000E-01 0
0.4200000E-01 0
0.4400000E-01 0
0.4600000E-01 0
0.4800000E-01 0
0.5000000E-01 0
0.5200000E-01 0
0.5400000E-01 0
0.5600000E-01 0
0.5800000E-01 0
0.6000000E-01 0
0.6200000E-01 0
0.6400000E-01 0
0.6600000E-01 0
0.6800000E-01 0
0.7000000E-01 0
0.7200000E-01 0
0.7400000E-01 0
0.7600000E-01 0
0.7800000E-01 0
0.8000000E-01 0
0.8200000E-01 0
0.8400000E-01 0
0.8600000E-01 2.22851e-05
0.8800000E-01 1.96631e-05
0.9000000E-01 7.32766e-06
0.9200000E-01 1.92953e-06
0.9400000E-01 9.81679e-07
0.9600000E-01 2.76441e-07
0.9800000E-01 -3.71111e-07
0.1000000E+00 -7.09231e-07
0.1020000E+00 -6.25069e-07
0.1040000E+00 -2.90157e-07
0.1060000E+00 3.74303e-08
0.1080000E+00 -9.5272e-09
0.1100000E+00 -1.16728e-06
0.1120000E+00 -8.52427e-07
0.1140000E+00 -4.96909e-07
0.1160000E+00 -1.23434e-07
0.1180000E+00 2.51063e-07
0.1200000E+00 1.11351e-06
0.1220000E+00 -2.18098e-07
0.1240000E+00 -1.48306e-06
0.1260000E+00 -1.50757e-06
0.1280000E+00 -8.70406e-07
0.1300000E+00 -7.088e-07
0.1320000E+00 -6.37026e-07
0.1340000E+00 -4.89194e-07
0.1360000E+00 -2.74405e-07
0.1380000E+00 -2.37828e-07
0.1400000E+00 -2.27578e-07
0.1420000E+00 -2.20068e-07
0.1440000E+00 -3.24945e-07
0.1460000E+00 -3.55616e-07
0.1480000E+00 -2.72718e-07
0.1500000E+00 -1.80036e-07
0.1520000E+00 -1.70265e-07
0.1540000E+00 -1.73595e-07
0.1560000E+00 -1.85039e-07
0.1580000E+00 -1.97968e-07
0.1600000E+00 -2.05862e-07
0.1620000E+00 -2.16105e-07
0.1640000E+00 -2.38296e-07
0.1660000E+00 -2.1341e-07
0.1680000E+00 -7.42551e-08
0.1700000E+00 -5.07614e-08
0.1720000E+00 -2.99022e-08
0.1740000E+00 -1.16638e-08
0.1760000E+00 -5.45528e-07
0.1780000E+00 -3.10871e-07
0.1800000E+00 -2.96499e-07
0.1820000E+00 -2.91272e-07
0.1840000E+00 -2.82082e-07
0.1860000E+00 -2.72146e-07
0.1880000E+00 -2.41651e-07
0.1900000E+00 -2.09164e-07
0.1920000E+00 -1.89033e-07
0.1940000E+00 -1.36698e-07
0.1960000E+00 -1.38847e-07
0.1980000E+00 -1.40266e-07
0.2000000E+00 -1.41571e-07
0.2020000E+00 -1.42761e-07
0.2040000E+00 -1.43832e-07
0.2060000E+00 -1.44782e-07
0.2080000E+00 -1.43956e-07
0.2100000E+00 -1.46541e-07
0.2120000E+00 -1.60741e-07
0.2140000E+00 -1.4904e-07
0.2160000E+00 -1.37887e-07
0.2180000E+00 -1.3086e-07
0.2200000E+00 -1.24694e-07
0.2220000E+00 -1.13634e-07
0.2240000E+00 -8.04208e-08
0.2260000E+00 -5.67962e-08
0.2280000E+00 -4.08432e-08
0.2300000E+00 -1.06836e-07
0.2320000E+00 -2.54378e-07
0.2340000E+00 -2.0986e-07
0.2360000E+00 -2.12961e-07
0.2380000E+00 -1.98232e-07
0.2400000E+00 -1.67672e-07
0.2420000E+00 -1.61668e-07
0.2440000E+00 -1.55397e-07
0.2460000E+00 -1.60264e-07
0.2480000E+00 -1.66052e-07
0.2500000E+00 -1.51972e-07
0.2520000E+00 -1.25851e-07
0.2540000E+00 -1.23305e-07
0.2560000E+00 -1.19731e-07
0.2580000E+00 -1.20366e-07
0.2600000E+00 -1.20881e-07
0.2620000E+00 -1.2966e-07
0.2640000E+00 -1.315e-07
0.2660000E+00 -1.26227e-07
0.2680000E+00 -1.21832e-07
0.2700000E+00 -9.24357e-08
0.2720000E+00 -8.59274e-08
0.2740000E+00 -8.13872e-08
0.2760000E+00 -7.52957e-08
0.2780000E+00 -6.93577e-08
0.2800000E+00 -4.50333e-08
0.2820000E+00 -8.48217e-08
0.2840000E+00 -1.84637e-07
0.2860000E+00 -1.74193e-07
0.2880000E+00 -1.54327e-07
0.2900000E+00 -1.48673e-07
0.2920000E+00 -1.48937e-07
0.2940000E+00 -1.47524e-07
0.2960000E+00 -1.45954e-07
0.2980000E+00 -1.44905e-07
0.3000000E+00 -1.44169e-07
0.3020000E+00 -1.35914e-07
0.3040000E+00 -1.30247e-07
0.3060000E+00 -1.0273e-07
0.3080000E+00 -1.02779e-07
0.3100000E+00 -1.02715e-07
0.3120000E+00 -1.02388e-07
0.3140000E+00 -9.67062e-08
0.3160000E+00 -5.3961e-08
0.3180000E+00 -3.79159e-08
0.3200000E+00 -5.97659e-08
0.3220000E+00 -8.75841e-08
0.3240000E+00 -8.69372e-08
0.3260000E+00 -8.46894e-08
0.3280000E+00 -8.23446e-08
0.3300000E+00 -9.93996e-08
0.3320000E+00 -2.10862e-07
0.3340000E+00 -1.58743e-07
0.3360000E+00 -8.82874e-08
0.3380000E+00 -1.16685e-07
0.3400000E+00 -1.28293e-07
0.3420000E+00 -1.26046e-07
0.3440000E+00 -1.23401e-07
0.3460000E+00 -1.18428e-07
0.3480000E+00 -1.14511e-07
0.3500000E+00 -1.21148e-07
0.3520000E+00 -1.19469e-07
0.3540000E+00 -1.17665e-07
0.3560000E+00 -1.01184e-07
0.3580000E+00 -9.52982e-08
0.3600000E+00 -8.5697e-11
0.3620000E+00 -5.95785e-08
0.3640000E+00 -7.41285e-08
0.3660000E+00 -7.10786e-08
0.3680000E+00 -6.78718e-08
0.3700000E+00 -6.66539e-08
0.3720000E+00 -6.77762e-08
0.3740000E+00 -7.96514e-08
0.3760000E+00 -2.0606e-07
0.3780000E+00 -1.26264e-07
0.3800000E+00 -1.31523e-07
0.3820000E+00 -1.35623e-07
0.3840000E+00 -1.01665e-08
0.3860000E+00 -1.22285e-07
0.3880000E+00 -1.12192e-07
0.3900000E+00 -1.10889e-07
0.3920000E+00 -1.08726e-07
0.3940000E+00 -1.07952e-07
0.3960000E+00 -1.09707e-07
0.3980000E+00 -1.08028e-07
0.4000000E+00 -1.06222e-07
0.4020000E+00 -6.85721e-08
0.4040000E+00 -3.95296e-08
0.4060000E+00 -3.5834e-08
0.4080000E+00 -3.34842e-08
0.4100000E+00 -3.09547e-08
0.4120000E+00 -3.59285e-08
0.4140000E+00 -1.31589e-07
0.4160000E+00 -1.236e-07
0.4180000E+00 -1.25502e-07
0.4200000E+00 -1.29986e-07
0.4220000E+00 -1.30798e-07
0.4240000E+00 -1.18081e-07
0.4260000E+00 -8.54404e-08
0.4280000E+00 -7.77929e-08
0.4300000E+00 -8.51428e-08
0.4320000E+00 -9.35975e-08
0.4340000E+00 -9.94771e-08
0.4360000E+00 -9.76178e-08
0.4380000E+00 -9.57343e-08
0.4400000E+00 -9.07619e-08
0.4420000E+00 -8.79308e-08
0.4440000E+00 -8.95023e-08
0.4460000E+00 -5.5143e-08
0.4480000E+00 3.59592e-08
0.4500000E+00 -1.15409e-07
0.4520000E+00 -1.06664e-07
0.4540000E+00 -1.14682e-07
0.4560000E+00 -1.04786e-07
0.4580000E+00 -9.83369e-08
0.4600000E+00 -9.76922e-08
0.4620000E+00 -9.58309e-08
0.4640000E+00 -9.40609e-08
0.4660000E+00 -7.12257e-08
0.4680000E+00 -7.1458e-08
0.4700000E+00 -7.14656e-08
0.4720000E+00 -7.75301e-08
0.4740000E+00 -7.8501e-08
0.4760000E+00 -7.77857e-08
0.4780000E+00 -7.76422e-08
0.4800000E+00 -1.03592e-07
0.4820000E+00 -1.68284e-07
0.4840000E+00 -1.61166e-07
0.4860000E+00 -1.30101e-08
0.4880000E+00 -8.75509e-08
0.4900000E+00 -5.70159e-08
0.4920000E+00 -6.01529e-08
0.4940000E+00 -6.7488e-08
0.4960000E+00 -7.87167e-08
0.4980000E+00 -7.17709e-08
0.5000000E+00 -5.84366e-08
0.5020000E+00 -5.5124e-08
0.5040000E+00 -5.28316e-08
0.5060000E+00 -4.797e-08
0.5080000E+00 -8.28188e-08
0.5100000E+00 -1.67272e-07
0.5120000E+00 -1.21029e-07
0.5140000E+00 -1.19265e-07
0.5160000E+00 -8.69133e-08
0.5180000E+00 -8.37024e-08
0.5200000E+00 -8.76644e-08
0.5220000E+00 -8.47389e-08
0.5240000E+00 -8.82042e-08
0.5260000E+00 -8.69918e-08
0.5280000E+00 -8.24675e-08
0.5300000E+00 -7.64134e-08
0.5320000E+00 -2.35363e-10
0.5340000E+00 -5.83199e-08
0.5360000E+00 -9.30367e-08
0.5380000E+00 -9.89874e-08
0.5400000E+00 -9.67771e-08
0.5420000E+00 -8.35339e-08
0.5440000E+00 -5.68156e-08
0.5460000E+00 -5.8666e-08
0.5480000E+00 -5.96228e-08
0.5500000E+00 -5.71396e-08
0.5520000E+00 -5.51868e-08
0.5540000E+00 -1.66492e-07
0.5560000E+00 -1.05422e-07
0.5580000E+00 -9.10452e-08
0.5600000E+00 -8.62059e-08
0.5620000E+00 -9.75512e-08
0.5640000E+00 -9.40356e-08
0.5660000E+00 -9.10078e-08
0.5680000E+00 -5.0973e-08
0.5700000E+00 -6.7884e-09
0.5720000E+00 -1.52219e-07
0.5740000E+00 -9.56659e-08
0.5760000E+00 -3.72153e-08
0.5780000E+00 -3.85046e-08
0.5800000E+00 -5.4409e-08
0.5820000E+00 -5.57841e-08
0.5840000E+00 -5.84127e-08
0.5860000E+00 -1.10907e-07
0.5880000E+00 -7.73305e-08
0.5900000E+00 -9.86563e-08
0.5920000E+00 -9.06937e-08
0.5940000E+00 -5.77006e-08
0.5960000E+00 -3.40649e-08
0.5980000E+00 -2.35339e-07
0.6000000E+00 -8.09879e-08
0.6020000E+00 -8.98061e-08
0.6040000E+00 -9.39776e-08
0.6060000E+00 -8.48435e-08
0.6080000E+00 -1.48314e-07
0.6100000E+00 -9.86972e-08
0.6120000E+00 -6.97916e-08
0.6140000E+00 -6.60301e-08
0.6160000E+00 -9.16722e-08
0.6180000E+00 -1.07625e-07
0.6200000E+00 -1.48274e-09
0.6220000E+00 -8.93529e-08
0.6240000E+00 -2.06002e-07
0.6260000E+00 -1.27932e-07
0.6280000E+00 -3.57503e-07
0.6300000E+00 -2.58242e-08
0.6320000E+00 4.54253e-07
0.6340000E+00 -2.96794e-07
0.6360000E+00 1.25318e-07
0.6380000E+00 -1.5568e-07
0.6400000E+00 -7.88063e-08
0.6420000E+00 -1.74776e-07
0.6440000E+00 -7.46715e-08
0.6460000E+00 -1.54475e-07
0.6480000E+00 -1.05693e-07
0.6500000E+00 -1.19957e-07
0.6520000E+00 -1.22198e-07
0.6540000E+00 -6.71604e-09
0.6560000E+00 -1.15291e-07
0.6580000E+00 1.56136e-08
0.6600000E+00 -3.0606e-08
0.6620000E+00 -7.8812e-08
0.6640000E+00 -9.05046e-08
0.6660000E+00 -6.74492e-08
0.6680000E+00 -1.69944e-08
0.6700000E+00 -1.12028e-07
0.6720000E+00 -2.1368e-08
0.6740000E+00 -5.75441e-08
0.6760000E+00 -5.72518e-08
0.6780000E+00 -7.02524e-08
0.6800000E+00 -8.42659e-08
0.6820000E+00 -8.65705e-08
0.6840000E+00 -5.15292e-08
0.6860000E+00 -6.20814e-08
0.6880000E+00 -6.46267e-08
0.6900000E+00 -7.53918e-08
0.6920000E+00 -8.17128e-08
0.6940000E+00 -7.5912e-08
0.6960000E+00 -5.82723e-08
0.6980000E+00 -2.26341e-09
0.7000000E+00 -5.6611e-08
0.7020000E+00 -6.14563e-08
0.7040000E+00 -6.1789e-08
0.7060000E+00 -4.47094e-08
0.7080000E+00 -5.18127e-08
0.7100000E+00 -5.58774e-08
0.7120000E+00 -6.82482e-08
0.7140000E+00 -6.70191e-08
0.7160000E+00 -6.61555e-08
0.7180000E+00 -7.54244e-08
0.7200000E+00 -7.26163e-08
0.7220000E+00 -7.2693e-08
0.7240000E+00 -7.2637e-08
0.7260000E+00 -7.10262e-08
0.7280000E+00 -7.11304e-08
0.7300000E+00 -5.84277e-08
0.7320000E+00 -6.292e-08
0.7340000E+00 -6.43576e-08
0.7360000E+00 -4.71807e-08
0.7380000E+00 -7.65601e-08
0.7400000E+00 -4.61131e-08
0.7420000E+00 -5.39084e-08
0.7440000E+00 -5.81102e-08
0.7460000E+00 -6.16994e-08
0.7480000E+00 -6.31759e-08
0.7500000E+00 -6.39941e-08
0.7520000E+00 -6.31837e-08
0.7540000E+00 -6.36953e-08
0.7560000E+00 -6.28013e-08
0.7580000E+00 -5.88725e-08
0.7600000E+00 -5.77259e-08
0.7620000E+00 -6.00453e-08
0.7640000E+00 -6.21705e-08
0.7660000E+00 -6.24476e-08
0.7680000E+00 -9.3871e-08
0.7700000E+00 -7.83594e-08
0.7720000E+00 -7.65011e-08
0.7740000E+00 -7.57907e-08
0.7760000E+00 -5.12096e-08
0.7780000E+00 -3.16344e-08
0.7800000E+00 -4.94668e-08
0.7820000E+00 -5.53194e-08
0.7840000E+00 -5.51359e-08
0.7860000E+00 -5.51373e-08
0.7880000E+00 -5.77394e-08
0.7900000E+00 -5.44562e-08
0.7920000E+00 -5.23973e-08
0.7940000E+00 -5.4443e-08
0.7960000E+00 -5.60753e-08
0.7980000E+00 -5.83636e-08
0.8000000E+00 -5.9681e-08
0.8020000E+00 -8.55535e-08
0.8040000E+00 -8.42524e-08
0.8060000E+00 -7.20417e-08
0.8080000E+00 -7.20804e-08
0.8100000E+00 -7.27682e-08
0.8120000E+00 -7.21549e-08
0.8140000E+00 -5.91487e-08
0.8160000E+00 -2.75932e-08
0.8180000E+00 -3.83475e-08
0.8200000E+00 -5.1122e-08
0.8220000E+00 -5.10994e-08
0.8240000E+00 -5.03492e-08
0.8260000E+00 -4.72639e-08
0.8280000E+00 -5.45663e-08
0.8300000E+00 -5.78429e-08
0.8320000E+00 -6.01546e-08
0.8340000E+00 -5.81414e-08
0.8360000E+00 -5.73674e-08
0.8380000E+00 -5.48678e-08
0.8400000E+00 -8.96479e-08
0.8420000E+00 -7.40468e-08
0.8440000E+00 -6.81396e-08
0.8460000E+00 -6.8694e-08
0.8480000E+00 -6.70632e-08
0.8500000E+00 -6.7295e-08
0.8520000E+00 -5.97938e-08
0.8540000E+00 -3.88732e-08
0.8560000E+00 -3.23472e-08
0.8580000E+00 -3.4332e-08
0.8600000E+00 -4.41764e-08
0.8620000E+00 -5.07365e-08
0.8640000E+00 -4.93577e-08
0.8660000E+00 -5.20808e-08
0.8680000E+00 -5.27257e-08
0.8700000E+00 -5.318e-08
0.8720000E+00 -5.33721e-08
0.8740000E+00 -5.4113e-08
0.8760000E+00 -5.49325e-08
0.8780000E+00 -5.54241e-08
0.8800000E+00 -5.70401e-08
0.8820000E+00 -7.47902e-08
0.8840000E+00 -7.37053e-08
0.8860000E+00 -6.98772e-08
0.8880000E+00 -6.84668e-08
0.8900000E+00 -6.5427e-08
0.8920000E+00 -3.82936e-08
0.8940000E+00 -2.82551e-08
0.8960000E+00 -5.63249e-08
0.8980000E+00 -5.10829e-08
0.9000000E+00 -4.60112e-08
0.9020000E+00 -4.50685e-08
0.9040000E+00 -4.51761e-08
0.9060000E+00 -4.78569e-08
0.9080000E+00 -5.10403e-08
0.9100000E+00 -5.26579e-08
0.9120000E+00 -5.32149e-08
0.9140000E+00 -5.40948e-08
0.9160000E+00 -5.46332e-08
0.9180000E+00 -4.6068e-08
0.9200000E+00 -5.35866e-08
0.9220000E+00 -5.38786e-08
0.9240000E+00 -5.43588e-08
0.9260000E+00 -6.7518e-08
0.9280000E+00 -5.49424e-08
0.9300000E+00 -3.02224e-08
0.9320000E+00 -3.0633e-08
0.9340000E+00 -3.97725e-08
0.9360000E+00 -4.59504e-08
0.9380000E+00 -5.08795e-08
0.9400000E+00 -5.21862e-08
0.9420000E+00 -5.26368e-08
0.9440000E+00 -5.3222e-08
0.9460000E+00 -5.33129e-08
0.9480000E+00 -5.04194e-08
0.9500000E+00 -5.12533e-08
0.9520000E+00 -5.23414e-08
0.9540000E+00 -5.49151e-08
0.9560000E+00 -5.4639e-08
0.9580000E+00 -5.19415e-08
0.9600000E+00 -5.49657e-08
0.9620000E+00 -5.52446e-08
0.9640000E+00 -4.96662e-08
0.9660000E+00 -2.35946e-08
0.9680000E+00 -1.33027e-08
0.9700000E+00 -2.77674e-08
0.9720000E+00 -5.69665e-08
0.9740000E+00 -4.6618e-08
0.9760000E+00 -4.64074e-08
0.9780000E+00 -4.70543e-08
0.9800000E+00 -4.17845e-08
0.9820000E+00 -4.65847e-08
0.9840000E+00 -4.73199e-08
0.9860000E+00 -4.88013e-08
0.9880000E+00 -5.035e-08
0.9900000E+00 -5.0671e-08
0.9920000E+00 -5.17313e-08
0.9940000E+00 -5.28146e-08
0.9960000E+00 -5.37212e-08
0.9980000E+00 -5.41648e-08
0.1000000E+01 -5.50123e-08
0.1002000E+01 -2.92024e-08
0.1004000E+01 -1.04244e-08
0.1006000E+01 -2.70767e-08
0.1008000E+01 -3.45377e-08
0.1010000E+01 -3.31199e-08
0.1012000E+01 -3.22914e-08
0.1014000E+01 -3.39651e-08
0.1016000E+01 -3.4271e-08
0.1018000E+01 -3.93214e-08
0.1020000E+01 -5.68795e-08
0.1022000E+01 -5.18214e-08
0.1024000E+01 -5.02782e-08
0.1026000E+01 -4.89081e-08
0.1028000E+01 -4.95407e-08
0.1030000E+01 -5.00308e-08
0.1032000E+01 -5.01878e-08
0.1034000E+01 -5.0062e-08
0.1036000E+01 -4.48736e-08
0.1038000E+01 -2.50966e-08
0.1040000E+01 -8.73362e-09
0.1042000E+01 -1.51971e-08
0.1044000E+01 -2.4694e-08
0.1046000E+01 -3.09433e-08
0.1048000E+01 -3.56894e-08
0.1050000E+01 -3.63273e-08
0.1052000E+01 -3.71724e-08
0.1054000E+01 -3.78073e-08
0.1056000E+01 -3.85296e-08
0.1058000E+01 -3.94503e-08
0.1060000E+01 -4.16133e-08
0.1062000E+01 -4.37516e-08
0.1064000E+01 -4.51371e-08
0.1066000E+01 -4.6205e-08
0.1068000E+01 -4.70236e-08
0.1070000E+01 -5.33829e-08
0.1072000E+01 -3.50638e-08
0.1074000E+01 -4.80532e-09
0.1076000E+01 1.48002e-09
0.1078000E+01 -2.44148e-08
0.1080000E+01 -2.34594e-08
0.1082000E+01 -2.59148e-08
0.1084000E+01 -2.62529e-08
0.1086000E+01 -3.12787e-08
0.1088000E+01 -3.65087e-08
0.1090000E+01 -3.90537e-08
0.1092000E+01 -4.08057e-08
0.1094000E+01 -4.08606e-08
0.1096000E+01 -4.11569e-08
0.1098000E+01 -4.18483e-08
0.1100000E+01 -4.23585e-08
0.1102000E+01 -4.27831e-08
0.1104000E+01 -4.34285e-08
0.1106000E+01 -3.4771e-08
0.1108000E+01 -1.63394e-08
0.1110000E+01 -5.26093e-09
0.1112000E+01 -1.17765e-08
0.1114000E+01 -2.01263e-08
0.1116000E+01 -2.78312e-08
0.1118000E+01 -3.04614e-08
0.1120000E+01 -3.17894e-08
0.1122000E+01 -3.92913e-08
0.1124000E+01 -3.78162e-08
0.1126000E+01 -3.14606e-08
0.1128000E+01 -2.86476e-08
0.1130000E+01 -3.34261e-08
0.1132000E+01 -3.7018e-08
0.1134000E+01 -3.90039e-08
0.1136000E+01 -3.99014e-08
0.1138000E+01 -4.07937e-08
0.1140000E+01 -4.17368e-08
0.1142000E+01 7.50898e-10
0.1144000E+01 1.24649e-08
0.1146000E+01 -1.6183e-08
0.1148000E+01 -1.79122e-08
0.1150000E+01 -1.6592e-08
0.1152000E+01 -1.96484e-08
0.1154000E+01 -2.24688e-08
0.1156000E+01 -2.83946e-08
0.1158000E+01 -3.16746e-08
0.1160000E+01 -3.29039e-08
0.1162000E+01 -3.39142e-08
0.1164000E+01 -3.48587e-08
0.1166000E+01 -3.55003e-08
0.1168000E+01 -3.61939e-08
0.1170000E+01 -3.68757e-08
0.1172000E+01 -3.7476e-08
0.1174000E+01 -2.56927e-08
0.1176000E+01 -3.50416e-09
0.1178000E+01 6.90703e-09
0.1180000E+01 -5.26198e-10
0.1182000E+01 -1.08863e-08
0.1184000E+01 -2.09663e-08
0.1186000E+01 -2.21139e-08
0.1188000E+01 -2.02338e-08
0.1190000E+01 -2.16634e-08
0.1192000E+01 -2.45981e-08
0.1194000E+01 -2.62677e-08
0.1196000E+01 -2.79655e-08
0.1198000E+01 -2.97595e-08
0.1200000E+01 -3.2191e-08
0.1202000E+01 -3.44433e-08
0.1204000E+01 -3.91343e-08
0.1206000E+01 -3.96304e-08
0.1208000E+01 3.86285e-09
0.1210000E+01 1.63344e-08
0.1212000E+01 -1.2116e-08
0.1214000E+01 -1.29983e-08
0.1216000E+01 -1.41306e-08
0.1218000E+01 -1.71617e-08
0.1220000E+01 -2.06434e-08
0.1222000E+01 -2.51855e-08
0.1224000E+01 -2.87815e-08
0.1226000E+01 -2.58953e-08
0.1228000E+01 -3.01379e-08
0.1230000E+01 -3.17542e-08
0.1232000E+01 -3.28228e-08
0.1234000E+01 -3.16393e-08
0.1236000E+01 -2.82549e-08
0.1238000E+01 -2.51095e-08
0.1240000E+01 -6.08874e-09
0.1242000E+01 1.58314e-08
0.1244000E+01 8.01568e-09
0.1246000E+01 -7.02502e-09
0.1248000E+01 -1.7512e-08
0.1250000E+01 -1.93126e-08
0.1252000E+01 -2.03747e-08
0.1254000E+01 -2.57423e-08
0.1256000E+01 -2.97086e-08
0.1258000E+01 -2.78579e-08
0.1260000E+01 -2.80492e-08
0.1262000E+01 -2.9889e-08
0.1264000E+01 -3.0044e-08
0.1266000E+01 -3.12144e-08
0.1268000E+01 -3.24239e-08
0.1270000E+01 -3.36609e-08
0.1272000E+01 1.6934e-08
0.1274000E+01 3.03956e-08
0.1276000E+01 -3.17375e-09
0.1278000E+01 -4.13479e-09
0.1280000E+01 -4.9861e-09
0.1282000E+01 -8.45514e-09
0.1284000E+01 -1.44845e-08
0.1286000E+01 -2.14837e-08
0.1288000E+01 -2.2018e-08
0.1290000E+01 -1.85766e-08
0.1292000E+01 -2.22225e-08
0.1294000E+01 -2.37498e-08
0.1296000E+01 -2.50149e-08
0.1298000E+01 -2.57164e-08
0.1300000E+01 -3.29454e-08
0.1302000E+01 -1.53176e-08
0.1304000E+01 1.7248e-08
0.1306000E+01 2.48456e-08
0.1308000E+01 5.61868e-09
0.1310000E+01 -1.58685e-08
0.1312000E+01 -1.9498e-08
0.1314000E+01 -2.02432e-08
0.1316000E+01 -2.02411e-08
0.1318000E+01 -2.09023e-08
0.1320000E+01 -2.14365e-08
0.1322000E+01 -2.41468e-08
0.1324000E+01 -2.75516e-08
0.1326000E+01 -2.99549e-08
0.1328000E+01 -3.08192e-08
0.1330000E+01 -3.13172e-08
0.1332000E+01 -1.36583e-08
0.1334000E+01 7.90883e-09
0.1336000E+01 2.72988e-08
0.1338000E+01 -1.46372e-09
0.1340000E+01 -2.92603e-09
0.1342000E+01 -1.59122e-08
0.1344000E+01 -1.79513e-08
0.1346000E+01 -2.21269e-08
0.1348000E+01 -2.33461e-08
0.1350000E+01 -2.37597e-08
0.1352000E+01 -2.49602e-08
0.1354000E+01 -2.54594e-08
0.1356000E+01 -2.59729e-08
0.1358000E+01 -2.6015e-08
0.1360000E+01 -2.6541e-08
0.1362000E+01 -3.04545e-09
0.1364000E+01 3.17768e-08
0.1366000E+01 3.26301e-08
0.1368000E+01 7.93468e-09
0.1370000E+01 -1.61221e-09
0.1372000E+01 -6.54412e-09
0.1374000E+01 -7.03487e-09
0.1376000E+01 -1.03398e-08
0.1378000E+01 -3.42852e-08
0.1380000E+01 -4.66344e-08
0.1382000E+01 -3.64957e-08
0.1384000E+01 -3.44928e-08
0.1386000E+01 -3.3175e-08
0.1388000E+01 -3.30685e-08
0.1390000E+01 -2.82184e-08
0.1392000E+01 8.34398e-09
0.1394000E+01 3.24231e-08
0.1396000E+01 1.12024e-08
0.1398000E+01 9.86469e-10
0.1400000E+01 -5.20134e-09
0.1402000E+01 -9.42181e-09
0.1404000E+01 -1.0909e-08
0.1406000E+01 -1.43364e-08
0.1408000E+01 -1.71126e-08
0.1410000E+01 -1.76068e-08
0.1412000E+01 -3.42409e-08
0.1414000E+01 -3.91229e-08
0.1416000E+01 -3.05682e-08
0.1418000E+01 -3.21727e-08
0.1420000E+01 1.68166e-08
0.1422000E+01 3.40872e-08
0.1424000E+01 5.63824e-09
0.1426000E+01 6.53109e-09
0.1428000E+01 1.7211e-09
0.1430000E+01 -4.67265e-09
0.1432000E+01 -2.8127e-08
0.1434000E+01 -3.61382e-08
0.1436000E+01 -2.73194e-08
0.1438000E+01 -2.5268e-08
0.1440000E+01 -2.77451e-08
0.1442000E+01 -4.86239e-08
0.1444000E+01 -4.25389e-08
0.1446000E+01 -3.17567e-08
0.1448000E+01 -1.55362e-09
0.1450000E+01 3.1017e-08
0.1452000E+01 1.3515e-08
0.1454000E+01 -7.10789e-09
0.1456000E+01 -1.11409e-08
0.1458000E+01 -1.15464e-08
0.1460000E+01 -1.11329e-08
0.1462000E+01 -1.02124e-08
0.1464000E+01 -1.03533e-08
0.1466000E+01 -1.20983e-08
0.1468000E+01 -3.85248e-08
0.1470000E+01 -3.49065e-08
0.1472000E+01 -3.0344e-08
0.1474000E+01 -9.61313e-09
0.1476000E+01 2.13021e-08
0.1478000E+01 1.26206e-08
0.1480000E+01 -1.99925e-08
0.1482000E+01 -1.63093e-08
0.1484000E+01 -1.37825e-08
0.1486000E+01 -1.46626e-08
0.1488000E+01 -1.63282e-08
0.1490000E+01 -3.12211e-08
0.1492000E+01 -4.39589e-08
0.1494000E+01 -3.51649e-08
0.1496000E+01 -2.89435e-08
0.1498000E+01 -2.71429e-08
0.1500000E+01 -3.26027e-08
0.1502000E+01 1.84192e-08
0.1504000E+01 4.26168e-08
0.1506000E+01 1.41689e-08
0.1508000E+01 1.50873e-08
0.1510000E+01 9.19925e-09
0.1512000E+01 -1.91658e-08
0.1514000E+01 -3.07489e-08
0.1516000E+01 -1.66744e-08
0.1518000E+01 -1.39435e-08
0.1520000E+01 -2.73719e-08
0.1522000E+01 -3.9859e-08
0.1524000E+01 -3.2002e-08
0.1526000E+01 -2.48012e-08
0.1528000E+01 8.76501e-09
0.1530000E+01 3.00591e-08
0.1532000E+01 -8.988e-09
0.1534000E+01 -1.6604e-08
0.1536000E+01 -1.23519e-08
0.1538000E+01 -1.12847e-08
0.1540000E+01 -8.16209e-09
0.1542000E+01 -6.06511e-09
0.1544000E+01 -6.25054e-09
0.1546000E+01 -7.37741e-09
0.1548000E+01 -8.79628e-09
0.1550000E+01 -3.72315e-08
0.1552000E+01 -1.80551e-08
0.1554000E+01 1.69804e-08
0.1556000E+01 3.53588e-08
0.1558000E+01 1.03299e-08
0.1560000E+01 -1.19176e-08
0.1562000E+01 -8.51133e-09
0.1564000E+01 -1.95028e-09
0.1566000E+01 -1.27943e-08
0.1568000E+01 -1.96444e-08
0.1570000E+01 -1.03292e-08
0.1572000E+01 -8.55298e-09
0.1574000E+01 -7.11633e-09
0.1576000E+01 -5.59555e-09
0.1578000E+01 2.70425e-08
0.1580000E+01 4.4198e-08
0.1582000E+01 2.53015e-08
0.1584000E+01 1.37119e-08
0.1586000E+01 1.68564e-08
0.1588000E+01 1.48104e-08
0.1590000E+01 1.17889e-08
0.1592000E+01 9.55409e-09
0.1594000E+01 -9.50064e-09
0.1596000E+01 -1.68815e-08
0.1598000E+01 -2.24867e-08
0.1600000E+01 -1.89258e-08
0.1602000E+01 9.33626e-09
0.1604000E+01 2.31617e-08
0.1606000E+01 2.21776e-08
0.1608000E+01 2.34477e-08
0.1610000E+01 2.21617e-08
0.1612000E+01 2.48326e-08
0.1614000E+01 1.68593e-08
0.1616000E+01 1.40192e-08
0.1618000E+01 1.54543e-08
0.1620000E+01 1.51666e-08
0.1622000E+01 1.52841e-08
0.1624000E+01 1.42605e-08
0.1626000E+01 -2.83397e-09
0.1628000E+01 3.52891e-08
0.1630000E+01 3.72071e-08
0.1632000E+01 2.28077e-08
0.1634000E+01 2.07213e-08
0.1636000E+01 2.05083e-08
0.1638000E+01 1.68451e-08
0.1640000E+01 1.57346e-08
0.1642000E+01 1.19028e-08
0.1644000E+01 1.02032e-08
0.1646000E+01 -7.90416e-09
0.1648000E+01 1.6627e-09
0.1650000E+01 2.82736e-08
0.1652000E+01 5.32664e-08
0.1654000E+01 4.44645e-08
0.1656000E+01 2.30832e-08
0.1658000E+01 8.06082e-09
0.1660000E+01 1.1241e-08
0.1662000E+01 1.1813e-08
0.1664000E+01 8.99519e-09
0.1666000E+01 1.11032e-08
0.1668000E+01 1.64158e-08
0.1670000E+01 1.43002e-08
0.1672000E+01 2.89719e-08
0.1674000E+01 5.41189e-08
0.1676000E+01 5.47489e-08
0.1678000E+01 3.92298e-08
0.1680000E+01 4.18359e-08
0.1682000E+01 4.10883e-08
0.1684000E+01 2.58783e-08
0.1686000E+01 1.43272e-08
0.1688000E+01 1.56519e-08
0.1690000E+01 1.10311e-08
0.1692000E+01 -2.04838e-08
0.1694000E+01 7.4262e-09
0.1696000E+01 4.09634e-08
0.1698000E+01 4.64979e-08
0.1700000E+01 3.42523e-08
0.1702000E+01 3.18011e-08
0.1704000E+01 2.94501e-08
0.1706000E+01 3.23629e-08
0.1708000E+01 3.14616e-08
0.1710000E+01 2.77247e-08
0.1712000E+01 1.33929e-08
0.1714000E+01 5.94832e-09
0.1716000E+01 2.4671e-08
0.1718000E+01 4.97819e-08
0.1720000E+01 4.70799e-08
0.1722000E+01 3.73762e-08
0.1724000E+01 3.54771e-08
0.1726000E+01 3.66535e-08
0.1728000E+01 3.3692e-08
0.1730000E+01 3.34719e-08
0.1732000E+01 3.67447e-08
0.1734000E+01 3.39651e-08
0.1736000E+01 -6.63147e-09
0.1738000E+01 2.6904e-08
0.1740000E+01 4.083e-08
0.1742000E+01 3.17162e-08
0.1744000E+01 3.29471e-08
0.1746000E+01 3.09103e-08
0.1748000E+01 2.86439e-08
0.1750000E+01 2.83181e-08
0.1752000E+01 2.80934e-08
0.1754000E+01 2.79698e-08
0.1756000E+01 2.88745e-08
0.1758000E+01 3.82707e-08
0.1760000E+01 5.13513e-08
0.1762000E+01 4.04486e-08
0.1764000E+01 4.03583e-08
0.1766000E+01 3.86222e-08
0.1768000E+01 3.71689e-08
0.1770000E+01 3.66063e-08
0.1772000E+01 4.21519e-08
0.1774000E+01 3.89488e-08
0.1776000E+01 -7.90579e-09
0.1778000E+01 2.58759e-08
0.1780000E+01 5.75299e-08
0.1782000E+01 4.97117e-08
0.1784000E+01 4.13267e-08
0.1786000E+01 3.72574e-08
0.1788000E+01 3.80494e-08
0.1790000E+01 3.67792e-08
0.1792000E+01 3.67828e-08
0.1794000E+01 3.62286e-08
0.1796000E+01 3.3626e-08
0.1798000E+01 5.62803e-08
0.1800000E+01 6.84881e-08
0.1802000E+01 5.70562e-08
0.1804000E+01 5.07472e-08
0.1806000E+01 4.66316e-08
0.1808000E+01 4.83381e-08
0.1810000E+01 4.89296e-08
0.1812000E+01 3.20163e-08
0.1814000E+01 -1.76321e-09
0.1816000E+01 2.7072e-08
0.1818000E+01 5.44097e-08
0.1820000E+01 5.01909e-08
0.1822000E+01 4.99148e-08
0.1824000E+01 5.41892e-08
0.1826000E+01 5.5815e-08
0.1828000E+01 5.28672e-08
0.1830000E+01 5.12951e-08
0.1832000E+01 5.19032e-08
0.1834000E+01 5.58256e-08
0.1836000E+01 7.2461e-08
0.1838000E+01 7.32097e-08
0.1840000E+01 6.62654e-08
0.1842000E+01 6.68593e-08
0.1844000E+01 7.24248e-08
0.1846000E+01 -1.45972e-08
0.1848000E+01 3.04508e-08
0.1850000E+01 4.07438e-08
0.1852000E+01 5.57269e-08
0.1854000E+01 6.97311e-08
0.1856000E+01 6.74838e-08
0.1858000E+01 6.4421e-08
0.1860000E+01 6.67846e-08
0.1862000E+01 7.69882e-08
0.1864000E+01 7.61138e-08
0.1866000E+01 7.24021e-08
0.1868000E+01 7.15984e-08
0.1870000E+01 9.01742e-08
0.1872000E+01 3.48326e-08
0.1874000E+01 2.73811e-08
0.1876000E+01 4.51515e-08
0.1878000E+01 8.01733e-08
0.1880000E+01 8.40928e-08
0.1882000E+01 7.95148e-08
0.1884000E+01 8.47098e-08
0.1886000E+01 9.24191e-08
0.1888000E+01 9.12559e-08
0.1890000E+01 8.53298e-08
0.1892000E+01 2.13761e-08
0.1894000E+01 1.03918e-07
0.1896000E+01 9.58421e-08
0.1898000E+01 4.9297e-08
0.1900000E+01 7.21133e-08
0.1902000E+01 5.93183e-08
0.1904000E+01 5.67767e-08
0.1906000E+01 5.78994e-08
0.1908000E+01 8.57587e-08
0.1910000E+01 8.12923e-08
0.1912000E+01 5.49422e-08
0.1914000E+01 4.07061e-08
0.1916000E+01 5.43859e-08
0.1918000E+01 -1.74818e-08
0.1920000E+01 -1.53507e-08
0.1922000E+01 -7.25759e-08
0.1924000E+01 -4.19642e-07
0.1926000E+01 -1.62891e-07
0.1928000E+01 7.79436e-07
0.1930000E+01 8.20863e-07
0.1932000E+01 4.91771e-07
0.1934000E+01 5.12298e-07
0.1936000E+01 -4.19209e-08
0.1938000E+01 6.48442e-07
0.1940000E+01 1.6208e-07
0.1942000E+01 5.35019e-07
0.1944000E+01 4.31921e-07
0.1946000E+01 7.5639e-07
0.1948000E+01 6.0896e-07
0.1950000E+01 8.65312e-07
0.1952000E+01 7.21355e-07
0.1954000E+01 3.07633e-06
0.1956000E+01 -1.57719e-07
0.1958000E+01 -3.76845e-06
0.1960000E+01 -1.48599e-06
0.1962000E+01 -1.25915e-06
0.1964000E+01 -4.39475e-07
0.1966000E+01 -1.49657e-07
0.1968000E+01 -3.85619e-07
0.1970000E+01 -5.3056e-07
0.1972000E+01 -8.19301e-07
0.1974000E+01 -6.36822e-07
0.1976000E+01 -8.4737e-08
0.1978000E+01 -8.69479e-08
0.1980000E+01 -5.62339e-07
0.1982000E+01 -6.10919e-07
0.1984000E+01 -1.7485e-07
0.1986000E+01 -1.34865e-07
0.1988000E+01 -3.7403e-07
0.1990000E+01 1.39288e-07
0.1992000E+01 -1.60175e-07
0.1994000E+01 -4.83889e-08
0.1996000E+01 -1.30588e-07
0.1998000E+01 4.87555e-07
0.2000000E+01 -1.08364e-07
0.2002000E+01 -1.10585e-07
0.2004000E+01 -1.09934e-07
0.2006000E+01 -1.13536e-07
0.2008000E+01 -1.18194e-07
0.2010000E+01 -1.25191e-07
0.2012000E+01 -1.36695e-07
0.2014000E+01 -1.59587e-07
0.2016000E+01 -2.15345e-07
0.2018000E+01 -1.41543e-07
0.2020000E+01 -7.26694e-08
0.2022000E+01 -7.33427e-08
0.2024000E+01 -7.43822e-08
0.2026000E+01 -7.17849e-08
0.2028000E+01 -8.19121e-08
0.2030000E+01 1.52282e-08
0.2032000E+01 2.69742e-07
0.2034000E+01 4.21664e-07
0.2036000E+01 6.9208e-08
0.2038000E+01 -2.30021e-07
0.2040000E+01 -2.74259e-07
0.2042000E+01 -2.66045e-07
0.2044000E+01 -1.09952e-07
0.2046000E+01 -5.61718e-08
0.2048000E+01 2.22632e-08
0.2050000E+01 1.67178e-07
0.2052000E+01 8.11403e-08
0.2054000E+01 -2.4198e-07
0.2056000E+01 -2.50629e-07
0.2058000E+01 -4.16624e-08
0.2060000E+01 2.29239e-08
0.2062000E+01 1.76444e-08
0.2064000E+01 -3.28318e-08
0.2066000E+01 -3.86273e-07
0.2068000E+01 7.62718e-08
0.2070000E+01 -4.03437e-08
0.2072000E+01 -1.49931e-07
0.2074000E+01 -1.14783e-07
0.2076000E+01 -4.65786e-08
0.2078000E+01 2.66679e-08
0.2080000E+01 -3.54885e-08
0.2082000E+01 -1.44229e-08
0.2084000E+01 -1.0595e-07
0.2086000E+01 -6.1017e-08
0.2088000E+01 -7.09174e-08
0.2090000E+01 -7.05296e-08
0.2092000E+01 -1.32534e-08
0.2094000E+01 9.88592e-08
0.2096000E+01 6.21125e-08
0.2098000E+01 -1.97972e-08
0.2100000E+01 -6.97629e-08
0.2102000E+01 -5.26274e-08
0.2104000E+01 -3.03651e-08
0.2106000E+01 -8.63356e-09
0.2108000E+01 4.083e-08
0.2110000E+01 6.22682e-08
0.2112000E+01 1.65455e-08
0.2114000E+01 3.89132e-08
0.2116000E+01 2.75253e-08
0.2118000E+01 -3.63389e-08
0.2120000E+01 -3.79879e-08
0.2122000E+01 -5.10777e-08
0.2124000E+01 -6.25963e-08
0.2126000E+01 -6.60066e-08
0.2128000E+01 5.44702e-09
0.2130000E+01 7.90792e-08
0.2132000E+01 3.77957e-08
0.2134000E+01 -2.31266e-08
0.2136000E+01 -1.0822e-09
0.2138000E+01 -7.13983e-09
0.2140000E+01 -2.69628e-08
0.2142000E+01 3.10603e-09
0.2144000E+01 1.97616e-08
0.2146000E+01 8.22413e-08
0.2148000E+01 6.80257e-08
0.2150000E+01 6.47074e-08
0.2152000E+01 4.34305e-08
0.2154000E+01 8.5357e-09
0.2156000E+01 -5.02962e-09
0.2158000E+01 -3.46354e-08
0.2160000E+01 -1.04546e-09
0.2162000E+01 4.8914e-08
0.2164000E+01 3.99429e-08
0.2166000E+01 4.51213e-08
0.2168000E+01 5.0648e-08
0.2170000E+01 3.31975e-08
0.2172000E+01 2.07155e-08
0.2174000E+01 -1.77044e-09
0.2176000E+01 -5.04073e-09
0.2178000E+01 -3.17597e-08
0.2180000E+01 9.71231e-08
0.2182000E+01 8.57233e-08
0.2184000E+01 4.36936e-08
0.2186000E+01 2.68847e-08
0.2188000E+01 3.01941e-08
0.2190000E+01 3.21226e-08
0.2192000E+01 5.01435e-08
0.2194000E+01 9.2435e-08
0.2196000E+01 1.06205e-07
0.2198000E+01 5.61372e-08
0.2200000E+01 2.7467e-08
0.2202000E+01 1.46664e-08
0.2204000E+01 2.04253e-08
0.2206000E+01 2.93205e-08
0.2208000E+01 7.13219e-08
0.2210000E+01 7.8115e-08
0.2212000E+01 6.31422e-08
0.2214000E+01 8.67378e-08
0.2216000E+01 6.33671e-08
0.2218000E+01 3.34702e-08
0.2220000E+01 2.7004e-08
0.2222000E+01 9.15473e-08
0.2224000E+01 1.39975e-07
0.2226000E+01 3.22611e-08
0.2228000E+01 4.14765e-08
0.2230000E+01 4.79054e-08
0.2232000E+01 9.14823e-08
0.2234000E+01 1.65939e-07
0.2236000E+01 1.68135e-07
0.2238000E+01 1.3291e-07
0.2240000E+01 5.46609e-08
0.2242000E+01 1.00637e-07
0.2244000E+01 1.89234e-07
0.2246000E+01 8.51908e-08
0.2248000E+01 8.20988e-08
0.2250000E+01 9.10737e-08
0.2252000E+01 2.88767e-07
0.2254000E+01 1.78047e-07
0.2256000E+01 4.90008e-07
0.2258000E+01 7.69015e-07
0.2260000E+01 1.89447e-07
0.2262000E+01 -4.41922e-07
0.2264000E+01 -2.55437e-07
0.2266000E+01 -2.19905e-07
0.2268000E+01 -1.70823e-07
0.2270000E+01 -1.46099e-07
0.2272000E+01 -1.14199e-07
0.2274000E+01 -1.06758e-07
0.2276000E+01 -1.04804e-07
0.2278000E+01 -9.93336e-08
0.2280000E+01 -6.86242e-08
0.2282000E+01 -4.63975e-08
0.2284000E+01 -4.35891e-08
0.2286000E+01 -5.22593e-08
0.2288000E+01 -4.54274e-08
0.2290000E+01 -4.11339e-08
0.2292000E+01 -4.88918e-08
0.2294000E+01 -6.25785e-08
0.2296000E+01 -6.26502e-08
0.2298000E+01 -5.85035e-08
0.2300000E+01 -5.9589e-08
0.2302000E+01 -5.9704e-08
0.2304000E+01 -5.82233e-08
0.2306000E+01 -5.55843e-08
0.2308000E+01 -5.75309e-08
0.2310000E+01 -5.85121e-08
0.2312000E+01 -4.11388e-08
0.2314000E+01 -5.70186e-08
0.2316000E+01 -6.64435e-08
0.2318000E+01 -6.86543e-08
0.2320000E+01 -6.65493e-08
0.2322000E+01 -6.53287e-08
0.2324000E+01 -6.31698e-08
0.2326000E+01 -6.1734e-08
0.2328000E+01 -6.12624e-08
0.2330000E+01 -6.02565e-08
0.2332000E+01 -6.49541e-08
0.2334000E+01 -6.40107e-08
0.2336000E+01 -6.00519e-08
0.2338000E+01 -6.62197e-08
0.2340000E+01 -6.57621e-08
0.2342000E+01 -6.72173e-08
0.2344000E+01 -6.62916e-08
0.2346000E+01 -6.58773e-08
0.2348000E+01 -7.32189e-08
0.2350000E+01 -7.48479e-08
0.2352000E+01 -7.19937e-08
0.2354000E+01 -6.96696e-08
0.2356000E+01 -6.86647e-08
0.2358000E+01 -6.76697e-08
0.2360000E+01 -7.11813e-08
0.2362000E+01 -8.16803e-08
0.2364000E+01 -8.83119e-08
0.2366000E+01 -8.28819e-08
0.2368000E+01 -1.22765e-07
0.2370000E+01 -2.35027e-07
0.2372000E+01 -2.00461e-07
0.2374000E+01 -1.49395e-07
0.2376000E+01 -2.597e-08
0.2378000E+01 -5.05892e-08
0.2380000E+01 -4.63527e-08
0.2382000E+01 -2.66486e-08
0.2384000E+01 -8.5414e-08
0.2386000E+01 -7.51073e-08
0.2388000E+01 -8.50688e-08
0.2390000E+01 -9.11016e-08
0.2392000E+01 -1.01285e-07
0.2394000E+01 -7.15189e-08
0.2396000E+01 -8.97331e-08
0.2398000E+01 -1.01811e-07
0.2400000E+01 -8.74545e-08
0.2402000E+01 -6.76858e-08
0.2404000E+01 -8.46467e-08
0.2406000E+01 -4.69357e-08
0.2408000E+01 -7.16354e-08
0.2410000E+01 -6.60679e-08
0.2412000E+01 -4.2066e-08
0.2414000E+01 -6.3026e-08
0.2416000E+01 -6.35296e-08
0.2418000E+01 -6.68212e-08
0.2420000E+01 -4.91097e-08
0.2422000E+01 -7.51596e-08
0.2424000E+01 -7.5281e-08
0.2426000E+01 -7.21252e-08
0.2428000E+01 -8.13184e-08
0.2430000E+01 -7.46682e-08
0.2432000E+01 -7.1653e-08
0.2434000E+01 -6.77989e-08
0.2436000E+01 -6.57222e-08
0.2438000E+01 -6.72891e-08
0.2440000E+01 -7.41071e-08
0.2442000E+01 -7.52797e-08
0.2444000E+01 -7.68115e-08
0.2446000E+01 -6.98721e-08
0.2448000E+01 -6.7843e-08
0.2450000E+01 -6.93239e-08
0.2452000E+01 -6.81116e-08
0.2454000E+01 -6.53958e-08
0.2456000E+01 -7.42945e-08
0.2458000E+01 -6.52983e-08
0.2460000E+01 -6.37946e-08
0.2462000E+01 -1.38448e-07
0.2464000E+01 -1.43317e-07
0.2466000E+01 -5.19468e-08
0.2468000E+01 -6.98327e-08
0.2470000E+01 -7.36148e-08
0.2472000E+01 -2.24607e-08
0.2474000E+01 -5.40235e-08
0.2476000E+01 -7.1084e-08
0.2478000E+01 -5.97949e-08
0.2480000E+01 -5.1546e-08
0.2482000E+01 -6.51543e-08
0.2484000E+01 -5.36427e-08
0.2486000E+01 -6.42258e-08
0.2488000E+01 -5.60202e-08
0.2490000E+01 -5.15711e-08
0.2492000E+01 -5.82734e-08
0.2494000E+01 -6.22557e-08
0.2496000E+01 -5.52023e-08
0.2498000E+01 -6.36043e-08
0.2500000E+01 -2.59603e-08
0.2502000E+01 -6.73772e-08
0.2504000E+01 -5.31663e-08
0.2506000E+01 -5.35068e-08
0.2508000E+01 -5.74712e-08
0.2510000E+01 -5.81014e-08
0.2512000E+01 -5.20003e-08
0.2514000E+01 -4.3243e-10
0.2516000E+01 -6.37266e-08
0.2518000E+01 -6.21106e-08
0.2520000E+01 -5.56167e-08
0.2522000E+01 -5.13763e-08
0.2524000E+01 -5.28264e-08
0.2526000E+01 -5.79025e-08
0.2528000E+01 -3.33942e-08
0.2530000E+01 -2.71262e-08
0.2532000E+01 -4.7781e-08
0.2534000E+01 -9.17381e-08
0.2536000E+01 -6.56884e-08
0.2538000E+01 -5.30596e-08
0.2540000E+01 -5.76354e-08
0.2542000E+01 -5.57369e-08
0.2544000E+01 -5.45077e-08
0.2546000E+01 -1.45616e-08
0.2548000E+01 -3.03323e-08
0.2550000E+01 -4.0507e-08
0.2552000E+01 -3.76425e-08
0.2554000E+01 -6.93873e-08
0.2556000E+01 -5.44407e-08
0.2558000E+01 -5.33497e-08
0.2560000E+01 -4.9741e-08
0.2562000E+01 -5.79551e-08
0.2564000E+01 -4.33778e-08
0.2566000E+01 -4.8203e-08
0.2568000E+01 -5.23961e-08
0.2570000E+01 -4.88602e-08
0.2572000E+01 -4.7833e-08
0.2574000E+01 -4.76982e-08
0.2576000E+01 -4.63869e-08
0.2578000E+01 -5.16505e-08
0.2580000E+01 -4.87017e-08
0.2582000E+01 -4.81319e-08
0.2584000E+01 -2.07924e-08
0.2586000E+01 -2.36442e-08
0.2588000E+01 -3.5938e-08
0.2590000E+01 -3.91745e-08
0.2592000E+01 -5.96516e-08
0.2594000E+01 -7.63071e-08
0.2596000E+01 -6.03777e-08
0.2598000E+01 -5.88616e-08
0.2600000E+01 -5.51999e-08
0.2602000E+01 -5.52268e-08
0.2604000E+01 -5.05953e-08
0.2606000E+01 -3.17238e-08
0.2608000E+01 -4.21436e-08
0.2610000E+01 -4.09902e-08
0.2612000E+01 -4.49682e-08
0.2614000E+01 -4.45905e-08
0.2616000E+01 -4.2573e-08
0.2618000E+01 -4.39229e-08
0.2620000E+01 -4.49901e-08
0.2622000E+01 -6.51162e-08
0.2624000E+01 -6.65896e-08
0.2626000E+01 -5.32299e-08
0.2628000E+01 -4.10216e-08
0.2630000E+01 -3.73199e-08
0.2632000E+01 -4.14354e-08
0.2634000E+01 -4.66904e-08
0.2636000E+01 -4.80358e-08
0.2638000E+01 -4.18634e-08
0.2640000E+01 -4.29572e-08
0.2642000E+01 -4.24644e-08
0.2644000E+01 -4.11223e-08
0.2646000E+01 -3.97787e-08
0.2648000E+01 -4.37321e-08
0.2650000E+01 -6.25984e-08
0.2652000E+01 -5.57738e-08
0.2654000E+01 -4.38617e-08
0.2656000E+01 -3.68826e-08
0.2658000E+01 -5.30223e-08
0.2660000E+01 -4.88549e-08
0.2662000E+01 -4.67193e-08
0.2664000E+01 -4.28523e-08
0.2666000E+01 -4.3374e-08
0.2668000E+01 -3.22073e-08
0.2670000E+01 -3.51618e-08
0.2672000E+01 -3.48653e-08
0.2674000E+01 -3.41825e-08
0.2676000E+01 -3.74571e-08
0.2678000E+01 -4.25666e-08
0.2680000E+01 -5.41372e-08
0.2682000E+01 -4.81955e-08
0.2684000E+01 -5.08791e-08
0.2686000E+01 -4.31045e-08
0.2688000E+01 -3.73715e-08
0.2690000E+01 -3.89917e-08
0.2692000E+01 -3.67846e-08
0.2694000E+01 -3.48479e-08
0.2696000E+01 -3.21055e-08
0.2698000E+01 -3.28614e-08
0.2700000E+01 -4.74346e-08
0.2702000E+01 -4.06879e-08
0.2704000E+01 -4.16307e-08
0.2706000E+01 -2.86548e-08
0.2708000E+01 -3.03161e-08
0.2710000E+01 -3.08464e-08
0.2712000E+01 -2.65194e-08
0.2714000E+01 -3.19184e-08
0.2716000E+01 -3.2482e-08
0.2718000E+01 -2.64633e-08
0.2720000E+01 -4.37083e-08
0.2722000E+01 -3.14272e-08
0.2724000E+01 -2.91908e-08
0.2726000E+01 -2.74403e-08
0.2728000E+01 -2.64778e-08
0.2730000E+01 -2.17567e-08
0.2732000E+01 -3.83223e-08
0.2734000E+01 -1.88864e-08
0.2736000E+01 -3.36553e-08
0.2738000E+01 -4.27103e-08
0.2740000E+01 -2.84541e-08
0.2742000E+01 -1.02619e-08
0.2744000E+01 -1.03882e-08
0.2746000E+01 -1.28243e-08
0.2748000E+01 -1.98647e-08
0.2750000E+01 -1.38848e-08
0.2752000E+01 -2.12467e-08
0.2754000E+01 -4.55692e-08
0.2756000E+01 -2.33373e-08
0.2758000E+01 -2.39956e-08
0.2760000E+01 -2.18791e-08
0.2762000E+01 -1.71824e-08
0.2764000E+01 -1.3669e-08
0.2766000E+01 -1.05703e-08
0.2768000E+01 -2.95122e-08
0.2770000E+01 -2.43352e-08
0.2772000E+01 -1.42627e-08
0.2774000E+01 -8.65424e-09
0.2776000E+01 -5.39662e-09
0.2778000E+01 -2.24183e-09
0.2780000E+01 -1.86063e-09
0.2782000E+01 -2.39199e-08
0.2784000E+01 -1.57409e-08
0.2786000E+01 -1.06381e-08
0.2788000E+01 -4.6069e-09
0.2790000E+01 7.4785e-10
0.2792000E+01 -2.66899e-10
0.2794000E+01 -1.4153e-08
0.2796000E+01 -2.6525e-08
0.2798000E+01 -8.34499e-09
0.2800000E+01 -3.55427e-09
0.2802000E+01 -3.41467e-10
0.2804000E+01 7.56332e-09
0.2806000E+01 -1.80597e-08
0.2808000E+01 -2.05126e-08
0.2810000E+01 3.8193e-09
0.2812000E+01 9.63984e-09
0.2814000E+01 8.29094e-09
0.2816000E+01 -1.14685e-08
0.2818000E+01 3.55587e-10
0.2820000E+01 6.24897e-09
0.2822000E+01 8.99252e-09
0.2824000E+01 4.82257e-09
0.2826000E+01 -2.00538e-08
0.2828000E+01 6.85748e-09
0.2830000E+01 1.31002e-08
0.2832000E+01 -7.26734e-09
0.2834000E+01 -2.00269e-08
0.2836000E+01 6.99854e-09
0.2838000E+01 -2.17365e-08
0.2840000E+01 -3.21601e-08
0.2842000E+01 -4.5254e-08
0.2844000E+01 -5.95079e-08
0.2846000E+01 -1.79281e-08
0.2848000E+01 3.03942e-07
0.2850000E+01 1.34249e-07
0.2852000E+01 8.40699e-08
0.2854000E+01 6.40345e-08
0.2856000E+01 7.91904e-08
0.2858000E+01 5.09847e-08
0.2860000E+01 4.4453e-08
0.2862000E+01 4.69268e-08
0.2864000E+01 5.71698e-08
0.2866000E+01 3.86753e-08
0.2868000E+01 4.10194e-08
0.2870000E+01 3.61912e-08
0.2872000E+01 4.21595e-08
0.2874000E+01 4.52394e-08
0.2876000E+01 4.71449e-08
0.2878000E+01 4.0782e-08
0.2880000E+01 3.99893e-08
0.2882000E+01 4.14362e-08
0.2884000E+01 4.6371e-08
0.2886000E+01 3.25905e-08
0.2888000E+01 3.31489e-08
0.2890000E+01 3.41815e-08
0.2892000E+01 3.59098e-08
0.2894000E+01 3.83992e-08
0.2896000E+01 4.30664e-08
0.2898000E+01 2.95858e-08
0.2900000E+01 2.56873e-08
0.2902000E+01 3.32033e-08
0.2904000E+01 3.44246e-08
0.2906000E+01 2.96681e-08
0.2908000E+01 4.33382e-08
0.2910000E+01 4.97923e-08
0.2912000E+01 4.28821e-08
0.2914000E+01 3.94671e-08
0.2916000E+01 3.69682e-08
0.2918000E+01 3.64549e-08
0.2920000E+01 3.59205e-08
0.2922000E+01 4.47094e-08
0.2924000E+01 3.83061e-08
0.2926000E+01 3.2638e-08
0.2928000E+01 3.24738e-08
0.2930000E+01 3.31293e-08
0.2932000E+01 3.50718e-08
0.2934000E+01 4.34126e-08
0.2936000E+01 3.82817e-08
0.2938000E+01 3.46034e-08
0.2940000E+01 4.94527e-07
0.2942000E+01 5.13057e-07
0.2944000E+01 4.73503e-08
0.2946000E+01 1.66118e-08
0.2948000E+01 1.85467e-08
0.2950000E+01 1.52846e-08
0.2952000E+01 3.70945e-08
0.2954000E+01 4.56829e-08
0.2956000E+01 8.29461e-09
0.2958000E+01 9.59214e-09
0.2960000E+01 1.5249e-08
0.2962000E+01 9.89059e-09
0.2964000E+01 1.25796e-08
0.2966000E+01 1.46326e-08
0.2968000E+01 2.99907e-08
0.2970000E+01 1.44096e-08
0.2972000E+01 1.94248e-08
0.2974000E+01 3.00736e-08
0.2976000E+01 2.85016e-08
0.2978000E+01 2.20272e-08
0.2980000E+01 2.95426e-08
0.2982000E+01 2.76831e-08
0.2984000E+01 1.63521e-08
0.2986000E+01 1.86327e-09
0.2988000E+01 -9.08773e-08
0.2990000E+01 1.30832e-07
0.2992000E+01 2.2729e-07
0.2994000E+01 -1.23843e-08
0.2996000E+01 -2.69732e-09
0.2998000E+01 8.45586e-09
0.3000000E+01 3.42423e-09
0.3002000E+01 1.45607e-08
0.3004000E+01 4.71274e-09
0.3006000E+01 7.42276e-09
0.3008000E+01 9.28292e-09
0.3010000E+01 7.76374e-09
0.3012000E+01 -1.11589e-10
0.3014000E+01 -1.96011e-09
0.3016000E+01 -3.08426e-09
0.3018000E+01 -2.97275e-09
0.3020000E+01 -1.16632e-08
0.3022000E+01 -1.69194e-08
0.3024000E+01 -1.32496e-08
0.3026000E+01 -1.19067e-08
0.3028000E+01 -1.54771e-08
0.3030000E+01 1.86421e-09
0.3032000E+01 2.18421e-08
0.3034000E+01 1.00288e-08
0.3036000E+01 2.2084e-09
0.3038000E+01 1.2233e-08
0.3040000E+01 2.30496e-09
0.3042000E+01 2.24689e-09
0.3044000E+01 5.9389e-11
0.3046000E+01 2.43803e-09
0.3048000E+01 -6.52142e-09
0.3050000E+01 -8.25357e-09
0.3052000E+01 -4.802e-09
0.3054000E+01 -5.86913e-09
0.3056000E+01 -9.31025e-09
0.3058000E+01 -1.29115e-08
0.3060000E+01 -1.2061e-08
0.3062000E+01 -1.65109e-08
0.3064000E+01 -1.77563e-08
0.3066000E+01 -1.90288e-08
0.3068000E+01 -1.79913e-08
0.3070000E+01 -1.5887e-08
0.3072000E+01 -1.47896e-08
0.3074000E+01 -1.27388e-08
0.3076000E+01 1.78066e-08
0.3078000E+01 2.06682e-08
0.3080000E+01 1.12474e-08
0.3082000E+01 7.29991e-09
0.3084000E+01 8.95203e-10
0.3086000E+01 -3.65411e-09
0.3088000E+01 -4.95662e-09
0.3090000E+01 -6.97881e-09
0.3092000E+01 -1.14547e-08
0.3094000E+01 -6.56806e-09
0.3096000E+01 -1.52198e-08
0.3098000E+01 -1.0561e-08
0.3100000E+01 -8.96555e-09
0.3102000E+01 -9.49079e-09
0.3104000E+01 -1.2393e-08
0.3106000E+01 -1.68275e-08
0.3108000E+01 -6.55815e-09
0.3110000E+01 -9.91108e-09
0.3112000E+01 -1.65341e-08
0.3114000E+01 -1.79519e-08
0.3116000E+01 -4.44693e-09
0.3118000E+01 -1.51879e-08
0.3120000E+01 -1.29821e-08
0.3122000E+01 -9.93242e-09
0.3124000E+01 -1.79036e-08
0.3126000E+01 -2.29003e-08
0.3128000E+01 -2.78892e-08
0.3130000E+01 -2.46899e-08
0.3132000E+01 -2.2298e-08
0.3134000E+01 -2.47466e-08
0.3136000E+01 -1.35583e-08
0.3138000E+01 6.91547e-09
0.3140000E+01 -1.642e-08
0.3142000E+01 -1.8635e-08
0.3144000E+01 -2.05827e-08
0.3146000E+01 -1.83426e-08
0.3148000E+01 -3.19524e-08
0.3150000E+01 -3.7795e-08
0.3152000E+01 -3.53109e-08
0.3154000E+01 -3.51772e-08
0.3156000E+01 -6.92571e-08
0.3158000E+01 -8.32786e-08
0.3160000E+01 -7.9653e-08
0.3162000E+01 -2.44146e-07
0.3164000E+01 -1.83769e-07
0.3166000E+01 5.06867e-07
0.3168000E+01 2.05772e-08
0.3170000E+01 -2.97961e-08
0.3172000E+01 -1.84786e-08
0.3174000E+01 -3.01781e-09
0.3176000E+01 3.29313e-08
0.3178000E+01 2.90476e-08
0.3180000E+01 2.49542e-08
0.3182000E+01 4.94062e-08
0.3184000E+01 2.25817e-08
0.3186000E+01 4.87602e-08
0.3188000E+01 4.07301e-08
0.3190000E+01 4.7051e-08
0.3192000E+01 4.03211e-08
0.3194000E+01 2.99815e-08
0.3196000E+01 3.60197e-08
0.3198000E+01 4.58541e-08
0.3200000E+01 5.22146e-08
0.3202000E+01 6.0877e-08
0.3204000E+01 4.60846e-08
0.3206000E+01 5.01006e-08
0.3208000E+01 4.88299e-08
0.3210000E+01 4.95152e-08
0.3212000E+01 6.06481e-08
0.3214000E+01 7.7299e-08
0.3216000E+01 5.44165e-08
0.3218000E+01 4.1865e-08
0.3220000E+01 2.92815e-08
0.3222000E+01 4.12636e-08
0.3224000E+01 5.95395e-08
0.3226000E+01 5.66593e-08
0.3228000E+01 5.32825e-08
0.3230000E+01 3.20815e-08
0.3232000E+01 3.8405e-08
0.3234000E+01 5.96563e-08
0.3236000E+01 6.99098e-08
0.3238000E+01 5.5318e-08
0.3240000E+01 4.50371e-08
0.3242000E+01 4.39665e-08
0.3244000E+01 1.00882e-07
0.3246000E+01 5.0654e-08
0.3248000E+01 5.23608e-08
0.3250000E+01 7.33021e-08
0.3252000E+01 1.11639e-07
0.3254000E+01 9.71095e-08
0.3256000E+01 8.98025e-08
0.3258000E+01 -2.89913e-09
0.3260000E+01 5.41373e-08
0.3262000E+01 3.65306e-08
0.3264000E+01 1.25798e-08
0.3266000E+01 1.52461e-07
0.3268000E+01 5.2678e-08
0.3270000E+01 6.30749e-08
0.3272000E+01 1.71893e-07
0.3274000E+01 1.85498e-07
0.3276000E+01 3.43353e-07
0.3278000E+01 -2.98763e-08
0.3280000E+01 -5.41461e-08
0.3282000E+01 2.25092e-07
0.3284000E+01 2.51968e-07
0.3286000E+01 6.28416e-07
0.3288000E+01 1.06693e-07
0.3290000E+01 6.6524e-07
0.3292000E+01 5.66539e-07
0.3294000E+01 3.76539e-07
0.3296000E+01 -8.18925e-08
0.3298000E+01 2.42244e-09
0.3300000E+01 -3.26474e-07
0.3302000E+01 -2.52398e-07
0.3304000E+01 -2.90384e-07
0.3306000E+01 -1.13032e-07
0.3308000E+01 -9.31225e-08
0.3310000E+01 -1.33276e-07
0.3312000E+01 -1.47845e-07
0.3314000E+01 -1.06746e-07
0.3316000E+01 -9.74173e-08
0.3318000E+01 -9.35619e-08
0.3320000E+01 -8.06097e-08
0.3322000E+01 -5.30304e-08
0.3324000E+01 -6.56706e-08
0.3326000E+01 -7.55986e-08
0.3328000E+01 -7.21086e-08
0.3330000E+01 -5.00475e-08
0.3332000E+01 -4.35229e-08
0.3334000E+01 -4.27896e-08
0.3336000E+01 -4.03992e-08
0.3338000E+01 -3.58806e-08
0.3340000E+01 -3.42462e-08
0.3342000E+01 -3.88411e-08
0.3344000E+01 -3.62582e-08
0.3346000E+01 -2.65548e-08
0.3348000E+01 -2.20583e-08
0.3350000E+01 -1.81307e-08
0.3352000E+01 -1.77901e-08
0.3354000E+01 -2.19076e-08
0.3356000E+01 -2.77583e-08
0.3358000E+01 -2.65565e-08
0.3360000E+01 -1.82454e-08
0.3362000E+01 -1.68264e-08
0.3364000E+01 -2.70404e-08
0.3366000E+01 -2.34124e-08
0.3368000E+01 -1.9452e-08
0.3370000E+01 -1.50381e-08
0.3372000E+01 -1.3282e-08
0.3374000E+01 -1.45492e-08
0.3376000E+01 -1.09033e-08
0.3378000E+01 -1.03316e-08
0.3380000E+01 -8.14878e-09
0.3382000E+01 -7.09265e-09
0.3384000E+01 -1.90203e-08
0.3386000E+01 -1.40139e-08
0.3388000E+01 -6.70696e-09
0.3390000E+01 -7.15564e-09
0.3392000E+01 -8.24057e-09
0.3394000E+01 -4.58219e-09
0.3396000E+01 -4.43095e-09
0.3398000E+01 -6.3277e-09
0.3400000E+01 -3.13409e-09
0.3402000E+01 -1.22366e-08
0.3404000E+01 -1.07902e-08
0.3406000E+01 -9.94024e-09
0.3408000E+01 -8.68223e-09
0.3410000E+01 -5.98178e-09
0.3412000E+01 -5.30289e-09
0.3414000E+01 -5.48453e-09
0.3416000E+01 -6.8317e-09
0.3418000E+01 -7.89162e-09
0.3420000E+01 -2.05688e-08
0.3422000E+01 -1.59087e-08
0.3424000E+01 -1.3474e-08
0.3426000E+01 -1.00963e-08
0.3428000E+01 -7.63457e-09
0.3430000E+01 2.80452e-08
0.3432000E+01 -2.50142e-09
0.3434000E+01 -2.09622e-09
0.3436000E+01 -1.31416e-08
0.3438000E+01 -1.7818e-08
0.3440000E+01 -1.27674e-08
0.3442000E+01 -1.92414e-08
0.3444000E+01 -1.3821e-08
0.3446000E+01 -6.78259e-09
0.3448000E+01 -4.01578e-09
0.3450000E+01 -6.18521e-09
0.3452000E+01 -2.66274e-08
0.3454000E+01 -1.98684e-08
0.3456000E+01 5.95174e-09
0.3458000E+01 4.67484e-09
0.3460000E+01 6.9758e-09
0.3462000E+01 -3.77905e-09
0.3464000E+01 -8.89658e-09
0.3466000E+01 -3.26337e-08
0.3468000E+01 -2.92163e-08
0.3470000E+01 -2.2012e-08
0.3472000E+01 -1.33748e-08
0.3474000E+01 -1.66326e-08
0.3476000E+01 -1.32628e-08
0.3478000E+01 -2.44697e-08
0.3480000E+01 -2.16004e-08
0.3482000E+01 -5.70793e-09
0.3484000E+01 -1.16942e-08
0.3486000E+01 -2.55358e-09
0.3488000E+01 -1.58256e-08
0.3490000E+01 -2.64145e-08
0.3492000E+01 -3.61251e-08
0.3494000E+01 -5.07248e-09
0.3496000E+01 -2.16426e-08
0.3498000E+01 -2.49119e-08
0.3500000E+01 -5.74887e-09
0.3502000E+01 -2.84995e-08
0.3504000E+01 -1.80515e-08
0.3506000E+01 -7.9849e-09
0.3508000E+01 6.77228e-09
0.3510000E+01 -2.60127e-08
0.3512000E+01 -5.04729e-08
0.3514000E+01 6.29626e-09
0.3516000E+01 -7.92885e-09
0.3518000E+01 -2.25926e-08
0.3520000E+01 -3.31486e-09
0.3522000E+01 8.23619e-09
0.3524000E+01 5.56471e-08
0.3526000E+01 4.02883e-08
0.3528000E+01 3.82467e-08
0.3530000E+01 3.00256e-08
0.3532000E+01 4.05462e-08
0.3534000E+01 4.22486e-08
0.3536000E+01 3.05328e-08
0.3538000E+01 4.34668e-08
0.3540000E+01 6.18694e-08
0.3542000E+01 7.31428e-08
0.3544000E+01 8.51205e-08
0.3546000E+01 1.02764e-07
0.3548000E+01 5.92094e-08
0.3550000E+01 6.07364e-08
0.3552000E+01 6.9191e-08
0.3554000E+01 9.85414e-08
0.3556000E+01 5.29191e-08
0.3558000E+01 5.36757e-08
0.3560000E+01 1.6083e-07
0.3562000E+01 1.06375e-07
0.3564000E+01 1.12084e-07
0.3566000E+01 7.94309e-08
0.3568000E+01 6.80484e-08
0.3570000E+01 7.15551e-08
0.3572000E+01 8.07964e-08
0.3574000E+01 2.45784e-07
0.3576000E+01 1.46557e-07
0.3578000E+01 1.19367e-07
0.3580000E+01 1.37258e-07
0.3582000E+01 1.23783e-07
0.3584000E+01 1.40449e-07
0.3586000E+01 3.27788e-07
0.3588000E+01 2.49553e-07
0.3590000E+01 3.17733e-07
0.3592000E+01 2.68049e-07
0.3594000E+01 7.39495e-07
0.3596000E+01 6.03822e-07
0.3598000E+01 2.30911e-06
0.3600000E+01 -3.08846e-06
0.3602000E+01 -8.51463e-07
0.3604000E+01 -5.51271e-07
0.3606000E+01 -3.67569e-07
0.3608000E+01 -2.96074e-07
0.3610000E+01 -2.07488e-07
0.3612000E+01 -2.01845e-07
0.3614000E+01 -1.98119e-07
0.3616000E+01 -1.16367e-07
0.3618000E+01 -1.15067e-07
0.3620000E+01 -1.32659e-07
0.3622000E+01 -1.2486e-07
0.3624000E+01 -8.95037e-08
0.3626000E+01 -1.11695e-07
0.3628000E+01 -1.28775e-07
0.3630000E+01 -1.71245e-07
0.3632000E+01 -7.82288e-08
0.3634000E+01 -7.23246e-08
0.3636000E+01 -8.92571e-08
0.3638000E+01 -1.2165e-07
0.3640000E+01 -5.50831e-08
0.3642000E+01 -3.08443e-08
0.3644000E+01 -3.19666e-09
0.3646000E+01 -5.50328e-08
0.3648000E+01 -9.51169e-08
0.3650000E+01 -6.31804e-08
0.3652000E+01 -5.85412e-08
0.3654000E+01 -6.73483e-08
0.3656000E+01 -7.56372e-08
0.3658000E+01 -8.22811e-08
0.3660000E+01 -4.89879e-08
0.3662000E+01 -4.04739e-08
0.3664000E+01 -5.13777e-08
0.3666000E+01 -5.57341e-08
0.3668000E+01 -5.2285e-08
0.3670000E+01 9.4835e-09
0.3672000E+01 -3.49014e-08
0.3674000E+01 -4.09034e-08
0.3676000E+01 -3.79846e-08
0.3678000E+01 -4.3011e-08
0.3680000E+01 -5.4175e-08
0.3682000E+01 -4.16938e-08
0.3684000E+01 -3.9122e-08
0.3686000E+01 -3.99483e-08
0.3688000E+01 -4.32835e-08
0.3690000E+01 -4.1997e-08
0.3692000E+01 -5.01691e-08
0.3694000E+01 -3.02262e-08
0.3696000E+01 -2.96553e-08
0.3698000E+01 -2.29189e-08
0.3700000E+01 -1.21377e-08
0.3702000E+01 -1.58015e-08
0.3704000E+01 -3.76244e-08
0.3706000E+01 -2.4666e-08
0.3708000E+01 -2.85102e-08
0.3710000E+01 -2.88048e-08
0.3712000E+01 -3.40107e-08
0.3714000E+01 -3.66365e-08
0.3716000E+01 -3.78649e-08
0.3718000E+01 -2.55611e-08
0.3720000E+01 -2.72841e-08
0.3722000E+01 -2.53687e-08
0.3724000E+01 -2.35627e-08
0.3726000E+01 -2.31043e-08
0.3728000E+01 -2.29389e-08
0.3730000E+01 -1.69655e-08
0.3732000E+01 -1.4325e-08
0.3734000E+01 -1.28759e-08
0.3736000E+01 -1.65726e-08
0.3738000E+01 -1.94911e-08
0.3740000E+01 -2.13372e-08
0.3742000E+01 -2.94441e-08
0.3744000E+01 -2.32507e-08
0.3746000E+01 -2.27807e-08
0.3748000E+01 -2.39397e-08
0.3750000E+01 -2.36727e-08
0.3752000E+01 -2.31114e-08
0.3754000E+01 -2.61746e-08
0.3756000E+01 -2.07681e-08
0.3758000E+01 -2.34526e-08
0.3760000E+01 -1.40609e-08
0.3762000E+01 -1.59325e-08
0.3764000E+01 -1.54399e-08
0.3766000E+01 -1.52815e-08
0.3768000E+01 -1.12744e-08
0.3770000E+01 -8.19468e-09
0.3772000E+01 -6.52001e-09
0.3774000E+01 -1.11604e-08
0.3776000E+01 -1.48662e-08
0.3778000E+01 -1.7083e-08
0.3780000E+01 -1.96863e-08
0.3782000E+01 -1.62565e-08
0.3784000E+01 -1.78832e-08
0.3786000E+01 -1.50588e-08
0.3788000E+01 -1.67301e-08
0.3790000E+01 -1.82385e-08
0.3792000E+01 -1.85066e-08
0.3794000E+01 -1.77938e-08
0.3796000E+01 -1.78407e-08
0.3798000E+01 -1.73683e-08
0.3800000E+01 -1.73937e-08
0.3802000E+01 -1.97662e-08
0.3804000E+01 -1.19114e-09
0.3806000E+01 -4.65772e-09
0.3808000E+01 -5.46164e-09
0.3810000E+01 -9.86549e-09
0.3812000E+01 -9.35357e-09
0.3814000E+01 -5.48268e-09
0.3816000E+01 -9.64238e-09
0.3818000E+01 -9.8404e-09
0.3820000E+01 -9.28988e-09
0.3822000E+01 -1.22559e-08
0.3824000E+01 -1.07332e-08
0.3826000E+01 -7.70013e-09
0.3828000E+01 -1.45075e-08
0.3830000E+01 -1.39477e-08
0.3832000E+01 -5.50698e-09
0.3834000E+01 -1.25217e-08
0.3836000E+01 -6.08277e-09
0.3838000E+01 -1.4398e-08
0.3840000E+01 -1.04027e-08
0.3842000E+01 -2.10837e-08
0.3844000E+01 6.36296e-09
0.3846000E+01 -1.80679e-08
0.3848000E+01 -5.91422e-08
0.3850000E+01 2.76352e-09
0.3852000E+01 -5.35318e-09
0.3854000E+01 5.07196e-09
0.3856000E+01 1.28187e-09
0.3858000E+01 3.20875e-09
0.3860000E+01 1.09214e-10
0.3862000E+01 -2.05695e-09
0.3864000E+01 -2.61819e-09
0.3866000E+01 -6.79822e-09
0.3868000E+01 5.6706e-10
0.3870000E+01 3.74136e-09
0.3872000E+01 1.66134e-10
0.3874000E+01 -1.70739e-11
0.3876000E+01 9.2166e-10
0.3878000E+01 4.02741e-10
0.3880000E+01 -8.9362e-10
0.3882000E+01 -2.64159e-09
0.3884000E+01 -7.23106e-09
0.3886000E+01 -3.80944e-09
0.3888000E+01 1.48045e-09
0.3890000E+01 1.72638e-09
0.3892000E+01 1.70349e-09
0.3894000E+01 2.23559e-09
0.3896000E+01 1.77426e-09
0.3898000E+01 -1.24243e-09
0.3900000E+01 -2.07249e-09
0.3902000E+01 6.03231e-09
0.3904000E+01 5.04276e-09
0.3906000E+01 1.56298e-08
0.3908000E+01 9.84962e-09
0.3910000E+01 7.87036e-09
0.3912000E+01 2.49701e-09
0.3914000E+01 5.45693e-09
0.3916000E+01 6.70771e-09
0.3918000E+01 5.31139e-09
0.3920000E+01 5.22193e-09
0.3922000E+01 4.44314e-09
0.3924000E+01 3.89779e-09
0.3926000E+01 1.93863e-09
0.3928000E+01 2.13438e-09
0.3930000E+01 3.02756e-09
0.3932000E+01 3.28384e-09
0.3934000E+01 1.6779e-09
0.3936000E+01 1.14961e-09
0.3938000E+01 9.66335e-10
0.3940000E+01 1.04527e-09
0.3942000E+01 1.08538e-09
0.3944000E+01 1.66338e-09
0.3946000E+01 -5.16962e-11
0.3948000E+01 -5.2962e-10
0.3950000E+01 -2.52957e-10
0.3952000E+01 -9.6453e-10
0.3954000E+01 -7.93521e-10
0.3956000E+01 -1.00969e-09
0.3958000E+01 -8.57702e-10
0.3960000E+01 6.77265e-10
0.3962000E+01 7.67229e-09
0.3964000E+01 4.52871e-09
0.3966000E+01 3.85669e-09
0.3968000E+01 3.37567e-09
0.3970000E+01 2.72923e-09
0.3972000E+01 2.68392e-09
0.3974000E+01 1.62482e-09
0.3976000E+01 1.67349e-09
0.3978000E+01 -2.20306e-09
0.3980000E+01 -1.75383e-09
0.3982000E+01 -1.42231e-09
0.3984000E+01 6.78636e-10
0.3986000E+01 3.93035e-10
0.3988000E+01 1.94329e-09
0.3990000E+01 2.00281e-09
0.3992000E+01 -6.84081e-10
0.3994000E+01 9.40921e-10
0.3996000E+01 1.3707e-10
0.3998000E+01 -2.99538e-10
0.4000000E+01 1.52293e-10
