0.0000000E+00 0
0.2000000E-02 0
0.4000000E-02 0
0.6000000E-02 0
0.8000000E-02 0
0.1000000E-01 0
0.1200000E-01 0
0.1400000E-01 0
0.1600000E-01 0
0.1800000E-01 0
0.2000000E-01 0
0.2200000E-01 0
0.2400000E-01 0
0.2600000E-01 0
0.2800000E-01 0
0.3000000E-01 0
0.3200000E-01 0
0.3400000E-01 0
0.3600000E-01 0
0.3800000E-01 0
0.4000000E-01 0
0.4200000E-01 0
0.4400000E-01 0
0.4600000E-01 0
0.4800000E-01 0
0.5000000E-01 0
0.5200000E-01 0
0.5400000E-01 0
0.5600000E-01 0
0.5800000E-01 0
0.6000000E-01 0
0.6200000E-01 0
0.6400000E-01 0
0.6600000E-01 0
0.6800000E-01 0
0.7000000E-01 0
0.7200000E-01 0
0.7400000E-01 0
0.7600000E-01 0
0.7800000E-01 0
0.8000000E-01 0
0.8200000E-01 0
0.8400000E-01 0
0.8600000E-01 1.64164e-05
0.8800000E-01 1.42625e-05
0.9000000E-01 5.26747e-06
0.9200000E-01 1.34616e-06
0.9400000E-01 6.48131e-07
0.9600000E-01 1.23115e-07
0.9800000E-01 -3.59532e-07
0.1000000E+00 -5.98554e-07
0.1020000E+00 -5.08744e-07
0.1040000E+00 -2.25961e-07
0.1060000E+00 5.50479e-08
0.1080000E+00 8.90679e-08
0.1100000E+00 -6.21983e-07
0.1120000E+00 -4.12779e-07
0.1140000E+00 -1.80818e-07
0.1160000E+00 6.20014e-08
0.1180000E+00 3.61821e-07
0.1200000E+00 1.27526e-06
0.1220000E+00 -9.635e-08
0.1240000E+00 -1.40785e-06
0.1260000E+00 -1.40794e-06
0.1280000E+00 -8.15631e-07
0.1300000E+00 -6.59705e-07
0.1320000E+00 -5.83296e-07
0.1340000E+00 -4.22728e-07
0.1360000E+00 -1.91322e-07
0.1380000E+00 -1.53266e-07
0.1400000E+00 -1.4425e-07
0.1420000E+00 -1.39188e-07
0.1440000E+00 -1.99007e-07
0.1460000E+00 -2.17555e-07
0.1480000E+00 -1.68513e-07
0.1500000E+00 -1.10793e-07
0.1520000E+00 -1.06779e-07
0.1540000E+00 -1.10438e-07
0.1560000E+00 -1.17636e-07
0.1580000E+00 -1.25336e-07
0.1600000E+00 -1.30284e-07
0.1620000E+00 -1.36742e-07
0.1640000E+00 -1.3867e-07
0.1660000E+00 -8.70718e-08
0.1680000E+00 5.19358e-08
0.1700000E+00 1.0627e-07
0.1720000E+00 1.56211e-07
0.1740000E+00 2.01806e-07
0.1760000E+00 -6.08279e-07
0.1780000E+00 -3.2903e-07
0.1800000E+00 -3.05426e-07
0.1820000E+00 -2.97377e-07
0.1840000E+00 -2.86958e-07
0.1860000E+00 -2.75893e-07
0.1880000E+00 -2.41261e-07
0.1900000E+00 -2.0248e-07
0.1920000E+00 -1.65218e-07
0.1940000E+00 -4.75868e-08
0.1960000E+00 -5.46032e-08
0.1980000E+00 -6.19412e-08
0.2000000E+00 -6.95756e-08
0.2020000E+00 -7.75152e-08
0.2040000E+00 -8.57696e-08
0.2060000E+00 -9.43486e-08
0.2080000E+00 -1.01868e-07
0.2100000E+00 -1.07798e-07
0.2120000E+00 -1.09921e-07
0.2140000E+00 -9.40064e-08
0.2160000E+00 -7.88402e-08
0.2180000E+00 -6.68735e-08
0.2200000E+00 -5.47489e-08
0.2220000E+00 -3.34027e-08
0.2240000E+00 3.4052e-08
0.2260000E+00 6.87316e-08
0.2280000E+00 9.87116e-08
0.2300000E+00 -1.3783e-08
0.2320000E+00 -3.07272e-07
0.2340000E+00 -2.3956e-07
0.2360000E+00 -2.34393e-07
0.2380000E+00 -2.09323e-07
0.2400000E+00 -1.67207e-07
0.2420000E+00 -1.61303e-07
0.2440000E+00 -1.55088e-07
0.2460000E+00 -1.55231e-07
0.2480000E+00 -1.5561e-07
0.2500000E+00 -1.16862e-07
0.2520000E+00 -3.92211e-08
0.2540000E+00 -4.39321e-08
0.2560000E+00 -4.87763e-08
0.2580000E+00 -5.90317e-08
0.2600000E+00 -6.95496e-08
0.2620000E+00 -8.40386e-08
0.2640000E+00 -8.99754e-08
0.2660000E+00 -8.172e-08
0.2680000E+00 -7.36098e-08
0.2700000E+00 -5.23854e-08
0.2720000E+00 -4.29986e-08
0.2740000E+00 -3.44082e-08
0.2760000E+00 -2.46583e-08
0.2780000E+00 -1.55768e-08
0.2800000E+00 5.27437e-08
0.2820000E+00 -1.93138e-08
0.2840000E+00 -2.07513e-07
0.2860000E+00 -1.76501e-07
0.2880000E+00 -1.53029e-07
0.2900000E+00 -1.48141e-07
0.2920000E+00 -1.46679e-07
0.2940000E+00 -1.44048e-07
0.2960000E+00 -1.4126e-07
0.2980000E+00 -1.3896e-07
0.3000000E+00 -1.37267e-07
0.3020000E+00 -1.25466e-07
0.3040000E+00 -1.18027e-07
0.3060000E+00 -2.64962e-08
0.3080000E+00 -3.23988e-08
0.3100000E+00 -3.83886e-08
0.3120000E+00 -4.43135e-08
0.3140000E+00 -4.55671e-08
0.3160000E+00 -2.59268e-08
0.3180000E+00 -2.06054e-08
0.3200000E+00 -3.17225e-08
0.3220000E+00 -4.11941e-08
0.3240000E+00 -3.60897e-08
0.3260000E+00 -2.9638e-08
0.3280000E+00 -2.29425e-08
0.3300000E+00 -6.57149e-08
0.3320000E+00 -3.36694e-07
0.3340000E+00 -1.7322e-07
0.3360000E+00 7.99974e-09
0.3380000E+00 -8.87653e-08
0.3400000E+00 -1.28046e-07
0.3420000E+00 -1.25364e-07
0.3440000E+00 -1.22525e-07
0.3460000E+00 -1.1468e-07
0.3480000E+00 -1.05064e-07
0.3500000E+00 -1.07639e-07
0.3520000E+00 -1.05055e-07
0.3540000E+00 -1.02338e-07
0.3560000E+00 -4.66288e-08
0.3580000E+00 -2.89371e-08
0.3600000E+00 2.20589e-08
0.3620000E+00 -1.33377e-08
0.3640000E+00 -2.15135e-08
0.3660000E+00 -1.90969e-08
0.3680000E+00 -1.40663e-08
0.3700000E+00 -1.1955e-08
0.3720000E+00 -1.15247e-08
0.3740000E+00 -4.57721e-08
0.3760000E+00 -3.64959e-07
0.3780000E+00 -1.72667e-07
0.3800000E+00 -1.72045e-07
0.3820000E+00 -1.70722e-07
0.3840000E+00 2.45645e-07
0.3860000E+00 -1.19383e-07
0.3880000E+00 -9.96628e-08
0.3900000E+00 -9.71299e-08
0.3920000E+00 -9.39226e-08
0.3940000E+00 -9.15578e-08
0.3960000E+00 -9.07291e-08
0.3980000E+00 -8.7593e-08
0.4000000E+00 -8.429e-08
0.4020000E+00 -6.11755e-08
0.4040000E+00 1.11457e-08
0.4060000E+00 1.93707e-08
0.4080000E+00 2.50695e-08
0.4100000E+00 3.10097e-08
0.4120000E+00 3.28369e-08
0.4140000E+00 -1.74389e-07
0.4160000E+00 -1.61091e-07
0.4180000E+00 -1.63789e-07
0.4200000E+00 -1.63821e-07
0.4220000E+00 -1.65131e-07
0.4240000E+00 -1.37612e-07
0.4260000E+00 -3.82938e-08
0.4280000E+00 -1.40069e-08
0.4300000E+00 -3.62412e-08
0.4320000E+00 -6.1054e-08
0.4340000E+00 -7.95931e-08
0.4360000E+00 -7.55339e-08
0.4380000E+00 -7.13817e-08
0.4400000E+00 -6.1717e-08
0.4420000E+00 -5.60559e-08
0.4440000E+00 -5.36742e-08
0.4460000E+00 -3.15633e-08
0.4480000E+00 1.02709e-07
0.4500000E+00 -1.64713e-07
0.4520000E+00 -1.33271e-07
0.4540000E+00 -1.51216e-07
0.4560000E+00 -1.26889e-07
0.4580000E+00 -1.12425e-07
0.4600000E+00 -1.10847e-07
0.4620000E+00 -1.07539e-07
0.4640000E+00 -1.00052e-07
0.4660000E+00 -3.16207e-08
0.4680000E+00 -3.52452e-08
0.4700000E+00 -2.96675e-08
0.4720000E+00 -3.14336e-08
0.4740000E+00 -3.22657e-08
0.4760000E+00 -3.17235e-08
0.4780000E+00 -3.16631e-08
0.4800000E+00 -9.87337e-08
0.4820000E+00 -2.63935e-07
0.4840000E+00 -2.44968e-07
0.4860000E+00 1.68754e-07
0.4880000E+00 -9.85299e-08
0.4900000E+00 -7.96242e-08
0.4920000E+00 -7.79303e-08
0.4940000E+00 -7.98296e-08
0.4960000E+00 -8.36664e-08
0.4980000E+00 -6.97561e-08
0.5000000E+00 -2.97917e-08
0.5020000E+00 1.60273e-09
0.5040000E+00 1.12315e-08
0.5060000E+00 2.23075e-08
0.5080000E+00 -6.97485e-08
0.5100000E+00 -2.73642e-07
0.5120000E+00 -1.59465e-07
0.5140000E+00 -1.55105e-07
0.5160000E+00 -5.63461e-08
0.5180000E+00 -4.86817e-08
0.5200000E+00 -5.79596e-08
0.5220000E+00 -5.43301e-08
0.5240000E+00 -6.47305e-08
0.5260000E+00 -6.25488e-08
0.5280000E+00 -5.47982e-08
0.5300000E+00 -4.67343e-08
0.5320000E+00 5.05323e-08
0.5340000E+00 -1.17997e-07
0.5360000E+00 -1.29899e-07
0.5380000E+00 -1.30249e-07
0.5400000E+00 -1.24575e-07
0.5420000E+00 -9.41054e-08
0.5440000E+00 -2.29689e-08
0.5460000E+00 -2.14827e-08
0.5480000E+00 -1.94449e-08
0.5500000E+00 -1.54317e-08
0.5520000E+00 -1.16078e-08
0.5540000E+00 -2.86266e-07
0.5560000E+00 -1.26706e-07
0.5580000E+00 -7.53459e-08
0.5600000E+00 -6.74451e-08
0.5620000E+00 -9.21966e-08
0.5640000E+00 -8.35386e-08
0.5660000E+00 -7.52295e-08
0.5680000E+00 2.07806e-08
0.5700000E+00 1.2882e-07
0.5720000E+00 -2.38774e-07
0.5740000E+00 -1.76069e-07
0.5760000E+00 -4.25845e-08
0.5780000E+00 -3.34143e-08
0.5800000E+00 -4.34326e-08
0.5820000E+00 -4.63073e-08
0.5840000E+00 -4.97415e-08
0.5860000E+00 -1.5966e-07
0.5880000E+00 -5.68885e-08
0.5900000E+00 -1.08886e-07
0.5920000E+00 -9.10043e-08
0.5940000E+00 -2.75154e-08
0.5960000E+00 2.93738e-08
0.5980000E+00 -4.043e-07
0.6000000E+00 -8.1801e-08
0.6020000E+00 -1.02344e-07
0.6040000E+00 -1.17907e-07
0.6060000E+00 -1.01792e-07
0.6080000E+00 -1.18831e-07
0.6100000E+00 -1.23337e-07
0.6120000E+00 -6.31698e-08
0.6140000E+00 -5.88196e-08
0.6160000E+00 -2.16929e-07
0.6180000E+00 -2.87368e-07
0.6200000E+00 2.36573e-07
0.6220000E+00 -1.39207e-07
0.6240000E+00 -4.83184e-07
0.6260000E+00 -1.84413e-07
0.6280000E+00 -7.20208e-07
0.6300000E+00 5.02779e-08
0.6320000E+00 1.07519e-06
0.6340000E+00 -4.01358e-07
0.6360000E+00 2.94118e-07
0.6380000E+00 -1.47972e-07
0.6400000E+00 -4.93656e-08
0.6420000E+00 -2.06577e-07
0.6440000E+00 4.51015e-10
0.6460000E+00 -1.29016e-07
0.6480000E+00 -7.83802e-08
0.6500000E+00 -1.08184e-07
0.6520000E+00 -1.15357e-07
0.6540000E+00 7.3468e-08
0.6560000E+00 -9.49213e-08
0.6580000E+00 5.41353e-08
0.6600000E+00 -1.13986e-08
0.6620000E+00 -7.05957e-08
0.6640000E+00 -7.86437e-08
0.6660000E+00 -3.65222e-08
0.6680000E+00 3.41459e-08
0.6700000E+00 -9.12344e-08
0.6720000E+00 2.09262e-08
0.6740000E+00 -2.98989e-08
0.6760000E+00 -3.05613e-08
0.6780000E+00 -4.75383e-08
0.6800000E+00 -6.4512e-08
0.6820000E+00 -6.72602e-08
0.6840000E+00 -1.81433e-08
0.6860000E+00 -3.17187e-08
0.6880000E+00 -3.39823e-08
0.6900000E+00 -5.13809e-08
0.6920000E+00 -5.76254e-08
0.6940000E+00 -5.15679e-08
0.6960000E+00 -4.24708e-08
0.6980000E+00 -1.05436e-08
0.7000000E+00 -3.94019e-08
0.7020000E+00 -4.45897e-08
0.7040000E+00 -4.35774e-08
0.7060000E+00 -2.01085e-08
0.7080000E+00 -3.02935e-08
0.7100000E+00 -3.66898e-08
0.7120000E+00 -5.57829e-08
0.7140000E+00 -5.03226e-08
0.7160000E+00 -4.78258e-08
0.7180000E+00 -5.70946e-08
0.7200000E+00 -5.49162e-08
0.7220000E+00 -5.51015e-08
0.7240000E+00 -5.48421e-08
0.7260000E+00 -5.27835e-08
0.7280000E+00 -5.25264e-08
0.7300000E+00 -3.69948e-08
0.7320000E+00 -4.13101e-08
0.7340000E+00 -4.20041e-08
0.7360000E+00 -3.42502e-08
0.7380000E+00 -8.27604e-08
0.7400000E+00 -4.42516e-08
0.7420000E+00 -4.81749e-08
0.7440000E+00 -4.86876e-08
0.7460000E+00 -4.96453e-08
0.7480000E+00 -5.0429e-08
0.7500000E+00 -5.09135e-08
0.7520000E+00 -4.92274e-08
0.7540000E+00 -5.08118e-08
0.7560000E+00 -4.94706e-08
0.7580000E+00 -4.36932e-08
0.7600000E+00 -4.17555e-08
0.7620000E+00 -4.49032e-08
0.7640000E+00 -4.64448e-08
0.7660000E+00 -4.62488e-08
0.7680000E+00 -8.50466e-08
0.7700000E+00 -6.49379e-08
0.7720000E+00 -6.19341e-08
0.7740000E+00 -6.19578e-08
0.7760000E+00 -4.85738e-08
0.7780000E+00 -3.65321e-08
0.7800000E+00 -4.60695e-08
0.7820000E+00 -4.89633e-08
0.7840000E+00 -4.88119e-08
0.7860000E+00 -4.85238e-08
0.7880000E+00 -4.9636e-08
0.7900000E+00 -4.42538e-08
0.7920000E+00 -4.09839e-08
0.7940000E+00 -4.36813e-08
0.7960000E+00 -4.57044e-08
0.7980000E+00 -4.71067e-08
0.8000000E+00 -4.80021e-08
0.8020000E+00 -7.96465e-08
0.8040000E+00 -7.78644e-08
0.8060000E+00 -6.28391e-08
0.8080000E+00 -6.25945e-08
0.8100000E+00 -6.29891e-08
0.8120000E+00 -6.18655e-08
0.8140000E+00 -5.10217e-08
0.8160000E+00 -3.50818e-08
0.8180000E+00 -4.17678e-08
0.8200000E+00 -4.784e-08
0.8220000E+00 -4.76997e-08
0.8240000E+00 -4.73965e-08
0.8260000E+00 -4.24426e-08
0.8280000E+00 -4.88404e-08
0.8300000E+00 -5.0713e-08
0.8320000E+00 -5.22025e-08
0.8340000E+00 -5.04404e-08
0.8360000E+00 -4.87804e-08
0.8380000E+00 -4.55048e-08
0.8400000E+00 -8.82699e-08
0.8420000E+00 -6.91071e-08
0.8440000E+00 -6.21023e-08
0.8460000E+00 -6.25361e-08
0.8480000E+00 -6.0184e-08
0.8500000E+00 -6.02057e-08
0.8520000E+00 -5.58819e-08
0.8540000E+00 -4.37177e-08
0.8560000E+00 -4.03535e-08
0.8580000E+00 -4.11906e-08
0.8600000E+00 -4.64469e-08
0.8620000E+00 -4.85359e-08
0.8640000E+00 -4.49511e-08
0.8660000E+00 -4.828e-08
0.8680000E+00 -4.86396e-08
0.8700000E+00 -4.88527e-08
0.8720000E+00 -4.88954e-08
0.8740000E+00 -4.95379e-08
0.8760000E+00 -5.01461e-08
0.8780000E+00 -5.03315e-08
0.8800000E+00 -5.1104e-08
0.8820000E+00 -7.21547e-08
0.8840000E+00 -7.01257e-08
0.8860000E+00 -6.51522e-08
0.8880000E+00 -6.2977e-08
0.8900000E+00 -5.87007e-08
0.8920000E+00 -4.47929e-08
0.8940000E+00 -3.95577e-08
0.8960000E+00 -5.5764e-08
0.8980000E+00 -5.14044e-08
0.9000000E+00 -4.79059e-08
0.9020000E+00 -4.69837e-08
0.9040000E+00 -4.67921e-08
0.9060000E+00 -4.83262e-08
0.9080000E+00 -4.97558e-08
0.9100000E+00 -5.05879e-08
0.9120000E+00 -5.09001e-08
0.9140000E+00 -5.13581e-08
0.9160000E+00 -5.15469e-08
0.9180000E+00 -4.05201e-08
0.9200000E+00 -4.94257e-08
0.9220000E+00 -4.94059e-08
0.9240000E+00 -4.96022e-08
0.9260000E+00 -6.56201e-08
0.9280000E+00 -5.93265e-08
0.9300000E+00 -4.26473e-08
0.9320000E+00 -4.26876e-08
0.9340000E+00 -4.75944e-08
0.9360000E+00 -5.067e-08
0.9380000E+00 -5.32542e-08
0.9400000E+00 -5.31704e-08
0.9420000E+00 -5.33753e-08
0.9440000E+00 -5.36819e-08
0.9460000E+00 -5.35415e-08
0.9480000E+00 -4.94521e-08
0.9500000E+00 -4.99736e-08
0.9520000E+00 -5.04701e-08
0.9540000E+00 -5.30703e-08
0.9560000E+00 -5.18213e-08
0.9580000E+00 -4.93416e-08
0.9600000E+00 -5.17631e-08
0.9620000E+00 -5.2248e-08
0.9640000E+00 -4.98634e-08
0.9660000E+00 -3.49432e-08
0.9680000E+00 -2.93633e-08
0.9700000E+00 -3.6785e-08
0.9720000E+00 -6.86342e-08
0.9740000E+00 -5.48576e-08
0.9760000E+00 -5.23138e-08
0.9780000E+00 -5.13452e-08
0.9800000E+00 -4.43921e-08
0.9820000E+00 -4.99646e-08
0.9840000E+00 -5.01358e-08
0.9860000E+00 -5.03836e-08
0.9880000E+00 -5.12681e-08
0.9900000E+00 -5.13169e-08
0.9920000E+00 -5.2263e-08
0.9940000E+00 -5.29736e-08
0.9960000E+00 -5.34019e-08
0.9980000E+00 -5.33119e-08
0.1000000E+01 -5.3647e-08
0.1002000E+01 -4.01478e-08
0.1004000E+01 -2.94526e-08
0.1006000E+01 -3.86705e-08
0.1008000E+01 -4.23246e-08
0.1010000E+01 -4.03041e-08
0.1012000E+01 -3.80893e-08
0.1014000E+01 -3.82855e-08
0.1016000E+01 -3.76446e-08
0.1018000E+01 -4.22744e-08
0.1020000E+01 -6.31125e-08
0.1022000E+01 -5.56977e-08
0.1024000E+01 -5.34167e-08
0.1026000E+01 -5.13528e-08
0.1028000E+01 -5.29545e-08
0.1030000E+01 -5.3593e-08
0.1032000E+01 -5.26836e-08
0.1034000E+01 -5.20424e-08
0.1036000E+01 -4.91491e-08
0.1038000E+01 -3.82688e-08
0.1040000E+01 -2.94471e-08
0.1042000E+01 -3.28443e-08
0.1044000E+01 -3.60307e-08
0.1046000E+01 -3.83237e-08
0.1048000E+01 -4.20453e-08
0.1050000E+01 -4.24151e-08
0.1052000E+01 -4.30547e-08
0.1054000E+01 -4.34287e-08
0.1056000E+01 -4.3773e-08
0.1058000E+01 -4.44007e-08
0.1060000E+01 -4.58276e-08
0.1062000E+01 -4.69813e-08
0.1064000E+01 -4.76235e-08
0.1066000E+01 -4.8045e-08
0.1068000E+01 -4.84204e-08
0.1070000E+01 -5.75906e-08
0.1072000E+01 -4.43747e-08
0.1074000E+01 -2.78083e-08
0.1076000E+01 -2.40515e-08
0.1078000E+01 -3.62807e-08
0.1080000E+01 -3.47526e-08
0.1082000E+01 -3.72627e-08
0.1084000E+01 -3.711e-08
0.1086000E+01 -4.01971e-08
0.1088000E+01 -4.33062e-08
0.1090000E+01 -4.60301e-08
0.1092000E+01 -4.83281e-08
0.1094000E+01 -4.67915e-08
0.1096000E+01 -4.66303e-08
0.1098000E+01 -4.69685e-08
0.1100000E+01 -4.7103e-08
0.1102000E+01 -4.7068e-08
0.1104000E+01 -4.7497e-08
0.1106000E+01 -4.28109e-08
0.1108000E+01 -3.28021e-08
0.1110000E+01 -2.6866e-08
0.1112000E+01 -3.01792e-08
0.1114000E+01 -3.22443e-08
0.1116000E+01 -3.57927e-08
0.1118000E+01 -3.86752e-08
0.1120000E+01 -3.97166e-08
0.1122000E+01 -4.87778e-08
0.1124000E+01 -4.65052e-08
0.1126000E+01 -4.04116e-08
0.1128000E+01 -3.75497e-08
0.1130000E+01 -4.12763e-08
0.1132000E+01 -4.34809e-08
0.1134000E+01 -4.43796e-08
0.1136000E+01 -4.49311e-08
0.1138000E+01 -4.54948e-08
0.1140000E+01 -4.60646e-08
0.1142000E+01 -2.33974e-08
0.1144000E+01 -1.71662e-08
0.1146000E+01 -3.23168e-08
0.1148000E+01 -3.43164e-08
0.1150000E+01 -3.40792e-08
0.1152000E+01 -3.58063e-08
0.1154000E+01 -3.63916e-08
0.1156000E+01 -3.93222e-08
0.1158000E+01 -4.09541e-08
0.1160000E+01 -4.19729e-08
0.1162000E+01 -4.23591e-08
0.1164000E+01 -4.27772e-08
0.1166000E+01 -4.30956e-08
0.1168000E+01 -4.34038e-08
0.1170000E+01 -4.37287e-08
0.1172000E+01 -4.4011e-08
0.1174000E+01 -3.94484e-08
0.1176000E+01 -2.79852e-08
0.1178000E+01 -2.21805e-08
0.1180000E+01 -2.44218e-08
0.1182000E+01 -2.85022e-08
0.1184000E+01 -3.47161e-08
0.1186000E+01 -3.52385e-08
0.1188000E+01 -3.2286e-08
0.1190000E+01 -3.32749e-08
0.1192000E+01 -3.62419e-08
0.1194000E+01 -3.73345e-08
0.1196000E+01 -3.82366e-08
0.1198000E+01 -3.91884e-08
0.1200000E+01 -4.06448e-08
0.1202000E+01 -4.19049e-08
0.1204000E+01 -4.95565e-08
0.1206000E+01 -4.8966e-08
0.1208000E+01 -2.53542e-08
0.1210000E+01 -1.74418e-08
0.1212000E+01 -3.23071e-08
0.1214000E+01 -3.27872e-08
0.1216000E+01 -3.33361e-08
0.1218000E+01 -3.45568e-08
0.1220000E+01 -3.60421e-08
0.1222000E+01 -3.83701e-08
0.1224000E+01 -4.04295e-08
0.1226000E+01 -3.64522e-08
0.1228000E+01 -4.10756e-08
0.1230000E+01 -4.20768e-08
0.1232000E+01 -4.25195e-08
0.1234000E+01 -4.1016e-08
0.1236000E+01 -3.83869e-08
0.1238000E+01 -3.68602e-08
0.1240000E+01 -2.73524e-08
0.1242000E+01 -1.59068e-08
0.1244000E+01 -1.99765e-08
0.1246000E+01 -2.79035e-08
0.1248000E+01 -3.33058e-08
0.1250000E+01 -3.4276e-08
0.1252000E+01 -3.49912e-08
0.1254000E+01 -4.37683e-08
0.1256000E+01 -4.9991e-08
0.1258000E+01 -4.47835e-08
0.1260000E+01 -4.29225e-08
0.1262000E+01 -4.32956e-08
0.1264000E+01 -4.20674e-08
0.1266000E+01 -4.23405e-08
0.1268000E+01 -4.28182e-08
0.1270000E+01 -4.33765e-08
0.1272000E+01 -1.70634e-08
0.1274000E+01 -1.02242e-08
0.1276000E+01 -2.78479e-08
0.1278000E+01 -2.83848e-08
0.1280000E+01 -2.87261e-08
0.1282000E+01 -3.02375e-08
0.1284000E+01 -3.28083e-08
0.1286000E+01 -3.70666e-08
0.1288000E+01 -3.69486e-08
0.1290000E+01 -3.43136e-08
0.1292000E+01 -3.67127e-08
0.1294000E+01 -3.76514e-08
0.1296000E+01 -3.84626e-08
0.1298000E+01 -3.87326e-08
0.1300000E+01 -5.04855e-08
0.1302000E+01 -4.68071e-08
0.1304000E+01 -2.25946e-08
0.1306000E+01 -1.66742e-08
0.1308000E+01 -2.61352e-08
0.1310000E+01 -3.75675e-08
0.1312000E+01 -3.94065e-08
0.1314000E+01 -3.92894e-08
0.1316000E+01 -3.889e-08
0.1318000E+01 -3.90767e-08
0.1320000E+01 -3.91948e-08
0.1322000E+01 -4.04757e-08
0.1324000E+01 -4.2072e-08
0.1326000E+01 -4.31785e-08
0.1328000E+01 -4.33974e-08
0.1330000E+01 -4.33832e-08
0.1332000E+01 -3.44037e-08
0.1334000E+01 -2.39254e-08
0.1336000E+01 -1.3691e-08
0.1338000E+01 -2.72943e-08
0.1340000E+01 -2.83628e-08
0.1342000E+01 -4.83516e-08
0.1344000E+01 -4.6637e-08
0.1346000E+01 -4.52816e-08
0.1348000E+01 -4.39977e-08
0.1350000E+01 -4.3308e-08
0.1352000E+01 -4.38463e-08
0.1354000E+01 -4.35749e-08
0.1356000E+01 -4.36118e-08
0.1358000E+01 -4.28386e-08
0.1360000E+01 -4.28296e-08
0.1362000E+01 -3.10785e-08
0.1364000E+01 -1.37648e-08
0.1366000E+01 -1.29636e-08
0.1368000E+01 -2.51622e-08
0.1370000E+01 -2.94434e-08
0.1372000E+01 -3.13398e-08
0.1374000E+01 -3.14604e-08
0.1376000E+01 -3.32157e-08
0.1378000E+01 -5.37917e-08
0.1380000E+01 -7.33433e-08
0.1382000E+01 -5.8442e-08
0.1384000E+01 -5.43827e-08
0.1386000E+01 -5.1382e-08
0.1388000E+01 -5.02151e-08
0.1390000E+01 -4.67358e-08
0.1392000E+01 -2.85365e-08
0.1394000E+01 -1.42528e-08
0.1396000E+01 -2.54122e-08
0.1398000E+01 -3.0137e-08
0.1400000E+01 -3.29598e-08
0.1402000E+01 -3.49071e-08
0.1404000E+01 -3.56111e-08
0.1406000E+01 -3.73082e-08
0.1408000E+01 -3.81325e-08
0.1410000E+01 -3.76025e-08
0.1412000E+01 -6.55105e-08
0.1414000E+01 -7.29102e-08
0.1416000E+01 -5.57899e-08
0.1418000E+01 -5.64179e-08
0.1420000E+01 -3.04368e-08
0.1422000E+01 -1.92952e-08
0.1424000E+01 -3.24177e-08
0.1426000E+01 -3.02547e-08
0.1428000E+01 -3.30465e-08
0.1430000E+01 -3.52916e-08
0.1432000E+01 -4.61904e-08
0.1434000E+01 -4.99616e-08
0.1436000E+01 -4.48953e-08
0.1438000E+01 -4.3497e-08
0.1440000E+01 -4.77744e-08
0.1442000E+01 -8.34951e-08
0.1444000E+01 -7.21179e-08
0.1446000E+01 -5.78601e-08
0.1448000E+01 -4.06823e-08
0.1450000E+01 -2.24517e-08
0.1452000E+01 -2.94371e-08
0.1454000E+01 -3.88321e-08
0.1456000E+01 -4.04121e-08
0.1458000E+01 -4.02437e-08
0.1460000E+01 -3.86118e-08
0.1462000E+01 -3.6437e-08
0.1464000E+01 -3.57286e-08
0.1466000E+01 -3.54152e-08
0.1468000E+01 -7.76074e-08
0.1470000E+01 -7.03088e-08
0.1472000E+01 -6.13285e-08
0.1474000E+01 -4.62679e-08
0.1476000E+01 -2.98528e-08
0.1478000E+01 -3.30542e-08
0.1480000E+01 -4.64314e-08
0.1482000E+01 -4.33032e-08
0.1484000E+01 -4.02465e-08
0.1486000E+01 -4.00277e-08
0.1488000E+01 -4.02682e-08
0.1490000E+01 -6.39118e-08
0.1492000E+01 -8.58104e-08
0.1494000E+01 -7.00332e-08
0.1496000E+01 -5.82075e-08
0.1498000E+01 -5.22419e-08
0.1500000E+01 -5.5112e-08
0.1502000E+01 -3.10025e-08
0.1504000E+01 -1.31211e-08
0.1506000E+01 -2.39791e-08
0.1508000E+01 -2.22151e-08
0.1510000E+01 -2.49131e-08
0.1512000E+01 -6.57771e-08
0.1514000E+01 -8.055e-08
0.1516000E+01 -5.19221e-08
0.1518000E+01 -4.60878e-08
0.1520000E+01 -4.92484e-08
0.1522000E+01 -5.25885e-08
0.1524000E+01 -4.62197e-08
0.1526000E+01 -4.20395e-08
0.1528000E+01 -2.57616e-08
0.1530000E+01 -1.82458e-08
0.1532000E+01 -6.34905e-08
0.1534000E+01 -5.82947e-08
0.1536000E+01 -4.42926e-08
0.1538000E+01 -4.16689e-08
0.1540000E+01 -3.53473e-08
0.1542000E+01 -3.05082e-08
0.1544000E+01 -2.92817e-08
0.1546000E+01 -2.88051e-08
0.1548000E+01 -2.839e-08
0.1550000E+01 -7.06565e-08
0.1552000E+01 -5.19036e-08
0.1554000E+01 -2.87924e-08
0.1556000E+01 -1.44992e-08
0.1558000E+01 -2.07218e-08
0.1560000E+01 -3.00489e-08
0.1562000E+01 -2.48509e-08
0.1564000E+01 -1.83471e-08
0.1566000E+01 -4.14824e-08
0.1568000E+01 -5.10143e-08
0.1570000E+01 -3.09991e-08
0.1572000E+01 -2.66803e-08
0.1574000E+01 -2.24204e-08
0.1576000E+01 -1.79893e-08
0.1578000E+01 -2.66982e-09
0.1580000E+01 5.24038e-09
0.1582000E+01 -1.57633e-08
0.1584000E+01 -2.79931e-08
0.1586000E+01 -1.33973e-08
0.1588000E+01 -9.25357e-09
0.1590000E+01 -8.30655e-09
0.1592000E+01 -7.82532e-09
0.1594000E+01 -1.42495e-08
0.1596000E+01 -1.54671e-08
0.1598000E+01 -2.74917e-08
0.1600000E+01 -2.78789e-08
0.1602000E+01 -6.36643e-09
0.1604000E+01 4.46663e-09
0.1606000E+01 7.08677e-09
0.1608000E+01 5.66485e-09
0.1610000E+01 6.14697e-09
0.1612000E+01 1.13592e-08
0.1614000E+01 2.21211e-09
0.1616000E+01 -1.35464e-09
0.1618000E+01 4.09985e-09
0.1620000E+01 4.86338e-09
0.1622000E+01 6.81271e-09
0.1624000E+01 8.13829e-09
0.1626000E+01 7.31571e-09
0.1628000E+01 2.39182e-08
0.1630000E+01 2.21783e-08
0.1632000E+01 1.30888e-08
0.1634000E+01 1.3849e-08
0.1636000E+01 1.45472e-08
0.1638000E+01 1.31102e-08
0.1640000E+01 1.33749e-08
0.1642000E+01 1.63981e-08
0.1644000E+01 1.63242e-08
0.1646000E+01 1.46839e-10
0.1648000E+01 5.00237e-09
0.1650000E+01 1.70645e-08
0.1652000E+01 2.79691e-08
0.1654000E+01 3.23683e-08
0.1656000E+01 2.7201e-08
0.1658000E+01 1.7422e-08
0.1660000E+01 1.79823e-08
0.1662000E+01 1.90786e-08
0.1664000E+01 1.87438e-08
0.1666000E+01 2.28226e-08
0.1668000E+01 2.22326e-08
0.1670000E+01 2.04271e-08
0.1672000E+01 2.62442e-08
0.1674000E+01 3.53877e-08
0.1676000E+01 3.6049e-08
0.1678000E+01 3.04524e-08
0.1680000E+01 4.00812e-08
0.1682000E+01 4.04364e-08
0.1684000E+01 3.23077e-08
0.1686000E+01 2.56222e-08
0.1688000E+01 2.55227e-08
0.1690000E+01 2.21486e-08
0.1692000E+01 3.57882e-09
0.1694000E+01 1.70422e-08
0.1696000E+01 3.00694e-08
0.1698000E+01 3.25351e-08
0.1700000E+01 2.87596e-08
0.1702000E+01 2.99089e-08
0.1704000E+01 3.02991e-08
0.1706000E+01 3.62893e-08
0.1708000E+01 3.59002e-08
0.1710000E+01 3.24452e-08
0.1712000E+01 2.7109e-08
0.1714000E+01 2.35411e-08
0.1716000E+01 2.95578e-08
0.1718000E+01 3.9128e-08
0.1720000E+01 4.05074e-08
0.1722000E+01 3.5948e-08
0.1724000E+01 3.67268e-08
0.1726000E+01 3.59431e-08
0.1728000E+01 3.41126e-08
0.1730000E+01 3.36593e-08
0.1732000E+01 3.81597e-08
0.1734000E+01 3.69337e-08
0.1736000E+01 1.0844e-08
0.1738000E+01 2.64883e-08
0.1740000E+01 3.18658e-08
0.1742000E+01 3.02803e-08
0.1744000E+01 3.10255e-08
0.1746000E+01 3.73518e-08
0.1748000E+01 3.41152e-08
0.1750000E+01 3.27191e-08
0.1752000E+01 3.21032e-08
0.1754000E+01 3.17058e-08
0.1756000E+01 3.23047e-08
0.1758000E+01 3.65332e-08
0.1760000E+01 4.17985e-08
0.1762000E+01 3.91894e-08
0.1764000E+01 3.76256e-08
0.1766000E+01 3.68555e-08
0.1768000E+01 3.61498e-08
0.1770000E+01 3.63444e-08
0.1772000E+01 4.33021e-08
0.1774000E+01 3.93262e-08
0.1776000E+01 8.67834e-09
0.1778000E+01 2.80693e-08
0.1780000E+01 4.15515e-08
0.1782000E+01 3.91087e-08
0.1784000E+01 3.8237e-08
0.1786000E+01 3.49042e-08
0.1788000E+01 3.63722e-08
0.1790000E+01 3.69629e-08
0.1792000E+01 3.65675e-08
0.1794000E+01 3.6987e-08
0.1796000E+01 3.67333e-08
0.1798000E+01 4.38146e-08
0.1800000E+01 4.74209e-08
0.1802000E+01 4.40342e-08
0.1804000E+01 4.24144e-08
0.1806000E+01 4.13745e-08
0.1808000E+01 4.21684e-08
0.1810000E+01 4.29561e-08
0.1812000E+01 3.29127e-08
0.1814000E+01 9.79845e-09
0.1816000E+01 2.67844e-08
0.1818000E+01 3.95139e-08
0.1820000E+01 3.82845e-08
0.1822000E+01 4.18509e-08
0.1824000E+01 4.50073e-08
0.1826000E+01 4.60302e-08
0.1828000E+01 4.55738e-08
0.1830000E+01 4.45076e-08
0.1832000E+01 4.48494e-08
0.1834000E+01 4.60908e-08
0.1836000E+01 5.11665e-08
0.1838000E+01 5.12325e-08
0.1840000E+01 4.91574e-08
0.1842000E+01 4.99755e-08
0.1844000E+01 5.16415e-08
0.1846000E+01 -5.14687e-09
0.1848000E+01 2.67326e-08
0.1850000E+01 3.36987e-08
0.1852000E+01 4.06393e-08
0.1854000E+01 4.54739e-08
0.1856000E+01 4.73095e-08
0.1858000E+01 4.72442e-08
0.1860000E+01 4.80514e-08
0.1862000E+01 5.12331e-08
0.1864000E+01 5.11785e-08
0.1866000E+01 5.0748e-08
0.1868000E+01 5.12085e-08
0.1870000E+01 5.66271e-08
0.1872000E+01 1.71638e-08
0.1874000E+01 1.75331e-08
0.1876000E+01 3.12698e-08
0.1878000E+01 5.01658e-08
0.1880000E+01 5.13153e-08
0.1882000E+01 5.20385e-08
0.1884000E+01 5.56481e-08
0.1886000E+01 5.723e-08
0.1888000E+01 5.62111e-08
0.1890000E+01 5.40973e-08
0.1892000E+01 9.1206e-09
0.1894000E+01 6.07104e-08
0.1896000E+01 5.54737e-08
0.1898000E+01 2.61776e-08
0.1900000E+01 4.04454e-08
0.1902000E+01 3.05427e-08
0.1904000E+01 2.72267e-08
0.1906000E+01 2.76237e-08
0.1908000E+01 3.6403e-08
0.1910000E+01 2.72902e-08
0.1912000E+01 1.74022e-08
0.1914000E+01 6.87046e-09
0.1916000E+01 2.22685e-08
0.1918000E+01 -1.69606e-08
0.1920000E+01 -2.58173e-08
0.1922000E+01 -5.93447e-08
0.1924000E+01 -2.32599e-07
0.1926000E+01 -8.92771e-08
0.1928000E+01 3.52211e-07
0.1930000E+01 3.62156e-07
0.1932000E+01 2.04039e-07
0.1934000E+01 1.95387e-07
0.1936000E+01 -6.16585e-08
0.1938000E+01 2.7672e-07
0.1940000E+01 4.99395e-08
0.1942000E+01 1.8248e-07
0.1944000E+01 1.09018e-07
0.1946000E+01 2.5831e-07
0.1948000E+01 1.72609e-07
0.1950000E+01 2.31743e-07
0.1952000E+01 1.85381e-07
0.1954000E+01 7.71244e-07
0.1956000E+01 -5.18976e-08
0.1958000E+01 -9.68843e-07
0.1960000E+01 -4.09926e-07
0.1962000E+01 -2.49188e-07
0.1964000E+01 -9.56302e-08
0.1966000E+01 2.49613e-09
0.1968000E+01 -9.82664e-08
0.1970000E+01 -1.52381e-07
0.1972000E+01 -2.57976e-07
0.1974000E+01 -1.65781e-07
0.1976000E+01 3.1274e-08
0.1978000E+01 3.19946e-08
0.1980000E+01 -7.85977e-08
0.1982000E+01 -1.41965e-07
0.1984000E+01 -7.8044e-09
0.1986000E+01 -3.07955e-08
0.1988000E+01 -1.78264e-07
0.1990000E+01 2.13169e-07
0.1992000E+01 2.01961e-08
0.1994000E+01 1.47269e-08
0.1996000E+01 -7.55979e-08
0.1998000E+01 4.43727e-07
0.2000000E+01 -2.42404e-08
0.2002000E+01 -2.50613e-08
0.2004000E+01 -2.27269e-08
0.2006000E+01 -2.18476e-08
0.2008000E+01 -2.23899e-08
0.2010000E+01 -2.33928e-08
0.2012000E+01 -2.45488e-08
0.2014000E+01 -2.80809e-08
0.2016000E+01 -3.72191e-08
0.2018000E+01 -2.2603e-08
0.2020000E+01 -9.26213e-09
0.2022000E+01 -8.95184e-09
0.2024000E+01 -8.94724e-09
0.2026000E+01 -7.96262e-09
0.2028000E+01 -1.58062e-08
0.2030000E+01 1.29651e-08
0.2032000E+01 1.0195e-07
0.2034000E+01 1.41189e-07
0.2036000E+01 3.12394e-08
0.2038000E+01 -6.40832e-08
0.2040000E+01 -7.55353e-08
0.2042000E+01 -7.96313e-08
0.2044000E+01 -1.62384e-08
0.2046000E+01 5.82614e-09
0.2048000E+01 3.39252e-08
0.2050000E+01 7.63373e-08
0.2052000E+01 4.69914e-08
0.2054000E+01 -7.33549e-08
0.2056000E+01 -8.46096e-08
0.2058000E+01 -2.5685e-09
0.2060000E+01 2.15145e-08
0.2062000E+01 1.97886e-08
0.2064000E+01 -9.77461e-10
0.2066000E+01 -1.81437e-07
0.2068000E+01 3.55153e-08
0.2070000E+01 -9.59686e-09
0.2072000E+01 -5.12132e-08
0.2074000E+01 -3.90847e-08
0.2076000E+01 -1.70689e-08
0.2078000E+01 1.41912e-08
0.2080000E+01 -6.88786e-09
0.2082000E+01 4.87449e-09
0.2084000E+01 -2.48718e-08
0.2086000E+01 -1.31626e-08
0.2088000E+01 -2.08194e-08
0.2090000E+01 -1.94389e-08
0.2092000E+01 4.12006e-09
0.2094000E+01 4.8809e-08
0.2096000E+01 3.64252e-08
0.2098000E+01 4.29097e-09
0.2100000E+01 -2.80901e-08
0.2102000E+01 -1.46974e-08
0.2104000E+01 8.49268e-10
0.2106000E+01 1.19998e-08
0.2108000E+01 3.18605e-08
0.2110000E+01 4.09333e-08
0.2112000E+01 8.14804e-09
0.2114000E+01 2.07222e-08
0.2116000E+01 2.04975e-08
0.2118000E+01 6.00974e-10
0.2120000E+01 4.22741e-09
0.2122000E+01 -8.14512e-09
0.2124000E+01 -1.38041e-08
0.2126000E+01 -1.67215e-08
0.2128000E+01 2.3365e-08
0.2130000E+01 5.2799e-08
0.2132000E+01 2.8993e-08
0.2134000E+01 -2.87037e-09
0.2136000E+01 1.47567e-08
0.2138000E+01 1.66869e-08
0.2140000E+01 -1.14283e-09
0.2142000E+01 2.27314e-08
0.2144000E+01 1.46299e-08
0.2146000E+01 5.02239e-08
0.2148000E+01 3.93376e-08
0.2150000E+01 4.42683e-08
0.2152000E+01 3.90648e-08
0.2154000E+01 1.30703e-08
0.2156000E+01 1.10819e-08
0.2158000E+01 3.22018e-09
0.2160000E+01 1.78021e-08
0.2162000E+01 4.23307e-08
0.2164000E+01 2.82678e-08
0.2166000E+01 3.28362e-08
0.2168000E+01 3.79412e-08
0.2170000E+01 3.514e-08
0.2172000E+01 3.79516e-08
0.2174000E+01 1.71973e-08
0.2176000E+01 1.57059e-08
0.2178000E+01 5.9125e-09
0.2180000E+01 5.84668e-08
0.2182000E+01 5.52591e-08
0.2184000E+01 4.56515e-08
0.2186000E+01 2.88444e-08
0.2188000E+01 3.19976e-08
0.2190000E+01 3.37706e-08
0.2192000E+01 4.03409e-08
0.2194000E+01 5.36154e-08
0.2196000E+01 6.21536e-08
0.2198000E+01 4.4654e-08
0.2200000E+01 2.91554e-08
0.2202000E+01 2.82454e-08
0.2204000E+01 3.15645e-08
0.2206000E+01 3.48356e-08
0.2208000E+01 4.67963e-08
0.2210000E+01 4.66954e-08
0.2212000E+01 4.48169e-08
0.2214000E+01 5.85739e-08
0.2216000E+01 4.54075e-08
0.2218000E+01 3.68539e-08
0.2220000E+01 3.53797e-08
0.2222000E+01 5.23969e-08
0.2224000E+01 6.47974e-08
0.2226000E+01 3.63332e-08
0.2228000E+01 4.15288e-08
0.2230000E+01 5.17357e-08
0.2232000E+01 5.55418e-08
0.2234000E+01 7.49751e-08
0.2236000E+01 7.48664e-08
0.2238000E+01 6.65755e-08
0.2240000E+01 4.37114e-08
0.2242000E+01 5.25799e-08
0.2244000E+01 7.84317e-08
0.2246000E+01 3.84365e-08
0.2248000E+01 4.98415e-08
0.2250000E+01 4.9945e-08
0.2252000E+01 1.02385e-07
0.2254000E+01 8.07543e-08
0.2256000E+01 1.63066e-07
0.2258000E+01 2.25159e-07
0.2260000E+01 9.40974e-08
0.2262000E+01 -7.03806e-08
0.2264000E+01 -2.70806e-08
0.2266000E+01 -2.05068e-08
0.2268000E+01 -6.76641e-09
0.2270000E+01 -7.45703e-09
0.2272000E+01 -1.15812e-09
0.2274000E+01 -1.08768e-09
0.2276000E+01 -3.1877e-09
0.2278000E+01 -3.71733e-09
0.2280000E+01 5.9858e-09
0.2282000E+01 1.07596e-08
0.2284000E+01 1.03549e-08
0.2286000E+01 1.033e-08
0.2288000E+01 1.50025e-08
0.2290000E+01 1.67698e-08
0.2292000E+01 8.66389e-09
0.2294000E+01 4.10207e-09
0.2296000E+01 3.96963e-09
0.2298000E+01 3.6515e-09
0.2300000E+01 9.01878e-10
0.2302000E+01 1.45207e-09
0.2304000E+01 2.76165e-09
0.2306000E+01 4.48255e-09
0.2308000E+01 3.60538e-09
0.2310000E+01 2.74864e-09
0.2312000E+01 1.16789e-08
0.2314000E+01 8.38309e-10
0.2316000E+01 -4.85908e-09
0.2318000E+01 -6.45159e-09
0.2320000E+01 -4.24154e-09
0.2322000E+01 -3.40044e-09
0.2324000E+01 -2.17356e-09
0.2326000E+01 -1.39215e-09
0.2328000E+01 -1.18101e-09
0.2330000E+01 -1.25049e-09
0.2332000E+01 -5.88961e-09
0.2334000E+01 -4.87008e-09
0.2336000E+01 -1.46848e-09
0.2338000E+01 -7.13813e-09
0.2340000E+01 -6.53166e-09
0.2342000E+01 -7.32507e-09
0.2344000E+01 -7.58551e-09
0.2346000E+01 -7.51408e-09
0.2348000E+01 -1.25168e-08
0.2350000E+01 -1.29212e-08
0.2352000E+01 -1.0635e-08
0.2354000E+01 -8.80427e-09
0.2356000E+01 -7.95158e-09
0.2358000E+01 -7.0515e-09
0.2360000E+01 -9.14373e-09
0.2362000E+01 -1.82329e-08
0.2364000E+01 -1.8963e-08
0.2366000E+01 -1.72502e-08
0.2368000E+01 -6.37477e-08
0.2370000E+01 -1.74513e-07
0.2372000E+01 -1.4141e-07
0.2374000E+01 -9.23143e-08
0.2376000E+01 2.18434e-08
0.2378000E+01 -9.2764e-09
0.2380000E+01 -6.89775e-09
0.2382000E+01 -2.35793e-08
0.2384000E+01 6.80735e-09
0.2386000E+01 -6.84639e-09
0.2388000E+01 -3.13765e-08
0.2390000E+01 -3.64772e-08
0.2392000E+01 -4.07591e-08
0.2394000E+01 -4.66298e-09
0.2396000E+01 -3.27881e-08
0.2398000E+01 -4.28283e-08
0.2400000E+01 -2.94291e-08
0.2402000E+01 -1.18356e-08
0.2404000E+01 -2.71486e-08
0.2406000E+01 1.00365e-08
0.2408000E+01 -1.53117e-08
0.2410000E+01 -1.05399e-08
0.2412000E+01 1.66183e-08
0.2414000E+01 -9.18419e-09
0.2416000E+01 -1.12694e-08
0.2418000E+01 -1.62493e-08
0.2420000E+01 -1.07728e-09
0.2422000E+01 -2.26434e-08
0.2424000E+01 -2.20352e-08
0.2426000E+01 -1.94529e-08
0.2428000E+01 -2.96449e-08
0.2430000E+01 -2.29053e-08
0.2432000E+01 -2.09238e-08
0.2434000E+01 -1.53628e-08
0.2436000E+01 -1.3415e-08
0.2438000E+01 -1.13209e-08
0.2440000E+01 -2.18656e-08
0.2442000E+01 -2.26506e-08
0.2444000E+01 -2.49091e-08
0.2446000E+01 -1.96552e-08
0.2448000E+01 -1.86428e-08
0.2450000E+01 -2.01384e-08
0.2452000E+01 -1.96532e-08
0.2454000E+01 -1.75794e-08
0.2456000E+01 -2.75286e-08
0.2458000E+01 -1.88127e-08
0.2460000E+01 -1.89395e-08
0.2462000E+01 -4.48623e-08
0.2464000E+01 -4.31709e-08
0.2466000E+01 -1.17058e-08
0.2468000E+01 -2.02503e-08
0.2470000E+01 -2.07148e-08
0.2472000E+01 -5.65106e-09
0.2474000E+01 -1.67894e-08
0.2476000E+01 -2.02319e-08
0.2478000E+01 -1.30309e-08
0.2480000E+01 -2.13884e-08
0.2482000E+01 -1.86933e-08
0.2484000E+01 -1.24434e-08
0.2486000E+01 -1.54605e-08
0.2488000E+01 -1.30316e-08
0.2490000E+01 -1.86616e-08
0.2492000E+01 -1.63266e-08
0.2494000E+01 -2.03267e-08
0.2496000E+01 -1.40833e-08
0.2498000E+01 -1.82308e-08
0.2500000E+01 -1.02896e-08
0.2502000E+01 -2.86043e-08
0.2504000E+01 -1.68461e-08
0.2506000E+01 -1.49972e-08
0.2508000E+01 -1.76682e-08
0.2510000E+01 -1.52327e-08
0.2512000E+01 -1.08937e-08
0.2514000E+01 2.18109e-09
0.2516000E+01 -2.91568e-08
0.2518000E+01 -2.24126e-08
0.2520000E+01 -1.81409e-08
0.2522000E+01 -1.38755e-08
0.2524000E+01 -1.4248e-08
0.2526000E+01 -1.77531e-08
0.2528000E+01 -1.15446e-08
0.2530000E+01 -1.04221e-08
0.2532000E+01 -2.146e-08
0.2534000E+01 -4.693e-08
0.2536000E+01 -2.79114e-08
0.2538000E+01 -1.88176e-08
0.2540000E+01 -2.41021e-08
0.2542000E+01 -1.97992e-08
0.2544000E+01 -1.77551e-08
0.2546000E+01 -6.58901e-09
0.2548000E+01 -9.48434e-09
0.2550000E+01 -1.47389e-08
0.2552000E+01 -1.21796e-08
0.2554000E+01 -3.15121e-08
0.2556000E+01 -2.11503e-08
0.2558000E+01 -2.02128e-08
0.2560000E+01 -1.76374e-08
0.2562000E+01 -2.54957e-08
0.2564000E+01 -2.9733e-08
0.2566000E+01 -3.19051e-08
0.2568000E+01 -2.84796e-08
0.2570000E+01 -2.17946e-08
0.2572000E+01 -2.05961e-08
0.2574000E+01 -2.01525e-08
0.2576000E+01 -1.84681e-08
0.2578000E+01 -2.18524e-08
0.2580000E+01 -1.81514e-08
0.2582000E+01 -1.62081e-08
0.2584000E+01 -8.13662e-09
0.2586000E+01 -5.4864e-09
0.2588000E+01 -1.54134e-08
0.2590000E+01 -1.56321e-08
0.2592000E+01 -3.10854e-08
0.2594000E+01 -4.67942e-08
0.2596000E+01 -3.27091e-08
0.2598000E+01 -2.98838e-08
0.2600000E+01 -2.55752e-08
0.2602000E+01 -2.5675e-08
0.2604000E+01 -2.39774e-08
0.2606000E+01 -1.89022e-08
0.2608000E+01 -2.02829e-08
0.2610000E+01 -1.82256e-08
0.2612000E+01 -2.01524e-08
0.2614000E+01 -1.94272e-08
0.2616000E+01 -1.78278e-08
0.2618000E+01 -1.71139e-08
0.2620000E+01 -1.60874e-08
0.2622000E+01 -3.60524e-08
0.2624000E+01 -3.85574e-08
0.2626000E+01 -2.67792e-08
0.2628000E+01 -2.60551e-08
0.2630000E+01 -2.16112e-08
0.2632000E+01 -2.01442e-08
0.2634000E+01 -2.04738e-08
0.2636000E+01 -2.16035e-08
0.2638000E+01 -1.80951e-08
0.2640000E+01 -1.79334e-08
0.2642000E+01 -1.78678e-08
0.2644000E+01 -1.76769e-08
0.2646000E+01 -1.61301e-08
0.2648000E+01 -1.80587e-08
0.2650000E+01 -3.49369e-08
0.2652000E+01 -3.81646e-08
0.2654000E+01 -2.76514e-08
0.2656000E+01 -1.95036e-08
0.2658000E+01 -2.90543e-08
0.2660000E+01 -2.68691e-08
0.2662000E+01 -2.51685e-08
0.2664000E+01 -2.08795e-08
0.2666000E+01 -2.03357e-08
0.2668000E+01 -1.13324e-08
0.2670000E+01 -1.41296e-08
0.2672000E+01 -1.40512e-08
0.2674000E+01 -1.35395e-08
0.2676000E+01 -1.69834e-08
0.2678000E+01 -2.95172e-08
0.2680000E+01 -3.10369e-08
0.2682000E+01 -2.5426e-08
0.2684000E+01 -3.04427e-08
0.2686000E+01 -2.30181e-08
0.2688000E+01 -1.71712e-08
0.2690000E+01 -2.07258e-08
0.2692000E+01 -1.94824e-08
0.2694000E+01 -1.77597e-08
0.2696000E+01 -1.55565e-08
0.2698000E+01 -1.55377e-08
0.2700000E+01 -2.1753e-08
0.2702000E+01 -1.908e-08
0.2704000E+01 -2.79767e-08
0.2706000E+01 -1.59019e-08
0.2708000E+01 -1.5744e-08
0.2710000E+01 -1.63574e-08
0.2712000E+01 -1.20285e-08
0.2714000E+01 -1.73749e-08
0.2716000E+01 -1.87809e-08
0.2718000E+01 -8.63018e-09
0.2720000E+01 -2.04062e-08
0.2722000E+01 -1.62463e-08
0.2724000E+01 -1.62376e-08
0.2726000E+01 -1.46975e-08
0.2728000E+01 -1.4397e-08
0.2730000E+01 -1.38988e-08
0.2732000E+01 -3.13123e-08
0.2734000E+01 -1.31907e-08
0.2736000E+01 -1.75834e-08
0.2738000E+01 -2.06062e-08
0.2740000E+01 -1.56098e-08
0.2742000E+01 6.3576e-10
0.2744000E+01 5.46685e-10
0.2746000E+01 -4.29554e-09
0.2748000E+01 -1.5248e-08
0.2750000E+01 -9.32248e-09
0.2752000E+01 -1.06736e-08
0.2754000E+01 -2.12976e-08
0.2756000E+01 -1.10203e-08
0.2758000E+01 -1.77857e-08
0.2760000E+01 -1.83928e-08
0.2762000E+01 -1.23864e-08
0.2764000E+01 -1.00455e-08
0.2766000E+01 -9.23766e-09
0.2768000E+01 -1.49928e-08
0.2770000E+01 -1.27842e-08
0.2772000E+01 -7.43783e-09
0.2774000E+01 -9.04962e-09
0.2776000E+01 -4.55989e-09
0.2778000E+01 -2.96771e-09
0.2780000E+01 -7.4597e-10
0.2782000E+01 -7.42181e-09
0.2784000E+01 -4.29728e-09
0.2786000E+01 -7.24914e-09
0.2788000E+01 -5.19413e-09
0.2790000E+01 -5.70308e-09
0.2792000E+01 -5.31959e-09
0.2794000E+01 -7.95877e-09
0.2796000E+01 -1.0314e-08
0.2798000E+01 -5.13737e-09
0.2800000E+01 -3.95717e-09
0.2802000E+01 -5.63635e-09
0.2804000E+01 -1.60846e-09
0.2806000E+01 -1.10136e-08
0.2808000E+01 -2.04075e-08
0.2810000E+01 -4.6468e-09
0.2812000E+01 4.47587e-10
0.2814000E+01 -2.64511e-09
0.2816000E+01 -5.9673e-09
0.2818000E+01 2.59858e-09
0.2820000E+01 -1.02224e-09
0.2822000E+01 -3.67672e-09
0.2824000E+01 -2.18008e-09
0.2826000E+01 -9.16592e-09
0.2828000E+01 2.83877e-11
0.2830000E+01 -4.782e-09
0.2832000E+01 -8.36199e-09
0.2834000E+01 -1.33408e-08
0.2836000E+01 -9.21646e-09
0.2838000E+01 -2.58105e-08
0.2840000E+01 -2.83456e-08
0.2842000E+01 -3.33159e-08
0.2844000E+01 -3.5988e-08
0.2846000E+01 -3.77157e-08
0.2848000E+01 8.27268e-08
0.2850000E+01 3.4465e-08
0.2852000E+01 2.29588e-08
0.2854000E+01 1.49886e-08
0.2856000E+01 3.49621e-08
0.2858000E+01 2.60534e-08
0.2860000E+01 2.13057e-08
0.2862000E+01 2.41733e-08
0.2864000E+01 3.81112e-08
0.2866000E+01 2.53857e-08
0.2868000E+01 2.73035e-08
0.2870000E+01 2.19047e-08
0.2872000E+01 2.9688e-08
0.2874000E+01 3.6506e-08
0.2876000E+01 3.77518e-08
0.2878000E+01 3.65597e-08
0.2880000E+01 4.13734e-08
0.2882000E+01 4.20656e-08
0.2884000E+01 4.947e-08
0.2886000E+01 3.29506e-08
0.2888000E+01 3.48152e-08
0.2890000E+01 3.86057e-08
0.2892000E+01 4.70926e-08
0.2894000E+01 5.30264e-08
0.2896000E+01 6.14376e-08
0.2898000E+01 3.92123e-08
0.2900000E+01 3.6882e-08
0.2902000E+01 4.49561e-08
0.2904000E+01 4.46049e-08
0.2906000E+01 3.85233e-08
0.2908000E+01 5.49184e-08
0.2910000E+01 6.01536e-08
0.2912000E+01 5.84541e-08
0.2914000E+01 5.36644e-08
0.2916000E+01 4.94432e-08
0.2918000E+01 5.06825e-08
0.2920000E+01 5.15536e-08
0.2922000E+01 6.73e-08
0.2924000E+01 5.57177e-08
0.2926000E+01 5.00559e-08
0.2928000E+01 4.95693e-08
0.2930000E+01 5.09912e-08
0.2932000E+01 5.49919e-08
0.2934000E+01 6.39204e-08
0.2936000E+01 5.93263e-08
0.2938000E+01 5.43224e-08
0.2940000E+01 2.06817e-07
0.2942000E+01 2.01712e-07
0.2944000E+01 3.02586e-08
0.2946000E+01 3.82395e-08
0.2948000E+01 3.96054e-08
0.2950000E+01 3.04413e-08
0.2952000E+01 3.28258e-08
0.2954000E+01 2.82069e-08
0.2956000E+01 3.76575e-08
0.2958000E+01 4.72732e-08
0.2960000E+01 3.29459e-08
0.2962000E+01 2.37685e-08
0.2964000E+01 2.15004e-08
0.2966000E+01 2.18076e-08
0.2968000E+01 3.50705e-08
0.2970000E+01 2.48356e-08
0.2972000E+01 3.57046e-08
0.2974000E+01 5.03443e-08
0.2976000E+01 4.37902e-08
0.2978000E+01 3.95242e-08
0.2980000E+01 4.4828e-08
0.2982000E+01 4.03082e-08
0.2984000E+01 2.37746e-08
0.2986000E+01 5.39285e-09
0.2988000E+01 -6.97439e-08
0.2990000E+01 1.03282e-07
0.2992000E+01 1.74325e-07
0.2994000E+01 -5.66888e-09
0.2996000E+01 4.98037e-09
0.2998000E+01 2.87689e-08
0.3000000E+01 1.81156e-08
0.3002000E+01 2.35313e-08
0.3004000E+01 1.28011e-08
0.3006000E+01 1.52041e-08
0.3008000E+01 1.765e-08
0.3010000E+01 1.50009e-08
0.3012000E+01 6.27597e-09
0.3014000E+01 5.77516e-10
0.3016000E+01 -3.13179e-10
0.3018000E+01 5.22732e-11
0.3020000E+01 -5.38497e-09
0.3022000E+01 -1.09508e-08
0.3024000E+01 -7.4358e-09
0.3026000E+01 -5.46962e-09
0.3028000E+01 -9.25849e-09
0.3030000E+01 5.4396e-09
0.3032000E+01 2.63118e-08
0.3034000E+01 1.40406e-08
0.3036000E+01 5.73005e-09
0.3038000E+01 1.36364e-08
0.3040000E+01 3.59082e-09
0.3042000E+01 2.31048e-09
0.3044000E+01 -2.017e-09
0.3046000E+01 8.17376e-09
0.3048000E+01 -2.67842e-09
0.3050000E+01 -5.28662e-09
0.3052000E+01 -3.64327e-09
0.3054000E+01 -4.23004e-09
0.3056000E+01 -7.61181e-09
0.3058000E+01 -1.12039e-08
0.3060000E+01 -1.11619e-08
0.3062000E+01 -1.58105e-08
0.3064000E+01 -1.67242e-08
0.3066000E+01 -1.9805e-08
0.3068000E+01 -1.7725e-08
0.3070000E+01 -1.32737e-08
0.3072000E+01 -1.38345e-08
0.3074000E+01 -1.37189e-08
0.3076000E+01 1.27216e-08
0.3078000E+01 1.4365e-08
0.3080000E+01 7.54641e-09
0.3082000E+01 5.65676e-09
0.3084000E+01 -1.8258e-09
0.3086000E+01 -7.9515e-09
0.3088000E+01 -9.32875e-09
0.3090000E+01 -1.26897e-08
0.3092000E+01 -2.20174e-08
0.3094000E+01 -1.23517e-08
0.3096000E+01 -1.99751e-08
0.3098000E+01 -1.24943e-08
0.3100000E+01 -1.02734e-08
0.3102000E+01 -1.1549e-08
0.3104000E+01 -1.55717e-08
0.3106000E+01 -1.78581e-08
0.3108000E+01 -9.3338e-09
0.3110000E+01 -1.61536e-08
0.3112000E+01 -2.53176e-08
0.3114000E+01 -2.38385e-08
0.3116000E+01 -9.63324e-09
0.3118000E+01 -2.30745e-08
0.3120000E+01 -1.96172e-08
0.3122000E+01 -1.45848e-08
0.3124000E+01 -3.3266e-08
0.3126000E+01 -4.18307e-08
0.3128000E+01 -4.42051e-08
0.3130000E+01 -3.83817e-08
0.3132000E+01 -2.85729e-08
0.3134000E+01 -3.41362e-08
0.3136000E+01 -2.48247e-08
0.3138000E+01 -1.31678e-08
0.3140000E+01 -3.6607e-08
0.3142000E+01 -3.34626e-08
0.3144000E+01 -3.69332e-08
0.3146000E+01 -3.36675e-08
0.3148000E+01 -6.22258e-08
0.3150000E+01 -6.76528e-08
0.3152000E+01 -5.06151e-08
0.3154000E+01 -5.46478e-08
0.3156000E+01 -1.20381e-07
0.3158000E+01 -1.38381e-07
0.3160000E+01 -1.26109e-07
0.3162000E+01 -4.02503e-07
0.3164000E+01 -3.75773e-07
0.3166000E+01 8.5277e-07
0.3168000E+01 3.99538e-08
0.3170000E+01 2.08699e-08
0.3172000E+01 4.55224e-09
0.3174000E+01 8.06546e-09
0.3176000E+01 4.32901e-08
0.3178000E+01 4.20047e-08
0.3180000E+01 2.99396e-08
0.3182000E+01 4.07646e-08
0.3184000E+01 3.28213e-08
0.3186000E+01 5.72571e-08
0.3188000E+01 4.57626e-08
0.3190000E+01 3.74598e-08
0.3192000E+01 3.04755e-08
0.3194000E+01 2.50873e-08
0.3196000E+01 2.98069e-08
0.3198000E+01 3.17822e-08
0.3200000E+01 4.14958e-08
0.3202000E+01 5.53415e-08
0.3204000E+01 4.8764e-08
0.3206000E+01 4.14161e-08
0.3208000E+01 3.72365e-08
0.3210000E+01 3.70552e-08
0.3212000E+01 4.66665e-08
0.3214000E+01 8.07904e-08
0.3216000E+01 5.57085e-08
0.3218000E+01 2.88892e-08
0.3220000E+01 7.3818e-09
0.3222000E+01 2.96129e-08
0.3224000E+01 5.7202e-08
0.3226000E+01 4.99953e-08
0.3228000E+01 3.72274e-08
0.3230000E+01 2.24601e-08
0.3232000E+01 2.56965e-08
0.3234000E+01 5.8265e-08
0.3236000E+01 7.5369e-08
0.3238000E+01 5.26216e-08
0.3240000E+01 3.68879e-08
0.3242000E+01 3.49298e-08
0.3244000E+01 1.11373e-07
0.3246000E+01 4.71218e-08
0.3248000E+01 4.37722e-08
0.3250000E+01 7.42901e-08
0.3252000E+01 1.29891e-07
0.3254000E+01 5.88182e-08
0.3256000E+01 1.1597e-07
0.3258000E+01 -3.96906e-08
0.3260000E+01 5.64491e-08
0.3262000E+01 -7.78296e-08
0.3264000E+01 6.2315e-09
0.3266000E+01 1.89112e-07
0.3268000E+01 4.73494e-08
0.3270000E+01 6.21203e-08
0.3272000E+01 2.04046e-07
0.3274000E+01 2.19291e-07
0.3276000E+01 4.17464e-07
0.3278000E+01 -6.6694e-08
0.3280000E+01 -8.82796e-08
0.3282000E+01 2.62508e-07
0.3284000E+01 2.7517e-07
0.3286000E+01 7.29261e-07
0.3288000E+01 1.10242e-07
0.3290000E+01 7.32816e-07
0.3292000E+01 6.55373e-07
0.3294000E+01 4.63146e-07
0.3296000E+01 -1.5344e-07
0.3298000E+01 -1.48978e-08
0.3300000E+01 -3.9231e-07
0.3302000E+01 -3.02467e-07
0.3304000E+01 -3.3957e-07
0.3306000E+01 -1.44809e-07
0.3308000E+01 -1.23013e-07
0.3310000E+01 -1.67323e-07
0.3312000E+01 -1.80466e-07
0.3314000E+01 -1.33745e-07
0.3316000E+01 -1.24235e-07
0.3318000E+01 -1.18263e-07
0.3320000E+01 -1.0374e-07
0.3322000E+01 -7.35311e-08
0.3324000E+01 -8.5172e-08
0.3326000E+01 -9.70948e-08
0.3328000E+01 -9.27699e-08
0.3330000E+01 -7.0724e-08
0.3332000E+01 -6.10165e-08
0.3334000E+01 -6.07143e-08
0.3336000E+01 -5.74725e-08
0.3338000E+01 -5.18958e-08
0.3340000E+01 -5.02292e-08
0.3342000E+01 -5.47123e-08
0.3344000E+01 -5.15989e-08
0.3346000E+01 -4.12419e-08
0.3348000E+01 -3.50453e-08
0.3350000E+01 -3.10328e-08
0.3352000E+01 -3.04534e-08
0.3354000E+01 -3.49636e-08
0.3356000E+01 -4.10333e-08
0.3358000E+01 -3.88547e-08
0.3360000E+01 -2.96443e-08
0.3362000E+01 -2.82941e-08
0.3364000E+01 -3.95867e-08
0.3366000E+01 -3.52888e-08
0.3368000E+01 -3.14961e-08
0.3370000E+01 -2.81276e-08
0.3372000E+01 -2.51679e-08
0.3374000E+01 -2.77027e-08
0.3376000E+01 -2.05573e-08
0.3378000E+01 -1.85042e-08
0.3380000E+01 -1.58778e-08
0.3382000E+01 -1.45651e-08
0.3384000E+01 -2.73971e-08
0.3386000E+01 -2.11946e-08
0.3388000E+01 -1.37468e-08
0.3390000E+01 -1.33719e-08
0.3392000E+01 -3.1079e-08
0.3394000E+01 -1.31668e-08
0.3396000E+01 -1.61006e-08
0.3398000E+01 -1.57731e-08
0.3400000E+01 -1.48452e-08
0.3402000E+01 -2.65724e-08
0.3404000E+01 -2.06015e-08
0.3406000E+01 -1.85135e-08
0.3408000E+01 -1.58044e-08
0.3410000E+01 -1.30845e-08
0.3412000E+01 -1.15569e-08
0.3414000E+01 -1.17569e-08
0.3416000E+01 -1.23682e-08
0.3418000E+01 -1.34417e-08
0.3420000E+01 -2.87662e-08
0.3422000E+01 -2.22021e-08
0.3424000E+01 -1.70134e-08
0.3426000E+01 -1.51686e-08
0.3428000E+01 -1.28526e-08
0.3430000E+01 1.2266e-09
0.3432000E+01 -7.27575e-09
0.3434000E+01 -5.76416e-09
0.3436000E+01 -1.76191e-08
0.3438000E+01 -2.1946e-08
0.3440000E+01 -1.57279e-08
0.3442000E+01 -2.08997e-08
0.3444000E+01 -1.50211e-08
0.3446000E+01 -8.06626e-09
0.3448000E+01 -5.9644e-09
0.3450000E+01 -7.43439e-09
0.3452000E+01 -3.01766e-08
0.3454000E+01 -2.26419e-08
0.3456000E+01 -1.14287e-08
0.3458000E+01 -6.25324e-09
0.3460000E+01 -3.58423e-09
0.3462000E+01 -7.31786e-09
0.3464000E+01 -1.04162e-08
0.3466000E+01 -3.62895e-08
0.3468000E+01 -3.14014e-08
0.3470000E+01 -2.37158e-08
0.3472000E+01 -1.36059e-08
0.3474000E+01 -1.5713e-08
0.3476000E+01 -1.17918e-08
0.3478000E+01 -2.42028e-08
0.3480000E+01 -3.6298e-08
0.3482000E+01 -1.41925e-08
0.3484000E+01 -1.70757e-08
0.3486000E+01 -7.08464e-09
0.3488000E+01 -1.99155e-08
0.3490000E+01 -3.13343e-08
0.3492000E+01 -4.37791e-08
0.3494000E+01 -1.1828e-08
0.3496000E+01 -2.08024e-08
0.3498000E+01 -2.37755e-08
0.3500000E+01 -2.4891e-09
0.3502000E+01 -3.44008e-08
0.3504000E+01 -3.06062e-08
0.3506000E+01 -1.34923e-08
0.3508000E+01 5.47536e-09
0.3510000E+01 -2.85801e-08
0.3512000E+01 -5.54563e-08
0.3514000E+01 7.35254e-09
0.3516000E+01 -7.67931e-09
0.3518000E+01 -2.35787e-08
0.3520000E+01 -2.82265e-09
0.3522000E+01 7.73493e-09
0.3524000E+01 3.15759e-08
0.3526000E+01 3.03139e-08
0.3528000E+01 3.73025e-08
0.3530000E+01 2.93349e-08
0.3532000E+01 4.35576e-08
0.3534000E+01 4.54316e-08
0.3536000E+01 3.34366e-08
0.3538000E+01 4.81639e-08
0.3540000E+01 6.83832e-08
0.3542000E+01 6.39199e-08
0.3544000E+01 7.16389e-08
0.3546000E+01 9.89973e-08
0.3548000E+01 5.53328e-08
0.3550000E+01 6.05954e-08
0.3552000E+01 7.07303e-08
0.3554000E+01 1.02758e-07
0.3556000E+01 5.40069e-08
0.3558000E+01 5.10357e-08
0.3560000E+01 1.16011e-07
0.3562000E+01 9.47641e-08
0.3564000E+01 1.07682e-07
0.3566000E+01 7.50841e-08
0.3568000E+01 6.37862e-08
0.3570000E+01 6.82774e-08
0.3572000E+01 7.78685e-08
0.3574000E+01 1.9318e-07
0.3576000E+01 1.19001e-07
0.3578000E+01 9.89247e-08
0.3580000E+01 1.19378e-07
0.3582000E+01 1.08581e-07
0.3584000E+01 1.20026e-07
0.3586000E+01 2.43361e-07
0.3588000E+01 2.07816e-07
0.3590000E+01 2.64798e-07
0.3592000E+01 2.07308e-07
0.3594000E+01 5.30722e-07
0.3596000E+01 4.50256e-07
0.3598000E+01 1.71265e-06
0.3600000E+01 -2.44685e-06
0.3602000E+01 -5.7587e-07
0.3604000E+01 -3.5214e-07
0.3606000E+01 -2.44335e-07
0.3608000E+01 -1.86696e-07
0.3610000E+01 -1.24693e-07
0.3612000E+01 -1.23865e-07
0.3614000E+01 -1.13878e-07
0.3616000E+01 -6.10657e-08
0.3618000E+01 -6.22881e-08
0.3620000E+01 -7.28453e-08
0.3622000E+01 -4.9411e-08
0.3624000E+01 -4.64109e-08
0.3626000E+01 -6.61163e-08
0.3628000E+01 -7.7116e-08
0.3630000E+01 -1.04711e-07
0.3632000E+01 -4.28031e-08
0.3634000E+01 -3.86254e-08
0.3636000E+01 -4.9024e-08
0.3638000E+01 -6.86564e-08
0.3640000E+01 -1.87125e-08
0.3642000E+01 7.26626e-09
0.3644000E+01 3.55523e-08
0.3646000E+01 -2.00116e-08
0.3648000E+01 -4.94862e-08
0.3650000E+01 -3.15064e-08
0.3652000E+01 -3.09838e-08
0.3654000E+01 -3.49341e-08
0.3656000E+01 -4.01635e-08
0.3658000E+01 -4.13461e-08
0.3660000E+01 -2.16631e-08
0.3662000E+01 -1.61805e-08
0.3664000E+01 -2.3053e-08
0.3666000E+01 -2.43136e-08
0.3668000E+01 -1.98923e-08
0.3670000E+01 3.90889e-08
0.3672000E+01 -8.50141e-09
0.3674000E+01 -1.53983e-08
0.3676000E+01 -1.36663e-08
0.3678000E+01 -1.74727e-08
0.3680000E+01 -2.48271e-08
0.3682000E+01 -1.69976e-08
0.3684000E+01 -1.57372e-08
0.3686000E+01 -1.61312e-08
0.3688000E+01 -1.72968e-08
0.3690000E+01 -1.63924e-08
0.3692000E+01 -2.14928e-08
0.3694000E+01 -7.74364e-09
0.3696000E+01 -6.75062e-09
0.3698000E+01 4.31116e-10
0.3700000E+01 1.20475e-08
0.3702000E+01 8.42312e-09
0.3704000E+01 -1.06644e-08
0.3706000E+01 -6.07718e-09
0.3708000E+01 -7.77917e-09
0.3710000E+01 -7.93881e-09
0.3712000E+01 -1.13178e-08
0.3714000E+01 -1.35403e-08
0.3716000E+01 -1.29758e-08
0.3718000E+01 -4.94366e-09
0.3720000E+01 -6.72091e-09
0.3722000E+01 -5.61658e-09
0.3724000E+01 -4.3187e-09
0.3726000E+01 -3.01649e-09
0.3728000E+01 -2.05934e-09
0.3730000E+01 1.3728e-09
0.3732000E+01 5.33069e-09
0.3734000E+01 7.59998e-09
0.3736000E+01 4.27973e-09
0.3738000E+01 7.17929e-10
0.3740000E+01 -1.60178e-09
0.3742000E+01 -6.46679e-09
0.3744000E+01 -4.40354e-09
0.3746000E+01 -4.48298e-09
0.3748000E+01 -6.03199e-09
0.3750000E+01 -6.36763e-09
0.3752000E+01 -6.30321e-09
0.3754000E+01 -7.27155e-09
0.3756000E+01 -3.73093e-09
0.3758000E+01 -7.07747e-09
0.3760000E+01 2.63806e-09
0.3762000E+01 2.21359e-09
0.3764000E+01 2.6534e-09
0.3766000E+01 2.9329e-09
0.3768000E+01 6.09988e-09
0.3770000E+01 7.34873e-09
0.3772000E+01 7.87928e-09
0.3774000E+01 5.21953e-09
0.3776000E+01 2.84428e-09
0.3778000E+01 1.23479e-09
0.3780000E+01 -3.82799e-10
0.3782000E+01 3.15057e-10
0.3784000E+01 3.80249e-10
0.3786000E+01 1.40559e-09
0.3788000E+01 2.22352e-10
0.3790000E+01 -1.31309e-09
0.3792000E+01 -2.0717e-09
0.3794000E+01 -1.5901e-09
0.3796000E+01 -1.99218e-09
0.3798000E+01 -2.79162e-09
0.3800000E+01 -4.20319e-09
0.3802000E+01 -6.27121e-09
0.3804000E+01 1.27754e-08
0.3806000E+01 1.01435e-08
0.3808000E+01 8.73875e-09
0.3810000E+01 6.02377e-09
0.3812000E+01 6.46007e-09
0.3814000E+01 8.1042e-09
0.3816000E+01 5.4499e-09
0.3818000E+01 5.28652e-09
0.3820000E+01 5.6092e-09
0.3822000E+01 4.26322e-09
0.3824000E+01 3.35875e-09
0.3826000E+01 3.88032e-09
0.3828000E+01 -5.39114e-10
0.3830000E+01 -1.34301e-10
0.3832000E+01 5.84099e-09
0.3834000E+01 4.23798e-09
0.3836000E+01 6.1417e-09
0.3838000E+01 2.45567e-09
0.3840000E+01 3.42437e-09
0.3842000E+01 -4.17612e-09
0.3844000E+01 9.77077e-09
0.3846000E+01 1.14192e-08
0.3848000E+01 -4.07863e-09
0.3850000E+01 1.11659e-08
0.3852000E+01 3.31425e-09
0.3854000E+01 1.28108e-08
0.3856000E+01 8.53388e-09
0.3858000E+01 1.04073e-08
0.3860000E+01 8.0443e-09
0.3862000E+01 6.42556e-09
0.3864000E+01 6.42628e-09
0.3866000E+01 2.22722e-09
0.3868000E+01 8.71496e-09
0.3870000E+01 1.06739e-08
0.3872000E+01 7.70765e-09
0.3874000E+01 7.42763e-09
0.3876000E+01 7.68296e-09
0.3878000E+01 7.56732e-09
0.3880000E+01 6.44917e-09
0.3882000E+01 5.06013e-09
0.3884000E+01 2.23767e-09
0.3886000E+01 4.38213e-09
0.3888000E+01 8.14132e-09
0.3890000E+01 7.87365e-09
0.3892000E+01 7.94263e-09
0.3894000E+01 8.61722e-09
0.3896000E+01 8.13748e-09
0.3898000E+01 5.89957e-09
0.3900000E+01 4.61593e-09
0.3902000E+01 1.00506e-08
0.3904000E+01 8.87451e-09
0.3906000E+01 1.92322e-08
0.3908000E+01 1.38514e-08
0.3910000E+01 1.20241e-08
0.3912000E+01 7.87633e-09
0.3914000E+01 9.26573e-09
0.3916000E+01 9.18407e-09
0.3918000E+01 8.38905e-09
0.3920000E+01 8.57454e-09
0.3922000E+01 7.97428e-09
0.3924000E+01 7.57942e-09
0.3926000E+01 6.46243e-09
0.3928000E+01 5.59043e-09
0.3930000E+01 5.51476e-09
0.3932000E+01 5.67475e-09
0.3934000E+01 4.63792e-09
0.3936000E+01 4.06788e-09
0.3938000E+01 4.05245e-09
0.3940000E+01 4.28045e-09
0.3942000E+01 4.52471e-09
0.3944000E+01 5.13823e-09
0.3946000E+01 4.16366e-09
0.3948000E+01 3.7474e-09
0.3950000E+01 3.17057e-09
0.3952000E+01 2.76657e-09
0.3954000E+01 2.42407e-09
0.3956000E+01 2.2482e-09
0.3958000E+01 2.61799e-09
0.3960000E+01 3.96043e-09
0.3962000E+01 1.12177e-08
0.3964000E+01 7.82444e-09
0.3966000E+01 7.38044e-09
0.3968000E+01 7.05342e-09
0.3970000E+01 6.73248e-09
0.3972000E+01 6.73895e-09
0.3974000E+01 5.47911e-09
0.3976000E+01 5.03877e-09
0.3978000E+01 1.50453e-09
0.3980000E+01 1.90213e-09
0.3982000E+01 2.02536e-09
0.3984000E+01 4.11916e-09
0.3986000E+01 4.45431e-09
0.3988000E+01 5.56962e-09
0.3990000E+01 5.53482e-09
0.3992000E+01 3.10791e-09
0.3994000E+01 4.07682e-09
0.3996000E+01 2.85691e-09
0.3998000E+01 2.79187e-09
0.4000000E+01 3.06012e-09
