0.0000000E+00 0
0.2000000E-02 0
0.4000000E-02 0
0.6000000E-02 0
0.8000000E-02 0
0.1000000E-01 0
0.1200000E-01 0
0.1400000E-01 0
0.1600000E-01 0
0.1800000E-01 0
0.2000000E-01 0
0.2200000E-01 0
0.2400000E-01 0
0.2600000E-01 0
0.2800000E-01 0
0.3000000E-01 0
0.3200000E-01 0
0.3400000E-01 0
0.3600000E-01 0
0.3800000E-01 0
0.4000000E-01 0
0.4200000E-01 0
0.4400000E-01 0
0.4600000E-01 0
0.4800000E-01 0
0.5000000E-01 0
0.5200000E-01 0
0.5400000E-01 0
0.5600000E-01 0
0.5800000E-01 0
0.6000000E-01 0
0.6200000E-01 0
0.6400000E-01 0
0.6600000E-01 0
0.6800000E-01 0
0.7000000E-01 0
0.7200000E-01 0
0.7400000E-01 0
0.7600000E-01 0
0.7800000E-01 0
0.8000000E-01 0
0.8200000E-01 0
0.8400000E-01 0
0.8600000E-01 6.8428e-05
0.8800000E-01 6.15629e-05
0.9000000E-01 2.33081e-05
0.9200000E-01 5.72126e-06
0.9400000E-01 2.7575e-06
0.9600000E-01 6.11507e-07
0.9800000E-01 -1.37247e-06
0.1000000E+00 -2.40926e-06
0.1020000E+00 -2.12551e-06
0.1040000E+00 -1.06232e-06
0.1060000E+00 -2.34197e-09
0.1080000E+00 4.41922e-08
0.1100000E+00 -3.02724e-06
0.1120000E+00 -2.2669e-06
0.1140000E+00 -1.39067e-06
0.1160000E+00 -4.37814e-07
0.1180000E+00 8.65687e-07
0.1200000E+00 4.97579e-06
0.1220000E+00 8.29245e-07
0.1240000E+00 -3.71639e-06
0.1260000E+00 -3.65513e-06
0.1280000E+00 -2.48612e-06
0.1300000E+00 -2.37156e-06
0.1320000E+00 -2.43992e-06
0.1340000E+00 -1.8631e-06
0.1360000E+00 -3.8914e-07
0.1380000E+00 -1.45861e-07
0.1400000E+00 -1.28394e-07
0.1420000E+00 -1.31753e-07
0.1440000E+00 -4.40904e-07
0.1460000E+00 -5.79936e-07
0.1480000E+00 -4.53315e-07
0.1500000E+00 -3.27885e-07
0.1520000E+00 -3.73897e-07
0.1540000E+00 -4.65371e-07
0.1560000E+00 -5.70887e-07
0.1580000E+00 -6.86921e-07
0.1600000E+00 -8.10575e-07
0.1620000E+00 -9.48359e-07
0.1640000E+00 -1.19642e-06
0.1660000E+00 -1.10115e-06
0.1680000E+00 1.40116e-07
0.1700000E+00 3.01486e-07
0.1720000E+00 4.54153e-07
0.1740000E+00 5.98312e-07
0.1760000E+00 -1.28446e-06
0.1780000E+00 -9.01876e-07
0.1800000E+00 -8.40479e-07
0.1820000E+00 -8.35052e-07
0.1840000E+00 -8.20635e-07
0.1860000E+00 -8.05762e-07
0.1880000E+00 -7.79334e-07
0.1900000E+00 -7.83054e-07
0.1920000E+00 -6.4418e-07
0.1940000E+00 1.11042e-07
0.1960000E+00 4.67173e-08
0.1980000E+00 -2.2158e-08
0.2000000E+00 -9.61988e-08
0.2020000E+00 -1.75532e-07
0.2040000E+00 -2.60292e-07
0.2060000E+00 -3.50624e-07
0.2080000E+00 -4.45237e-07
0.2100000E+00 -5.95494e-07
0.2120000E+00 -6.81692e-07
0.2140000E+00 -6.10244e-07
0.2160000E+00 -5.53187e-07
0.2180000E+00 -5.49759e-07
0.2200000E+00 -5.5447e-07
0.2220000E+00 -4.59757e-07
0.2240000E+00 9.08142e-08
0.2260000E+00 1.83835e-07
0.2280000E+00 2.56953e-07
0.2300000E+00 3.56356e-08
0.2320000E+00 -6.2047e-07
0.2340000E+00 -5.81813e-07
0.2360000E+00 -5.59624e-07
0.2380000E+00 -5.19141e-07
0.2400000E+00 -4.83562e-07
0.2420000E+00 -4.91934e-07
0.2440000E+00 -5.00103e-07
0.2460000E+00 -5.29491e-07
0.2480000E+00 -5.64484e-07
0.2500000E+00 -3.93171e-07
0.2520000E+00 3.30564e-08
0.2540000E+00 -2.09816e-08
0.2560000E+00 -8.36444e-08
0.2580000E+00 -1.54797e-07
0.2600000E+00 -2.30271e-07
0.2620000E+00 -3.09835e-07
0.2640000E+00 -3.8084e-07
0.2660000E+00 -3.50135e-07
0.2680000E+00 -3.44918e-07
0.2700000E+00 -2.83002e-07
0.2720000E+00 -2.71434e-07
0.2740000E+00 -2.71342e-07
0.2760000E+00 -2.71621e-07
0.2780000E+00 -2.68604e-07
0.2800000E+00 1.66319e-07
0.2820000E+00 4.41083e-08
0.2840000E+00 -3.44528e-07
0.2860000E+00 -2.50811e-07
0.2880000E+00 -2.89986e-07
0.2900000E+00 -3.53255e-07
0.2920000E+00 -3.6387e-07
0.2940000E+00 -3.72407e-07
0.2960000E+00 -3.81085e-07
0.2980000E+00 -3.90721e-07
0.3000000E+00 -4.00442e-07
0.3020000E+00 -4.04101e-07
0.3040000E+00 -4.14978e-07
0.3060000E+00 -6.21961e-09
0.3080000E+00 -4.46525e-08
0.3100000E+00 -8.49959e-08
0.3120000E+00 -1.27143e-07
0.3140000E+00 -1.40537e-07
0.3160000E+00 -6.06061e-08
0.3180000E+00 -4.99107e-08
0.3200000E+00 -1.12868e-07
0.3220000E+00 -1.68475e-07
0.3240000E+00 -1.70535e-07
0.3260000E+00 -1.71353e-07
0.3280000E+00 -1.72318e-07
0.3300000E+00 -2.81876e-07
0.3320000E+00 -8.2549e-07
0.3340000E+00 -1.62273e-07
0.3360000E+00 2.41327e-07
0.3380000E+00 -1.33981e-07
0.3400000E+00 -2.62826e-07
0.3420000E+00 -2.61691e-07
0.3440000E+00 -2.60416e-07
0.3460000E+00 -2.5538e-07
0.3480000E+00 -2.56816e-07
0.3500000E+00 -2.77711e-07
0.3520000E+00 -2.86539e-07
0.3540000E+00 -2.9562e-07
0.3560000E+00 -9.01606e-08
0.3580000E+00 -3.46027e-08
0.3600000E+00 1.17288e-07
0.3620000E+00 -1.34346e-09
0.3640000E+00 -5.03405e-08
0.3660000E+00 -6.89478e-08
0.3680000E+00 -3.49189e-08
0.3700000E+00 -5.24431e-08
0.3720000E+00 -6.67778e-08
0.3740000E+00 -1.55608e-07
0.3760000E+00 -7.59816e-07
0.3780000E+00 -3.94037e-07
0.3800000E+00 -3.99541e-07
0.3820000E+00 -4.01144e-07
0.3840000E+00 1.00317e-06
0.3860000E+00 -2.03504e-07
0.3880000E+00 -1.8437e-07
0.3900000E+00 -1.85834e-07
0.3920000E+00 -1.86747e-07
0.3940000E+00 -1.89684e-07
0.3960000E+00 -1.96509e-07
0.3980000E+00 -1.99369e-07
0.4000000E+00 -2.01709e-07
0.4020000E+00 -1.42944e-07
0.4040000E+00 9.45288e-08
0.4060000E+00 9.637e-08
0.4080000E+00 9.58453e-08
0.4100000E+00 9.505e-08
0.4120000E+00 8.09949e-08
0.4140000E+00 -3.30301e-07
0.4160000E+00 -3.36058e-07
0.4180000E+00 -3.44187e-07
0.4200000E+00 -3.0749e-07
0.4220000E+00 -3.20551e-07
0.4240000E+00 -2.81381e-07
0.4260000E+00 -1.02551e-08
0.4280000E+00 6.67315e-08
0.4300000E+00 1.18309e-08
0.4320000E+00 -5.09196e-08
0.4340000E+00 -1.28683e-07
0.4360000E+00 -1.25282e-07
0.4380000E+00 -1.21853e-07
0.4400000E+00 -1.14153e-07
0.4420000E+00 -1.1199e-07
0.4440000E+00 -1.16241e-07
0.4460000E+00 -6.37554e-08
0.4480000E+00 3.18002e-07
0.4500000E+00 -2.30552e-07
0.4520000E+00 -2.18799e-07
0.4540000E+00 -2.55215e-07
0.4560000E+00 -2.15507e-07
0.4580000E+00 -1.97489e-07
0.4600000E+00 -1.98745e-07
0.4620000E+00 -1.99437e-07
0.4640000E+00 -1.87021e-07
0.4660000E+00 -5.69156e-09
0.4680000E+00 -1.99476e-08
0.4700000E+00 1.37732e-08
0.4720000E+00 -7.16582e-09
0.4740000E+00 -1.77849e-08
0.4760000E+00 -2.37017e-08
0.4780000E+00 -3.46228e-08
0.4800000E+00 -1.74938e-07
0.4820000E+00 -4.9526e-07
0.4840000E+00 -4.51502e-07
0.4860000E+00 5.19494e-07
0.4880000E+00 -1.36598e-07
0.4900000E+00 -8.86897e-08
0.4920000E+00 -9.02566e-08
0.4940000E+00 -9.80458e-08
0.4960000E+00 -1.13733e-07
0.4980000E+00 -9.62104e-08
0.5000000E+00 1.65244e-09
0.5020000E+00 7.43975e-08
0.5040000E+00 8.60167e-08
0.5060000E+00 1.00068e-07
0.5080000E+00 -9.78203e-08
0.5100000E+00 -4.86826e-07
0.5120000E+00 -2.80656e-07
0.5140000E+00 -2.76433e-07
0.5160000E+00 -2.1236e-08
0.5180000E+00 -1.08732e-08
0.5200000E+00 -3.15459e-08
0.5220000E+00 -3.86688e-08
0.5240000E+00 -6.80308e-08
0.5260000E+00 -6.95255e-08
0.5280000E+00 -5.94548e-08
0.5300000E+00 -4.80217e-08
0.5320000E+00 1.91147e-07
0.5340000E+00 -1.5846e-07
0.5360000E+00 -1.88853e-07
0.5380000E+00 -1.89872e-07
0.5400000E+00 -1.79636e-07
0.5420000E+00 -1.29973e-07
0.5440000E+00 3.5507e-08
0.5460000E+00 3.37666e-08
0.5480000E+00 3.24967e-08
0.5500000E+00 3.58003e-08
0.5520000E+00 3.72871e-08
0.5540000E+00 -5.34162e-07
0.5560000E+00 -1.86833e-07
0.5580000E+00 -5.13176e-08
0.5600000E+00 -5.15553e-08
0.5620000E+00 -1.12475e-07
0.5640000E+00 -9.75817e-08
0.5660000E+00 -8.10302e-08
0.5680000E+00 1.4297e-07
0.5700000E+00 3.70642e-07
0.5720000E+00 -4.29179e-07
0.5740000E+00 -2.89756e-07
0.5760000E+00 2.22711e-09
0.5780000E+00 2.29299e-08
0.5800000E+00 -6.3623e-09
0.5820000E+00 -1.61797e-08
0.5840000E+00 -2.71149e-08
0.5860000E+00 -2.73288e-07
0.5880000E+00 -1.59721e-08
0.5900000E+00 -1.43147e-07
0.5920000E+00 -1.0476e-07
0.5940000E+00 4.31716e-08
0.5960000E+00 1.71465e-07
0.5980000E+00 -8.47871e-07
0.6000000E+00 -8.98815e-08
0.6020000E+00 -1.41022e-07
0.6040000E+00 -1.86039e-07
0.6060000E+00 -1.59557e-07
0.6080000E+00 -1.77783e-07
0.6100000E+00 -1.96564e-07
0.6120000E+00 -5.41956e-08
0.6140000E+00 -5.0932e-08
0.6160000E+00 -4.72589e-07
0.6180000E+00 -6.8063e-07
0.6200000E+00 7.52937e-07
0.6220000E+00 -2.84202e-07
0.6240000E+00 -1.30988e-06
0.6260000E+00 -4.59445e-07
0.6280000E+00 -2.09922e-06
0.6300000E+00 2.28225e-07
0.6320000E+00 3.40268e-06
0.6340000E+00 -1.14887e-06
0.6360000E+00 1.01636e-06
0.6380000E+00 -3.39336e-07
0.6400000E+00 -3.61486e-08
0.6420000E+00 -5.27933e-07
0.6440000E+00 1.34796e-07
0.6460000E+00 -2.58639e-07
0.6480000E+00 -1.11709e-07
0.6500000E+00 -2.04724e-07
0.6520000E+00 -2.29382e-07
0.6540000E+00 3.73372e-07
0.6560000E+00 -1.43991e-07
0.6580000E+00 2.88571e-07
0.6600000E+00 9.28936e-08
0.6620000E+00 -8.1463e-08
0.6640000E+00 -1.03248e-07
0.6660000E+00 3.1872e-08
0.6680000E+00 2.56933e-07
0.6700000E+00 -1.22469e-07
0.6720000E+00 1.95516e-07
0.6740000E+00 5.41906e-08
0.6760000E+00 5.25981e-08
0.6780000E+00 1.11145e-09
0.6800000E+00 -4.97034e-08
0.6820000E+00 -5.68037e-08
0.6840000E+00 1.02152e-07
0.6860000E+00 6.34673e-08
0.6880000E+00 5.95417e-08
0.6900000E+00 5.94869e-09
0.6920000E+00 -1.52255e-08
0.6940000E+00 1.58992e-09
0.6960000E+00 2.10558e-08
0.6980000E+00 9.03349e-08
0.7000000E+00 2.82034e-08
0.7020000E+00 1.32035e-08
0.7040000E+00 1.86497e-08
0.7060000E+00 9.74038e-08
0.7080000E+00 6.70196e-08
0.7100000E+00 4.8897e-08
0.7120000E+00 1.43451e-09
0.7140000E+00 1.34058e-08
0.7160000E+00 1.7751e-08
0.7180000E+00 -1.04076e-08
0.7200000E+00 -3.18305e-09
0.7220000E+00 -4.04923e-09
0.7240000E+00 -4.02578e-09
0.7260000E+00 1.87643e-10
0.7280000E+00 1.53568e-10
0.7300000E+00 5.14749e-08
0.7320000E+00 3.79572e-08
0.7340000E+00 3.5727e-08
0.7360000E+00 5.06654e-08
0.7380000E+00 -5.69863e-08
0.7400000E+00 2.58095e-08
0.7420000E+00 1.70796e-08
0.7440000E+00 1.57672e-08
0.7460000E+00 1.23501e-08
0.7480000E+00 9.91676e-09
0.7500000E+00 7.74331e-09
0.7520000E+00 1.07796e-08
0.7540000E+00 5.80493e-09
0.7560000E+00 8.77493e-09
0.7580000E+00 3.00286e-08
0.7600000E+00 3.70847e-08
0.7620000E+00 2.659e-08
0.7640000E+00 2.21168e-08
0.7660000E+00 2.28304e-08
0.7680000E+00 -5.4009e-08
0.7700000E+00 -1.51759e-08
0.7720000E+00 -1.16036e-08
0.7740000E+00 -1.23468e-08
0.7760000E+00 1.54955e-08
0.7780000E+00 3.99994e-08
0.7800000E+00 1.89038e-08
0.7820000E+00 1.19013e-08
0.7840000E+00 1.16306e-08
0.7860000E+00 1.18e-08
0.7880000E+00 9.10876e-09
0.7900000E+00 2.613e-08
0.7920000E+00 3.63881e-08
0.7940000E+00 2.73308e-08
0.7960000E+00 2.16814e-08
0.7980000E+00 1.79402e-08
0.8000000E+00 1.53436e-08
0.8020000E+00 -4.01193e-08
0.8040000E+00 -3.83567e-08
0.8060000E+00 -1.36782e-08
0.8080000E+00 -1.43901e-08
0.8100000E+00 -1.64416e-08
0.8120000E+00 -1.50158e-08
0.8140000E+00 9.9798e-09
0.8160000E+00 4.23638e-08
0.8180000E+00 2.73477e-08
0.8200000E+00 1.38874e-08
0.8220000E+00 1.37115e-08
0.8240000E+00 1.25539e-08
0.8260000E+00 3.14714e-08
0.8280000E+00 1.15744e-08
0.8300000E+00 7.09355e-09
0.8320000E+00 3.5772e-09
0.8340000E+00 5.66139e-09
0.8360000E+00 9.44494e-09
0.8380000E+00 1.75836e-08
0.8400000E+00 -4.78173e-08
0.8420000E+00 -2.17189e-08
0.8440000E+00 -1.24552e-08
0.8460000E+00 -1.43542e-08
0.8480000E+00 -1.09696e-08
0.8500000E+00 -1.1793e-08
0.8520000E+00 -3.90598e-09
0.8540000E+00 2.10961e-08
0.8560000E+00 2.77544e-08
0.8580000E+00 2.52228e-08
0.8600000E+00 1.28018e-08
0.8620000E+00 1.06278e-08
0.8640000E+00 2.31256e-08
0.8660000E+00 1.11864e-08
0.8680000E+00 9.44903e-09
0.8700000E+00 8.16175e-09
0.8720000E+00 7.49805e-09
0.8740000E+00 5.44492e-09
0.8760000E+00 3.37909e-09
0.8780000E+00 2.22337e-09
0.8800000E+00 -3.72231e-10
0.8820000E+00 -2.96594e-08
0.8840000E+00 -2.77251e-08
0.8860000E+00 -2.24851e-08
0.8880000E+00 -2.02324e-08
0.8900000E+00 -7.84641e-09
0.8920000E+00 2.22764e-08
0.8940000E+00 3.2367e-08
0.8960000E+00 -3.11595e-09
0.8980000E+00 4.01734e-09
0.9000000E+00 8.96941e-09
0.9020000E+00 1.09728e-08
0.9040000E+00 1.21015e-08
0.9060000E+00 7.49695e-09
0.9080000E+00 2.46932e-09
0.9100000E+00 -7.33356e-11
0.9120000E+00 -1.45386e-09
0.9140000E+00 -3.24671e-09
0.9160000E+00 -4.33418e-09
0.9180000E+00 2.71735e-08
0.9200000E+00 1.55119e-09
0.9220000E+00 7.73316e-10
0.9240000E+00 -4.30215e-10
0.9260000E+00 -1.93511e-08
0.9280000E+00 -5.18608e-09
0.9300000E+00 2.6067e-08
0.9320000E+00 2.46908e-08
0.9340000E+00 1.32128e-08
0.9360000E+00 5.7073e-09
0.9380000E+00 -1.43852e-09
0.9400000E+00 -3.49684e-09
0.9420000E+00 -4.71143e-09
0.9440000E+00 -6.15226e-09
0.9460000E+00 -5.17818e-09
0.9480000E+00 6.39033e-09
0.9500000E+00 4.92808e-09
0.9520000E+00 2.27888e-09
0.9540000E+00 -5.23453e-09
0.9560000E+00 -3.60476e-09
0.9580000E+00 -2.19593e-11
0.9600000E+00 -5.46508e-09
0.9620000E+00 -6.9887e-09
0.9640000E+00 -1.76197e-09
0.9660000E+00 3.21888e-08
0.9680000E+00 4.50194e-08
0.9700000E+00 2.52304e-08
0.9720000E+00 -1.03344e-08
0.9740000E+00 1.50502e-09
0.9760000E+00 1.86058e-09
0.9780000E+00 1.51001e-09
0.9800000E+00 2.23142e-08
0.9820000E+00 6.43157e-09
0.9840000E+00 5.21498e-09
0.9860000E+00 2.3606e-09
0.9880000E+00 -3.10997e-10
0.9900000E+00 -5.51975e-10
0.9920000E+00 -3.67065e-09
0.9940000E+00 -6.08111e-09
0.9960000E+00 -7.76597e-09
0.9980000E+00 -8.66835e-09
0.1000000E+01 -1.03129e-08
0.1002000E+01 2.18098e-08
0.1004000E+01 4.75645e-08
0.1006000E+01 2.47104e-08
0.1008000E+01 1.54567e-08
0.1010000E+01 2.11938e-08
0.1012000E+01 2.87366e-08
0.1014000E+01 2.4675e-08
0.1016000E+01 2.28724e-08
0.1018000E+01 1.24939e-08
0.1020000E+01 -6.12235e-09
0.1022000E+01 -1.52935e-09
0.1024000E+01 -1.35311e-10
0.1026000E+01 7.03227e-10
0.1028000E+01 -7.53743e-10
0.1030000E+01 -1.95991e-09
0.1032000E+01 -2.55144e-09
0.1034000E+01 -3.20383e-09
0.1036000E+01 3.35825e-09
0.1038000E+01 3.01222e-08
0.1040000E+01 5.17366e-08
0.1042000E+01 4.28575e-08
0.1044000E+01 3.68385e-08
0.1046000E+01 3.10463e-08
0.1048000E+01 2.04645e-08
0.1050000E+01 1.90597e-08
0.1052000E+01 1.66455e-08
0.1054000E+01 1.4995e-08
0.1056000E+01 1.36841e-08
0.1058000E+01 1.17072e-08
0.1060000E+01 7.58015e-09
0.1062000E+01 3.86519e-09
0.1064000E+01 1.52948e-09
0.1066000E+01 -3.21073e-10
0.1068000E+01 -1.97018e-09
0.1070000E+01 -3.90049e-09
0.1072000E+01 2.13266e-08
0.1074000E+01 6.38776e-08
0.1076000E+01 7.04665e-08
0.1078000E+01 3.94743e-08
0.1080000E+01 4.68373e-08
0.1082000E+01 3.71889e-08
0.1084000E+01 3.64797e-08
0.1086000E+01 2.80631e-08
0.1088000E+01 1.96886e-08
0.1090000E+01 1.63668e-08
0.1092000E+01 1.3721e-08
0.1094000E+01 1.26418e-08
0.1096000E+01 1.18769e-08
0.1098000E+01 1.05879e-08
0.1100000E+01 9.40153e-09
0.1102000E+01 8.13634e-09
0.1104000E+01 6.52633e-09
0.1106000E+01 1.88324e-08
0.1108000E+01 4.59104e-08
0.1110000E+01 6.22173e-08
0.1112000E+01 5.26481e-08
0.1114000E+01 4.88487e-08
0.1116000E+01 3.85264e-08
0.1118000E+01 3.01791e-08
0.1120000E+01 2.62666e-08
0.1122000E+01 2.04559e-08
0.1124000E+01 2.1512e-08
0.1126000E+01 3.16727e-08
0.1128000E+01 3.59076e-08
0.1130000E+01 2.74038e-08
0.1132000E+01 2.15989e-08
0.1134000E+01 1.76936e-08
0.1136000E+01 1.58197e-08
0.1138000E+01 1.42567e-08
0.1140000E+01 1.22671e-08
0.1142000E+01 7.82715e-08
0.1144000E+01 9.71224e-08
0.1146000E+01 5.2703e-08
0.1148000E+01 5.06801e-08
0.1150000E+01 6.55651e-08
0.1152000E+01 5.39993e-08
0.1154000E+01 4.91975e-08
0.1156000E+01 3.96784e-08
0.1158000E+01 3.40213e-08
0.1160000E+01 3.07857e-08
0.1162000E+01 2.8064e-08
0.1164000E+01 2.60579e-08
0.1166000E+01 2.4617e-08
0.1168000E+01 2.30773e-08
0.1170000E+01 2.15386e-08
0.1172000E+01 2.00973e-08
0.1174000E+01 4.20009e-08
0.1176000E+01 7.91666e-08
0.1178000E+01 9.64157e-08
0.1180000E+01 8.52909e-08
0.1182000E+01 6.87625e-08
0.1184000E+01 5.17332e-08
0.1186000E+01 5.04589e-08
0.1188000E+01 6.17657e-08
0.1190000E+01 5.93393e-08
0.1192000E+01 4.92036e-08
0.1194000E+01 4.59962e-08
0.1196000E+01 4.32975e-08
0.1198000E+01 4.02965e-08
0.1200000E+01 3.58752e-08
0.1202000E+01 3.17072e-08
0.1204000E+01 2.83707e-08
0.1206000E+01 2.60627e-08
0.1208000E+01 1.01079e-07
0.1210000E+01 1.21384e-07
0.1212000E+01 7.20969e-08
0.1214000E+01 7.04599e-08
0.1216000E+01 6.8282e-08
0.1218000E+01 6.26842e-08
0.1220000E+01 5.6928e-08
0.1222000E+01 4.89878e-08
0.1224000E+01 4.19919e-08
0.1226000E+01 5.72609e-08
0.1228000E+01 4.60226e-08
0.1230000E+01 4.37118e-08
0.1232000E+01 4.15787e-08
0.1234000E+01 4.30781e-08
0.1236000E+01 4.83872e-08
0.1238000E+01 5.40398e-08
0.1240000E+01 8.87603e-08
0.1242000E+01 1.28932e-07
0.1244000E+01 1.15222e-07
0.1246000E+01 8.88005e-08
0.1248000E+01 6.93548e-08
0.1250000E+01 6.58292e-08
0.1252000E+01 6.36904e-08
0.1254000E+01 6.08099e-08
0.1256000E+01 5.84064e-08
0.1258000E+01 5.65867e-08
0.1260000E+01 5.39934e-08
0.1262000E+01 4.97967e-08
0.1264000E+01 5.49995e-08
0.1266000E+01 5.52009e-08
0.1268000E+01 4.91586e-08
0.1270000E+01 4.44012e-08
0.1272000E+01 1.41151e-07
0.1274000E+01 1.67215e-07
0.1276000E+01 1.0293e-07
0.1278000E+01 1.00867e-07
0.1280000E+01 9.91273e-08
0.1282000E+01 9.21098e-08
0.1284000E+01 8.0222e-08
0.1286000E+01 6.84636e-08
0.1288000E+01 6.79899e-08
0.1290000E+01 7.41153e-08
0.1292000E+01 6.77438e-08
0.1294000E+01 6.45171e-08
0.1296000E+01 6.21612e-08
0.1298000E+01 6.05608e-08
0.1300000E+01 5.71867e-08
0.1302000E+01 1.00764e-07
0.1304000E+01 1.667e-07
0.1306000E+01 1.78146e-07
0.1308000E+01 1.36194e-07
0.1310000E+01 9.18013e-08
0.1312000E+01 8.52676e-08
0.1314000E+01 8.30944e-08
0.1316000E+01 8.16623e-08
0.1318000E+01 7.99671e-08
0.1320000E+01 7.82518e-08
0.1322000E+01 7.22436e-08
0.1324000E+01 6.51558e-08
0.1326000E+01 5.97949e-08
0.1328000E+01 5.72465e-08
0.1330000E+01 5.551e-08
0.1332000E+01 9.28098e-08
0.1334000E+01 1.36672e-07
0.1336000E+01 1.80113e-07
0.1338000E+01 1.17128e-07
0.1340000E+01 1.15638e-07
0.1342000E+01 1.09883e-07
0.1344000E+01 1.1172e-07
0.1346000E+01 9.3956e-08
0.1348000E+01 8.88768e-08
0.1350000E+01 8.55473e-08
0.1352000E+01 8.11534e-08
0.1354000E+01 7.89391e-08
0.1356000E+01 7.74022e-08
0.1358000E+01 7.57285e-08
0.1360000E+01 7.39245e-08
0.1362000E+01 1.26192e-07
0.1364000E+01 2.03932e-07
0.1366000E+01 2.06198e-07
0.1368000E+01 1.51129e-07
0.1370000E+01 1.29655e-07
0.1372000E+01 1.17933e-07
0.1374000E+01 1.16573e-07
0.1376000E+01 1.10039e-07
0.1378000E+01 7.21025e-08
0.1380000E+01 6.46715e-08
0.1382000E+01 6.94454e-08
0.1384000E+01 7.52457e-08
0.1386000E+01 7.72368e-08
0.1388000E+01 7.00093e-08
0.1390000E+01 7.84806e-08
0.1392000E+01 1.62577e-07
0.1394000E+01 2.12141e-07
0.1396000E+01 1.67065e-07
0.1398000E+01 1.42803e-07
0.1400000E+01 1.28356e-07
0.1402000E+01 1.18501e-07
0.1404000E+01 1.15027e-07
0.1406000E+01 1.07539e-07
0.1408000E+01 1.00568e-07
0.1410000E+01 9.79486e-08
0.1412000E+01 9.05378e-08
0.1414000E+01 8.63664e-08
0.1416000E+01 8.53713e-08
0.1418000E+01 8.08705e-08
0.1420000E+01 1.97203e-07
0.1422000E+01 2.35086e-07
0.1424000E+01 1.66921e-07
0.1426000E+01 1.7541e-07
0.1428000E+01 1.59628e-07
0.1430000E+01 1.4201e-07
0.1432000E+01 8.5905e-08
0.1434000E+01 6.50161e-08
0.1436000E+01 8.231e-08
0.1438000E+01 8.52906e-08
0.1440000E+01 8.32169e-08
0.1442000E+01 7.27463e-08
0.1444000E+01 7.19172e-08
0.1446000E+01 8.26912e-08
0.1448000E+01 1.51508e-07
0.1450000E+01 2.31679e-07
0.1452000E+01 1.86483e-07
0.1454000E+01 1.33493e-07
0.1456000E+01 1.22522e-07
0.1458000E+01 1.21111e-07
0.1460000E+01 1.19624e-07
0.1462000E+01 1.18326e-07
0.1464000E+01 1.16162e-07
0.1466000E+01 1.17577e-07
0.1468000E+01 9.52204e-08
0.1470000E+01 9.42552e-08
0.1472000E+01 9.2116e-08
0.1474000E+01 1.37784e-07
0.1476000E+01 2.17072e-07
0.1478000E+01 1.95863e-07
0.1480000E+01 1.07288e-07
0.1482000E+01 1.11111e-07
0.1484000E+01 1.11953e-07
0.1486000E+01 1.07639e-07
0.1488000E+01 1.01712e-07
0.1490000E+01 8.62003e-08
0.1492000E+01 7.56822e-08
0.1494000E+01 7.83488e-08
0.1496000E+01 7.98332e-08
0.1498000E+01 7.42218e-08
0.1500000E+01 6.07861e-08
0.1502000E+01 2.01718e-07
0.1504000E+01 2.50932e-07
0.1506000E+01 1.71701e-07
0.1508000E+01 1.82818e-07
0.1510000E+01 1.62998e-07
0.1512000E+01 1.23461e-07
0.1514000E+01 1.02913e-07
0.1516000E+01 1.07745e-07
0.1518000E+01 1.07569e-07
0.1520000E+01 6.62612e-08
0.1522000E+01 2.70947e-08
0.1524000E+01 4.19322e-08
0.1526000E+01 5.85884e-08
0.1528000E+01 1.53704e-07
0.1530000E+01 2.17837e-07
0.1532000E+01 1.40875e-07
0.1534000E+01 1.0361e-07
0.1536000E+01 9.72981e-08
0.1538000E+01 9.61832e-08
0.1540000E+01 9.72794e-08
0.1542000E+01 9.58676e-08
0.1544000E+01 9.21234e-08
0.1546000E+01 8.64838e-08
0.1548000E+01 8.73839e-08
0.1550000E+01 4.59013e-08
0.1552000E+01 8.23516e-08
0.1554000E+01 1.78213e-07
0.1556000E+01 2.25806e-07
0.1558000E+01 1.34379e-07
0.1560000E+01 6.84064e-08
0.1562000E+01 7.0489e-08
0.1564000E+01 8.48447e-08
0.1566000E+01 6.98171e-08
0.1568000E+01 5.34149e-08
0.1570000E+01 6.31517e-08
0.1572000E+01 6.26368e-08
0.1574000E+01 6.01131e-08
0.1576000E+01 5.97712e-08
0.1578000E+01 1.62502e-07
0.1580000E+01 2.16533e-07
0.1582000E+01 1.70929e-07
0.1584000E+01 1.39585e-07
0.1586000E+01 1.34717e-07
0.1588000E+01 1.3405e-07
0.1590000E+01 1.2082e-07
0.1592000E+01 1.08561e-07
0.1594000E+01 4.89957e-08
0.1596000E+01 1.964e-08
0.1598000E+01 1.56835e-08
0.1600000E+01 2.0593e-08
0.1602000E+01 1.0059e-07
0.1604000E+01 1.15545e-07
0.1606000E+01 8.88659e-08
0.1608000E+01 1.44618e-07
0.1610000E+01 1.45847e-07
0.1612000E+01 1.48021e-07
0.1614000E+01 1.22339e-07
0.1616000E+01 1.2441e-07
0.1618000E+01 1.20708e-07
0.1620000E+01 1.19607e-07
0.1622000E+01 1.1829e-07
0.1624000E+01 1.08986e-07
0.1626000E+01 -4.19307e-08
0.1628000E+01 1.76719e-07
0.1630000E+01 1.84419e-07
0.1632000E+01 1.40519e-07
0.1634000E+01 1.36039e-07
0.1636000E+01 1.37e-07
0.1638000E+01 1.16828e-07
0.1640000E+01 1.12933e-07
0.1642000E+01 6.53464e-08
0.1644000E+01 5.38906e-08
0.1646000E+01 7.47735e-08
0.1648000E+01 8.94824e-08
0.1650000E+01 1.85096e-07
0.1652000E+01 2.73422e-07
0.1654000E+01 2.24504e-07
0.1656000E+01 1.40995e-07
0.1658000E+01 9.49305e-08
0.1660000E+01 1.06836e-07
0.1662000E+01 8.93618e-08
0.1664000E+01 7.26849e-08
0.1666000E+01 6.27264e-08
0.1668000E+01 1.20754e-07
0.1670000E+01 1.19108e-07
0.1672000E+01 1.74443e-07
0.1674000E+01 2.72589e-07
0.1676000E+01 2.74808e-07
0.1678000E+01 2.14655e-07
0.1680000E+01 2.07177e-07
0.1682000E+01 2.07847e-07
0.1684000E+01 1.60189e-07
0.1686000E+01 1.18446e-07
0.1688000E+01 1.19243e-07
0.1690000E+01 9.66427e-08
0.1692000E+01 1.86969e-08
0.1694000E+01 1.18682e-07
0.1696000E+01 2.53538e-07
0.1698000E+01 2.71957e-07
0.1700000E+01 2.19132e-07
0.1702000E+01 2.06193e-07
0.1704000E+01 1.97978e-07
0.1706000E+01 1.97224e-07
0.1708000E+01 1.93624e-07
0.1710000E+01 1.85405e-07
0.1712000E+01 1.31683e-07
0.1714000E+01 1.01092e-07
0.1716000E+01 1.73731e-07
0.1718000E+01 2.69725e-07
0.1720000E+01 2.44236e-07
0.1722000E+01 1.99406e-07
0.1724000E+01 1.90596e-07
0.1726000E+01 2.19909e-07
0.1728000E+01 2.07236e-07
0.1730000E+01 2.06155e-07
0.1732000E+01 2.1064e-07
0.1734000E+01 2.02191e-07
0.1736000E+01 1.14838e-07
0.1738000E+01 2.21793e-07
0.1740000E+01 2.75957e-07
0.1742000E+01 2.26012e-07
0.1744000E+01 2.32834e-07
0.1746000E+01 2.44221e-07
0.1748000E+01 2.0094e-07
0.1750000E+01 1.95401e-07
0.1752000E+01 1.9391e-07
0.1754000E+01 1.92157e-07
0.1756000E+01 1.92179e-07
0.1758000E+01 2.11308e-07
0.1760000E+01 2.9599e-07
0.1762000E+01 2.42075e-07
0.1764000E+01 2.45374e-07
0.1766000E+01 2.36852e-07
0.1768000E+01 2.2989e-07
0.1770000E+01 2.26005e-07
0.1772000E+01 2.29174e-07
0.1774000E+01 2.27543e-07
0.1776000E+01 1.41273e-07
0.1778000E+01 2.58546e-07
0.1780000E+01 3.83636e-07
0.1782000E+01 3.34152e-07
0.1784000E+01 2.89423e-07
0.1786000E+01 2.56024e-07
0.1788000E+01 2.48362e-07
0.1790000E+01 2.3684e-07
0.1792000E+01 2.33769e-07
0.1794000E+01 2.23984e-07
0.1796000E+01 2.02899e-07
0.1798000E+01 3.3609e-07
0.1800000E+01 3.94128e-07
0.1802000E+01 3.34181e-07
0.1804000E+01 3.01926e-07
0.1806000E+01 2.79983e-07
0.1808000E+01 2.87245e-07
0.1810000E+01 2.90538e-07
0.1812000E+01 2.7211e-07
0.1814000E+01 2.07707e-07
0.1816000E+01 2.79671e-07
0.1818000E+01 3.7722e-07
0.1820000E+01 3.56746e-07
0.1822000E+01 3.28637e-07
0.1824000E+01 3.34517e-07
0.1826000E+01 3.44884e-07
0.1828000E+01 3.32481e-07
0.1830000E+01 3.12958e-07
0.1832000E+01 3.08251e-07
0.1834000E+01 3.28301e-07
0.1836000E+01 4.12894e-07
0.1838000E+01 4.22951e-07
0.1840000E+01 3.9328e-07
0.1842000E+01 3.93312e-07
0.1844000E+01 4.25957e-07
0.1846000E+01 2.96945e-07
0.1848000E+01 3.44823e-07
0.1850000E+01 3.56427e-07
0.1852000E+01 4.10437e-07
0.1854000E+01 4.80451e-07
0.1856000E+01 4.47708e-07
0.1858000E+01 4.21849e-07
0.1860000E+01 4.3508e-07
0.1862000E+01 4.91348e-07
0.1864000E+01 4.86112e-07
0.1866000E+01 4.61416e-07
0.1868000E+01 4.54232e-07
0.1870000E+01 5.62205e-07
0.1872000E+01 4.88403e-07
0.1874000E+01 4.33425e-07
0.1876000E+01 4.51798e-07
0.1878000E+01 5.57353e-07
0.1880000E+01 5.7507e-07
0.1882000E+01 5.46827e-07
0.1884000E+01 5.57906e-07
0.1886000E+01 6.09051e-07
0.1888000E+01 6.13537e-07
0.1890000E+01 5.87101e-07
0.1892000E+01 4.90824e-07
0.1894000E+01 6.95036e-07
0.1896000E+01 6.71346e-07
0.1898000E+01 5.82684e-07
0.1900000E+01 6.18134e-07
0.1902000E+01 6.40697e-07
0.1904000E+01 6.39e-07
0.1906000E+01 6.41292e-07
0.1908000E+01 8.22837e-07
0.1910000E+01 8.58739e-07
0.1912000E+01 7.28647e-07
0.1914000E+01 7.141e-07
0.1916000E+01 6.7738e-07
0.1918000E+01 4.07748e-07
0.1920000E+01 5.23222e-07
0.1922000E+01 3.47448e-07
0.1924000E+01 -1.2966e-06
0.1926000E+01 7.09656e-08
0.1928000E+01 4.24225e-06
0.1930000E+01 4.2245e-06
0.1932000E+01 2.9845e-06
0.1934000E+01 3.31275e-06
0.1936000E+01 1.1889e-06
0.1938000E+01 3.52982e-06
0.1940000E+01 1.56325e-06
0.1942000E+01 3.74959e-06
0.1944000E+01 4.16054e-06
0.1946000E+01 6.48465e-06
0.1948000E+01 4.71169e-06
0.1950000E+01 6.68392e-06
0.1952000E+01 5.98009e-06
0.1954000E+01 2.60634e-05
0.1956000E+01 -1.02057e-06
0.1958000E+01 -3.06503e-05
0.1960000E+01 -1.11273e-05
0.1962000E+01 -1.09713e-05
0.1964000E+01 -3.59029e-06
0.1966000E+01 -1.14219e-06
0.1968000E+01 -3.204e-06
0.1970000E+01 -4.18819e-06
0.1972000E+01 -5.94584e-06
0.1974000E+01 -4.73672e-06
0.1976000E+01 -1.16412e-06
0.1978000E+01 -1.1143e-06
0.1980000E+01 -4.7019e-06
0.1982000E+01 -4.89392e-06
0.1984000E+01 -1.82463e-06
0.1986000E+01 -1.02546e-06
0.1988000E+01 -1.71087e-06
0.1990000E+01 -1.03632e-06
0.1992000E+01 -1.92888e-06
0.1994000E+01 -4.66888e-07
0.1996000E+01 -5.30859e-07
0.1998000E+01 1.90765e-07
0.2000000E+01 -6.37325e-07
0.2002000E+01 -6.6245e-07
0.2004000E+01 -6.92276e-07
0.2006000E+01 -7.37226e-07
0.2008000E+01 -7.83457e-07
0.2010000E+01 -8.60711e-07
0.2012000E+01 -9.6836e-07
0.2014000E+01 -1.18097e-06
0.2016000E+01 -1.68269e-06
0.2018000E+01 -1.04755e-06
0.2020000E+01 -4.51494e-07
0.2022000E+01 -4.66969e-07
0.2024000E+01 -4.8034e-07
0.2026000E+01 -4.62715e-07
0.2028000E+01 -4.87711e-07
0.2030000E+01 -8.05046e-09
0.2032000E+01 1.21663e-06
0.2034000E+01 1.83979e-06
0.2036000E+01 -7.18438e-08
0.2038000E+01 -1.62037e-06
0.2040000E+01 -1.55564e-06
0.2042000E+01 -1.49261e-06
0.2044000E+01 -8.1207e-07
0.2046000E+01 -5.77719e-07
0.2048000E+01 -1.39303e-07
0.2050000E+01 9.40084e-07
0.2052000E+01 4.33645e-07
0.2054000E+01 -1.55043e-06
0.2056000E+01 -1.58298e-06
0.2058000E+01 -3.57796e-07
0.2060000E+01 1.56077e-08
0.2062000E+01 -4.13418e-08
0.2064000E+01 -1.97532e-07
0.2066000E+01 -1.1023e-06
0.2068000E+01 6.5619e-08
0.2070000E+01 -2.56354e-07
0.2072000E+01 -8.35639e-07
0.2074000E+01 -5.92032e-07
0.2076000E+01 -1.86276e-07
0.2078000E+01 7.70691e-08
0.2080000E+01 -1.0516e-07
0.2082000E+01 -1.37059e-07
0.2084000E+01 -7.8055e-07
0.2086000E+01 -5.9258e-07
0.2088000E+01 -5.0995e-07
0.2090000E+01 -5.42378e-07
0.2092000E+01 -2.06734e-07
0.2094000E+01 4.89323e-07
0.2096000E+01 2.1878e-07
0.2098000E+01 -2.58595e-07
0.2100000E+01 -4.17914e-07
0.2102000E+01 -4.04922e-07
0.2104000E+01 -3.8313e-07
0.2106000E+01 -2.91152e-07
0.2108000E+01 1.93383e-08
0.2110000E+01 1.35042e-07
0.2112000E+01 4.66334e-08
0.2114000E+01 9.48973e-08
0.2116000E+01 2.54127e-08
0.2118000E+01 -3.81387e-07
0.2120000E+01 -4.45116e-07
0.2122000E+01 -4.44281e-07
0.2124000E+01 -5.26633e-07
0.2126000E+01 -6.24287e-07
0.2128000E+01 -2.64835e-07
0.2130000E+01 1.92239e-07
0.2132000E+01 1.31099e-08
0.2134000E+01 -2.90707e-07
0.2136000E+01 -2.66874e-07
0.2138000E+01 -3.00826e-07
0.2140000E+01 -3.31993e-07
0.2142000E+01 -3.00115e-07
0.2144000E+01 -5.62362e-08
0.2146000E+01 2.3263e-07
0.2148000E+01 1.60147e-07
0.2150000E+01 7.36096e-08
0.2152000E+01 -1.1191e-07
0.2154000E+01 -2.19793e-07
0.2156000E+01 -3.40142e-07
0.2158000E+01 -5.32467e-07
0.2160000E+01 -3.14067e-07
0.2162000E+01 -4.64591e-08
0.2164000E+01 -4.96537e-08
0.2166000E+01 -5.75737e-08
0.2168000E+01 -4.80539e-08
0.2170000E+01 -1.46357e-07
0.2172000E+01 -2.94749e-07
0.2174000E+01 -3.62522e-07
0.2176000E+01 -3.87827e-07
0.2178000E+01 -4.85866e-07
0.2180000E+01 2.82234e-07
0.2182000E+01 1.36421e-07
0.2184000E+01 -1.89433e-07
0.2186000E+01 -2.07986e-07
0.2188000E+01 -2.05686e-07
0.2190000E+01 -2.08822e-07
0.2192000E+01 -9.9671e-08
0.2194000E+01 2.35701e-07
0.2196000E+01 2.92088e-07
0.2198000E+01 -5.35697e-08
0.2200000E+01 -1.98087e-07
0.2202000E+01 -3.4085e-07
0.2204000E+01 -3.32284e-07
0.2206000E+01 -2.80132e-07
0.2208000E+01 2.72875e-08
0.2210000E+01 9.81988e-08
0.2212000E+01 9.87173e-09
0.2214000E+01 7.39181e-08
0.2216000E+01 -5.8668e-08
0.2218000E+01 -2.59358e-07
0.2220000E+01 -3.03304e-07
0.2222000E+01 1.20062e-07
0.2224000E+01 5.27813e-07
0.2226000E+01 -2.47243e-07
0.2228000E+01 -2.2991e-07
0.2230000E+01 -2.42989e-07
0.2232000E+01 1.00943e-07
0.2234000E+01 5.9085e-07
0.2236000E+01 5.47068e-07
0.2238000E+01 2.75516e-07
0.2240000E+01 -2.64216e-07
0.2242000E+01 1.89645e-08
0.2244000E+01 5.66224e-07
0.2246000E+01 1.73445e-07
0.2248000E+01 2.61113e-08
0.2250000E+01 2.05457e-08
0.2252000E+01 1.15823e-06
0.2254000E+01 1.48805e-07
0.2256000E+01 1.87316e-06
0.2258000E+01 3.37152e-06
0.2260000E+01 4.74048e-07
0.2262000E+01 -2.66159e-06
0.2264000E+01 -1.74276e-06
0.2266000E+01 -1.54445e-06
0.2268000E+01 -1.28452e-06
0.2270000E+01 -1.11648e-06
0.2272000E+01 -9.43919e-07
0.2274000E+01 -8.8003e-07
0.2276000E+01 -8.33478e-07
0.2278000E+01 -7.82546e-07
0.2280000E+01 -6.50073e-07
0.2282000E+01 -5.27189e-07
0.2284000E+01 -4.93939e-07
0.2286000E+01 -5.2407e-07
0.2288000E+01 -4.88543e-07
0.2290000E+01 -4.62929e-07
0.2292000E+01 -4.60117e-07
0.2294000E+01 -5.09082e-07
0.2296000E+01 -5.06478e-07
0.2298000E+01 -4.80811e-07
0.2300000E+01 -4.59058e-07
0.2302000E+01 -4.53381e-07
0.2304000E+01 -4.45422e-07
0.2306000E+01 -4.318e-07
0.2308000E+01 -4.32305e-07
0.2310000E+01 -4.25118e-07
0.2312000E+01 -3.77522e-07
0.2314000E+01 -4.15817e-07
0.2316000E+01 -4.41491e-07
0.2318000E+01 -4.41464e-07
0.2320000E+01 -4.34641e-07
0.2322000E+01 -4.2581e-07
0.2324000E+01 -4.13854e-07
0.2326000E+01 -4.05173e-07
0.2328000E+01 -3.99734e-07
0.2330000E+01 -3.86577e-07
0.2332000E+01 -3.82922e-07
0.2334000E+01 -3.78635e-07
0.2336000E+01 -3.69923e-07
0.2338000E+01 -3.73496e-07
0.2340000E+01 -3.69956e-07
0.2342000E+01 -3.69213e-07
0.2344000E+01 -3.55288e-07
0.2346000E+01 -3.62639e-07
0.2348000E+01 -3.84291e-07
0.2350000E+01 -3.84389e-07
0.2352000E+01 -3.77204e-07
0.2354000E+01 -3.70317e-07
0.2356000E+01 -3.67564e-07
0.2358000E+01 -3.64927e-07
0.2360000E+01 -3.67158e-07
0.2362000E+01 -3.8154e-07
0.2364000E+01 -4.13973e-07
0.2366000E+01 -3.85995e-07
0.2368000E+01 -3.97341e-07
0.2370000E+01 -4.6322e-07
0.2372000E+01 -4.19933e-07
0.2374000E+01 -3.90585e-07
0.2376000E+01 -2.918e-07
0.2378000E+01 -3.07706e-07
0.2380000E+01 -3.13459e-07
0.2382000E+01 -3.48032e-07
0.2384000E+01 -3.14567e-07
0.2386000E+01 -3.08091e-07
0.2388000E+01 -3.34975e-07
0.2390000E+01 -3.41367e-07
0.2392000E+01 -3.50418e-07
0.2394000E+01 -3.40798e-07
0.2396000E+01 -3.52975e-07
0.2398000E+01 -3.56441e-07
0.2400000E+01 -3.50359e-07
0.2402000E+01 -3.40195e-07
0.2404000E+01 -3.47007e-07
0.2406000E+01 -3.32773e-07
0.2408000E+01 -3.32679e-07
0.2410000E+01 -3.24575e-07
0.2412000E+01 -3.02277e-07
0.2414000E+01 -3.09969e-07
0.2416000E+01 -3.03402e-07
0.2418000E+01 -2.87172e-07
0.2420000E+01 -2.3854e-07
0.2422000E+01 -2.99833e-07
0.2424000E+01 -3.15114e-07
0.2426000E+01 -3.1185e-07
0.2428000E+01 -3.10344e-07
0.2430000E+01 -3.05641e-07
0.2432000E+01 -3.01991e-07
0.2434000E+01 -3.05624e-07
0.2436000E+01 -2.98466e-07
0.2438000E+01 -3.15607e-07
0.2440000E+01 -3.00567e-07
0.2442000E+01 -3.01807e-07
0.2444000E+01 -2.98864e-07
0.2446000E+01 -2.9049e-07
0.2448000E+01 -2.86014e-07
0.2450000E+01 -2.85484e-07
0.2452000E+01 -2.79917e-07
0.2454000E+01 -2.73634e-07
0.2456000E+01 -2.66086e-07
0.2458000E+01 -2.60014e-07
0.2460000E+01 -2.47067e-07
0.2462000E+01 -6.28574e-07
0.2464000E+01 -6.31347e-07
0.2466000E+01 -2.6952e-07
0.2468000E+01 -3.33162e-07
0.2470000E+01 -3.60874e-07
0.2472000E+01 -9.3921e-08
0.2474000E+01 -2.55314e-07
0.2476000E+01 -3.45054e-07
0.2478000E+01 -3.14701e-07
0.2480000E+01 -1.96918e-07
0.2482000E+01 -3.17479e-07
0.2484000E+01 -2.8119e-07
0.2486000E+01 -3.30839e-07
0.2488000E+01 -2.75163e-07
0.2490000E+01 -2.19782e-07
0.2492000E+01 -2.88513e-07
0.2494000E+01 -2.89214e-07
0.2496000E+01 -2.83481e-07
0.2498000E+01 -3.06785e-07
0.2500000E+01 -5.28498e-08
0.2502000E+01 -2.62484e-07
0.2504000E+01 -2.39411e-07
0.2506000E+01 -2.38108e-07
0.2508000E+01 -2.64707e-07
0.2510000E+01 -2.92343e-07
0.2512000E+01 -2.76506e-07
0.2514000E+01 4.73336e-08
0.2516000E+01 -2.31975e-07
0.2518000E+01 -2.65318e-07
0.2520000E+01 -2.56817e-07
0.2522000E+01 -2.48083e-07
0.2524000E+01 -2.56454e-07
0.2526000E+01 -2.73805e-07
0.2528000E+01 -1.13842e-07
0.2530000E+01 -6.66528e-08
0.2532000E+01 -1.43097e-07
0.2534000E+01 -3.28116e-07
0.2536000E+01 -2.60614e-07
0.2538000E+01 -2.25716e-07
0.2540000E+01 -2.20615e-07
0.2542000E+01 -2.3204e-07
0.2544000E+01 -2.37122e-07
0.2546000E+01 2.83828e-08
0.2548000E+01 -8.29675e-08
0.2550000E+01 -1.40821e-07
0.2552000E+01 -1.37359e-07
0.2554000E+01 -2.7153e-07
0.2556000E+01 -2.2334e-07
0.2558000E+01 -2.21421e-07
0.2560000E+01 -2.12242e-07
0.2562000E+01 -2.0934e-07
0.2564000E+01 -2.96342e-08
0.2566000E+01 -6.41246e-08
0.2568000E+01 -1.39533e-07
0.2570000E+01 -1.61679e-07
0.2572000E+01 -1.55133e-07
0.2574000E+01 -1.57963e-07
0.2576000E+01 -1.58717e-07
0.2578000E+01 -1.82603e-07
0.2580000E+01 -1.97974e-07
0.2582000E+01 -2.11881e-07
0.2584000E+01 -1.51305e-08
0.2586000E+01 -4.61007e-08
0.2588000E+01 -8.89937e-08
0.2590000E+01 -1.22355e-07
0.2592000E+01 -1.6871e-07
0.2594000E+01 -1.9507e-07
0.2596000E+01 -1.67687e-07
0.2598000E+01 -1.66585e-07
0.2600000E+01 -1.72644e-07
0.2602000E+01 -1.7987e-07
0.2604000E+01 -1.57143e-07
0.2606000E+01 -3.11338e-08
0.2608000E+01 -1.16678e-07
0.2610000E+01 -1.18974e-07
0.2612000E+01 -1.32963e-07
0.2614000E+01 -1.42011e-07
0.2616000E+01 -1.25743e-07
0.2618000E+01 -1.60422e-07
0.2620000E+01 -2.05094e-07
0.2622000E+01 -1.63358e-07
0.2624000E+01 -1.92917e-07
0.2626000E+01 -1.61472e-07
0.2628000E+01 -4.81911e-08
0.2630000E+01 -4.94839e-08
0.2632000E+01 -1.41856e-07
0.2634000E+01 -2.12923e-07
0.2636000E+01 -1.67019e-07
0.2638000E+01 -1.39402e-07
0.2640000E+01 -1.57282e-07
0.2642000E+01 -1.52992e-07
0.2644000E+01 -1.4834e-07
0.2646000E+01 -1.39495e-07
0.2648000E+01 -2.02993e-07
0.2650000E+01 -2.04236e-07
0.2652000E+01 -9.61442e-08
0.2654000E+01 -7.97403e-08
0.2656000E+01 -8.1716e-08
0.2658000E+01 -1.36289e-07
0.2660000E+01 -1.35194e-07
0.2662000E+01 -1.32699e-07
0.2664000E+01 -1.9987e-07
0.2666000E+01 -2.03307e-07
0.2668000E+01 -1.74119e-07
0.2670000E+01 -1.53183e-07
0.2672000E+01 -1.51226e-07
0.2674000E+01 -1.53262e-07
0.2676000E+01 -1.48456e-07
0.2678000E+01 -4.433e-08
0.2680000E+01 -1.26098e-07
0.2682000E+01 -1.95955e-07
0.2684000E+01 -1.70206e-07
0.2686000E+01 -1.61226e-07
0.2688000E+01 -1.49929e-07
0.2690000E+01 -1.5515e-07
0.2692000E+01 -1.48971e-07
0.2694000E+01 -1.33402e-07
0.2696000E+01 -1.36181e-07
0.2698000E+01 -1.41984e-07
0.2700000E+01 -2.24202e-07
0.2702000E+01 -2.53975e-07
0.2704000E+01 -1.1992e-07
0.2706000E+01 -1.12674e-07
0.2708000E+01 -1.24304e-07
0.2710000E+01 -1.26394e-07
0.2712000E+01 -1.29329e-07
0.2714000E+01 -1.30197e-07
0.2716000E+01 -1.33239e-07
0.2718000E+01 -1.38774e-07
0.2720000E+01 -2.01744e-07
0.2722000E+01 -1.78101e-07
0.2724000E+01 -2.178e-07
0.2726000E+01 -1.75996e-07
0.2728000E+01 -1.76314e-07
0.2730000E+01 -1.19257e-07
0.2732000E+01 -8.45972e-08
0.2734000E+01 -8.35895e-08
0.2736000E+01 -1.5324e-07
0.2738000E+01 -1.89647e-07
0.2740000E+01 -1.48474e-07
0.2742000E+01 -1.36946e-07
0.2744000E+01 -1.32929e-07
0.2746000E+01 -1.5857e-07
0.2748000E+01 -2.08375e-07
0.2750000E+01 -1.65783e-07
0.2752000E+01 -1.80057e-07
0.2754000E+01 -2.83159e-07
0.2756000E+01 -1.99872e-07
0.2758000E+01 -1.2769e-07
0.2760000E+01 -9.434e-08
0.2762000E+01 -1.26879e-07
0.2764000E+01 -1.255e-07
0.2766000E+01 -1.26766e-07
0.2768000E+01 -2.08247e-07
0.2770000E+01 -2.04656e-07
0.2772000E+01 -1.98719e-07
0.2774000E+01 -2.15054e-07
0.2776000E+01 -1.86738e-07
0.2778000E+01 -1.76434e-07
0.2780000E+01 -1.65177e-07
0.2782000E+01 -2.82028e-07
0.2784000E+01 -2.43758e-07
0.2786000E+01 -1.59449e-07
0.2788000E+01 -1.2584e-07
0.2790000E+01 -1.52933e-07
0.2792000E+01 -1.64078e-07
0.2794000E+01 -2.48669e-07
0.2796000E+01 -3.34606e-07
0.2798000E+01 -2.39445e-07
0.2800000E+01 -2.18463e-07
0.2802000E+01 -2.32918e-07
0.2804000E+01 -2.04406e-07
0.2806000E+01 -3.7334e-07
0.2808000E+01 -3.49406e-07
0.2810000E+01 -3.12421e-07
0.2812000E+01 -2.70319e-07
0.2814000E+01 -2.39222e-07
0.2816000E+01 -3.76669e-07
0.2818000E+01 -3.57334e-07
0.2820000E+01 -3.68223e-07
0.2822000E+01 -3.66095e-07
0.2824000E+01 -4.16553e-07
0.2826000E+01 -6.4783e-07
0.2828000E+01 -4.48798e-07
0.2830000E+01 -4.94917e-07
0.2832000E+01 -8.14182e-07
0.2834000E+01 -9.54028e-07
0.2836000E+01 -7.38475e-07
0.2838000E+01 -1.38579e-06
0.2840000E+01 -1.50295e-06
0.2842000E+01 -2.28759e-06
0.2844000E+01 -3.74839e-06
0.2846000E+01 -2.60488e-06
0.2848000E+01 8.87611e-06
0.2850000E+01 3.03742e-06
0.2852000E+01 1.98384e-06
0.2854000E+01 1.07857e-06
0.2856000E+01 1.33775e-06
0.2858000E+01 1.0302e-06
0.2860000E+01 7.85692e-07
0.2862000E+01 6.40287e-07
0.2864000E+01 7.36138e-07
0.2866000E+01 5.58725e-07
0.2868000E+01 5.91542e-07
0.2870000E+01 4.50265e-07
0.2872000E+01 4.57634e-07
0.2874000E+01 4.51184e-07
0.2876000E+01 3.5773e-07
0.2878000E+01 3.86657e-07
0.2880000E+01 4.46428e-07
0.2882000E+01 3.69891e-07
0.2884000E+01 3.6324e-07
0.2886000E+01 2.50755e-07
0.2888000E+01 2.57824e-07
0.2890000E+01 2.66988e-07
0.2892000E+01 2.91098e-07
0.2894000E+01 3.5076e-07
0.2896000E+01 3.716e-07
0.2898000E+01 2.01506e-07
0.2900000E+01 2.08744e-07
0.2902000E+01 2.13756e-07
0.2904000E+01 1.87353e-07
0.2906000E+01 1.72523e-07
0.2908000E+01 2.13481e-07
0.2910000E+01 2.1484e-07
0.2912000E+01 2.52915e-07
0.2914000E+01 2.1629e-07
0.2916000E+01 1.65212e-07
0.2918000E+01 1.59201e-07
0.2920000E+01 1.61179e-07
0.2922000E+01 2.07648e-07
0.2924000E+01 1.72054e-07
0.2926000E+01 1.49771e-07
0.2928000E+01 1.60163e-07
0.2930000E+01 1.67167e-07
0.2932000E+01 1.80881e-07
0.2934000E+01 1.65387e-07
0.2936000E+01 1.26309e-07
0.2938000E+01 1.12035e-07
0.2940000E+01 3.14499e-07
0.2942000E+01 3.38071e-07
0.2944000E+01 1.28316e-07
0.2946000E+01 1.33635e-07
0.2948000E+01 1.37521e-07
0.2950000E+01 1.26499e-07
0.2952000E+01 1.30544e-07
0.2954000E+01 1.24524e-07
0.2956000E+01 1.44827e-07
0.2958000E+01 1.6939e-07
0.2960000E+01 1.42079e-07
0.2962000E+01 1.24538e-07
0.2964000E+01 1.06748e-07
0.2966000E+01 1.13231e-07
0.2968000E+01 9.51607e-08
0.2970000E+01 7.03933e-08
0.2972000E+01 8.16882e-08
0.2974000E+01 9.3047e-08
0.2976000E+01 7.51453e-08
0.2978000E+01 1.87446e-07
0.2980000E+01 2.86385e-07
0.2982000E+01 2.24276e-07
0.2984000E+01 9.93558e-08
0.2986000E+01 -7.33275e-08
0.2988000E+01 -1.33337e-06
0.2990000E+01 1.66618e-06
0.2992000E+01 2.88153e-06
0.2994000E+01 6.52598e-08
0.2996000E+01 6.90602e-08
0.2998000E+01 7.25202e-08
0.3000000E+01 7.25133e-08
0.3002000E+01 7.18255e-08
0.3004000E+01 7.46636e-08
0.3006000E+01 8.71628e-08
0.3008000E+01 8.40513e-08
0.3010000E+01 8.09074e-08
0.3012000E+01 8.25176e-08
0.3014000E+01 8.20034e-08
0.3016000E+01 8.19097e-08
0.3018000E+01 8.43593e-08
0.3020000E+01 7.7297e-08
0.3022000E+01 7.10357e-08
0.3024000E+01 7.98194e-08
0.3026000E+01 8.95508e-08
0.3028000E+01 8.58029e-08
0.3030000E+01 5.65898e-08
0.3032000E+01 5.18817e-08
0.3034000E+01 6.09896e-08
0.3036000E+01 6.62124e-08
0.3038000E+01 7.14891e-08
0.3040000E+01 7.2131e-08
0.3042000E+01 8.77421e-08
0.3044000E+01 7.50461e-08
0.3046000E+01 9.91467e-08
0.3048000E+01 8.25851e-08
0.3050000E+01 8.30703e-08
0.3052000E+01 8.18771e-08
0.3054000E+01 7.57751e-08
0.3056000E+01 6.74388e-08
0.3058000E+01 7.10469e-08
0.3060000E+01 7.89814e-08
0.3062000E+01 7.3653e-08
0.3064000E+01 8.05694e-08
0.3066000E+01 8.0711e-08
0.3068000E+01 8.53931e-08
0.3070000E+01 9.40319e-08
0.3072000E+01 9.2198e-08
0.3074000E+01 8.32964e-08
0.3076000E+01 7.54703e-08
0.3078000E+01 5.32437e-08
0.3080000E+01 7.79234e-08
0.3082000E+01 9.48574e-08
0.3084000E+01 9.71082e-08
0.3086000E+01 9.21983e-08
0.3088000E+01 9.12698e-08
0.3090000E+01 8.66861e-08
0.3092000E+01 7.19353e-08
0.3094000E+01 7.53236e-08
0.3096000E+01 6.73081e-08
0.3098000E+01 9.32987e-08
0.3100000E+01 9.63878e-08
0.3102000E+01 9.29818e-08
0.3104000E+01 9.4226e-08
0.3106000E+01 7.63404e-08
0.3108000E+01 1.20719e-07
0.3110000E+01 9.00093e-08
0.3112000E+01 7.44207e-08
0.3114000E+01 9.1924e-08
0.3116000E+01 1.02592e-07
0.3118000E+01 9.55981e-08
0.3120000E+01 1.05989e-07
0.3122000E+01 1.12871e-07
0.3124000E+01 7.83256e-08
0.3126000E+01 6.46205e-08
0.3128000E+01 6.84329e-08
0.3130000E+01 9.09559e-08
0.3132000E+01 1.11389e-07
0.3134000E+01 9.64528e-08
0.3136000E+01 1.09093e-07
0.3138000E+01 9.43071e-08
0.3140000E+01 7.95277e-08
0.3142000E+01 9.86221e-08
0.3144000E+01 1.03952e-07
0.3146000E+01 1.208e-07
0.3148000E+01 9.37229e-08
0.3150000E+01 8.75427e-08
0.3152000E+01 8.6182e-08
0.3154000E+01 1.1074e-07
0.3156000E+01 5.76506e-08
0.3158000E+01 4.49772e-08
0.3160000E+01 9.59585e-08
0.3162000E+01 -2.23151e-08
0.3164000E+01 -9.01767e-09
0.3166000E+01 5.40541e-07
0.3168000E+01 1.53351e-07
0.3170000E+01 -1.20577e-07
0.3172000E+01 1.78665e-08
0.3174000E+01 5.73936e-08
0.3176000E+01 2.01401e-07
0.3178000E+01 8.96102e-08
0.3180000E+01 1.21094e-07
0.3182000E+01 2.36108e-07
0.3184000E+01 1.14933e-07
0.3186000E+01 1.97279e-07
0.3188000E+01 1.78393e-07
0.3190000E+01 2.14161e-07
0.3192000E+01 1.73297e-07
0.3194000E+01 1.28646e-07
0.3196000E+01 1.35687e-07
0.3198000E+01 1.56322e-07
0.3200000E+01 1.61789e-07
0.3202000E+01 1.98976e-07
0.3204000E+01 1.46483e-07
0.3206000E+01 1.53202e-07
0.3208000E+01 1.49105e-07
0.3210000E+01 1.52577e-07
0.3212000E+01 1.43185e-07
0.3214000E+01 2.08629e-07
0.3216000E+01 1.29692e-07
0.3218000E+01 1.04859e-07
0.3220000E+01 7.43854e-08
0.3222000E+01 1.09571e-07
0.3224000E+01 1.55731e-07
0.3226000E+01 1.45808e-07
0.3228000E+01 1.07089e-07
0.3230000E+01 5.89736e-08
0.3232000E+01 9.25806e-08
0.3234000E+01 1.45586e-07
0.3236000E+01 1.57749e-07
0.3238000E+01 1.231e-07
0.3240000E+01 1.13637e-07
0.3242000E+01 9.35382e-08
0.3244000E+01 2.12205e-07
0.3246000E+01 8.82415e-08
0.3248000E+01 5.56655e-08
0.3250000E+01 8.8801e-08
0.3252000E+01 2.12028e-07
0.3254000E+01 -2.23709e-07
0.3256000E+01 3.26203e-07
0.3258000E+01 -8.12127e-08
0.3260000E+01 2.64801e-07
0.3262000E+01 -1.21915e-06
0.3264000E+01 1.50673e-07
0.3266000E+01 3.67651e-07
0.3268000E+01 1.10928e-07
0.3270000E+01 1.17737e-07
0.3272000E+01 3.14065e-07
0.3274000E+01 3.17199e-07
0.3276000E+01 5.79814e-07
0.3278000E+01 -7.13578e-08
0.3280000E+01 -1.08805e-07
0.3282000E+01 3.55823e-07
0.3284000E+01 3.50971e-07
0.3286000E+01 9.22511e-07
0.3288000E+01 1.532e-07
0.3290000E+01 8.98463e-07
0.3292000E+01 8.10176e-07
0.3294000E+01 5.58464e-07
0.3296000E+01 -2.14445e-07
0.3298000E+01 -3.14116e-08
0.3300000E+01 -4.98313e-07
0.3302000E+01 -3.83967e-07
0.3304000E+01 -4.40564e-07
0.3306000E+01 -1.85085e-07
0.3308000E+01 -1.5457e-07
0.3310000E+01 -2.17063e-07
0.3312000E+01 -2.35311e-07
0.3314000E+01 -1.71972e-07
0.3316000E+01 -1.57409e-07
0.3318000E+01 -1.44394e-07
0.3320000E+01 -1.3092e-07
0.3322000E+01 -9.1912e-08
0.3324000E+01 -1.1405e-07
0.3326000E+01 -1.40739e-07
0.3328000E+01 -1.3117e-07
0.3330000E+01 -8.76681e-08
0.3332000E+01 -7.61484e-08
0.3334000E+01 -7.72924e-08
0.3336000E+01 -7.01415e-08
0.3338000E+01 -6.54015e-08
0.3340000E+01 -6.78069e-08
0.3342000E+01 -7.58976e-08
0.3344000E+01 -7.03826e-08
0.3346000E+01 -5.56268e-08
0.3348000E+01 -4.57695e-08
0.3350000E+01 -3.80037e-08
0.3352000E+01 -4.09004e-08
0.3354000E+01 -4.88209e-08
0.3356000E+01 -6.72993e-08
0.3358000E+01 -6.67983e-08
0.3360000E+01 -4.36563e-08
0.3362000E+01 -3.83521e-08
0.3364000E+01 -5.76301e-08
0.3366000E+01 -5.25549e-08
0.3368000E+01 -4.16909e-08
0.3370000E+01 -3.76066e-08
0.3372000E+01 -3.34298e-08
0.3374000E+01 -3.45199e-08
0.3376000E+01 -2.86924e-08
0.3378000E+01 -2.84571e-08
0.3380000E+01 -2.49272e-08
0.3382000E+01 -2.52915e-08
0.3384000E+01 -4.48941e-08
0.3386000E+01 -3.35215e-08
0.3388000E+01 -2.45824e-08
0.3390000E+01 -2.27246e-08
0.3392000E+01 -1.29262e-07
0.3394000E+01 -3.63496e-08
0.3396000E+01 -4.5769e-08
0.3398000E+01 -3.54269e-08
0.3400000E+01 -3.01124e-08
0.3402000E+01 -5.73891e-08
0.3404000E+01 -4.24987e-08
0.3406000E+01 -4.34608e-08
0.3408000E+01 -4.03014e-08
0.3410000E+01 -3.51171e-08
0.3412000E+01 -3.36631e-08
0.3414000E+01 -3.49972e-08
0.3416000E+01 -3.57187e-08
0.3418000E+01 -3.74734e-08
0.3420000E+01 -5.87344e-08
0.3422000E+01 -5.03471e-08
0.3424000E+01 -4.41132e-08
0.3426000E+01 -3.28264e-08
0.3428000E+01 -2.96703e-08
0.3430000E+01 7.46288e-08
0.3432000E+01 -2.80818e-08
0.3434000E+01 -2.89548e-08
0.3436000E+01 -4.56909e-08
0.3438000E+01 -5.23754e-08
0.3440000E+01 -4.41277e-08
0.3442000E+01 -5.44434e-08
0.3444000E+01 -4.87215e-08
0.3446000E+01 -3.67766e-08
0.3448000E+01 -3.12493e-08
0.3450000E+01 -3.573e-08
0.3452000E+01 -6.39127e-08
0.3454000E+01 -5.08425e-08
0.3456000E+01 1.51858e-08
0.3458000E+01 7.12706e-09
0.3460000E+01 1.35548e-08
0.3462000E+01 -2.48084e-08
0.3464000E+01 -3.70553e-08
0.3466000E+01 -7.03519e-08
0.3468000E+01 -7.09454e-08
0.3470000E+01 -5.93372e-08
0.3472000E+01 -4.29219e-08
0.3474000E+01 -4.77681e-08
0.3476000E+01 -4.20937e-08
0.3478000E+01 -5.59428e-08
0.3480000E+01 -3.17466e-08
0.3482000E+01 -1.24095e-08
0.3484000E+01 -2.18098e-08
0.3486000E+01 -6.87482e-09
0.3488000E+01 -2.79464e-08
0.3490000E+01 -3.9392e-08
0.3492000E+01 -4.71305e-08
0.3494000E+01 1.32559e-08
0.3496000E+01 -4.22054e-08
0.3498000E+01 -4.67564e-08
0.3500000E+01 -1.43523e-08
0.3502000E+01 -3.49418e-08
0.3504000E+01 -1.44275e-08
0.3506000E+01 -3.55541e-09
0.3508000E+01 1.78986e-08
0.3510000E+01 -3.26835e-08
0.3512000E+01 -5.5661e-08
0.3514000E+01 1.98071e-08
0.3516000E+01 -5.78783e-10
0.3518000E+01 -1.4067e-08
0.3520000E+01 1.51102e-08
0.3522000E+01 3.9379e-08
0.3524000E+01 1.35504e-07
0.3526000E+01 1.03311e-07
0.3528000E+01 7.91375e-08
0.3530000E+01 6.40069e-08
0.3532000E+01 7.16173e-08
0.3534000E+01 7.03139e-08
0.3536000E+01 5.32428e-08
0.3538000E+01 6.50717e-08
0.3540000E+01 8.67075e-08
0.3542000E+01 1.29671e-07
0.3544000E+01 1.28814e-07
0.3546000E+01 1.33714e-07
0.3548000E+01 8.18293e-08
0.3550000E+01 8.37225e-08
0.3552000E+01 7.81608e-08
0.3554000E+01 1.03797e-07
0.3556000E+01 6.23561e-08
0.3558000E+01 7.75528e-08
0.3560000E+01 2.59078e-07
0.3562000E+01 1.25212e-07
0.3564000E+01 1.18074e-07
0.3566000E+01 9.99908e-08
0.3568000E+01 7.39467e-08
0.3570000E+01 7.41818e-08
0.3572000E+01 7.90416e-08
0.3574000E+01 3.16551e-07
0.3576000E+01 1.75143e-07
0.3578000E+01 1.45847e-07
0.3580000E+01 1.68854e-07
0.3582000E+01 1.44999e-07
0.3584000E+01 1.61903e-07
0.3586000E+01 4.53166e-07
0.3588000E+01 2.9638e-07
0.3590000E+01 4.38409e-07
0.3592000E+01 3.66133e-07
0.3594000E+01 1.09031e-06
0.3596000E+01 8.00038e-07
0.3598000E+01 3.44344e-06
0.3600000E+01 -4.99242e-06
0.3602000E+01 -1.28172e-06
0.3604000E+01 -8.61663e-07
0.3606000E+01 -5.32684e-07
0.3608000E+01 -4.41186e-07
0.3610000E+01 -3.25021e-07
0.3612000E+01 -3.11227e-07
0.3614000E+01 -3.07029e-07
0.3616000E+01 -1.87373e-07
0.3618000E+01 -1.90068e-07
0.3620000E+01 -2.17337e-07
0.3622000E+01 -2.44527e-07
0.3624000E+01 -1.45853e-07
0.3626000E+01 -1.72756e-07
0.3628000E+01 -2.01184e-07
0.3630000E+01 -2.7378e-07
0.3632000E+01 -1.22953e-07
0.3634000E+01 -1.1505e-07
0.3636000E+01 -1.44497e-07
0.3638000E+01 -2.05249e-07
0.3640000E+01 -1.10029e-07
0.3642000E+01 -1.01421e-07
0.3644000E+01 -8.22501e-08
0.3646000E+01 -1.06396e-07
0.3648000E+01 -1.61485e-07
0.3650000E+01 -1.04098e-07
0.3652000E+01 -8.04798e-08
0.3654000E+01 -1.06824e-07
0.3656000E+01 -1.25992e-07
0.3658000E+01 -1.43678e-07
0.3660000E+01 -8.65326e-08
0.3662000E+01 -7.11685e-08
0.3664000E+01 -9.49243e-08
0.3666000E+01 -1.03182e-07
0.3668000E+01 -9.8556e-08
0.3670000E+01 -5.33039e-08
0.3672000E+01 -6.90521e-08
0.3674000E+01 -7.29796e-08
0.3676000E+01 -7.05256e-08
0.3678000E+01 -7.69878e-08
0.3680000E+01 -7.73521e-08
0.3682000E+01 -6.85114e-08
0.3684000E+01 -6.67646e-08
0.3686000E+01 -7.26902e-08
0.3688000E+01 -8.8111e-08
0.3690000E+01 -8.28709e-08
0.3692000E+01 -1.045e-07
0.3694000E+01 -6.58594e-08
0.3696000E+01 -6.77152e-08
0.3698000E+01 -6.39665e-08
0.3700000E+01 -6.21819e-08
0.3702000E+01 -6.51729e-08
0.3704000E+01 -8.92518e-08
0.3706000E+01 -4.83991e-08
0.3708000E+01 -5.16307e-08
0.3710000E+01 -5.43991e-08
0.3712000E+01 -6.50323e-08
0.3714000E+01 -6.98605e-08
0.3716000E+01 -7.63581e-08
0.3718000E+01 -5.70858e-08
0.3720000E+01 -5.97038e-08
0.3722000E+01 -5.66705e-08
0.3724000E+01 -5.43939e-08
0.3726000E+01 -5.38502e-08
0.3728000E+01 -4.89857e-08
0.3730000E+01 -3.8307e-08
0.3732000E+01 -4.32161e-08
0.3734000E+01 -4.27258e-08
0.3736000E+01 -4.87981e-08
0.3738000E+01 -4.94424e-08
0.3740000E+01 -5.21247e-08
0.3742000E+01 -6.97887e-08
0.3744000E+01 -5.25218e-08
0.3746000E+01 -5.14064e-08
0.3748000E+01 -5.28416e-08
0.3750000E+01 -5.13822e-08
0.3752000E+01 -4.73428e-08
0.3754000E+01 -5.78107e-08
0.3756000E+01 -3.85256e-08
0.3758000E+01 -5.18807e-08
0.3760000E+01 -4.51396e-08
0.3762000E+01 -3.90842e-08
0.3764000E+01 -4.15457e-08
0.3766000E+01 -4.4894e-08
0.3768000E+01 -4.03717e-08
0.3770000E+01 -3.51565e-08
0.3772000E+01 -2.64567e-08
0.3774000E+01 -3.72467e-08
0.3776000E+01 -4.31775e-08
0.3778000E+01 -4.31293e-08
0.3780000E+01 -4.75008e-08
0.3782000E+01 -3.86084e-08
0.3784000E+01 -4.43044e-08
0.3786000E+01 -3.4975e-08
0.3788000E+01 -4.06995e-08
0.3790000E+01 -4.4778e-08
0.3792000E+01 -4.35959e-08
0.3794000E+01 -4.19177e-08
0.3796000E+01 -4.10443e-08
0.3798000E+01 -4.30437e-08
0.3800000E+01 -4.31336e-08
0.3802000E+01 -5.27827e-08
0.3804000E+01 -2.74137e-08
0.3806000E+01 -2.58838e-08
0.3808000E+01 -2.0775e-08
0.3810000E+01 -3.3868e-08
0.3812000E+01 -3.33071e-08
0.3814000E+01 -2.25498e-08
0.3816000E+01 -3.69905e-08
0.3818000E+01 -3.18166e-08
0.3820000E+01 -2.31908e-08
0.3822000E+01 -3.30093e-08
0.3824000E+01 -3.19463e-08
0.3826000E+01 -2.17904e-08
0.3828000E+01 -5.14447e-08
0.3830000E+01 -4.72817e-08
0.3832000E+01 -4.21713e-09
0.3834000E+01 -2.92786e-08
0.3836000E+01 -4.13733e-09
0.3838000E+01 -3.84345e-08
0.3840000E+01 -3.0732e-08
0.3842000E+01 -9.74377e-08
0.3844000E+01 5.79669e-08
0.3846000E+01 7.52874e-08
0.3848000E+01 -1.22148e-07
0.3850000E+01 5.08953e-08
0.3852000E+01 -2.53927e-08
0.3854000E+01 -1.93272e-08
0.3856000E+01 -2.0143e-08
0.3858000E+01 -1.81125e-08
0.3860000E+01 -2.76211e-08
0.3862000E+01 -3.19407e-08
0.3864000E+01 -2.87996e-08
0.3866000E+01 -5.11595e-08
0.3868000E+01 -1.4167e-08
0.3870000E+01 -4.24032e-09
0.3872000E+01 -1.36477e-08
0.3874000E+01 -1.62717e-08
0.3876000E+01 -1.47291e-08
0.3878000E+01 -1.54958e-08
0.3880000E+01 -2.23451e-08
0.3882000E+01 -2.98709e-08
0.3884000E+01 -5.11952e-08
0.3886000E+01 -3.51468e-08
0.3888000E+01 -5.15715e-09
0.3890000E+01 -5.61295e-09
0.3892000E+01 -6.59721e-09
0.3894000E+01 -9.38792e-09
0.3896000E+01 -1.21278e-08
0.3898000E+01 -3.19564e-08
0.3900000E+01 -3.8829e-08
0.3902000E+01 2.03281e-08
0.3904000E+01 1.93426e-08
0.3906000E+01 1.79551e-08
0.3908000E+01 1.19028e-08
0.3910000E+01 4.16599e-09
0.3912000E+01 -3.69868e-08
0.3914000E+01 1.04919e-08
0.3916000E+01 4.26963e-08
0.3918000E+01 3.85666e-08
0.3920000E+01 2.25188e-08
0.3922000E+01 1.87979e-08
0.3924000E+01 1.95239e-08
0.3926000E+01 -4.76979e-09
0.3928000E+01 4.00815e-09
0.3930000E+01 3.01693e-08
0.3932000E+01 2.80987e-08
0.3934000E+01 2.55285e-08
0.3936000E+01 1.11605e-08
0.3938000E+01 9.53936e-09
0.3940000E+01 1.34348e-08
0.3942000E+01 1.35959e-08
0.3944000E+01 7.43224e-09
0.3946000E+01 1.22849e-09
0.3948000E+01 4.0952e-09
0.3950000E+01 9.24553e-09
0.3952000E+01 6.59347e-09
0.3954000E+01 -6.69779e-09
0.3956000E+01 -1.25702e-08
0.3958000E+01 -1.14538e-08
0.3960000E+01 -3.44646e-09
0.3962000E+01 -6.70274e-09
0.3964000E+01 -1.7658e-09
0.3966000E+01 2.10454e-09
0.3968000E+01 3.88744e-10
0.3970000E+01 1.85521e-09
0.3972000E+01 5.88534e-09
0.3974000E+01 4.14603e-09
0.3976000E+01 1.00895e-08
0.3978000E+01 -9.2957e-08
0.3980000E+01 -5.15267e-08
0.3982000E+01 -3.42164e-08
0.3984000E+01 5.40721e-10
0.3986000E+01 -6.46008e-09
0.3988000E+01 1.18243e-08
0.3990000E+01 1.88209e-08
0.3992000E+01 -7.07273e-08
0.3994000E+01 -1.72938e-08
0.3996000E+01 -1.10348e-08
0.3998000E+01 -6.18362e-09
0.4000000E+01 1.01487e-08
