0.0000000E+00 0
0.2000000E-02 0
0.4000000E-02 0
0.6000000E-02 0
0.8000000E-02 0
0.1000000E-01 0
0.1200000E-01 0
0.1400000E-01 0
0.1600000E-01 0
0.1800000E-01 0
0.2000000E-01 0
0.2200000E-01 0
0.2400000E-01 0
0.2600000E-01 0
0.2800000E-01 0
0.3000000E-01 0
0.3200000E-01 0
0.3400000E-01 0
0.3600000E-01 0
0.3800000E-01 0
0.4000000E-01 0
0.4200000E-01 0
0.4400000E-01 0
0.4600000E-01 0
0.4800000E-01 0
0.5000000E-01 0
0.5200000E-01 0
0.5400000E-01 0
0.5600000E-01 0
0.5800000E-01 0
0.6000000E-01 0
0.6200000E-01 0
0.6400000E-01 0
0.6600000E-01 0
0.6800000E-01 0
0.7000000E-01 0
0.7200000E-01 0
0.7400000E-01 0
0.7600000E-01 0
0.7800000E-01 0
0.8000000E-01 0
0.8200000E-01 0
0.8400000E-01 0
0.8600000E-01 -8.00399e-06
0.8800000E-01 -7.51213e-06
0.9000000E-01 -3.50513e-06
0.9200000E-01 -1.19003e-06
0.9400000E-01 -8.50793e-07
0.9600000E-01 -6.43228e-07
0.9800000E-01 -4.1875e-07
0.1000000E+00 -1.08497e-07
0.1020000E+00 6.12814e-08
0.1040000E+00 3.09731e-09
0.1060000E+00 -9.36138e-08
0.1080000E+00 -1.97973e-07
0.1100000E+00 -2.11784e-07
0.1120000E+00 -3.8086e-08
0.1140000E+00 1.86511e-07
0.1160000E+00 3.18332e-07
0.1180000E+00 1.76058e-07
0.1200000E+00 2.42572e-07
0.1220000E+00 -7.02461e-08
0.1240000E+00 -3.21137e-07
0.1260000E+00 -3.25121e-07
0.1280000E+00 -1.47683e-07
0.1300000E+00 -6.2139e-08
0.1320000E+00 7.19445e-09
0.1340000E+00 4.57404e-08
0.1360000E+00 2.74969e-08
0.1380000E+00 2.64417e-08
0.1400000E+00 3.38207e-08
0.1420000E+00 4.71377e-08
0.1440000E+00 4.82108e-08
0.1460000E+00 6.39623e-08
0.1480000E+00 9.97763e-08
0.1500000E+00 1.21835e-07
0.1520000E+00 1.22505e-07
0.1540000E+00 1.4424e-07
0.1560000E+00 1.59303e-07
0.1580000E+00 1.65407e-07
0.1600000E+00 1.70115e-07
0.1620000E+00 1.73648e-07
0.1640000E+00 2.24642e-07
0.1660000E+00 2.69658e-07
0.1680000E+00 2.05408e-07
0.1700000E+00 2.56652e-07
0.1720000E+00 3.05936e-07
0.1740000E+00 3.52928e-07
0.1760000E+00 -1.03456e-07
0.1780000E+00 2.6306e-09
0.1800000E+00 2.29162e-08
0.1820000E+00 3.39701e-08
0.1840000E+00 4.56704e-08
0.1860000E+00 5.28576e-08
0.1880000E+00 7.03502e-08
0.1900000E+00 9.25129e-08
0.1920000E+00 9.16042e-08
0.1940000E+00 1.17179e-07
0.1960000E+00 1.17667e-07
0.1980000E+00 1.09266e-07
0.2000000E+00 1.01098e-07
0.2020000E+00 9.31482e-08
0.2040000E+00 8.54011e-08
0.2060000E+00 7.78422e-08
0.2080000E+00 7.08166e-08
0.2100000E+00 9.07197e-08
0.2120000E+00 1.20516e-07
0.2140000E+00 1.29769e-07
0.2160000E+00 1.42289e-07
0.2180000E+00 1.65532e-07
0.2200000E+00 1.89003e-07
0.2220000E+00 2.04658e-07
0.2240000E+00 2.00838e-07
0.2260000E+00 2.40459e-07
0.2280000E+00 2.74241e-07
0.2300000E+00 1.90239e-07
0.2320000E+00 -7.25694e-08
0.2340000E+00 -2.71861e-08
0.2360000E+00 -2.11951e-08
0.2380000E+00 -5.88286e-09
0.2400000E+00 2.31079e-08
0.2420000E+00 2.97444e-08
0.2440000E+00 3.679e-08
0.2460000E+00 4.22075e-08
0.2480000E+00 4.78727e-08
0.2500000E+00 7.43654e-08
0.2520000E+00 1.27029e-07
0.2540000E+00 1.13542e-07
0.2560000E+00 9.96193e-08
0.2580000E+00 8.39148e-08
0.2600000E+00 6.86729e-08
0.2620000E+00 7.17342e-08
0.2640000E+00 8.37763e-08
0.2660000E+00 8.59694e-08
0.2680000E+00 9.68935e-08
0.2700000E+00 1.20366e-07
0.2720000E+00 1.33399e-07
0.2740000E+00 1.48423e-07
0.2760000E+00 1.63831e-07
0.2780000E+00 1.79511e-07
0.2800000E+00 1.93652e-07
0.2820000E+00 1.22338e-07
0.2840000E+00 -6.62393e-08
0.2860000E+00 -2.72791e-08
0.2880000E+00 -8.18077e-09
0.2900000E+00 -4.03228e-09
0.2920000E+00 -1.9939e-10
0.2940000E+00 4.38317e-09
0.2960000E+00 9.26839e-09
0.2980000E+00 1.45346e-08
0.3000000E+00 1.97779e-08
0.3020000E+00 3.13833e-08
0.3040000E+00 3.98549e-08
0.3060000E+00 1.1224e-07
0.3080000E+00 1.01505e-07
0.3100000E+00 9.1138e-08
0.3120000E+00 8.13709e-08
0.3140000E+00 9.30436e-08
0.3160000E+00 1.07493e-07
0.3180000E+00 1.05706e-07
0.3200000E+00 1.11488e-07
0.3220000E+00 1.16572e-07
0.3240000E+00 1.28052e-07
0.3260000E+00 1.40191e-07
0.3280000E+00 1.52861e-07
0.3300000E+00 1.07014e-07
0.3320000E+00 -2.22919e-07
0.3340000E+00 -1.0821e-07
0.3360000E+00 1.18906e-07
0.3380000E+00 2.86803e-08
0.3400000E+00 -1.17795e-08
0.3420000E+00 -7.72701e-09
0.3440000E+00 -3.58195e-09
0.3460000E+00 6.09262e-09
0.3480000E+00 1.92343e-08
0.3500000E+00 2.33307e-08
0.3520000E+00 2.86772e-08
0.3540000E+00 3.4363e-08
0.3560000E+00 8.44409e-08
0.3580000E+00 9.46427e-08
0.3600000E+00 1.24602e-07
0.3620000E+00 1.13896e-07
0.3640000E+00 1.03988e-07
0.3660000E+00 1.16385e-07
0.3680000E+00 1.26438e-07
0.3700000E+00 1.30565e-07
0.3720000E+00 1.39199e-07
0.3740000E+00 1.02389e-07
0.3760000E+00 -3.24157e-07
0.3780000E+00 -7.12792e-08
0.3800000E+00 -6.14016e-08
0.3820000E+00 -5.25173e-08
0.3840000E+00 3.49972e-07
0.3860000E+00 -1.67513e-08
0.3880000E+00 6.98086e-09
0.3900000E+00 1.22916e-08
0.3920000E+00 1.80402e-08
0.3940000E+00 2.39828e-08
0.3960000E+00 3.01451e-08
0.3980000E+00 3.72208e-08
0.4000000E+00 4.43912e-08
0.4020000E+00 6.26164e-08
0.4040000E+00 1.18804e-07
0.4060000E+00 1.32607e-07
0.4080000E+00 1.44322e-07
0.4100000E+00 1.56586e-07
0.4120000E+00 1.64913e-07
0.4140000E+00 -9.38394e-08
0.4160000E+00 -8.86232e-08
0.4180000E+00 -8.50436e-08
0.4200000E+00 -6.73084e-08
0.4220000E+00 -6.89529e-08
0.4240000E+00 -2.96274e-08
0.4260000E+00 9.44922e-08
0.4280000E+00 9.74462e-08
0.4300000E+00 5.71599e-08
0.4320000E+00 1.9058e-08
0.4340000E+00 2.82801e-08
0.4360000E+00 3.69163e-08
0.4380000E+00 4.59182e-08
0.4400000E+00 6.1378e-08
0.4420000E+00 7.25851e-08
0.4440000E+00 8.29609e-08
0.4460000E+00 1.04605e-07
0.4480000E+00 1.91142e-07
0.4500000E+00 -1.4986e-07
0.4520000E+00 -7.42966e-08
0.4540000E+00 -9.34782e-08
0.4560000E+00 -5.51712e-08
0.4580000E+00 -3.14959e-08
0.4600000E+00 -2.58313e-08
0.4620000E+00 -1.83254e-08
0.4640000E+00 -8.04632e-09
0.4660000E+00 5.81528e-08
0.4680000E+00 5.16381e-08
0.4700000E+00 9.17376e-08
0.4720000E+00 8.34371e-08
0.4740000E+00 8.52118e-08
0.4760000E+00 8.80341e-08
0.4780000E+00 1.04835e-07
0.4800000E+00 1.8234e-08
0.4820000E+00 -2.42538e-07
0.4840000E+00 -2.12655e-07
0.4860000E+00 2.59732e-07
0.4880000E+00 -3.28734e-08
0.4900000E+00 -1.98982e-08
0.4920000E+00 -8.6499e-09
0.4940000E+00 -2.21386e-09
0.4960000E+00 2.81859e-09
0.4980000E+00 2.72486e-08
0.5000000E+00 6.16223e-08
0.5020000E+00 9.51927e-08
0.5040000E+00 1.1803e-07
0.5060000E+00 1.4173e-07
0.5080000E+00 3.10637e-08
0.5100000E+00 -3.07032e-07
0.5120000E+00 -1.19085e-07
0.5140000E+00 -1.07406e-07
0.5160000E+00 5.59206e-08
0.5180000E+00 4.63985e-08
0.5200000E+00 2.18654e-08
0.5220000E+00 2.49278e-08
0.5240000E+00 2.53502e-08
0.5260000E+00 4.7225e-08
0.5280000E+00 6.2719e-08
0.5300000E+00 7.97324e-08
0.5320000E+00 1.14627e-07
0.5340000E+00 -1.12027e-07
0.5360000E+00 -9.82153e-08
0.5380000E+00 -9.00037e-08
0.5400000E+00 -7.73167e-08
0.5420000E+00 -2.05987e-08
0.5440000E+00 2.55701e-08
0.5460000E+00 3.45895e-08
0.5480000E+00 4.43266e-08
0.5500000E+00 5.40611e-08
0.5520000E+00 6.74545e-08
0.5540000E+00 -3.54229e-07
0.5560000E+00 -8.28326e-08
0.5580000E+00 -1.86573e-08
0.5600000E+00 -3.19431e-08
0.5620000E+00 -5.92915e-09
0.5640000E+00 1.7167e-08
0.5660000E+00 3.92408e-08
0.5680000E+00 -1.44744e-08
0.5700000E+00 2.34386e-07
0.5720000E+00 -2.60728e-07
0.5740000E+00 -1.87834e-07
0.5760000E+00 -5.83412e-08
0.5780000E+00 -6.00004e-08
0.5800000E+00 -6.28612e-08
0.5820000E+00 -6.35052e-08
0.5840000E+00 -6.26249e-08
0.5860000E+00 -2.48648e-07
0.5880000E+00 3.00275e-08
0.5900000E+00 3.74332e-08
0.5920000E+00 8.00646e-08
0.5940000E+00 -1.52229e-07
0.5960000E+00 -3.01619e-09
0.5980000E+00 -3.67385e-07
0.6000000E+00 -2.16462e-07
0.6020000E+00 -2.62755e-07
0.6040000E+00 -2.98086e-07
0.6060000E+00 -2.69786e-07
0.6080000E+00 7.96795e-07
0.6100000E+00 -3.91127e-07
0.6120000E+00 -3.00568e-07
0.6140000E+00 -2.06151e-07
0.6160000E+00 -7.04918e-07
0.6180000E+00 -1.3497e-06
0.6200000E+00 2.44015e-06
0.6220000E+00 -5.86824e-07
0.6240000E+00 -2.06568e-06
0.6260000E+00 -7.45063e-07
0.6280000E+00 -2.75576e-06
0.6300000E+00 6.50954e-07
0.6320000E+00 4.92899e-06
0.6340000E+00 -1.54937e-06
0.6360000E+00 1.78037e-06
0.6380000E+00 -3.17431e-07
0.6400000E+00 5.45443e-08
0.6420000E+00 -6.84293e-07
0.6440000E+00 2.57166e-07
0.6460000E+00 -2.6697e-07
0.6480000E+00 -5.85084e-08
0.6500000E+00 -2.22492e-07
0.6520000E+00 -2.73344e-07
0.6540000E+00 5.64455e-07
0.6560000E+00 -1.55994e-07
0.6580000E+00 5.02186e-07
0.6600000E+00 1.59639e-07
0.6620000E+00 -9.91018e-08
0.6640000E+00 -1.12122e-07
0.6660000E+00 7.6546e-08
0.6680000E+00 4.57287e-07
0.6700000E+00 -1.51598e-07
0.6720000E+00 4.30757e-07
0.6740000E+00 1.53824e-07
0.6760000E+00 1.49638e-07
0.6780000E+00 3.58931e-08
0.6800000E+00 -4.13136e-08
0.6820000E+00 -5.23787e-08
0.6840000E+00 2.41613e-07
0.6860000E+00 1.53937e-07
0.6880000E+00 1.54037e-07
0.6900000E+00 1.54103e-07
0.6920000E+00 4.01226e-08
0.6940000E+00 7.38762e-08
0.6960000E+00 7.76748e-08
0.6980000E+00 7.99733e-08
0.7000000E+00 7.61602e-08
0.7020000E+00 3.31806e-08
0.7040000E+00 3.48945e-08
0.7060000E+00 1.94006e-07
0.7080000E+00 1.32785e-07
0.7100000E+00 9.8459e-08
0.7120000E+00 1.44729e-07
0.7140000E+00 1.08957e-07
0.7160000E+00 1.031e-07
0.7180000E+00 2.24737e-08
0.7200000E+00 5.12648e-08
0.7220000E+00 5.09526e-08
0.7240000E+00 5.11602e-08
0.7260000E+00 5.34066e-08
0.7280000E+00 5.50037e-08
0.7300000E+00 1.74385e-07
0.7320000E+00 1.18243e-07
0.7340000E+00 9.79315e-08
0.7360000E+00 8.82997e-08
0.7380000E+00 7.22262e-08
0.7400000E+00 7.89828e-08
0.7420000E+00 7.76622e-08
0.7440000E+00 7.65788e-08
0.7460000E+00 7.66269e-08
0.7480000E+00 7.31309e-08
0.7500000E+00 5.87585e-08
0.7520000E+00 4.50937e-08
0.7540000E+00 5.44123e-08
0.7560000E+00 5.58639e-08
0.7580000E+00 1.0827e-07
0.7600000E+00 1.26149e-07
0.7620000E+00 1.01252e-07
0.7640000E+00 9.28466e-08
0.7660000E+00 9.35209e-08
0.7680000E+00 5.9165e-08
0.7700000E+00 5.61371e-08
0.7720000E+00 5.36271e-08
0.7740000E+00 5.85996e-08
0.7760000E+00 6.01254e-08
0.7780000E+00 6.44783e-08
0.7800000E+00 6.41515e-08
0.7820000E+00 6.23444e-08
0.7840000E+00 6.15129e-08
0.7860000E+00 6.21252e-08
0.7880000E+00 6.26939e-08
0.7900000E+00 9.82625e-08
0.7920000E+00 1.02783e-07
0.7940000E+00 8.55979e-08
0.7960000E+00 7.95795e-08
0.7980000E+00 7.88938e-08
0.8000000E+00 7.78626e-08
0.8020000E+00 4.48512e-08
0.8040000E+00 4.16453e-08
0.8060000E+00 5.65816e-08
0.8080000E+00 5.68894e-08
0.8100000E+00 5.6423e-08
0.8120000E+00 5.74753e-08
0.8140000E+00 5.45497e-08
0.8160000E+00 5.93408e-08
0.8180000E+00 5.96832e-08
0.8200000E+00 5.84363e-08
0.8220000E+00 5.85844e-08
0.8240000E+00 5.85189e-08
0.8260000E+00 1.13261e-07
0.8280000E+00 7.80526e-08
0.8300000E+00 7.72849e-08
0.8320000E+00 7.14188e-08
0.8340000E+00 6.95803e-08
0.8360000E+00 7.04275e-08
0.8380000E+00 7.02065e-08
0.8400000E+00 2.16151e-08
0.8420000E+00 4.24539e-08
0.8440000E+00 4.80982e-08
0.8460000E+00 4.79735e-08
0.8480000E+00 5.09289e-08
0.8500000E+00 5.09605e-08
0.8520000E+00 5.28174e-08
0.8540000E+00 5.49071e-08
0.8560000E+00 5.57065e-08
0.8580000E+00 5.5651e-08
0.8600000E+00 5.49185e-08
0.8620000E+00 6.97052e-08
0.8640000E+00 7.87839e-08
0.8660000E+00 6.89654e-08
0.8680000E+00 6.49114e-08
0.8700000E+00 6.44577e-08
0.8720000E+00 6.27833e-08
0.8740000E+00 6.17783e-08
0.8760000E+00 6.1016e-08
0.8780000E+00 6.09815e-08
0.8800000E+00 6.0892e-08
0.8820000E+00 3.53185e-08
0.8840000E+00 3.76153e-08
0.8860000E+00 4.23372e-08
0.8880000E+00 4.52096e-08
0.8900000E+00 4.96647e-08
0.8920000E+00 5.36275e-08
0.8940000E+00 5.35435e-08
0.8960000E+00 4.88658e-08
0.8980000E+00 4.92704e-08
0.9000000E+00 4.87589e-08
0.9020000E+00 5.54309e-08
0.9040000E+00 6.87022e-08
0.9060000E+00 5.84019e-08
0.9080000E+00 5.50536e-08
0.9100000E+00 5.46416e-08
0.9120000E+00 5.41636e-08
0.9140000E+00 5.33483e-08
0.9160000E+00 5.19045e-08
0.9180000E+00 7.36017e-08
0.9200000E+00 5.50844e-08
0.9220000E+00 5.52836e-08
0.9240000E+00 5.5236e-08
0.9260000E+00 3.55162e-08
0.9280000E+00 3.65996e-08
0.9300000E+00 4.42681e-08
0.9320000E+00 4.43662e-08
0.9340000E+00 4.31764e-08
0.9360000E+00 4.19605e-08
0.9380000E+00 4.15256e-08
0.9400000E+00 4.26553e-08
0.9420000E+00 4.23785e-08
0.9440000E+00 4.21039e-08
0.9460000E+00 5.68273e-08
0.9480000E+00 5.66122e-08
0.9500000E+00 5.35457e-08
0.9520000E+00 5.22174e-08
0.9540000E+00 4.80434e-08
0.9560000E+00 4.66909e-08
0.9580000E+00 4.62195e-08
0.9600000E+00 4.56903e-08
0.9620000E+00 4.51763e-08
0.9640000E+00 4.56462e-08
0.9660000E+00 4.90118e-08
0.9680000E+00 5.05338e-08
0.9700000E+00 4.84584e-08
0.9720000E+00 1.31983e-08
0.9740000E+00 2.96216e-08
0.9760000E+00 3.40803e-08
0.9780000E+00 3.55373e-08
0.9800000E+00 5.01984e-08
0.9820000E+00 3.8859e-08
0.9840000E+00 3.90349e-08
0.9860000E+00 3.96673e-08
0.9880000E+00 3.90563e-08
0.9900000E+00 4.69834e-08
0.9920000E+00 4.24028e-08
0.9940000E+00 4.13312e-08
0.9960000E+00 4.00791e-08
0.9980000E+00 3.90271e-08
0.1000000E+01 3.8554e-08
0.1002000E+01 4.29462e-08
0.1004000E+01 4.50632e-08
0.1006000E+01 4.25461e-08
0.1008000E+01 4.07504e-08
0.1010000E+01 4.57047e-08
0.1012000E+01 5.07365e-08
0.1014000E+01 4.64899e-08
0.1016000E+01 4.47415e-08
0.1018000E+01 4.14855e-08
0.1020000E+01 1.71328e-08
0.1022000E+01 2.6635e-08
0.1024000E+01 2.97538e-08
0.1026000E+01 3.21138e-08
0.1028000E+01 3.04417e-08
0.1030000E+01 2.96765e-08
0.1032000E+01 3.06329e-08
0.1034000E+01 3.10494e-08
0.1036000E+01 3.39277e-08
0.1038000E+01 4.03789e-08
0.1040000E+01 4.08383e-08
0.1042000E+01 3.8845e-08
0.1044000E+01 4.31872e-08
0.1046000E+01 4.52677e-08
0.1048000E+01 3.89016e-08
0.1050000E+01 3.81936e-08
0.1052000E+01 3.71471e-08
0.1054000E+01 3.63964e-08
0.1056000E+01 3.60856e-08
0.1058000E+01 3.47733e-08
0.1060000E+01 3.32047e-08
0.1062000E+01 3.2889e-08
0.1064000E+01 3.24489e-08
0.1066000E+01 3.1999e-08
0.1068000E+01 3.16126e-08
0.1070000E+01 1.59325e-08
0.1072000E+01 2.30099e-08
0.1074000E+01 3.10391e-08
0.1076000E+01 3.548e-08
0.1078000E+01 3.67618e-08
0.1080000E+01 4.10003e-08
0.1082000E+01 3.53324e-08
0.1084000E+01 3.80335e-08
0.1086000E+01 3.73201e-08
0.1088000E+01 3.26978e-08
0.1090000E+01 2.91995e-08
0.1092000E+01 2.66622e-08
0.1094000E+01 2.80308e-08
0.1096000E+01 2.78618e-08
0.1098000E+01 2.74335e-08
0.1100000E+01 2.70852e-08
0.1102000E+01 2.69086e-08
0.1104000E+01 2.60047e-08
0.1106000E+01 2.76748e-08
0.1108000E+01 3.15009e-08
0.1110000E+01 3.39368e-08
0.1112000E+01 3.21647e-08
0.1114000E+01 3.98593e-08
0.1116000E+01 3.99744e-08
0.1118000E+01 3.29148e-08
0.1120000E+01 3.08993e-08
0.1122000E+01 1.98122e-08
0.1124000E+01 2.37271e-08
0.1126000E+01 2.49679e-08
0.1128000E+01 2.52552e-08
0.1130000E+01 2.37023e-08
0.1132000E+01 2.27625e-08
0.1134000E+01 2.53719e-08
0.1136000E+01 2.46226e-08
0.1138000E+01 2.28599e-08
0.1140000E+01 2.17752e-08
0.1142000E+01 3.25751e-08
0.1144000E+01 3.55838e-08
0.1146000E+01 2.80323e-08
0.1148000E+01 2.61016e-08
0.1150000E+01 3.57588e-08
0.1152000E+01 2.84821e-08
0.1154000E+01 2.82731e-08
0.1156000E+01 2.679e-08
0.1158000E+01 2.58068e-08
0.1160000E+01 2.33898e-08
0.1162000E+01 2.27721e-08
0.1164000E+01 2.23818e-08
0.1166000E+01 2.19876e-08
0.1168000E+01 2.16864e-08
0.1170000E+01 2.13284e-08
0.1172000E+01 2.09187e-08
0.1174000E+01 2.13658e-08
0.1176000E+01 2.67143e-08
0.1178000E+01 3.01581e-08
0.1180000E+01 2.72969e-08
0.1182000E+01 2.22656e-08
0.1184000E+01 2.19049e-08
0.1186000E+01 2.33865e-08
0.1188000E+01 3.3445e-08
0.1190000E+01 3.28394e-08
0.1192000E+01 2.50492e-08
0.1194000E+01 2.35962e-08
0.1196000E+01 2.27978e-08
0.1198000E+01 2.20331e-08
0.1200000E+01 2.07936e-08
0.1202000E+01 1.98707e-08
0.1204000E+01 1.04331e-08
0.1206000E+01 1.09758e-08
0.1208000E+01 2.42478e-08
0.1210000E+01 3.00372e-08
0.1212000E+01 2.15735e-08
0.1214000E+01 2.11508e-08
0.1216000E+01 2.07964e-08
0.1218000E+01 2.00249e-08
0.1220000E+01 1.87696e-08
0.1222000E+01 1.70785e-08
0.1224000E+01 1.46384e-08
0.1226000E+01 2.7947e-08
0.1228000E+01 1.88668e-08
0.1230000E+01 1.83452e-08
0.1232000E+01 1.81965e-08
0.1234000E+01 1.78894e-08
0.1236000E+01 1.65366e-08
0.1238000E+01 1.66717e-08
0.1240000E+01 2.36761e-08
0.1242000E+01 3.09531e-08
0.1244000E+01 2.81389e-08
0.1246000E+01 2.26805e-08
0.1248000E+01 1.91385e-08
0.1250000E+01 1.83239e-08
0.1252000E+01 1.73753e-08
0.1254000E+01 6.9298e-09
0.1256000E+01 -5.89183e-10
0.1258000E+01 6.04342e-09
0.1260000E+01 8.45913e-09
0.1262000E+01 8.35437e-09
0.1264000E+01 1.53453e-08
0.1266000E+01 1.73719e-08
0.1268000E+01 1.46177e-08
0.1270000E+01 1.21732e-08
0.1272000E+01 2.89873e-08
0.1274000E+01 3.39376e-08
0.1276000E+01 2.1691e-08
0.1278000E+01 2.11022e-08
0.1280000E+01 2.09024e-08
0.1282000E+01 1.95097e-08
0.1284000E+01 1.72701e-08
0.1286000E+01 1.47032e-08
0.1288000E+01 1.3548e-08
0.1290000E+01 1.28834e-08
0.1292000E+01 1.22811e-08
0.1294000E+01 1.18511e-08
0.1296000E+01 1.12437e-08
0.1298000E+01 1.0842e-08
0.1300000E+01 -3.61579e-09
0.1302000E+01 -5.56967e-09
0.1304000E+01 2.62213e-08
0.1306000E+01 3.07678e-08
0.1308000E+01 1.98798e-08
0.1310000E+01 9.93903e-09
0.1312000E+01 9.67676e-09
0.1314000E+01 1.02501e-08
0.1316000E+01 9.79751e-09
0.1318000E+01 9.47292e-09
0.1320000E+01 9.12206e-09
0.1322000E+01 7.79085e-09
0.1324000E+01 6.25118e-09
0.1326000E+01 5.36659e-09
0.1328000E+01 4.94111e-09
0.1330000E+01 4.53886e-09
0.1332000E+01 1.08628e-08
0.1334000E+01 2.30865e-08
0.1336000E+01 2.77505e-08
0.1338000E+01 1.70629e-08
0.1340000E+01 1.65241e-08
0.1342000E+01 -9.32552e-09
0.1344000E+01 -8.05747e-10
0.1346000E+01 1.05758e-09
0.1348000E+01 3.01236e-09
0.1350000E+01 3.04476e-09
0.1352000E+01 1.32888e-09
0.1354000E+01 1.58486e-09
0.1356000E+01 1.32735e-09
0.1358000E+01 1.86832e-09
0.1360000E+01 1.69059e-09
0.1362000E+01 1.14577e-08
0.1364000E+01 2.77126e-08
0.1366000E+01 2.82045e-08
0.1368000E+01 1.74041e-08
0.1370000E+01 1.29273e-08
0.1372000E+01 1.09628e-08
0.1374000E+01 1.06501e-08
0.1376000E+01 9.03169e-09
0.1378000E+01 -1.07414e-08
0.1380000E+01 -3.75697e-08
0.1382000E+01 -1.99781e-08
0.1384000E+01 -1.05697e-08
0.1386000E+01 -6.03176e-09
0.1388000E+01 -8.44798e-09
0.1390000E+01 -5.56697e-09
0.1392000E+01 1.21805e-08
0.1394000E+01 2.55173e-08
0.1396000E+01 1.49505e-08
0.1398000E+01 9.39181e-09
0.1400000E+01 6.85733e-09
0.1402000E+01 5.45295e-09
0.1404000E+01 4.79245e-09
0.1406000E+01 2.80451e-09
0.1408000E+01 1.33379e-09
0.1410000E+01 1.3974e-09
0.1412000E+01 -3.58456e-08
0.1414000E+01 -4.63442e-08
0.1416000E+01 -2.34904e-08
0.1418000E+01 -2.42069e-08
0.1420000E+01 1.88003e-09
0.1422000E+01 1.50827e-08
0.1424000E+01 4.01056e-09
0.1426000E+01 1.21648e-08
0.1428000E+01 5.18891e-09
0.1430000E+01 1.87016e-09
0.1432000E+01 -5.41026e-09
0.1434000E+01 -1.00453e-08
0.1436000E+01 -7.26142e-09
0.1438000E+01 -6.87017e-09
0.1440000E+01 -1.36376e-08
0.1442000E+01 -6.31013e-08
0.1444000E+01 -4.82711e-08
0.1446000E+01 -3.01827e-08
0.1448000E+01 -9.61009e-09
0.1450000E+01 1.06369e-08
0.1452000E+01 3.10492e-09
0.1454000E+01 -7.63091e-09
0.1456000E+01 -1.01368e-08
0.1458000E+01 -1.01196e-08
0.1460000E+01 -8.02307e-09
0.1462000E+01 -6.16584e-09
0.1464000E+01 -6.18231e-09
0.1466000E+01 -9.47173e-10
0.1468000E+01 -6.23417e-08
0.1470000E+01 -5.20273e-08
0.1472000E+01 -4.19122e-08
0.1474000E+01 -2.39321e-08
0.1476000E+01 -2.0945e-09
0.1478000E+01 -4.17298e-09
0.1480000E+01 -1.76386e-08
0.1482000E+01 -1.61226e-08
0.1484000E+01 -1.41663e-08
0.1486000E+01 -1.45309e-08
0.1488000E+01 -1.57629e-08
0.1490000E+01 -5.03008e-08
0.1492000E+01 -8.45112e-08
0.1494000E+01 -6.26457e-08
0.1496000E+01 -4.61268e-08
0.1498000E+01 -3.55955e-08
0.1500000E+01 -3.58352e-08
0.1502000E+01 -1.03062e-08
0.1504000E+01 9.03977e-09
0.1506000E+01 -2.52725e-09
0.1508000E+01 4.70483e-09
0.1510000E+01 -1.04813e-09
0.1512000E+01 -6.31968e-08
0.1514000E+01 -8.69207e-08
0.1516000E+01 -4.50812e-08
0.1518000E+01 -3.71431e-08
0.1520000E+01 -3.90868e-08
0.1522000E+01 -3.9958e-08
0.1524000E+01 -3.38621e-08
0.1526000E+01 -3.07576e-08
0.1528000E+01 -9.60971e-09
0.1530000E+01 -1.26206e-09
0.1532000E+01 -7.26805e-08
0.1534000E+01 -6.41447e-08
0.1536000E+01 -4.36615e-08
0.1538000E+01 -4.02532e-08
0.1540000E+01 -3.10062e-08
0.1542000E+01 -2.51698e-08
0.1544000E+01 -2.4201e-08
0.1546000E+01 -2.43174e-08
0.1548000E+01 -1.73904e-08
0.1550000E+01 -7.79041e-08
0.1552000E+01 -5.58985e-08
0.1554000E+01 -2.2698e-08
0.1556000E+01 -1.92298e-09
0.1558000E+01 -1.38839e-08
0.1560000E+01 -2.4801e-08
0.1562000E+01 -1.91326e-08
0.1564000E+01 -1.07013e-08
0.1566000E+01 -5.24539e-08
0.1568000E+01 -7.10976e-08
0.1570000E+01 -3.7984e-08
0.1572000E+01 -3.22179e-08
0.1574000E+01 -2.72388e-08
0.1576000E+01 -2.01974e-08
0.1578000E+01 2.72312e-09
0.1580000E+01 1.78392e-08
0.1582000E+01 -2.13054e-08
0.1584000E+01 -4.21275e-08
0.1586000E+01 -1.70696e-08
0.1588000E+01 -3.91609e-09
0.1590000E+01 -2.58239e-09
0.1592000E+01 -3.34028e-09
0.1594000E+01 -7.22397e-09
0.1596000E+01 -9.5783e-09
0.1598000E+01 -2.35173e-08
0.1600000E+01 -2.84276e-08
0.1602000E+01 1.0189e-09
0.1604000E+01 1.15295e-08
0.1606000E+01 -1.92934e-09
0.1608000E+01 1.91182e-08
0.1610000E+01 2.24705e-08
0.1612000E+01 2.81865e-08
0.1614000E+01 8.41217e-09
0.1616000E+01 6.63852e-09
0.1618000E+01 1.39865e-08
0.1620000E+01 1.5139e-08
0.1622000E+01 1.83049e-08
0.1624000E+01 1.82978e-08
0.1626000E+01 -2.39731e-08
0.1628000E+01 4.70146e-08
0.1630000E+01 4.06259e-08
0.1632000E+01 2.70752e-08
0.1634000E+01 3.0091e-08
0.1636000E+01 3.23899e-08
0.1638000E+01 2.6738e-08
0.1640000E+01 2.72487e-08
0.1642000E+01 1.59311e-08
0.1644000E+01 1.33405e-08
0.1646000E+01 3.41102e-08
0.1648000E+01 2.99321e-08
0.1650000E+01 4.91448e-08
0.1652000E+01 6.65082e-08
0.1654000E+01 6.53924e-08
0.1656000E+01 5.3421e-08
0.1658000E+01 4.12061e-08
0.1660000E+01 4.14781e-08
0.1662000E+01 3.2706e-08
0.1664000E+01 2.8559e-08
0.1666000E+01 2.7794e-08
0.1668000E+01 4.42457e-08
0.1670000E+01 4.32599e-08
0.1672000E+01 5.28291e-08
0.1674000E+01 7.24519e-08
0.1676000E+01 7.25901e-08
0.1678000E+01 6.03055e-08
0.1680000E+01 6.95611e-08
0.1682000E+01 7.15805e-08
0.1684000E+01 6.35097e-08
0.1686000E+01 5.12192e-08
0.1688000E+01 4.68928e-08
0.1690000E+01 3.95879e-08
0.1692000E+01 3.22422e-08
0.1694000E+01 5.06093e-08
0.1696000E+01 7.67029e-08
0.1698000E+01 7.68912e-08
0.1700000E+01 6.48259e-08
0.1702000E+01 6.51625e-08
0.1704000E+01 6.66716e-08
0.1706000E+01 6.9691e-08
0.1708000E+01 6.76482e-08
0.1710000E+01 6.46498e-08
0.1712000E+01 5.87957e-08
0.1714000E+01 5.12941e-08
0.1716000E+01 5.91797e-08
0.1718000E+01 7.7221e-08
0.1720000E+01 7.05793e-08
0.1722000E+01 5.6077e-08
0.1724000E+01 5.65873e-08
0.1726000E+01 6.59515e-08
0.1728000E+01 6.01109e-08
0.1730000E+01 5.77853e-08
0.1732000E+01 6.04956e-08
0.1734000E+01 6.3198e-08
0.1736000E+01 5.58053e-08
0.1738000E+01 6.95679e-08
0.1740000E+01 7.63851e-08
0.1742000E+01 6.46957e-08
0.1744000E+01 6.68414e-08
0.1746000E+01 1.00483e-07
0.1748000E+01 6.552e-08
0.1750000E+01 5.74146e-08
0.1752000E+01 5.43394e-08
0.1754000E+01 5.12894e-08
0.1756000E+01 4.92509e-08
0.1758000E+01 4.55339e-08
0.1760000E+01 7.18721e-08
0.1762000E+01 6.22576e-08
0.1764000E+01 5.99605e-08
0.1766000E+01 5.63122e-08
0.1768000E+01 5.32426e-08
0.1770000E+01 5.23703e-08
0.1772000E+01 5.96229e-08
0.1774000E+01 5.46592e-08
0.1776000E+01 5.27106e-08
0.1778000E+01 8.3376e-08
0.1780000E+01 1.03682e-07
0.1782000E+01 8.69622e-08
0.1784000E+01 8.23585e-08
0.1786000E+01 5.97094e-08
0.1788000E+01 5.44071e-08
0.1790000E+01 5.15322e-08
0.1792000E+01 4.82294e-08
0.1794000E+01 4.38446e-08
0.1796000E+01 3.66903e-08
0.1798000E+01 6.87853e-08
0.1800000E+01 7.70564e-08
0.1802000E+01 6.40237e-08
0.1804000E+01 5.75598e-08
0.1806000E+01 5.30692e-08
0.1808000E+01 5.34471e-08
0.1810000E+01 5.49662e-08
0.1812000E+01 6.99879e-08
0.1814000E+01 6.19729e-08
0.1816000E+01 6.41194e-08
0.1818000E+01 7.57161e-08
0.1820000E+01 7.10429e-08
0.1822000E+01 6.50642e-08
0.1824000E+01 6.35525e-08
0.1826000E+01 6.68758e-08
0.1828000E+01 6.70806e-08
0.1830000E+01 5.4857e-08
0.1832000E+01 4.93554e-08
0.1834000E+01 5.12162e-08
0.1836000E+01 6.31569e-08
0.1838000E+01 6.61055e-08
0.1840000E+01 6.24711e-08
0.1842000E+01 6.09788e-08
0.1844000E+01 6.48349e-08
0.1846000E+01 7.45333e-08
0.1848000E+01 6.95856e-08
0.1850000E+01 6.51366e-08
0.1852000E+01 6.96805e-08
0.1854000E+01 7.95874e-08
0.1856000E+01 7.32084e-08
0.1858000E+01 6.65593e-08
0.1860000E+01 6.62679e-08
0.1862000E+01 7.30908e-08
0.1864000E+01 7.22724e-08
0.1866000E+01 6.84565e-08
0.1868000E+01 6.77294e-08
0.1870000E+01 8.43194e-08
0.1872000E+01 8.46568e-08
0.1874000E+01 7.93922e-08
0.1876000E+01 7.69425e-08
0.1878000E+01 8.32412e-08
0.1880000E+01 8.19542e-08
0.1882000E+01 8.61903e-08
0.1884000E+01 8.67255e-08
0.1886000E+01 9.1284e-08
0.1888000E+01 9.35354e-08
0.1890000E+01 8.99623e-08
0.1892000E+01 9.027e-08
0.1894000E+01 1.08059e-07
0.1896000E+01 1.06644e-07
0.1898000E+01 1.02139e-07
0.1900000E+01 1.0245e-07
0.1902000E+01 1.05091e-07
0.1904000E+01 1.06311e-07
0.1906000E+01 1.1205e-07
0.1908000E+01 1.38886e-07
0.1910000E+01 1.4785e-07
0.1912000E+01 1.34294e-07
0.1914000E+01 1.37488e-07
0.1916000E+01 1.38818e-07
0.1918000E+01 1.54572e-07
0.1920000E+01 1.83626e-07
0.1922000E+01 2.07306e-07
0.1924000E+01 2.45951e-07
0.1926000E+01 2.52114e-07
0.1928000E+01 3.58807e-09
0.1930000E+01 1.95133e-07
0.1932000E+01 1.03335e-07
0.1934000E+01 1.57646e-07
0.1936000E+01 2.71761e-07
0.1938000E+01 1.55424e-07
0.1940000E+01 2.88062e-07
0.1942000E+01 2.52746e-07
0.1944000E+01 4.35202e-07
0.1946000E+01 4.7027e-07
0.1948000E+01 4.58481e-07
0.1950000E+01 6.63421e-07
0.1952000E+01 5.86714e-07
0.1954000E+01 2.43051e-06
0.1956000E+01 -1.21386e-07
0.1958000E+01 -2.70341e-06
0.1960000E+01 -9.695e-07
0.1962000E+01 -1.01377e-06
0.1964000E+01 -3.26926e-07
0.1966000E+01 -1.82254e-07
0.1968000E+01 -2.22351e-07
0.1970000E+01 -2.93079e-07
0.1972000E+01 -4.18091e-07
0.1974000E+01 -4.08654e-07
0.1976000E+01 -1.21088e-07
0.1978000E+01 -1.18783e-07
0.1980000E+01 -3.80195e-07
0.1982000E+01 -2.8502e-07
0.1984000E+01 -1.49855e-07
0.1986000E+01 -9.22596e-08
0.1988000E+01 -8.81354e-08
0.1990000E+01 -1.36262e-07
0.1992000E+01 -1.69163e-07
0.1994000E+01 -1.88303e-08
0.1996000E+01 -6.72015e-08
0.1998000E+01 -6.55574e-08
0.2000000E+01 -4.01771e-08
0.2002000E+01 -4.21529e-08
0.2004000E+01 -4.54329e-08
0.2006000E+01 -4.82917e-08
0.2008000E+01 -5.12422e-08
0.2010000E+01 -5.54797e-08
0.2012000E+01 -6.1283e-08
0.2014000E+01 -7.24533e-08
0.2016000E+01 -9.8639e-08
0.2018000E+01 -6.29878e-08
0.2020000E+01 -2.93899e-08
0.2022000E+01 -3.1806e-08
0.2024000E+01 -3.46952e-08
0.2026000E+01 -2.93212e-08
0.2028000E+01 -2.97836e-08
0.2030000E+01 5.1957e-08
0.2032000E+01 3.20465e-07
0.2034000E+01 5.51029e-07
0.2036000E+01 1.95257e-07
0.2038000E+01 -3.45765e-07
0.2040000E+01 -1.51177e-07
0.2042000E+01 -5.14596e-08
0.2044000E+01 -2.2102e-08
0.2046000E+01 -6.27398e-08
0.2048000E+01 6.38317e-08
0.2050000E+01 1.93133e-07
0.2052000E+01 1.40309e-07
0.2054000E+01 -1.41708e-07
0.2056000E+01 -1.50487e-07
0.2058000E+01 -1.98286e-08
0.2060000E+01 1.43298e-08
0.2062000E+01 9.83941e-09
0.2064000E+01 5.89117e-09
0.2066000E+01 -3.19314e-08
0.2068000E+01 -2.50495e-08
0.2070000E+01 -3.65495e-08
0.2072000E+01 -5.63819e-08
0.2074000E+01 3.5699e-08
0.2076000E+01 1.43354e-08
0.2078000E+01 2.9714e-08
0.2080000E+01 4.24274e-08
0.2082000E+01 2.77237e-08
0.2084000E+01 -4.58948e-08
0.2086000E+01 -4.67782e-08
0.2088000E+01 -4.08122e-08
0.2090000E+01 -4.55617e-08
0.2092000E+01 -7.14851e-09
0.2094000E+01 4.52017e-08
0.2096000E+01 -8.41179e-10
0.2098000E+01 -8.6687e-09
0.2100000E+01 -2.36866e-09
0.2102000E+01 -3.29201e-09
0.2104000E+01 -5.02654e-09
0.2106000E+01 1.71986e-09
0.2108000E+01 2.2984e-08
0.2110000E+01 2.86805e-08
0.2112000E+01 2.27719e-08
0.2114000E+01 2.40662e-08
0.2116000E+01 2.25555e-08
0.2118000E+01 -2.85966e-08
0.2120000E+01 -4.39457e-08
0.2122000E+01 -3.86242e-08
0.2124000E+01 -4.9866e-08
0.2126000E+01 -2.71678e-08
0.2128000E+01 1.22366e-08
0.2130000E+01 4.08652e-08
0.2132000E+01 1.67801e-08
0.2134000E+01 -1.54185e-08
0.2136000E+01 -1.47563e-08
0.2138000E+01 -1.53237e-08
0.2140000E+01 -1.89196e-08
0.2142000E+01 -1.98574e-08
0.2144000E+01 -4.19457e-10
0.2146000E+01 2.41662e-08
0.2148000E+01 8.25922e-09
0.2150000E+01 -4.03642e-09
0.2152000E+01 1.65167e-09
0.2154000E+01 3.2902e-09
0.2156000E+01 -1.37338e-08
0.2158000E+01 -4.03598e-08
0.2160000E+01 -2.18525e-08
0.2162000E+01 1.107e-10
0.2164000E+01 -7.22604e-10
0.2166000E+01 -6.88837e-09
0.2168000E+01 -4.85949e-09
0.2170000E+01 -1.22502e-08
0.2172000E+01 -2.69577e-08
0.2174000E+01 -4.09759e-08
0.2176000E+01 -4.52788e-08
0.2178000E+01 -1.95053e-08
0.2180000E+01 5.36904e-08
0.2182000E+01 2.88081e-08
0.2184000E+01 -7.64912e-09
0.2186000E+01 -1.42065e-08
0.2188000E+01 -1.41958e-08
0.2190000E+01 -1.67148e-08
0.2192000E+01 -8.30596e-09
0.2194000E+01 1.97271e-08
0.2196000E+01 3.32236e-08
0.2198000E+01 -1.51829e-08
0.2200000E+01 -2.47287e-08
0.2202000E+01 -1.5475e-08
0.2204000E+01 -1.39245e-08
0.2206000E+01 -1.87379e-08
0.2208000E+01 -2.03979e-09
0.2210000E+01 4.12442e-09
0.2212000E+01 9.9002e-09
0.2214000E+01 1.88918e-08
0.2216000E+01 -4.21325e-09
0.2218000E+01 -2.75695e-08
0.2220000E+01 -3.49368e-08
0.2222000E+01 2.71205e-08
0.2224000E+01 6.35145e-08
0.2226000E+01 -4.07e-09
0.2228000E+01 -3.67511e-09
0.2230000E+01 -2.5673e-10
0.2232000E+01 2.42421e-08
0.2234000E+01 5.96272e-08
0.2236000E+01 5.58448e-08
0.2238000E+01 4.41559e-08
0.2240000E+01 9.62788e-09
0.2242000E+01 1.30302e-08
0.2244000E+01 5.09715e-08
0.2246000E+01 1.2765e-08
0.2248000E+01 1.25504e-08
0.2250000E+01 -1.7308e-08
0.2252000E+01 1.07147e-07
0.2254000E+01 7.47036e-08
0.2256000E+01 2.09482e-07
0.2258000E+01 3.50547e-07
0.2260000E+01 5.05411e-08
0.2262000E+01 -2.75612e-07
0.2264000E+01 -1.76494e-07
0.2266000E+01 -1.50598e-07
0.2268000E+01 -1.16977e-07
0.2270000E+01 -1.04358e-07
0.2272000E+01 -8.66438e-08
0.2274000E+01 -7.95644e-08
0.2276000E+01 -7.52336e-08
0.2278000E+01 -6.97355e-08
0.2280000E+01 -5.28563e-08
0.2282000E+01 -4.13879e-08
0.2284000E+01 -3.97252e-08
0.2286000E+01 -3.46529e-08
0.2288000E+01 -2.57047e-08
0.2290000E+01 -2.39275e-08
0.2292000E+01 -2.379e-08
0.2294000E+01 -2.56182e-08
0.2296000E+01 -2.29748e-08
0.2298000E+01 -2.21033e-08
0.2300000E+01 -2.66611e-08
0.2302000E+01 -2.60123e-08
0.2304000E+01 -2.40062e-08
0.2306000E+01 -1.95331e-08
0.2308000E+01 -1.67411e-08
0.2310000E+01 -1.78128e-08
0.2312000E+01 -1.13316e-08
0.2314000E+01 -1.46555e-08
0.2316000E+01 -2.13036e-08
0.2318000E+01 -2.2116e-08
0.2320000E+01 -1.79757e-08
0.2322000E+01 -1.5429e-08
0.2324000E+01 -1.26306e-08
0.2326000E+01 -9.11613e-09
0.2328000E+01 -6.43337e-09
0.2330000E+01 -4.5524e-09
0.2332000E+01 -1.0177e-08
0.2334000E+01 -1.18107e-08
0.2336000E+01 -6.03451e-09
0.2338000E+01 -5.06479e-09
0.2340000E+01 -2.47654e-09
0.2342000E+01 -1.3645e-09
0.2344000E+01 5.9179e-10
0.2346000E+01 8.81173e-10
0.2348000E+01 -6.47261e-09
0.2350000E+01 -5.90264e-09
0.2352000E+01 -1.08337e-09
0.2354000E+01 3.20255e-09
0.2356000E+01 6.43824e-09
0.2358000E+01 8.34477e-09
0.2360000E+01 9.97966e-10
0.2362000E+01 -3.0865e-09
0.2364000E+01 2.70319e-09
0.2366000E+01 5.13918e-09
0.2368000E+01 9.78674e-09
0.2370000E+01 1.35488e-08
0.2372000E+01 -8.28174e-10
0.2374000E+01 -1.90229e-09
0.2376000E+01 1.49523e-08
0.2378000E+01 1.54612e-08
0.2380000E+01 2.06268e-09
0.2382000E+01 1.23715e-08
0.2384000E+01 5.65032e-08
0.2386000E+01 6.85116e-08
0.2388000E+01 3.20117e-08
0.2390000E+01 3.36803e-08
0.2392000E+01 2.7561e-08
0.2394000E+01 2.33668e-08
0.2396000E+01 1.99428e-08
0.2398000E+01 1.91938e-08
0.2400000E+01 1.9748e-08
0.2402000E+01 2.02766e-08
0.2404000E+01 1.86913e-08
0.2406000E+01 3.08189e-08
0.2408000E+01 2.32975e-08
0.2410000E+01 2.2647e-08
0.2412000E+01 2.64541e-08
0.2414000E+01 2.12186e-08
0.2416000E+01 2.33689e-08
0.2418000E+01 2.54092e-08
0.2420000E+01 3.46218e-08
0.2422000E+01 2.11896e-08
0.2424000E+01 1.99414e-08
0.2426000E+01 2.1209e-08
0.2428000E+01 1.97158e-08
0.2430000E+01 2.16323e-08
0.2432000E+01 2.07718e-08
0.2434000E+01 1.99274e-08
0.2436000E+01 1.70306e-08
0.2438000E+01 1.90424e-08
0.2440000E+01 1.82089e-08
0.2442000E+01 1.87294e-08
0.2444000E+01 1.82804e-08
0.2446000E+01 2.08391e-08
0.2448000E+01 2.14942e-08
0.2450000E+01 1.9751e-08
0.2452000E+01 2.05346e-08
0.2454000E+01 2.17894e-08
0.2456000E+01 1.9451e-08
0.2458000E+01 2.17057e-08
0.2460000E+01 2.27662e-08
0.2462000E+01 1.46588e-08
0.2464000E+01 -1.59342e-08
0.2466000E+01 4.06406e-08
0.2468000E+01 1.34461e-08
0.2470000E+01 2.33023e-08
0.2472000E+01 1.9378e-08
0.2474000E+01 1.60771e-08
0.2476000E+01 1.54409e-08
0.2478000E+01 2.26314e-08
0.2480000E+01 1.48521e-10
0.2482000E+01 1.16527e-08
0.2484000E+01 1.76816e-08
0.2486000E+01 1.67841e-08
0.2488000E+01 2.17269e-08
0.2490000E+01 8.59785e-09
0.2492000E+01 1.33913e-08
0.2494000E+01 1.4336e-08
0.2496000E+01 1.67955e-08
0.2498000E+01 1.51081e-08
0.2500000E+01 3.24647e-08
0.2502000E+01 6.87018e-09
0.2504000E+01 1.91291e-08
0.2506000E+01 2.26295e-08
0.2508000E+01 1.97863e-08
0.2510000E+01 1.70835e-08
0.2512000E+01 1.87165e-08
0.2514000E+01 4.01453e-08
0.2516000E+01 1.35494e-08
0.2518000E+01 1.70009e-08
0.2520000E+01 1.73609e-08
0.2522000E+01 2.06928e-08
0.2524000E+01 2.0528e-08
0.2526000E+01 1.92882e-08
0.2528000E+01 2.9571e-08
0.2530000E+01 3.37582e-08
0.2532000E+01 3.08894e-08
0.2534000E+01 9.07921e-09
0.2536000E+01 1.92826e-08
0.2538000E+01 2.33714e-08
0.2540000E+01 1.98813e-08
0.2542000E+01 2.12348e-08
0.2544000E+01 2.4461e-08
0.2546000E+01 4.66792e-08
0.2548000E+01 3.85892e-08
0.2550000E+01 3.38138e-08
0.2552000E+01 3.53322e-08
0.2554000E+01 1.97737e-08
0.2556000E+01 2.64576e-08
0.2558000E+01 2.72703e-08
0.2560000E+01 2.8444e-08
0.2562000E+01 2.96065e-08
0.2564000E+01 4.3636e-08
0.2566000E+01 4.40496e-08
0.2568000E+01 3.38155e-08
0.2570000E+01 2.85911e-08
0.2572000E+01 3.30646e-08
0.2574000E+01 3.45497e-08
0.2576000E+01 4.10702e-08
0.2578000E+01 4.51476e-08
0.2580000E+01 2.98179e-08
0.2582000E+01 1.88245e-08
0.2584000E+01 4.15696e-08
0.2586000E+01 5.09471e-08
0.2588000E+01 5.42127e-08
0.2590000E+01 4.66839e-08
0.2592000E+01 2.93112e-08
0.2594000E+01 7.52134e-09
0.2596000E+01 2.93872e-08
0.2598000E+01 4.18553e-08
0.2600000E+01 3.83649e-08
0.2602000E+01 3.60384e-08
0.2604000E+01 3.98949e-08
0.2606000E+01 3.21904e-08
0.2608000E+01 3.40367e-08
0.2610000E+01 3.40496e-08
0.2612000E+01 3.69223e-08
0.2614000E+01 3.67839e-08
0.2616000E+01 5.4158e-08
0.2618000E+01 3.49812e-08
0.2620000E+01 4.61864e-09
0.2622000E+01 2.3133e-08
0.2624000E+01 1.7925e-08
0.2626000E+01 4.21467e-08
0.2628000E+01 4.78798e-08
0.2630000E+01 4.9705e-08
0.2632000E+01 1.50274e-08
0.2634000E+01 -1.30868e-08
0.2636000E+01 2.38454e-08
0.2638000E+01 3.68347e-08
0.2640000E+01 3.22752e-08
0.2642000E+01 3.28541e-08
0.2644000E+01 3.48627e-08
0.2646000E+01 4.44024e-08
0.2648000E+01 8.54327e-09
0.2650000E+01 9.80293e-09
0.2652000E+01 2.06132e-08
0.2654000E+01 2.71351e-08
0.2656000E+01 2.96426e-08
0.2658000E+01 4.33769e-08
0.2660000E+01 3.87836e-08
0.2662000E+01 3.94406e-08
0.2664000E+01 -9.72664e-09
0.2666000E+01 -5.5954e-09
0.2668000E+01 7.47765e-09
0.2670000E+01 3.27214e-08
0.2672000E+01 3.13859e-08
0.2674000E+01 2.8759e-08
0.2676000E+01 2.84147e-08
0.2678000E+01 3.82059e-08
0.2680000E+01 3.4029e-08
0.2682000E+01 -3.90556e-09
0.2684000E+01 7.07465e-09
0.2686000E+01 1.31196e-08
0.2688000E+01 1.52182e-08
0.2690000E+01 1.43175e-08
0.2692000E+01 1.7451e-08
0.2694000E+01 3.64094e-08
0.2696000E+01 3.25826e-08
0.2698000E+01 2.87531e-08
0.2700000E+01 9.50734e-09
0.2702000E+01 -2.93197e-08
0.2704000E+01 -5.22364e-10
0.2706000E+01 8.39209e-09
0.2708000E+01 2.47441e-08
0.2710000E+01 2.63621e-08
0.2712000E+01 2.4961e-08
0.2714000E+01 2.32344e-08
0.2716000E+01 1.99146e-08
0.2718000E+01 2.3914e-08
0.2720000E+01 1.85958e-08
0.2722000E+01 1.41434e-08
0.2724000E+01 -2.28078e-08
0.2726000E+01 4.47673e-09
0.2728000E+01 4.63208e-09
0.2730000E+01 1.19687e-08
0.2732000E+01 1.43976e-08
0.2734000E+01 1.42983e-08
0.2736000E+01 1.85281e-08
0.2738000E+01 2.55693e-08
0.2740000E+01 2.10324e-08
0.2742000E+01 2.61519e-08
0.2744000E+01 2.85067e-08
0.2746000E+01 -5.43961e-09
0.2748000E+01 -4.06274e-08
0.2750000E+01 -1.06489e-08
0.2752000E+01 1.19492e-08
0.2754000E+01 1.68387e-09
0.2756000E+01 6.1197e-09
0.2758000E+01 1.26133e-08
0.2760000E+01 1.48612e-08
0.2762000E+01 1.27312e-08
0.2764000E+01 1.34764e-08
0.2766000E+01 1.34049e-08
0.2768000E+01 3.06907e-08
0.2770000E+01 1.93132e-08
0.2772000E+01 1.9517e-09
0.2774000E+01 -3.68769e-08
0.2776000E+01 -9.15803e-09
0.2778000E+01 -8.69582e-09
0.2780000E+01 -2.70374e-09
0.2782000E+01 -1.03838e-08
0.2784000E+01 3.71995e-09
0.2786000E+01 1.25033e-08
0.2788000E+01 1.51975e-08
0.2790000E+01 8.69104e-09
0.2792000E+01 8.68272e-09
0.2794000E+01 1.70053e-09
0.2796000E+01 -5.01678e-09
0.2798000E+01 1.89778e-09
0.2800000E+01 2.96799e-09
0.2802000E+01 -1.22299e-08
0.2804000E+01 -2.03074e-08
0.2806000E+01 -2.48031e-08
0.2808000E+01 -2.38685e-08
0.2810000E+01 -2.16249e-08
0.2812000E+01 -1.52368e-08
0.2814000E+01 -1.36409e-08
0.2816000E+01 -2.51506e-08
0.2818000E+01 -1.7025e-08
0.2820000E+01 -1.28164e-08
0.2822000E+01 -1.34725e-08
0.2824000E+01 -2.54095e-08
0.2826000E+01 -5.01953e-08
0.2828000E+01 -3.07843e-08
0.2830000E+01 -3.82495e-08
0.2832000E+01 -7.23917e-08
0.2834000E+01 -1.23055e-07
0.2836000E+01 -9.33e-08
0.2838000E+01 -1.44721e-07
0.2840000E+01 -1.70812e-07
0.2842000E+01 -2.63854e-07
0.2844000E+01 -4.49062e-07
0.2846000E+01 -3.51456e-07
0.2848000E+01 1.0678e-06
0.2850000E+01 3.82898e-07
0.2852000E+01 2.52184e-07
0.2854000E+01 1.53806e-07
0.2856000E+01 2.01076e-07
0.2858000E+01 1.56793e-07
0.2860000E+01 1.27064e-07
0.2862000E+01 1.11673e-07
0.2864000E+01 1.28842e-07
0.2866000E+01 1.02439e-07
0.2868000E+01 7.53771e-08
0.2870000E+01 6.45687e-08
0.2872000E+01 7.54331e-08
0.2874000E+01 9.77053e-08
0.2876000E+01 7.25248e-08
0.2878000E+01 7.78752e-08
0.2880000E+01 8.54478e-08
0.2882000E+01 7.89771e-08
0.2884000E+01 8.5121e-08
0.2886000E+01 6.58422e-08
0.2888000E+01 6.71609e-08
0.2890000E+01 6.94574e-08
0.2892000E+01 8.15345e-08
0.2894000E+01 9.51273e-08
0.2896000E+01 1.02932e-07
0.2898000E+01 7.51906e-08
0.2900000E+01 7.19336e-08
0.2902000E+01 7.23008e-08
0.2904000E+01 4.95373e-08
0.2906000E+01 2.69446e-08
0.2908000E+01 5.09037e-08
0.2910000E+01 5.18908e-08
0.2912000E+01 7.89952e-08
0.2914000E+01 6.33074e-08
0.2916000E+01 6.00335e-08
0.2918000E+01 6.25385e-08
0.2920000E+01 6.5139e-08
0.2922000E+01 7.30135e-08
0.2924000E+01 6.33196e-08
0.2926000E+01 5.78409e-08
0.2928000E+01 5.78421e-08
0.2930000E+01 6.30242e-08
0.2932000E+01 7.44652e-08
0.2934000E+01 7.37557e-08
0.2936000E+01 6.83673e-08
0.2938000E+01 6.45314e-08
0.2940000E+01 7.75772e-08
0.2942000E+01 8.24139e-08
0.2944000E+01 3.55231e-08
0.2946000E+01 2.37314e-08
0.2948000E+01 3.67492e-08
0.2950000E+01 4.62618e-08
0.2952000E+01 6.04706e-08
0.2954000E+01 4.79752e-08
0.2956000E+01 5.23471e-08
0.2958000E+01 5.95085e-08
0.2960000E+01 5.27487e-08
0.2962000E+01 4.56311e-08
0.2964000E+01 4.3177e-08
0.2966000E+01 4.65836e-08
0.2968000E+01 4.34706e-08
0.2970000E+01 6.59999e-08
0.2972000E+01 6.83242e-08
0.2974000E+01 6.17042e-08
0.2976000E+01 4.90957e-08
0.2978000E+01 5.00824e-08
0.2980000E+01 6.25394e-08
0.2982000E+01 5.78008e-08
0.2984000E+01 4.37119e-08
0.2986000E+01 3.07594e-08
0.2988000E+01 4.80563e-08
0.2990000E+01 2.53234e-08
0.2992000E+01 1.39532e-08
0.2994000E+01 3.70478e-08
0.2996000E+01 3.86271e-08
0.2998000E+01 3.94262e-08
0.3000000E+01 3.92248e-08
0.3002000E+01 3.77054e-08
0.3004000E+01 3.78002e-08
0.3006000E+01 4.14322e-08
0.3008000E+01 6.17176e-08
0.3010000E+01 5.52046e-08
0.3012000E+01 4.71691e-08
0.3014000E+01 4.54364e-08
0.3016000E+01 4.47904e-08
0.3018000E+01 4.58233e-08
0.3020000E+01 4.16669e-08
0.3022000E+01 3.92932e-08
0.3024000E+01 4.20766e-08
0.3026000E+01 5.50453e-08
0.3028000E+01 6.25778e-08
0.3030000E+01 3.13366e-08
0.3032000E+01 1.84863e-08
0.3034000E+01 2.47648e-08
0.3036000E+01 2.57337e-08
0.3038000E+01 2.88742e-08
0.3040000E+01 2.83596e-08
0.3042000E+01 2.93283e-08
0.3044000E+01 2.64102e-08
0.3046000E+01 6.59581e-08
0.3048000E+01 4.21763e-08
0.3050000E+01 4.12801e-08
0.3052000E+01 3.98654e-08
0.3054000E+01 3.96636e-08
0.3056000E+01 3.87463e-08
0.3058000E+01 3.79475e-08
0.3060000E+01 3.70407e-08
0.3062000E+01 4.03792e-08
0.3064000E+01 5.55136e-08
0.3066000E+01 5.14301e-08
0.3068000E+01 4.72449e-08
0.3070000E+01 5.10036e-08
0.3072000E+01 4.5994e-08
0.3074000E+01 4.42682e-08
0.3076000E+01 1.53568e-08
0.3078000E+01 -6.60408e-09
0.3080000E+01 2.39499e-08
0.3082000E+01 4.88498e-08
0.3084000E+01 4.27243e-08
0.3086000E+01 3.23528e-08
0.3088000E+01 3.22299e-08
0.3090000E+01 2.92394e-08
0.3092000E+01 2.40147e-08
0.3094000E+01 3.01709e-08
0.3096000E+01 2.90484e-08
0.3098000E+01 5.4601e-08
0.3100000E+01 5.7403e-08
0.3102000E+01 4.29398e-08
0.3104000E+01 4.15144e-08
0.3106000E+01 4.18714e-08
0.3108000E+01 4.63678e-08
0.3110000E+01 4.06441e-08
0.3112000E+01 3.47884e-08
0.3114000E+01 4.75058e-08
0.3116000E+01 5.90138e-08
0.3118000E+01 5.541e-08
0.3120000E+01 5.56597e-08
0.3122000E+01 4.85493e-08
0.3124000E+01 3.52598e-10
0.3126000E+01 2.08834e-09
0.3128000E+01 1.05045e-08
0.3130000E+01 2.12843e-08
0.3132000E+01 6.00814e-08
0.3134000E+01 3.2742e-08
0.3136000E+01 3.43044e-08
0.3138000E+01 3.19105e-08
0.3140000E+01 2.88687e-08
0.3142000E+01 2.99617e-08
0.3144000E+01 2.91544e-08
0.3146000E+01 5.11156e-08
0.3148000E+01 5.42616e-08
0.3150000E+01 3.88529e-08
0.3152000E+01 4.42824e-08
0.3154000E+01 4.58836e-08
0.3156000E+01 3.76753e-08
0.3158000E+01 2.98589e-08
0.3160000E+01 4.93523e-08
0.3162000E+01 6.40401e-08
0.3164000E+01 6.14227e-08
0.3166000E+01 6.71128e-08
0.3168000E+01 4.72951e-08
0.3170000E+01 -9.76863e-08
0.3172000E+01 -7.31819e-08
0.3174000E+01 -2.90406e-08
0.3176000E+01 3.57747e-08
0.3178000E+01 2.04586e-08
0.3180000E+01 6.944e-09
0.3182000E+01 3.41784e-08
0.3184000E+01 2.11425e-08
0.3186000E+01 2.79075e-08
0.3188000E+01 3.63128e-08
0.3190000E+01 5.62528e-08
0.3192000E+01 4.28812e-08
0.3194000E+01 3.3258e-08
0.3196000E+01 3.74196e-08
0.3198000E+01 3.4544e-08
0.3200000E+01 3.97995e-08
0.3202000E+01 6.56055e-08
0.3204000E+01 6.36603e-08
0.3206000E+01 4.63392e-08
0.3208000E+01 3.39221e-08
0.3210000E+01 3.36401e-08
0.3212000E+01 3.2256e-08
0.3214000E+01 9.94404e-08
0.3216000E+01 5.75889e-08
0.3218000E+01 4.35038e-09
0.3220000E+01 -4.994e-08
0.3222000E+01 -1.64078e-08
0.3224000E+01 3.13516e-08
0.3226000E+01 2.80914e-08
0.3228000E+01 1.13386e-08
0.3230000E+01 6.83145e-09
0.3232000E+01 1.08596e-08
0.3234000E+01 4.42212e-08
0.3236000E+01 6.50952e-08
0.3238000E+01 3.58406e-08
0.3240000E+01 2.82607e-08
0.3242000E+01 1.95126e-08
0.3244000E+01 9.95804e-08
0.3246000E+01 2.77668e-08
0.3248000E+01 2.74047e-08
0.3250000E+01 5.99391e-08
0.3252000E+01 1.21843e-07
0.3254000E+01 3.59369e-08
0.3256000E+01 1.01372e-07
0.3258000E+01 -8.94176e-08
0.3260000E+01 5.25338e-08
0.3262000E+01 -2.21123e-07
0.3264000E+01 -7.53423e-08
0.3266000E+01 6.71335e-08
0.3268000E+01 -1.39447e-08
0.3270000E+01 8.94079e-09
0.3272000E+01 8.36986e-08
0.3274000E+01 8.73262e-08
0.3276000E+01 1.67708e-07
0.3278000E+01 -9.34517e-08
0.3280000E+01 -1.10531e-07
0.3282000E+01 2.99326e-08
0.3284000E+01 6.00176e-08
0.3286000E+01 2.20881e-07
0.3288000E+01 -1.34117e-07
0.3290000E+01 8.34312e-08
0.3292000E+01 2.02016e-08
0.3294000E+01 4.596e-09
0.3296000E+01 -7.88175e-08
0.3298000E+01 -1.42631e-07
0.3300000E+01 -5.54876e-08
0.3302000E+01 -7.26842e-08
0.3304000E+01 -8.60555e-08
0.3306000E+01 -5.4018e-08
0.3308000E+01 -3.58688e-08
0.3310000E+01 -2.72123e-08
0.3312000E+01 -3.65104e-08
0.3314000E+01 -2.88181e-08
0.3316000E+01 -3.08116e-08
0.3318000E+01 -3.37985e-08
0.3320000E+01 -3.2786e-08
0.3322000E+01 -2.46017e-08
0.3324000E+01 -2.55065e-08
0.3326000E+01 -1.72995e-08
0.3328000E+01 -2.2119e-08
0.3330000E+01 -1.68562e-08
0.3332000E+01 -1.71579e-08
0.3334000E+01 -1.87626e-08
0.3336000E+01 -1.65583e-08
0.3338000E+01 -1.38359e-08
0.3340000E+01 -1.68519e-08
0.3342000E+01 -1.87586e-08
0.3344000E+01 -1.68986e-08
0.3346000E+01 -1.28653e-08
0.3348000E+01 -1.04693e-08
0.3350000E+01 -8.91042e-09
0.3352000E+01 -1.02274e-08
0.3354000E+01 -1.34704e-08
0.3356000E+01 -1.47094e-08
0.3358000E+01 -1.59565e-08
0.3360000E+01 -9.96364e-09
0.3362000E+01 -7.34733e-09
0.3364000E+01 -1.28025e-08
0.3366000E+01 -1.11586e-08
0.3368000E+01 -9.96072e-09
0.3370000E+01 -1.16592e-08
0.3372000E+01 -1.01519e-08
0.3374000E+01 -9.39054e-09
0.3376000E+01 -8.45446e-09
0.3378000E+01 -7.67957e-09
0.3380000E+01 -6.51799e-09
0.3382000E+01 -7.52885e-09
0.3384000E+01 -1.39255e-08
0.3386000E+01 -1.0114e-08
0.3388000E+01 -8.45669e-09
0.3390000E+01 -1.02707e-08
0.3392000E+01 -1.32702e-08
0.3394000E+01 -8.12564e-09
0.3396000E+01 -7.15665e-09
0.3398000E+01 -7.08329e-09
0.3400000E+01 -6.89413e-09
0.3402000E+01 -1.12689e-08
0.3404000E+01 -7.81691e-09
0.3406000E+01 -6.39481e-09
0.3408000E+01 -4.98254e-09
0.3410000E+01 -1.56805e-09
0.3412000E+01 -1.49607e-09
0.3414000E+01 -9.58677e-10
0.3416000E+01 3.18629e-10
0.3418000E+01 -6.41742e-10
0.3420000E+01 -5.66164e-09
0.3422000E+01 -1.5902e-09
0.3424000E+01 -2.04006e-11
0.3426000E+01 2.40801e-09
0.3428000E+01 1.24448e-09
0.3430000E+01 6.93932e-09
0.3432000E+01 1.78678e-09
0.3434000E+01 2.61736e-09
0.3436000E+01 -2.20134e-09
0.3438000E+01 -3.70157e-09
0.3440000E+01 5.42056e-10
0.3442000E+01 -1.9655e-09
0.3444000E+01 -1.63443e-09
0.3446000E+01 1.20488e-09
0.3448000E+01 1.22731e-09
0.3450000E+01 1.625e-09
0.3452000E+01 -7.68358e-09
0.3454000E+01 -2.53968e-09
0.3456000E+01 3.74755e-09
0.3458000E+01 5.81475e-09
0.3460000E+01 6.13593e-09
0.3462000E+01 3.83421e-09
0.3464000E+01 3.17963e-09
0.3466000E+01 -8.04041e-09
0.3468000E+01 -4.99315e-09
0.3470000E+01 -1.7293e-09
0.3472000E+01 9.2634e-10
0.3474000E+01 5.25486e-11
0.3476000E+01 2.07696e-09
0.3478000E+01 -2.35577e-09
0.3480000E+01 -8.75716e-09
0.3482000E+01 -6.25202e-10
0.3484000E+01 5.57555e-10
0.3486000E+01 3.64205e-09
0.3488000E+01 1.50036e-09
0.3490000E+01 -5.95073e-09
0.3492000E+01 -1.32458e-08
0.3494000E+01 3.94548e-09
0.3496000E+01 -3.93259e-10
0.3498000E+01 -3.4726e-09
0.3500000E+01 4.2023e-09
0.3502000E+01 -1.05977e-08
0.3504000E+01 -8.45687e-09
0.3506000E+01 -1.88014e-09
0.3508000E+01 7.13579e-09
0.3510000E+01 -7.7599e-09
0.3512000E+01 -1.98192e-08
0.3514000E+01 6.93065e-09
0.3516000E+01 2.06575e-09
0.3518000E+01 -5.52831e-09
0.3520000E+01 2.68921e-09
0.3522000E+01 1.06357e-08
0.3524000E+01 1.25395e-08
0.3526000E+01 1.54676e-08
0.3528000E+01 1.82823e-08
0.3530000E+01 1.71699e-08
0.3532000E+01 2.27935e-08
0.3534000E+01 2.40216e-08
0.3536000E+01 2.0564e-08
0.3538000E+01 2.63833e-08
0.3540000E+01 3.45958e-08
0.3542000E+01 3.00706e-08
0.3544000E+01 3.15701e-08
0.3546000E+01 4.45811e-08
0.3548000E+01 3.01076e-08
0.3550000E+01 3.16561e-08
0.3552000E+01 3.45657e-08
0.3554000E+01 4.62714e-08
0.3556000E+01 3.06495e-08
0.3558000E+01 3.22307e-08
0.3560000E+01 4.27598e-08
0.3562000E+01 4.12056e-08
0.3564000E+01 5.04242e-08
0.3566000E+01 3.67337e-08
0.3568000E+01 3.47706e-08
0.3570000E+01 3.72307e-08
0.3572000E+01 4.14782e-08
0.3574000E+01 6.52472e-08
0.3576000E+01 4.95435e-08
0.3578000E+01 4.6515e-08
0.3580000E+01 5.2617e-08
0.3582000E+01 4.99747e-08
0.3584000E+01 5.4545e-08
0.3586000E+01 7.42106e-08
0.3588000E+01 7.85316e-08
0.3590000E+01 9.61386e-08
0.3592000E+01 8.14563e-08
0.3594000E+01 1.2984e-07
0.3596000E+01 1.41052e-07
0.3598000E+01 4.25917e-07
0.3600000E+01 -5.6083e-07
0.3602000E+01 -1.08039e-07
0.3604000E+01 -4.83918e-08
0.3606000E+01 -3.97832e-08
0.3608000E+01 -1.88317e-08
0.3610000E+01 -3.60256e-09
0.3612000E+01 -6.52792e-09
0.3614000E+01 -1.45778e-10
0.3616000E+01 1.09306e-08
0.3618000E+01 1.15305e-08
0.3620000E+01 8.88697e-09
0.3622000E+01 2.34591e-08
0.3624000E+01 1.53822e-08
0.3626000E+01 9.13047e-09
0.3628000E+01 6.4799e-09
0.3630000E+01 2.40262e-09
0.3632000E+01 1.5314e-08
0.3634000E+01 1.75218e-08
0.3636000E+01 1.2989e-08
0.3638000E+01 8.93907e-09
0.3640000E+01 1.87409e-08
0.3642000E+01 2.57824e-08
0.3644000E+01 3.75152e-08
0.3646000E+01 1.97244e-08
0.3648000E+01 1.28213e-08
0.3650000E+01 1.51355e-08
0.3652000E+01 1.79628e-08
0.3654000E+01 1.60241e-08
0.3656000E+01 1.24278e-08
0.3658000E+01 1.4827e-08
0.3660000E+01 1.83329e-08
0.3662000E+01 1.97099e-08
0.3664000E+01 1.80437e-08
0.3666000E+01 1.83524e-08
0.3668000E+01 1.951e-08
0.3670000E+01 4.42895e-08
0.3672000E+01 2.30178e-08
0.3674000E+01 2.07592e-08
0.3676000E+01 1.99692e-08
0.3678000E+01 1.92851e-08
0.3680000E+01 2.20918e-08
0.3682000E+01 2.24195e-08
0.3684000E+01 2.18209e-08
0.3686000E+01 2.04495e-08
0.3688000E+01 1.67279e-08
0.3690000E+01 1.87636e-08
0.3692000E+01 1.68616e-08
0.3694000E+01 2.03857e-08
0.3696000E+01 2.12839e-08
0.3698000E+01 2.38673e-08
0.3700000E+01 2.70659e-08
0.3702000E+01 2.5411e-08
0.3704000E+01 2.06619e-08
0.3706000E+01 3.03885e-08
0.3708000E+01 2.9396e-08
0.3710000E+01 2.51259e-08
0.3712000E+01 2.37392e-08
0.3714000E+01 2.14216e-08
0.3716000E+01 2.052e-08
0.3718000E+01 2.15235e-08
0.3720000E+01 2.15412e-08
0.3722000E+01 2.21055e-08
0.3724000E+01 2.25986e-08
0.3726000E+01 2.33883e-08
0.3728000E+01 2.38926e-08
0.3730000E+01 2.25514e-08
0.3732000E+01 2.66423e-08
0.3734000E+01 2.79309e-08
0.3736000E+01 2.51829e-08
0.3738000E+01 3.35175e-08
0.3740000E+01 2.70874e-08
0.3742000E+01 2.51567e-08
0.3744000E+01 2.40087e-08
0.3746000E+01 2.41089e-08
0.3748000E+01 2.25468e-08
0.3750000E+01 2.30913e-08
0.3752000E+01 2.30003e-08
0.3754000E+01 2.08442e-08
0.3756000E+01 2.78979e-08
0.3758000E+01 2.34024e-08
0.3760000E+01 2.31307e-08
0.3762000E+01 2.32833e-08
0.3764000E+01 2.30737e-08
0.3766000E+01 2.27938e-08
0.3768000E+01 3.68084e-08
0.3770000E+01 2.78678e-08
0.3772000E+01 2.90127e-08
0.3774000E+01 2.54993e-08
0.3776000E+01 2.35183e-08
0.3778000E+01 2.6629e-08
0.3780000E+01 2.63311e-08
0.3782000E+01 2.4376e-08
0.3784000E+01 2.10032e-08
0.3786000E+01 2.31269e-08
0.3788000E+01 2.23755e-08
0.3790000E+01 2.05814e-08
0.3792000E+01 1.94273e-08
0.3794000E+01 2.10132e-08
0.3796000E+01 2.95844e-08
0.3798000E+01 2.26309e-08
0.3800000E+01 2.63281e-08
0.3802000E+01 2.25563e-08
0.3804000E+01 2.27533e-08
0.3806000E+01 2.36183e-08
0.3808000E+01 2.3562e-08
0.3810000E+01 2.16615e-08
0.3812000E+01 2.20623e-08
0.3814000E+01 2.11973e-08
0.3816000E+01 1.90239e-08
0.3818000E+01 1.97875e-08
0.3820000E+01 3.98405e-08
0.3822000E+01 3.04848e-08
0.3824000E+01 2.38894e-08
0.3826000E+01 2.38297e-08
0.3828000E+01 2.16307e-08
0.3830000E+01 2.00696e-08
0.3832000E+01 1.93311e-08
0.3834000E+01 1.55159e-08
0.3836000E+01 1.69844e-08
0.3838000E+01 1.53779e-08
0.3840000E+01 1.7035e-08
0.3842000E+01 3.29677e-08
0.3844000E+01 2.77316e-08
0.3846000E+01 6.53497e-09
0.3848000E+01 -1.03638e-08
0.3850000E+01 1.71412e-08
0.3852000E+01 1.75775e-08
0.3854000E+01 1.63516e-08
0.3856000E+01 1.62726e-08
0.3858000E+01 1.75675e-08
0.3860000E+01 1.45784e-08
0.3862000E+01 1.84943e-08
0.3864000E+01 2.88724e-08
0.3866000E+01 1.59616e-08
0.3868000E+01 1.93329e-08
0.3870000E+01 1.96511e-08
0.3872000E+01 1.555e-08
0.3874000E+01 1.2094e-08
0.3876000E+01 1.36341e-08
0.3878000E+01 9.42278e-09
0.3880000E+01 9.78095e-09
0.3882000E+01 2.42076e-08
0.3884000E+01 1.57395e-08
0.3886000E+01 1.04242e-08
0.3888000E+01 1.10359e-08
0.3890000E+01 9.17726e-09
0.3892000E+01 7.63477e-09
0.3894000E+01 6.07752e-09
0.3896000E+01 4.32225e-09
0.3898000E+01 2.35862e-08
0.3900000E+01 9.81114e-09
0.3902000E+01 6.88804e-09
0.3904000E+01 4.13458e-09
0.3906000E+01 2.80428e-10
0.3908000E+01 -1.66079e-09
0.3910000E+01 -5.09303e-09
0.3912000E+01 -3.68476e-09
0.3914000E+01 1.11861e-08
0.3916000E+01 -4.96492e-09
0.3918000E+01 -9.47077e-09
0.3920000E+01 -3.23851e-09
0.3922000E+01 -5.5132e-09
0.3924000E+01 -1.25585e-08
0.3926000E+01 -1.50954e-08
0.3928000E+01 1.09485e-08
0.3930000E+01 -2.79959e-09
0.3932000E+01 -6.67682e-09
0.3934000E+01 -1.1674e-08
0.3936000E+01 -7.49554e-09
0.3938000E+01 -9.62336e-09
0.3940000E+01 2.24099e-08
0.3942000E+01 -7.28418e-09
0.3944000E+01 -4.17681e-09
0.3946000E+01 -6.3062e-09
0.3948000E+01 -9.63438e-09
0.3950000E+01 -1.18413e-08
0.3952000E+01 2.59145e-09
0.3954000E+01 -9.36775e-09
0.3956000E+01 -1.39681e-08
0.3958000E+01 -1.46599e-08
0.3960000E+01 -1.40353e-08
0.3962000E+01 3.12073e-09
0.3964000E+01 -5.36835e-09
0.3966000E+01 -3.34152e-09
0.3968000E+01 -6.1823e-09
0.3970000E+01 6.90389e-09
0.3972000E+01 1.31482e-09
0.3974000E+01 -1.01282e-09
0.3976000E+01 -4.33705e-10
0.3978000E+01 -4.72578e-08
0.3980000E+01 -1.93892e-08
0.3982000E+01 -2.59993e-08
0.3984000E+01 -9.26303e-09
0.3986000E+01 3.51542e-08
0.3988000E+01 2.31986e-09
0.3990000E+01 3.25167e-09
0.3992000E+01 -2.79655e-08
0.3994000E+01 -1.54042e-08
0.3996000E+01 -1.22185e-08
0.3998000E+01 6.49181e-09
0.4000000E+01 -9.98701e-10
