0.0000000E+00 0
0.2000000E-02 0
0.4000000E-02 0
0.6000000E-02 0
0.8000000E-02 0
0.1000000E-01 0
0.1200000E-01 0
0.1400000E-01 0
0.1600000E-01 0
0.1800000E-01 0
0.2000000E-01 0
0.2200000E-01 0
0.2400000E-01 0
0.2600000E-01 0
0.2800000E-01 0
0.3000000E-01 0
0.3200000E-01 0
0.3400000E-01 0
0.3600000E-01 0
0.3800000E-01 0
0.4000000E-01 0
0.4200000E-01 0
0.4400000E-01 0
0.4600000E-01 0
0.4800000E-01 0
0.5000000E-01 0
0.5200000E-01 0
0.5400000E-01 0
0.5600000E-01 0
0.5800000E-01 0
0.6000000E-01 0
0.6200000E-01 0
0.6400000E-01 0
0.6600000E-01 0
0.6800000E-01 0
0.7000000E-01 0
0.7200000E-01 0
0.7400000E-01 0
0.7600000E-01 0
0.7800000E-01 0
0.8000000E-01 0
0.8200000E-01 0
0.8400000E-01 0
0.8600000E-01 5.79536e-05
0.8800000E-01 5.19599e-05
0.9000000E-01 2.00593e-05
0.9200000E-01 4.80644e-06
0.9400000E-01 2.29326e-06
0.9600000E-01 4.95373e-07
0.9800000E-01 -1.17921e-06
0.1000000E+00 -2.07363e-06
0.1020000E+00 -1.84865e-06
0.1040000E+00 -9.38348e-07
0.1060000E+00 -1.21706e-08
0.1080000E+00 1.95732e-07
0.1100000E+00 -1.90494e-06
0.1120000E+00 -1.24643e-06
0.1140000E+00 -5.66867e-07
0.1160000E+00 1.49684e-07
0.1180000E+00 1.47988e-06
0.1200000E+00 6.13273e-06
0.1220000E+00 1.32608e-06
0.1240000E+00 -3.76945e-06
0.1260000E+00 -3.63957e-06
0.1280000E+00 -2.51443e-06
0.1300000E+00 -2.42254e-06
0.1320000E+00 -2.50514e-06
0.1340000E+00 -1.82753e-06
0.1360000E+00 -9.57396e-08
0.1380000E+00 1.8622e-07
0.1400000E+00 2.00281e-07
0.1420000E+00 1.99006e-07
0.1440000E+00 -1.06544e-08
0.1460000E+00 -1.23108e-07
0.1480000E+00 -6.82044e-08
0.1500000E+00 -2.28042e-08
0.1520000E+00 -9.17796e-08
0.1540000E+00 -1.92783e-07
0.1560000E+00 -3.15861e-07
0.1580000E+00 -4.50057e-07
0.1600000E+00 -5.85202e-07
0.1620000E+00 -7.34884e-07
0.1640000E+00 -1.06923e-06
0.1660000E+00 -9.39829e-07
0.1680000E+00 6.10325e-07
0.1700000E+00 8.5274e-07
0.1720000E+00 1.07894e-06
0.1740000E+00 1.28934e-06
0.1760000E+00 -1.46375e-06
0.1780000E+00 -9.5327e-07
0.1800000E+00 -8.63541e-07
0.1820000E+00 -8.51978e-07
0.1840000E+00 -8.34674e-07
0.1860000E+00 -8.17487e-07
0.1880000E+00 -7.79613e-07
0.1900000E+00 -7.71456e-07
0.1920000E+00 -5.73623e-07
0.1940000E+00 4.76877e-07
0.1960000E+00 3.85338e-07
0.1980000E+00 2.89279e-07
0.2000000E+00 1.87224e-07
0.2020000E+00 7.89356e-08
0.2040000E+00 -3.58495e-08
0.2060000E+00 -1.57422e-07
0.2080000E+00 -2.85313e-07
0.2100000E+00 -4.92895e-07
0.2120000E+00 -5.96781e-07
0.2140000E+00 -5.11496e-07
0.2160000E+00 -4.30916e-07
0.2180000E+00 -3.99974e-07
0.2200000E+00 -3.91135e-07
0.2220000E+00 -2.52225e-07
0.2240000E+00 4.86804e-07
0.2260000E+00 6.076e-07
0.2280000E+00 7.15788e-07
0.2300000E+00 3.49954e-07
0.2320000E+00 -7.44808e-07
0.2340000E+00 -6.52848e-07
0.2360000E+00 -6.09018e-07
0.2380000E+00 -5.38481e-07
0.2400000E+00 -4.72743e-07
0.2420000E+00 -4.82832e-07
0.2440000E+00 -4.93536e-07
0.2460000E+00 -5.16142e-07
0.2480000E+00 -5.43308e-07
0.2500000E+00 -2.79647e-07
0.2520000E+00 3.52297e-07
0.2540000E+00 2.69029e-07
0.2560000E+00 1.73607e-07
0.2580000E+00 6.69001e-08
0.2600000E+00 -4.46707e-08
0.2620000E+00 -1.90868e-07
0.2640000E+00 -2.81317e-07
0.2660000E+00 -2.29814e-07
0.2680000E+00 -2.15492e-07
0.2700000E+00 -1.67356e-07
0.2720000E+00 -1.47842e-07
0.2740000E+00 -1.35108e-07
0.2760000E+00 -1.26138e-07
0.2780000E+00 -1.16225e-07
0.2800000E+00 5.12302e-07
0.2820000E+00 2.88599e-07
0.2840000E+00 -3.75816e-07
0.2860000E+00 -2.18842e-07
0.2880000E+00 -2.6002e-07
0.2900000E+00 -3.36626e-07
0.2920000E+00 -3.44921e-07
0.2940000E+00 -3.5219e-07
0.2960000E+00 -3.5965e-07
0.2980000E+00 -3.67751e-07
0.3000000E+00 -3.76271e-07
0.3020000E+00 -3.72401e-07
0.3040000E+00 -3.814e-07
0.3060000E+00 2.61154e-07
0.3080000E+00 2.00145e-07
0.3100000E+00 1.36984e-07
0.3120000E+00 7.16449e-08
0.3140000E+00 1.10783e-08
0.3160000E+00 4.25502e-08
0.3180000E+00 3.35636e-08
0.3200000E+00 -6.64914e-09
0.3220000E+00 -2.3978e-08
0.3240000E+00 -1.541e-08
0.3260000E+00 -6.37194e-09
0.3280000E+00 2.82341e-09
0.3300000E+00 -1.87917e-07
0.3320000E+00 -1.21719e-06
0.3340000E+00 -1.45534e-07
0.3360000E+00 5.91539e-07
0.3380000E+00 -2.36388e-08
0.3400000E+00 -2.41054e-07
0.3420000E+00 -2.38749e-07
0.3440000E+00 -2.36949e-07
0.3460000E+00 -2.24458e-07
0.3480000E+00 -2.12453e-07
0.3500000E+00 -2.26017e-07
0.3520000E+00 -2.34269e-07
0.3540000E+00 -2.42842e-07
0.3560000E+00 9.61533e-08
0.3580000E+00 1.89079e-07
0.3600000E+00 2.52851e-07
0.3620000E+00 1.76894e-07
0.3640000E+00 1.34231e-07
0.3660000E+00 9.66877e-08
0.3680000E+00 1.23812e-07
0.3700000E+00 1.19415e-07
0.3720000E+00 1.06868e-07
0.3740000E+00 -5.00352e-08
0.3760000E+00 -1.21587e-06
0.3780000E+00 -5.21687e-07
0.3800000E+00 -5.13223e-07
0.3820000E+00 -5.02591e-07
0.3840000E+00 1.88961e-06
0.3860000E+00 -1.71662e-07
0.3880000E+00 -1.26864e-07
0.3900000E+00 -1.25691e-07
0.3920000E+00 -1.24231e-07
0.3940000E+00 -1.23569e-07
0.3960000E+00 -1.24555e-07
0.3980000E+00 -1.23815e-07
0.4000000E+00 -1.22843e-07
0.4020000E+00 -9.0011e-08
0.4040000E+00 2.93444e-07
0.4060000E+00 3.03633e-07
0.4080000E+00 3.08357e-07
0.4100000E+00 3.12949e-07
0.4120000E+00 3.10115e-07
0.4140000E+00 -4.19215e-07
0.4160000E+00 -4.14741e-07
0.4180000E+00 -4.30693e-07
0.4200000E+00 -4.02868e-07
0.4220000E+00 -4.07124e-07
0.4240000E+00 -3.26176e-07
0.4260000E+00 1.53025e-07
0.4280000E+00 2.83647e-07
0.4300000E+00 1.8519e-07
0.4320000E+00 7.34359e-08
0.4340000E+00 -5.13543e-08
0.4360000E+00 -4.2387e-08
0.4380000E+00 -3.32252e-08
0.4400000E+00 -1.36119e-08
0.4420000E+00 -4.35797e-09
0.4440000E+00 6.37613e-10
0.4460000E+00 3.43369e-08
0.4480000E+00 5.73678e-07
0.4500000E+00 -3.24321e-07
0.4520000E+00 -2.56994e-07
0.4540000E+00 -3.21257e-07
0.4560000E+00 -2.42612e-07
0.4580000E+00 -2.02972e-07
0.4600000E+00 -2.02104e-07
0.4620000E+00 -1.99274e-07
0.4640000E+00 -1.71334e-07
0.4660000E+00 1.41812e-07
0.4680000E+00 1.16264e-07
0.4700000E+00 1.34022e-07
0.4720000E+00 1.35861e-07
0.4740000E+00 1.26944e-07
0.4760000E+00 1.19782e-07
0.4780000E+00 1.04336e-07
0.4800000E+00 -1.42294e-07
0.4820000E+00 -7.31984e-07
0.4840000E+00 -6.60749e-07
0.4860000E+00 1.05573e-06
0.4880000E+00 -1.3219e-07
0.4900000E+00 -1.02696e-07
0.4920000E+00 -9.24754e-08
0.4940000E+00 -8.93819e-08
0.4960000E+00 -9.07164e-08
0.4980000E+00 -5.46757e-08
0.5000000E+00 1.17605e-07
0.5020000E+00 2.59466e-07
0.5040000E+00 2.8332e-07
0.5060000E+00 3.07208e-07
0.5080000E+00 -3.09032e-08
0.5100000E+00 -7.13916e-07
0.5120000E+00 -3.40722e-07
0.5140000E+00 -3.29758e-07
0.5160000E+00 6.41623e-08
0.5180000E+00 9.34631e-08
0.5200000E+00 6.25097e-08
0.5220000E+00 6.11344e-08
0.5240000E+00 1.2805e-08
0.5260000E+00 1.04324e-08
0.5280000E+00 2.99115e-08
0.5300000E+00 4.94266e-08
0.5320000E+00 3.68712e-07
0.5340000E+00 -2.49716e-07
0.5360000E+00 -2.37138e-07
0.5380000E+00 -2.27333e-07
0.5400000E+00 -2.08659e-07
0.5420000E+00 -1.16959e-07
0.5440000E+00 1.59927e-07
0.5460000E+00 1.61326e-07
0.5480000E+00 1.62578e-07
0.5500000E+00 1.66081e-07
0.5520000E+00 1.68483e-07
0.5540000E+00 -7.37844e-07
0.5560000E+00 -2.06962e-07
0.5580000E+00 -9.95882e-09
0.5600000E+00 1.57563e-08
0.5620000E+00 -8.18925e-08
0.5640000E+00 -5.48884e-08
0.5660000E+00 -2.65716e-08
0.5680000E+00 3.46791e-07
0.5700000E+00 6.59426e-07
0.5720000E+00 -5.60067e-07
0.5740000E+00 -4.09343e-07
0.5760000E+00 4.66607e-08
0.5780000E+00 8.98807e-08
0.5800000E+00 6.96559e-08
0.5820000E+00 5.66997e-08
0.5840000E+00 4.40256e-08
0.5860000E+00 -2.8511e-07
0.5880000E+00 -1.05179e-09
0.5900000E+00 -1.69209e-07
0.5920000E+00 -1.05586e-07
0.5940000E+00 1.64906e-07
0.5960000E+00 3.19371e-07
0.5980000E+00 -1.10211e-06
0.6000000E+00 -1.29618e-08
0.6020000E+00 -7.33089e-08
0.6040000E+00 -1.2177e-07
0.6060000E+00 -7.752e-08
0.6080000E+00 -4.22467e-07
0.6100000E+00 -1.257e-07
0.6120000E+00 5.36354e-08
0.6140000E+00 4.2648e-08
0.6160000E+00 -4.21475e-07
0.6180000E+00 -3.77796e-07
0.6200000E+00 3.22898e-07
0.6220000E+00 -1.56243e-07
0.6240000E+00 -7.01688e-07
0.6260000E+00 -2.8726e-07
0.6280000E+00 -1.14774e-06
0.6300000E+00 1.8276e-07
0.6320000E+00 1.89887e-06
0.6340000E+00 -7.31362e-07
0.6360000E+00 6.92341e-07
0.6380000E+00 -2.29547e-07
0.6400000E+00 2.74422e-09
0.6420000E+00 -3.08009e-07
0.6440000E+00 5.36485e-08
0.6460000E+00 -1.91527e-07
0.6480000E+00 -6.39657e-08
0.6500000E+00 -1.15433e-07
0.6520000E+00 -1.25553e-07
0.6540000E+00 2.45883e-07
0.6560000E+00 -1.28773e-07
0.6580000E+00 2.26054e-07
0.6600000E+00 8.65806e-08
0.6620000E+00 -4.90268e-08
0.6640000E+00 -6.28638e-08
0.6660000E+00 2.99323e-08
0.6680000E+00 1.98882e-07
0.6700000E+00 -9.14575e-08
0.6720000E+00 1.66524e-07
0.6740000E+00 6.45157e-08
0.6760000E+00 6.57795e-08
0.6780000E+00 2.46347e-08
0.6800000E+00 -2.01176e-08
0.6820000E+00 -2.40746e-08
0.6840000E+00 9.49467e-08
0.6860000E+00 6.56463e-08
0.6880000E+00 6.23421e-08
0.6900000E+00 2.85937e-08
0.6920000E+00 1.03596e-08
0.6940000E+00 2.74017e-08
0.6960000E+00 3.72849e-08
0.6980000E+00 6.25423e-08
0.7000000E+00 4.47463e-08
0.7020000E+00 2.99769e-08
0.7040000E+00 3.12027e-08
0.7060000E+00 9.16522e-08
0.7080000E+00 6.92814e-08
0.7100000E+00 5.83628e-08
0.7120000E+00 2.61214e-08
0.7140000E+00 3.46473e-08
0.7160000E+00 4.03407e-08
0.7180000E+00 1.09267e-08
0.7200000E+00 2.05727e-08
0.7220000E+00 2.04872e-08
0.7240000E+00 2.17299e-08
0.7260000E+00 2.64751e-08
0.7280000E+00 2.70025e-08
0.7300000E+00 7.37991e-08
0.7320000E+00 6.04774e-08
0.7340000E+00 5.58565e-08
0.7360000E+00 6.07657e-08
0.7380000E+00 -4.28524e-08
0.7400000E+00 3.39949e-08
0.7420000E+00 3.13621e-08
0.7440000E+00 3.35259e-08
0.7460000E+00 3.39631e-08
0.7480000E+00 3.43362e-08
0.7500000E+00 3.17836e-08
0.7520000E+00 3.42844e-08
0.7540000E+00 3.16754e-08
0.7560000E+00 3.50398e-08
0.7580000E+00 5.40118e-08
0.7600000E+00 5.93762e-08
0.7620000E+00 5.3529e-08
0.7640000E+00 5.05905e-08
0.7660000E+00 5.29887e-08
0.7680000E+00 -2.46499e-08
0.7700000E+00 1.35052e-08
0.7720000E+00 1.74406e-08
0.7740000E+00 1.77456e-08
0.7760000E+00 3.12783e-08
0.7780000E+00 4.57434e-08
0.7800000E+00 3.68508e-08
0.7820000E+00 3.37122e-08
0.7840000E+00 3.43759e-08
0.7860000E+00 3.56467e-08
0.7880000E+00 3.57799e-08
0.7900000E+00 5.2494e-08
0.7920000E+00 6.15501e-08
0.7940000E+00 5.38866e-08
0.7960000E+00 4.95808e-08
0.7980000E+00 4.75116e-08
0.8000000E+00 4.59553e-08
0.8020000E+00 -1.53679e-08
0.8040000E+00 -1.23227e-08
0.8060000E+00 1.64442e-08
0.8080000E+00 1.62849e-08
0.8100000E+00 1.48236e-08
0.8120000E+00 1.72911e-08
0.8140000E+00 3.89493e-08
0.8160000E+00 5.08509e-08
0.8180000E+00 4.45874e-08
0.8200000E+00 3.81251e-08
0.8220000E+00 3.86733e-08
0.8240000E+00 3.86868e-08
0.8260000E+00 5.70867e-08
0.8280000E+00 4.20045e-08
0.8300000E+00 3.98223e-08
0.8320000E+00 3.84128e-08
0.8340000E+00 3.90076e-08
0.8360000E+00 4.37344e-08
0.8380000E+00 5.23998e-08
0.8400000E+00 -2.81761e-08
0.8420000E+00 4.81253e-09
0.8440000E+00 1.63103e-08
0.8460000E+00 1.46691e-08
0.8480000E+00 1.97135e-08
0.8500000E+00 1.93162e-08
0.8520000E+00 2.47431e-08
0.8540000E+00 3.86327e-08
0.8560000E+00 4.29082e-08
0.8580000E+00 4.19231e-08
0.8600000E+00 3.56347e-08
0.8620000E+00 3.88808e-08
0.8640000E+00 5.37136e-08
0.8660000E+00 4.19872e-08
0.8680000E+00 4.05761e-08
0.8700000E+00 3.95743e-08
0.8720000E+00 3.98065e-08
0.8740000E+00 3.80879e-08
0.8760000E+00 3.63996e-08
0.8780000E+00 3.58904e-08
0.8800000E+00 3.4794e-08
0.8820000E+00 -3.48859e-09
0.8840000E+00 3.56423e-10
0.8860000E+00 8.03105e-09
0.8880000E+00 1.21497e-08
0.8900000E+00 2.86455e-08
0.8920000E+00 4.84332e-08
0.8940000E+00 5.29092e-08
0.8960000E+00 2.95004e-08
0.8980000E+00 3.24135e-08
0.9000000E+00 3.41138e-08
0.9020000E+00 3.5829e-08
0.9040000E+00 3.76891e-08
0.9060000E+00 3.42427e-08
0.9080000E+00 3.10337e-08
0.9100000E+00 2.94001e-08
0.9120000E+00 2.84866e-08
0.9140000E+00 2.75676e-08
0.9160000E+00 2.71577e-08
0.9180000E+00 7.12044e-08
0.9200000E+00 3.65558e-08
0.9220000E+00 3.63268e-08
0.9240000E+00 3.55814e-08
0.9260000E+00 8.50885e-09
0.9280000E+00 1.79459e-08
0.9300000E+00 4.22802e-08
0.9320000E+00 4.14886e-08
0.9340000E+00 3.4044e-08
0.9360000E+00 2.86051e-08
0.9380000E+00 2.42296e-08
0.9400000E+00 2.40241e-08
0.9420000E+00 2.31967e-08
0.9440000E+00 2.22022e-08
0.9460000E+00 2.42022e-08
0.9480000E+00 4.15708e-08
0.9500000E+00 4.04005e-08
0.9520000E+00 3.80365e-08
0.9540000E+00 2.77481e-08
0.9560000E+00 2.74001e-08
0.9580000E+00 2.84056e-08
0.9600000E+00 2.59694e-08
0.9620000E+00 2.53109e-08
0.9640000E+00 2.95597e-08
0.9660000E+00 5.19282e-08
0.9680000E+00 6.11101e-08
0.9700000E+00 4.71489e-08
0.9720000E+00 -1.56721e-09
0.9740000E+00 1.83982e-08
0.9760000E+00 2.26713e-08
0.9780000E+00 2.45877e-08
0.9800000E+00 5.70947e-08
0.9820000E+00 3.29986e-08
0.9840000E+00 3.23311e-08
0.9860000E+00 3.09324e-08
0.9880000E+00 2.88338e-08
0.9900000E+00 2.8753e-08
0.9920000E+00 2.52268e-08
0.9940000E+00 2.26941e-08
0.9960000E+00 2.16379e-08
0.9980000E+00 2.12557e-08
0.1000000E+01 1.9812e-08
0.1002000E+01 4.38081e-08
0.1004000E+01 6.16345e-08
0.1006000E+01 4.5693e-08
0.1008000E+01 3.86903e-08
0.1010000E+01 4.84378e-08
0.1012000E+01 6.20291e-08
0.1014000E+01 5.24e-08
0.1016000E+01 4.83929e-08
0.1018000E+01 3.89082e-08
0.1020000E+01 1.00479e-08
0.1022000E+01 1.95521e-08
0.1024000E+01 2.31956e-08
0.1026000E+01 2.54084e-08
0.1028000E+01 2.41473e-08
0.1030000E+01 2.30076e-08
0.1032000E+01 2.27404e-08
0.1034000E+01 2.19293e-08
0.1036000E+01 2.67935e-08
0.1038000E+01 4.66183e-08
0.1040000E+01 6.33817e-08
0.1042000E+01 5.63586e-08
0.1044000E+01 6.2131e-08
0.1046000E+01 6.16395e-08
0.1048000E+01 4.66726e-08
0.1050000E+01 4.51375e-08
0.1052000E+01 4.21079e-08
0.1054000E+01 4.03516e-08
0.1056000E+01 3.9506e-08
0.1058000E+01 3.75215e-08
0.1060000E+01 3.32977e-08
0.1062000E+01 3.03438e-08
0.1064000E+01 2.82566e-08
0.1066000E+01 2.64609e-08
0.1068000E+01 2.49424e-08
0.1070000E+01 1.21122e-08
0.1072000E+01 3.29051e-08
0.1074000E+01 6.9421e-08
0.1076000E+01 7.79638e-08
0.1078000E+01 6.09832e-08
0.1080000E+01 7.43305e-08
0.1082000E+01 5.90002e-08
0.1084000E+01 5.9062e-08
0.1086000E+01 5.07946e-08
0.1088000E+01 4.24834e-08
0.1090000E+01 3.89087e-08
0.1092000E+01 3.58964e-08
0.1094000E+01 3.54233e-08
0.1096000E+01 3.47781e-08
0.1098000E+01 3.36269e-08
0.1100000E+01 3.25276e-08
0.1102000E+01 3.11972e-08
0.1104000E+01 2.91873e-08
0.1106000E+01 3.92218e-08
0.1108000E+01 6.14012e-08
0.1110000E+01 7.50233e-08
0.1112000E+01 6.69807e-08
0.1114000E+01 7.62764e-08
0.1116000E+01 6.97786e-08
0.1118000E+01 5.54106e-08
0.1120000E+01 5.0002e-08
0.1122000E+01 4.01738e-08
0.1124000E+01 4.27497e-08
0.1126000E+01 4.87911e-08
0.1128000E+01 5.08943e-08
0.1130000E+01 4.42262e-08
0.1132000E+01 3.96299e-08
0.1134000E+01 3.69778e-08
0.1136000E+01 3.51389e-08
0.1138000E+01 3.38903e-08
0.1140000E+01 3.21967e-08
0.1142000E+01 8.88123e-08
0.1144000E+01 1.05244e-07
0.1146000E+01 6.72885e-08
0.1148000E+01 6.51158e-08
0.1150000E+01 9.21133e-08
0.1152000E+01 7.3779e-08
0.1154000E+01 6.98072e-08
0.1156000E+01 6.15944e-08
0.1158000E+01 5.64326e-08
0.1160000E+01 5.13486e-08
0.1162000E+01 4.84405e-08
0.1164000E+01 4.66357e-08
0.1166000E+01 4.52164e-08
0.1168000E+01 4.3703e-08
0.1170000E+01 4.2167e-08
0.1172000E+01 4.06793e-08
0.1174000E+01 5.81646e-08
0.1176000E+01 9.03536e-08
0.1178000E+01 1.06228e-07
0.1180000E+01 9.43982e-08
0.1182000E+01 7.65686e-08
0.1184000E+01 6.34468e-08
0.1186000E+01 6.46309e-08
0.1188000E+01 8.80336e-08
0.1190000E+01 8.60044e-08
0.1192000E+01 6.86494e-08
0.1194000E+01 6.50235e-08
0.1196000E+01 6.25698e-08
0.1198000E+01 5.9837e-08
0.1200000E+01 5.55657e-08
0.1202000E+01 5.17376e-08
0.1204000E+01 4.38791e-08
0.1206000E+01 4.1843e-08
0.1208000E+01 1.0923e-07
0.1210000E+01 1.28829e-07
0.1212000E+01 8.47164e-08
0.1214000E+01 8.32546e-08
0.1216000E+01 8.14284e-08
0.1218000E+01 7.6496e-08
0.1220000E+01 7.09372e-08
0.1222000E+01 6.34818e-08
0.1224000E+01 5.70083e-08
0.1226000E+01 8.69724e-08
0.1228000E+01 6.69263e-08
0.1230000E+01 6.49606e-08
0.1232000E+01 6.30894e-08
0.1234000E+01 6.20484e-08
0.1236000E+01 6.26275e-08
0.1238000E+01 6.76502e-08
0.1240000E+01 1.00891e-07
0.1242000E+01 1.38158e-07
0.1244000E+01 1.25618e-07
0.1246000E+01 1.01348e-07
0.1248000E+01 8.36021e-08
0.1250000E+01 8.02623e-08
0.1252000E+01 7.77975e-08
0.1254000E+01 6.98415e-08
0.1256000E+01 6.37321e-08
0.1258000E+01 6.56381e-08
0.1260000E+01 6.46351e-08
0.1262000E+01 6.10493e-08
0.1264000E+01 7.50133e-08
0.1266000E+01 7.83876e-08
0.1268000E+01 6.89465e-08
0.1270000E+01 6.18181e-08
0.1272000E+01 1.51005e-07
0.1274000E+01 1.75548e-07
0.1276000E+01 1.15388e-07
0.1278000E+01 1.1316e-07
0.1280000E+01 1.11664e-07
0.1282000E+01 1.04746e-07
0.1284000E+01 9.33237e-08
0.1286000E+01 8.22196e-08
0.1288000E+01 8.0646e-08
0.1290000E+01 8.38962e-08
0.1292000E+01 7.92329e-08
0.1294000E+01 7.65678e-08
0.1296000E+01 7.43602e-08
0.1298000E+01 7.27316e-08
0.1300000E+01 6.13465e-08
0.1302000E+01 9.63067e-08
0.1304000E+01 1.77854e-07
0.1306000E+01 1.88779e-07
0.1308000E+01 1.45817e-07
0.1310000E+01 1.03103e-07
0.1312000E+01 9.78092e-08
0.1314000E+01 9.56694e-08
0.1316000E+01 9.31439e-08
0.1318000E+01 9.12369e-08
0.1320000E+01 8.92805e-08
0.1322000E+01 8.30676e-08
0.1324000E+01 7.60253e-08
0.1326000E+01 7.07734e-08
0.1328000E+01 6.81802e-08
0.1330000E+01 6.61977e-08
0.1332000E+01 1.00946e-07
0.1334000E+01 1.44785e-07
0.1336000E+01 1.84757e-07
0.1338000E+01 1.2512e-07
0.1340000E+01 1.23948e-07
0.1342000E+01 1.01656e-07
0.1344000E+01 1.16219e-07
0.1346000E+01 9.94536e-08
0.1348000E+01 9.64004e-08
0.1350000E+01 9.29272e-08
0.1352000E+01 8.68517e-08
0.1354000E+01 8.47094e-08
0.1356000E+01 8.30634e-08
0.1358000E+01 8.18458e-08
0.1360000E+01 8.00649e-08
0.1362000E+01 1.30085e-07
0.1364000E+01 2.052e-07
0.1366000E+01 2.07573e-07
0.1368000E+01 1.54747e-07
0.1370000E+01 1.33918e-07
0.1372000E+01 1.22702e-07
0.1374000E+01 1.21161e-07
0.1376000E+01 1.1528e-07
0.1378000E+01 7.36645e-08
0.1380000E+01 4.78091e-08
0.1382000E+01 6.21105e-08
0.1384000E+01 7.66913e-08
0.1386000E+01 8.31368e-08
0.1388000E+01 7.17674e-08
0.1390000E+01 7.98459e-08
0.1392000E+01 1.61293e-07
0.1394000E+01 2.1032e-07
0.1396000E+01 1.66722e-07
0.1398000E+01 1.42011e-07
0.1400000E+01 1.28073e-07
0.1402000E+01 1.1887e-07
0.1404000E+01 1.15419e-07
0.1406000E+01 1.07745e-07
0.1408000E+01 1.00841e-07
0.1410000E+01 9.85179e-08
0.1412000E+01 6.40408e-08
0.1414000E+01 5.20579e-08
0.1416000E+01 6.79072e-08
0.1418000E+01 6.32577e-08
0.1420000E+01 1.78519e-07
0.1422000E+01 2.19237e-07
0.1424000E+01 1.56117e-07
0.1426000E+01 1.74131e-07
0.1428000E+01 1.52703e-07
0.1430000E+01 1.35501e-07
0.1432000E+01 8.69365e-08
0.1434000E+01 6.68391e-08
0.1436000E+01 8.03434e-08
0.1438000E+01 8.18693e-08
0.1440000E+01 7.41844e-08
0.1442000E+01 2.53849e-08
0.1444000E+01 3.56589e-08
0.1446000E+01 5.85597e-08
0.1448000E+01 1.29001e-07
0.1450000E+01 2.09877e-07
0.1452000E+01 1.67826e-07
0.1454000E+01 1.16536e-07
0.1456000E+01 1.0512e-07
0.1458000E+01 1.03691e-07
0.1460000E+01 1.03798e-07
0.1462000E+01 1.03964e-07
0.1464000E+01 1.01802e-07
0.1466000E+01 1.10729e-07
0.1468000E+01 3.99263e-08
0.1470000E+01 4.69383e-08
0.1472000E+01 5.24624e-08
0.1474000E+01 1.03161e-07
0.1476000E+01 1.8341e-07
0.1478000E+01 1.68394e-07
0.1480000E+01 8.87603e-08
0.1482000E+01 9.05754e-08
0.1484000E+01 9.09008e-08
0.1486000E+01 8.63428e-08
0.1488000E+01 7.986e-08
0.1490000E+01 3.63347e-08
0.1492000E+01 -2.73439e-09
0.1494000E+01 1.74781e-08
0.1496000E+01 3.23831e-08
0.1498000E+01 3.73752e-08
0.1500000E+01 2.77496e-08
0.1502000E+01 1.60048e-07
0.1504000E+01 2.12071e-07
0.1506000E+01 1.40978e-07
0.1508000E+01 1.60638e-07
0.1510000E+01 1.37969e-07
0.1512000E+01 4.90719e-08
0.1514000E+01 1.0372e-08
0.1516000E+01 5.17039e-08
0.1518000E+01 5.82738e-08
0.1520000E+01 2.69848e-08
0.1522000E+01 -3.31414e-09
0.1524000E+01 1.1951e-08
0.1526000E+01 2.61263e-08
0.1528000E+01 1.17848e-07
0.1530000E+01 1.74212e-07
0.1532000E+01 4.74316e-08
0.1534000E+01 2.60125e-08
0.1536000E+01 4.0076e-08
0.1538000E+01 4.18668e-08
0.1540000E+01 5.08814e-08
0.1542000E+01 5.50683e-08
0.1544000E+01 5.288e-08
0.1546000E+01 4.82126e-08
0.1548000E+01 5.93435e-08
0.1550000E+01 -2.95069e-08
0.1552000E+01 1.6151e-08
0.1554000E+01 1.19639e-07
0.1556000E+01 1.7485e-07
0.1558000E+01 9.31293e-08
0.1560000E+01 3.52e-08
0.1562000E+01 4.12063e-08
0.1564000E+01 5.9501e-08
0.1566000E+01 5.33523e-09
0.1568000E+01 -2.57011e-08
0.1570000E+01 1.46728e-08
0.1572000E+01 1.96373e-08
0.1574000E+01 2.24892e-08
0.1576000E+01 2.90292e-08
0.1578000E+01 1.27619e-07
0.1580000E+01 1.79326e-07
0.1582000E+01 1.09143e-07
0.1584000E+01 6.33601e-08
0.1586000E+01 8.53215e-08
0.1588000E+01 1.02263e-07
0.1590000E+01 9.31611e-08
0.1592000E+01 8.195e-08
0.1594000E+01 3.65746e-08
0.1596000E+01 1.30235e-08
0.1598000E+01 -1.76258e-09
0.1600000E+01 -4.90429e-09
0.1602000E+01 7.96196e-08
0.1604000E+01 8.67737e-08
0.1606000E+01 5.79322e-08
0.1608000E+01 1.32033e-07
0.1610000E+01 1.38509e-07
0.1612000E+01 1.46462e-07
0.1614000E+01 1.08296e-07
0.1616000E+01 1.10407e-07
0.1618000E+01 1.14627e-07
0.1620000E+01 1.15539e-07
0.1622000E+01 1.1806e-07
0.1624000E+01 1.10341e-07
0.1626000E+01 -6.32004e-08
0.1628000E+01 1.94133e-07
0.1630000E+01 1.93646e-07
0.1632000E+01 1.4721e-07
0.1634000E+01 1.47995e-07
0.1636000E+01 1.51613e-07
0.1638000E+01 1.28707e-07
0.1640000E+01 1.26902e-07
0.1642000E+01 7.47235e-08
0.1644000E+01 6.25568e-08
0.1646000E+01 1.17187e-07
0.1648000E+01 1.20984e-07
0.1650000E+01 2.10578e-07
0.1652000E+01 2.92946e-07
0.1654000E+01 2.57144e-07
0.1656000E+01 1.84976e-07
0.1658000E+01 1.38658e-07
0.1660000E+01 1.47051e-07
0.1662000E+01 1.2014e-07
0.1664000E+01 1.02235e-07
0.1666000E+01 9.13058e-08
0.1668000E+01 1.60001e-07
0.1670000E+01 1.58606e-07
0.1672000E+01 2.10003e-07
0.1674000E+01 3.02525e-07
0.1676000E+01 3.04673e-07
0.1678000E+01 2.47303e-07
0.1680000E+01 2.53068e-07
0.1682000E+01 2.56524e-07
0.1684000E+01 2.13403e-07
0.1686000E+01 1.70392e-07
0.1688000E+01 1.65532e-07
0.1690000E+01 1.3968e-07
0.1692000E+01 8.11031e-08
0.1694000E+01 1.75953e-07
0.1696000E+01 3.03163e-07
0.1698000E+01 3.17882e-07
0.1700000E+01 2.65509e-07
0.1702000E+01 2.5584e-07
0.1704000E+01 2.51003e-07
0.1706000E+01 2.55225e-07
0.1708000E+01 2.50319e-07
0.1710000E+01 2.39957e-07
0.1712000E+01 1.93611e-07
0.1714000E+01 1.63608e-07
0.1716000E+01 2.25979e-07
0.1718000E+01 3.13388e-07
0.1720000E+01 2.88086e-07
0.1722000E+01 2.38174e-07
0.1724000E+01 2.32366e-07
0.1726000E+01 2.69943e-07
0.1728000E+01 2.54574e-07
0.1730000E+01 2.51578e-07
0.1732000E+01 2.58797e-07
0.1734000E+01 2.58746e-07
0.1736000E+01 1.96076e-07
0.1738000E+01 2.85289e-07
0.1740000E+01 3.32077e-07
0.1742000E+01 2.80355e-07
0.1744000E+01 2.86641e-07
0.1746000E+01 3.25054e-07
0.1748000E+01 2.59163e-07
0.1750000E+01 2.47362e-07
0.1752000E+01 2.43612e-07
0.1754000E+01 2.39729e-07
0.1756000E+01 2.37593e-07
0.1758000E+01 2.44359e-07
0.1760000E+01 3.42556e-07
0.1762000E+01 2.92239e-07
0.1764000E+01 2.92247e-07
0.1766000E+01 2.82198e-07
0.1768000E+01 2.73868e-07
0.1770000E+01 2.69818e-07
0.1772000E+01 2.75844e-07
0.1774000E+01 2.71768e-07
0.1776000E+01 2.23408e-07
0.1778000E+01 3.34691e-07
0.1780000E+01 4.45692e-07
0.1782000E+01 3.91604e-07
0.1784000E+01 3.50314e-07
0.1786000E+01 3.0551e-07
0.1788000E+01 2.9447e-07
0.1790000E+01 2.82831e-07
0.1792000E+01 2.76745e-07
0.1794000E+01 2.64054e-07
0.1796000E+01 2.39401e-07
0.1798000E+01 3.77355e-07
0.1800000E+01 4.30016e-07
0.1802000E+01 3.71146e-07
0.1804000E+01 3.4051e-07
0.1806000E+01 3.19668e-07
0.1808000E+01 3.25791e-07
0.1810000E+01 3.29733e-07
0.1812000E+01 3.37071e-07
0.1814000E+01 2.95509e-07
0.1816000E+01 3.43281e-07
0.1818000E+01 4.25451e-07
0.1820000E+01 4.05151e-07
0.1822000E+01 3.74928e-07
0.1824000E+01 3.76185e-07
0.1826000E+01 3.8671e-07
0.1828000E+01 3.76696e-07
0.1830000E+01 3.5149e-07
0.1832000E+01 3.4303e-07
0.1834000E+01 3.60642e-07
0.1836000E+01 4.37382e-07
0.1838000E+01 4.49406e-07
0.1840000E+01 4.24681e-07
0.1842000E+01 4.23386e-07
0.1844000E+01 4.53011e-07
0.1846000E+01 4.01069e-07
0.1848000E+01 4.11673e-07
0.1850000E+01 4.1186e-07
0.1852000E+01 4.5588e-07
0.1854000E+01 5.19496e-07
0.1856000E+01 4.84929e-07
0.1858000E+01 4.57839e-07
0.1860000E+01 4.68759e-07
0.1862000E+01 5.19413e-07
0.1864000E+01 5.14756e-07
0.1866000E+01 4.91873e-07
0.1868000E+01 4.85563e-07
0.1870000E+01 5.86335e-07
0.1872000E+01 5.60164e-07
0.1874000E+01 5.11273e-07
0.1876000E+01 5.12213e-07
0.1878000E+01 5.90782e-07
0.1880000E+01 6.04459e-07
0.1882000E+01 5.83992e-07
0.1884000E+01 5.91779e-07
0.1886000E+01 6.40691e-07
0.1888000E+01 6.47822e-07
0.1890000E+01 6.23991e-07
0.1892000E+01 5.8554e-07
0.1894000E+01 7.36192e-07
0.1896000E+01 7.2452e-07
0.1898000E+01 6.6603e-07
0.1900000E+01 6.77956e-07
0.1902000E+01 7.03628e-07
0.1904000E+01 7.04285e-07
0.1906000E+01 7.06836e-07
0.1908000E+01 8.64504e-07
0.1910000E+01 9.0735e-07
0.1912000E+01 7.92256e-07
0.1914000E+01 7.84395e-07
0.1916000E+01 7.34782e-07
0.1918000E+01 5.30723e-07
0.1920000E+01 6.48733e-07
0.1922000E+01 5.14425e-07
0.1924000E+01 -7.34953e-07
0.1926000E+01 1.89269e-07
0.1928000E+01 3.558e-06
0.1930000E+01 3.66523e-06
0.1932000E+01 2.68161e-06
0.1934000E+01 2.93091e-06
0.1936000E+01 1.09158e-06
0.1938000E+01 3.11141e-06
0.1940000E+01 1.61023e-06
0.1942000E+01 3.28818e-06
0.1944000E+01 3.92211e-06
0.1946000E+01 6.22111e-06
0.1948000E+01 4.13706e-06
0.1950000E+01 5.83683e-06
0.1952000E+01 5.24972e-06
0.1954000E+01 2.27479e-05
0.1956000E+01 -8.35117e-07
0.1958000E+01 -2.64801e-05
0.1960000E+01 -9.679e-06
0.1962000E+01 -9.69162e-06
0.1964000E+01 -3.19394e-06
0.1966000E+01 -9.02221e-07
0.1968000E+01 -2.89451e-06
0.1970000E+01 -3.75041e-06
0.1972000E+01 -5.21266e-06
0.1974000E+01 -4.07739e-06
0.1976000E+01 -1.04272e-06
0.1978000E+01 -9.9112e-07
0.1980000E+01 -4.02988e-06
0.1982000E+01 -4.31813e-06
0.1984000E+01 -1.62891e-06
0.1986000E+01 -8.64784e-07
0.1988000E+01 -1.44309e-06
0.1990000E+01 -9.6897e-07
0.1992000E+01 -1.67504e-06
0.1994000E+01 -3.7999e-07
0.1996000E+01 -4.95834e-07
0.1998000E+01 9.36624e-08
0.2000000E+01 -5.01658e-07
0.2002000E+01 -5.24572e-07
0.2004000E+01 -5.52744e-07
0.2006000E+01 -5.88014e-07
0.2008000E+01 -6.25632e-07
0.2010000E+01 -6.92838e-07
0.2012000E+01 -7.79248e-07
0.2014000E+01 -9.54489e-07
0.2016000E+01 -1.36644e-06
0.2018000E+01 -8.41646e-07
0.2020000E+01 -3.5178e-07
0.2022000E+01 -3.66405e-07
0.2024000E+01 -3.79005e-07
0.2026000E+01 -3.6125e-07
0.2028000E+01 -3.78144e-07
0.2030000E+01 9.46628e-08
0.2032000E+01 1.234e-06
0.2034000E+01 1.88139e-06
0.2036000E+01 1.01247e-07
0.2038000E+01 -1.34091e-06
0.2040000E+01 -1.34482e-06
0.2042000E+01 -1.21362e-06
0.2044000E+01 -6.47877e-07
0.2046000E+01 -4.40402e-07
0.2048000E+01 -2.83337e-08
0.2050000E+01 8.54627e-07
0.2052000E+01 3.82382e-07
0.2054000E+01 -1.36178e-06
0.2056000E+01 -1.38202e-06
0.2058000E+01 -2.98488e-07
0.2060000E+01 4.72725e-08
0.2062000E+01 2.61852e-09
0.2064000E+01 -1.16629e-07
0.2066000E+01 -7.65259e-07
0.2068000E+01 1.07723e-07
0.2070000E+01 -1.97478e-07
0.2072000E+01 -7.22621e-07
0.2074000E+01 -5.51912e-07
0.2076000E+01 -1.11787e-07
0.2078000E+01 1.10834e-07
0.2080000E+01 -5.69912e-08
0.2082000E+01 -9.48019e-08
0.2084000E+01 -6.72794e-07
0.2086000E+01 -5.323e-07
0.2088000E+01 -4.59527e-07
0.2090000E+01 -4.92186e-07
0.2092000E+01 -1.7011e-07
0.2094000E+01 4.84819e-07
0.2096000E+01 2.38307e-07
0.2098000E+01 -2.3215e-07
0.2100000E+01 -3.85572e-07
0.2102000E+01 -3.85197e-07
0.2104000E+01 -3.7401e-07
0.2106000E+01 -2.86901e-07
0.2108000E+01 1.20927e-08
0.2110000E+01 1.23378e-07
0.2112000E+01 4.49776e-08
0.2114000E+01 8.12175e-08
0.2116000E+01 2.40136e-08
0.2118000E+01 -3.29524e-07
0.2120000E+01 -3.94173e-07
0.2122000E+01 -3.92331e-07
0.2124000E+01 -4.73182e-07
0.2126000E+01 -5.93098e-07
0.2128000E+01 -2.50641e-07
0.2130000E+01 1.94385e-07
0.2132000E+01 -2.63908e-09
0.2134000E+01 -2.86755e-07
0.2136000E+01 -2.63502e-07
0.2138000E+01 -2.75634e-07
0.2140000E+01 -2.93287e-07
0.2142000E+01 -2.85935e-07
0.2144000E+01 -7.14972e-08
0.2146000E+01 2.05992e-07
0.2148000E+01 1.40975e-07
0.2150000E+01 6.45766e-08
0.2152000E+01 -1.19979e-07
0.2154000E+01 -2.40315e-07
0.2156000E+01 -3.43594e-07
0.2158000E+01 -4.97027e-07
0.2160000E+01 -2.86367e-07
0.2162000E+01 -3.96426e-08
0.2164000E+01 -5.35633e-08
0.2166000E+01 -6.5226e-08
0.2168000E+01 -5.66112e-08
0.2170000E+01 -1.32105e-07
0.2172000E+01 -2.61796e-07
0.2174000E+01 -3.33131e-07
0.2176000E+01 -3.55439e-07
0.2178000E+01 -4.21637e-07
0.2180000E+01 2.65739e-07
0.2182000E+01 1.22564e-07
0.2184000E+01 -1.84792e-07
0.2186000E+01 -2.06246e-07
0.2188000E+01 -2.02544e-07
0.2190000E+01 -2.0464e-07
0.2192000E+01 -1.05948e-07
0.2194000E+01 2.00549e-07
0.2196000E+01 2.7018e-07
0.2198000E+01 -3.06479e-08
0.2200000E+01 -1.73177e-07
0.2202000E+01 -3.19972e-07
0.2204000E+01 -3.21269e-07
0.2206000E+01 -2.67856e-07
0.2208000E+01 5.97709e-09
0.2210000E+01 7.72208e-08
0.2212000E+01 1.90092e-08
0.2214000E+01 6.64885e-08
0.2216000E+01 -6.3245e-08
0.2218000E+01 -2.3529e-07
0.2220000E+01 -2.72774e-07
0.2222000E+01 9.7197e-08
0.2224000E+01 4.35297e-07
0.2226000E+01 -2.20178e-07
0.2228000E+01 -2.13123e-07
0.2230000E+01 -2.17051e-07
0.2232000E+01 7.93003e-08
0.2234000E+01 4.95541e-07
0.2236000E+01 4.61579e-07
0.2238000E+01 2.10759e-07
0.2240000E+01 -2.73796e-07
0.2242000E+01 -4.33396e-08
0.2244000E+01 4.21824e-07
0.2246000E+01 1.53898e-07
0.2248000E+01 7.46959e-09
0.2250000E+01 1.57864e-08
0.2252000E+01 8.85761e-07
0.2254000E+01 6.07702e-08
0.2256000E+01 1.44513e-06
0.2258000E+01 2.75278e-06
0.2260000E+01 2.49585e-07
0.2262000E+01 -2.23555e-06
0.2264000E+01 -1.4391e-06
0.2266000E+01 -1.26286e-06
0.2268000E+01 -1.04108e-06
0.2270000E+01 -9.0436e-07
0.2272000E+01 -7.64917e-07
0.2274000E+01 -7.09626e-07
0.2276000E+01 -6.66764e-07
0.2278000E+01 -6.21241e-07
0.2280000E+01 -5.18983e-07
0.2282000E+01 -4.25281e-07
0.2284000E+01 -3.94483e-07
0.2286000E+01 -3.99379e-07
0.2288000E+01 -3.64706e-07
0.2290000E+01 -3.43841e-07
0.2292000E+01 -3.393e-07
0.2294000E+01 -3.69386e-07
0.2296000E+01 -3.64939e-07
0.2298000E+01 -3.45408e-07
0.2300000E+01 -3.32512e-07
0.2302000E+01 -3.25606e-07
0.2304000E+01 -3.16636e-07
0.2306000E+01 -3.02915e-07
0.2308000E+01 -3.00527e-07
0.2310000E+01 -2.94534e-07
0.2312000E+01 -2.60329e-07
0.2314000E+01 -2.85173e-07
0.2316000E+01 -3.04852e-07
0.2318000E+01 -3.03787e-07
0.2320000E+01 -2.9445e-07
0.2322000E+01 -2.85222e-07
0.2324000E+01 -2.73924e-07
0.2326000E+01 -2.65072e-07
0.2328000E+01 -2.59567e-07
0.2330000E+01 -2.48602e-07
0.2332000E+01 -2.48105e-07
0.2334000E+01 -2.45018e-07
0.2336000E+01 -2.34682e-07
0.2338000E+01 -2.35339e-07
0.2340000E+01 -2.30746e-07
0.2342000E+01 -2.28469e-07
0.2344000E+01 -2.17484e-07
0.2346000E+01 -2.22553e-07
0.2348000E+01 -2.38096e-07
0.2350000E+01 -2.38803e-07
0.2352000E+01 -2.30659e-07
0.2354000E+01 -2.23131e-07
0.2356000E+01 -2.19144e-07
0.2358000E+01 -2.16157e-07
0.2360000E+01 -2.20167e-07
0.2362000E+01 -2.29544e-07
0.2364000E+01 -2.45789e-07
0.2366000E+01 -2.27746e-07
0.2368000E+01 -2.17768e-07
0.2370000E+01 -2.2296e-07
0.2372000E+01 -2.17033e-07
0.2374000E+01 -2.11644e-07
0.2376000E+01 -1.76623e-07
0.2378000E+01 -1.83678e-07
0.2380000E+01 -1.71758e-07
0.2382000E+01 -1.80265e-07
0.2384000E+01 -2.09856e-07
0.2386000E+01 -1.87168e-07
0.2388000E+01 -2.02375e-07
0.2390000E+01 -2.03279e-07
0.2392000E+01 -2.09261e-07
0.2394000E+01 -2.06531e-07
0.2396000E+01 -2.07782e-07
0.2398000E+01 -2.09098e-07
0.2400000E+01 -2.08973e-07
0.2402000E+01 -2.07832e-07
0.2404000E+01 -2.071e-07
0.2406000E+01 -1.91908e-07
0.2408000E+01 -1.96384e-07
0.2410000E+01 -1.90004e-07
0.2412000E+01 -1.78096e-07
0.2414000E+01 -1.84162e-07
0.2416000E+01 -1.79041e-07
0.2418000E+01 -1.68866e-07
0.2420000E+01 -1.20853e-07
0.2422000E+01 -1.73075e-07
0.2424000E+01 -1.86308e-07
0.2426000E+01 -1.84296e-07
0.2428000E+01 -1.86537e-07
0.2430000E+01 -1.80707e-07
0.2432000E+01 -1.79513e-07
0.2434000E+01 -1.81768e-07
0.2436000E+01 -1.77792e-07
0.2438000E+01 -1.87576e-07
0.2440000E+01 -1.82376e-07
0.2442000E+01 -1.81107e-07
0.2444000E+01 -1.7983e-07
0.2446000E+01 -1.73442e-07
0.2448000E+01 -1.70199e-07
0.2450000E+01 -1.69632e-07
0.2452000E+01 -1.65726e-07
0.2454000E+01 -1.61449e-07
0.2456000E+01 -1.58703e-07
0.2458000E+01 -1.53386e-07
0.2460000E+01 -1.43348e-07
0.2462000E+01 -4.48697e-07
0.2464000E+01 -4.58342e-07
0.2466000E+01 -1.70005e-07
0.2468000E+01 -2.35194e-07
0.2470000E+01 -2.42723e-07
0.2472000E+01 -6.44763e-08
0.2474000E+01 -1.79513e-07
0.2476000E+01 -2.37876e-07
0.2478000E+01 -2.09962e-07
0.2480000E+01 -1.53078e-07
0.2482000E+01 -2.22152e-07
0.2484000E+01 -1.92174e-07
0.2486000E+01 -2.24317e-07
0.2488000E+01 -1.79169e-07
0.2490000E+01 -1.57996e-07
0.2492000E+01 -2.00422e-07
0.2494000E+01 -1.99854e-07
0.2496000E+01 -1.93502e-07
0.2498000E+01 -2.06869e-07
0.2500000E+01 -1.6252e-08
0.2502000E+01 -1.86356e-07
0.2504000E+01 -1.59705e-07
0.2506000E+01 -1.51585e-07
0.2508000E+01 -1.76425e-07
0.2510000E+01 -1.98239e-07
0.2512000E+01 -1.86314e-07
0.2514000E+01 5.10707e-08
0.2516000E+01 -1.626e-07
0.2518000E+01 -1.823e-07
0.2520000E+01 -1.76553e-07
0.2522000E+01 -1.66926e-07
0.2524000E+01 -1.72535e-07
0.2526000E+01 -1.8571e-07
0.2528000E+01 -6.70943e-08
0.2530000E+01 -3.1265e-08
0.2532000E+01 -8.40402e-08
0.2534000E+01 -2.33691e-07
0.2536000E+01 -1.78352e-07
0.2538000E+01 -1.49583e-07
0.2540000E+01 -1.50335e-07
0.2542000E+01 -1.53909e-07
0.2544000E+01 -1.55123e-07
0.2546000E+01 4.25182e-08
0.2548000E+01 -3.78167e-08
0.2550000E+01 -8.54732e-08
0.2552000E+01 -8.26473e-08
0.2554000E+01 -1.90603e-07
0.2556000E+01 -1.50512e-07
0.2558000E+01 -1.48626e-07
0.2560000E+01 -1.4096e-07
0.2562000E+01 -1.36718e-07
0.2564000E+01 -2.05651e-09
0.2566000E+01 -3.20228e-08
0.2568000E+01 -8.98147e-08
0.2570000E+01 -1.03569e-07
0.2572000E+01 -9.58556e-08
0.2574000E+01 -9.76697e-08
0.2576000E+01 -9.69296e-08
0.2578000E+01 -1.16944e-07
0.2580000E+01 -1.30198e-07
0.2582000E+01 -1.40106e-07
0.2584000E+01 8.40631e-09
0.2586000E+01 -9.23556e-09
0.2588000E+01 -4.79475e-08
0.2590000E+01 -7.35083e-08
0.2592000E+01 -1.0691e-07
0.2594000E+01 -1.33139e-07
0.2596000E+01 -1.09516e-07
0.2598000E+01 -1.05915e-07
0.2600000E+01 -1.09701e-07
0.2602000E+01 -1.16757e-07
0.2604000E+01 -1.01747e-07
0.2606000E+01 -1.22214e-08
0.2608000E+01 -7.316e-08
0.2610000E+01 -7.33781e-08
0.2612000E+01 -8.18759e-08
0.2614000E+01 -8.91381e-08
0.2616000E+01 -7.45978e-08
0.2618000E+01 -1.02674e-07
0.2620000E+01 -1.40234e-07
0.2622000E+01 -1.00093e-07
0.2624000E+01 -1.32722e-07
0.2626000E+01 -1.06518e-07
0.2628000E+01 -2.49074e-08
0.2630000E+01 -2.39793e-08
0.2632000E+01 -9.78078e-08
0.2634000E+01 -1.52841e-07
0.2636000E+01 -1.09834e-07
0.2638000E+01 -8.96735e-08
0.2640000E+01 -1.03874e-07
0.2642000E+01 -1.00358e-07
0.2644000E+01 -9.85352e-08
0.2646000E+01 -8.99686e-08
0.2648000E+01 -1.44459e-07
0.2650000E+01 -1.41197e-07
0.2652000E+01 -6.41084e-08
0.2654000E+01 -5.0544e-08
0.2656000E+01 -4.8499e-08
0.2658000E+01 -8.78446e-08
0.2660000E+01 -9.03786e-08
0.2662000E+01 -8.90197e-08
0.2664000E+01 -1.4717e-07
0.2666000E+01 -1.48168e-07
0.2668000E+01 -1.26102e-07
0.2670000E+01 -1.07931e-07
0.2672000E+01 -1.05877e-07
0.2674000E+01 -1.07579e-07
0.2676000E+01 -1.03115e-07
0.2678000E+01 -2.48488e-08
0.2680000E+01 -7.8033e-08
0.2682000E+01 -1.40738e-07
0.2684000E+01 -1.24021e-07
0.2686000E+01 -1.15312e-07
0.2688000E+01 -1.04055e-07
0.2690000E+01 -1.13546e-07
0.2692000E+01 -1.09701e-07
0.2694000E+01 -9.75756e-08
0.2696000E+01 -9.95269e-08
0.2698000E+01 -1.03312e-07
0.2700000E+01 -1.58982e-07
0.2702000E+01 -1.92668e-07
0.2704000E+01 -8.99979e-08
0.2706000E+01 -8.4417e-08
0.2708000E+01 -9.23711e-08
0.2710000E+01 -9.39063e-08
0.2712000E+01 -9.42364e-08
0.2714000E+01 -9.5447e-08
0.2716000E+01 -1.00485e-07
0.2718000E+01 -9.59471e-08
0.2720000E+01 -1.42852e-07
0.2722000E+01 -1.36761e-07
0.2724000E+01 -1.72999e-07
0.2726000E+01 -1.37707e-07
0.2728000E+01 -1.39012e-07
0.2730000E+01 -9.78726e-08
0.2732000E+01 -7.18263e-08
0.2734000E+01 -7.01192e-08
0.2736000E+01 -1.12672e-07
0.2738000E+01 -1.33457e-07
0.2740000E+01 -1.13304e-07
0.2742000E+01 -1.04124e-07
0.2744000E+01 -9.80662e-08
0.2746000E+01 -1.25007e-07
0.2748000E+01 -1.76827e-07
0.2750000E+01 -1.39678e-07
0.2752000E+01 -1.44152e-07
0.2754000E+01 -2.08683e-07
0.2756000E+01 -1.56633e-07
0.2758000E+01 -1.06883e-07
0.2760000E+01 -8.32678e-08
0.2762000E+01 -1.07507e-07
0.2764000E+01 -1.07796e-07
0.2766000E+01 -1.12326e-07
0.2768000E+01 -1.58908e-07
0.2770000E+01 -1.57544e-07
0.2772000E+01 -1.6111e-07
0.2774000E+01 -1.86042e-07
0.2776000E+01 -1.61284e-07
0.2778000E+01 -1.56373e-07
0.2780000E+01 -1.42252e-07
0.2782000E+01 -2.14115e-07
0.2784000E+01 -1.92308e-07
0.2786000E+01 -1.35414e-07
0.2788000E+01 -1.13142e-07
0.2790000E+01 -1.40685e-07
0.2792000E+01 -1.48424e-07
0.2794000E+01 -2.01462e-07
0.2796000E+01 -2.55855e-07
0.2798000E+01 -1.9836e-07
0.2800000E+01 -1.85762e-07
0.2802000E+01 -2.08745e-07
0.2804000E+01 -1.88418e-07
0.2806000E+01 -2.98369e-07
0.2808000E+01 -2.92331e-07
0.2810000E+01 -2.74425e-07
0.2812000E+01 -2.40229e-07
0.2814000E+01 -2.17972e-07
0.2816000E+01 -3.037e-07
0.2818000E+01 -2.91409e-07
0.2820000E+01 -3.1027e-07
0.2822000E+01 -3.1739e-07
0.2824000E+01 -3.51067e-07
0.2826000E+01 -5.0973e-07
0.2828000E+01 -3.76425e-07
0.2830000E+01 -4.26223e-07
0.2832000E+01 -6.53748e-07
0.2834000E+01 -7.55226e-07
0.2836000E+01 -6.14934e-07
0.2838000E+01 -1.10883e-06
0.2840000E+01 -1.18864e-06
0.2842000E+01 -1.7956e-06
0.2844000E+01 -2.89725e-06
0.2846000E+01 -1.919e-06
0.2848000E+01 6.53712e-06
0.2850000E+01 2.21267e-06
0.2852000E+01 1.43663e-06
0.2854000E+01 7.64777e-07
0.2856000E+01 9.74983e-07
0.2858000E+01 7.55564e-07
0.2860000E+01 5.73915e-07
0.2862000E+01 4.65455e-07
0.2864000E+01 5.47691e-07
0.2866000E+01 4.10893e-07
0.2868000E+01 4.31518e-07
0.2870000E+01 3.292e-07
0.2872000E+01 3.39206e-07
0.2874000E+01 3.35947e-07
0.2876000E+01 2.64642e-07
0.2878000E+01 2.90575e-07
0.2880000E+01 3.41046e-07
0.2882000E+01 2.87846e-07
0.2884000E+01 2.91267e-07
0.2886000E+01 1.95216e-07
0.2888000E+01 2.02463e-07
0.2890000E+01 2.1401e-07
0.2892000E+01 2.44146e-07
0.2894000E+01 2.92874e-07
0.2896000E+01 3.16884e-07
0.2898000E+01 1.74919e-07
0.2900000E+01 1.80127e-07
0.2902000E+01 1.85056e-07
0.2904000E+01 1.63769e-07
0.2906000E+01 1.48926e-07
0.2908000E+01 1.86225e-07
0.2910000E+01 1.85411e-07
0.2912000E+01 2.1305e-07
0.2914000E+01 1.89994e-07
0.2916000E+01 1.49854e-07
0.2918000E+01 1.49439e-07
0.2920000E+01 1.54832e-07
0.2922000E+01 2.04587e-07
0.2924000E+01 1.62707e-07
0.2926000E+01 1.42047e-07
0.2928000E+01 1.4894e-07
0.2930000E+01 1.55311e-07
0.2932000E+01 1.67338e-07
0.2934000E+01 1.58183e-07
0.2936000E+01 1.33939e-07
0.2938000E+01 1.21492e-07
0.2940000E+01 2.68045e-07
0.2942000E+01 2.95903e-07
0.2944000E+01 1.33806e-07
0.2946000E+01 1.27278e-07
0.2948000E+01 1.37153e-07
0.2950000E+01 1.26985e-07
0.2952000E+01 1.36574e-07
0.2954000E+01 1.32626e-07
0.2956000E+01 1.39013e-07
0.2958000E+01 1.5646e-07
0.2960000E+01 1.3956e-07
0.2962000E+01 1.21693e-07
0.2964000E+01 1.07815e-07
0.2966000E+01 1.25272e-07
0.2968000E+01 1.07562e-07
0.2970000E+01 1.03145e-07
0.2972000E+01 1.06381e-07
0.2974000E+01 9.22514e-08
0.2976000E+01 7.41962e-08
0.2978000E+01 1.48418e-07
0.2980000E+01 2.24632e-07
0.2982000E+01 1.90317e-07
0.2984000E+01 9.98338e-08
0.2986000E+01 -3.42164e-09
0.2988000E+01 -7.489e-07
0.2990000E+01 9.86219e-07
0.2992000E+01 1.78237e-06
0.2994000E+01 7.03179e-08
0.2996000E+01 7.17373e-08
0.2998000E+01 6.75728e-08
0.3000000E+01 6.80331e-08
0.3002000E+01 6.73555e-08
0.3004000E+01 6.83668e-08
0.3006000E+01 8.15358e-08
0.3008000E+01 7.86944e-08
0.3010000E+01 7.69682e-08
0.3012000E+01 7.88532e-08
0.3014000E+01 7.92975e-08
0.3016000E+01 7.77586e-08
0.3018000E+01 7.94544e-08
0.3020000E+01 7.00379e-08
0.3022000E+01 6.00967e-08
0.3024000E+01 7.16293e-08
0.3026000E+01 8.20149e-08
0.3028000E+01 7.83251e-08
0.3030000E+01 4.27042e-08
0.3032000E+01 3.43155e-08
0.3034000E+01 4.63157e-08
0.3036000E+01 5.03343e-08
0.3038000E+01 5.6856e-08
0.3040000E+01 5.48577e-08
0.3042000E+01 6.78848e-08
0.3044000E+01 5.26421e-08
0.3046000E+01 7.82518e-08
0.3048000E+01 6.52917e-08
0.3050000E+01 6.6804e-08
0.3052000E+01 6.53046e-08
0.3054000E+01 5.96906e-08
0.3056000E+01 5.34443e-08
0.3058000E+01 5.57831e-08
0.3060000E+01 6.17803e-08
0.3062000E+01 5.71369e-08
0.3064000E+01 6.00173e-08
0.3066000E+01 5.69817e-08
0.3068000E+01 6.58533e-08
0.3070000E+01 7.7553e-08
0.3072000E+01 7.55277e-08
0.3074000E+01 6.53024e-08
0.3076000E+01 5.14922e-08
0.3078000E+01 1.81981e-08
0.3080000E+01 4.88697e-08
0.3082000E+01 6.43719e-08
0.3084000E+01 6.70819e-08
0.3086000E+01 6.21178e-08
0.3088000E+01 6.13898e-08
0.3090000E+01 5.48103e-08
0.3092000E+01 3.41707e-08
0.3094000E+01 5.0437e-08
0.3096000E+01 4.42785e-08
0.3098000E+01 6.75387e-08
0.3100000E+01 6.88493e-08
0.3102000E+01 6.68856e-08
0.3104000E+01 6.80198e-08
0.3106000E+01 5.35019e-08
0.3108000E+01 9.4145e-08
0.3110000E+01 6.31344e-08
0.3112000E+01 4.80144e-08
0.3114000E+01 6.2737e-08
0.3116000E+01 7.1948e-08
0.3118000E+01 6.01197e-08
0.3120000E+01 7.4011e-08
0.3122000E+01 8.61147e-08
0.3124000E+01 4.48247e-08
0.3126000E+01 2.90391e-08
0.3128000E+01 3.3104e-08
0.3130000E+01 5.57484e-08
0.3132000E+01 7.36378e-08
0.3134000E+01 6.12272e-08
0.3136000E+01 7.13665e-08
0.3138000E+01 4.74618e-08
0.3140000E+01 3.7113e-08
0.3142000E+01 5.79874e-08
0.3144000E+01 6.05897e-08
0.3146000E+01 7.59885e-08
0.3148000E+01 3.39275e-08
0.3150000E+01 4.15271e-08
0.3152000E+01 5.46742e-08
0.3154000E+01 7.10006e-08
0.3156000E+01 3.42748e-09
0.3158000E+01 -9.12916e-09
0.3160000E+01 4.49955e-08
0.3162000E+01 -1.3124e-07
0.3164000E+01 -1.65491e-07
0.3166000E+01 6.6141e-07
0.3168000E+01 1.38158e-07
0.3170000E+01 -1.03738e-07
0.3172000E+01 -1.46921e-08
0.3174000E+01 2.80793e-08
0.3176000E+01 1.33453e-07
0.3178000E+01 6.39752e-08
0.3180000E+01 6.52517e-08
0.3182000E+01 1.61325e-07
0.3184000E+01 8.50393e-08
0.3186000E+01 1.51641e-07
0.3188000E+01 1.33368e-07
0.3190000E+01 1.47134e-07
0.3192000E+01 1.20169e-07
0.3194000E+01 8.80788e-08
0.3196000E+01 8.88585e-08
0.3198000E+01 1.01768e-07
0.3200000E+01 1.07299e-07
0.3202000E+01 1.40995e-07
0.3204000E+01 1.10797e-07
0.3206000E+01 1.08588e-07
0.3208000E+01 1.04194e-07
0.3210000E+01 1.02325e-07
0.3212000E+01 8.64959e-08
0.3214000E+01 1.55593e-07
0.3216000E+01 1.11367e-07
0.3218000E+01 5.89707e-08
0.3220000E+01 1.71284e-08
0.3222000E+01 5.94465e-08
0.3224000E+01 1.07868e-07
0.3226000E+01 9.67164e-08
0.3228000E+01 6.56827e-08
0.3230000E+01 3.66655e-08
0.3232000E+01 5.88062e-08
0.3234000E+01 1.08885e-07
0.3236000E+01 1.30975e-07
0.3238000E+01 9.10707e-08
0.3240000E+01 8.10264e-08
0.3242000E+01 5.54354e-08
0.3244000E+01 1.87225e-07
0.3246000E+01 6.73195e-08
0.3248000E+01 3.05712e-08
0.3250000E+01 7.48733e-08
0.3252000E+01 3.01947e-07
0.3254000E+01 -2.47053e-07
0.3256000E+01 3.38604e-07
0.3258000E+01 -9.79021e-08
0.3260000E+01 2.84362e-07
0.3262000E+01 -1.25719e-06
0.3264000E+01 3.92089e-08
0.3266000E+01 3.05664e-07
0.3268000E+01 7.13426e-08
0.3270000E+01 8.2139e-08
0.3272000E+01 2.86749e-07
0.3274000E+01 2.95427e-07
0.3276000E+01 5.80826e-07
0.3278000E+01 -1.06313e-07
0.3280000E+01 -1.6528e-07
0.3282000E+01 3.31862e-07
0.3284000E+01 3.5532e-07
0.3286000E+01 9.51702e-07
0.3288000E+01 9.48929e-08
0.3290000E+01 9.12271e-07
0.3292000E+01 7.60766e-07
0.3294000E+01 4.38142e-07
0.3296000E+01 -2.15436e-07
0.3298000E+01 -7.01936e-08
0.3300000E+01 -5.23592e-07
0.3302000E+01 -4.05657e-07
0.3304000E+01 -4.62359e-07
0.3306000E+01 -2.03642e-07
0.3308000E+01 -1.76246e-07
0.3310000E+01 -2.45364e-07
0.3312000E+01 -2.64787e-07
0.3314000E+01 -1.98509e-07
0.3316000E+01 -1.8228e-07
0.3318000E+01 -1.69351e-07
0.3320000E+01 -1.55932e-07
0.3322000E+01 -1.16681e-07
0.3324000E+01 -1.36589e-07
0.3326000E+01 -1.64495e-07
0.3328000E+01 -1.5786e-07
0.3330000E+01 -1.15386e-07
0.3332000E+01 -9.81194e-08
0.3334000E+01 -1.00216e-07
0.3336000E+01 -9.30411e-08
0.3338000E+01 -8.58393e-08
0.3340000E+01 -8.76396e-08
0.3342000E+01 -9.53715e-08
0.3344000E+01 -9.06871e-08
0.3346000E+01 -7.73913e-08
0.3348000E+01 -6.5819e-08
0.3350000E+01 -5.85471e-08
0.3352000E+01 -6.09196e-08
0.3354000E+01 -6.93105e-08
0.3356000E+01 -8.6258e-08
0.3358000E+01 -8.38876e-08
0.3360000E+01 -6.15201e-08
0.3362000E+01 -5.70293e-08
0.3364000E+01 -7.61387e-08
0.3366000E+01 -6.97119e-08
0.3368000E+01 -6.13741e-08
0.3370000E+01 -6.00083e-08
0.3372000E+01 -5.297e-08
0.3374000E+01 -5.77574e-08
0.3376000E+01 -4.55957e-08
0.3378000E+01 -4.30191e-08
0.3380000E+01 -4.01746e-08
0.3382000E+01 -4.20905e-08
0.3384000E+01 -5.97827e-08
0.3386000E+01 -4.63564e-08
0.3388000E+01 -3.77006e-08
0.3390000E+01 -3.53793e-08
0.3392000E+01 -1.44937e-07
0.3394000E+01 -5.1323e-08
0.3396000E+01 -6.27924e-08
0.3398000E+01 -5.20642e-08
0.3400000E+01 -5.16651e-08
0.3402000E+01 -7.92765e-08
0.3404000E+01 -5.98048e-08
0.3406000E+01 -5.81898e-08
0.3408000E+01 -4.94611e-08
0.3410000E+01 -4.57082e-08
0.3412000E+01 -4.52288e-08
0.3414000E+01 -4.73647e-08
0.3416000E+01 -4.6221e-08
0.3418000E+01 -4.86412e-08
0.3420000E+01 -7.33093e-08
0.3422000E+01 -6.19492e-08
0.3424000E+01 -4.99651e-08
0.3426000E+01 -4.1739e-08
0.3428000E+01 -4.08233e-08
0.3430000E+01 8.63196e-09
0.3432000E+01 -4.00901e-08
0.3434000E+01 -3.90407e-08
0.3436000E+01 -5.56953e-08
0.3438000E+01 -6.10914e-08
0.3440000E+01 -5.09165e-08
0.3442000E+01 -5.81946e-08
0.3444000E+01 -5.30226e-08
0.3446000E+01 -4.37354e-08
0.3448000E+01 -3.63641e-08
0.3450000E+01 -3.92137e-08
0.3452000E+01 -7.03629e-08
0.3454000E+01 -5.7673e-08
0.3456000E+01 -2.50665e-08
0.3458000E+01 -2.22139e-08
0.3460000E+01 -1.71896e-08
0.3462000E+01 -3.76322e-08
0.3464000E+01 -4.46823e-08
0.3466000E+01 -8.06217e-08
0.3468000E+01 -7.50992e-08
0.3470000E+01 -6.73087e-08
0.3472000E+01 -5.08097e-08
0.3474000E+01 -5.13512e-08
0.3476000E+01 -4.56054e-08
0.3478000E+01 -5.971e-08
0.3480000E+01 -6.52992e-08
0.3482000E+01 -4.0128e-08
0.3484000E+01 -4.09915e-08
0.3486000E+01 -2.56395e-08
0.3488000E+01 -3.94509e-08
0.3490000E+01 -5.68998e-08
0.3492000E+01 -7.08295e-08
0.3494000E+01 -1.48864e-08
0.3496000E+01 -4.8506e-08
0.3498000E+01 -5.26867e-08
0.3500000E+01 -2.42734e-08
0.3502000E+01 -6.11314e-08
0.3504000E+01 -5.2229e-08
0.3506000E+01 -3.31881e-08
0.3508000E+01 -7.58093e-09
0.3510000E+01 -5.19356e-08
0.3512000E+01 -8.16335e-08
0.3514000E+01 -4.30716e-09
0.3516000E+01 -2.27966e-08
0.3518000E+01 -3.92993e-08
0.3520000E+01 -1.24897e-08
0.3522000E+01 1.13386e-08
0.3524000E+01 5.01513e-08
0.3526000E+01 4.92873e-08
0.3528000E+01 4.28258e-08
0.3530000E+01 3.26302e-08
0.3532000E+01 4.49709e-08
0.3534000E+01 4.46141e-08
0.3536000E+01 3.02638e-08
0.3538000E+01 4.52251e-08
0.3540000E+01 7.06709e-08
0.3542000E+01 8.13842e-08
0.3544000E+01 7.13508e-08
0.3546000E+01 9.52335e-08
0.3548000E+01 5.02018e-08
0.3550000E+01 5.14206e-08
0.3552000E+01 5.71717e-08
0.3554000E+01 8.64879e-08
0.3556000E+01 4.3277e-08
0.3558000E+01 5.60092e-08
0.3560000E+01 1.30825e-07
0.3562000E+01 7.80273e-08
0.3564000E+01 8.78672e-08
0.3566000E+01 5.35905e-08
0.3568000E+01 4.37277e-08
0.3570000E+01 4.643e-08
0.3572000E+01 5.37864e-08
0.3574000E+01 1.65008e-07
0.3576000E+01 9.07728e-08
0.3578000E+01 8.47505e-08
0.3580000E+01 9.98147e-08
0.3582000E+01 8.80235e-08
0.3584000E+01 9.98534e-08
0.3586000E+01 2.19552e-07
0.3588000E+01 1.76625e-07
0.3590000E+01 2.342e-07
0.3592000E+01 2.09622e-07
0.3594000E+01 4.97992e-07
0.3596000E+01 4.24949e-07
0.3598000E+01 1.67982e-06
0.3600000E+01 -2.35093e-06
0.3602000E+01 -6.07163e-07
0.3604000E+01 -3.79445e-07
0.3606000E+01 -2.62348e-07
0.3608000E+01 -2.06666e-07
0.3610000E+01 -1.32839e-07
0.3612000E+01 -1.2878e-07
0.3614000E+01 -1.27918e-07
0.3616000E+01 -7.24965e-08
0.3618000E+01 -6.86473e-08
0.3620000E+01 -7.89191e-08
0.3622000E+01 -6.52656e-08
0.3624000E+01 -4.67799e-08
0.3626000E+01 -6.77909e-08
0.3628000E+01 -8.48846e-08
0.3630000E+01 -1.1726e-07
0.3632000E+01 -5.23313e-08
0.3634000E+01 -4.58995e-08
0.3636000E+01 -5.77581e-08
0.3638000E+01 -8.42424e-08
0.3640000E+01 -3.24595e-08
0.3642000E+01 -1.4232e-08
0.3644000E+01 4.09532e-09
0.3646000E+01 -3.17568e-08
0.3648000E+01 -5.94839e-08
0.3650000E+01 -3.80654e-08
0.3652000E+01 -2.16239e-08
0.3654000E+01 -3.21854e-08
0.3656000E+01 -4.75094e-08
0.3658000E+01 -5.3398e-08
0.3660000E+01 -2.94878e-08
0.3662000E+01 -2.24623e-08
0.3664000E+01 -3.47796e-08
0.3666000E+01 -3.78658e-08
0.3668000E+01 -3.41702e-08
0.3670000E+01 7.44064e-09
0.3672000E+01 -1.55346e-08
0.3674000E+01 -2.36819e-08
0.3676000E+01 -2.23619e-08
0.3678000E+01 -2.65332e-08
0.3680000E+01 -1.67473e-08
0.3682000E+01 -1.52223e-08
0.3684000E+01 -1.60485e-08
0.3686000E+01 -2.34089e-08
0.3688000E+01 -3.37701e-08
0.3690000E+01 -3.07171e-08
0.3692000E+01 -3.8178e-08
0.3694000E+01 -2.05622e-08
0.3696000E+01 -2.09943e-08
0.3698000E+01 -1.44916e-08
0.3700000E+01 -8.90901e-09
0.3702000E+01 -1.31402e-08
0.3704000E+01 -2.88494e-08
0.3706000E+01 -1.37947e-08
0.3708000E+01 -5.99095e-09
0.3710000E+01 -1.32684e-08
0.3712000E+01 -2.02566e-08
0.3714000E+01 -2.34632e-08
0.3716000E+01 -2.5839e-08
0.3718000E+01 -1.7643e-08
0.3720000E+01 -1.91909e-08
0.3722000E+01 -1.80127e-08
0.3724000E+01 -1.66493e-08
0.3726000E+01 -1.45327e-08
0.3728000E+01 -1.12981e-08
0.3730000E+01 -6.93131e-09
0.3732000E+01 -2.53541e-09
0.3734000E+01 1.89992e-09
0.3736000E+01 -4.98818e-09
0.3738000E+01 -1.33579e-08
0.3740000E+01 -1.52342e-08
0.3742000E+01 -2.40708e-08
0.3744000E+01 -1.77406e-08
0.3746000E+01 -1.68145e-08
0.3748000E+01 -1.91055e-08
0.3750000E+01 -1.86356e-08
0.3752000E+01 -1.64863e-08
0.3754000E+01 -2.19241e-08
0.3756000E+01 -1.22981e-09
0.3758000E+01 -1.52327e-08
0.3760000E+01 -1.06114e-08
0.3762000E+01 -6.26377e-09
0.3764000E+01 -8.82684e-09
0.3766000E+01 -1.1124e-08
0.3768000E+01 -1.22174e-08
0.3770000E+01 -6.74853e-09
0.3772000E+01 -1.26849e-09
0.3774000E+01 -7.29481e-09
0.3776000E+01 -1.33064e-08
0.3778000E+01 -9.21398e-09
0.3780000E+01 -1.00818e-08
0.3782000E+01 -1.00338e-08
0.3784000E+01 -1.33731e-08
0.3786000E+01 -7.30308e-09
0.3788000E+01 -1.05245e-08
0.3790000E+01 -1.34254e-08
0.3792000E+01 -1.37651e-08
0.3794000E+01 -1.55038e-08
0.3796000E+01 -1.87097e-08
0.3798000E+01 -1.84574e-08
0.3800000E+01 -1.20983e-08
0.3802000E+01 -2.02743e-08
0.3804000E+01 -3.61677e-09
0.3806000E+01 -1.79565e-09
0.3808000E+01 2.79491e-09
0.3810000E+01 -1.05039e-08
0.3812000E+01 -1.01227e-08
0.3814000E+01 -4.40542e-09
0.3816000E+01 -1.25579e-08
0.3818000E+01 -9.25709e-09
0.3820000E+01 -3.58131e-09
0.3822000E+01 -1.83213e-09
0.3824000E+01 -7.73812e-09
0.3826000E+01 -3.20669e-09
0.3828000E+01 -1.91872e-08
0.3830000E+01 -1.86743e-08
0.3832000E+01 5.45437e-09
0.3834000E+01 -7.81654e-09
0.3836000E+01 1.67044e-09
0.3838000E+01 -1.82417e-08
0.3840000E+01 -1.19261e-08
0.3842000E+01 -3.70821e-08
0.3844000E+01 2.35396e-08
0.3846000E+01 -2.39441e-08
0.3848000E+01 -1.31716e-07
0.3850000E+01 5.95587e-09
0.3852000E+01 -1.18838e-08
0.3854000E+01 -6.17177e-09
0.3856000E+01 -7.63623e-09
0.3858000E+01 -4.35004e-09
0.3860000E+01 -1.34919e-08
0.3862000E+01 -1.81119e-08
0.3864000E+01 -1.60024e-08
0.3866000E+01 -3.14861e-08
0.3868000E+01 -3.38041e-09
0.3870000E+01 2.39872e-09
0.3872000E+01 -3.91406e-09
0.3874000E+01 -6.29937e-09
0.3876000E+01 -4.27246e-09
0.3878000E+01 -7.79907e-09
0.3880000E+01 -1.28013e-08
0.3882000E+01 -2.30638e-08
0.3884000E+01 -3.39607e-08
0.3886000E+01 -2.32686e-08
0.3888000E+01 -3.89285e-10
0.3890000E+01 -1.51835e-09
0.3892000E+01 -2.93079e-09
0.3894000E+01 -4.30353e-09
0.3896000E+01 -6.37611e-09
0.3898000E+01 -2.587e-08
0.3900000E+01 -2.8513e-08
0.3902000E+01 1.23329e-08
0.3904000E+01 1.20794e-08
0.3906000E+01 1.33075e-08
0.3908000E+01 7.77776e-09
0.3910000E+01 1.63754e-09
0.3912000E+01 -2.61592e-08
0.3914000E+01 1.33576e-09
0.3916000E+01 2.60472e-08
0.3918000E+01 2.41263e-08
0.3920000E+01 1.61599e-08
0.3922000E+01 1.24831e-08
0.3924000E+01 1.26361e-08
0.3926000E+01 -5.07797e-09
0.3928000E+01 -3.62299e-09
0.3930000E+01 1.92046e-08
0.3932000E+01 1.82088e-08
0.3934000E+01 1.59773e-08
0.3936000E+01 8.246e-09
0.3938000E+01 7.21184e-09
0.3940000E+01 1.80554e-09
0.3942000E+01 7.69777e-09
0.3944000E+01 5.63283e-09
0.3946000E+01 3.14179e-09
0.3948000E+01 5.48921e-09
0.3950000E+01 8.16486e-09
0.3952000E+01 7.46165e-10
0.3954000E+01 -4.98398e-09
0.3956000E+01 -8.91496e-09
0.3958000E+01 -7.38148e-09
0.3960000E+01 -1.87073e-09
0.3962000E+01 -8.14923e-09
0.3964000E+01 4.4753e-11
0.3966000E+01 4.57119e-09
0.3968000E+01 3.74923e-09
0.3970000E+01 2.51643e-09
0.3972000E+01 6.89943e-09
0.3974000E+01 3.77614e-09
0.3976000E+01 1.03176e-08
0.3978000E+01 -7.03952e-08
0.3980000E+01 -4.06068e-08
0.3982000E+01 -2.37862e-08
0.3984000E+01 2.83857e-09
0.3986000E+01 -1.40402e-08
0.3988000E+01 1.20581e-08
0.3990000E+01 1.82761e-08
0.3992000E+01 -5.35242e-08
0.3994000E+01 -1.03101e-08
0.3996000E+01 -7.30226e-09
0.3998000E+01 -6.82679e-09
0.4000000E+01 8.09503e-09
