0.0000000E+00 0
0.2000000E-02 0
0.4000000E-02 0
0.6000000E-02 0
0.8000000E-02 0
0.1000000E-01 0
0.1200000E-01 0
0.1400000E-01 0
0.1600000E-01 0
0.1800000E-01 0
0.2000000E-01 0
0.2200000E-01 0
0.2400000E-01 0
0.2600000E-01 0
0.2800000E-01 0
0.3000000E-01 0
0.3200000E-01 0
0.3400000E-01 0
0.3600000E-01 0
0.3800000E-01 0
0.4000000E-01 0
0.4200000E-01 0
0.4400000E-01 0
0.4600000E-01 0
0.4800000E-01 0
0.5000000E-01 0
0.5200000E-01 0
0.5400000E-01 0
0.5600000E-01 0
0.5800000E-01 0
0.6000000E-01 0
0.6200000E-01 0
0.6400000E-01 0
0.6600000E-01 0
0.6800000E-01 0
0.7000000E-01 0
0.7200000E-01 0
0.7400000E-01 0
0.7600000E-01 0
0.7800000E-01 0
0.8000000E-01 0
0.8200000E-01 0
0.8400000E-01 0
0.8600000E-01 -1.41737e-05
0.8800000E-01 -1.32694e-05
0.9000000E-01 -6.09258e-06
0.9200000E-01 -2.01425e-06
0.9400000E-01 -1.40372e-06
0.9600000E-01 -1.02573e-06
0.9800000E-01 -6.25204e-07
0.1000000E+00 -1.14113e-07
0.1020000E+00 1.33187e-07
0.1040000E+00 -1.03173e-08
0.1060000E+00 -2.17404e-07
0.1080000E+00 -4.39902e-07
0.1100000E+00 -4.88913e-07
0.1120000E+00 -1.4744e-07
0.1140000E+00 2.92015e-07
0.1160000E+00 5.61435e-07
0.1180000E+00 2.8704e-07
0.1200000E+00 3.62104e-07
0.1220000E+00 2.3098e-08
0.1240000E+00 -3.09284e-07
0.1260000E+00 -3.4244e-07
0.1280000E+00 -1.21419e-07
0.1300000E+00 -1.90907e-08
0.1320000E+00 5.97071e-08
0.1340000E+00 9.27431e-08
0.1360000E+00 5.25488e-08
0.1380000E+00 4.60343e-08
0.1400000E+00 5.21821e-08
0.1420000E+00 7.09686e-08
0.1440000E+00 5.05919e-08
0.1460000E+00 8.6265e-08
0.1480000E+00 1.79222e-07
0.1500000E+00 2.36376e-07
0.1520000E+00 2.29353e-07
0.1540000E+00 2.64424e-07
0.1560000E+00 2.87832e-07
0.1580000E+00 2.93311e-07
0.1600000E+00 2.93501e-07
0.1620000E+00 2.90787e-07
0.1640000E+00 3.62141e-07
0.1660000E+00 4.25202e-07
0.1680000E+00 3.15427e-07
0.1700000E+00 3.88378e-07
0.1720000E+00 4.60524e-07
0.1740000E+00 5.31393e-07
0.1760000E+00 5.24774e-08
0.1780000E+00 1.36551e-07
0.1800000E+00 1.58459e-07
0.1820000E+00 1.69567e-07
0.1840000E+00 1.83454e-07
0.1860000E+00 1.91219e-07
0.1880000E+00 2.08777e-07
0.1900000E+00 2.29085e-07
0.1920000E+00 2.0318e-07
0.1940000E+00 2.13022e-07
0.1960000E+00 2.14903e-07
0.1980000E+00 2.03035e-07
0.2000000E+00 1.91002e-07
0.2020000E+00 1.78783e-07
0.2040000E+00 1.66355e-07
0.2060000E+00 1.53695e-07
0.2080000E+00 1.4126e-07
0.2100000E+00 1.72413e-07
0.2120000E+00 2.10139e-07
0.2140000E+00 2.16023e-07
0.2160000E+00 2.29086e-07
0.2180000E+00 2.61243e-07
0.2200000E+00 2.90968e-07
0.2220000E+00 3.09775e-07
0.2240000E+00 3.01258e-07
0.2260000E+00 3.69407e-07
0.2280000E+00 4.20115e-07
0.2300000E+00 3.41588e-07
0.2320000E+00 6.38718e-08
0.2340000E+00 9.10979e-08
0.2360000E+00 8.56869e-08
0.2380000E+00 8.95685e-08
0.2400000E+00 1.13869e-07
0.2420000E+00 1.19715e-07
0.2440000E+00 1.25787e-07
0.2460000E+00 1.22764e-07
0.2480000E+00 1.20079e-07
0.2500000E+00 1.47587e-07
0.2520000E+00 2.0842e-07
0.2540000E+00 1.90034e-07
0.2560000E+00 1.70479e-07
0.2580000E+00 1.49348e-07
0.2600000E+00 1.28388e-07
0.2620000E+00 1.34021e-07
0.2640000E+00 1.52031e-07
0.2660000E+00 1.50419e-07
0.2680000E+00 1.60725e-07
0.2700000E+00 2.2156e-07
0.2720000E+00 2.36291e-07
0.2740000E+00 2.52345e-07
0.2760000E+00 2.67824e-07
0.2780000E+00 2.83393e-07
0.2800000E+00 2.95349e-07
0.2820000E+00 2.21724e-07
0.2840000E+00 1.95e-08
0.2860000E+00 5.71802e-08
0.2880000E+00 6.81989e-08
0.2900000E+00 6.13895e-08
0.2920000E+00 6.17546e-08
0.2940000E+00 6.40015e-08
0.2960000E+00 6.65767e-08
0.2980000E+00 6.99072e-08
0.3000000E+00 7.38377e-08
0.3020000E+00 8.22224e-08
0.3040000E+00 8.77513e-08
0.3060000E+00 1.6776e-07
0.3080000E+00 1.5404e-07
0.3100000E+00 1.40421e-07
0.3120000E+00 1.27277e-07
0.3140000E+00 1.55653e-07
0.3160000E+00 2.36976e-07
0.3180000E+00 2.42643e-07
0.3200000E+00 2.20369e-07
0.3220000E+00 1.87922e-07
0.3240000E+00 1.96474e-07
0.3260000E+00 2.05712e-07
0.3280000E+00 2.15355e-07
0.3300000E+00 1.67522e-07
0.3320000E+00 -1.53098e-07
0.3340000E+00 -4.1371e-08
0.3360000E+00 1.82796e-07
0.3380000E+00 8.77034e-08
0.3400000E+00 4.36834e-08
0.3420000E+00 4.6382e-08
0.3440000E+00 4.92686e-08
0.3460000E+00 5.64248e-08
0.3480000E+00 6.38508e-08
0.3500000E+00 5.92893e-08
0.3520000E+00 6.1734e-08
0.3540000E+00 6.44925e-08
0.3560000E+00 1.16265e-07
0.3580000E+00 1.25084e-07
0.3600000E+00 2.9928e-07
0.3620000E+00 2.23226e-07
0.3640000E+00 1.66561e-07
0.3660000E+00 1.79484e-07
0.3680000E+00 1.89816e-07
0.3700000E+00 1.91289e-07
0.3720000E+00 1.97066e-07
0.3740000E+00 1.59955e-07
0.3760000E+00 -2.48616e-07
0.3780000E+00 -1.03206e-08
0.3800000E+00 -8.32302e-09
0.3820000E+00 -7.53786e-09
0.3840000E+00 4.06421e-07
0.3860000E+00 2.76634e-08
0.3880000E+00 4.46459e-08
0.3900000E+00 4.75934e-08
0.3920000E+00 5.10498e-08
0.3940000E+00 5.39433e-08
0.3960000E+00 5.58811e-08
0.3980000E+00 6.08232e-08
0.4000000E+00 6.55222e-08
0.4020000E+00 1.40362e-07
0.4040000E+00 2.15737e-07
0.4060000E+00 2.26482e-07
0.4080000E+00 2.35878e-07
0.4100000E+00 2.45865e-07
0.4120000E+00 2.33241e-07
0.4140000E+00 -3.51418e-08
0.4160000E+00 -4.00799e-08
0.4180000E+00 -3.81424e-08
0.4200000E+00 -1.93382e-08
0.4220000E+00 -2.33286e-08
0.4240000E+00 9.87064e-09
0.4260000E+00 1.33183e-07
0.4280000E+00 1.3466e-07
0.4300000E+00 9.19146e-08
0.4320000E+00 4.82811e-08
0.4340000E+00 5.73416e-08
0.4360000E+00 6.39322e-08
0.4380000E+00 7.08632e-08
0.4400000E+00 8.29619e-08
0.4420000E+00 9.11928e-08
0.4440000E+00 9.63194e-08
0.4460000E+00 1.83409e-07
0.4480000E+00 3.44878e-07
0.4500000E+00 -6.63235e-08
0.4520000E+00 -1.51124e-08
0.4540000E+00 -3.48213e-08
0.4560000E+00 -8.05725e-10
0.4580000E+00 1.9018e-08
0.4600000E+00 2.26812e-08
0.4620000E+00 2.78239e-08
0.4640000E+00 3.17906e-08
0.4660000E+00 9.54119e-08
0.4680000E+00 8.70764e-08
0.4700000E+00 1.31441e-07
0.4720000E+00 1.10263e-07
0.4740000E+00 1.08e-07
0.4760000E+00 1.08176e-07
0.4780000E+00 1.2338e-07
0.4800000E+00 3.84766e-08
0.4820000E+00 -2.13504e-07
0.4840000E+00 -1.84792e-07
0.4860000E+00 2.77038e-07
0.4880000E+00 2.28529e-08
0.4900000E+00 7.96061e-08
0.4920000E+00 8.69046e-08
0.4940000E+00 7.66939e-08
0.4960000E+00 5.78015e-08
0.4980000E+00 7.92469e-08
0.5000000E+00 1.10081e-07
0.5020000E+00 1.30998e-07
0.5040000E+00 1.48647e-07
0.5060000E+00 1.70563e-07
0.5080000E+00 6.03481e-08
0.5100000E+00 -2.70821e-07
0.5120000E+00 -9.31404e-08
0.5140000E+00 -8.38114e-08
0.5160000E+00 8.64388e-08
0.5180000E+00 7.36623e-08
0.5200000E+00 4.43475e-08
0.5220000E+00 4.28235e-08
0.5240000E+00 4.16947e-08
0.5260000E+00 6.24626e-08
0.5280000E+00 7.58539e-08
0.5300000E+00 9.83391e-08
0.5320000E+00 2.03165e-07
0.5340000E+00 -7.88492e-09
0.5360000E+00 -3.9619e-08
0.5380000E+00 -4.36553e-08
0.5400000E+00 -3.228e-08
0.5420000E+00 2.07477e-08
0.5440000E+00 6.54661e-08
0.5460000E+00 6.79285e-08
0.5480000E+00 7.14006e-08
0.5500000E+00 7.53575e-08
0.5520000E+00 9.02992e-08
0.5540000E+00 -3.36183e-07
0.5560000E+00 -6.0588e-08
0.5580000E+00 6.35537e-09
0.5600000E+00 -1.48873e-08
0.5620000E+00 1.03652e-08
0.5640000E+00 3.23147e-08
0.5660000E+00 5.34428e-08
0.5680000E+00 -5.39672e-09
0.5700000E+00 2.52635e-07
0.5720000E+00 -2.42149e-07
0.5740000E+00 -1.22738e-07
0.5760000E+00 1.74172e-08
0.5780000E+00 1.9705e-09
0.5800000E+00 -2.49115e-08
0.5820000E+00 -2.99097e-08
0.5840000E+00 -3.47507e-08
0.5860000E+00 -2.4114e-07
0.5880000E+00 6.10869e-08
0.5900000E+00 6.65744e-08
0.5920000E+00 1.10293e-07
0.5940000E+00 -1.42987e-07
0.5960000E+00 1.39039e-08
0.5980000E+00 -3.78792e-07
0.6000000E+00 -2.18872e-07
0.6020000E+00 -2.74256e-07
0.6040000E+00 -3.18004e-07
0.6060000E+00 -2.92372e-07
0.6080000E+00 9.06974e-07
0.6100000E+00 -4.29025e-07
0.6120000E+00 -3.34899e-07
0.6140000E+00 -2.27247e-07
0.6160000E+00 -7.56962e-07
0.6180000E+00 -1.53751e-06
0.6200000E+00 2.89104e-06
0.6220000E+00 -6.87149e-07
0.6240000E+00 -2.52604e-06
0.6260000E+00 -9.41984e-07
0.6280000E+00 -3.52486e-06
0.6300000E+00 7.81752e-07
0.6320000E+00 6.33397e-06
0.6340000E+00 -2.07236e-06
0.6360000E+00 2.29132e-06
0.6380000E+00 -4.59197e-07
0.6400000E+00 4.07136e-08
0.6420000E+00 -9.40148e-07
0.6440000E+00 3.03794e-07
0.6460000E+00 -3.89776e-07
0.6480000E+00 -1.0814e-07
0.6500000E+00 -3.22689e-07
0.6520000E+00 -3.91061e-07
0.6540000E+00 7.35561e-07
0.6560000E+00 -2.14076e-07
0.6580000E+00 6.75749e-07
0.6600000E+00 2.22092e-07
0.6620000E+00 -1.27342e-07
0.6640000E+00 -1.54833e-07
0.6660000E+00 9.31084e-08
0.6680000E+00 6.04259e-07
0.6700000E+00 -2.11479e-07
0.6720000E+00 5.61287e-07
0.6740000E+00 1.95854e-07
0.6760000E+00 1.9031e-07
0.6780000E+00 3.88798e-08
0.6800000E+00 -6.47663e-08
0.6820000E+00 -8.08265e-08
0.6840000E+00 3.16574e-07
0.6860000E+00 1.98371e-07
0.6880000E+00 1.9732e-07
0.6900000E+00 1.92415e-07
0.6920000E+00 4.19193e-08
0.6940000E+00 8.6243e-08
0.6960000E+00 1.18578e-07
0.6980000E+00 1.44017e-07
0.7000000E+00 1.0568e-07
0.7020000E+00 4.88522e-08
0.7040000E+00 5.17484e-08
0.7060000E+00 2.67156e-07
0.7080000E+00 1.84534e-07
0.7100000E+00 1.38542e-07
0.7120000E+00 1.95984e-07
0.7140000E+00 1.45958e-07
0.7160000E+00 1.34468e-07
0.7180000E+00 2.73362e-08
0.7200000E+00 6.52978e-08
0.7220000E+00 6.4487e-08
0.7240000E+00 6.37936e-08
0.7260000E+00 6.56694e-08
0.7280000E+00 6.65915e-08
0.7300000E+00 2.28038e-07
0.7320000E+00 1.52057e-07
0.7340000E+00 1.25595e-07
0.7360000E+00 1.34391e-07
0.7380000E+00 1.34341e-07
0.7400000E+00 1.42013e-07
0.7420000E+00 1.29836e-07
0.7440000E+00 1.17308e-07
0.7460000E+00 1.10609e-07
0.7480000E+00 1.01821e-07
0.7500000E+00 8.23696e-08
0.7520000E+00 6.19695e-08
0.7540000E+00 7.43281e-08
0.7560000E+00 7.61185e-08
0.7580000E+00 1.46748e-07
0.7600000E+00 1.70715e-07
0.7620000E+00 1.34962e-07
0.7640000E+00 1.21445e-07
0.7660000E+00 1.20597e-07
0.7680000E+00 7.84985e-08
0.7700000E+00 7.10041e-08
0.7720000E+00 6.53256e-08
0.7740000E+00 7.27392e-08
0.7760000E+00 1.07867e-07
0.7780000E+00 1.38105e-07
0.7800000E+00 1.1459e-07
0.7820000E+00 9.94014e-08
0.7840000E+00 9.77551e-08
0.7860000E+00 9.69911e-08
0.7880000E+00 9.29523e-08
0.7900000E+00 1.37984e-07
0.7920000E+00 1.44161e-07
0.7940000E+00 1.19921e-07
0.7960000E+00 1.10723e-07
0.7980000E+00 1.06738e-07
0.8000000E+00 1.03225e-07
0.8020000E+00 6.55704e-08
0.8040000E+00 6.05191e-08
0.8060000E+00 7.59331e-08
0.8080000E+00 7.51635e-08
0.8100000E+00 7.32298e-08
0.8120000E+00 7.32619e-08
0.8140000E+00 8.58393e-08
0.8160000E+00 1.3445e-07
0.8180000E+00 1.30719e-07
0.8200000E+00 9.95886e-08
0.8220000E+00 9.89286e-08
0.8240000E+00 9.66812e-08
0.8260000E+00 1.69292e-07
0.8280000E+00 1.16105e-07
0.8300000E+00 1.09602e-07
0.8320000E+00 9.73235e-08
0.8340000E+00 9.30163e-08
0.8360000E+00 9.17923e-08
0.8380000E+00 9.02854e-08
0.8400000E+00 3.91789e-08
0.8420000E+00 6.00702e-08
0.8440000E+00 6.5272e-08
0.8460000E+00 6.43338e-08
0.8480000E+00 6.65979e-08
0.8500000E+00 6.5779e-08
0.8520000E+00 8.28189e-08
0.8540000E+00 1.13255e-07
0.8560000E+00 1.28242e-07
0.8580000E+00 1.22963e-07
0.8600000E+00 1.05573e-07
0.8620000E+00 1.09965e-07
0.8640000E+00 1.17215e-07
0.8660000E+00 1.02093e-07
0.8680000E+00 9.55085e-08
0.8700000E+00 9.40767e-08
0.8720000E+00 9.0882e-08
0.8740000E+00 8.86852e-08
0.8760000E+00 8.6621e-08
0.8780000E+00 8.53222e-08
0.8800000E+00 8.23325e-08
0.8820000E+00 5.4207e-08
0.8840000E+00 5.40596e-08
0.8860000E+00 5.67038e-08
0.8880000E+00 5.85065e-08
0.8900000E+00 6.28869e-08
0.8920000E+00 1.29224e-07
0.8940000E+00 1.43607e-07
0.8960000E+00 7.80589e-08
0.8980000E+00 7.64773e-08
0.9000000E+00 8.2699e-08
0.9020000E+00 9.35245e-08
0.9040000E+00 1.1071e-07
0.9060000E+00 9.18219e-08
0.9080000E+00 8.00763e-08
0.9100000E+00 7.6336e-08
0.9120000E+00 7.47821e-08
0.9140000E+00 7.19822e-08
0.9160000E+00 6.84409e-08
0.9180000E+00 9.25081e-08
0.9200000E+00 7.0119e-08
0.9220000E+00 6.9442e-08
0.9240000E+00 6.84338e-08
0.9260000E+00 4.98896e-08
0.9280000E+00 8.04334e-08
0.9300000E+00 1.20752e-07
0.9320000E+00 1.19291e-07
0.9340000E+00 1.00321e-07
0.9360000E+00 8.32434e-08
0.9380000E+00 7.40713e-08
0.9400000E+00 6.99622e-08
0.9420000E+00 6.87226e-08
0.9440000E+00 6.72431e-08
0.9460000E+00 8.68867e-08
0.9480000E+00 8.4137e-08
0.9500000E+00 7.82418e-08
0.9520000E+00 7.3355e-08
0.9540000E+00 6.63735e-08
0.9560000E+00 5.00233e-08
0.9580000E+00 4.36272e-08
0.9600000E+00 4.8303e-08
0.9620000E+00 4.80969e-08
0.9640000E+00 6.21056e-08
0.9660000E+00 1.10507e-07
0.9680000E+00 1.33689e-07
0.9700000E+00 1.03888e-07
0.9720000E+00 6.14019e-08
0.9740000E+00 7.21685e-08
0.9760000E+00 6.86784e-08
0.9780000E+00 6.14824e-08
0.9800000E+00 7.71961e-08
0.9820000E+00 6.38449e-08
0.9840000E+00 6.19077e-08
0.9860000E+00 5.84324e-08
0.9880000E+00 5.49972e-08
0.9900000E+00 6.5344e-08
0.9920000E+00 5.85328e-08
0.9940000E+00 5.58896e-08
0.9960000E+00 5.24927e-08
0.9980000E+00 4.84379e-08
0.1000000E+01 4.54169e-08
0.1002000E+01 1.07561e-07
0.1004000E+01 1.38211e-07
0.1006000E+01 1.06486e-07
0.1008000E+01 8.52654e-08
0.1010000E+01 8.96933e-08
0.1012000E+01 9.08899e-08
0.1014000E+01 6.59508e-08
0.1016000E+01 5.35673e-08
0.1018000E+01 5.59569e-08
0.1020000E+01 3.53069e-08
0.1022000E+01 3.96568e-08
0.1024000E+01 4.22538e-08
0.1026000E+01 4.31962e-08
0.1028000E+01 4.13486e-08
0.1030000E+01 3.99894e-08
0.1032000E+01 3.93258e-08
0.1034000E+01 3.84529e-08
0.1036000E+01 5.33879e-08
0.1038000E+01 9.8779e-08
0.1040000E+01 1.31602e-07
0.1042000E+01 1.15275e-07
0.1044000E+01 9.6709e-08
0.1046000E+01 8.17593e-08
0.1048000E+01 6.72572e-08
0.1050000E+01 6.54195e-08
0.1052000E+01 6.32376e-08
0.1054000E+01 6.12956e-08
0.1056000E+01 5.94032e-08
0.1058000E+01 5.54026e-08
0.1060000E+01 4.99674e-08
0.1062000E+01 4.64991e-08
0.1064000E+01 4.27312e-08
0.1066000E+01 3.90278e-08
0.1068000E+01 3.67426e-08
0.1070000E+01 1.52551e-08
0.1072000E+01 3.87078e-08
0.1074000E+01 1.09312e-07
0.1076000E+01 1.34238e-07
0.1078000E+01 7.76927e-08
0.1080000E+01 8.22295e-08
0.1082000E+01 7.50029e-08
0.1084000E+01 7.74721e-08
0.1086000E+01 6.91862e-08
0.1088000E+01 5.3377e-08
0.1090000E+01 4.6204e-08
0.1092000E+01 4.29909e-08
0.1094000E+01 4.11713e-08
0.1096000E+01 3.89565e-08
0.1098000E+01 3.69288e-08
0.1100000E+01 3.54503e-08
0.1102000E+01 3.41344e-08
0.1104000E+01 3.23205e-08
0.1106000E+01 5.11866e-08
0.1108000E+01 9.02694e-08
0.1110000E+01 1.14632e-07
0.1112000E+01 9.81508e-08
0.1114000E+01 8.22377e-08
0.1116000E+01 6.50201e-08
0.1118000E+01 5.65928e-08
0.1120000E+01 5.28999e-08
0.1122000E+01 4.52854e-08
0.1124000E+01 4.63365e-08
0.1126000E+01 3.66406e-08
0.1128000E+01 3.0959e-08
0.1130000E+01 3.13654e-08
0.1132000E+01 2.63834e-08
0.1134000E+01 2.69876e-08
0.1136000E+01 2.56158e-08
0.1138000E+01 2.26683e-08
0.1140000E+01 1.89051e-08
0.1142000E+01 1.12685e-07
0.1144000E+01 1.38648e-07
0.1146000E+01 7.39969e-08
0.1148000E+01 7.13235e-08
0.1150000E+01 8.43519e-08
0.1152000E+01 7.18711e-08
0.1154000E+01 6.26374e-08
0.1156000E+01 4.89675e-08
0.1158000E+01 4.15604e-08
0.1160000E+01 3.76692e-08
0.1162000E+01 3.49448e-08
0.1164000E+01 3.2741e-08
0.1166000E+01 3.13123e-08
0.1168000E+01 2.98091e-08
0.1170000E+01 2.83576e-08
0.1172000E+01 2.69605e-08
0.1174000E+01 5.52525e-08
0.1176000E+01 1.04016e-07
0.1178000E+01 1.26081e-07
0.1180000E+01 9.25602e-08
0.1182000E+01 5.2127e-08
0.1184000E+01 4.26123e-08
0.1186000E+01 4.47084e-08
0.1188000E+01 5.48715e-08
0.1190000E+01 5.38996e-08
0.1192000E+01 4.46191e-08
0.1194000E+01 4.10024e-08
0.1196000E+01 3.69176e-08
0.1198000E+01 3.28653e-08
0.1200000E+01 2.81451e-08
0.1202000E+01 2.37184e-08
0.1204000E+01 1.84691e-08
0.1206000E+01 1.55085e-08
0.1208000E+01 1.05137e-07
0.1210000E+01 1.31352e-07
0.1212000E+01 7.05197e-08
0.1214000E+01 6.88095e-08
0.1216000E+01 6.6615e-08
0.1218000E+01 5.89841e-08
0.1220000E+01 4.85191e-08
0.1222000E+01 3.76965e-08
0.1224000E+01 2.66134e-08
0.1226000E+01 4.05287e-08
0.1228000E+01 3.07426e-08
0.1230000E+01 2.83387e-08
0.1232000E+01 2.62776e-08
0.1234000E+01 1.9992e-08
0.1236000E+01 1.39085e-08
0.1238000E+01 2.06427e-08
0.1240000E+01 6.77548e-08
0.1242000E+01 1.15041e-07
0.1244000E+01 9.80798e-08
0.1246000E+01 6.40248e-08
0.1248000E+01 4.19198e-08
0.1250000E+01 3.84582e-08
0.1252000E+01 3.65349e-08
0.1254000E+01 3.18215e-08
0.1256000E+01 2.82226e-08
0.1258000E+01 2.82099e-08
0.1260000E+01 2.47615e-08
0.1262000E+01 1.99085e-08
0.1264000E+01 2.44128e-08
0.1266000E+01 2.42775e-08
0.1268000E+01 1.87104e-08
0.1270000E+01 1.37624e-08
0.1272000E+01 1.16493e-07
0.1274000E+01 1.46667e-07
0.1276000E+01 7.75427e-08
0.1278000E+01 7.5618e-08
0.1280000E+01 7.39414e-08
0.1282000E+01 6.53933e-08
0.1284000E+01 4.88304e-08
0.1286000E+01 3.65056e-08
0.1288000E+01 2.98376e-08
0.1290000E+01 2.63652e-08
0.1292000E+01 2.45891e-08
0.1294000E+01 2.37545e-08
0.1296000E+01 2.22924e-08
0.1298000E+01 2.06676e-08
0.1300000E+01 1.37044e-08
0.1302000E+01 5.34798e-08
0.1304000E+01 1.25981e-07
0.1306000E+01 1.3747e-07
0.1308000E+01 8.72779e-08
0.1310000E+01 3.56751e-08
0.1312000E+01 2.9326e-08
0.1314000E+01 3.07673e-08
0.1316000E+01 3.14225e-08
0.1318000E+01 3.0628e-08
0.1320000E+01 2.98628e-08
0.1322000E+01 2.41286e-08
0.1324000E+01 1.6072e-08
0.1326000E+01 1.1368e-08
0.1328000E+01 9.34064e-09
0.1330000E+01 7.37257e-09
0.1332000E+01 4.17763e-08
0.1334000E+01 1.03611e-07
0.1336000E+01 1.27104e-07
0.1338000E+01 6.65664e-08
0.1340000E+01 6.49404e-08
0.1342000E+01 4.8e-08
0.1344000E+01 4.57743e-08
0.1346000E+01 3.27491e-08
0.1348000E+01 2.7744e-08
0.1350000E+01 2.49788e-08
0.1352000E+01 2.12107e-08
0.1354000E+01 1.94981e-08
0.1356000E+01 1.77477e-08
0.1358000E+01 1.63468e-08
0.1360000E+01 1.48341e-08
0.1362000E+01 6.16465e-08
0.1364000E+01 1.37828e-07
0.1366000E+01 1.37004e-07
0.1368000E+01 8.55745e-08
0.1370000E+01 6.26583e-08
0.1372000E+01 5.10538e-08
0.1374000E+01 4.97625e-08
0.1376000E+01 4.09451e-08
0.1378000E+01 -1.95667e-09
0.1380000E+01 -1.83527e-08
0.1382000E+01 -4.47381e-09
0.1384000E+01 2.87767e-09
0.1386000E+01 3.80954e-09
0.1388000E+01 -1.14331e-09
0.1390000E+01 6.86458e-09
0.1392000E+01 8.48062e-08
0.1394000E+01 1.30331e-07
0.1396000E+01 8.78774e-08
0.1398000E+01 6.45839e-08
0.1400000E+01 5.15683e-08
0.1402000E+01 4.39212e-08
0.1404000E+01 4.1096e-08
0.1406000E+01 3.30224e-08
0.1408000E+01 2.46816e-08
0.1410000E+01 2.17755e-08
0.1412000E+01 3.65335e-09
0.1414000E+01 -3.55498e-09
0.1416000E+01 2.88032e-09
0.1418000E+01 -5.9621e-10
0.1420000E+01 9.35365e-08
0.1422000E+01 1.28522e-07
0.1424000E+01 7.35716e-08
0.1426000E+01 7.96766e-08
0.1428000E+01 6.49736e-08
0.1430000E+01 4.76345e-08
0.1432000E+01 2.29979e-09
0.1434000E+01 -1.64319e-08
0.1436000E+01 6.50621e-11
0.1438000E+01 3.01895e-09
0.1440000E+01 -1.19442e-09
0.1442000E+01 -2.51274e-08
0.1444000E+01 -2.02995e-08
0.1446000E+01 -4.54144e-09
0.1448000E+01 6.08239e-08
0.1450000E+01 1.21204e-07
0.1452000E+01 8.31622e-08
0.1454000E+01 3.90358e-08
0.1456000E+01 2.86794e-08
0.1458000E+01 2.68873e-08
0.1460000E+01 2.64796e-08
0.1462000E+01 2.56722e-08
0.1464000E+01 2.29788e-08
0.1466000E+01 2.39462e-08
0.1468000E+01 -1.45332e-08
0.1470000E+01 -1.20914e-08
0.1472000E+01 -1.03963e-08
0.1474000E+01 2.52451e-08
0.1476000E+01 9.32415e-08
0.1478000E+01 7.21996e-08
0.1480000E+01 6.6208e-09
0.1482000E+01 1.15058e-08
0.1484000E+01 1.35327e-08
0.1486000E+01 1.04083e-08
0.1488000E+01 4.64847e-09
0.1490000E+01 -1.90858e-08
0.1492000E+01 -3.89262e-08
0.1494000E+01 -2.87034e-08
0.1496000E+01 -2.13259e-08
0.1498000E+01 -1.27252e-08
0.1500000E+01 -1.40451e-08
0.1502000E+01 7.54845e-08
0.1504000E+01 1.13078e-07
0.1506000E+01 5.71618e-08
0.1508000E+01 6.31951e-08
0.1510000E+01 4.80349e-08
0.1512000E+01 -3.55939e-09
0.1514000E+01 -2.75945e-08
0.1516000E+01 -8.68756e-09
0.1518000E+01 -5.8335e-09
0.1520000E+01 -3.227e-08
0.1522000E+01 -5.34586e-08
0.1524000E+01 -4.25833e-08
0.1526000E+01 -3.20849e-08
0.1528000E+01 3.5397e-08
0.1530000E+01 7.70499e-08
0.1532000E+01 -3.67124e-11
0.1534000E+01 -2.00684e-08
0.1536000E+01 -1.63452e-08
0.1538000E+01 -1.57315e-08
0.1540000E+01 -1.12327e-08
0.1542000E+01 -9.77077e-09
0.1544000E+01 -1.16082e-08
0.1546000E+01 -1.56527e-08
0.1548000E+01 -6.5371e-09
0.1550000E+01 -4.45244e-08
0.1552000E+01 -2.21644e-08
0.1554000E+01 4.60865e-08
0.1556000E+01 7.98925e-08
0.1558000E+01 2.03274e-08
0.1560000E+01 -2.07024e-08
0.1562000E+01 -1.71642e-08
0.1564000E+01 -6.76291e-09
0.1566000E+01 -3.50194e-08
0.1568000E+01 -5.39472e-08
0.1570000E+01 -3.40859e-08
0.1572000E+01 -3.22068e-08
0.1574000E+01 -3.20579e-08
0.1576000E+01 -2.93999e-08
0.1578000E+01 3.47195e-08
0.1580000E+01 7.93318e-08
0.1582000E+01 2.72788e-08
0.1584000E+01 1.61062e-09
0.1586000E+01 1.06729e-08
0.1588000E+01 1.54476e-08
0.1590000E+01 8.46402e-09
0.1592000E+01 1.65752e-09
0.1594000E+01 -2.66623e-08
0.1596000E+01 -4.07347e-08
0.1598000E+01 -3.12842e-08
0.1600000E+01 -2.95294e-08
0.1602000E+01 1.48043e-08
0.1604000E+01 4.02235e-08
0.1606000E+01 5.5458e-09
0.1608000E+01 3.85202e-08
0.1610000E+01 3.871e-08
0.1612000E+01 3.7293e-08
0.1614000E+01 1.26962e-08
0.1616000E+01 1.24472e-08
0.1618000E+01 1.35049e-08
0.1620000E+01 1.27223e-08
0.1622000E+01 1.2486e-08
0.1624000E+01 7.33837e-09
0.1626000E+01 -7.94679e-08
0.1628000E+01 5.88302e-08
0.1630000E+01 5.56286e-08
0.1632000E+01 2.71344e-08
0.1634000E+01 2.42509e-08
0.1636000E+01 2.5165e-08
0.1638000E+01 1.29343e-08
0.1640000E+01 1.07723e-08
0.1642000E+01 -1.78384e-08
0.1644000E+01 -2.41695e-08
0.1646000E+01 2.1808e-08
0.1648000E+01 1.78339e-08
0.1650000E+01 6.59266e-08
0.1652000E+01 1.12613e-07
0.1654000E+01 8.5376e-08
0.1656000E+01 3.90951e-08
0.1658000E+01 1.3164e-08
0.1660000E+01 1.79476e-08
0.1662000E+01 3.78046e-09
0.1664000E+01 -7.14963e-09
0.1666000E+01 -1.55367e-08
0.1668000E+01 1.85737e-08
0.1670000E+01 1.73903e-08
0.1672000E+01 4.45085e-08
0.1674000E+01 1.01073e-07
0.1676000E+01 9.94595e-08
0.1678000E+01 6.45223e-08
0.1680000E+01 6.40064e-08
0.1682000E+01 6.44809e-08
0.1684000E+01 4.20238e-08
0.1686000E+01 1.75525e-08
0.1688000E+01 1.30177e-08
0.1690000E+01 3.55363e-09
0.1692000E+01 -6.00717e-09
0.1694000E+01 3.48855e-08
0.1696000E+01 1.02927e-07
0.1698000E+01 1.04533e-07
0.1700000E+01 7.1488e-08
0.1702000E+01 6.37669e-08
0.1704000E+01 5.97375e-08
0.1706000E+01 5.77867e-08
0.1708000E+01 5.31846e-08
0.1710000E+01 4.77071e-08
0.1712000E+01 2.53405e-08
0.1714000E+01 9.87785e-09
0.1716000E+01 4.10597e-08
0.1718000E+01 9.36131e-08
0.1720000E+01 7.27287e-08
0.1722000E+01 4.49078e-08
0.1724000E+01 4.03027e-08
0.1726000E+01 5.66348e-08
0.1728000E+01 4.66279e-08
0.1730000E+01 4.36312e-08
0.1732000E+01 4.51631e-08
0.1734000E+01 5.35537e-08
0.1736000E+01 4.18727e-08
0.1738000E+01 7.79005e-08
0.1740000E+01 9.80358e-08
0.1742000E+01 6.61572e-08
0.1744000E+01 6.7479e-08
0.1746000E+01 9.47639e-08
0.1748000E+01 4.98262e-08
0.1750000E+01 4.04186e-08
0.1752000E+01 3.70002e-08
0.1754000E+01 3.34409e-08
0.1756000E+01 3.04728e-08
0.1758000E+01 3.1419e-08
0.1760000E+01 8.23859e-08
0.1762000E+01 5.67627e-08
0.1764000E+01 5.56982e-08
0.1766000E+01 4.83633e-08
0.1768000E+01 4.26711e-08
0.1770000E+01 4.02046e-08
0.1772000E+01 4.38416e-08
0.1774000E+01 4.05291e-08
0.1776000E+01 4.32671e-08
0.1778000E+01 9.37696e-08
0.1780000E+01 1.43386e-07
0.1782000E+01 1.09791e-07
0.1784000E+01 9.00839e-08
0.1786000E+01 5.8266e-08
0.1788000E+01 4.88414e-08
0.1790000E+01 4.18568e-08
0.1792000E+01 3.71934e-08
0.1794000E+01 2.82624e-08
0.1796000E+01 1.36622e-08
0.1798000E+01 8.14902e-08
0.1800000E+01 1.0571e-07
0.1802000E+01 7.54338e-08
0.1804000E+01 5.97357e-08
0.1806000E+01 4.96627e-08
0.1808000E+01 5.13505e-08
0.1810000E+01 5.2692e-08
0.1812000E+01 7.35797e-08
0.1814000E+01 6.66917e-08
0.1816000E+01 7.25668e-08
0.1818000E+01 1.02785e-07
0.1820000E+01 9.17095e-08
0.1822000E+01 7.40855e-08
0.1824000E+01 7.05333e-08
0.1826000E+01 7.53993e-08
0.1828000E+01 7.2217e-08
0.1830000E+01 5.49163e-08
0.1832000E+01 4.72804e-08
0.1834000E+01 5.33481e-08
0.1836000E+01 8.51454e-08
0.1838000E+01 9.09033e-08
0.1840000E+01 7.97165e-08
0.1842000E+01 7.63087e-08
0.1844000E+01 8.605e-08
0.1846000E+01 9.94414e-08
0.1848000E+01 8.86258e-08
0.1850000E+01 8.15998e-08
0.1852000E+01 9.51051e-08
0.1854000E+01 1.19853e-07
0.1856000E+01 1.02699e-07
0.1858000E+01 8.8687e-08
0.1860000E+01 8.95339e-08
0.1862000E+01 1.06888e-07
0.1864000E+01 1.05466e-07
0.1866000E+01 9.64042e-08
0.1868000E+01 9.41061e-08
0.1870000E+01 1.33128e-07
0.1872000E+01 1.382e-07
0.1874000E+01 1.19806e-07
0.1876000E+01 1.13537e-07
0.1878000E+01 1.31088e-07
0.1880000E+01 1.3268e-07
0.1882000E+01 1.32205e-07
0.1884000E+01 1.33352e-07
0.1886000E+01 1.47406e-07
0.1888000E+01 1.52556e-07
0.1890000E+01 1.44051e-07
0.1892000E+01 1.49023e-07
0.1894000E+01 1.86008e-07
0.1896000E+01 1.85073e-07
0.1898000E+01 1.70711e-07
0.1900000E+01 1.76439e-07
0.1902000E+01 1.79153e-07
0.1904000E+01 1.8591e-07
0.1906000E+01 1.98259e-07
0.1908000E+01 2.55471e-07
0.1910000E+01 2.8317e-07
0.1912000E+01 2.51372e-07
0.1914000E+01 2.5949e-07
0.1916000E+01 2.54893e-07
0.1918000E+01 3.00139e-07
0.1920000E+01 3.62905e-07
0.1922000E+01 4.2217e-07
0.1924000E+01 5.17369e-07
0.1926000E+01 5.4276e-07
0.1928000E+01 -5.9995e-08
0.1930000E+01 3.77203e-07
0.1932000E+01 1.4566e-07
0.1934000E+01 2.77026e-07
0.1936000E+01 5.25523e-07
0.1938000E+01 2.74204e-07
0.1940000E+01 5.94062e-07
0.1942000E+01 4.66114e-07
0.1944000E+01 8.25202e-07
0.1946000E+01 8.74016e-07
0.1948000E+01 8.97913e-07
0.1950000E+01 1.33889e-06
0.1952000E+01 1.1589e-06
0.1954000E+01 4.91819e-06
0.1956000E+01 -2.89095e-07
0.1958000E+01 -5.56958e-06
0.1960000E+01 -2.06167e-06
0.1962000E+01 -2.13223e-06
0.1964000E+01 -7.08414e-07
0.1966000E+01 -4.09598e-07
0.1968000E+01 -4.93907e-07
0.1970000E+01 -6.27196e-07
0.1972000E+01 -8.94987e-07
0.1974000E+01 -8.59608e-07
0.1976000E+01 -2.76239e-07
0.1978000E+01 -2.82273e-07
0.1980000E+01 -8.50422e-07
0.1982000E+01 -6.46366e-07
0.1984000E+01 -3.22853e-07
0.1986000E+01 -2.20274e-07
0.1988000E+01 -2.30241e-07
0.1990000E+01 -3.05821e-07
0.1992000E+01 -3.68309e-07
0.1994000E+01 -1.09592e-07
0.1996000E+01 -1.28772e-07
0.1998000E+01 -1.38601e-07
0.2000000E+01 -1.27381e-07
0.2002000E+01 -1.30267e-07
0.2004000E+01 -1.35168e-07
0.2006000E+01 -1.41001e-07
0.2008000E+01 -1.46492e-07
0.2010000E+01 -1.54427e-07
0.2012000E+01 -1.66706e-07
0.2014000E+01 -1.90058e-07
0.2016000E+01 -2.45703e-07
0.2018000E+01 -1.70039e-07
0.2020000E+01 -9.993e-08
0.2022000E+01 -1.04549e-07
0.2024000E+01 -1.09724e-07
0.2026000E+01 -9.89645e-08
0.2028000E+01 -9.91204e-08
0.2030000E+01 7.63712e-08
0.2032000E+01 6.50637e-07
0.2034000E+01 1.14612e-06
0.2036000E+01 3.81341e-07
0.2038000E+01 -7.96493e-07
0.2040000E+01 -3.64662e-07
0.2042000E+01 -1.49415e-07
0.2044000E+01 -8.1532e-08
0.2046000E+01 -1.7183e-07
0.2048000E+01 9.00402e-08
0.2050000E+01 3.58511e-07
0.2052000E+01 2.49251e-07
0.2054000E+01 -3.30108e-07
0.2056000E+01 -3.42065e-07
0.2058000E+01 -7.37067e-08
0.2060000E+01 -3.96146e-09
0.2062000E+01 -1.08838e-08
0.2064000E+01 -7.06688e-09
0.2066000E+01 -1.08243e-07
0.2068000E+01 -8.04059e-08
0.2070000E+01 -9.69326e-08
0.2072000E+01 -1.5632e-07
0.2074000E+01 3.59377e-08
0.2076000E+01 -5.02074e-09
0.2078000E+01 2.89267e-08
0.2080000E+01 5.78259e-08
0.2082000E+01 2.84973e-08
0.2084000E+01 -1.19324e-07
0.2086000E+01 -1.19185e-07
0.2088000E+01 -1.08773e-07
0.2090000E+01 -1.15208e-07
0.2092000E+01 -3.65336e-08
0.2094000E+01 6.95768e-08
0.2096000E+01 -2.04649e-08
0.2098000E+01 -4.04929e-08
0.2100000E+01 -2.62037e-08
0.2102000E+01 -2.77043e-08
0.2104000E+01 -2.89092e-08
0.2106000E+01 -1.43981e-08
0.2108000E+01 2.87011e-08
0.2110000E+01 4.12484e-08
0.2112000E+01 3.20227e-08
0.2114000E+01 3.66275e-08
0.2116000E+01 3.25122e-08
0.2118000E+01 -7.15577e-08
0.2120000E+01 -1.0272e-07
0.2122000E+01 -8.98558e-08
0.2124000E+01 -1.10327e-07
0.2126000E+01 -6.74215e-08
0.2128000E+01 8.44192e-09
0.2130000E+01 6.79852e-08
0.2132000E+01 2.14889e-08
0.2134000E+01 -4.05251e-08
0.2136000E+01 -3.79034e-08
0.2138000E+01 -3.67353e-08
0.2140000E+01 -3.45478e-08
0.2142000E+01 -4.48368e-08
0.2144000E+01 -1.04039e-10
0.2146000E+01 4.31579e-08
0.2148000E+01 1.50291e-08
0.2150000E+01 -1.07008e-08
0.2152000E+01 -1.04971e-09
0.2154000E+01 7.41463e-09
0.2156000E+01 -2.76134e-08
0.2158000E+01 -7.96804e-08
0.2160000E+01 -4.17823e-08
0.2162000E+01 -1.36584e-11
0.2164000E+01 1.82037e-09
0.2166000E+01 -1.06774e-08
0.2168000E+01 -7.73916e-09
0.2170000E+01 -2.69854e-08
0.2172000E+01 -5.82184e-08
0.2174000E+01 -7.80169e-08
0.2176000E+01 -8.48928e-08
0.2178000E+01 -3.07862e-08
0.2180000E+01 1.09273e-07
0.2182000E+01 5.77014e-08
0.2184000E+01 -1.50545e-08
0.2186000E+01 -2.29762e-08
0.2188000E+01 -2.36184e-08
0.2190000E+01 -2.77848e-08
0.2192000E+01 -1.1144e-08
0.2194000E+01 4.65594e-08
0.2196000E+01 7.17996e-08
0.2198000E+01 -2.31566e-08
0.2200000E+01 -4.12639e-08
0.2202000E+01 -2.7858e-08
0.2204000E+01 -2.41535e-08
0.2206000E+01 -3.23034e-08
0.2208000E+01 3.47076e-09
0.2210000E+01 2.19638e-08
0.2212000E+01 3.4974e-08
0.2214000E+01 4.4e-08
0.2216000E+01 -4.23283e-10
0.2218000E+01 -4.95722e-08
0.2220000E+01 -6.61689e-08
0.2222000E+01 6.1284e-08
0.2224000E+01 1.38369e-07
0.2226000E+01 6.80569e-09
0.2228000E+01 8.15186e-09
0.2230000E+01 -2.52442e-09
0.2232000E+01 5.38334e-08
0.2234000E+01 1.3315e-07
0.2236000E+01 1.39243e-07
0.2238000E+01 1.23544e-07
0.2240000E+01 4.93081e-08
0.2242000E+01 5.95484e-08
0.2244000E+01 1.40503e-07
0.2246000E+01 2.70837e-08
0.2248000E+01 3.31095e-08
0.2250000E+01 -3.52592e-08
0.2252000E+01 2.67474e-07
0.2254000E+01 2.22305e-07
0.2256000E+01 5.48586e-07
0.2258000E+01 8.72868e-07
0.2260000E+01 1.2905e-07
0.2262000E+01 -6.80286e-07
0.2264000E+01 -4.30355e-07
0.2266000E+01 -3.70325e-07
0.2268000E+01 -2.96214e-07
0.2270000E+01 -2.58763e-07
0.2272000E+01 -2.12304e-07
0.2274000E+01 -1.96374e-07
0.2276000E+01 -1.87186e-07
0.2278000E+01 -1.74705e-07
0.2280000E+01 -1.31612e-07
0.2282000E+01 -1.00604e-07
0.2284000E+01 -9.64192e-08
0.2286000E+01 -9.47062e-08
0.2288000E+01 -8.04377e-08
0.2290000E+01 -7.48376e-08
0.2292000E+01 -7.28277e-08
0.2294000E+01 -7.93678e-08
0.2296000E+01 -7.38775e-08
0.2298000E+01 -6.84402e-08
0.2300000E+01 -7.62654e-08
0.2302000E+01 -7.71033e-08
0.2304000E+01 -7.45353e-08
0.2306000E+01 -6.80022e-08
0.2308000E+01 -6.49466e-08
0.2310000E+01 -6.67012e-08
0.2312000E+01 -5.00966e-08
0.2314000E+01 -5.69408e-08
0.2316000E+01 -6.78253e-08
0.2318000E+01 -6.88797e-08
0.2320000E+01 -6.37364e-08
0.2322000E+01 -5.99261e-08
0.2324000E+01 -5.5319e-08
0.2326000E+01 -4.98874e-08
0.2328000E+01 -4.57686e-08
0.2330000E+01 -4.20329e-08
0.2332000E+01 -4.80083e-08
0.2334000E+01 -4.98078e-08
0.2336000E+01 -4.22617e-08
0.2338000E+01 -4.07443e-08
0.2340000E+01 -3.71988e-08
0.2342000E+01 -3.59441e-08
0.2344000E+01 -3.2135e-08
0.2346000E+01 -2.99497e-08
0.2348000E+01 -4.08988e-08
0.2350000E+01 -4.01405e-08
0.2352000E+01 -3.3526e-08
0.2354000E+01 -2.75845e-08
0.2356000E+01 -2.31725e-08
0.2358000E+01 -2.02255e-08
0.2360000E+01 -2.90387e-08
0.2362000E+01 -3.35312e-08
0.2364000E+01 -2.74917e-08
0.2366000E+01 -2.47264e-08
0.2368000E+01 -1.9367e-08
0.2370000E+01 -1.41883e-08
0.2372000E+01 -3.17407e-08
0.2374000E+01 -3.21445e-08
0.2376000E+01 -8.92039e-09
0.2378000E+01 -7.86621e-09
0.2380000E+01 -1.96536e-08
0.2382000E+01 -7.93108e-09
0.2384000E+01 4.57491e-08
0.2386000E+01 6.42565e-08
0.2388000E+01 1.482e-08
0.2390000E+01 1.76884e-08
0.2392000E+01 8.25521e-09
0.2394000E+01 2.15097e-09
0.2396000E+01 -1.86458e-09
0.2398000E+01 -3.67594e-09
0.2400000E+01 -3.26149e-09
0.2402000E+01 -2.16802e-09
0.2404000E+01 -4.62782e-09
0.2406000E+01 -2.24262e-09
0.2408000E+01 -4.15043e-09
0.2410000E+01 -3.6989e-09
0.2412000E+01 -2.39235e-11
0.2414000E+01 1.24321e-10
0.2416000E+01 3.27299e-09
0.2418000E+01 8.23357e-09
0.2420000E+01 2.16295e-08
0.2422000E+01 4.29642e-09
0.2424000E+01 4.30926e-10
0.2426000E+01 2.37323e-09
0.2428000E+01 3.61473e-09
0.2430000E+01 6.17933e-09
0.2432000E+01 7.82674e-09
0.2434000E+01 8.05674e-09
0.2436000E+01 3.01258e-09
0.2438000E+01 7.48927e-10
0.2440000E+01 4.60584e-09
0.2442000E+01 5.21832e-09
0.2444000E+01 5.30691e-09
0.2446000E+01 8.86787e-09
0.2448000E+01 1.0562e-08
0.2450000E+01 8.01235e-09
0.2452000E+01 1.01216e-08
0.2454000E+01 1.29678e-08
0.2456000E+01 1.40447e-08
0.2458000E+01 1.59442e-08
0.2460000E+01 1.96399e-08
0.2462000E+01 -3.90558e-09
0.2464000E+01 -8.77008e-08
0.2466000E+01 6.1654e-08
0.2468000E+01 -2.29584e-09
0.2470000E+01 2.00078e-08
0.2472000E+01 1.4899e-08
0.2474000E+01 9.42092e-09
0.2476000E+01 4.02433e-09
0.2478000E+01 1.89117e-08
0.2480000E+01 -2.26969e-08
0.2482000E+01 -2.64149e-09
0.2484000E+01 1.10691e-08
0.2486000E+01 7.32604e-09
0.2488000E+01 1.85649e-08
0.2490000E+01 -2.95992e-09
0.2492000E+01 4.34074e-09
0.2494000E+01 8.97018e-09
0.2496000E+01 1.32814e-08
0.2498000E+01 1.01117e-08
0.2500000E+01 5.08666e-08
0.2502000E+01 -2.501e-09
0.2504000E+01 1.94287e-08
0.2506000E+01 2.5258e-08
0.2508000E+01 2.15249e-08
0.2510000E+01 1.4128e-08
0.2512000E+01 1.73539e-08
0.2514000E+01 6.80009e-08
0.2516000E+01 1.65547e-08
0.2518000E+01 1.73386e-08
0.2520000E+01 1.88436e-08
0.2522000E+01 2.41447e-08
0.2524000E+01 2.38396e-08
0.2526000E+01 2.2308e-08
0.2528000E+01 4.60173e-08
0.2530000E+01 5.56614e-08
0.2532000E+01 4.83736e-08
0.2534000E+01 7.07186e-09
0.2536000E+01 2.57176e-08
0.2538000E+01 3.32173e-08
0.2540000E+01 3.37479e-08
0.2542000E+01 3.09629e-08
0.2544000E+01 3.44065e-08
0.2546000E+01 8.31093e-08
0.2548000E+01 6.40664e-08
0.2550000E+01 5.575e-08
0.2552000E+01 5.83808e-08
0.2554000E+01 2.92767e-08
0.2556000E+01 3.99248e-08
0.2558000E+01 4.1438e-08
0.2560000E+01 4.33916e-08
0.2562000E+01 4.70596e-08
0.2564000E+01 7.96515e-08
0.2566000E+01 8.36301e-08
0.2568000E+01 6.00305e-08
0.2570000E+01 4.56635e-08
0.2572000E+01 5.40377e-08
0.2574000E+01 5.69322e-08
0.2576000E+01 6.89268e-08
0.2578000E+01 7.69357e-08
0.2580000E+01 4.63721e-08
0.2582000E+01 2.41043e-08
0.2584000E+01 7.38408e-08
0.2586000E+01 8.81131e-08
0.2588000E+01 9.37399e-08
0.2590000E+01 7.9291e-08
0.2592000E+01 4.69995e-08
0.2594000E+01 1.12257e-08
0.2596000E+01 4.87244e-08
0.2598000E+01 7.01835e-08
0.2600000E+01 6.23735e-08
0.2602000E+01 5.85436e-08
0.2604000E+01 6.65043e-08
0.2606000E+01 5.35646e-08
0.2608000E+01 5.39412e-08
0.2610000E+01 5.3407e-08
0.2612000E+01 5.85089e-08
0.2614000E+01 5.79704e-08
0.2616000E+01 8.8821e-08
0.2618000E+01 5.25166e-08
0.2620000E+01 -3.87937e-09
0.2622000E+01 3.35548e-08
0.2624000E+01 2.7584e-08
0.2626000E+01 6.85185e-08
0.2628000E+01 8.27091e-08
0.2630000E+01 8.45914e-08
0.2632000E+01 2.00528e-08
0.2634000E+01 -3.22701e-08
0.2636000E+01 3.29811e-08
0.2638000E+01 5.63354e-08
0.2640000E+01 4.74223e-08
0.2642000E+01 4.891e-08
0.2644000E+01 5.2728e-08
0.2646000E+01 6.8575e-08
0.2648000E+01 4.84238e-09
0.2650000E+01 8.68306e-09
0.2652000E+01 3.42604e-08
0.2654000E+01 4.36347e-08
0.2656000E+01 4.60869e-08
0.2658000E+01 6.79323e-08
0.2660000E+01 6.05563e-08
0.2662000E+01 6.14374e-08
0.2664000E+01 -2.35666e-08
0.2666000E+01 -1.80189e-08
0.2668000E+01 4.23465e-09
0.2670000E+01 4.67507e-08
0.2672000E+01 4.4607e-08
0.2674000E+01 3.97723e-08
0.2676000E+01 3.95554e-08
0.2678000E+01 6.09892e-08
0.2680000E+01 4.93307e-08
0.2682000E+01 -1.49254e-08
0.2684000E+01 8.22263e-09
0.2686000E+01 1.61191e-08
0.2688000E+01 1.85444e-08
0.2690000E+01 1.84125e-08
0.2692000E+01 2.37067e-08
0.2694000E+01 5.41721e-08
0.2696000E+01 4.72642e-08
0.2698000E+01 4.01496e-08
0.2700000E+01 5.43139e-09
0.2702000E+01 -5.58255e-08
0.2704000E+01 -3.6396e-09
0.2706000E+01 9.47714e-09
0.2708000E+01 3.47906e-08
0.2710000E+01 3.70152e-08
0.2712000E+01 3.26208e-08
0.2714000E+01 3.15389e-08
0.2716000E+01 2.77049e-08
0.2718000E+01 3.11434e-08
0.2720000E+01 2.05674e-08
0.2722000E+01 1.65126e-08
0.2724000E+01 -4.11308e-08
0.2726000E+01 2.23671e-09
0.2728000E+01 2.65538e-09
0.2730000E+01 1.6508e-08
0.2732000E+01 2.34483e-08
0.2734000E+01 2.06814e-08
0.2736000E+01 2.34137e-08
0.2738000E+01 3.12905e-08
0.2740000E+01 2.7781e-08
0.2742000E+01 3.29603e-08
0.2744000E+01 3.55814e-08
0.2746000E+01 -1.24075e-08
0.2748000E+01 -6.45643e-08
0.2750000E+01 -1.92239e-08
0.2752000E+01 1.31525e-08
0.2754000E+01 -8.8745e-09
0.2756000E+01 2.43748e-09
0.2758000E+01 1.7303e-08
0.2760000E+01 2.23368e-08
0.2762000E+01 1.69185e-08
0.2764000E+01 1.82597e-08
0.2766000E+01 1.88985e-08
0.2768000E+01 3.71244e-08
0.2770000E+01 2.03509e-08
0.2772000E+01 -3.37642e-09
0.2774000E+01 -5.86513e-08
0.2776000E+01 -1.77126e-08
0.2778000E+01 -1.49552e-08
0.2780000E+01 -7.08291e-09
0.2782000E+01 -2.67073e-08
0.2784000E+01 -3.30474e-09
0.2786000E+01 1.5013e-08
0.2788000E+01 2.04458e-08
0.2790000E+01 1.07871e-08
0.2792000E+01 1.01389e-08
0.2794000E+01 -5.57094e-09
0.2796000E+01 -2.13286e-08
0.2798000E+01 -4.48449e-09
0.2800000E+01 -1.17771e-09
0.2802000E+01 -2.10446e-08
0.2804000E+01 -3.1117e-08
0.2806000E+01 -4.87835e-08
0.2808000E+01 -4.1746e-08
0.2810000E+01 -3.69929e-08
0.2812000E+01 -2.70189e-08
0.2814000E+01 -2.26428e-08
0.2816000E+01 -4.9608e-08
0.2818000E+01 -3.7814e-08
0.2820000E+01 -2.81912e-08
0.2822000E+01 -2.69899e-08
0.2824000E+01 -4.79952e-08
0.2826000E+01 -9.73768e-08
0.2828000E+01 -5.73346e-08
0.2830000E+01 -6.56858e-08
0.2832000E+01 -1.31279e-07
0.2834000E+01 -2.08965e-07
0.2836000E+01 -1.52242e-07
0.2838000E+01 -2.51108e-07
0.2840000E+01 -2.93578e-07
0.2842000E+01 -4.5716e-07
0.2844000E+01 -7.81257e-07
0.2846000E+01 -5.99616e-07
0.2848000E+01 1.91091e-06
0.2850000E+01 6.8798e-07
0.2852000E+01 4.47939e-07
0.2854000E+01 2.72938e-07
0.2856000E+01 3.46164e-07
0.2858000E+01 2.64313e-07
0.2860000E+01 2.13309e-07
0.2862000E+01 1.86365e-07
0.2864000E+01 2.11388e-07
0.2866000E+01 1.65648e-07
0.2868000E+01 1.3021e-07
0.2870000E+01 1.11588e-07
0.2872000E+01 1.2507e-07
0.2874000E+01 1.52371e-07
0.2876000E+01 1.12086e-07
0.2878000E+01 1.19226e-07
0.2880000E+01 1.29659e-07
0.2882000E+01 1.17786e-07
0.2884000E+01 1.24793e-07
0.2886000E+01 9.57818e-08
0.2888000E+01 9.70645e-08
0.2890000E+01 9.91957e-08
0.2892000E+01 1.14038e-07
0.2894000E+01 1.32909e-07
0.2896000E+01 1.42868e-07
0.2898000E+01 1.03048e-07
0.2900000E+01 9.85756e-08
0.2902000E+01 9.75707e-08
0.2904000E+01 6.68402e-08
0.2906000E+01 3.71991e-08
0.2908000E+01 6.70632e-08
0.2910000E+01 6.73301e-08
0.2912000E+01 1.04484e-07
0.2914000E+01 8.25252e-08
0.2916000E+01 7.68963e-08
0.2918000E+01 7.94845e-08
0.2920000E+01 8.31175e-08
0.2922000E+01 9.26841e-08
0.2924000E+01 7.9554e-08
0.2926000E+01 7.10223e-08
0.2928000E+01 7.18184e-08
0.2930000E+01 7.87493e-08
0.2932000E+01 9.3141e-08
0.2934000E+01 9.05686e-08
0.2936000E+01 8.22141e-08
0.2938000E+01 7.75093e-08
0.2940000E+01 1.03505e-07
0.2942000E+01 1.14631e-07
0.2944000E+01 5.06101e-08
0.2946000E+01 3.09017e-08
0.2948000E+01 4.39815e-08
0.2950000E+01 5.87061e-08
0.2952000E+01 7.83098e-08
0.2954000E+01 6.35329e-08
0.2956000E+01 6.46083e-08
0.2958000E+01 7.71898e-08
0.2960000E+01 6.93652e-08
0.2962000E+01 5.88021e-08
0.2964000E+01 5.42984e-08
0.2966000E+01 5.95512e-08
0.2968000E+01 5.36602e-08
0.2970000E+01 8.48025e-08
0.2972000E+01 8.80358e-08
0.2974000E+01 7.53195e-08
0.2976000E+01 5.41617e-08
0.2978000E+01 5.87096e-08
0.2980000E+01 8.09351e-08
0.2982000E+01 7.32639e-08
0.2984000E+01 5.25983e-08
0.2986000E+01 4.91926e-08
0.2988000E+01 7.84878e-08
0.2990000E+01 2.24686e-08
0.2992000E+01 -3.853e-10
0.2994000E+01 4.67657e-08
0.2996000E+01 4.73151e-08
0.2998000E+01 4.44568e-08
0.3000000E+01 4.59325e-08
0.3002000E+01 4.47331e-08
0.3004000E+01 4.56748e-08
0.3006000E+01 4.99493e-08
0.3008000E+01 7.45417e-08
0.3010000E+01 6.6706e-08
0.3012000E+01 5.83521e-08
0.3014000E+01 5.72102e-08
0.3016000E+01 5.61641e-08
0.3018000E+01 5.75604e-08
0.3020000E+01 5.20636e-08
0.3022000E+01 5.0065e-08
0.3024000E+01 5.30039e-08
0.3026000E+01 6.89309e-08
0.3028000E+01 7.82057e-08
0.3030000E+01 3.72121e-08
0.3032000E+01 1.91747e-08
0.3034000E+01 2.89905e-08
0.3036000E+01 3.18143e-08
0.3038000E+01 3.5978e-08
0.3040000E+01 3.58796e-08
0.3042000E+01 3.82943e-08
0.3044000E+01 3.48205e-08
0.3046000E+01 8.14025e-08
0.3048000E+01 5.29167e-08
0.3050000E+01 5.2463e-08
0.3052000E+01 5.02251e-08
0.3054000E+01 4.87652e-08
0.3056000E+01 4.78361e-08
0.3058000E+01 4.80966e-08
0.3060000E+01 4.74328e-08
0.3062000E+01 5.14441e-08
0.3064000E+01 6.9949e-08
0.3066000E+01 6.57167e-08
0.3068000E+01 6.01926e-08
0.3070000E+01 6.38118e-08
0.3072000E+01 5.75545e-08
0.3074000E+01 5.44202e-08
0.3076000E+01 1.97256e-08
0.3078000E+01 -7.25829e-09
0.3080000E+01 3.06231e-08
0.3082000E+01 6.09319e-08
0.3084000E+01 5.41538e-08
0.3086000E+01 4.23568e-08
0.3088000E+01 4.21564e-08
0.3090000E+01 3.86063e-08
0.3092000E+01 3.21571e-08
0.3094000E+01 3.70968e-08
0.3096000E+01 3.63988e-08
0.3098000E+01 6.78723e-08
0.3100000E+01 7.03539e-08
0.3102000E+01 5.25285e-08
0.3104000E+01 5.21453e-08
0.3106000E+01 5.2846e-08
0.3108000E+01 5.83875e-08
0.3110000E+01 4.99373e-08
0.3112000E+01 4.34275e-08
0.3114000E+01 5.93707e-08
0.3116000E+01 7.3098e-08
0.3118000E+01 6.94032e-08
0.3120000E+01 7.08987e-08
0.3122000E+01 6.10583e-08
0.3124000E+01 7.38312e-09
0.3126000E+01 9.00724e-09
0.3128000E+01 1.92207e-08
0.3130000E+01 3.23237e-08
0.3132000E+01 7.60897e-08
0.3134000E+01 4.38673e-08
0.3136000E+01 4.43216e-08
0.3138000E+01 3.87362e-08
0.3140000E+01 3.86202e-08
0.3142000E+01 4.13152e-08
0.3144000E+01 4.13265e-08
0.3146000E+01 6.58435e-08
0.3148000E+01 6.8935e-08
0.3150000E+01 5.11336e-08
0.3152000E+01 5.85775e-08
0.3154000E+01 6.08139e-08
0.3156000E+01 5.08174e-08
0.3158000E+01 4.31749e-08
0.3160000E+01 6.38907e-08
0.3162000E+01 8.44645e-08
0.3164000E+01 8.29372e-08
0.3166000E+01 8.29104e-08
0.3168000E+01 6.1278e-08
0.3170000E+01 -2.54432e-07
0.3172000E+01 -1.43564e-07
0.3174000E+01 -3.71461e-08
0.3176000E+01 4.37407e-08
0.3178000E+01 4.44547e-08
0.3180000E+01 1.47002e-08
0.3182000E+01 6.55803e-08
0.3184000E+01 3.87345e-08
0.3186000E+01 5.60668e-08
0.3188000E+01 5.62549e-08
0.3190000E+01 8.40983e-08
0.3192000E+01 6.8608e-08
0.3194000E+01 5.3283e-08
0.3196000E+01 6.04316e-08
0.3198000E+01 5.92126e-08
0.3200000E+01 6.39086e-08
0.3202000E+01 9.10517e-08
0.3204000E+01 8.33493e-08
0.3206000E+01 6.64545e-08
0.3208000E+01 5.19569e-08
0.3210000E+01 5.15519e-08
0.3212000E+01 4.72847e-08
0.3214000E+01 1.20115e-07
0.3216000E+01 7.32251e-08
0.3218000E+01 1.76618e-08
0.3220000E+01 -3.82957e-08
0.3222000E+01 -3.93482e-09
0.3224000E+01 4.51639e-08
0.3226000E+01 4.05098e-08
0.3228000E+01 2.10898e-08
0.3230000E+01 1.28066e-08
0.3232000E+01 1.93713e-08
0.3234000E+01 5.36758e-08
0.3236000E+01 7.61514e-08
0.3238000E+01 4.3869e-08
0.3240000E+01 4.1179e-08
0.3242000E+01 2.76963e-08
0.3244000E+01 1.09292e-07
0.3246000E+01 3.08741e-08
0.3248000E+01 2.86642e-08
0.3250000E+01 6.35159e-08
0.3252000E+01 1.35379e-07
0.3254000E+01 2.57888e-08
0.3256000E+01 1.20286e-07
0.3258000E+01 -9.36984e-08
0.3260000E+01 8.92373e-08
0.3262000E+01 -3.1644e-07
0.3264000E+01 -9.55191e-08
0.3266000E+01 6.48637e-08
0.3268000E+01 -2.19311e-08
0.3270000E+01 1.62607e-09
0.3272000E+01 7.98677e-08
0.3274000E+01 8.22032e-08
0.3276000E+01 1.68434e-07
0.3278000E+01 -1.03916e-07
0.3280000E+01 -1.24003e-07
0.3282000E+01 2.43773e-08
0.3284000E+01 5.40778e-08
0.3286000E+01 2.20023e-07
0.3288000E+01 -1.45987e-07
0.3290000E+01 7.79242e-08
0.3292000E+01 1.25543e-08
0.3294000E+01 -3.71842e-09
0.3296000E+01 -8.97121e-08
0.3298000E+01 -1.58881e-07
0.3300000E+01 -6.40866e-08
0.3302000E+01 -8.27748e-08
0.3304000E+01 -9.82022e-08
0.3306000E+01 -6.4078e-08
0.3308000E+01 -4.39735e-08
0.3310000E+01 -3.34747e-08
0.3312000E+01 -4.32597e-08
0.3314000E+01 -3.44303e-08
0.3316000E+01 -3.76678e-08
0.3318000E+01 -4.09733e-08
0.3320000E+01 -4.09381e-08
0.3322000E+01 -3.22398e-08
0.3324000E+01 -3.39877e-08
0.3326000E+01 -2.52816e-08
0.3328000E+01 -3.0769e-08
0.3330000E+01 -2.44267e-08
0.3332000E+01 -2.49923e-08
0.3334000E+01 -2.65675e-08
0.3336000E+01 -2.38657e-08
0.3338000E+01 -2.10596e-08
0.3340000E+01 -2.4228e-08
0.3342000E+01 -2.5994e-08
0.3344000E+01 -2.46662e-08
0.3346000E+01 -2.05188e-08
0.3348000E+01 -1.82929e-08
0.3350000E+01 -1.64246e-08
0.3352000E+01 -1.85048e-08
0.3354000E+01 -2.2129e-08
0.3356000E+01 -2.40923e-08
0.3358000E+01 -2.61279e-08
0.3360000E+01 -1.87759e-08
0.3362000E+01 -1.52086e-08
0.3364000E+01 -2.15038e-08
0.3366000E+01 -1.97368e-08
0.3368000E+01 -1.79201e-08
0.3370000E+01 -2.05643e-08
0.3372000E+01 -1.86207e-08
0.3374000E+01 -1.77268e-08
0.3376000E+01 -1.71825e-08
0.3378000E+01 -1.67175e-08
0.3380000E+01 -1.53038e-08
0.3382000E+01 -1.63646e-08
0.3384000E+01 -2.41544e-08
0.3386000E+01 -1.97358e-08
0.3388000E+01 -1.79598e-08
0.3390000E+01 -2.13014e-08
0.3392000E+01 -2.36103e-08
0.3394000E+01 -1.80663e-08
0.3396000E+01 -1.62884e-08
0.3398000E+01 -1.62025e-08
0.3400000E+01 -1.47398e-08
0.3402000E+01 -1.95963e-08
0.3404000E+01 -1.66633e-08
0.3406000E+01 -1.58072e-08
0.3408000E+01 -1.45334e-08
0.3410000E+01 -1.10221e-08
0.3412000E+01 -1.14696e-08
0.3414000E+01 -1.0985e-08
0.3416000E+01 -9.78834e-09
0.3418000E+01 -1.1006e-08
0.3420000E+01 -1.64773e-08
0.3422000E+01 -1.21129e-08
0.3424000E+01 -1.06953e-08
0.3426000E+01 -6.4842e-09
0.3428000E+01 -9.34713e-09
0.3430000E+01 1.39105e-08
0.3432000E+01 -8.65215e-09
0.3434000E+01 -8.28785e-09
0.3436000E+01 -1.36278e-08
0.3438000E+01 -1.55054e-08
0.3440000E+01 -1.08467e-08
0.3442000E+01 -1.39774e-08
0.3444000E+01 -1.29039e-08
0.3446000E+01 -1.03038e-08
0.3448000E+01 -1.03944e-08
0.3450000E+01 -1.02122e-08
0.3452000E+01 -1.9958e-08
0.3454000E+01 -1.37387e-08
0.3456000E+01 5.0608e-09
0.3458000E+01 2.9624e-09
0.3460000E+01 2.63531e-09
0.3462000E+01 -5.98106e-09
0.3464000E+01 -8.42697e-09
0.3466000E+01 -2.02682e-08
0.3468000E+01 -1.95545e-08
0.3470000E+01 -1.65953e-08
0.3472000E+01 -1.29411e-08
0.3474000E+01 -1.40738e-08
0.3476000E+01 -1.17152e-08
0.3478000E+01 -1.60006e-08
0.3480000E+01 -1.23085e-08
0.3482000E+01 -6.73143e-09
0.3484000E+01 -7.68403e-09
0.3486000E+01 -4.73511e-09
0.3488000E+01 -7.98136e-09
0.3490000E+01 -1.5358e-08
0.3492000E+01 -2.16719e-08
0.3494000E+01 -7.45113e-10
0.3496000E+01 -1.24832e-08
0.3498000E+01 -1.46973e-08
0.3500000E+01 -6.71375e-09
0.3502000E+01 -1.71345e-08
0.3504000E+01 -9.77032e-09
0.3506000E+01 -6.54329e-09
0.3508000E+01 1.54735e-09
0.3510000E+01 -1.8615e-08
0.3512000E+01 -2.85121e-08
0.3514000E+01 -5.06543e-10
0.3516000E+01 -5.84236e-09
0.3518000E+01 -1.28733e-08
0.3520000E+01 -3.40301e-09
0.3522000E+01 6.54781e-09
0.3524000E+01 2.79743e-08
0.3526000E+01 2.20269e-08
0.3528000E+01 1.879e-08
0.3530000E+01 1.63885e-08
0.3532000E+01 2.03385e-08
0.3534000E+01 2.14512e-08
0.3536000E+01 1.72678e-08
0.3538000E+01 2.25229e-08
0.3540000E+01 3.0818e-08
0.3542000E+01 3.85319e-08
0.3544000E+01 4.19843e-08
0.3546000E+01 4.82703e-08
0.3548000E+01 3.16051e-08
0.3550000E+01 3.18094e-08
0.3552000E+01 2.9046e-08
0.3554000E+01 4.11608e-08
0.3556000E+01 2.66587e-08
0.3558000E+01 3.2028e-08
0.3560000E+01 7.70856e-08
0.3562000E+01 4.72355e-08
0.3564000E+01 5.02946e-08
0.3566000E+01 3.91975e-08
0.3568000E+01 3.35461e-08
0.3570000E+01 3.5127e-08
0.3572000E+01 3.88363e-08
0.3574000E+01 1.04066e-07
0.3576000E+01 6.66588e-08
0.3578000E+01 5.77314e-08
0.3580000E+01 6.48546e-08
0.3582000E+01 5.82398e-08
0.3584000E+01 6.77313e-08
0.3586000E+01 1.4484e-07
0.3588000E+01 1.10048e-07
0.3590000E+01 1.51715e-07
0.3592000E+01 1.32863e-07
0.3594000E+01 3.27436e-07
0.3596000E+01 2.72353e-07
0.3598000E+01 1.076e-06
0.3600000E+01 -1.49448e-06
0.3602000E+01 -3.80131e-07
0.3604000E+01 -2.39548e-07
0.3606000E+01 -1.57147e-07
0.3608000E+01 -1.18082e-07
0.3610000E+01 -8.21696e-08
0.3612000E+01 -8.02689e-08
0.3614000E+01 -7.47508e-08
0.3616000E+01 -4.14656e-08
0.3618000E+01 -4.00237e-08
0.3620000E+01 -4.87971e-08
0.3622000E+01 -4.56868e-08
0.3624000E+01 -2.60049e-08
0.3626000E+01 -3.44451e-08
0.3628000E+01 -4.18419e-08
0.3630000E+01 -5.67444e-08
0.3632000E+01 -1.77188e-08
0.3634000E+01 -1.50471e-08
0.3636000E+01 -2.43481e-08
0.3638000E+01 -3.88836e-08
0.3640000E+01 -1.79082e-08
0.3642000E+01 -1.42083e-08
0.3644000E+01 -2.55756e-09
0.3646000E+01 -1.47752e-08
0.3648000E+01 -2.91675e-08
0.3650000E+01 -1.57586e-08
0.3652000E+01 -8.27756e-09
0.3654000E+01 -1.43588e-08
0.3656000E+01 -2.14207e-08
0.3658000E+01 -2.21048e-08
0.3660000E+01 -8.84833e-09
0.3662000E+01 -4.97992e-09
0.3664000E+01 -9.94213e-09
0.3666000E+01 -1.18023e-08
0.3668000E+01 -1.09059e-08
0.3670000E+01 2.0407e-08
0.3672000E+01 -6.58151e-10
0.3674000E+01 -2.52703e-09
0.3676000E+01 -2.64556e-09
0.3678000E+01 -4.41056e-09
0.3680000E+01 -2.07305e-09
0.3682000E+01 9.95859e-10
0.3684000E+01 9.95361e-10
0.3686000E+01 -1.76728e-09
0.3688000E+01 -1.15065e-08
0.3690000E+01 -7.38693e-09
0.3692000E+01 -1.25405e-08
0.3694000E+01 -2.95917e-09
0.3696000E+01 -2.20794e-09
0.3698000E+01 5.79966e-11
0.3700000E+01 1.46293e-09
0.3702000E+01 -2.48132e-10
0.3704000E+01 -6.29467e-09
0.3706000E+01 1.60911e-08
0.3708000E+01 1.3954e-08
0.3710000E+01 7.13297e-09
0.3712000E+01 4.26018e-09
0.3714000E+01 3.87904e-10
0.3716000E+01 -2.16473e-09
0.3718000E+01 2.04885e-09
0.3720000E+01 1.69536e-09
0.3722000E+01 3.06739e-09
0.3724000E+01 3.81536e-09
0.3726000E+01 4.05344e-09
0.3728000E+01 4.48994e-09
0.3730000E+01 5.71159e-09
0.3732000E+01 9.01136e-09
0.3734000E+01 8.59689e-09
0.3736000E+01 4.03702e-09
0.3738000E+01 1.94979e-08
0.3740000E+01 9.71643e-09
0.3742000E+01 5.10968e-09
0.3744000E+01 6.11755e-09
0.3746000E+01 6.62439e-09
0.3748000E+01 5.06221e-09
0.3750000E+01 5.85438e-09
0.3752000E+01 6.09165e-09
0.3754000E+01 1.93286e-09
0.3756000E+01 1.33916e-08
0.3758000E+01 6.75963e-09
0.3760000E+01 6.27545e-09
0.3762000E+01 6.2239e-09
0.3764000E+01 5.61825e-09
0.3766000E+01 4.81875e-09
0.3768000E+01 2.78271e-08
0.3770000E+01 1.40898e-08
0.3772000E+01 1.66625e-08
0.3774000E+01 9.70903e-09
0.3776000E+01 6.05335e-09
0.3778000E+01 1.07764e-08
0.3780000E+01 9.88977e-09
0.3782000E+01 8.80514e-09
0.3784000E+01 -2.03508e-10
0.3786000E+01 5.61894e-09
0.3788000E+01 4.49295e-09
0.3790000E+01 3.23436e-09
0.3792000E+01 2.68443e-09
0.3794000E+01 4.25471e-09
0.3796000E+01 1.88799e-08
0.3798000E+01 7.98714e-09
0.3800000E+01 1.3683e-08
0.3802000E+01 7.68898e-09
0.3804000E+01 7.99125e-09
0.3806000E+01 9.28204e-09
0.3808000E+01 9.33149e-09
0.3810000E+01 5.3749e-09
0.3812000E+01 5.69803e-09
0.3814000E+01 5.90268e-09
0.3816000E+01 2.06571e-09
0.3818000E+01 3.21179e-09
0.3820000E+01 3.62694e-08
0.3822000E+01 1.95371e-08
0.3824000E+01 1.06419e-08
0.3826000E+01 1.19649e-08
0.3828000E+01 6.71355e-09
0.3830000E+01 5.18178e-09
0.3832000E+01 5.91712e-09
0.3834000E+01 -4.54595e-09
0.3836000E+01 1.04238e-09
0.3838000E+01 -3.51476e-09
0.3840000E+01 2.29808e-10
0.3842000E+01 2.47432e-08
0.3844000E+01 2.35122e-08
0.3846000E+01 -2.94076e-08
0.3848000E+01 -7.09777e-08
0.3850000E+01 1.5502e-09
0.3852000E+01 5.25356e-09
0.3854000E+01 4.9319e-09
0.3856000E+01 4.77475e-09
0.3858000E+01 5.72039e-09
0.3860000E+01 1.00112e-09
0.3862000E+01 7.48359e-09
0.3864000E+01 2.42108e-08
0.3866000E+01 3.54957e-09
0.3868000E+01 8.89946e-09
0.3870000E+01 9.90898e-09
0.3872000E+01 3.40218e-09
0.3874000E+01 -2.20309e-09
0.3876000E+01 8.63286e-10
0.3878000E+01 -5.81605e-09
0.3880000E+01 -5.22174e-09
0.3882000E+01 1.95717e-08
0.3884000E+01 3.80679e-09
0.3886000E+01 -4.13291e-09
0.3888000E+01 -2.50426e-09
0.3890000E+01 -5.0078e-09
0.3892000E+01 -7.57331e-09
0.3894000E+01 -1.05648e-08
0.3896000E+01 -1.32993e-08
0.3898000E+01 1.94881e-08
0.3900000E+01 -2.98224e-09
0.3902000E+01 -7.30051e-09
0.3904000E+01 -1.14469e-08
0.3906000E+01 -1.8023e-08
0.3908000E+01 -2.1258e-08
0.3910000E+01 -2.68966e-08
0.3912000E+01 -2.42585e-08
0.3914000E+01 8.73123e-10
0.3916000E+01 -2.46046e-08
0.3918000E+01 -3.2501e-08
0.3920000E+01 -2.2748e-08
0.3922000E+01 -2.61496e-08
0.3924000E+01 -3.792e-08
0.3926000E+01 -4.21044e-08
0.3928000E+01 2.49883e-09
0.3930000E+01 -1.97113e-08
0.3932000E+01 -2.63858e-08
0.3934000E+01 -3.47409e-08
0.3936000E+01 -2.77439e-08
0.3938000E+01 -3.12941e-08
0.3940000E+01 2.31994e-08
0.3942000E+01 -2.62126e-08
0.3944000E+01 -2.19407e-08
0.3946000E+01 -2.62216e-08
0.3948000E+01 -3.17947e-08
0.3950000E+01 -3.37355e-08
0.3952000E+01 -7.42456e-09
0.3954000E+01 -2.86054e-08
0.3956000E+01 -3.63849e-08
0.3958000E+01 -3.75492e-08
0.3960000E+01 -3.60044e-08
0.3962000E+01 -5.58943e-09
0.3964000E+01 -2.09904e-08
0.3966000E+01 -1.84669e-08
0.3968000E+01 -2.3302e-08
0.3970000E+01 -1.00781e-09
0.3972000E+01 -9.89321e-09
0.3974000E+01 -1.25309e-08
0.3976000E+01 -1.2401e-08
0.3978000E+01 -9.09542e-08
0.3980000E+01 -4.25553e-08
0.3982000E+01 -5.32972e-08
0.3984000E+01 -2.57548e-08
0.3986000E+01 5.10888e-08
0.3988000E+01 -6.29798e-09
0.3990000E+01 -4.96278e-09
0.3992000E+01 -5.83718e-08
0.3994000E+01 -3.6548e-08
0.3996000E+01 -3.03736e-08
0.3998000E+01 2.02597e-09
0.4000000E+01 -1.0098e-08
