0.0000000E+00 0
0.2000000E-02 0
0.4000000E-02 0
0.6000000E-02 0
0.8000000E-02 0
0.1000000E-01 0
0.1200000E-01 0
0.1400000E-01 0
0.1600000E-01 0
0.1800000E-01 0
0.2000000E-01 0
0.2200000E-01 0
0.2400000E-01 0
0.2600000E-01 0
0.2800000E-01 0
0.3000000E-01 0
0.3200000E-01 0
0.3400000E-01 0
0.3600000E-01 0
0.3800000E-01 0
0.4000000E-01 0
0.4200000E-01 0
0.4400000E-01 0
0.4600000E-01 0
0.4800000E-01 0
0.5000000E-01 0
0.5200000E-01 0
0.5400000E-01 0
0.5600000E-01 0
0.5800000E-01 0
0.6000000E-01 0
0.6200000E-01 0
0.6400000E-01 0
0.6600000E-01 0
0.6800000E-01 0
0.7000000E-01 0
0.7200000E-01 0
0.7400000E-01 0
0.7600000E-01 0
0.7800000E-01 0
0.8000000E-01 0
0.8200000E-01 0
0.8400000E-01 0
0.8600000E-01 -5.55511e-06
0.8800000E-01 -5.21432e-06
0.9000000E-01 -2.44182e-06
0.9200000E-01 -8.54542e-07
0.9400000E-01 -6.23241e-07
0.9600000E-01 -4.81157e-07
0.9800000E-01 -3.24946e-07
0.1000000E+00 -9.74259e-08
0.1020000E+00 3.57467e-08
0.1040000E+00 5.43544e-09
0.1060000E+00 -5.42789e-08
0.1080000E+00 -1.20002e-07
0.1100000E+00 -1.28157e-07
0.1120000E+00 -1.69891e-08
0.1140000E+00 1.25687e-07
0.1160000E+00 2.06286e-07
0.1180000E+00 1.17233e-07
0.1200000E+00 1.72136e-07
0.1220000E+00 -9.26649e-08
0.1240000E+00 -2.9327e-07
0.1260000E+00 -2.92517e-07
0.1280000E+00 -1.41719e-07
0.1300000E+00 -7.19208e-08
0.1320000E+00 -1.66347e-08
0.1340000E+00 1.69311e-08
0.1360000E+00 7.7674e-09
0.1380000E+00 8.08534e-09
0.1400000E+00 1.4177e-08
0.1420000E+00 2.424e-08
0.1440000E+00 2.83903e-08
0.1460000E+00 3.75844e-08
0.1480000E+00 5.78007e-08
0.1500000E+00 7.18964e-08
0.1520000E+00 7.47966e-08
0.1540000E+00 9.03473e-08
0.1560000E+00 1.00945e-07
0.1580000E+00 1.05595e-07
0.1600000E+00 1.09876e-07
0.1620000E+00 1.13416e-07
0.1640000E+00 1.49089e-07
0.1660000E+00 1.80904e-07
0.1680000E+00 1.41352e-07
0.1700000E+00 1.7793e-07
0.1720000E+00 2.12637e-07
0.1740000E+00 2.45226e-07
0.1760000E+00 -1.39995e-07
0.1780000E+00 -3.70568e-08
0.1800000E+00 -2.07619e-08
0.1820000E+00 -1.1824e-08
0.1840000E+00 -2.67364e-09
0.1860000E+00 3.44888e-09
0.1880000E+00 1.95031e-08
0.1900000E+00 4.0213e-08
0.1920000E+00 4.54077e-08
0.1940000E+00 6.95444e-08
0.1960000E+00 7.03343e-08
0.1980000E+00 6.49494e-08
0.2000000E+00 5.98289e-08
0.2020000E+00 5.49657e-08
0.2040000E+00 5.03529e-08
0.2060000E+00 4.59849e-08
0.2080000E+00 4.22357e-08
0.2100000E+00 5.60872e-08
0.2120000E+00 7.73289e-08
0.2140000E+00 8.59768e-08
0.2160000E+00 9.63668e-08
0.2180000E+00 1.13307e-07
0.2200000E+00 1.30914e-07
0.2220000E+00 1.43069e-07
0.2240000E+00 1.41889e-07
0.2260000E+00 1.68589e-07
0.2280000E+00 1.92447e-07
0.2300000E+00 1.1897e-07
0.2320000E+00 -9.79077e-08
0.2340000E+00 -5.40001e-08
0.2360000E+00 -4.71596e-08
0.2380000E+00 -3.14147e-08
0.2400000E+00 -4.65337e-09
0.2420000E+00 1.4393e-09
0.2440000E+00 7.88021e-09
0.2460000E+00 1.37592e-08
0.2480000E+00 1.98675e-08
0.2500000E+00 4.12357e-08
0.2520000E+00 8.1723e-08
0.2540000E+00 7.27941e-08
0.2560000E+00 6.37941e-08
0.2580000E+00 5.29663e-08
0.2600000E+00 4.2571e-08
0.2620000E+00 4.40345e-08
0.2640000E+00 5.22191e-08
0.2660000E+00 5.52994e-08
0.2680000E+00 6.45582e-08
0.2700000E+00 7.8385e-08
0.2720000E+00 8.89696e-08
0.2740000E+00 1.01031e-07
0.2760000E+00 1.1368e-07
0.2780000E+00 1.26452e-07
0.2800000E+00 1.38801e-07
0.2820000E+00 7.85911e-08
0.2840000E+00 -7.79023e-08
0.2860000E+00 -4.62226e-08
0.2880000E+00 -2.68861e-08
0.2900000E+00 -1.99783e-08
0.2920000E+00 -1.59937e-08
0.2940000E+00 -1.15336e-08
0.2960000E+00 -6.83924e-09
0.2980000E+00 -1.96521e-09
0.3000000E+00 2.70048e-09
0.3020000E+00 1.35451e-08
0.3040000E+00 2.16223e-08
0.3060000E+00 7.81863e-08
0.3080000E+00 7.06184e-08
0.3100000E+00 6.34137e-08
0.3120000E+00 5.6722e-08
0.3140000E+00 6.33144e-08
0.3160000E+00 6.6735e-08
0.3180000E+00 6.54087e-08
0.3200000E+00 7.30932e-08
0.3220000E+00 8.16547e-08
0.3240000E+00 9.15085e-08
0.3260000E+00 1.01992e-07
0.3280000E+00 1.12915e-07
0.3300000E+00 7.52842e-08
0.3320000E+00 -1.99745e-07
0.3340000E+00 -1.05119e-07
0.3360000E+00 8.17324e-08
0.3380000E+00 9.70123e-09
0.3400000E+00 -2.22674e-08
0.3420000E+00 -1.84776e-08
0.3440000E+00 -1.46011e-08
0.3460000E+00 -5.74989e-09
0.3480000E+00 6.53182e-09
0.3500000E+00 1.1038e-08
0.3520000E+00 1.6253e-08
0.3540000E+00 2.17507e-08
0.3560000E+00 6.18617e-08
0.3580000E+00 7.0648e-08
0.3600000E+00 7.95293e-08
0.3620000E+00 7.70288e-08
0.3640000E+00 7.5468e-08
0.3660000E+00 8.56128e-08
0.3680000E+00 9.37797e-08
0.3700000E+00 9.7902e-08
0.3720000E+00 1.05418e-07
0.3740000E+00 7.5053e-08
0.3760000E+00 -2.82648e-07
0.3780000E+00 -6.89458e-08
0.3800000E+00 -6.00366e-08
0.3820000E+00 -5.17259e-08
0.3840000E+00 2.71396e-07
0.3860000E+00 -2.36373e-08
0.3880000E+00 -2.04104e-09
0.3900000E+00 2.89977e-09
0.3920000E+00 8.2745e-09
0.3940000E+00 1.38204e-08
0.3960000E+00 1.9533e-08
0.3980000E+00 2.58969e-08
0.4000000E+00 3.24218e-08
0.4020000E+00 4.21546e-08
0.4040000E+00 8.57463e-08
0.4060000E+00 9.78649e-08
0.4080000E+00 1.08012e-07
0.4100000E+00 1.18639e-07
0.4120000E+00 1.2826e-07
0.4140000E+00 -8.86691e-08
0.4160000E+00 -8.10541e-08
0.4180000E+00 -7.79834e-08
0.4200000E+00 -6.4742e-08
0.4220000E+00 -6.53526e-08
0.4240000E+00 -3.08102e-08
0.4260000E+00 7.04807e-08
0.4280000E+00 7.32903e-08
0.4300000E+00 4.10647e-08
0.4320000E+00 1.09769e-08
0.4340000E+00 1.83996e-08
0.4360000E+00 2.59727e-08
0.4380000E+00 3.38453e-08
0.4400000E+00 4.76041e-08
0.4420000E+00 5.75439e-08
0.4440000E+00 6.66958e-08
0.4460000E+00 7.90147e-08
0.4480000E+00 1.44754e-07
0.4500000E+00 -1.36724e-07
0.4520000E+00 -7.00376e-08
0.4540000E+00 -8.61041e-08
0.4560000E+00 -5.30455e-08
0.4580000E+00 -3.22843e-08
0.4600000E+00 -2.71613e-08
0.4620000E+00 -2.03144e-08
0.4640000E+00 -1.0835e-08
0.4660000E+00 4.38035e-08
0.4680000E+00 3.89961e-08
0.4700000E+00 6.99874e-08
0.4720000E+00 6.52783e-08
0.4740000E+00 6.75015e-08
0.4760000E+00 7.0584e-08
0.4780000E+00 8.47786e-08
0.4800000E+00 1.18547e-08
0.4820000E+00 -2.07752e-07
0.4840000E+00 -1.8212e-07
0.4860000E+00 2.11339e-07
0.4880000E+00 -3.3189e-08
0.4900000E+00 -2.52292e-08
0.4920000E+00 -1.58217e-08
0.4940000E+00 -9.3114e-09
0.4960000E+00 -2.96055e-09
0.4980000E+00 1.84234e-08
0.5000000E+00 4.73059e-08
0.5020000E+00 7.59682e-08
0.5040000E+00 9.56984e-08
0.5060000E+00 1.16149e-07
0.5080000E+00 2.29995e-08
0.5100000E+00 -2.64115e-07
0.5120000E+00 -1.03031e-07
0.5140000E+00 -9.26185e-08
0.5160000E+00 4.06957e-08
0.5180000E+00 3.3702e-08
0.5200000E+00 1.41443e-08
0.5220000E+00 1.81567e-08
0.5240000E+00 1.88501e-08
0.5260000E+00 3.73726e-08
0.5280000E+00 5.09971e-08
0.5300000E+00 6.51921e-08
0.5320000E+00 9.09083e-08
0.5340000E+00 -1.02018e-07
0.5360000E+00 -8.82204e-08
0.5380000E+00 -8.07433e-08
0.5400000E+00 -6.97404e-08
0.5420000E+00 -2.07923e-08
0.5440000E+00 1.81148e-08
0.5460000E+00 2.62935e-08
0.5480000E+00 3.52191e-08
0.5500000E+00 4.46048e-08
0.5520000E+00 5.59016e-08
0.5540000E+00 -3.03313e-07
0.5560000E+00 -7.34934e-08
0.5580000E+00 -2.1433e-08
0.5600000E+00 -3.02452e-08
0.5620000E+00 -8.379e-09
0.5640000E+00 1.15323e-08
0.5660000E+00 3.04097e-08
0.5680000E+00 -1.37008e-08
0.5700000E+00 1.97296e-07
0.5720000E+00 -2.25554e-07
0.5740000E+00 -1.64433e-07
0.5760000E+00 -5.39668e-08
0.5780000E+00 -5.50065e-08
0.5800000E+00 -5.60745e-08
0.5820000E+00 -5.62982e-08
0.5840000E+00 -5.52639e-08
0.5860000E+00 -2.13845e-07
0.5880000E+00 2.0048e-08
0.5900000E+00 2.73004e-08
0.5920000E+00 6.37213e-08
0.5940000E+00 -1.31789e-07
0.5960000E+00 -5.09286e-09
0.5980000E+00 -3.17186e-07
0.6000000E+00 -1.86089e-07
0.6020000E+00 -2.25671e-07
0.6040000E+00 -2.55703e-07
0.6060000E+00 -2.31018e-07
0.6080000E+00 6.81885e-07
0.6100000E+00 -3.34396e-07
0.6120000E+00 -2.57476e-07
0.6140000E+00 -1.76881e-07
0.6160000E+00 -6.03907e-07
0.6180000E+00 -1.15552e-06
0.6200000E+00 2.09347e-06
0.6220000E+00 -5.0011e-07
0.6240000E+00 -1.76887e-06
0.6260000E+00 -6.31227e-07
0.6280000E+00 -2.34358e-06
0.6300000E+00 5.59165e-07
0.6320000E+00 4.18134e-06
0.6340000E+00 -1.30172e-06
0.6360000E+00 1.50187e-06
0.6380000E+00 -2.6452e-07
0.6400000E+00 4.68499e-08
0.6420000E+00 -5.70282e-07
0.6440000E+00 2.14048e-07
0.6460000E+00 -2.23894e-07
0.6480000E+00 -4.89701e-08
0.6500000E+00 -1.85196e-07
0.6520000E+00 -2.26931e-07
0.6540000E+00 4.64014e-07
0.6560000E+00 -1.3334e-07
0.6580000E+00 4.13562e-07
0.6600000E+00 1.29236e-07
0.6620000E+00 -8.45729e-08
0.6640000E+00 -9.48253e-08
0.6660000E+00 5.97282e-08
0.6680000E+00 3.70381e-07
0.6700000E+00 -1.29003e-07
0.6720000E+00 3.52691e-07
0.6740000E+00 1.2277e-07
0.6760000E+00 1.1915e-07
0.6780000E+00 2.58214e-08
0.6800000E+00 -3.7276e-08
0.6820000E+00 -4.60735e-08
0.6840000E+00 1.91152e-07
0.6860000E+00 1.19798e-07
0.6880000E+00 1.19553e-07
0.6900000E+00 1.21544e-07
0.6920000E+00 2.79815e-08
0.6940000E+00 5.55328e-08
0.6960000E+00 5.83829e-08
0.6980000E+00 5.99135e-08
0.7000000E+00 5.71067e-08
0.7020000E+00 2.21453e-08
0.7040000E+00 2.30975e-08
0.7060000E+00 1.49349e-07
0.7080000E+00 1.00371e-07
0.7100000E+00 7.27787e-08
0.7120000E+00 1.11261e-07
0.7140000E+00 8.17213e-08
0.7160000E+00 7.69997e-08
0.7180000E+00 1.23066e-08
0.7200000E+00 3.53334e-08
0.7220000E+00 3.50877e-08
0.7240000E+00 3.53287e-08
0.7260000E+00 3.72342e-08
0.7280000E+00 3.85924e-08
0.7300000E+00 1.31842e-07
0.7320000E+00 8.75553e-08
0.7340000E+00 7.12384e-08
0.7360000E+00 6.35272e-08
0.7380000E+00 5.00838e-08
0.7400000E+00 5.58131e-08
0.7420000E+00 5.46867e-08
0.7440000E+00 5.37571e-08
0.7460000E+00 5.39701e-08
0.7480000E+00 5.13364e-08
0.7500000E+00 4.00203e-08
0.7520000E+00 2.94969e-08
0.7540000E+00 3.67702e-08
0.7560000E+00 3.78821e-08
0.7580000E+00 7.78849e-08
0.7600000E+00 9.13602e-08
0.7620000E+00 7.22264e-08
0.7640000E+00 6.56442e-08
0.7660000E+00 6.60574e-08
0.7680000E+00 3.7246e-08
0.7700000E+00 3.58643e-08
0.7720000E+00 3.42222e-08
0.7740000E+00 3.80485e-08
0.7760000E+00 3.8948e-08
0.7780000E+00 4.22137e-08
0.7800000E+00 4.21267e-08
0.7820000E+00 4.09285e-08
0.7840000E+00 4.03103e-08
0.7860000E+00 4.08126e-08
0.7880000E+00 4.12696e-08
0.7900000E+00 6.77069e-08
0.7920000E+00 7.07678e-08
0.7940000E+00 5.79795e-08
0.7960000E+00 5.33829e-08
0.7980000E+00 5.2884e-08
0.8000000E+00 5.21051e-08
0.8020000E+00 2.40661e-08
0.8040000E+00 2.16927e-08
0.8060000E+00 3.46412e-08
0.8080000E+00 3.49767e-08
0.8100000E+00 3.46878e-08
0.8120000E+00 3.55942e-08
0.8140000E+00 3.33072e-08
0.8160000E+00 3.64861e-08
0.8180000E+00 3.67814e-08
0.8200000E+00 3.60366e-08
0.8220000E+00 3.61424e-08
0.8240000E+00 3.63733e-08
0.8260000E+00 7.60646e-08
0.8280000E+00 5.03129e-08
0.8300000E+00 4.95676e-08
0.8320000E+00 4.49657e-08
0.8340000E+00 4.36959e-08
0.8360000E+00 4.4427e-08
0.8380000E+00 4.43056e-08
0.8400000E+00 2.36063e-09
0.8420000E+00 2.06565e-08
0.8440000E+00 2.59056e-08
0.8460000E+00 2.58159e-08
0.8480000E+00 2.83135e-08
0.8500000E+00 2.8373e-08
0.8520000E+00 2.96907e-08
0.8540000E+00 3.09632e-08
0.8560000E+00 3.13161e-08
0.8580000E+00 3.13322e-08
0.8600000E+00 3.11009e-08
0.8620000E+00 4.18321e-08
0.8640000E+00 4.80028e-08
0.8660000E+00 4.1104e-08
0.8680000E+00 3.81791e-08
0.8700000E+00 3.78507e-08
0.8720000E+00 3.66801e-08
0.8740000E+00 3.59293e-08
0.8760000E+00 3.53613e-08
0.8780000E+00 3.53723e-08
0.8800000E+00 3.54203e-08
0.8820000E+00 1.3266e-08
0.8840000E+00 1.53509e-08
0.8860000E+00 1.97578e-08
0.8880000E+00 2.22499e-08
0.8900000E+00 2.55808e-08
0.8920000E+00 2.71783e-08
0.8940000E+00 2.6855e-08
0.8960000E+00 2.33543e-08
0.8980000E+00 2.34862e-08
0.9000000E+00 2.42512e-08
0.9020000E+00 2.89438e-08
0.9040000E+00 3.78547e-08
0.9060000E+00 3.07783e-08
0.9080000E+00 2.87384e-08
0.9100000E+00 2.85258e-08
0.9120000E+00 2.81812e-08
0.9140000E+00 2.76766e-08
0.9160000E+00 2.67326e-08
0.9180000E+00 4.28814e-08
0.9200000E+00 2.90832e-08
0.9220000E+00 2.92862e-08
0.9240000E+00 2.92983e-08
0.9260000E+00 1.18647e-08
0.9280000E+00 1.1719e-08
0.9300000E+00 1.74054e-08
0.9320000E+00 1.75671e-08
0.9340000E+00 1.70595e-08
0.9360000E+00 1.65345e-08
0.9380000E+00 1.65724e-08
0.9400000E+00 1.7822e-08
0.9420000E+00 1.76498e-08
0.9440000E+00 1.74974e-08
0.9460000E+00 2.71983e-08
0.9480000E+00 2.75073e-08
0.9500000E+00 2.54091e-08
0.9520000E+00 2.46481e-08
0.9540000E+00 2.15651e-08
0.9560000E+00 1.98539e-08
0.9580000E+00 1.93464e-08
0.9600000E+00 1.96572e-08
0.9620000E+00 1.95178e-08
0.9640000E+00 1.94532e-08
0.9660000E+00 2.03113e-08
0.9680000E+00 2.05601e-08
0.9700000E+00 2.04125e-08
0.9720000E+00 -1.07713e-08
0.9740000E+00 4.30022e-09
0.9760000E+00 8.6181e-09
0.9780000E+00 1.0496e-08
0.9800000E+00 2.10608e-08
0.9820000E+00 1.26751e-08
0.9840000E+00 1.29028e-08
0.9860000E+00 1.3789e-08
0.9880000E+00 1.3462e-08
0.9900000E+00 1.85565e-08
0.9920000E+00 1.54689e-08
0.9940000E+00 1.47368e-08
0.9960000E+00 1.39839e-08
0.9980000E+00 1.34815e-08
0.1000000E+01 1.32536e-08
0.1002000E+01 1.36308e-08
0.1004000E+01 1.37504e-08
0.1006000E+01 1.32799e-08
0.1008000E+01 1.28328e-08
0.1010000E+01 1.63912e-08
0.1012000E+01 2.0062e-08
0.1014000E+01 1.69224e-08
0.1016000E+01 1.59554e-08
0.1018000E+01 1.4074e-08
0.1020000E+01 -8.07062e-09
0.1022000E+01 1.00889e-09
0.1024000E+01 3.94817e-09
0.1026000E+01 6.30366e-09
0.1028000E+01 4.77773e-09
0.1030000E+01 4.17707e-09
0.1032000E+01 5.26959e-09
0.1034000E+01 5.93598e-09
0.1036000E+01 7.2228e-09
0.1038000E+01 9.28068e-09
0.1040000E+01 7.9096e-09
0.1042000E+01 7.29917e-09
0.1044000E+01 1.17966e-08
0.1046000E+01 1.43002e-08
0.1048000E+01 1.01308e-08
0.1050000E+01 9.67705e-09
0.1052000E+01 8.99252e-09
0.1054000E+01 8.53994e-09
0.1056000E+01 8.41818e-09
0.1058000E+01 7.72449e-09
0.1060000E+01 6.86582e-09
0.1062000E+01 6.83116e-09
0.1064000E+01 6.70245e-09
0.1066000E+01 6.56655e-09
0.1068000E+01 6.40871e-09
0.1070000E+01 -8.48601e-09
0.1072000E+01 -4.14007e-09
0.1074000E+01 -1.881e-09
0.1076000E+01 5.7945e-10
0.1078000E+01 5.56252e-09
0.1080000E+01 8.43126e-09
0.1082000E+01 4.71529e-09
0.1084000E+01 6.63739e-09
0.1086000E+01 6.48941e-09
0.1088000E+01 4.10809e-09
0.1090000E+01 1.45097e-09
0.1092000E+01 -7.24164e-10
0.1094000E+01 1.08959e-09
0.1096000E+01 1.21973e-09
0.1098000E+01 1.04552e-09
0.1100000E+01 9.65201e-10
0.1102000E+01 1.05746e-09
0.1104000E+01 5.09868e-10
0.1106000E+01 3.51885e-10
0.1108000E+01 2.73338e-10
0.1110000E+01 1.88077e-10
0.1112000E+01 9.58987e-11
0.1114000E+01 7.33149e-09
0.1116000E+01 8.85156e-09
0.1118000E+01 3.93767e-09
0.1120000E+01 2.69431e-09
0.1122000E+01 -8.00489e-09
0.1124000E+01 -4.18206e-09
0.1126000E+01 -2.79783e-09
0.1128000E+01 -2.20645e-09
0.1130000E+01 -2.96778e-09
0.1132000E+01 -3.10007e-09
0.1134000E+01 -1.04012e-09
0.1136000E+01 -1.42619e-09
0.1138000E+01 -2.38788e-09
0.1140000E+01 -2.75848e-09
0.1142000E+01 -2.8596e-09
0.1144000E+01 -2.95526e-09
0.1146000E+01 -3.00172e-09
0.1148000E+01 -4.68126e-09
0.1150000E+01 4.08659e-10
0.1152000E+01 -3.55436e-09
0.1154000E+01 -2.57108e-09
0.1156000E+01 -2.3748e-09
0.1158000E+01 -2.34529e-09
0.1160000E+01 -3.88167e-09
0.1162000E+01 -3.98399e-09
0.1164000E+01 -4.01815e-09
0.1166000E+01 -4.15179e-09
0.1168000E+01 -4.1824e-09
0.1170000E+01 -4.25641e-09
0.1172000E+01 -4.38484e-09
0.1174000E+01 -7.78009e-09
0.1176000E+01 -8.78257e-09
0.1178000E+01 -8.35009e-09
0.1180000E+01 -7.58443e-09
0.1182000E+01 -7.782e-09
0.1184000E+01 -6.93409e-09
0.1186000E+01 -5.69921e-09
0.1188000E+01 1.38431e-09
0.1190000E+01 1.1108e-09
0.1192000E+01 -4.0335e-09
0.1194000E+01 -4.77473e-09
0.1196000E+01 -4.92002e-09
0.1198000E+01 -5.06068e-09
0.1200000E+01 -5.53821e-09
0.1202000E+01 -5.76272e-09
0.1204000E+01 -1.46635e-08
0.1206000E+01 -1.34983e-08
0.1208000E+01 -1.28571e-08
0.1210000E+01 -1.06623e-08
0.1212000E+01 -1.04769e-08
0.1214000E+01 -1.05979e-08
0.1216000E+01 -1.05844e-08
0.1218000E+01 -1.0207e-08
0.1220000E+01 -9.95492e-09
0.1222000E+01 -1.00638e-08
0.1224000E+01 -1.06851e-08
0.1226000E+01 -1.74405e-09
0.1228000E+01 -8.34008e-09
0.1230000E+01 -8.60844e-09
0.1232000E+01 -8.44304e-09
0.1234000E+01 -8.20492e-09
0.1236000E+01 -8.92888e-09
0.1238000E+01 -9.42923e-09
0.1240000E+01 -9.33097e-09
0.1242000E+01 -9.09118e-09
0.1244000E+01 -9.1981e-09
0.1246000E+01 -9.50442e-09
0.1248000E+01 -9.522e-09
0.1250000E+01 -9.68351e-09
0.1252000E+01 -1.0169e-08
0.1254000E+01 -2.01593e-08
0.1256000E+01 -2.72638e-08
0.1258000E+01 -2.02032e-08
0.1260000E+01 -1.7033e-08
0.1262000E+01 -1.6251e-08
0.1264000E+01 -1.11517e-08
0.1266000E+01 -9.51037e-09
0.1268000E+01 -1.06983e-08
0.1270000E+01 -1.18298e-08
0.1272000E+01 -1.17235e-08
0.1274000E+01 -1.17191e-08
0.1276000E+01 -1.25582e-08
0.1278000E+01 -1.27487e-08
0.1280000E+01 -1.26221e-08
0.1282000E+01 -1.25031e-08
0.1284000E+01 -1.19293e-08
0.1286000E+01 -1.27669e-08
0.1288000E+01 -1.3083e-08
0.1290000E+01 -1.32524e-08
0.1292000E+01 -1.33708e-08
0.1294000E+01 -1.34114e-08
0.1296000E+01 -1.36461e-08
0.1298000E+01 -1.36702e-08
0.1300000E+01 -2.74277e-08
0.1302000E+01 -3.66005e-08
0.1304000E+01 -1.86533e-08
0.1306000E+01 -1.56745e-08
0.1308000E+01 -1.71894e-08
0.1310000E+01 -1.83838e-08
0.1312000E+01 -1.79172e-08
0.1314000E+01 -1.71897e-08
0.1316000E+01 -1.72515e-08
0.1318000E+01 -1.7224e-08
0.1320000E+01 -1.72374e-08
0.1322000E+01 -1.73931e-08
0.1324000E+01 -1.73971e-08
0.1326000E+01 -1.73219e-08
0.1328000E+01 -1.72356e-08
0.1330000E+01 -1.71419e-08
0.1332000E+01 -1.70059e-08
0.1334000E+01 -1.60771e-08
0.1336000E+01 -1.57083e-08
0.1338000E+01 -1.50037e-08
0.1340000E+01 -1.54111e-08
0.1342000E+01 -3.93603e-08
0.1344000E+01 -3.16278e-08
0.1346000E+01 -2.63855e-08
0.1348000E+01 -2.32796e-08
0.1350000E+01 -2.23973e-08
0.1352000E+01 -2.3054e-08
0.1354000E+01 -2.22968e-08
0.1356000E+01 -2.21125e-08
0.1358000E+01 -2.11311e-08
0.1360000E+01 -2.08961e-08
0.1362000E+01 -2.00273e-08
0.1364000E+01 -1.83971e-08
0.1366000E+01 -1.77619e-08
0.1368000E+01 -1.86484e-08
0.1370000E+01 -1.86366e-08
0.1372000E+01 -1.82332e-08
0.1374000E+01 -1.81331e-08
0.1376000E+01 -1.84394e-08
0.1378000E+01 -3.17242e-08
0.1380000E+01 -5.60312e-08
0.1382000E+01 -3.9668e-08
0.1384000E+01 -3.20413e-08
0.1386000E+01 -2.76207e-08
0.1388000E+01 -2.81268e-08
0.1390000E+01 -2.64963e-08
0.1392000E+01 -2.40526e-08
0.1394000E+01 -1.88363e-08
0.1396000E+01 -2.11111e-08
0.1398000E+01 -2.19131e-08
0.1400000E+01 -2.18415e-08
0.1402000E+01 -2.16677e-08
0.1404000E+01 -2.16955e-08
0.1406000E+01 -2.20533e-08
0.1408000E+01 -2.17695e-08
0.1410000E+01 -2.0993e-08
0.1412000E+01 -5.58294e-08
0.1414000E+01 -6.50503e-08
0.1416000E+01 -4.2531e-08
0.1418000E+01 -4.24266e-08
0.1420000E+01 -3.54475e-08
0.1422000E+01 -2.92077e-08
0.1424000E+01 -2.91723e-08
0.1426000E+01 -2.31061e-08
0.1428000E+01 -2.64423e-08
0.1430000E+01 -2.60671e-08
0.1432000E+01 -2.47288e-08
0.1434000E+01 -2.53816e-08
0.1436000E+01 -2.51238e-08
0.1438000E+01 -2.5035e-08
0.1440000E+01 -3.10971e-08
0.1442000E+01 -7.70924e-08
0.1444000E+01 -6.24544e-08
0.1446000E+01 -4.66376e-08
0.1448000E+01 -3.86882e-08
0.1450000E+01 -3.09874e-08
0.1452000E+01 -3.06826e-08
0.1454000E+01 -3.2087e-08
0.1456000E+01 -3.23405e-08
0.1458000E+01 -3.1921e-08
0.1460000E+01 -2.95483e-08
0.1462000E+01 -2.72753e-08
0.1464000E+01 -2.66038e-08
0.1466000E+01 -2.21959e-08
0.1468000E+01 -7.70151e-08
0.1470000E+01 -6.67004e-08
0.1472000E+01 -5.61808e-08
0.1474000E+01 -4.53697e-08
0.1476000E+01 -3.79661e-08
0.1478000E+01 -3.59463e-08
0.1480000E+01 -3.5464e-08
0.1482000E+01 -3.43326e-08
0.1484000E+01 -3.22321e-08
0.1486000E+01 -3.17341e-08
0.1488000E+01 -3.15441e-08
0.1490000E+01 -6.18148e-08
0.1492000E+01 -9.25664e-08
0.1494000E+01 -7.18989e-08
0.1496000E+01 -5.62441e-08
0.1498000E+01 -4.63651e-08
0.1500000E+01 -4.6027e-08
0.1502000E+01 -4.0323e-08
0.1504000E+01 -2.77511e-08
0.1506000E+01 -2.75299e-08
0.1508000E+01 -2.2448e-08
0.1510000E+01 -2.45693e-08
0.1512000E+01 -7.69041e-08
0.1514000E+01 -9.58312e-08
0.1516000E+01 -5.66742e-08
0.1518000E+01 -4.89731e-08
0.1520000E+01 -4.50726e-08
0.1522000E+01 -4.14136e-08
0.1524000E+01 -3.71768e-08
0.1526000E+01 -3.60217e-08
0.1528000E+01 -2.95198e-08
0.1530000E+01 -3.03151e-08
0.1532000E+01 -8.61732e-08
0.1534000E+01 -7.2527e-08
0.1536000E+01 -5.20222e-08
0.1538000E+01 -4.8507e-08
0.1540000E+01 -3.98321e-08
0.1542000E+01 -3.39046e-08
0.1544000E+01 -3.23307e-08
0.1546000E+01 -3.14047e-08
0.1548000E+01 -2.62192e-08
0.1550000E+01 -7.94924e-08
0.1552000E+01 -6.17864e-08
0.1554000E+01 -4.32495e-08
0.1556000E+01 -2.95618e-08
0.1558000E+01 -2.72588e-08
0.1560000E+01 -2.97272e-08
0.1562000E+01 -2.43824e-08
0.1564000E+01 -1.80458e-08
0.1566000E+01 -5.43523e-08
0.1568000E+01 -6.90152e-08
0.1570000E+01 -3.93612e-08
0.1572000E+01 -3.37028e-08
0.1574000E+01 -2.84229e-08
0.1576000E+01 -2.17025e-08
0.1578000E+01 -1.29802e-08
0.1580000E+01 -7.72813e-09
0.1582000E+01 -3.58442e-08
0.1584000E+01 -5.13393e-08
0.1586000E+01 -2.7455e-08
0.1588000E+01 -1.5521e-08
0.1590000E+01 -1.23757e-08
0.1592000E+01 -1.1307e-08
0.1594000E+01 -9.04995e-09
0.1596000E+01 -8.0588e-09
0.1598000E+01 -2.33212e-08
0.1600000E+01 -2.81278e-08
0.1602000E+01 -8.24307e-09
0.1604000E+01 -1.87634e-09
0.1606000E+01 -7.02669e-09
0.1608000E+01 4.43922e-09
0.1610000E+01 7.54787e-09
0.1612000E+01 1.42158e-08
0.1614000E+01 -4.6694e-10
0.1616000E+01 -2.84444e-09
0.1618000E+01 4.51646e-09
0.1620000E+01 5.80955e-09
0.1622000E+01 9.07623e-09
0.1624000E+01 1.04899e-08
0.1626000E+01 -8.50509e-09
0.1628000E+01 2.76384e-08
0.1630000E+01 2.1909e-08
0.1632000E+01 1.44877e-08
0.1634000E+01 1.81242e-08
0.1636000E+01 2.01951e-08
0.1638000E+01 1.76288e-08
0.1640000E+01 1.8653e-08
0.1642000E+01 1.52533e-08
0.1644000E+01 1.43873e-08
0.1646000E+01 2.34725e-08
0.1648000E+01 2.04263e-08
0.1650000E+01 2.81121e-08
0.1652000E+01 3.45706e-08
0.1654000E+01 4.04772e-08
0.1656000E+01 3.92214e-08
0.1658000E+01 3.24022e-08
0.1660000E+01 3.15754e-08
0.1662000E+01 2.68482e-08
0.1664000E+01 2.54869e-08
0.1666000E+01 2.78244e-08
0.1668000E+01 3.477e-08
0.1670000E+01 3.38751e-08
0.1672000E+01 3.6833e-08
0.1674000E+01 4.31625e-08
0.1676000E+01 4.36741e-08
0.1678000E+01 3.9572e-08
0.1680000E+01 4.97446e-08
0.1682000E+01 5.15485e-08
0.1684000E+01 4.82722e-08
0.1686000E+01 4.1518e-08
0.1688000E+01 3.83956e-08
0.1690000E+01 3.38792e-08
0.1692000E+01 2.98236e-08
0.1694000E+01 3.80235e-08
0.1696000E+01 4.74397e-08
0.1698000E+01 4.71589e-08
0.1700000E+01 4.28669e-08
0.1702000E+01 4.50641e-08
0.1704000E+01 4.7483e-08
0.1706000E+01 5.1479e-08
0.1708000E+01 5.0409e-08
0.1710000E+01 4.83678e-08
0.1712000E+01 4.75911e-08
0.1714000E+01 4.3726e-08
0.1716000E+01 4.43978e-08
0.1718000E+01 5.03742e-08
0.1720000E+01 4.96257e-08
0.1722000E+01 4.169e-08
0.1724000E+01 4.32501e-08
0.1726000E+01 4.78389e-08
0.1728000E+01 4.43222e-08
0.1730000E+01 4.26663e-08
0.1732000E+01 4.54079e-08
0.1734000E+01 4.72825e-08
0.1736000E+01 4.26328e-08
0.1738000E+01 4.72551e-08
0.1740000E+01 4.90703e-08
0.1742000E+01 4.49422e-08
0.1744000E+01 4.65921e-08
0.1746000E+01 7.32964e-08
0.1748000E+01 4.96674e-08
0.1750000E+01 4.37989e-08
0.1752000E+01 4.15662e-08
0.1754000E+01 3.94162e-08
0.1756000E+01 3.81256e-08
0.1758000E+01 3.48078e-08
0.1760000E+01 4.83538e-08
0.1762000E+01 4.50508e-08
0.1764000E+01 4.2927e-08
0.1766000E+01 4.10371e-08
0.1768000E+01 3.93657e-08
0.1770000E+01 3.9225e-08
0.1772000E+01 4.70618e-08
0.1774000E+01 4.21162e-08
0.1776000E+01 4.02227e-08
0.1778000E+01 5.84248e-08
0.1780000E+01 6.64615e-08
0.1782000E+01 5.77753e-08
0.1784000E+01 5.78149e-08
0.1786000E+01 4.29338e-08
0.1788000E+01 4.01231e-08
0.1790000E+01 3.90564e-08
0.1792000E+01 3.67913e-08
0.1794000E+01 3.46551e-08
0.1796000E+01 3.12487e-08
0.1798000E+01 4.66371e-08
0.1800000E+01 4.91141e-08
0.1802000E+01 4.33777e-08
0.1804000E+01 4.07476e-08
0.1806000E+01 3.87803e-08
0.1808000E+01 3.88535e-08
0.1810000E+01 4.0109e-08
0.1812000E+01 5.09178e-08
0.1814000E+01 4.52162e-08
0.1816000E+01 4.51615e-08
0.1818000E+01 4.943e-08
0.1820000E+01 4.74873e-08
0.1822000E+01 4.62118e-08
0.1824000E+01 4.56381e-08
0.1826000E+01 4.76772e-08
0.1828000E+01 4.85724e-08
0.1830000E+01 4.053e-08
0.1832000E+01 3.69112e-08
0.1834000E+01 3.7419e-08
0.1836000E+01 4.186e-08
0.1838000E+01 4.33425e-08
0.1840000E+01 4.22883e-08
0.1842000E+01 4.16833e-08
0.1844000E+01 4.32824e-08
0.1846000E+01 5.04489e-08
0.1848000E+01 4.81891e-08
0.1850000E+01 4.5257e-08
0.1852000E+01 4.64081e-08
0.1854000E+01 5.03612e-08
0.1856000E+01 4.81449e-08
0.1858000E+01 4.48896e-08
0.1860000E+01 4.44185e-08
0.1862000E+01 4.71287e-08
0.1864000E+01 4.67687e-08
0.1866000E+01 4.51901e-08
0.1868000E+01 4.50459e-08
0.1870000E+01 5.23129e-08
0.1872000E+01 5.2505e-08
0.1874000E+01 5.2578e-08
0.1876000E+01 5.07374e-08
0.1878000E+01 5.25344e-08
0.1880000E+01 5.07624e-08
0.1882000E+01 5.4958e-08
0.1884000E+01 5.51198e-08
0.1886000E+01 5.62753e-08
0.1888000E+01 5.74489e-08
0.1890000E+01 5.6022e-08
0.1892000E+01 5.617e-08
0.1894000E+01 6.35403e-08
0.1896000E+01 6.27785e-08
0.1898000E+01 6.06021e-08
0.1900000E+01 6.1126e-08
0.1902000E+01 6.20944e-08
0.1904000E+01 6.36613e-08
0.1906000E+01 6.66802e-08
0.1908000E+01 7.85419e-08
0.1910000E+01 8.26131e-08
0.1912000E+01 7.67647e-08
0.1914000E+01 7.82863e-08
0.1916000E+01 7.84207e-08
0.1918000E+01 8.75521e-08
0.1920000E+01 1.01736e-07
0.1922000E+01 1.1215e-07
0.1924000E+01 1.31849e-07
0.1926000E+01 1.31067e-07
0.1928000E+01 1.11877e-08
0.1930000E+01 1.09764e-07
0.1932000E+01 6.52696e-08
0.1934000E+01 8.99624e-08
0.1936000E+01 1.5596e-07
0.1938000E+01 8.9187e-08
0.1940000E+01 1.53308e-07
0.1942000E+01 1.44069e-07
0.1944000E+01 2.49812e-07
0.1946000E+01 2.69548e-07
0.1948000E+01 2.54277e-07
0.1950000E+01 3.60628e-07
0.1952000E+01 3.25477e-07
0.1954000E+01 1.33773e-06
0.1956000E+01 -5.88785e-08
0.1958000E+01 -1.46618e-06
0.1960000E+01 -5.06992e-07
0.1962000E+01 -5.33764e-07
0.1964000E+01 -1.67031e-07
0.1966000E+01 -9.07437e-08
0.1968000E+01 -1.11691e-07
0.1970000E+01 -1.50532e-07
0.1972000E+01 -2.12638e-07
0.1974000E+01 -2.15974e-07
0.1976000E+01 -5.66995e-08
0.1978000E+01 -5.40715e-08
0.1980000E+01 -1.8872e-07
0.1982000E+01 -1.36108e-07
0.1984000E+01 -7.79063e-08
0.1986000E+01 -4.15711e-08
0.1988000E+01 -3.2693e-08
0.1990000E+01 -6.49736e-08
0.1992000E+01 -8.59064e-08
0.1994000E+01 1.57421e-08
0.1996000E+01 -4.16884e-08
0.1998000E+01 -3.92893e-08
0.2000000E+01 -1.12263e-08
0.2002000E+01 -1.26015e-08
0.2004000E+01 -1.46441e-08
0.2006000E+01 -1.61106e-08
0.2008000E+01 -1.78499e-08
0.2010000E+01 -2.02985e-08
0.2012000E+01 -2.33162e-08
0.2014000E+01 -2.92426e-08
0.2016000E+01 -4.29363e-08
0.2018000E+01 -2.41537e-08
0.2020000E+01 -6.0126e-09
0.2022000E+01 -7.29784e-09
0.2024000E+01 -9.05813e-09
0.2026000E+01 -6.07396e-09
0.2028000E+01 -6.94735e-09
0.2030000E+01 3.72046e-08
0.2032000E+01 1.8353e-07
0.2034000E+01 3.06491e-07
0.2036000E+01 1.12933e-07
0.2038000E+01 -1.75738e-07
0.2040000E+01 -7.21371e-08
0.2042000E+01 -1.86839e-08
0.2044000E+01 -3.8425e-09
0.2046000E+01 -2.53739e-08
0.2048000E+01 4.52406e-08
0.2050000E+01 1.17023e-07
0.2052000E+01 8.79523e-08
0.2054000E+01 -7.04121e-08
0.2056000E+01 -7.73419e-08
0.2058000E+01 -3.53631e-09
0.2060000E+01 1.58285e-08
0.2062000E+01 1.28662e-08
0.2064000E+01 8.57355e-09
0.2066000E+01 -1.06757e-08
0.2068000E+01 -7.7558e-09
0.2070000E+01 -1.54828e-08
0.2072000E+01 -2.27909e-08
0.2074000E+01 2.82162e-08
0.2076000E+01 1.52177e-08
0.2078000E+01 2.3293e-08
0.2080000E+01 2.90811e-08
0.2082000E+01 2.1349e-08
0.2084000E+01 -1.96952e-08
0.2086000E+01 -2.04963e-08
0.2088000E+01 -1.69589e-08
0.2090000E+01 -2.02319e-08
0.2092000E+01 1.10325e-09
0.2094000E+01 3.03737e-08
0.2096000E+01 4.27628e-09
0.2098000E+01 3.48925e-10
0.2100000E+01 2.94223e-09
0.2102000E+01 2.64534e-09
0.2104000E+01 1.58496e-09
0.2106000E+01 5.38627e-09
0.2108000E+01 1.72737e-08
0.2110000E+01 2.03144e-08
0.2112000E+01 1.56723e-08
0.2114000E+01 1.61362e-08
0.2116000E+01 1.58013e-08
0.2118000E+01 -1.23346e-08
0.2120000E+01 -2.11547e-08
0.2122000E+01 -1.90272e-08
0.2124000E+01 -2.60742e-08
0.2126000E+01 -1.21273e-08
0.2128000E+01 1.10609e-08
0.2130000E+01 2.6702e-08
0.2132000E+01 1.21276e-08
0.2134000E+01 -7.18986e-09
0.2136000E+01 -6.66464e-09
0.2138000E+01 -7.12979e-09
0.2140000E+01 -1.16424e-08
0.2142000E+01 -9.92983e-09
0.2144000E+01 -4.92528e-10
0.2146000E+01 1.55887e-08
0.2148000E+01 5.24996e-09
0.2150000E+01 -1.17852e-09
0.2152000E+01 2.49525e-09
0.2154000E+01 1.20372e-09
0.2156000E+01 -8.21826e-09
0.2158000E+01 -2.32738e-08
0.2160000E+01 -1.24895e-08
0.2162000E+01 1.33547e-09
0.2164000E+01 -4.21176e-11
0.2166000E+01 -4.22114e-09
0.2168000E+01 -2.80597e-09
0.2170000E+01 -6.05297e-09
0.2172000E+01 -1.35909e-08
0.2174000E+01 -2.44659e-08
0.2176000E+01 -2.74665e-08
0.2178000E+01 -1.25281e-08
0.2180000E+01 3.25343e-08
0.2182000E+01 1.79005e-08
0.2184000E+01 -3.01644e-09
0.2186000E+01 -8.95917e-09
0.2188000E+01 -8.73792e-09
0.2190000E+01 -1.03269e-08
0.2192000E+01 -5.55887e-09
0.2194000E+01 1.02724e-08
0.2196000E+01 2.02095e-08
0.2198000E+01 -8.18766e-09
0.2200000E+01 -1.4972e-08
0.2202000E+01 -8.83949e-09
0.2204000E+01 -8.14285e-09
0.2206000E+01 -1.11582e-08
0.2208000E+01 -2.14875e-09
0.2210000E+01 2.04562e-10
0.2212000E+01 4.49074e-09
0.2214000E+01 1.22336e-08
0.2216000E+01 -2.64742e-09
0.2218000E+01 -1.5817e-08
0.2220000E+01 -1.98656e-08
0.2222000E+01 1.49521e-08
0.2224000E+01 3.48916e-08
0.2226000E+01 -4.06426e-09
0.2228000E+01 -3.76274e-09
0.2230000E+01 2.98358e-09
0.2232000E+01 1.47954e-08
0.2234000E+01 3.3258e-08
0.2236000E+01 2.85816e-08
0.2238000E+01 2.0677e-08
0.2240000E+01 1.45087e-09
0.2242000E+01 2.2683e-09
0.2244000E+01 2.31473e-08
0.2246000E+01 5.66834e-09
0.2248000E+01 6.83202e-09
0.2250000E+01 -8.01665e-09
0.2252000E+01 5.28071e-08
0.2254000E+01 3.13377e-08
0.2256000E+01 9.77293e-08
0.2258000E+01 1.68985e-07
0.2260000E+01 2.59459e-08
0.2262000E+01 -1.29789e-07
0.2264000E+01 -8.36897e-08
0.2266000E+01 -7.05462e-08
0.2268000E+01 -5.22271e-08
0.2270000E+01 -4.81322e-08
0.2272000E+01 -4.0432e-08
0.2274000E+01 -3.69632e-08
0.2276000E+01 -3.50246e-08
0.2278000E+01 -3.24064e-08
0.2280000E+01 -2.38558e-08
0.2282000E+01 -1.90326e-08
0.2284000E+01 -1.84942e-08
0.2286000E+01 -1.33139e-08
0.2288000E+01 -6.8656e-09
0.2290000E+01 -6.47632e-09
0.2292000E+01 -7.2219e-09
0.2294000E+01 -7.81909e-09
0.2296000E+01 -6.31727e-09
0.2298000E+01 -6.88786e-09
0.2300000E+01 -1.02194e-08
0.2302000E+01 -9.29757e-09
0.2304000E+01 -7.70803e-09
0.2306000E+01 -4.27059e-09
0.2308000E+01 -1.94512e-09
0.2310000E+01 -3.02347e-09
0.2312000E+01 8.02931e-10
0.2314000E+01 -1.53586e-09
0.2316000E+01 -6.61586e-09
0.2318000E+01 -7.43832e-09
0.2320000E+01 -3.97954e-09
0.2322000E+01 -2.08405e-09
0.2324000E+01 -9.05868e-11
0.2326000E+01 2.54684e-09
0.2328000E+01 4.56788e-09
0.2330000E+01 5.61125e-09
0.2332000E+01 2.71718e-10
0.2334000E+01 -1.23662e-09
0.2336000E+01 3.63109e-09
0.2338000E+01 4.18085e-09
0.2340000E+01 6.224e-09
0.2342000E+01 7.05735e-09
0.2344000E+01 8.15537e-09
0.2346000E+01 8.20467e-09
0.2348000E+01 2.17894e-09
0.2350000E+01 2.56529e-09
0.2352000E+01 6.55138e-09
0.2354000E+01 1.00606e-08
0.2356000E+01 1.27193e-08
0.2358000E+01 1.41689e-08
0.2360000E+01 7.37979e-09
0.2362000E+01 3.23751e-09
0.2364000E+01 8.51882e-09
0.2366000E+01 1.08541e-08
0.2368000E+01 1.50168e-08
0.2370000E+01 1.70697e-08
0.2372000E+01 3.06341e-09
0.2374000E+01 1.33991e-09
0.2376000E+01 1.81249e-08
0.2378000E+01 1.86663e-08
0.2380000E+01 6.36602e-11
0.2382000E+01 1.00947e-08
0.2384000E+01 5.70504e-08
0.2386000E+01 7.1083e-08
0.2388000E+01 3.45989e-08
0.2390000E+01 3.63435e-08
0.2392000E+01 3.01378e-08
0.2394000E+01 2.62035e-08
0.2396000E+01 2.26499e-08
0.2398000E+01 2.25343e-08
0.2400000E+01 2.37322e-08
0.2402000E+01 2.46419e-08
0.2404000E+01 2.2827e-08
0.2406000E+01 3.90715e-08
0.2408000E+01 2.91981e-08
0.2410000E+01 2.77416e-08
0.2412000E+01 3.21645e-08
0.2414000E+01 2.49469e-08
0.2416000E+01 2.71736e-08
0.2418000E+01 2.83543e-08
0.2420000E+01 3.56433e-08
0.2422000E+01 2.33299e-08
0.2424000E+01 2.33639e-08
0.2426000E+01 2.45896e-08
0.2428000E+01 2.22409e-08
0.2430000E+01 2.38556e-08
0.2432000E+01 2.21657e-08
0.2434000E+01 2.05668e-08
0.2436000E+01 1.81685e-08
0.2438000E+01 2.21135e-08
0.2440000E+01 2.00004e-08
0.2442000E+01 2.02309e-08
0.2444000E+01 1.96402e-08
0.2446000E+01 2.2242e-08
0.2448000E+01 2.26356e-08
0.2450000E+01 2.09648e-08
0.2452000E+01 2.12905e-08
0.2454000E+01 2.20425e-08
0.2456000E+01 1.82442e-08
0.2458000E+01 2.08287e-08
0.2460000E+01 2.08818e-08
0.2462000E+01 1.61975e-08
0.2464000E+01 3.26429e-09
0.2466000E+01 2.85145e-08
0.2468000E+01 1.49345e-08
0.2470000E+01 2.00347e-08
0.2472000E+01 1.71397e-08
0.2474000E+01 1.49704e-08
0.2476000E+01 1.56682e-08
0.2478000E+01 2.00654e-08
0.2480000E+01 5.32277e-09
0.2482000E+01 1.33168e-08
0.2484000E+01 1.67507e-08
0.2486000E+01 1.65614e-08
0.2488000E+01 1.88537e-08
0.2490000E+01 9.69304e-09
0.2492000E+01 1.34411e-08
0.2494000E+01 1.30359e-08
0.2496000E+01 1.48784e-08
0.2498000E+01 1.33649e-08
0.2500000E+01 2.17997e-08
0.2502000E+01 6.94266e-09
0.2504000E+01 1.55573e-08
0.2506000E+01 1.78457e-08
0.2508000E+01 1.56924e-08
0.2510000E+01 1.48598e-08
0.2512000E+01 1.61058e-08
0.2514000E+01 2.67973e-08
0.2516000E+01 9.52599e-09
0.2518000E+01 1.3608e-08
0.2520000E+01 1.37349e-08
0.2522000E+01 1.62824e-08
0.2524000E+01 1.61723e-08
0.2526000E+01 1.49946e-08
0.2528000E+01 2.01081e-08
0.2530000E+01 2.2278e-08
0.2532000E+01 2.06169e-08
0.2534000E+01 6.35245e-09
0.2536000E+01 1.35147e-08
0.2538000E+01 1.62443e-08
0.2540000E+01 1.14018e-08
0.2542000E+01 1.39179e-08
0.2544000E+01 1.7203e-08
0.2546000E+01 2.94256e-08
0.2548000E+01 2.52184e-08
0.2550000E+01 2.20071e-08
0.2552000E+01 2.31564e-08
0.2554000E+01 1.28844e-08
0.2556000E+01 1.78758e-08
0.2558000E+01 1.8422e-08
0.2560000E+01 1.92303e-08
0.2562000E+01 1.92044e-08
0.2564000E+01 2.592e-08
0.2566000E+01 2.51097e-08
0.2568000E+01 2.00948e-08
0.2570000E+01 1.83989e-08
0.2572000E+01 2.11062e-08
0.2574000E+01 2.207e-08
0.2576000E+01 2.62244e-08
0.2578000E+01 2.85424e-08
0.2580000E+01 1.97365e-08
0.2582000E+01 1.32557e-08
0.2584000E+01 2.51375e-08
0.2586000E+01 3.21221e-08
0.2588000E+01 3.43708e-08
0.2590000E+01 2.98649e-08
0.2592000E+01 1.82939e-08
0.2594000E+01 2.53111e-09
0.2596000E+01 1.75495e-08
0.2598000E+01 2.60505e-08
0.2600000E+01 2.44582e-08
0.2602000E+01 2.28712e-08
0.2604000E+01 2.52129e-08
0.2606000E+01 2.03498e-08
0.2608000E+01 2.21298e-08
0.2610000E+01 2.24115e-08
0.2612000E+01 2.42365e-08
0.2614000E+01 2.42669e-08
0.2616000E+01 3.54096e-08
0.2618000E+01 2.37924e-08
0.2620000E+01 5.11547e-09
0.2622000E+01 1.45483e-08
0.2624000E+01 1.02292e-08
0.2626000E+01 2.67977e-08
0.2628000E+01 2.96002e-08
0.2630000E+01 3.13128e-08
0.2632000E+01 9.97024e-09
0.2634000E+01 -7.38516e-09
0.2636000E+01 1.58979e-08
0.2638000E+01 2.458e-08
0.2640000E+01 2.20974e-08
0.2642000E+01 2.23979e-08
0.2644000E+01 2.36959e-08
0.2646000E+01 3.01388e-08
0.2648000E+01 7.15987e-09
0.2650000E+01 6.65103e-09
0.2652000E+01 1.15801e-08
0.2654000E+01 1.69599e-08
0.2656000E+01 1.94859e-08
0.2658000E+01 2.86029e-08
0.2660000E+01 2.56986e-08
0.2662000E+01 2.62488e-08
0.2664000E+01 -5.54846e-09
0.2666000E+01 -2.69199e-09
0.2668000E+01 6.40255e-09
0.2670000E+01 2.31202e-08
0.2672000E+01 2.22636e-08
0.2674000E+01 2.06569e-08
0.2676000E+01 2.02023e-08
0.2678000E+01 2.50052e-08
0.2680000E+01 2.33012e-08
0.2682000E+01 -1.69577e-09
0.2684000E+01 4.01906e-09
0.2686000E+01 9.1183e-09
0.2688000E+01 1.10096e-08
0.2690000E+01 1.00529e-08
0.2692000E+01 1.21904e-08
0.2694000E+01 2.53977e-08
0.2696000E+01 2.31413e-08
0.2698000E+01 2.06113e-08
0.2700000E+01 8.07855e-09
0.2702000E+01 -1.8632e-08
0.2704000E+01 -6.85774e-10
0.2706000E+01 6.3086e-09
0.2708000E+01 1.78622e-08
0.2710000E+01 1.90914e-08
0.2712000E+01 1.89698e-08
0.2714000E+01 1.68954e-08
0.2716000E+01 1.39565e-08
0.2718000E+01 1.80204e-08
0.2720000E+01 1.45383e-08
0.2722000E+01 1.09681e-08
0.2724000E+01 -1.49356e-08
0.2726000E+01 4.11207e-09
0.2728000E+01 4.22151e-09
0.2730000E+01 8.84848e-09
0.2732000E+01 8.98201e-09
0.2734000E+01 1.0243e-08
0.2736000E+01 1.39877e-08
0.2738000E+01 1.96233e-08
0.2740000E+01 1.58551e-08
0.2742000E+01 2.1001e-08
0.2744000E+01 2.29974e-08
0.2746000E+01 -2.81638e-09
0.2748000E+01 -2.86372e-08
0.2750000E+01 -6.75906e-09
0.2752000E+01 9.8655e-09
0.2754000E+01 3.58647e-09
0.2756000E+01 6.17169e-09
0.2758000E+01 9.37305e-09
0.2760000E+01 1.06086e-08
0.2762000E+01 9.94218e-09
0.2764000E+01 1.05487e-08
0.2766000E+01 1.0361e-08
0.2768000E+01 2.46795e-08
0.2770000E+01 1.64959e-08
0.2772000E+01 3.5442e-09
0.2774000E+01 -2.54605e-08
0.2776000E+01 -4.95712e-09
0.2778000E+01 -5.29213e-09
0.2780000E+01 -5.33989e-10
0.2782000E+01 -4.4237e-09
0.2784000E+01 5.51941e-09
0.2786000E+01 1.05438e-08
0.2788000E+01 1.23397e-08
0.2790000E+01 7.80682e-09
0.2792000E+01 8.01295e-09
0.2794000E+01 4.04402e-09
0.2796000E+01 4.23481e-10
0.2798000E+01 4.1236e-09
0.2800000E+01 4.55602e-09
0.2802000E+01 -7.3079e-09
0.2804000E+01 -1.35876e-08
0.2806000E+01 -1.44287e-08
0.2808000E+01 -1.56786e-08
0.2810000E+01 -1.3492e-08
0.2812000E+01 -8.7564e-09
0.2814000E+01 -8.28609e-09
0.2816000E+01 -1.44386e-08
0.2818000E+01 -7.96485e-09
0.2820000E+01 -5.56651e-09
0.2822000E+01 -6.57325e-09
0.2824000E+01 -1.45768e-08
0.2826000E+01 -2.99859e-08
0.2828000E+01 -1.80996e-08
0.2830000E+01 -2.4244e-08
0.2832000E+01 -4.57712e-08
0.2834000E+01 -8.29935e-08
0.2836000E+01 -6.38424e-08
0.2838000E+01 -9.60933e-08
0.2840000E+01 -1.14964e-07
0.2842000E+01 -1.76873e-07
0.2844000E+01 -3.0043e-07
0.2846000E+01 -2.38474e-07
0.2848000E+01 7.08957e-07
0.2850000E+01 2.54622e-07
0.2852000E+01 1.69369e-07
0.2854000E+01 1.04273e-07
0.2856000E+01 1.39098e-07
0.2858000E+01 1.09973e-07
0.2860000E+01 8.97416e-08
0.2862000E+01 7.96224e-08
0.2864000E+01 9.287e-08
0.2866000E+01 7.45868e-08
0.2868000E+01 5.29841e-08
0.2870000E+01 4.55119e-08
0.2872000E+01 5.45588e-08
0.2874000E+01 7.32588e-08
0.2876000E+01 5.55328e-08
0.2878000E+01 5.95312e-08
0.2880000E+01 6.53682e-08
0.2882000E+01 6.12663e-08
0.2884000E+01 6.666e-08
0.2886000E+01 5.20189e-08
0.2888000E+01 5.32412e-08
0.2890000E+01 5.53679e-08
0.2892000E+01 6.53758e-08
0.2894000E+01 7.60351e-08
0.2896000E+01 8.25252e-08
0.2898000E+01 6.10628e-08
0.2900000E+01 5.83154e-08
0.2902000E+01 5.92776e-08
0.2904000E+01 4.13967e-08
0.2906000E+01 2.31635e-08
0.2908000E+01 4.32334e-08
0.2910000E+01 4.45377e-08
0.2912000E+01 6.56879e-08
0.2914000E+01 5.33757e-08
0.2916000E+01 5.1126e-08
0.2918000E+01 5.33169e-08
0.2920000E+01 5.53587e-08
0.2922000E+01 6.20621e-08
0.2924000E+01 5.43182e-08
0.2926000E+01 5.02043e-08
0.2928000E+01 4.99481e-08
0.2930000E+01 5.41246e-08
0.2932000E+01 6.36602e-08
0.2934000E+01 6.37481e-08
0.2936000E+01 5.97171e-08
0.2938000E+01 5.65025e-08
0.2940000E+01 7.03826e-08
0.2942000E+01 7.38891e-08
0.2944000E+01 2.95491e-08
0.2946000E+01 2.06747e-08
0.2948000E+01 3.17942e-08
0.2950000E+01 3.89428e-08
0.2952000E+01 5.02506e-08
0.2954000E+01 3.87989e-08
0.2956000E+01 4.45535e-08
0.2958000E+01 5.07134e-08
0.2960000E+01 4.38525e-08
0.2962000E+01 3.81981e-08
0.2964000E+01 3.64897e-08
0.2966000E+01 3.88545e-08
0.2968000E+01 3.71558e-08
0.2970000E+01 5.43371e-08
0.2972000E+01 5.70133e-08
0.2974000E+01 5.42806e-08
0.2976000E+01 4.50814e-08
0.2978000E+01 4.44047e-08
0.2980000E+01 5.27454e-08
0.2982000E+01 4.91831e-08
0.2984000E+01 3.7934e-08
0.2986000E+01 2.34035e-08
0.2988000E+01 3.5878e-08
0.2990000E+01 2.45922e-08
0.2992000E+01 1.71522e-08
0.2994000E+01 3.10162e-08
0.2996000E+01 3.37051e-08
0.2998000E+01 3.68901e-08
0.3000000E+01 3.59183e-08
0.3002000E+01 3.42352e-08
0.3004000E+01 3.3686e-08
0.3006000E+01 3.68318e-08
0.3008000E+01 5.40784e-08
0.3010000E+01 4.8461e-08
0.3012000E+01 4.08202e-08
0.3014000E+01 3.87567e-08
0.3016000E+01 3.82855e-08
0.3018000E+01 3.92789e-08
0.3020000E+01 3.56375e-08
0.3022000E+01 3.34584e-08
0.3024000E+01 3.59629e-08
0.3026000E+01 4.68248e-08
0.3028000E+01 5.30653e-08
0.3030000E+01 2.98748e-08
0.3032000E+01 2.11054e-08
0.3034000E+01 2.45243e-08
0.3036000E+01 2.42906e-08
0.3038000E+01 2.65583e-08
0.3040000E+01 2.58065e-08
0.3042000E+01 2.62278e-08
0.3044000E+01 2.37206e-08
0.3046000E+01 5.74772e-08
0.3048000E+01 3.71411e-08
0.3050000E+01 3.60638e-08
0.3052000E+01 3.51872e-08
0.3054000E+01 3.52966e-08
0.3056000E+01 3.4456e-08
0.3058000E+01 3.3268e-08
0.3060000E+01 3.24072e-08
0.3062000E+01 3.5174e-08
0.3064000E+01 4.78952e-08
0.3066000E+01 4.42009e-08
0.3068000E+01 4.0766e-08
0.3070000E+01 4.42188e-08
0.3072000E+01 4.01735e-08
0.3074000E+01 3.92656e-08
0.3076000E+01 1.66613e-08
0.3078000E+01 -8.59062e-10
0.3080000E+01 2.32483e-08
0.3082000E+01 4.39e-08
0.3084000E+01 3.81648e-08
0.3086000E+01 2.89956e-08
0.3088000E+01 2.88619e-08
0.3090000E+01 2.62949e-08
0.3092000E+01 2.18871e-08
0.3094000E+01 2.79091e-08
0.3096000E+01 2.64483e-08
0.3098000E+01 4.80172e-08
0.3100000E+01 5.08159e-08
0.3102000E+01 3.86372e-08
0.3104000E+01 3.68891e-08
0.3106000E+01 3.70822e-08
0.3108000E+01 4.10613e-08
0.3110000E+01 3.68206e-08
0.3112000E+01 3.14458e-08
0.3114000E+01 4.19014e-08
0.3116000E+01 5.17372e-08
0.3118000E+01 4.84942e-08
0.3120000E+01 4.83317e-08
0.3122000E+01 4.27003e-08
0.3124000E+01 6.73375e-10
0.3126000E+01 2.26546e-09
0.3128000E+01 9.11239e-09
0.3130000E+01 1.82045e-08
0.3132000E+01 5.22398e-08
0.3134000E+01 2.86164e-08
0.3136000E+01 3.1304e-08
0.3138000E+01 3.15584e-08
0.3140000E+01 2.66538e-08
0.3142000E+01 2.67574e-08
0.3144000E+01 2.56772e-08
0.3146000E+01 4.5216e-08
0.3148000E+01 4.84339e-08
0.3150000E+01 3.45648e-08
0.3152000E+01 3.87096e-08
0.3154000E+01 4.00879e-08
0.3156000E+01 3.31778e-08
0.3158000E+01 2.53062e-08
0.3160000E+01 4.32917e-08
0.3162000E+01 5.44674e-08
0.3164000E+01 5.15316e-08
0.3166000E+01 5.9407e-08
0.3168000E+01 4.1664e-08
0.3170000E+01 -4.30324e-08
0.3172000E+01 -4.62187e-08
0.3174000E+01 -2.3116e-08
0.3176000E+01 3.16436e-08
0.3178000E+01 1.37255e-08
0.3180000E+01 5.88889e-09
0.3182000E+01 2.49559e-08
0.3184000E+01 1.68194e-08
0.3186000E+01 2.06986e-08
0.3188000E+01 3.05041e-08
0.3190000E+01 4.68e-08
0.3192000E+01 3.54578e-08
0.3194000E+01 2.82187e-08
0.3196000E+01 3.13439e-08
0.3198000E+01 2.86118e-08
0.3200000E+01 3.32487e-08
0.3202000E+01 5.66826e-08
0.3204000E+01 5.64075e-08
0.3206000E+01 4.08544e-08
0.3208000E+01 3.01356e-08
0.3210000E+01 3.00241e-08
0.3212000E+01 3.0348e-08
0.3214000E+01 8.99926e-08
0.3216000E+01 5.26442e-08
0.3218000E+01 5.05163e-09
0.3220000E+01 -4.39638e-08
0.3222000E+01 -1.36756e-08
0.3224000E+01 2.98377e-08
0.3226000E+01 2.72633e-08
0.3228000E+01 1.24971e-08
0.3230000E+01 8.88479e-09
0.3232000E+01 1.19098e-08
0.3234000E+01 4.26905e-08
0.3236000E+01 6.15604e-08
0.3238000E+01 3.54495e-08
0.3240000E+01 2.64392e-08
0.3242000E+01 2.02139e-08
0.3244000E+01 9.41271e-08
0.3246000E+01 2.90558e-08
0.3248000E+01 2.97313e-08
0.3250000E+01 5.90877e-08
0.3252000E+01 1.12831e-07
0.3254000E+01 4.26526e-08
0.3256000E+01 9.20257e-08
0.3258000E+01 -7.936e-08
0.3260000E+01 3.89442e-08
0.3262000E+01 -1.68406e-07
0.3264000E+01 -6.0192e-08
0.3266000E+01 6.90697e-08
0.3268000E+01 -6.40683e-09
0.3270000E+01 1.50753e-08
0.3272000E+01 8.52161e-08
0.3274000E+01 8.91965e-08
0.3276000E+01 1.63943e-07
0.3278000E+01 -8.12522e-08
0.3280000E+01 -9.65719e-08
0.3282000E+01 3.46529e-08
0.3284000E+01 6.38236e-08
0.3286000E+01 2.16696e-07
0.3288000E+01 -1.20685e-07
0.3290000E+01 8.68721e-08
0.3292000E+01 2.62739e-08
0.3294000E+01 1.13235e-08
0.3296000E+01 -6.86703e-08
0.3298000E+01 -1.29507e-07
0.3300000E+01 -4.70524e-08
0.3302000E+01 -6.35064e-08
0.3304000E+01 -7.58213e-08
0.3306000E+01 -4.53885e-08
0.3308000E+01 -2.82631e-08
0.3310000E+01 -2.01882e-08
0.3312000E+01 -2.91603e-08
0.3314000E+01 -2.22498e-08
0.3316000E+01 -2.37591e-08
0.3318000E+01 -2.66387e-08
0.3320000E+01 -2.52889e-08
0.3322000E+01 -1.74502e-08
0.3324000E+01 -1.81909e-08
0.3326000E+01 -1.03161e-08
0.3328000E+01 -1.47198e-08
0.3330000E+01 -1.00064e-08
0.3332000E+01 -1.02424e-08
0.3334000E+01 -1.17415e-08
0.3336000E+01 -9.88096e-09
0.3338000E+01 -7.46402e-09
0.3340000E+01 -1.02859e-08
0.3342000E+01 -1.21665e-08
0.3344000E+01 -1.01153e-08
0.3346000E+01 -6.24311e-09
0.3348000E+01 -3.9669e-09
0.3350000E+01 -2.54155e-09
0.3352000E+01 -3.48626e-09
0.3354000E+01 -6.44872e-09
0.3356000E+01 -7.39972e-09
0.3358000E+01 -8.33566e-09
0.3360000E+01 -3.10135e-09
0.3362000E+01 -1.00522e-09
0.3364000E+01 -5.93153e-09
0.3366000E+01 -4.33948e-09
0.3368000E+01 -3.34742e-09
0.3370000E+01 -4.51639e-09
0.3372000E+01 -3.46222e-09
0.3374000E+01 -2.70394e-09
0.3376000E+01 -1.70915e-09
0.3378000E+01 -9.15781e-10
0.3380000E+01 1.61163e-10
0.3382000E+01 -6.46856e-10
0.3384000E+01 -6.38929e-09
0.3386000E+01 -3.02402e-09
0.3388000E+01 -1.28526e-09
0.3390000E+01 -2.75383e-09
0.3392000E+01 -5.92915e-09
0.3394000E+01 -1.1605e-09
0.3396000E+01 -4.12122e-10
0.3398000E+01 -3.70014e-10
0.3400000E+01 -3.5207e-10
0.3402000E+01 -4.27486e-09
0.3404000E+01 -1.02447e-09
0.3406000E+01 4.8594e-10
0.3408000E+01 1.71373e-09
0.3410000E+01 4.92906e-09
0.3412000E+01 5.11964e-09
0.3414000E+01 5.64471e-09
0.3416000E+01 6.76269e-09
0.3418000E+01 5.94706e-09
0.3420000E+01 1.30061e-09
0.3422000E+01 4.93431e-09
0.3424000E+01 6.39219e-09
0.3426000E+01 8.26573e-09
0.3428000E+01 7.68121e-09
0.3430000E+01 9.24045e-09
0.3432000E+01 8.35855e-09
0.3434000E+01 9.24375e-09
0.3436000E+01 4.73498e-09
0.3438000E+01 3.33797e-09
0.3440000E+01 7.20854e-09
0.3442000E+01 4.878e-09
0.3444000E+01 4.77631e-09
0.3446000E+01 7.67339e-09
0.3448000E+01 7.77538e-09
0.3450000E+01 8.10634e-09
0.3452000E+01 -6.93203e-10
0.3454000E+01 3.96688e-09
0.3456000E+01 7.36095e-09
0.3458000E+01 1.00106e-08
0.3460000E+01 1.04049e-08
0.3462000E+01 9.79073e-09
0.3464000E+01 9.54294e-09
0.3466000E+01 -1.07777e-09
0.3468000E+01 2.46945e-09
0.3470000E+01 5.62752e-09
0.3472000E+01 7.8596e-09
0.3474000E+01 7.03373e-09
0.3476000E+01 8.84652e-09
0.3478000E+01 4.47257e-09
0.3480000E+01 -3.50979e-09
0.3482000E+01 4.71819e-09
0.3484000E+01 6.08509e-09
0.3486000E+01 9.15651e-09
0.3488000E+01 7.14713e-09
0.3490000E+01 -8.69737e-11
0.3492000E+01 -7.43233e-09
0.3494000E+01 7.81225e-09
0.3496000E+01 5.64876e-09
0.3498000E+01 2.20035e-09
0.3500000E+01 9.49993e-09
0.3502000E+01 -5.41771e-09
0.3504000E+01 -4.18555e-09
0.3506000E+01 2.58549e-09
0.3508000E+01 1.12185e-08
0.3510000E+01 -1.78669e-09
0.3512000E+01 -1.41926e-08
0.3514000E+01 1.12858e-08
0.3516000E+01 6.62266e-09
0.3518000E+01 -1.02188e-09
0.3520000E+01 6.56129e-09
0.3522000E+01 1.35945e-08
0.3524000E+01 1.25084e-08
0.3526000E+01 1.63843e-08
0.3528000E+01 2.04337e-08
0.3530000E+01 1.95636e-08
0.3532000E+01 2.52837e-08
0.3534000E+01 2.65613e-08
0.3536000E+01 2.33277e-08
0.3538000E+01 2.90765e-08
0.3540000E+01 3.69604e-08
0.3542000E+01 3.06675e-08
0.3544000E+01 3.25205e-08
0.3546000E+01 4.63286e-08
0.3548000E+01 3.22808e-08
0.3550000E+01 3.40709e-08
0.3552000E+01 3.84807e-08
0.3554000E+01 4.97732e-08
0.3556000E+01 3.38807e-08
0.3558000E+01 3.44649e-08
0.3560000E+01 4.07532e-08
0.3562000E+01 4.39365e-08
0.3564000E+01 5.38535e-08
0.3566000E+01 3.97619e-08
0.3568000E+01 3.83107e-08
0.3570000E+01 4.08923e-08
0.3572000E+01 4.5332e-08
0.3574000E+01 6.52081e-08
0.3576000E+01 5.16307e-08
0.3578000E+01 4.852e-08
0.3580000E+01 5.48663e-08
0.3582000E+01 5.28023e-08
0.3584000E+01 5.69244e-08
0.3586000E+01 7.132e-08
0.3588000E+01 7.99189e-08
0.3590000E+01 9.43272e-08
0.3592000E+01 7.94003e-08
0.3594000E+01 1.16481e-07
0.3596000E+01 1.3472e-07
0.3598000E+01 3.73108e-07
0.3600000E+01 -4.72603e-07
0.3602000E+01 -8.07766e-08
0.3604000E+01 -2.80747e-08
0.3606000E+01 -2.681e-08
0.3608000E+01 -7.21326e-09
0.3610000E+01 5.55549e-09
0.3612000E+01 1.81378e-09
0.3614000E+01 8.92595e-09
0.3616000E+01 1.7912e-08
0.3618000E+01 1.82709e-08
0.3620000E+01 1.61799e-08
0.3622000E+01 3.28587e-08
0.3624000E+01 2.11603e-08
0.3626000E+01 1.50584e-08
0.3628000E+01 1.28914e-08
0.3630000E+01 9.66097e-09
0.3632000E+01 1.97416e-08
0.3634000E+01 2.18048e-08
0.3636000E+01 1.8218e-08
0.3638000E+01 1.57749e-08
0.3640000E+01 2.46383e-08
0.3642000E+01 3.26544e-08
0.3644000E+01 4.48482e-08
0.3646000E+01 2.52685e-08
0.3648000E+01 1.91678e-08
0.3650000E+01 2.00158e-08
0.3652000E+01 2.13835e-08
0.3654000E+01 2.03759e-08
0.3656000E+01 1.76865e-08
0.3658000E+01 2.06662e-08
0.3660000E+01 2.28599e-08
0.3662000E+01 2.38007e-08
0.3664000E+01 2.27388e-08
0.3666000E+01 2.33012e-08
0.3668000E+01 2.43835e-08
0.3670000E+01 4.67248e-08
0.3672000E+01 2.62576e-08
0.3674000E+01 2.42088e-08
0.3676000E+01 2.31318e-08
0.3678000E+01 2.27629e-08
0.3680000E+01 2.47299e-08
0.3682000E+01 2.5093e-08
0.3684000E+01 2.46086e-08
0.3686000E+01 2.38283e-08
0.3688000E+01 2.20127e-08
0.3690000E+01 2.32969e-08
0.3692000E+01 2.19343e-08
0.3694000E+01 2.46732e-08
0.3696000E+01 2.55728e-08
0.3698000E+01 2.81406e-08
0.3700000E+01 3.19176e-08
0.3702000E+01 3.03016e-08
0.3704000E+01 2.55312e-08
0.3706000E+01 3.10982e-08
0.3708000E+01 3.04117e-08
0.3710000E+01 2.74271e-08
0.3712000E+01 2.63873e-08
0.3714000E+01 2.47226e-08
0.3716000E+01 2.42002e-08
0.3718000E+01 2.45538e-08
0.3720000E+01 2.47289e-08
0.3722000E+01 2.52181e-08
0.3724000E+01 2.56899e-08
0.3726000E+01 2.65582e-08
0.3728000E+01 2.69235e-08
0.3730000E+01 2.50789e-08
0.3732000E+01 2.91771e-08
0.3734000E+01 3.0821e-08
0.3736000E+01 2.87666e-08
0.3738000E+01 3.3947e-08
0.3740000E+01 2.92897e-08
0.3742000E+01 2.80544e-08
0.3744000E+01 2.67618e-08
0.3746000E+01 2.67817e-08
0.3748000E+01 2.53775e-08
0.3750000E+01 2.58283e-08
0.3752000E+01 2.56983e-08
0.3754000E+01 2.42584e-08
0.3756000E+01 2.92772e-08
0.3758000E+01 2.59159e-08
0.3760000E+01 2.57233e-08
0.3762000E+01 2.60124e-08
0.3764000E+01 2.60644e-08
0.3766000E+01 2.60218e-08
0.3768000E+01 3.59073e-08
0.3770000E+01 2.96508e-08
0.3772000E+01 3.03651e-08
0.3774000E+01 2.80623e-08
0.3776000E+01 2.66591e-08
0.3778000E+01 2.88283e-08
0.3780000E+01 2.86502e-08
0.3782000E+01 2.68888e-08
0.3784000E+01 2.53449e-08
0.3786000E+01 2.63961e-08
0.3788000E+01 2.57799e-08
0.3790000E+01 2.38485e-08
0.3792000E+01 2.25667e-08
0.3794000E+01 2.41602e-08
0.3796000E+01 2.99614e-08
0.3798000E+01 2.50288e-08
0.3800000E+01 2.76987e-08
0.3802000E+01 2.49609e-08
0.3804000E+01 2.525e-08
0.3806000E+01 2.60484e-08
0.3808000E+01 2.59759e-08
0.3810000E+01 2.48107e-08
0.3812000E+01 2.52681e-08
0.3814000E+01 2.43873e-08
0.3816000E+01 2.27986e-08
0.3818000E+01 2.33711e-08
0.3820000E+01 3.72936e-08
0.3822000E+01 3.10527e-08
0.3824000E+01 2.60382e-08
0.3826000E+01 2.57399e-08
0.3828000E+01 2.44723e-08
0.3830000E+01 2.31427e-08
0.3832000E+01 2.23289e-08
0.3834000E+01 2.04301e-08
0.3836000E+01 2.08427e-08
0.3838000E+01 2.00703e-08
0.3840000E+01 2.10813e-08
0.3842000E+01 3.24669e-08
0.3844000E+01 2.73878e-08
0.3846000E+01 1.59639e-08
0.3848000E+01 6.82668e-09
0.3850000E+01 2.11229e-08
0.3852000E+01 2.06003e-08
0.3854000E+01 1.91101e-08
0.3856000E+01 1.91346e-08
0.3858000E+01 2.05855e-08
0.3860000E+01 1.83705e-08
0.3862000E+01 2.10472e-08
0.3864000E+01 2.8396e-08
0.3866000E+01 1.9164e-08
0.3868000E+01 2.17212e-08
0.3870000E+01 2.18973e-08
0.3872000E+01 1.88408e-08
0.3874000E+01 1.63833e-08
0.3876000E+01 1.73478e-08
0.3878000E+01 1.42584e-08
0.3880000E+01 1.44684e-08
0.3882000E+01 2.41533e-08
0.3884000E+01 1.86411e-08
0.3886000E+01 1.4736e-08
0.3888000E+01 1.50789e-08
0.3890000E+01 1.36041e-08
0.3892000E+01 1.25016e-08
0.3894000E+01 1.15565e-08
0.3896000E+01 1.02673e-08
0.3898000E+01 2.34241e-08
0.3900000E+01 1.3673e-08
0.3902000E+01 1.14707e-08
0.3904000E+01 9.40766e-09
0.3906000E+01 6.70973e-09
0.3908000E+01 5.39645e-09
0.3910000E+01 3.02152e-09
0.3912000E+01 3.89904e-09
0.3914000E+01 1.40843e-08
0.3916000E+01 2.27826e-09
0.3918000E+01 -7.86876e-10
0.3920000E+01 3.93367e-09
0.3922000E+01 2.25956e-09
0.3924000E+01 -2.62017e-09
0.3926000E+01 -4.36002e-09
0.3928000E+01 1.34084e-08
0.3930000E+01 3.63741e-09
0.3932000E+01 1.02661e-09
0.3934000E+01 -2.4407e-09
0.3936000E+01 4.35419e-10
0.3938000E+01 -1.03578e-09
0.3940000E+01 2.0937e-08
0.3942000E+01 2.95158e-10
0.3944000E+01 2.72167e-09
0.3946000E+01 1.36695e-09
0.3948000E+01 -1.00744e-09
0.3950000E+01 -3.0152e-09
0.3952000E+01 6.35904e-09
0.3954000E+01 -1.624e-09
0.3956000E+01 -4.80296e-09
0.3958000E+01 -5.26949e-09
0.3960000E+01 -4.9288e-09
0.3962000E+01 6.36044e-09
0.3964000E+01 8.22606e-10
0.3966000E+01 2.51773e-09
0.3968000E+01 5.85391e-10
0.3970000E+01 9.55197e-09
0.3972000E+01 5.4887e-09
0.3974000E+01 3.45208e-09
0.3976000E+01 4.08471e-09
0.3978000E+01 -2.85139e-08
0.3980000E+01 -9.74602e-09
0.3982000E+01 -1.45129e-08
0.3984000E+01 -2.58368e-09
0.3986000E+01 2.75955e-08
0.3988000E+01 5.4521e-09
0.3990000E+01 6.17329e-09
0.3992000E+01 -1.52501e-08
0.3994000E+01 -6.73959e-09
0.3996000E+01 -4.81354e-09
0.3998000E+01 7.8649e-09
0.4000000E+01 2.46928e-09
