0.0000000E+00 0
0.2000000E-02 0
0.4000000E-02 0
0.6000000E-02 0
0.8000000E-02 0
0.1000000E-01 0
0.1200000E-01 0
0.1400000E-01 0
0.1600000E-01 0
0.1800000E-01 0
0.2000000E-01 0
0.2200000E-01 0
0.2400000E-01 0
0.2600000E-01 0
0.2800000E-01 0
0.3000000E-01 0
0.3200000E-01 0
0.3400000E-01 0
0.3600000E-01 0
0.3800000E-01 0
0.4000000E-01 0
0.4200000E-01 0
0.4400000E-01 0
0.4600000E-01 0
0.4800000E-01 0
0.5000000E-01 0
0.5200000E-01 0
0.5400000E-01 0
0.5600000E-01 0
0.5800000E-01 0
0.6000000E-01 0
0.6200000E-01 0
0.6400000E-01 0
0.6600000E-01 0
0.6800000E-01 0
0.7000000E-01 0
0.7200000E-01 0
0.7400000E-01 0
0.7600000E-01 0
0.7800000E-01 0
0.8000000E-01 0
0.8200000E-01 0
0.8400000E-01 0
0.8600000E-01 -2.41356e-05
0.8800000E-01 -2.13328e-05
0.9000000E-01 -8.85237e-06
0.9200000E-01 -2.75541e-06
0.9400000E-01 -1.78596e-06
0.9600000E-01 -1.11179e-06
0.9800000E-01 -4.37012e-07
0.1000000E+00 1.82977e-07
0.1020000E+00 3.34163e-07
0.1040000E+00 -1.21895e-08
0.1060000E+00 -4.07532e-07
0.1080000E+00 -5.56104e-07
0.1100000E+00 2.29532e-07
0.1120000E+00 3.75265e-07
0.1140000E+00 5.76334e-07
0.1160000E+00 5.64653e-07
0.1180000E+00 4.37619e-08
0.1200000E+00 -4.06741e-07
0.1220000E+00 -7.67408e-08
0.1240000E+00 2.58339e-07
0.1260000E+00 2.13747e-07
0.1280000E+00 1.87512e-07
0.1300000E+00 2.23506e-07
0.1320000E+00 2.68233e-07
0.1340000E+00 2.22235e-07
0.1360000E+00 4.92928e-08
0.1380000E+00 2.74723e-08
0.1400000E+00 3.59938e-08
0.1420000E+00 5.61511e-08
0.1440000E+00 1.31056e-07
0.1460000E+00 2.1217e-07
0.1480000E+00 2.64132e-07
0.1500000E+00 2.5706e-07
0.1520000E+00 2.19168e-07
0.1540000E+00 2.62321e-07
0.1560000E+00 2.93927e-07
0.1580000E+00 3.07283e-07
0.1600000E+00 3.16599e-07
0.1620000E+00 3.25876e-07
0.1640000E+00 3.8805e-07
0.1660000E+00 4.10299e-07
0.1680000E+00 2.46382e-07
0.1700000E+00 2.75e-07
0.1720000E+00 3.04353e-07
0.1740000E+00 3.34095e-07
0.1760000E+00 2.38231e-07
0.1780000E+00 2.40396e-07
0.1800000E+00 2.47412e-07
0.1820000E+00 2.53131e-07
0.1840000E+00 2.57797e-07
0.1860000E+00 2.55912e-07
0.1880000E+00 2.57195e-07
0.1900000E+00 2.62819e-07
0.1920000E+00 1.58641e-07
0.1940000E+00 1.55054e-07
0.1960000E+00 1.77471e-07
0.1980000E+00 1.75603e-07
0.2000000E+00 1.74002e-07
0.2020000E+00 1.72667e-07
0.2040000E+00 1.716e-07
0.2060000E+00 1.70802e-07
0.2080000E+00 1.70482e-07
0.2100000E+00 1.99691e-07
0.2120000E+00 2.29283e-07
0.2140000E+00 2.30445e-07
0.2160000E+00 2.36669e-07
0.2180000E+00 2.57629e-07
0.2200000E+00 2.78455e-07
0.2220000E+00 2.8828e-07
0.2240000E+00 2.56759e-07
0.2260000E+00 2.83346e-07
0.2280000E+00 2.9797e-07
0.2300000E+00 2.66951e-07
0.2320000E+00 1.45686e-07
0.2340000E+00 1.3919e-07
0.2360000E+00 1.23989e-07
0.2380000E+00 1.35932e-07
0.2400000E+00 1.44264e-07
0.2420000E+00 1.46356e-07
0.2440000E+00 1.48579e-07
0.2460000E+00 1.48064e-07
0.2480000E+00 1.49567e-07
0.2500000E+00 1.58752e-07
0.2520000E+00 1.70655e-07
0.2540000E+00 1.64175e-07
0.2560000E+00 1.57704e-07
0.2580000E+00 1.50858e-07
0.2600000E+00 1.43923e-07
0.2620000E+00 1.53664e-07
0.2640000E+00 1.67667e-07
0.2660000E+00 1.67208e-07
0.2680000E+00 1.74751e-07
0.2700000E+00 1.93879e-07
0.2720000E+00 1.98037e-07
0.2740000E+00 2.04643e-07
0.2760000E+00 2.08991e-07
0.2780000E+00 2.13427e-07
0.2800000E+00 1.99668e-07
0.2820000E+00 1.61925e-07
0.2840000E+00 7.60636e-08
0.2860000E+00 9.24899e-08
0.2880000E+00 9.71962e-08
0.2900000E+00 9.38747e-08
0.2920000E+00 9.49244e-08
0.2940000E+00 9.67565e-08
0.2960000E+00 9.87888e-08
0.2980000E+00 1.01337e-07
0.3000000E+00 1.04297e-07
0.3020000E+00 1.09269e-07
0.3040000E+00 1.13346e-07
0.3060000E+00 1.4483e-07
0.3080000E+00 1.39337e-07
0.3100000E+00 1.33769e-07
0.3120000E+00 1.2837e-07
0.3140000E+00 1.42444e-07
0.3160000E+00 1.68678e-07
0.3180000E+00 1.68789e-07
0.3200000E+00 1.60496e-07
0.3220000E+00 1.47889e-07
0.3240000E+00 1.53256e-07
0.3260000E+00 1.57082e-07
0.3280000E+00 1.61028e-07
0.3300000E+00 1.3616e-07
0.3320000E+00 -1.21472e-08
0.3340000E+00 2.96035e-08
0.3360000E+00 1.3565e-07
0.3380000E+00 9.44178e-08
0.3400000E+00 7.08251e-08
0.3420000E+00 7.21564e-08
0.3440000E+00 7.36227e-08
0.3460000E+00 7.7158e-08
0.3480000E+00 8.09119e-08
0.3500000E+00 7.93738e-08
0.3520000E+00 8.11893e-08
0.3540000E+00 8.31957e-08
0.3560000E+00 1.06396e-07
0.3580000E+00 1.12352e-07
0.3600000E+00 1.88677e-07
0.3620000E+00 1.46554e-07
0.3640000E+00 1.23938e-07
0.3660000E+00 1.30946e-07
0.3680000E+00 1.35997e-07
0.3700000E+00 1.36212e-07
0.3720000E+00 1.39077e-07
0.3740000E+00 1.18748e-07
0.3760000E+00 -6.92553e-08
0.3780000E+00 3.94494e-08
0.3800000E+00 3.89459e-08
0.3820000E+00 3.84662e-08
0.3840000E+00 2.30151e-07
0.3860000E+00 5.18681e-08
0.3880000E+00 6.00973e-08
0.3900000E+00 6.16518e-08
0.3920000E+00 6.34611e-08
0.3940000E+00 6.50091e-08
0.3960000E+00 6.6123e-08
0.3980000E+00 6.87514e-08
0.4000000E+00 7.12375e-08
0.4020000E+00 1.07863e-07
0.4040000E+00 1.45503e-07
0.4060000E+00 1.49443e-07
0.4080000E+00 1.52736e-07
0.4100000E+00 1.56261e-07
0.4120000E+00 1.49555e-07
0.4140000E+00 1.96972e-09
0.4160000E+00 1.14993e-08
0.4180000E+00 1.20229e-08
0.4200000E+00 2.16198e-08
0.4220000E+00 1.92932e-08
0.4240000E+00 3.53372e-08
0.4260000E+00 9.37373e-08
0.4280000E+00 1.02415e-07
0.4300000E+00 8.02851e-08
0.4320000E+00 5.87409e-08
0.4340000E+00 5.83631e-08
0.4360000E+00 6.15057e-08
0.4380000E+00 6.47958e-08
0.4400000E+00 7.05224e-08
0.4420000E+00 7.4551e-08
0.4440000E+00 7.7147e-08
0.4460000E+00 1.21462e-07
0.4480000E+00 2.10798e-07
0.4500000E+00 1.54131e-10
0.4520000E+00 2.1446e-08
0.4540000E+00 9.54736e-09
0.4560000E+00 2.49009e-08
0.4580000E+00 3.46416e-08
0.4600000E+00 3.56632e-08
0.4620000E+00 3.73567e-08
0.4640000E+00 3.96621e-08
0.4660000E+00 7.43214e-08
0.4680000E+00 6.89694e-08
0.4700000E+00 9.00249e-08
0.4720000E+00 7.94637e-08
0.4740000E+00 7.76904e-08
0.4760000E+00 7.70447e-08
0.4780000E+00 8.34737e-08
0.4800000E+00 3.05193e-08
0.4820000E+00 -8.61764e-08
0.4840000E+00 -7.00645e-08
0.4860000E+00 1.83305e-07
0.4880000E+00 3.43519e-08
0.4900000E+00 6.54139e-08
0.4920000E+00 6.81665e-08
0.4940000E+00 6.19012e-08
0.4960000E+00 5.0712e-08
0.4980000E+00 6.08425e-08
0.5000000E+00 7.82638e-08
0.5020000E+00 9.1122e-08
0.5040000E+00 9.83144e-08
0.5060000E+00 1.07469e-07
0.5080000E+00 2.94505e-08
0.5100000E+00 -1.16886e-07
0.5120000E+00 -3.20591e-08
0.5140000E+00 -2.88409e-08
0.5160000E+00 5.36791e-08
0.5180000E+00 5.49995e-08
0.5200000E+00 4.09663e-08
0.5220000E+00 3.89032e-08
0.5240000E+00 3.49864e-08
0.5260000E+00 4.47491e-08
0.5280000E+00 5.18453e-08
0.5300000E+00 6.38841e-08
0.5320000E+00 1.27833e-07
0.5340000E+00 1.46027e-08
0.5360000E+00 -3.81696e-09
0.5380000E+00 -6.64313e-09
0.5400000E+00 -1.1288e-09
0.5420000E+00 2.46492e-08
0.5440000E+00 5.41849e-08
0.5460000E+00 5.35297e-08
0.5480000E+00 5.29754e-08
0.5500000E+00 5.37766e-08
0.5520000E+00 5.7395e-08
0.5540000E+00 -1.59323e-07
0.5560000E+00 -2.63228e-08
0.5580000E+00 1.91034e-08
0.5600000E+00 4.958e-09
0.5620000E+00 9.6531e-09
0.5640000E+00 2.16909e-08
0.5660000E+00 3.31962e-08
0.5680000E+00 2.41063e-08
0.5700000E+00 1.40187e-07
0.5720000E+00 -1.12673e-07
0.5740000E+00 -4.61417e-08
0.5760000E+00 3.14032e-08
0.5780000E+00 2.06048e-08
0.5800000E+00 2.54576e-09
0.5820000E+00 -3.13871e-09
0.5840000E+00 -9.66016e-09
0.5860000E+00 -1.17821e-07
0.5880000E+00 3.68852e-08
0.5900000E+00 2.58892e-08
0.5920000E+00 5.24401e-08
0.5940000E+00 -5.50382e-08
0.5960000E+00 1.35784e-08
0.5980000E+00 -1.32304e-07
0.6000000E+00 -9.55406e-08
0.6020000E+00 -1.23757e-07
0.6040000E+00 -1.48535e-07
0.6060000E+00 -1.42995e-07
0.6080000E+00 4.69965e-07
0.6100000E+00 -2.03678e-07
0.6120000E+00 -1.602e-07
0.6140000E+00 -1.19832e-07
0.6160000E+00 -3.38964e-07
0.6180000E+00 -8.9531e-07
0.6200000E+00 1.35532e-06
0.6220000E+00 -3.19662e-07
0.6240000E+00 -1.41752e-06
0.6260000E+00 -3.80308e-07
0.6280000E+00 -2.05992e-06
0.6300000E+00 2.85065e-07
0.6320000E+00 3.4375e-06
0.6340000E+00 -7.33682e-07
0.6360000E+00 7.592e-07
0.6380000E+00 -1.06792e-07
0.6400000E+00 4.93847e-08
0.6420000E+00 -3.08076e-07
0.6440000E+00 2.66422e-07
0.6460000E+00 -3.32197e-08
0.6480000E+00 1.42402e-08
0.6500000E+00 -6.70448e-08
0.6520000E+00 -9.32385e-08
0.6540000E+00 3.72474e-07
0.6560000E+00 4.43997e-08
0.6580000E+00 2.25105e-07
0.6600000E+00 1.07478e-07
0.6620000E+00 1.60558e-08
0.6640000E+00 4.72663e-09
0.6660000E+00 1.07179e-07
0.6680000E+00 2.36097e-07
0.6700000E+00 3.0884e-08
0.6720000E+00 2.08423e-07
0.6740000E+00 8.45635e-08
0.6760000E+00 7.90258e-08
0.6780000E+00 5.7137e-08
0.6800000E+00 3.84623e-08
0.6820000E+00 3.21141e-08
0.6840000E+00 1.27718e-07
0.6860000E+00 1.09754e-07
0.6880000E+00 1.09413e-07
0.6900000E+00 4.60786e-08
0.6920000E+00 5.46809e-08
0.6940000E+00 5.57957e-08
0.6960000E+00 7.5823e-08
0.6980000E+00 9.36339e-08
0.7000000E+00 7.2191e-08
0.7020000E+00 7.41445e-08
0.7040000E+00 8.58044e-08
0.7060000E+00 1.35106e-07
0.7080000E+00 1.14412e-07
0.7100000E+00 9.86821e-08
0.7120000E+00 2.59175e-08
0.7140000E+00 5.41714e-08
0.7160000E+00 5.73437e-08
0.7180000E+00 6.26303e-08
0.7200000E+00 5.53522e-08
0.7220000E+00 5.39306e-08
0.7240000E+00 5.3272e-08
0.7260000E+00 5.53826e-08
0.7280000E+00 5.54508e-08
0.7300000E+00 7.85034e-08
0.7320000E+00 8.20297e-08
0.7340000E+00 9.31639e-08
0.7360000E+00 1.02885e-07
0.7380000E+00 -4.59035e-09
0.7400000E+00 7.37682e-08
0.7420000E+00 6.60839e-08
0.7440000E+00 6.43521e-08
0.7460000E+00 6.21378e-08
0.7480000E+00 5.74894e-08
0.7500000E+00 6.18707e-08
0.7520000E+00 7.28626e-08
0.7540000E+00 6.21851e-08
0.7560000E+00 6.33562e-08
0.7580000E+00 7.64016e-08
0.7600000E+00 8.32057e-08
0.7620000E+00 7.15723e-08
0.7640000E+00 6.99125e-08
0.7660000E+00 6.93011e-08
0.7680000E+00 1.50786e-09
0.7700000E+00 4.48668e-08
0.7720000E+00 4.99854e-08
0.7740000E+00 4.48908e-08
0.7760000E+00 6.80053e-08
0.7780000E+00 8.90734e-08
0.7800000E+00 7.31059e-08
0.7820000E+00 6.34633e-08
0.7840000E+00 6.22605e-08
0.7860000E+00 6.11166e-08
0.7880000E+00 5.78004e-08
0.7900000E+00 7.15158e-08
0.7920000E+00 8.61903e-08
0.7940000E+00 7.70872e-08
0.7960000E+00 7.00552e-08
0.7980000E+00 6.7244e-08
0.8000000E+00 6.48927e-08
0.8020000E+00 1.78062e-08
0.8040000E+00 1.97634e-08
0.8060000E+00 3.92983e-08
0.8080000E+00 3.85341e-08
0.8100000E+00 3.70081e-08
0.8120000E+00 3.83788e-08
0.8140000E+00 7.46238e-08
0.8160000E+00 9.27992e-08
0.8180000E+00 8.89762e-08
0.8200000E+00 6.81271e-08
0.8220000E+00 6.72544e-08
0.8240000E+00 6.47508e-08
0.8260000E+00 8.06714e-08
0.8280000E+00 6.32088e-08
0.8300000E+00 5.91397e-08
0.8320000E+00 5.44169e-08
0.8340000E+00 5.30844e-08
0.8360000E+00 5.73147e-08
0.8380000E+00 6.76642e-08
0.8400000E+00 1.29467e-08
0.8420000E+00 3.30819e-08
0.8440000E+00 3.95493e-08
0.8460000E+00 3.72809e-08
0.8480000E+00 4.02998e-08
0.8500000E+00 3.94763e-08
0.8520000E+00 5.06361e-08
0.8540000E+00 7.12256e-08
0.8560000E+00 8.08272e-08
0.8580000E+00 7.70672e-08
0.8600000E+00 6.49976e-08
0.8620000E+00 6.06162e-08
0.8640000E+00 7.73925e-08
0.8660000E+00 5.98401e-08
0.8680000E+00 5.94049e-08
0.8700000E+00 5.8796e-08
0.8720000E+00 5.76085e-08
0.8740000E+00 5.54032e-08
0.8760000E+00 5.35338e-08
0.8780000E+00 5.24935e-08
0.8800000E+00 5.05826e-08
0.8820000E+00 2.57732e-08
0.8840000E+00 2.67535e-08
0.8860000E+00 2.98187e-08
0.8880000E+00 3.20267e-08
0.8900000E+00 4.78707e-08
0.8920000E+00 9.24135e-08
0.8940000E+00 1.0036e-07
0.8960000E+00 5.25712e-08
0.8980000E+00 5.06979e-08
0.9000000E+00 5.46294e-08
0.9020000E+00 5.72373e-08
0.9040000E+00 5.6206e-08
0.9060000E+00 5.1806e-08
0.9080000E+00 4.62961e-08
0.9100000E+00 4.36878e-08
0.9120000E+00 4.2475e-08
0.9140000E+00 4.0737e-08
0.9160000E+00 3.96323e-08
0.9180000E+00 7.30485e-08
0.9200000E+00 4.7136e-08
0.9220000E+00 4.64036e-08
0.9240000E+00 4.55199e-08
0.9260000E+00 3.01136e-08
0.9280000E+00 5.10542e-08
0.9300000E+00 7.98601e-08
0.9320000E+00 7.8098e-08
0.9340000E+00 6.47862e-08
0.9360000E+00 5.29652e-08
0.9380000E+00 4.65419e-08
0.9400000E+00 4.3825e-08
0.9420000E+00 4.27225e-08
0.9440000E+00 4.14553e-08
0.9460000E+00 4.07164e-08
0.9480000E+00 5.67315e-08
0.9500000E+00 5.48105e-08
0.9520000E+00 5.07492e-08
0.9540000E+00 4.18218e-08
0.9560000E+00 3.18347e-08
0.9580000E+00 2.74139e-08
0.9600000E+00 3.04927e-08
0.9620000E+00 3.01469e-08
0.9640000E+00 3.94866e-08
0.9660000E+00 7.2807e-08
0.9680000E+00 8.84667e-08
0.9700000E+00 6.72287e-08
0.9720000E+00 3.40945e-08
0.9740000E+00 4.37691e-08
0.9760000E+00 4.20853e-08
0.9780000E+00 3.83172e-08
0.9800000E+00 6.1007e-08
0.9820000E+00 4.44827e-08
0.9840000E+00 4.32047e-08
0.9860000E+00 4.08284e-08
0.9880000E+00 3.83093e-08
0.9900000E+00 3.77445e-08
0.9920000E+00 3.47852e-08
0.9940000E+00 3.30711e-08
0.9960000E+00 3.1447e-08
0.9980000E+00 2.98487e-08
0.1000000E+01 2.78131e-08
0.1002000E+01 7.05175e-08
0.1004000E+01 9.22168e-08
0.1006000E+01 6.98742e-08
0.1008000E+01 5.5138e-08
0.1010000E+01 6.07614e-08
0.1012000E+01 6.8634e-08
0.1014000E+01 4.81778e-08
0.1016000E+01 3.83681e-08
0.1018000E+01 3.82493e-08
0.1020000E+01 2.20272e-08
0.1022000E+01 2.5923e-08
0.1024000E+01 2.80976e-08
0.1026000E+01 2.88571e-08
0.1028000E+01 2.74022e-08
0.1030000E+01 2.62163e-08
0.1032000E+01 2.56763e-08
0.1034000E+01 2.48095e-08
0.1036000E+01 3.34007e-08
0.1038000E+01 6.20767e-08
0.1040000E+01 8.61895e-08
0.1042000E+01 7.54942e-08
0.1044000E+01 7.06386e-08
0.1046000E+01 6.14504e-08
0.1048000E+01 4.82038e-08
0.1050000E+01 4.69756e-08
0.1052000E+01 4.43953e-08
0.1054000E+01 4.2796e-08
0.1056000E+01 4.14378e-08
0.1058000E+01 3.88387e-08
0.1060000E+01 3.46493e-08
0.1062000E+01 3.19351e-08
0.1064000E+01 2.90886e-08
0.1066000E+01 2.62924e-08
0.1068000E+01 2.45131e-08
0.1070000E+01 8.74685e-09
0.1072000E+01 2.52658e-08
0.1074000E+01 7.53846e-08
0.1076000E+01 9.22465e-08
0.1078000E+01 5.57035e-08
0.1080000E+01 6.50685e-08
0.1082000E+01 5.46703e-08
0.1084000E+01 5.42952e-08
0.1086000E+01 4.58938e-08
0.1088000E+01 3.59752e-08
0.1090000E+01 3.2297e-08
0.1092000E+01 3.00524e-08
0.1094000E+01 2.87305e-08
0.1096000E+01 2.71291e-08
0.1098000E+01 2.56977e-08
0.1100000E+01 2.49183e-08
0.1102000E+01 2.38405e-08
0.1104000E+01 2.23642e-08
0.1106000E+01 3.55213e-08
0.1108000E+01 6.29548e-08
0.1110000E+01 8.0001e-08
0.1112000E+01 6.82787e-08
0.1114000E+01 6.30382e-08
0.1116000E+01 5.14378e-08
0.1118000E+01 4.30393e-08
0.1120000E+01 3.90715e-08
0.1122000E+01 3.34843e-08
0.1124000E+01 3.42781e-08
0.1126000E+01 2.75651e-08
0.1128000E+01 2.34945e-08
0.1130000E+01 2.3303e-08
0.1132000E+01 1.96688e-08
0.1134000E+01 1.68539e-08
0.1136000E+01 1.63011e-08
0.1138000E+01 1.59421e-08
0.1140000E+01 1.38937e-08
0.1142000E+01 7.99114e-08
0.1144000E+01 9.82573e-08
0.1146000E+01 5.27367e-08
0.1148000E+01 5.08298e-08
0.1150000E+01 6.56436e-08
0.1152000E+01 5.43532e-08
0.1154000E+01 4.78008e-08
0.1156000E+01 3.80778e-08
0.1158000E+01 3.28151e-08
0.1160000E+01 2.95026e-08
0.1162000E+01 2.706e-08
0.1164000E+01 2.54241e-08
0.1166000E+01 2.43163e-08
0.1168000E+01 2.31579e-08
0.1170000E+01 2.20289e-08
0.1172000E+01 2.09328e-08
0.1174000E+01 4.08229e-08
0.1176000E+01 7.51989e-08
0.1178000E+01 9.09417e-08
0.1180000E+01 6.71467e-08
0.1182000E+01 3.84063e-08
0.1184000E+01 2.95488e-08
0.1186000E+01 3.1799e-08
0.1188000E+01 4.51173e-08
0.1190000E+01 4.45296e-08
0.1192000E+01 3.49037e-08
0.1194000E+01 3.24126e-08
0.1196000E+01 2.96306e-08
0.1198000E+01 2.67107e-08
0.1200000E+01 2.33108e-08
0.1202000E+01 2.01918e-08
0.1204000E+01 1.64275e-08
0.1206000E+01 1.39253e-08
0.1208000E+01 7.79065e-08
0.1210000E+01 9.63457e-08
0.1212000E+01 5.28297e-08
0.1214000E+01 5.15568e-08
0.1216000E+01 4.99318e-08
0.1218000E+01 4.43511e-08
0.1220000E+01 3.68361e-08
0.1222000E+01 2.90406e-08
0.1224000E+01 2.13924e-08
0.1226000E+01 3.77818e-08
0.1228000E+01 2.68605e-08
0.1230000E+01 2.52092e-08
0.1232000E+01 2.37269e-08
0.1234000E+01 1.83509e-08
0.1236000E+01 1.26472e-08
0.1238000E+01 1.8215e-08
0.1240000E+01 5.16389e-08
0.1242000E+01 8.56231e-08
0.1244000E+01 7.35539e-08
0.1246000E+01 4.95487e-08
0.1248000E+01 3.36968e-08
0.1250000E+01 3.10599e-08
0.1252000E+01 2.95614e-08
0.1254000E+01 2.6256e-08
0.1256000E+01 2.39512e-08
0.1258000E+01 2.37511e-08
0.1260000E+01 2.11349e-08
0.1262000E+01 1.75444e-08
0.1264000E+01 2.3854e-08
0.1266000E+01 2.51697e-08
0.1268000E+01 1.93228e-08
0.1270000E+01 1.5053e-08
0.1272000E+01 8.91445e-08
0.1274000E+01 1.10493e-07
0.1276000E+01 6.03746e-08
0.1278000E+01 5.87218e-08
0.1280000E+01 5.74767e-08
0.1282000E+01 5.10513e-08
0.1284000E+01 3.92405e-08
0.1286000E+01 2.96397e-08
0.1288000E+01 2.54253e-08
0.1290000E+01 2.3113e-08
0.1292000E+01 2.183e-08
0.1294000E+01 2.12228e-08
0.1296000E+01 2.00988e-08
0.1298000E+01 1.89056e-08
0.1300000E+01 1.40795e-08
0.1302000E+01 4.34501e-08
0.1304000E+01 9.86215e-08
0.1306000E+01 1.06117e-07
0.1308000E+01 7.04701e-08
0.1310000E+01 3.28481e-08
0.1312000E+01 2.82201e-08
0.1314000E+01 2.88905e-08
0.1316000E+01 2.88358e-08
0.1318000E+01 2.81081e-08
0.1320000E+01 2.7377e-08
0.1322000E+01 2.29406e-08
0.1324000E+01 1.71597e-08
0.1326000E+01 1.36539e-08
0.1328000E+01 1.21066e-08
0.1330000E+01 1.05919e-08
0.1332000E+01 3.55281e-08
0.1334000E+01 7.63993e-08
0.1336000E+01 9.73229e-08
0.1338000E+01 5.3096e-08
0.1340000E+01 5.19603e-08
0.1342000E+01 4.1124e-08
0.1344000E+01 4.37029e-08
0.1346000E+01 3.15489e-08
0.1348000E+01 2.77339e-08
0.1350000E+01 2.54824e-08
0.1352000E+01 2.21962e-08
0.1354000E+01 2.07396e-08
0.1356000E+01 1.94543e-08
0.1358000E+01 1.83461e-08
0.1360000E+01 1.72219e-08
0.1362000E+01 5.16722e-08
0.1364000E+01 1.05246e-07
0.1366000E+01 1.04941e-07
0.1368000E+01 6.80064e-08
0.1370000E+01 5.16275e-08
0.1372000E+01 4.29029e-08
0.1374000E+01 4.18689e-08
0.1376000E+01 3.59419e-08
0.1378000E+01 5.01194e-09
0.1380000E+01 -3.23682e-09
0.1382000E+01 5.00655e-09
0.1384000E+01 1.20635e-08
0.1386000E+01 1.40658e-08
0.1388000E+01 8.60329e-09
0.1390000E+01 1.41595e-08
0.1392000E+01 6.97153e-08
0.1394000E+01 1.02798e-07
0.1396000E+01 7.24237e-08
0.1398000E+01 5.48713e-08
0.1400000E+01 4.53962e-08
0.1402000E+01 3.97778e-08
0.1404000E+01 3.77103e-08
0.1406000E+01 3.18015e-08
0.1408000E+01 2.56801e-08
0.1410000E+01 2.34167e-08
0.1412000E+01 1.2184e-08
0.1414000E+01 7.32626e-09
0.1416000E+01 1.07796e-08
0.1418000E+01 8.25826e-09
0.1420000E+01 7.80445e-08
0.1422000E+01 1.02646e-07
0.1424000E+01 6.23715e-08
0.1426000E+01 6.94804e-08
0.1428000E+01 5.71547e-08
0.1430000E+01 4.44138e-08
0.1432000E+01 1.17698e-08
0.1434000E+01 3.73615e-11
0.1436000E+01 1.09461e-08
0.1438000E+01 1.25414e-08
0.1440000E+01 9.56427e-09
0.1442000E+01 -3.62154e-09
0.1444000E+01 -2.41071e-09
0.1446000E+01 8.62455e-09
0.1448000E+01 5.46863e-08
0.1450000E+01 9.95757e-08
0.1452000E+01 7.16328e-08
0.1454000E+01 3.95319e-08
0.1456000E+01 3.16535e-08
0.1458000E+01 3.02467e-08
0.1460000E+01 2.97596e-08
0.1462000E+01 2.89473e-08
0.1464000E+01 2.69314e-08
0.1466000E+01 2.94633e-08
0.1468000E+01 7.11606e-09
0.1470000E+01 6.37106e-09
0.1472000E+01 6.29188e-09
0.1474000E+01 3.21441e-08
0.1476000E+01 7.95987e-08
0.1478000E+01 6.79956e-08
0.1480000E+01 2.07901e-08
0.1482000E+01 2.28384e-08
0.1484000E+01 2.36992e-08
0.1486000E+01 2.12316e-08
0.1488000E+01 1.66876e-08
0.1490000E+01 1.95823e-10
0.1492000E+01 -7.92123e-09
0.1494000E+01 -3.94254e-09
0.1496000E+01 -5.11431e-11
0.1498000E+01 5.71168e-09
0.1500000E+01 4.53885e-09
0.1502000E+01 7.2529e-08
0.1504000E+01 9.90191e-08
0.1506000E+01 5.62972e-08
0.1508000E+01 6.34053e-08
0.1510000E+01 5.0667e-08
0.1512000E+01 1.74499e-08
0.1514000E+01 1.8038e-09
0.1516000E+01 1.18372e-08
0.1518000E+01 1.34682e-08
0.1520000E+01 -3.77983e-09
0.1522000E+01 -2.03156e-08
0.1524000E+01 -1.30635e-08
0.1526000E+01 -5.94598e-09
0.1528000E+01 4.29594e-08
0.1530000E+01 7.40188e-08
0.1532000E+01 2.64275e-08
0.1534000E+01 7.86108e-09
0.1536000E+01 8.20528e-09
0.1538000E+01 8.44651e-09
0.1540000E+01 1.0719e-08
0.1542000E+01 1.09722e-08
0.1544000E+01 9.50452e-09
0.1546000E+01 6.27883e-09
0.1548000E+01 1.53075e-08
0.1550000E+01 -3.24026e-09
0.1552000E+01 8.29584e-09
0.1554000E+01 5.64859e-08
0.1556000E+01 8.04841e-08
0.1558000E+01 3.66356e-08
0.1560000E+01 6.3269e-09
0.1562000E+01 8.23291e-09
0.1564000E+01 1.46297e-08
0.1566000E+01 -1.18265e-09
0.1568000E+01 -1.29445e-08
0.1570000E+01 -3.1385e-09
0.1572000E+01 -2.27646e-09
0.1574000E+01 -3.23955e-09
0.1576000E+01 -2.42528e-09
0.1578000E+01 4.63701e-08
0.1580000E+01 7.34196e-08
0.1582000E+01 4.4898e-08
0.1584000E+01 2.54124e-08
0.1586000E+01 2.8672e-08
0.1588000E+01 3.35855e-08
0.1590000E+01 2.65492e-08
0.1592000E+01 2.03028e-08
0.1594000E+01 -9.62045e-10
0.1596000E+01 -1.21336e-08
0.1598000E+01 -2.14433e-09
0.1600000E+01 -1.99182e-09
0.1602000E+01 2.69916e-08
0.1604000E+01 2.41493e-08
0.1606000E+01 2.37666e-08
0.1608000E+01 4.31305e-08
0.1610000E+01 4.32699e-08
0.1612000E+01 4.28216e-08
0.1614000E+01 2.98481e-08
0.1616000E+01 3.03588e-08
0.1618000E+01 2.87416e-08
0.1620000E+01 2.83725e-08
0.1622000E+01 2.81739e-08
0.1624000E+01 2.32292e-08
0.1626000E+01 -3.63972e-08
0.1628000E+01 6.06928e-08
0.1630000E+01 6.14801e-08
0.1632000E+01 3.94407e-08
0.1634000E+01 3.65116e-08
0.1636000E+01 3.6514e-08
0.1638000E+01 2.63964e-08
0.1640000E+01 2.53768e-08
0.1642000E+01 8.17261e-09
0.1644000E+01 1.51027e-09
0.1646000E+01 3.28643e-08
0.1648000E+01 3.15872e-08
0.1650000E+01 6.73407e-08
0.1652000E+01 1.02559e-07
0.1654000E+01 7.96616e-08
0.1656000E+01 4.42134e-08
0.1658000E+01 2.6655e-08
0.1660000E+01 2.96114e-08
0.1662000E+01 1.981e-08
0.1664000E+01 1.18739e-08
0.1666000E+01 5.87539e-09
0.1668000E+01 2.86319e-08
0.1670000E+01 2.77637e-08
0.1672000E+01 4.9248e-08
0.1674000E+01 9.0873e-08
0.1676000E+01 9.04717e-08
0.1678000E+01 6.30184e-08
0.1680000E+01 5.94e-08
0.1682000E+01 5.94484e-08
0.1684000E+01 4.205e-08
0.1686000E+01 2.53924e-08
0.1688000E+01 2.26183e-08
0.1690000E+01 1.56563e-08
0.1692000E+01 8.47756e-09
0.1694000E+01 3.94275e-08
0.1696000E+01 8.8446e-08
0.1698000E+01 9.25854e-08
0.1700000E+01 6.59423e-08
0.1702000E+01 5.89311e-08
0.1704000E+01 5.43252e-08
0.1706000E+01 5.12511e-08
0.1708000E+01 4.77345e-08
0.1710000E+01 4.35261e-08
0.1712000E+01 2.62429e-08
0.1714000E+01 1.48101e-08
0.1716000E+01 4.02802e-08
0.1718000E+01 7.55448e-08
0.1720000E+01 6.50239e-08
0.1722000E+01 4.36547e-08
0.1724000E+01 3.93419e-08
0.1726000E+01 4.94596e-08
0.1728000E+01 4.18477e-08
0.1730000E+01 3.96803e-08
0.1732000E+01 3.98118e-08
0.1734000E+01 4.61791e-08
0.1736000E+01 3.69162e-08
0.1738000E+01 6.78726e-08
0.1740000E+01 8.2931e-08
0.1742000E+01 5.60567e-08
0.1744000E+01 5.63318e-08
0.1746000E+01 6.64573e-08
0.1748000E+01 3.87019e-08
0.1750000E+01 3.29518e-08
0.1752000E+01 3.0538e-08
0.1754000E+01 2.81955e-08
0.1756000E+01 2.5868e-08
0.1758000E+01 3.04873e-08
0.1760000E+01 6.47025e-08
0.1762000E+01 4.44612e-08
0.1764000E+01 4.37275e-08
0.1766000E+01 3.78019e-08
0.1768000E+01 3.30338e-08
0.1770000E+01 3.03707e-08
0.1772000E+01 3.14536e-08
0.1774000E+01 2.90812e-08
0.1776000E+01 3.08365e-08
0.1778000E+01 6.65247e-08
0.1780000E+01 1.03049e-07
0.1782000E+01 8.01743e-08
0.1784000E+01 6.33582e-08
0.1786000E+01 4.11759e-08
0.1788000E+01 3.31594e-08
0.1790000E+01 2.71723e-08
0.1792000E+01 2.37303e-08
0.1794000E+01 1.72221e-08
0.1796000E+01 6.13178e-09
0.1798000E+01 5.57845e-08
0.1800000E+01 7.43947e-08
0.1802000E+01 5.02091e-08
0.1804000E+01 3.72733e-08
0.1806000E+01 2.90567e-08
0.1808000E+01 2.96178e-08
0.1810000E+01 2.95803e-08
0.1812000E+01 4.09963e-08
0.1814000E+01 3.71171e-08
0.1816000E+01 4.18687e-08
0.1818000E+01 6.55183e-08
0.1820000E+01 5.6664e-08
0.1822000E+01 4.1727e-08
0.1824000E+01 3.80548e-08
0.1826000E+01 3.96425e-08
0.1828000E+01 3.60337e-08
0.1830000E+01 2.33848e-08
0.1832000E+01 1.69277e-08
0.1834000E+01 2.20916e-08
0.1836000E+01 4.785e-08
0.1838000E+01 5.08766e-08
0.1840000E+01 3.9357e-08
0.1842000E+01 3.53395e-08
0.1844000E+01 4.16444e-08
0.1846000E+01 4.72593e-08
0.1848000E+01 3.84316e-08
0.1850000E+01 3.21459e-08
0.1852000E+01 4.27829e-08
0.1854000E+01 6.16905e-08
0.1856000E+01 4.60423e-08
0.1858000E+01 3.35411e-08
0.1860000E+01 3.31171e-08
0.1862000E+01 4.55515e-08
0.1864000E+01 4.32267e-08
0.1866000E+01 3.47051e-08
0.1868000E+01 3.11712e-08
0.1870000E+01 6.04798e-08
0.1872000E+01 6.33427e-08
0.1874000E+01 4.57233e-08
0.1876000E+01 3.84274e-08
0.1878000E+01 5.17092e-08
0.1880000E+01 5.12205e-08
0.1882000E+01 4.52836e-08
0.1884000E+01 4.27774e-08
0.1886000E+01 5.29538e-08
0.1888000E+01 5.37888e-08
0.1890000E+01 4.22732e-08
0.1892000E+01 4.39257e-08
0.1894000E+01 6.81733e-08
0.1896000E+01 6.51417e-08
0.1898000E+01 5.12501e-08
0.1900000E+01 5.09459e-08
0.1902000E+01 4.65723e-08
0.1904000E+01 4.40683e-08
0.1906000E+01 4.6236e-08
0.1908000E+01 8.30816e-08
0.1910000E+01 1.00284e-07
0.1912000E+01 6.25299e-08
0.1914000E+01 5.15877e-08
0.1916000E+01 3.40603e-08
0.1918000E+01 3.56397e-08
0.1920000E+01 5.35049e-08
0.1922000E+01 3.80003e-08
0.1924000E+01 -2.10002e-07
0.1926000E+01 1.47114e-07
0.1928000E+01 4.70883e-07
0.1930000E+01 3.0714e-07
0.1932000E+01 2.79038e-07
0.1934000E+01 3.62856e-07
0.1936000E+01 3.28194e-07
0.1938000E+01 1.94784e-07
0.1940000E+01 1.81162e-07
0.1942000E+01 4.48001e-07
0.1944000E+01 5.66251e-07
0.1946000E+01 5.97458e-07
0.1948000E+01 6.87561e-07
0.1950000E+01 9.82772e-07
0.1952000E+01 7.77428e-07
0.1954000E+01 3.71948e-06
0.1956000E+01 -5.41163e-07
0.1958000E+01 -4.40796e-06
0.1960000E+01 -1.44108e-06
0.1962000E+01 -1.61941e-06
0.1964000E+01 -5.96517e-07
0.1966000E+01 -3.98071e-07
0.1968000E+01 -4.11304e-07
0.1970000E+01 -5.11354e-07
0.1972000E+01 -7.81408e-07
0.1974000E+01 -7.60422e-07
0.1976000E+01 -3.04093e-07
0.1978000E+01 -2.11417e-07
0.1980000E+01 -8.11811e-07
0.1982000E+01 -6.23731e-07
0.1984000E+01 -2.61883e-07
0.1986000E+01 -1.63795e-07
0.1988000E+01 -1.81774e-07
0.1990000E+01 -2.39492e-07
0.1992000E+01 -2.68056e-07
0.1994000E+01 -8.87825e-08
0.1996000E+01 -9.26583e-08
0.1998000E+01 -9.69552e-08
0.2000000E+01 -9.68493e-08
0.2002000E+01 -9.86121e-08
0.2004000E+01 -1.01495e-07
0.2006000E+01 -1.05493e-07
0.2008000E+01 -1.09189e-07
0.2010000E+01 -1.14618e-07
0.2012000E+01 -1.23308e-07
0.2014000E+01 -1.40044e-07
0.2016000E+01 -1.79902e-07
0.2018000E+01 -1.25231e-07
0.2020000E+01 -7.30473e-08
0.2022000E+01 -7.59329e-08
0.2024000E+01 -7.94833e-08
0.2026000E+01 -7.21513e-08
0.2028000E+01 -7.20233e-08
0.2030000E+01 9.82557e-08
0.2032000E+01 4.82345e-07
0.2034000E+01 9.38843e-07
0.2036000E+01 1.78869e-07
0.2038000E+01 -7.15311e-07
0.2040000E+01 -1.08123e-07
0.2042000E+01 5.70123e-08
0.2044000E+01 7.92936e-08
0.2046000E+01 -6.43837e-08
0.2048000E+01 1.01796e-07
0.2050000E+01 2.83559e-07
0.2052000E+01 1.3966e-07
0.2054000E+01 -2.35511e-07
0.2056000E+01 -2.30493e-07
0.2058000E+01 -7.23168e-08
0.2060000E+01 -2.35004e-08
0.2062000E+01 -2.82654e-08
0.2064000E+01 -5.57033e-08
0.2066000E+01 -9.26685e-08
0.2068000E+01 -9.4363e-08
0.2070000E+01 -6.64674e-08
0.2072000E+01 -3.81375e-08
0.2074000E+01 7.52144e-08
0.2076000E+01 2.91426e-08
0.2078000E+01 4.33198e-08
0.2080000E+01 5.48541e-08
0.2082000E+01 2.48567e-08
0.2084000E+01 -7.10695e-08
0.2086000E+01 -7.26245e-08
0.2088000E+01 -6.62747e-08
0.2090000E+01 -7.9352e-08
0.2092000E+01 -1.37514e-08
0.2094000E+01 4.47319e-08
0.2096000E+01 -7.77938e-09
0.2098000E+01 -3.51527e-08
0.2100000E+01 -2.30879e-08
0.2102000E+01 -2.43803e-08
0.2104000E+01 -2.64537e-08
0.2106000E+01 -1.46546e-08
0.2108000E+01 6.89997e-09
0.2110000E+01 1.81421e-08
0.2112000E+01 1.20375e-08
0.2114000E+01 1.28628e-08
0.2116000E+01 4.76797e-08
0.2118000E+01 -7.46419e-09
0.2120000E+01 -6.52615e-08
0.2122000E+01 -5.0039e-08
0.2124000E+01 -6.3752e-08
0.2126000E+01 -3.8923e-08
0.2128000E+01 1.18449e-08
0.2130000E+01 4.6403e-08
0.2132000E+01 1.94297e-08
0.2134000E+01 -2.52365e-08
0.2136000E+01 -2.40863e-08
0.2138000E+01 -2.23841e-08
0.2140000E+01 -2.17248e-08
0.2142000E+01 -2.86582e-08
0.2144000E+01 -3.46846e-09
0.2146000E+01 2.73984e-08
0.2148000E+01 8.90496e-09
0.2150000E+01 -9.10478e-09
0.2152000E+01 -5.23052e-09
0.2154000E+01 2.89725e-09
0.2156000E+01 -3.00142e-08
0.2158000E+01 -6.31332e-08
0.2160000E+01 -3.20008e-08
0.2162000E+01 -7.36378e-09
0.2164000E+01 -7.28513e-09
0.2166000E+01 -1.36409e-08
0.2168000E+01 -1.01864e-08
0.2170000E+01 -7.22749e-09
0.2172000E+01 -1.97067e-08
0.2174000E+01 -4.415e-08
0.2176000E+01 -5.05321e-08
0.2178000E+01 -1.5219e-08
0.2180000E+01 6.22628e-08
0.2182000E+01 5.20596e-08
0.2184000E+01 -8.78765e-09
0.2186000E+01 -1.32851e-08
0.2188000E+01 -1.34366e-08
0.2190000E+01 -1.62823e-08
0.2192000E+01 -1.44166e-09
0.2194000E+01 2.55426e-08
0.2196000E+01 4.59502e-08
0.2198000E+01 -1.27632e-08
0.2200000E+01 -2.98258e-08
0.2202000E+01 -2.22552e-08
0.2204000E+01 -1.99873e-08
0.2206000E+01 -2.03272e-08
0.2208000E+01 -1.81454e-09
0.2210000E+01 1.67534e-08
0.2212000E+01 1.91354e-08
0.2214000E+01 2.48081e-08
0.2216000E+01 -5.29315e-09
0.2218000E+01 -3.52518e-08
0.2220000E+01 -4.72243e-08
0.2222000E+01 5.95136e-08
0.2224000E+01 7.33927e-08
0.2226000E+01 2.19466e-09
0.2228000E+01 1.08212e-08
0.2230000E+01 9.81985e-09
0.2232000E+01 4.63261e-08
0.2234000E+01 8.90248e-08
0.2236000E+01 9.92495e-08
0.2238000E+01 8.77974e-08
0.2240000E+01 2.91067e-08
0.2242000E+01 3.92845e-08
0.2244000E+01 9.05667e-08
0.2246000E+01 5.39831e-08
0.2248000E+01 -1.24877e-08
0.2250000E+01 3.12018e-09
0.2252000E+01 1.03714e-07
0.2254000E+01 2.40485e-07
0.2256000E+01 3.45657e-07
0.2258000E+01 6.41132e-07
0.2260000E+01 -3.72196e-08
0.2262000E+01 -3.74981e-07
0.2264000E+01 -3.04755e-07
0.2266000E+01 -2.53839e-07
0.2268000E+01 -2.01297e-07
0.2270000E+01 -1.81442e-07
0.2272000E+01 -1.4574e-07
0.2274000E+01 -1.36356e-07
0.2276000E+01 -1.31584e-07
0.2278000E+01 -1.20793e-07
0.2280000E+01 -9.24437e-08
0.2282000E+01 -7.06372e-08
0.2284000E+01 -6.94156e-08
0.2286000E+01 -7.0609e-08
0.2288000E+01 -6.16803e-08
0.2290000E+01 -5.76306e-08
0.2292000E+01 -5.50956e-08
0.2294000E+01 -4.97184e-08
0.2296000E+01 -4.53135e-08
0.2298000E+01 -4.59878e-08
0.2300000E+01 -5.01153e-08
0.2302000E+01 -5.12943e-08
0.2304000E+01 -5.09572e-08
0.2306000E+01 -4.93034e-08
0.2308000E+01 -4.89211e-08
0.2310000E+01 -4.83139e-08
0.2312000E+01 -3.83063e-08
0.2314000E+01 -4.16465e-08
0.2316000E+01 -4.83619e-08
0.2318000E+01 -4.86589e-08
0.2320000E+01 -4.65248e-08
0.2322000E+01 -4.47671e-08
0.2324000E+01 -4.23908e-08
0.2326000E+01 -4.00263e-08
0.2328000E+01 -3.87093e-08
0.2330000E+01 -3.59664e-08
0.2332000E+01 -3.68711e-08
0.2334000E+01 -3.67775e-08
0.2336000E+01 -3.43084e-08
0.2338000E+01 -3.42593e-08
0.2340000E+01 -3.27649e-08
0.2342000E+01 -3.22895e-08
0.2344000E+01 -2.93738e-08
0.2346000E+01 -2.79414e-08
0.2348000E+01 -3.03793e-08
0.2350000E+01 -3.27856e-08
0.2352000E+01 -3.0513e-08
0.2354000E+01 -2.86098e-08
0.2356000E+01 -2.71371e-08
0.2358000E+01 -2.59462e-08
0.2360000E+01 -2.77674e-08
0.2362000E+01 -2.70489e-08
0.2364000E+01 -1.89683e-08
0.2366000E+01 -2.19573e-08
0.2368000E+01 -2.51146e-08
0.2370000E+01 -2.82504e-08
0.2372000E+01 -2.9981e-08
0.2374000E+01 -2.68582e-08
0.2376000E+01 -1.65401e-08
0.2378000E+01 -1.64434e-08
0.2380000E+01 -1.06369e-08
0.2382000E+01 -6.82359e-09
0.2384000E+01 -4.11916e-08
0.2386000E+01 -1.99717e-08
0.2388000E+01 -2.40093e-08
0.2390000E+01 -2.42647e-08
0.2392000E+01 -2.91091e-08
0.2394000E+01 -2.48465e-08
0.2396000E+01 -2.49746e-08
0.2398000E+01 -2.55798e-08
0.2400000E+01 -2.5743e-08
0.2402000E+01 -2.56068e-08
0.2404000E+01 -2.55701e-08
0.2406000E+01 -2.29312e-08
0.2408000E+01 -2.41569e-08
0.2410000E+01 -2.35649e-08
0.2412000E+01 -2.03382e-08
0.2414000E+01 -1.91801e-08
0.2416000E+01 -1.82412e-08
0.2418000E+01 -1.64154e-08
0.2420000E+01 -5.53345e-09
0.2422000E+01 -1.5985e-08
0.2424000E+01 -2.04691e-08
0.2426000E+01 -2.02615e-08
0.2428000E+01 -2.09357e-08
0.2430000E+01 -1.93209e-08
0.2432000E+01 -1.78306e-08
0.2434000E+01 -1.59119e-08
0.2436000E+01 -1.80978e-08
0.2438000E+01 -1.77896e-08
0.2440000E+01 -1.67603e-08
0.2442000E+01 -1.74022e-08
0.2444000E+01 -1.89002e-08
0.2446000E+01 -1.72361e-08
0.2448000E+01 -1.60618e-08
0.2450000E+01 -1.54161e-08
0.2452000E+01 -1.56492e-08
0.2454000E+01 -1.47079e-08
0.2456000E+01 -1.4871e-08
0.2458000E+01 -1.36941e-08
0.2460000E+01 -1.0925e-08
0.2462000E+01 -1.45028e-08
0.2464000E+01 -4.95497e-08
0.2466000E+01 1.72095e-08
0.2468000E+01 -1.36265e-08
0.2470000E+01 -4.75506e-09
0.2472000E+01 -5.52762e-09
0.2474000E+01 -1.04945e-08
0.2476000E+01 -1.3204e-08
0.2478000E+01 -7.40926e-09
0.2480000E+01 -2.1369e-08
0.2482000E+01 -1.46132e-08
0.2484000E+01 -9.98102e-09
0.2486000E+01 -1.18758e-08
0.2488000E+01 -6.80605e-09
0.2490000E+01 -1.36092e-08
0.2492000E+01 -1.23889e-08
0.2494000E+01 -1.15852e-08
0.2496000E+01 -1.04941e-08
0.2498000E+01 -1.13515e-08
0.2500000E+01 7.98435e-09
0.2502000E+01 -1.15833e-08
0.2504000E+01 -5.20528e-09
0.2506000E+01 7.4097e-11
0.2508000E+01 -3.48773e-09
0.2510000E+01 -1.46439e-08
0.2512000E+01 -1.04133e-08
0.2514000E+01 1.50227e-08
0.2516000E+01 -6.88617e-09
0.2518000E+01 -8.21915e-09
0.2520000E+01 -8.38617e-09
0.2522000E+01 -6.15277e-09
0.2524000E+01 -6.70491e-09
0.2526000E+01 -7.85298e-09
0.2528000E+01 1.66141e-09
0.2530000E+01 9.26351e-09
0.2532000E+01 3.04997e-09
0.2534000E+01 -1.66082e-08
0.2536000E+01 -6.37854e-09
0.2538000E+01 -3.97862e-09
0.2540000E+01 -3.89553e-09
0.2542000E+01 -2.8246e-09
0.2544000E+01 -1.71757e-09
0.2546000E+01 2.28187e-08
0.2548000E+01 1.00234e-08
0.2550000E+01 5.7236e-09
0.2552000E+01 6.77998e-09
0.2554000E+01 -6.10135e-09
0.2556000E+01 1.0096e-09
0.2558000E+01 9.89894e-10
0.2560000E+01 -1.44587e-09
0.2562000E+01 9.10648e-10
0.2564000E+01 1.57809e-08
0.2566000E+01 1.32613e-08
0.2568000E+01 7.28217e-09
0.2570000E+01 3.43647e-09
0.2572000E+01 6.68656e-09
0.2574000E+01 7.97287e-09
0.2576000E+01 8.93052e-09
0.2578000E+01 7.16552e-09
0.2580000E+01 5.10695e-09
0.2582000E+01 3.77647e-09
0.2584000E+01 2.24007e-08
0.2586000E+01 2.29019e-08
0.2588000E+01 1.55979e-08
0.2590000E+01 1.44978e-08
0.2592000E+01 2.30407e-09
0.2594000E+01 7.76753e-09
0.2596000E+01 5.69061e-09
0.2598000E+01 1.00956e-08
0.2600000E+01 1.23204e-08
0.2602000E+01 1.28791e-08
0.2604000E+01 1.48951e-08
0.2606000E+01 2.51217e-08
0.2608000E+01 1.27352e-08
0.2610000E+01 1.513e-08
0.2612000E+01 1.60975e-08
0.2614000E+01 1.51813e-08
0.2616000E+01 1.74792e-08
0.2618000E+01 9.89667e-09
0.2620000E+01 4.20057e-09
0.2622000E+01 1.09784e-08
0.2624000E+01 6.10121e-09
0.2626000E+01 1.20068e-08
0.2628000E+01 2.29447e-08
0.2630000E+01 2.44214e-08
0.2632000E+01 1.07672e-08
0.2634000E+01 -3.16713e-09
0.2636000E+01 7.3721e-09
0.2638000E+01 1.39333e-08
0.2640000E+01 1.24409e-08
0.2642000E+01 1.32552e-08
0.2644000E+01 1.49126e-08
0.2646000E+01 1.69928e-08
0.2648000E+01 6.19372e-09
0.2650000E+01 2.68081e-09
0.2652000E+01 1.44558e-08
0.2654000E+01 1.77417e-08
0.2656000E+01 2.07183e-08
0.2658000E+01 1.68896e-08
0.2660000E+01 1.4351e-08
0.2662000E+01 1.56904e-08
0.2664000E+01 3.09021e-09
0.2666000E+01 -3.43229e-09
0.2668000E+01 4.48648e-09
0.2670000E+01 1.2373e-08
0.2672000E+01 1.25549e-08
0.2674000E+01 1.15429e-08
0.2676000E+01 1.27349e-08
0.2678000E+01 2.43851e-08
0.2680000E+01 1.5709e-08
0.2682000E+01 1.89006e-09
0.2684000E+01 6.64404e-09
0.2686000E+01 8.41057e-09
0.2688000E+01 1.0103e-08
0.2690000E+01 8.32396e-09
0.2692000E+01 9.70752e-09
0.2694000E+01 1.48463e-08
0.2696000E+01 8.90418e-09
0.2698000E+01 1.0386e-08
0.2700000E+01 -5.10759e-09
0.2702000E+01 -9.45034e-09
0.2704000E+01 6.41491e-09
0.2706000E+01 9.17641e-09
0.2708000E+01 1.2533e-08
0.2710000E+01 1.19431e-08
0.2712000E+01 1.31503e-08
0.2714000E+01 1.33541e-08
0.2716000E+01 1.06371e-08
0.2718000E+01 1.25477e-08
0.2720000E+01 4.62673e-09
0.2722000E+01 4.26635e-09
0.2724000E+01 -9.02058e-09
0.2726000E+01 2.96429e-09
0.2728000E+01 3.10967e-09
0.2730000E+01 9.52491e-09
0.2732000E+01 1.24189e-08
0.2734000E+01 1.36161e-08
0.2736000E+01 7.20764e-09
0.2738000E+01 3.61998e-09
0.2740000E+01 6.89948e-09
0.2742000E+01 1.05928e-08
0.2744000E+01 1.38668e-08
0.2746000E+01 3.23077e-09
0.2748000E+01 -1.14407e-08
0.2750000E+01 -2.47406e-09
0.2752000E+01 3.20756e-09
0.2754000E+01 -1.00296e-08
0.2756000E+01 -1.67302e-09
0.2758000E+01 7.00403e-09
0.2760000E+01 1.04102e-08
0.2762000E+01 7.23196e-09
0.2764000E+01 7.99526e-09
0.2766000E+01 7.67032e-09
0.2768000E+01 4.02499e-09
0.2770000E+01 9.02029e-10
0.2772000E+01 -6.50495e-10
0.2774000E+01 -1.3346e-08
0.2776000E+01 -4.19807e-09
0.2778000E+01 -3.22589e-09
0.2780000E+01 -8.94149e-10
0.2782000E+01 -1.57632e-08
0.2784000E+01 -7.10429e-09
0.2786000E+01 8.25601e-10
0.2788000E+01 5.25116e-09
0.2790000E+01 2.6152e-09
0.2792000E+01 2.23836e-09
0.2794000E+01 -6.42502e-09
0.2796000E+01 -1.78003e-08
0.2798000E+01 -7.65363e-09
0.2800000E+01 -7.2339e-09
0.2802000E+01 -8.62406e-09
0.2804000E+01 -9.42174e-09
0.2806000E+01 -3.13293e-08
0.2808000E+01 -2.48436e-08
0.2810000E+01 -2.29242e-08
0.2812000E+01 -1.67585e-08
0.2814000E+01 -1.32383e-08
0.2816000E+01 -3.21516e-08
0.2818000E+01 -2.90422e-08
0.2820000E+01 -2.92575e-08
0.2822000E+01 -2.771e-08
0.2824000E+01 -3.51704e-08
0.2826000E+01 -7.02836e-08
0.2828000E+01 -4.24247e-08
0.2830000E+01 -4.7739e-08
0.2832000E+01 -8.55651e-08
0.2834000E+01 -1.17097e-07
0.2836000E+01 -9.48235e-08
0.2838000E+01 -1.72063e-07
0.2840000E+01 -1.91146e-07
0.2842000E+01 -2.79243e-07
0.2844000E+01 -5.32786e-07
0.2846000E+01 -7.84806e-07
0.2848000E+01 1.28139e-06
0.2850000E+01 4.76237e-07
0.2852000E+01 3.05449e-07
0.2854000E+01 1.80338e-07
0.2856000E+01 2.3751e-07
0.2858000E+01 1.66312e-07
0.2860000E+01 1.31712e-07
0.2862000E+01 1.22387e-07
0.2864000E+01 1.45395e-07
0.2866000E+01 1.06069e-07
0.2868000E+01 1.0673e-07
0.2870000E+01 8.88034e-08
0.2872000E+01 9.40181e-08
0.2874000E+01 1.00584e-07
0.2876000E+01 7.22358e-08
0.2878000E+01 7.97338e-08
0.2880000E+01 8.86207e-08
0.2882000E+01 7.87156e-08
0.2884000E+01 8.94889e-08
0.2886000E+01 6.44739e-08
0.2888000E+01 6.52915e-08
0.2890000E+01 6.73177e-08
0.2892000E+01 7.25488e-08
0.2894000E+01 8.08817e-08
0.2896000E+01 9.23774e-08
0.2898000E+01 6.50306e-08
0.2900000E+01 6.32135e-08
0.2902000E+01 6.31753e-08
0.2904000E+01 5.59095e-08
0.2906000E+01 4.87279e-08
0.2908000E+01 5.87216e-08
0.2910000E+01 5.44968e-08
0.2912000E+01 6.64644e-08
0.2914000E+01 5.30169e-08
0.2916000E+01 5.41481e-08
0.2918000E+01 5.55029e-08
0.2920000E+01 5.76818e-08
0.2922000E+01 6.47783e-08
0.2924000E+01 5.38253e-08
0.2926000E+01 4.96971e-08
0.2928000E+01 5.11728e-08
0.2930000E+01 5.15768e-08
0.2932000E+01 5.51472e-08
0.2934000E+01 5.54607e-08
0.2936000E+01 5.27803e-08
0.2938000E+01 5.08866e-08
0.2940000E+01 8.3468e-08
0.2942000E+01 9.1848e-08
0.2944000E+01 5.08945e-08
0.2946000E+01 4.29573e-08
0.2948000E+01 4.43482e-08
0.2950000E+01 4.7951e-08
0.2952000E+01 5.67606e-08
0.2954000E+01 4.88897e-08
0.2956000E+01 4.93247e-08
0.2958000E+01 5.79788e-08
0.2960000E+01 5.40892e-08
0.2962000E+01 4.72524e-08
0.2964000E+01 4.33074e-08
0.2966000E+01 4.46919e-08
0.2968000E+01 4.30764e-08
0.2970000E+01 5.2586e-08
0.2972000E+01 5.52527e-08
0.2974000E+01 5.10051e-08
0.2976000E+01 3.99115e-08
0.2978000E+01 4.39402e-08
0.2980000E+01 5.69138e-08
0.2982000E+01 5.57547e-08
0.2984000E+01 3.90292e-08
0.2986000E+01 4.90169e-08
0.2988000E+01 7.45094e-08
0.2990000E+01 2.86003e-08
0.2992000E+01 1.23378e-08
0.2994000E+01 3.95868e-08
0.2996000E+01 4.02964e-08
0.2998000E+01 3.98534e-08
0.3000000E+01 4.06204e-08
0.3002000E+01 4.03517e-08
0.3004000E+01 3.96393e-08
0.3006000E+01 3.94614e-08
0.3008000E+01 4.4452e-08
0.3010000E+01 4.13663e-08
0.3012000E+01 4.2488e-08
0.3014000E+01 4.0812e-08
0.3016000E+01 4.03346e-08
0.3018000E+01 4.23377e-08
0.3020000E+01 4.03191e-08
0.3022000E+01 4.02577e-08
0.3024000E+01 4.22259e-08
0.3026000E+01 4.53897e-08
0.3028000E+01 4.64788e-08
0.3030000E+01 3.43523e-08
0.3032000E+01 2.98997e-08
0.3034000E+01 3.35594e-08
0.3036000E+01 3.40185e-08
0.3038000E+01 3.51863e-08
0.3040000E+01 3.44849e-08
0.3042000E+01 3.46996e-08
0.3044000E+01 3.20662e-08
0.3046000E+01 4.79314e-08
0.3048000E+01 3.85481e-08
0.3050000E+01 3.84348e-08
0.3052000E+01 3.64607e-08
0.3054000E+01 3.51911e-08
0.3056000E+01 3.51816e-08
0.3058000E+01 3.61289e-08
0.3060000E+01 3.68138e-08
0.3062000E+01 3.62982e-08
0.3064000E+01 4.09427e-08
0.3066000E+01 3.96723e-08
0.3068000E+01 3.94958e-08
0.3070000E+01 4.13274e-08
0.3072000E+01 3.9278e-08
0.3074000E+01 3.74594e-08
0.3076000E+01 2.87375e-08
0.3078000E+01 2.06242e-08
0.3080000E+01 2.94609e-08
0.3082000E+01 3.74459e-08
0.3084000E+01 3.58223e-08
0.3086000E+01 3.313e-08
0.3088000E+01 3.27823e-08
0.3090000E+01 3.06066e-08
0.3092000E+01 2.56871e-08
0.3094000E+01 2.98155e-08
0.3096000E+01 2.89024e-08
0.3098000E+01 3.78823e-08
0.3100000E+01 3.7274e-08
0.3102000E+01 3.51416e-08
0.3104000E+01 3.49901e-08
0.3106000E+01 3.52907e-08
0.3108000E+01 3.84901e-08
0.3110000E+01 3.39087e-08
0.3112000E+01 3.03438e-08
0.3114000E+01 3.49775e-08
0.3116000E+01 3.82797e-08
0.3118000E+01 3.68723e-08
0.3120000E+01 4.14029e-08
0.3122000E+01 3.84403e-08
0.3124000E+01 2.14524e-08
0.3126000E+01 2.09619e-08
0.3128000E+01 2.36896e-08
0.3130000E+01 2.63504e-08
0.3132000E+01 4.13103e-08
0.3134000E+01 2.88399e-08
0.3136000E+01 3.142e-08
0.3138000E+01 2.70351e-08
0.3140000E+01 2.808e-08
0.3142000E+01 3.11114e-08
0.3144000E+01 3.03006e-08
0.3146000E+01 3.66385e-08
0.3148000E+01 3.33246e-08
0.3150000E+01 3.00857e-08
0.3152000E+01 3.59451e-08
0.3154000E+01 3.74904e-08
0.3156000E+01 3.20533e-08
0.3158000E+01 2.88054e-08
0.3160000E+01 3.83876e-08
0.3162000E+01 4.52882e-08
0.3164000E+01 4.43651e-08
0.3166000E+01 4.72292e-08
0.3168000E+01 3.70473e-08
0.3170000E+01 -1.03856e-07
0.3172000E+01 -5.66691e-08
0.3174000E+01 -7.32247e-09
0.3176000E+01 2.27567e-08
0.3178000E+01 2.60076e-08
0.3180000E+01 1.22213e-08
0.3182000E+01 4.19391e-08
0.3184000E+01 2.72453e-08
0.3186000E+01 3.39516e-08
0.3188000E+01 2.97074e-08
0.3190000E+01 3.99469e-08
0.3192000E+01 3.54198e-08
0.3194000E+01 2.94189e-08
0.3196000E+01 3.18314e-08
0.3198000E+01 3.48002e-08
0.3200000E+01 3.78567e-08
0.3202000E+01 4.36935e-08
0.3204000E+01 3.87888e-08
0.3206000E+01 3.35651e-08
0.3208000E+01 2.90832e-08
0.3210000E+01 2.92739e-08
0.3212000E+01 2.61737e-08
0.3214000E+01 5.39504e-08
0.3216000E+01 4.24759e-08
0.3218000E+01 1.80365e-08
0.3220000E+01 -1.8529e-09
0.3222000E+01 7.82451e-09
0.3224000E+01 2.41324e-08
0.3226000E+01 2.11506e-08
0.3228000E+01 2.03558e-08
0.3230000E+01 1.91202e-08
0.3232000E+01 1.91457e-08
0.3234000E+01 2.77578e-08
0.3236000E+01 3.17359e-08
0.3238000E+01 2.05334e-08
0.3240000E+01 3.71088e-08
0.3242000E+01 2.84445e-08
0.3244000E+01 4.99513e-08
0.3246000E+01 1.78712e-08
0.3248000E+01 2.50441e-08
0.3250000E+01 4.7107e-08
0.3252000E+01 4.79844e-07
0.3254000E+01 5.75847e-08
0.3256000E+01 1.21581e-07
0.3258000E+01 6.06298e-09
0.3260000E+01 1.74604e-07
0.3262000E+01 -2.80851e-07
0.3264000E+01 -1.4372e-07
0.3266000E+01 -1.37102e-08
0.3268000E+01 -3.62828e-08
0.3270000E+01 -3.13589e-08
0.3272000E+01 8.24168e-09
0.3274000E+01 1.67772e-08
0.3276000E+01 4.2667e-08
0.3278000E+01 -4.15795e-08
0.3280000E+01 -5.69994e-08
0.3282000E+01 -6.97166e-09
0.3284000E+01 1.12256e-08
0.3286000E+01 7.06145e-08
0.3288000E+01 -6.90961e-08
0.3290000E+01 1.99308e-08
0.3292000E+01 4.13738e-09
0.3294000E+01 1.72672e-08
0.3296000E+01 -3.07577e-08
0.3298000E+01 -6.60281e-08
0.3300000E+01 -2.86289e-08
0.3302000E+01 -3.26768e-08
0.3304000E+01 -2.94052e-08
0.3306000E+01 -1.34889e-08
0.3308000E+01 -1.43652e-08
0.3310000E+01 -1.23146e-08
0.3312000E+01 -1.50262e-08
0.3314000E+01 -1.84211e-08
0.3316000E+01 -1.9265e-08
0.3318000E+01 -1.63052e-08
0.3320000E+01 -1.5806e-08
0.3322000E+01 -1.23263e-08
0.3324000E+01 -1.20954e-08
0.3326000E+01 -4.63219e-09
0.3328000E+01 -8.27788e-09
0.3330000E+01 -7.27087e-09
0.3332000E+01 -8.1486e-09
0.3334000E+01 -1.01189e-08
0.3336000E+01 -1.14501e-08
0.3338000E+01 -1.25198e-08
0.3340000E+01 -1.07141e-08
0.3342000E+01 -1.13044e-08
0.3344000E+01 -1.02635e-08
0.3346000E+01 -8.67728e-09
0.3348000E+01 -8.6953e-09
0.3350000E+01 -7.66518e-09
0.3352000E+01 -8.91664e-09
0.3354000E+01 -7.61796e-09
0.3356000E+01 -6.13412e-09
0.3358000E+01 -9.15684e-09
0.3360000E+01 -7.26974e-09
0.3362000E+01 -9.09782e-09
0.3364000E+01 -1.31378e-08
0.3366000E+01 -1.00124e-08
0.3368000E+01 -8.95844e-09
0.3370000E+01 -7.00832e-09
0.3372000E+01 -8.22772e-09
0.3374000E+01 -8.45323e-09
0.3376000E+01 -7.91022e-09
0.3378000E+01 -7.85214e-09
0.3380000E+01 -6.48592e-09
0.3382000E+01 -7.73085e-09
0.3384000E+01 -9.01304e-09
0.3386000E+01 -1.01238e-08
0.3388000E+01 -9.46339e-09
0.3390000E+01 -1.45812e-08
0.3392000E+01 -2.15993e-08
0.3394000E+01 -1.08846e-08
0.3396000E+01 -1.16463e-08
0.3398000E+01 -7.52908e-09
0.3400000E+01 -6.39035e-09
0.3402000E+01 -1.58482e-08
0.3404000E+01 -8.02267e-09
0.3406000E+01 -6.91435e-09
0.3408000E+01 -6.96065e-09
0.3410000E+01 -7.87557e-09
0.3412000E+01 -5.50059e-09
0.3414000E+01 -6.01285e-09
0.3416000E+01 -4.81132e-09
0.3418000E+01 -4.69258e-09
0.3420000E+01 -1.04247e-08
0.3422000E+01 -1.17163e-08
0.3424000E+01 -9.30234e-09
0.3426000E+01 -5.33301e-09
0.3428000E+01 -7.66217e-09
0.3430000E+01 4.67448e-09
0.3432000E+01 -5.87156e-09
0.3434000E+01 -6.5202e-09
0.3436000E+01 -9.62643e-09
0.3438000E+01 -1.29231e-08
0.3440000E+01 -6.89061e-09
0.3442000E+01 -8.06662e-09
0.3444000E+01 -7.7507e-09
0.3446000E+01 -6.99091e-09
0.3448000E+01 -6.6237e-09
0.3450000E+01 -6.21917e-09
0.3452000E+01 -1.34272e-08
0.3454000E+01 -8.11352e-09
0.3456000E+01 -2.82644e-09
0.3458000E+01 -4.86214e-09
0.3460000E+01 -4.69409e-09
0.3462000E+01 -7.54848e-09
0.3464000E+01 -5.87639e-09
0.3466000E+01 -1.5759e-08
0.3468000E+01 -1.20243e-08
0.3470000E+01 -1.02348e-08
0.3472000E+01 -8.72425e-09
0.3474000E+01 -9.33185e-09
0.3476000E+01 -7.89039e-09
0.3478000E+01 -1.19207e-08
0.3480000E+01 -1.31228e-08
0.3482000E+01 -9.40116e-09
0.3484000E+01 -9.01849e-09
0.3486000E+01 -6.47486e-09
0.3488000E+01 -8.06149e-09
0.3490000E+01 -1.16292e-08
0.3492000E+01 -2.02823e-08
0.3494000E+01 -8.52204e-09
0.3496000E+01 -1.11356e-08
0.3498000E+01 -1.18075e-08
0.3500000E+01 -7.17727e-09
0.3502000E+01 -1.68505e-08
0.3504000E+01 -1.3488e-08
0.3506000E+01 -7.43748e-09
0.3508000E+01 -3.49807e-09
0.3510000E+01 -1.32829e-08
0.3512000E+01 -2.11518e-08
0.3514000E+01 -4.473e-09
0.3516000E+01 -8.39581e-09
0.3518000E+01 -1.29087e-08
0.3520000E+01 -7.56157e-09
0.3522000E+01 -4.42292e-09
0.3524000E+01 6.15904e-09
0.3526000E+01 9.38285e-10
0.3528000E+01 3.00279e-09
0.3530000E+01 3.52543e-09
0.3532000E+01 4.98538e-09
0.3534000E+01 6.10423e-09
0.3536000E+01 4.2266e-09
0.3538000E+01 6.99262e-09
0.3540000E+01 1.16919e-08
0.3542000E+01 1.24098e-08
0.3544000E+01 1.17382e-08
0.3546000E+01 1.89928e-08
0.3548000E+01 9.37244e-09
0.3550000E+01 9.76948e-09
0.3552000E+01 9.4531e-09
0.3554000E+01 1.58272e-08
0.3556000E+01 6.52802e-09
0.3558000E+01 3.17386e-09
0.3560000E+01 2.75996e-08
0.3562000E+01 1.5267e-08
0.3564000E+01 1.5988e-08
0.3566000E+01 1.07153e-08
0.3568000E+01 7.95778e-09
0.3570000E+01 9.01536e-09
0.3572000E+01 9.34901e-09
0.3574000E+01 4.14115e-08
0.3576000E+01 1.83773e-08
0.3578000E+01 1.37698e-08
0.3580000E+01 1.51117e-08
0.3582000E+01 1.21423e-08
0.3584000E+01 6.33941e-09
0.3586000E+01 4.42276e-08
0.3588000E+01 2.71445e-08
0.3590000E+01 4.14985e-08
0.3592000E+01 1.18588e-08
0.3594000E+01 1.12761e-07
0.3596000E+01 1.80399e-08
0.3598000E+01 3.52869e-07
0.3600000E+01 -9.12626e-07
0.3602000E+01 -5.33515e-08
0.3604000E+01 -3.63277e-08
0.3606000E+01 -9.28842e-09
0.3608000E+01 -7.28003e-09
0.3610000E+01 -9.89894e-09
0.3612000E+01 -1.06308e-08
0.3614000E+01 -7.0693e-11
0.3616000E+01 3.21911e-09
0.3618000E+01 -5.67062e-09
0.3620000E+01 -6.05742e-09
0.3622000E+01 -4.08737e-09
0.3624000E+01 2.39886e-09
0.3626000E+01 -3.16994e-09
0.3628000E+01 -2.57599e-09
0.3630000E+01 -1.04949e-08
0.3632000E+01 3.60622e-09
0.3634000E+01 1.50805e-09
0.3636000E+01 -5.80996e-10
0.3638000E+01 -7.51581e-09
0.3640000E+01 5.55577e-09
0.3642000E+01 7.26843e-09
0.3644000E+01 1.28956e-08
0.3646000E+01 2.83856e-09
0.3648000E+01 -5.58541e-09
0.3650000E+01 -1.23065e-09
0.3652000E+01 1.81179e-09
0.3654000E+01 4.57836e-09
0.3656000E+01 2.34791e-09
0.3658000E+01 1.13523e-09
0.3660000E+01 5.48409e-09
0.3662000E+01 5.35188e-09
0.3664000E+01 2.31658e-09
0.3666000E+01 2.70309e-09
0.3668000E+01 6.04653e-09
0.3670000E+01 3.3417e-08
0.3672000E+01 9.55946e-09
0.3674000E+01 6.74844e-09
0.3676000E+01 5.22145e-09
0.3678000E+01 3.54678e-09
0.3680000E+01 6.64341e-09
0.3682000E+01 1.15717e-08
0.3684000E+01 1.11864e-08
0.3686000E+01 8.5758e-09
0.3688000E+01 4.03455e-09
0.3690000E+01 7.33909e-09
0.3692000E+01 4.20781e-09
0.3694000E+01 7.39388e-09
0.3696000E+01 6.39449e-09
0.3698000E+01 6.96258e-09
0.3700000E+01 8.29914e-09
0.3702000E+01 8.13013e-09
0.3704000E+01 2.96495e-09
0.3706000E+01 1.68697e-08
0.3708000E+01 1.79634e-08
0.3710000E+01 1.44567e-08
0.3712000E+01 1.70101e-08
0.3714000E+01 1.06048e-08
0.3716000E+01 9.20751e-09
0.3718000E+01 1.03402e-08
0.3720000E+01 8.93555e-09
0.3722000E+01 9.48921e-09
0.3724000E+01 8.75503e-09
0.3726000E+01 7.90047e-09
0.3728000E+01 8.69804e-09
0.3730000E+01 8.69787e-09
0.3732000E+01 1.29169e-08
0.3734000E+01 1.69101e-08
0.3736000E+01 1.38492e-08
0.3738000E+01 2.45905e-08
0.3740000E+01 1.60404e-08
0.3742000E+01 1.27931e-08
0.3744000E+01 1.31225e-08
0.3746000E+01 1.3227e-08
0.3748000E+01 1.23421e-08
0.3750000E+01 1.04934e-08
0.3752000E+01 9.78357e-09
0.3754000E+01 1.04087e-08
0.3756000E+01 1.78331e-08
0.3758000E+01 1.10681e-08
0.3760000E+01 1.18359e-08
0.3762000E+01 1.2248e-08
0.3764000E+01 1.18298e-08
0.3766000E+01 1.16648e-08
0.3768000E+01 2.79855e-08
0.3770000E+01 1.5724e-08
0.3772000E+01 1.451e-08
0.3774000E+01 1.24835e-08
0.3776000E+01 1.39252e-08
0.3778000E+01 1.83325e-08
0.3780000E+01 1.72519e-08
0.3782000E+01 1.45143e-08
0.3784000E+01 8.70678e-09
0.3786000E+01 1.03228e-08
0.3788000E+01 9.87654e-09
0.3790000E+01 7.53865e-09
0.3792000E+01 7.99656e-09
0.3794000E+01 1.32114e-08
0.3796000E+01 2.12777e-08
0.3798000E+01 1.18554e-08
0.3800000E+01 1.47654e-08
0.3802000E+01 1.20646e-08
0.3804000E+01 1.22266e-08
0.3806000E+01 1.04518e-08
0.3808000E+01 1.22782e-08
0.3810000E+01 1.42577e-08
0.3812000E+01 1.45035e-08
0.3814000E+01 1.43888e-08
0.3816000E+01 9.45066e-09
0.3818000E+01 1.00381e-08
0.3820000E+01 3.33407e-08
0.3822000E+01 2.21176e-08
0.3824000E+01 1.64859e-08
0.3826000E+01 1.3831e-08
0.3828000E+01 7.40888e-09
0.3830000E+01 6.40146e-09
0.3832000E+01 9.34107e-09
0.3834000E+01 8.94767e-09
0.3836000E+01 1.35437e-08
0.3838000E+01 6.62175e-09
0.3840000E+01 8.41005e-09
0.3842000E+01 7.58773e-09
0.3844000E+01 3.50765e-08
0.3846000E+01 1.09048e-07
0.3848000E+01 9.27398e-08
0.3850000E+01 4.47124e-08
0.3852000E+01 8.9896e-09
0.3854000E+01 8.19588e-09
0.3856000E+01 7.87254e-09
0.3858000E+01 8.28497e-09
0.3860000E+01 5.1057e-09
0.3862000E+01 1.04295e-08
0.3864000E+01 2.37907e-08
0.3866000E+01 8.09536e-09
0.3868000E+01 1.11713e-08
0.3870000E+01 1.22139e-08
0.3872000E+01 7.31931e-09
0.3874000E+01 4.70436e-09
0.3876000E+01 4.82966e-09
0.3878000E+01 -1.12579e-09
0.3880000E+01 -2.14778e-10
0.3882000E+01 1.9584e-08
0.3884000E+01 9.93549e-09
0.3886000E+01 5.47569e-09
0.3888000E+01 4.67019e-09
0.3890000E+01 2.52373e-09
0.3892000E+01 9.47085e-10
0.3894000E+01 -4.78354e-10
0.3896000E+01 -2.41216e-09
0.3898000E+01 2.08914e-08
0.3900000E+01 5.70319e-09
0.3902000E+01 3.26796e-09
0.3904000E+01 2.71739e-10
0.3906000E+01 -3.30436e-09
0.3908000E+01 -4.78571e-09
0.3910000E+01 -8.3881e-09
0.3912000E+01 -6.67979e-09
0.3914000E+01 1.17956e-08
0.3916000E+01 -4.95232e-09
0.3918000E+01 -8.12308e-09
0.3920000E+01 -3.04364e-09
0.3922000E+01 -6.33889e-09
0.3924000E+01 -1.37087e-08
0.3926000E+01 -1.44956e-08
0.3928000E+01 1.61057e-08
0.3930000E+01 -1.15545e-09
0.3932000E+01 -5.43705e-09
0.3934000E+01 -9.65822e-09
0.3936000E+01 -7.11395e-09
0.3938000E+01 -8.81239e-09
0.3940000E+01 3.17544e-08
0.3942000E+01 -2.21129e-09
0.3944000E+01 2.71352e-10
0.3946000E+01 -2.47552e-09
0.3948000E+01 -5.12018e-09
0.3950000E+01 -7.4956e-09
0.3952000E+01 1.17245e-08
0.3954000E+01 -4.93676e-09
0.3956000E+01 -9.72762e-09
0.3958000E+01 -1.06704e-08
0.3960000E+01 -9.55302e-09
0.3962000E+01 1.33832e-08
0.3964000E+01 6.40779e-11
0.3966000E+01 9.53421e-10
0.3968000E+01 -3.15775e-09
0.3970000E+01 1.30536e-08
0.3972000E+01 7.13238e-09
0.3974000E+01 5.46436e-09
0.3976000E+01 3.75437e-09
0.3978000E+01 -3.58218e-08
0.3980000E+01 -7.84777e-09
0.3982000E+01 -1.93966e-08
0.3984000E+01 -3.50579e-09
0.3986000E+01 5.28415e-08
0.3988000E+01 8.94324e-09
0.3990000E+01 8.52908e-09
0.3992000E+01 -1.36874e-08
0.3994000E+01 -8.32087e-09
0.3996000E+01 -5.06139e-09
0.3998000E+01 1.77492e-08
0.4000000E+01 7.41281e-09
