0.0000000E+00 0
0.2000000E-02 0
0.4000000E-02 0
0.6000000E-02 0
0.8000000E-02 0
0.1000000E-01 0
0.1200000E-01 0
0.1400000E-01 0
0.1600000E-01 0
0.1800000E-01 0
0.2000000E-01 0
0.2200000E-01 0
0.2400000E-01 0
0.2600000E-01 0
0.2800000E-01 0
0.3000000E-01 0
0.3200000E-01 0
0.3400000E-01 0
0.3600000E-01 0
0.3800000E-01 0
0.4000000E-01 0
0.4200000E-01 0
0.4400000E-01 0
0.4600000E-01 0
0.4800000E-01 0
0.5000000E-01 0
0.5200000E-01 0
0.5400000E-01 0
0.5600000E-01 0
0.5800000E-01 0
0.6000000E-01 0
0.6200000E-01 0
0.6400000E-01 0
0.6600000E-01 0
0.6800000E-01 0
0.7000000E-01 0
0.7200000E-01 0
0.7400000E-01 0
0.7600000E-01 0
0.7800000E-01 0
0.8000000E-01 0
0.8200000E-01 0
0.8400000E-01 0
0.8600000E-01 6.565e-05
0.8800000E-01 5.96785e-05
0.9000000E-01 2.29158e-05
0.9200000E-01 5.64808e-06
0.9400000E-01 2.78883e-06
0.9600000E-01 7.51859e-07
0.9800000E-01 -1.13174e-06
0.1000000E+00 -2.13934e-06
0.1020000E+00 -1.90565e-06
0.1040000E+00 -9.23061e-07
0.1060000E+00 6.04137e-08
0.1080000E+00 1.16471e-07
0.1100000E+00 -2.70207e-06
0.1120000E+00 -1.92766e-06
0.1140000E+00 -1.0758e-06
0.1160000E+00 -1.67696e-07
0.1180000E+00 1.2536e-06
0.1200000E+00 5.64368e-06
0.1220000E+00 1.1141e-06
0.1240000E+00 -3.69427e-06
0.1260000E+00 -3.61833e-06
0.1280000E+00 -2.45706e-06
0.1300000E+00 -2.36211e-06
0.1320000E+00 -2.4508e-06
0.1340000E+00 -1.82678e-06
0.1360000E+00 -2.06773e-07
0.1380000E+00 5.88187e-08
0.1400000E+00 7.4609e-08
0.1420000E+00 7.32994e-08
0.1440000E+00 -2.14957e-07
0.1460000E+00 -3.47608e-07
0.1480000E+00 -2.34338e-07
0.1500000E+00 -1.26484e-07
0.1520000E+00 -1.82958e-07
0.1540000E+00 -2.80067e-07
0.1560000E+00 -3.95793e-07
0.1580000E+00 -5.22871e-07
0.1600000E+00 -6.54799e-07
0.1620000E+00 -8.01351e-07
0.1640000E+00 -1.17688e-06
0.1660000E+00 -1.12917e-06
0.1680000E+00 3.83708e-07
0.1700000E+00 5.50175e-07
0.1720000E+00 7.06825e-07
0.1740000E+00 8.5389e-07
0.1760000E+00 -1.24643e-06
0.1780000E+00 -8.43658e-07
0.1800000E+00 -7.7663e-07
0.1820000E+00 -7.71757e-07
0.1840000E+00 -7.58424e-07
0.1860000E+00 -7.449e-07
0.1880000E+00 -7.18269e-07
0.1900000E+00 -7.23712e-07
0.1920000E+00 -5.68861e-07
0.1940000E+00 3.02737e-07
0.1960000E+00 2.30541e-07
0.1980000E+00 1.53986e-07
0.2000000E+00 7.18337e-08
0.2020000E+00 -1.60633e-08
0.2040000E+00 -1.09864e-07
0.2060000E+00 -2.0974e-07
0.2080000E+00 -3.14546e-07
0.2100000E+00 -5.16985e-07
0.2120000E+00 -6.51416e-07
0.2140000E+00 -5.75156e-07
0.2160000E+00 -5.05583e-07
0.2180000E+00 -4.90377e-07
0.2200000E+00 -4.9665e-07
0.2220000E+00 -3.83533e-07
0.2240000E+00 2.72098e-07
0.2260000E+00 3.66331e-07
0.2280000E+00 4.41512e-07
0.2300000E+00 1.84094e-07
0.2320000E+00 -5.74472e-07
0.2340000E+00 -5.36341e-07
0.2360000E+00 -5.10981e-07
0.2380000E+00 -4.64802e-07
0.2400000E+00 -4.25713e-07
0.2420000E+00 -4.36409e-07
0.2440000E+00 -4.47524e-07
0.2460000E+00 -4.78928e-07
0.2480000E+00 -5.15751e-07
0.2500000E+00 -3.14076e-07
0.2520000E+00 1.87671e-07
0.2540000E+00 1.2642e-07
0.2560000E+00 5.54172e-08
0.2580000E+00 -2.48162e-08
0.2600000E+00 -1.09807e-07
0.2620000E+00 -2.44034e-07
0.2640000E+00 -3.31274e-07
0.2660000E+00 -2.85506e-07
0.2680000E+00 -2.79968e-07
0.2700000E+00 -2.20186e-07
0.2720000E+00 -2.0826e-07
0.2740000E+00 -2.06772e-07
0.2760000E+00 -2.0772e-07
0.2780000E+00 -2.0636e-07
0.2800000E+00 3.20682e-07
0.2820000E+00 1.76773e-07
0.2840000E+00 -2.77309e-07
0.2860000E+00 -1.7351e-07
0.2880000E+00 -2.25349e-07
0.2900000E+00 -2.98341e-07
0.2920000E+00 -3.10055e-07
0.2940000E+00 -3.19872e-07
0.2960000E+00 -3.29886e-07
0.2980000E+00 -3.40836e-07
0.3000000E+00 -3.51971e-07
0.3020000E+00 -3.56339e-07
0.3040000E+00 -3.69079e-07
0.3060000E+00 1.21927e-07
0.3080000E+00 7.73984e-08
0.3100000E+00 3.06578e-08
0.3120000E+00 -1.86174e-08
0.3140000E+00 -6.61493e-08
0.3160000E+00 6.96199e-09
0.3180000E+00 1.74483e-08
0.3200000E+00 -4.58418e-08
0.3220000E+00 -9.86325e-08
0.3240000E+00 -1.00631e-07
0.3260000E+00 -1.01611e-07
0.3280000E+00 -1.02747e-07
0.3300000E+00 -2.33088e-07
0.3320000E+00 -8.82169e-07
0.3340000E+00 -6.68859e-08
0.3360000E+00 4.0681e-07
0.3380000E+00 -5.42992e-08
0.3400000E+00 -2.09394e-07
0.3420000E+00 -2.08952e-07
0.3440000E+00 -2.08501e-07
0.3460000E+00 -2.03252e-07
0.3480000E+00 -2.04069e-07
0.3500000E+00 -2.25769e-07
0.3520000E+00 -2.36204e-07
0.3540000E+00 -2.46964e-07
0.3560000E+00 5.50539e-09
0.3580000E+00 7.43202e-08
0.3600000E+00 2.16983e-07
0.3620000E+00 9.9027e-08
0.3640000E+00 4.68545e-08
0.3660000E+00 1.01158e-08
0.3680000E+00 3.68073e-08
0.3700000E+00 2.62262e-08
0.3720000E+00 9.00617e-09
0.3740000E+00 -9.94017e-08
0.3760000E+00 -8.28636e-07
0.3780000E+00 -3.89493e-07
0.3800000E+00 -3.93287e-07
0.3820000E+00 -3.93632e-07
0.3840000E+00 1.35525e-06
0.3860000E+00 -1.49724e-07
0.3880000E+00 -1.26874e-07
0.3900000E+00 -1.28887e-07
0.3920000E+00 -1.30435e-07
0.3940000E+00 -1.33914e-07
0.3960000E+00 -1.41049e-07
0.3980000E+00 -1.44608e-07
0.4000000E+00 -1.47765e-07
0.4020000E+00 -9.13333e-08
0.4040000E+00 2.0356e-07
0.4060000E+00 2.05043e-07
0.4080000E+00 2.03504e-07
0.4100000E+00 2.01544e-07
0.4120000E+00 1.86305e-07
0.4140000E+00 -3.05401e-07
0.4160000E+00 -3.14144e-07
0.4180000E+00 -3.28698e-07
0.4200000E+00 -3.01616e-07
0.4220000E+00 -3.09533e-07
0.4240000E+00 -2.62082e-07
0.4260000E+00 7.63603e-08
0.4280000E+00 1.76093e-07
0.4300000E+00 1.11437e-07
0.4320000E+00 3.49653e-08
0.4340000E+00 -6.94728e-08
0.4360000E+00 -6.59131e-08
0.4380000E+00 -6.23264e-08
0.4400000E+00 -5.35245e-08
0.4420000E+00 -5.12784e-08
0.4440000E+00 -5.54365e-08
0.4460000E+00 -3.37197e-09
0.4480000E+00 4.59138e-07
0.4500000E+00 -1.93917e-07
0.4520000E+00 -1.84059e-07
0.4540000E+00 -2.29358e-07
0.4560000E+00 -1.81209e-07
0.4580000E+00 -1.59644e-07
0.4600000E+00 -1.61548e-07
0.4620000E+00 -1.62754e-07
0.4640000E+00 -1.46382e-07
0.4660000E+00 8.6367e-08
0.4680000E+00 6.82624e-08
0.4700000E+00 8.54219e-08
0.4720000E+00 7.27607e-08
0.4740000E+00 6.17747e-08
0.4760000E+00 5.39513e-08
0.4780000E+00 3.60164e-08
0.4800000E+00 -1.36732e-07
0.4820000E+00 -5.33926e-07
0.4840000E+00 -4.81755e-07
0.4860000E+00 7.67462e-07
0.4880000E+00 -9.36606e-08
0.4900000E+00 -4.60373e-08
0.4920000E+00 -4.64164e-08
0.4940000E+00 -5.38734e-08
0.4960000E+00 -6.90537e-08
0.4980000E+00 -4.84548e-08
0.5000000E+00 8.22735e-08
0.5020000E+00 1.81755e-07
0.5040000E+00 1.94637e-07
0.5060000E+00 2.09308e-07
0.5080000E+00 -3.94933e-08
0.5100000E+00 -5.2195e-07
0.5120000E+00 -2.67973e-07
0.5140000E+00 -2.63502e-07
0.5160000E+00 4.98712e-08
0.5180000E+00 6.71292e-08
0.5200000E+00 4.37113e-08
0.5220000E+00 3.55283e-08
0.5240000E+00 -5.63828e-09
0.5260000E+00 -1.2725e-08
0.5280000E+00 -1.39936e-09
0.5300000E+00 1.12272e-08
0.5320000E+00 3.18427e-07
0.5340000E+00 -1.43972e-07
0.5360000E+00 -1.68984e-07
0.5380000E+00 -1.68854e-07
0.5400000E+00 -1.56792e-07
0.5420000E+00 -9.64087e-08
0.5440000E+00 1.32208e-07
0.5460000E+00 1.29545e-07
0.5480000E+00 1.26875e-07
0.5500000E+00 1.28385e-07
0.5520000E+00 1.27646e-07
0.5540000E+00 -6.00415e-07
0.5560000E+00 -1.67249e-07
0.5580000E+00 1.01595e-08
0.5600000E+00 1.90944e-08
0.5620000E+00 -7.47614e-08
0.5640000E+00 -5.76035e-08
0.5660000E+00 -3.81724e-08
0.5680000E+00 3.02653e-07
0.5700000E+00 5.7276e-07
0.5720000E+00 -4.83677e-07
0.5740000E+00 -3.22771e-07
0.5760000E+00 7.50353e-08
0.5780000E+00 1.1027e-07
0.5800000E+00 7.70502e-08
0.5820000E+00 6.23884e-08
0.5840000E+00 4.63368e-08
0.5860000E+00 -2.6334e-07
0.5880000E+00 3.96755e-08
0.5900000E+00 -1.47457e-07
0.5920000E+00 -1.00069e-07
0.5940000E+00 1.75222e-07
0.5960000E+00 3.26724e-07
0.5980000E+00 -1.12409e-06
0.6000000E+00 -1.30591e-08
0.6020000E+00 -7.94053e-08
0.6040000E+00 -1.38768e-07
0.6060000E+00 -1.10887e-07
0.6080000E+00 -4.34937e-07
0.6100000E+00 -1.31062e-07
0.6120000E+00 5.35664e-08
0.6140000E+00 3.09421e-08
0.6160000E+00 -5.31571e-07
0.6180000E+00 -5.83263e-07
0.6200000E+00 5.40925e-07
0.6220000E+00 -2.57215e-07
0.6240000E+00 -1.39426e-06
0.6260000E+00 -5.04368e-07
0.6280000E+00 -2.10793e-06
0.6300000E+00 2.19419e-07
0.6320000E+00 3.6212e-06
0.6340000E+00 -1.37429e-06
0.6360000E+00 1.30982e-06
0.6380000E+00 -4.03847e-07
0.6400000E+00 -6.13151e-08
0.6420000E+00 -6.88639e-07
0.6440000E+00 1.81619e-07
0.6460000E+00 -2.83443e-07
0.6480000E+00 -1.24477e-07
0.6500000E+00 -2.57283e-07
0.6520000E+00 -2.98751e-07
0.6540000E+00 4.87114e-07
0.6560000E+00 -1.48093e-07
0.6580000E+00 3.74774e-07
0.6600000E+00 1.21584e-07
0.6620000E+00 -9.55417e-08
0.6640000E+00 -1.22279e-07
0.6660000E+00 5.00191e-08
0.6680000E+00 3.71796e-07
0.6700000E+00 -1.34386e-07
0.6720000E+00 2.4527e-07
0.6740000E+00 9.49505e-08
0.6760000E+00 9.35558e-08
0.6780000E+00 2.12235e-08
0.6800000E+00 -4.47531e-08
0.6820000E+00 -5.59928e-08
0.6840000E+00 1.7689e-07
0.6860000E+00 1.14622e-07
0.6880000E+00 1.11e-07
0.6900000E+00 5.06081e-08
0.6920000E+00 9.74262e-09
0.6940000E+00 3.26001e-08
0.6960000E+00 5.41767e-08
0.6980000E+00 1.17909e-07
0.7000000E+00 6.00589e-08
0.7020000E+00 3.60409e-08
0.7040000E+00 4.224e-08
0.7060000E+00 1.61903e-07
0.7080000E+00 1.15849e-07
0.7100000E+00 8.95221e-08
0.7120000E+00 4.79791e-08
0.7140000E+00 5.53071e-08
0.7160000E+00 5.94697e-08
0.7180000E+00 1.5251e-08
0.7200000E+00 2.76564e-08
0.7220000E+00 2.63871e-08
0.7240000E+00 2.61865e-08
0.7260000E+00 3.07645e-08
0.7280000E+00 3.07044e-08
0.7300000E+00 1.1405e-07
0.7320000E+00 8.43871e-08
0.7340000E+00 7.84222e-08
0.7360000E+00 9.04376e-08
0.7380000E+00 -2.06375e-08
0.7400000E+00 6.47994e-08
0.7420000E+00 5.61092e-08
0.7440000E+00 5.42725e-08
0.7460000E+00 5.09133e-08
0.7480000E+00 4.71273e-08
0.7500000E+00 4.2159e-08
0.7520000E+00 4.29141e-08
0.7540000E+00 3.93899e-08
0.7560000E+00 4.25017e-08
0.7580000E+00 7.67138e-08
0.7600000E+00 8.8512e-08
0.7620000E+00 7.15077e-08
0.7640000E+00 6.49024e-08
0.7660000E+00 6.54265e-08
0.7680000E+00 -1.71116e-08
0.7700000E+00 2.06902e-08
0.7720000E+00 2.36559e-08
0.7740000E+00 2.3806e-08
0.7760000E+00 5.31843e-08
0.7780000E+00 7.94804e-08
0.7800000E+00 5.77137e-08
0.7820000E+00 4.93864e-08
0.7840000E+00 4.87736e-08
0.7860000E+00 4.88857e-08
0.7880000E+00 4.59659e-08
0.7900000E+00 7.2198e-08
0.7920000E+00 8.34645e-08
0.7940000E+00 6.98333e-08
0.7960000E+00 6.27534e-08
0.7980000E+00 5.88279e-08
0.8000000E+00 5.59088e-08
0.8020000E+00 -4.11134e-09
0.8040000E+00 -3.03357e-09
0.8060000E+00 2.33031e-08
0.8080000E+00 2.26135e-08
0.8100000E+00 2.04392e-08
0.8120000E+00 2.1946e-08
0.8140000E+00 4.79436e-08
0.8160000E+00 8.27523e-08
0.8180000E+00 6.87858e-08
0.8200000E+00 5.25075e-08
0.8220000E+00 5.22404e-08
0.8240000E+00 5.09731e-08
0.8260000E+00 8.18484e-08
0.8280000E+00 5.4637e-08
0.8300000E+00 4.98793e-08
0.8320000E+00 4.46291e-08
0.8340000E+00 4.56968e-08
0.8360000E+00 4.92752e-08
0.8380000E+00 5.72761e-08
0.8400000E+00 -1.38384e-08
0.8420000E+00 1.43926e-08
0.8440000E+00 2.39673e-08
0.8460000E+00 2.1971e-08
0.8480000E+00 2.56501e-08
0.8500000E+00 2.47615e-08
0.8520000E+00 3.4335e-08
0.8540000E+00 6.12496e-08
0.8560000E+00 6.93159e-08
0.8580000E+00 6.63279e-08
0.8600000E+00 5.28088e-08
0.8620000E+00 5.23905e-08
0.8640000E+00 6.7298e-08
0.8660000E+00 5.26475e-08
0.8680000E+00 5.00328e-08
0.8700000E+00 4.86746e-08
0.8720000E+00 4.74451e-08
0.8740000E+00 4.51193e-08
0.8760000E+00 4.28888e-08
0.8780000E+00 4.1654e-08
0.8800000E+00 3.89316e-08
0.8820000E+00 6.83032e-09
0.8840000E+00 8.77396e-09
0.8860000E+00 1.416e-08
0.8880000E+00 1.66796e-08
0.8900000E+00 2.99778e-08
0.8920000E+00 6.66981e-08
0.8940000E+00 7.77294e-08
0.8960000E+00 3.65178e-08
0.8980000E+00 4.28672e-08
0.9000000E+00 4.79945e-08
0.9020000E+00 5.12493e-08
0.9040000E+00 5.53032e-08
0.9060000E+00 4.78927e-08
0.9080000E+00 4.16354e-08
0.9100000E+00 3.88078e-08
0.9120000E+00 3.72559e-08
0.9140000E+00 3.51956e-08
0.9160000E+00 3.36644e-08
0.9180000E+00 6.82215e-08
0.9200000E+00 3.99945e-08
0.9220000E+00 3.91839e-08
0.9240000E+00 3.79005e-08
0.9260000E+00 1.72156e-08
0.9280000E+00 3.4507e-08
0.9300000E+00 6.91665e-08
0.9320000E+00 6.77486e-08
0.9340000E+00 5.45143e-08
0.9360000E+00 4.52534e-08
0.9380000E+00 3.75071e-08
0.9400000E+00 3.51659e-08
0.9420000E+00 3.38659e-08
0.9440000E+00 3.23408e-08
0.9460000E+00 3.64883e-08
0.9480000E+00 4.78684e-08
0.9500000E+00 4.55476e-08
0.9520000E+00 4.22677e-08
0.9540000E+00 3.38341e-08
0.9560000E+00 3.35336e-08
0.9580000E+00 3.60413e-08
0.9600000E+00 3.13061e-08
0.9620000E+00 2.97506e-08
0.9640000E+00 3.64771e-08
0.9660000E+00 7.47369e-08
0.9680000E+00 8.98327e-08
0.9700000E+00 6.71947e-08
0.9720000E+00 2.77845e-08
0.9740000E+00 4.06624e-08
0.9760000E+00 4.0606e-08
0.9780000E+00 3.97473e-08
0.9800000E+00 6.27391e-08
0.9820000E+00 4.50288e-08
0.9840000E+00 4.36205e-08
0.9860000E+00 4.05358e-08
0.9880000E+00 3.75733e-08
0.9900000E+00 3.87771e-08
0.9920000E+00 3.49366e-08
0.9940000E+00 3.23513e-08
0.9960000E+00 3.03192e-08
0.9980000E+00 2.89156e-08
0.1000000E+01 2.69522e-08
0.1002000E+01 6.57782e-08
0.1004000E+01 9.42832e-08
0.1006000E+01 6.85476e-08
0.1008000E+01 5.68531e-08
0.1010000E+01 6.3203e-08
0.1012000E+01 7.12993e-08
0.1014000E+01 6.39816e-08
0.1016000E+01 6.06103e-08
0.1018000E+01 5.08089e-08
0.1020000E+01 3.03813e-08
0.1022000E+01 3.52532e-08
0.1024000E+01 3.69114e-08
0.1026000E+01 3.78159e-08
0.1028000E+01 3.6171e-08
0.1030000E+01 3.48104e-08
0.1032000E+01 3.41526e-08
0.1034000E+01 3.33614e-08
0.1036000E+01 4.1591e-08
0.1038000E+01 7.33371e-08
0.1040000E+01 9.83223e-08
0.1042000E+01 8.78372e-08
0.1044000E+01 8.0551e-08
0.1046000E+01 7.31801e-08
0.1048000E+01 6.07556e-08
0.1050000E+01 5.91947e-08
0.1052000E+01 5.65301e-08
0.1054000E+01 5.47015e-08
0.1056000E+01 5.32497e-08
0.1058000E+01 5.10979e-08
0.1060000E+01 4.65742e-08
0.1062000E+01 4.25641e-08
0.1064000E+01 3.98016e-08
0.1066000E+01 3.75053e-08
0.1068000E+01 3.56099e-08
0.1070000E+01 3.10261e-08
0.1072000E+01 5.80937e-08
0.1074000E+01 1.08415e-07
0.1076000E+01 1.1814e-07
0.1078000E+01 8.12874e-08
0.1080000E+01 8.95872e-08
0.1082000E+01 7.88783e-08
0.1084000E+01 7.85201e-08
0.1086000E+01 6.94672e-08
0.1088000E+01 5.93435e-08
0.1090000E+01 5.5267e-08
0.1092000E+01 5.23395e-08
0.1094000E+01 5.10446e-08
0.1096000E+01 5.00004e-08
0.1098000E+01 4.85208e-08
0.1100000E+01 4.7221e-08
0.1102000E+01 4.58389e-08
0.1104000E+01 4.40466e-08
0.1106000E+01 5.84147e-08
0.1108000E+01 8.9685e-08
0.1110000E+01 1.0873e-07
0.1112000E+01 9.74089e-08
0.1114000E+01 9.22927e-08
0.1116000E+01 8.01917e-08
0.1118000E+01 7.08282e-08
0.1120000E+01 6.65203e-08
0.1122000E+01 6.02939e-08
0.1124000E+01 6.13474e-08
0.1126000E+01 6.95386e-08
0.1128000E+01 7.26917e-08
0.1130000E+01 6.46335e-08
0.1132000E+01 5.84694e-08
0.1134000E+01 5.49083e-08
0.1136000E+01 5.29166e-08
0.1138000E+01 5.10807e-08
0.1140000E+01 4.90303e-08
0.1142000E+01 1.25243e-07
0.1144000E+01 1.46861e-07
0.1146000E+01 9.55489e-08
0.1148000E+01 9.33412e-08
0.1150000E+01 1.09974e-07
0.1152000E+01 9.69902e-08
0.1154000E+01 9.10842e-08
0.1156000E+01 8.01295e-08
0.1158000E+01 7.3789e-08
0.1160000E+01 7.01169e-08
0.1162000E+01 6.7164e-08
0.1164000E+01 6.49999e-08
0.1166000E+01 6.34425e-08
0.1168000E+01 6.17929e-08
0.1170000E+01 6.01426e-08
0.1172000E+01 5.85813e-08
0.1174000E+01 8.361e-08
0.1176000E+01 1.26062e-07
0.1178000E+01 1.45819e-07
0.1180000E+01 1.3036e-07
0.1182000E+01 1.0879e-07
0.1184000E+01 9.14088e-08
0.1186000E+01 9.06232e-08
0.1188000E+01 1.03459e-07
0.1190000E+01 1.01051e-07
0.1192000E+01 8.97782e-08
0.1194000E+01 8.62486e-08
0.1196000E+01 8.31007e-08
0.1198000E+01 7.96655e-08
0.1200000E+01 7.48547e-08
0.1202000E+01 7.03432e-08
0.1204000E+01 6.6391e-08
0.1206000E+01 6.37658e-08
0.1208000E+01 1.48291e-07
0.1210000E+01 1.7148e-07
0.1212000E+01 1.15838e-07
0.1214000E+01 1.14112e-07
0.1216000E+01 1.11825e-07
0.1218000E+01 1.05409e-07
0.1220000E+01 9.8399e-08
0.1222000E+01 8.93157e-08
0.1224000E+01 8.16778e-08
0.1226000E+01 9.88971e-08
0.1228000E+01 8.63477e-08
0.1230000E+01 8.39081e-08
0.1232000E+01 8.16455e-08
0.1234000E+01 8.20019e-08
0.1236000E+01 8.60508e-08
0.1238000E+01 9.24909e-08
0.1240000E+01 1.32486e-07
0.1242000E+01 1.77785e-07
0.1244000E+01 1.6228e-07
0.1246000E+01 1.32349e-07
0.1248000E+01 1.10705e-07
0.1250000E+01 1.06895e-07
0.1252000E+01 1.04614e-07
0.1254000E+01 1.01234e-07
0.1256000E+01 9.84305e-08
0.1258000E+01 9.6671e-08
0.1260000E+01 9.36912e-08
0.1262000E+01 8.89916e-08
0.1264000E+01 9.50278e-08
0.1266000E+01 9.53892e-08
0.1268000E+01 8.8605e-08
0.1270000E+01 8.32741e-08
0.1272000E+01 1.90793e-07
0.1274000E+01 2.20109e-07
0.1276000E+01 1.48724e-07
0.1278000E+01 1.46524e-07
0.1280000E+01 1.44693e-07
0.1282000E+01 1.36729e-07
0.1284000E+01 1.22987e-07
0.1286000E+01 1.10083e-07
0.1288000E+01 1.08632e-07
0.1290000E+01 1.13907e-07
0.1292000E+01 1.07661e-07
0.1294000E+01 1.04538e-07
0.1296000E+01 1.02114e-07
0.1298000E+01 1.00377e-07
0.1300000E+01 9.61784e-08
0.1302000E+01 1.43678e-07
0.1304000E+01 2.17573e-07
0.1306000E+01 2.30219e-07
0.1308000E+01 1.83461e-07
0.1310000E+01 1.34802e-07
0.1312000E+01 1.28034e-07
0.1314000E+01 1.25679e-07
0.1316000E+01 1.23938e-07
0.1318000E+01 1.22031e-07
0.1320000E+01 1.20181e-07
0.1322000E+01 1.13512e-07
0.1324000E+01 1.05549e-07
0.1326000E+01 9.97178e-08
0.1328000E+01 9.69869e-08
0.1330000E+01 9.50007e-08
0.1332000E+01 1.35686e-07
0.1334000E+01 1.86074e-07
0.1336000E+01 2.31852e-07
0.1338000E+01 1.62691e-07
0.1340000E+01 1.61127e-07
0.1342000E+01 1.52999e-07
0.1344000E+01 1.55059e-07
0.1346000E+01 1.35931e-07
0.1348000E+01 1.30307e-07
0.1350000E+01 1.26718e-07
0.1352000E+01 1.21929e-07
0.1354000E+01 1.19565e-07
0.1356000E+01 1.17842e-07
0.1358000E+01 1.16045e-07
0.1360000E+01 1.1411e-07
0.1362000E+01 1.71149e-07
0.1364000E+01 2.56389e-07
0.1366000E+01 2.58622e-07
0.1368000E+01 1.98664e-07
0.1370000E+01 1.74853e-07
0.1372000E+01 1.61877e-07
0.1374000E+01 1.6037e-07
0.1376000E+01 1.53407e-07
0.1378000E+01 1.13339e-07
0.1380000E+01 1.03713e-07
0.1382000E+01 1.09439e-07
0.1384000E+01 1.15961e-07
0.1386000E+01 1.17905e-07
0.1388000E+01 1.0991e-07
0.1390000E+01 1.19091e-07
0.1392000E+01 2.10718e-07
0.1394000E+01 2.64564e-07
0.1396000E+01 2.15314e-07
0.1398000E+01 1.88511e-07
0.1400000E+01 1.72861e-07
0.1402000E+01 1.62389e-07
0.1404000E+01 1.58696e-07
0.1406000E+01 1.50349e-07
0.1408000E+01 1.42428e-07
0.1410000E+01 1.39483e-07
0.1412000E+01 1.29276e-07
0.1414000E+01 1.24044e-07
0.1416000E+01 1.24288e-07
0.1418000E+01 1.19469e-07
0.1420000E+01 2.44975e-07
0.1422000E+01 2.86353e-07
0.1424000E+01 2.13071e-07
0.1426000E+01 2.22467e-07
0.1428000E+01 2.04976e-07
0.1430000E+01 1.85866e-07
0.1432000E+01 1.27359e-07
0.1434000E+01 1.05284e-07
0.1436000E+01 1.23128e-07
0.1438000E+01 1.2608e-07
0.1440000E+01 1.23296e-07
0.1442000E+01 1.08717e-07
0.1444000E+01 1.08812e-07
0.1446000E+01 1.2175e-07
0.1448000E+01 1.96927e-07
0.1450000E+01 2.82763e-07
0.1452000E+01 2.34006e-07
0.1454000E+01 1.7689e-07
0.1456000E+01 1.64739e-07
0.1458000E+01 1.63098e-07
0.1460000E+01 1.61658e-07
0.1462000E+01 1.60316e-07
0.1464000E+01 1.5783e-07
0.1466000E+01 1.59565e-07
0.1468000E+01 1.31028e-07
0.1470000E+01 1.30653e-07
0.1472000E+01 1.28974e-07
0.1474000E+01 1.78179e-07
0.1476000E+01 2.63701e-07
0.1478000E+01 2.4211e-07
0.1480000E+01 1.48611e-07
0.1482000E+01 1.52312e-07
0.1484000E+01 1.52939e-07
0.1486000E+01 1.48182e-07
0.1488000E+01 1.41468e-07
0.1490000E+01 1.22125e-07
0.1492000E+01 1.07966e-07
0.1494000E+01 1.12507e-07
0.1496000E+01 1.1538e-07
0.1498000E+01 1.11919e-07
0.1500000E+01 9.92584e-08
0.1502000E+01 2.47376e-07
0.1504000E+01 2.99671e-07
0.1506000E+01 2.15658e-07
0.1508000E+01 2.27517e-07
0.1510000E+01 2.06047e-07
0.1512000E+01 1.58639e-07
0.1514000E+01 1.34577e-07
0.1516000E+01 1.43278e-07
0.1518000E+01 1.43728e-07
0.1520000E+01 1.01071e-07
0.1522000E+01 6.13875e-08
0.1524000E+01 7.68894e-08
0.1526000E+01 9.40092e-08
0.1528000E+01 1.94792e-07
0.1530000E+01 2.62108e-07
0.1532000E+01 1.74618e-07
0.1534000E+01 1.36615e-07
0.1536000E+01 1.31838e-07
0.1538000E+01 1.30904e-07
0.1540000E+01 1.32891e-07
0.1542000E+01 1.31969e-07
0.1544000E+01 1.28156e-07
0.1546000E+01 1.22128e-07
0.1548000E+01 1.25323e-07
0.1550000E+01 7.78038e-08
0.1552000E+01 1.16241e-07
0.1554000E+01 2.18138e-07
0.1556000E+01 2.69044e-07
0.1558000E+01 1.73027e-07
0.1560000E+01 1.04445e-07
0.1562000E+01 1.07062e-07
0.1564000E+01 1.22396e-07
0.1566000E+01 1.01409e-07
0.1568000E+01 8.19112e-08
0.1570000E+01 9.57512e-08
0.1572000E+01 9.57152e-08
0.1574000E+01 9.35297e-08
0.1576000E+01 9.39012e-08
0.1578000E+01 2.02132e-07
0.1580000E+01 2.59266e-07
0.1582000E+01 2.06819e-07
0.1584000E+01 1.71721e-07
0.1586000E+01 1.69923e-07
0.1588000E+01 1.70832e-07
0.1590000E+01 1.57233e-07
0.1592000E+01 1.44491e-07
0.1594000E+01 8.40651e-08
0.1596000E+01 5.41188e-08
0.1598000E+01 5.18949e-08
0.1600000E+01 5.511e-08
0.1602000E+01 1.37143e-07
0.1604000E+01 1.50663e-07
0.1606000E+01 1.26746e-07
0.1608000E+01 1.85155e-07
0.1610000E+01 1.86864e-07
0.1612000E+01 1.89071e-07
0.1614000E+01 1.61192e-07
0.1616000E+01 1.63235e-07
0.1618000E+01 1.60707e-07
0.1620000E+01 1.59943e-07
0.1622000E+01 1.59213e-07
0.1624000E+01 1.49959e-07
0.1626000E+01 -5.53959e-09
0.1628000E+01 2.2461e-07
0.1630000E+01 2.31586e-07
0.1632000E+01 1.84965e-07
0.1634000E+01 1.80885e-07
0.1636000E+01 1.82375e-07
0.1638000E+01 1.61521e-07
0.1640000E+01 1.57936e-07
0.1642000E+01 1.09245e-07
0.1644000E+01 9.7604e-08
0.1646000E+01 1.27205e-07
0.1648000E+01 1.40135e-07
0.1650000E+01 2.38636e-07
0.1652000E+01 3.30217e-07
0.1654000E+01 2.8033e-07
0.1656000E+01 1.93781e-07
0.1658000E+01 1.4569e-07
0.1660000E+01 1.57865e-07
0.1662000E+01 1.39421e-07
0.1664000E+01 1.2228e-07
0.1666000E+01 1.11561e-07
0.1668000E+01 1.72029e-07
0.1670000E+01 1.70566e-07
0.1672000E+01 2.2812e-07
0.1674000E+01 3.30846e-07
0.1676000E+01 3.3332e-07
0.1678000E+01 2.70511e-07
0.1680000E+01 2.64655e-07
0.1682000E+01 2.65891e-07
0.1684000E+01 2.1701e-07
0.1686000E+01 1.73402e-07
0.1688000E+01 1.73775e-07
0.1690000E+01 1.51651e-07
0.1692000E+01 7.97914e-08
0.1694000E+01 1.80669e-07
0.1696000E+01 3.19069e-07
0.1698000E+01 3.37266e-07
0.1700000E+01 2.81319e-07
0.1702000E+01 2.68083e-07
0.1704000E+01 2.59959e-07
0.1706000E+01 2.59882e-07
0.1708000E+01 2.55792e-07
0.1710000E+01 2.47006e-07
0.1712000E+01 1.92379e-07
0.1714000E+01 1.60839e-07
0.1716000E+01 2.35881e-07
0.1718000E+01 3.35214e-07
0.1720000E+01 3.08535e-07
0.1722000E+01 2.61814e-07
0.1724000E+01 2.535e-07
0.1726000E+01 2.83814e-07
0.1728000E+01 2.70206e-07
0.1730000E+01 2.68866e-07
0.1732000E+01 2.74206e-07
0.1734000E+01 2.70361e-07
0.1736000E+01 1.88679e-07
0.1738000E+01 2.94724e-07
0.1740000E+01 3.4935e-07
0.1742000E+01 2.95895e-07
0.1744000E+01 3.02733e-07
0.1746000E+01 3.19899e-07
0.1748000E+01 2.70393e-07
0.1750000E+01 2.63482e-07
0.1752000E+01 2.61779e-07
0.1754000E+01 2.59809e-07
0.1756000E+01 2.59534e-07
0.1758000E+01 2.79494e-07
0.1760000E+01 3.68262e-07
0.1762000E+01 3.1272e-07
0.1764000E+01 3.15956e-07
0.1766000E+01 3.0687e-07
0.1768000E+01 2.99566e-07
0.1770000E+01 2.95926e-07
0.1772000E+01 2.99907e-07
0.1774000E+01 2.98239e-07
0.1776000E+01 2.2426e-07
0.1778000E+01 3.43744e-07
0.1780000E+01 4.70335e-07
0.1782000E+01 4.17146e-07
0.1784000E+01 3.70814e-07
0.1786000E+01 3.33407e-07
0.1788000E+01 3.24951e-07
0.1790000E+01 3.13257e-07
0.1792000E+01 3.09609e-07
0.1794000E+01 2.99342e-07
0.1796000E+01 2.77602e-07
0.1798000E+01 4.1672e-07
0.1800000E+01 4.76846e-07
0.1802000E+01 4.14331e-07
0.1804000E+01 3.81088e-07
0.1806000E+01 3.58798e-07
0.1808000E+01 3.66788e-07
0.1810000E+01 3.70835e-07
0.1812000E+01 3.62158e-07
0.1814000E+01 3.05682e-07
0.1816000E+01 3.71363e-07
0.1818000E+01 4.68861e-07
0.1820000E+01 4.4765e-07
0.1822000E+01 4.17339e-07
0.1824000E+01 4.22344e-07
0.1826000E+01 4.34082e-07
0.1828000E+01 4.22121e-07
0.1830000E+01 4.00683e-07
0.1832000E+01 3.95642e-07
0.1834000E+01 4.17189e-07
0.1836000E+01 5.0541e-07
0.1838000E+01 5.16183e-07
0.1840000E+01 4.85863e-07
0.1842000E+01 4.86092e-07
0.1844000E+01 5.20509e-07
0.1846000E+01 4.15576e-07
0.1848000E+01 4.52231e-07
0.1850000E+01 4.60738e-07
0.1852000E+01 5.14745e-07
0.1854000E+01 5.87214e-07
0.1856000E+01 5.52332e-07
0.1858000E+01 5.2542e-07
0.1860000E+01 5.39558e-07
0.1862000E+01 5.98693e-07
0.1864000E+01 5.94731e-07
0.1866000E+01 5.70181e-07
0.1868000E+01 5.6407e-07
0.1870000E+01 6.7699e-07
0.1872000E+01 6.2064e-07
0.1874000E+01 5.6551e-07
0.1876000E+01 5.79167e-07
0.1878000E+01 6.8263e-07
0.1880000E+01 7.01809e-07
0.1882000E+01 6.74323e-07
0.1884000E+01 6.85267e-07
0.1886000E+01 7.39895e-07
0.1888000E+01 7.48671e-07
0.1890000E+01 7.24255e-07
0.1892000E+01 6.47305e-07
0.1894000E+01 8.42237e-07
0.1896000E+01 8.242e-07
0.1898000E+01 7.44092e-07
0.1900000E+01 7.8313e-07
0.1902000E+01 8.10703e-07
0.1904000E+01 8.1663e-07
0.1906000E+01 8.29861e-07
0.1908000E+01 1.02698e-06
0.1910000E+01 1.08151e-06
0.1912000E+01 9.55379e-07
0.1914000E+01 9.53039e-07
0.1916000E+01 9.30519e-07
0.1918000E+01 7.30055e-07
0.1920000E+01 8.87749e-07
0.1922000E+01 7.99331e-07
0.1924000E+01 -3.72393e-07
0.1926000E+01 5.37784e-07
0.1928000E+01 3.55463e-06
0.1930000E+01 3.96064e-06
0.1932000E+01 2.80404e-06
0.1934000E+01 3.16379e-06
0.1936000E+01 1.43392e-06
0.1938000E+01 3.35785e-06
0.1940000E+01 1.90167e-06
0.1942000E+01 3.68207e-06
0.1944000E+01 4.48444e-06
0.1946000E+01 6.82537e-06
0.1948000E+01 4.82e-06
0.1950000E+01 6.8922e-06
0.1952000E+01 6.19545e-06
0.1954000E+01 2.70573e-05
0.1956000E+01 -1.00462e-06
0.1958000E+01 -3.16012e-05
0.1960000E+01 -1.14744e-05
0.1962000E+01 -1.15077e-05
0.1964000E+01 -3.72908e-06
0.1966000E+01 -1.19181e-06
0.1968000E+01 -3.33392e-06
0.1970000E+01 -4.30536e-06
0.1972000E+01 -6.0326e-06
0.1974000E+01 -4.87807e-06
0.1976000E+01 -1.2371e-06
0.1978000E+01 -1.20361e-06
0.1980000E+01 -4.87598e-06
0.1982000E+01 -5.03404e-06
0.1984000E+01 -1.92647e-06
0.1986000E+01 -1.0427e-06
0.1988000E+01 -1.66769e-06
0.1990000E+01 -1.25909e-06
0.1992000E+01 -2.0658e-06
0.1994000E+01 -4.65697e-07
0.1996000E+01 -5.2814e-07
0.1998000E+01 1.27015e-08
0.2000000E+01 -6.29191e-07
0.2002000E+01 -6.5597e-07
0.2004000E+01 -6.88018e-07
0.2006000E+01 -7.35019e-07
0.2008000E+01 -7.83528e-07
0.2010000E+01 -8.64914e-07
0.2012000E+01 -9.77347e-07
0.2014000E+01 -1.19958e-06
0.2016000E+01 -1.72361e-06
0.2018000E+01 -1.06132e-06
0.2020000E+01 -4.40869e-07
0.2022000E+01 -4.57006e-07
0.2024000E+01 -4.70783e-07
0.2026000E+01 -4.53467e-07
0.2028000E+01 -4.7954e-07
0.2030000E+01 4.55859e-08
0.2032000E+01 1.36931e-06
0.2034000E+01 2.26272e-06
0.2036000E+01 6.78836e-07
0.2038000E+01 -1.59195e-06
0.2040000E+01 -1.86285e-06
0.2042000E+01 -1.82141e-06
0.2044000E+01 -9.79647e-07
0.2046000E+01 -7.12455e-07
0.2048000E+01 -2.02907e-07
0.2050000E+01 8.98807e-07
0.2052000E+01 3.72621e-07
0.2054000E+01 -1.63386e-06
0.2056000E+01 -1.65047e-06
0.2058000E+01 -4.13987e-07
0.2060000E+01 -1.93664e-08
0.2062000E+01 -6.59281e-08
0.2064000E+01 -2.54458e-08
0.2066000E+01 -7.85458e-07
0.2068000E+01 -7.5425e-08
0.2070000E+01 -2.88488e-07
0.2072000E+01 -9.95367e-07
0.2074000E+01 -6.97947e-07
0.2076000E+01 -2.34534e-07
0.2078000E+01 -2.32971e-08
0.2080000E+01 -1.36497e-07
0.2082000E+01 -2.05407e-07
0.2084000E+01 -8.64799e-07
0.2086000E+01 -7.09236e-07
0.2088000E+01 -5.80901e-07
0.2090000E+01 -6.02335e-07
0.2092000E+01 -2.53429e-07
0.2094000E+01 4.32179e-07
0.2096000E+01 1.54377e-07
0.2098000E+01 -3.20208e-07
0.2100000E+01 -4.6391e-07
0.2102000E+01 -4.50578e-07
0.2104000E+01 -4.35319e-07
0.2106000E+01 -3.41177e-07
0.2108000E+01 -2.92076e-08
0.2110000E+01 8.65089e-08
0.2112000E+01 2.07667e-08
0.2114000E+01 5.70332e-08
0.2116000E+01 -3.83869e-08
0.2118000E+01 -4.70023e-07
0.2120000E+01 -5.25258e-07
0.2122000E+01 -5.11788e-07
0.2124000E+01 -5.9019e-07
0.2126000E+01 -6.89583e-07
0.2128000E+01 -3.34044e-07
0.2130000E+01 1.25923e-07
0.2132000E+01 -3.82404e-08
0.2134000E+01 -3.3684e-07
0.2136000E+01 -3.17772e-07
0.2138000E+01 -3.52021e-07
0.2140000E+01 -3.84224e-07
0.2142000E+01 -3.52052e-07
0.2144000E+01 -1.0811e-07
0.2146000E+01 1.77183e-07
0.2148000E+01 1.021e-07
0.2150000E+01 1.27927e-08
0.2152000E+01 -1.6499e-07
0.2154000E+01 -2.64076e-07
0.2156000E+01 -3.8828e-07
0.2158000E+01 -5.84523e-07
0.2160000E+01 -3.6572e-07
0.2162000E+01 -1.05453e-07
0.2164000E+01 -1.10875e-07
0.2166000E+01 -1.16157e-07
0.2168000E+01 -1.06399e-07
0.2170000E+01 -2.1692e-07
0.2172000E+01 -3.66882e-07
0.2174000E+01 -4.25879e-07
0.2176000E+01 -4.49909e-07
0.2178000E+01 -5.40337e-07
0.2180000E+01 1.93838e-07
0.2182000E+01 7.38753e-08
0.2184000E+01 -2.49741e-07
0.2186000E+01 -2.6549e-07
0.2188000E+01 -2.62546e-07
0.2190000E+01 -2.65609e-07
0.2192000E+01 -1.55115e-07
0.2194000E+01 1.71059e-07
0.2196000E+01 2.20226e-07
0.2198000E+01 -1.28089e-07
0.2200000E+01 -2.68096e-07
0.2202000E+01 -3.94928e-07
0.2204000E+01 -3.84865e-07
0.2206000E+01 -3.34014e-07
0.2208000E+01 -3.86533e-08
0.2210000E+01 3.06561e-08
0.2212000E+01 -6.26439e-08
0.2214000E+01 2.12889e-09
0.2216000E+01 -1.26597e-07
0.2218000E+01 -3.22962e-07
0.2220000E+01 -3.65272e-07
0.2222000E+01 7.48006e-08
0.2224000E+01 4.44296e-07
0.2226000E+01 -3.11784e-07
0.2228000E+01 -3.00489e-07
0.2230000E+01 -3.13993e-07
0.2232000E+01 2.49842e-08
0.2234000E+01 4.91341e-07
0.2236000E+01 4.37991e-07
0.2238000E+01 1.66924e-07
0.2240000E+01 -3.36647e-07
0.2242000E+01 -7.41287e-08
0.2244000E+01 4.51057e-07
0.2246000E+01 9.27354e-08
0.2248000E+01 -9.23013e-08
0.2250000E+01 -6.41521e-08
0.2252000E+01 9.55551e-07
0.2254000E+01 5.14938e-08
0.2256000E+01 1.6023e-06
0.2258000E+01 2.94859e-06
0.2260000E+01 3.46729e-07
0.2262000E+01 -2.36304e-06
0.2264000E+01 -1.67923e-06
0.2266000E+01 -1.49691e-06
0.2268000E+01 -1.25173e-06
0.2270000E+01 -1.10402e-06
0.2272000E+01 -9.40535e-07
0.2274000E+01 -8.79035e-07
0.2276000E+01 -8.33898e-07
0.2278000E+01 -7.84024e-07
0.2280000E+01 -6.59698e-07
0.2282000E+01 -5.4093e-07
0.2284000E+01 -5.08457e-07
0.2286000E+01 -5.38996e-07
0.2288000E+01 -5.02289e-07
0.2290000E+01 -4.76918e-07
0.2292000E+01 -4.73693e-07
0.2294000E+01 -5.27125e-07
0.2296000E+01 -5.24773e-07
0.2298000E+01 -4.97021e-07
0.2300000E+01 -4.73008e-07
0.2302000E+01 -4.65761e-07
0.2304000E+01 -4.56355e-07
0.2306000E+01 -4.42239e-07
0.2308000E+01 -4.41433e-07
0.2310000E+01 -4.32382e-07
0.2312000E+01 -3.88176e-07
0.2314000E+01 -4.2626e-07
0.2316000E+01 -4.5079e-07
0.2318000E+01 -4.49937e-07
0.2320000E+01 -4.42515e-07
0.2322000E+01 -4.33218e-07
0.2324000E+01 -4.21003e-07
0.2326000E+01 -4.1194e-07
0.2328000E+01 -4.05972e-07
0.2330000E+01 -3.92228e-07
0.2332000E+01 -3.87741e-07
0.2334000E+01 -3.82596e-07
0.2336000E+01 -3.73477e-07
0.2338000E+01 -3.76628e-07
0.2340000E+01 -3.727e-07
0.2342000E+01 -3.70941e-07
0.2344000E+01 -3.55949e-07
0.2346000E+01 -3.6515e-07
0.2348000E+01 -3.84824e-07
0.2350000E+01 -3.85468e-07
0.2352000E+01 -3.77811e-07
0.2354000E+01 -3.70616e-07
0.2356000E+01 -3.67523e-07
0.2358000E+01 -3.64518e-07
0.2360000E+01 -3.66182e-07
0.2362000E+01 -3.80344e-07
0.2364000E+01 -4.16982e-07
0.2366000E+01 -3.86283e-07
0.2368000E+01 -3.87544e-07
0.2370000E+01 -4.39192e-07
0.2372000E+01 -4.0037e-07
0.2374000E+01 -3.77832e-07
0.2376000E+01 -2.91232e-07
0.2378000E+01 -3.04172e-07
0.2380000E+01 -3.02395e-07
0.2382000E+01 -3.38826e-07
0.2384000E+01 -3.09979e-07
0.2386000E+01 -3.0749e-07
0.2388000E+01 -3.29914e-07
0.2390000E+01 -3.35885e-07
0.2392000E+01 -3.42755e-07
0.2394000E+01 -3.36744e-07
0.2396000E+01 -3.46287e-07
0.2398000E+01 -3.48863e-07
0.2400000E+01 -3.43979e-07
0.2402000E+01 -3.35763e-07
0.2404000E+01 -3.40674e-07
0.2406000E+01 -3.27033e-07
0.2408000E+01 -3.26225e-07
0.2410000E+01 -3.18043e-07
0.2412000E+01 -2.97668e-07
0.2414000E+01 -3.05968e-07
0.2416000E+01 -2.99265e-07
0.2418000E+01 -2.82829e-07
0.2420000E+01 -2.33423e-07
0.2422000E+01 -2.94369e-07
0.2424000E+01 -3.09891e-07
0.2426000E+01 -3.0679e-07
0.2428000E+01 -3.05651e-07
0.2430000E+01 -3.00821e-07
0.2432000E+01 -2.97733e-07
0.2434000E+01 -3.02087e-07
0.2436000E+01 -2.93709e-07
0.2438000E+01 -3.1319e-07
0.2440000E+01 -2.97768e-07
0.2442000E+01 -2.98324e-07
0.2444000E+01 -2.93961e-07
0.2446000E+01 -2.86326e-07
0.2448000E+01 -2.82182e-07
0.2450000E+01 -2.81119e-07
0.2452000E+01 -2.75279e-07
0.2454000E+01 -2.69509e-07
0.2456000E+01 -2.61598e-07
0.2458000E+01 -2.55669e-07
0.2460000E+01 -2.42508e-07
0.2462000E+01 -6.74591e-07
0.2464000E+01 -6.32603e-07
0.2466000E+01 -3.13991e-07
0.2468000E+01 -3.44219e-07
0.2470000E+01 -3.91709e-07
0.2472000E+01 -7.993e-08
0.2474000E+01 -2.62097e-07
0.2476000E+01 -3.59549e-07
0.2478000E+01 -3.35837e-07
0.2480000E+01 -1.70699e-07
0.2482000E+01 -3.22353e-07
0.2484000E+01 -2.8976e-07
0.2486000E+01 -3.42991e-07
0.2488000E+01 -2.8538e-07
0.2490000E+01 -2.07514e-07
0.2492000E+01 -2.90568e-07
0.2494000E+01 -2.93897e-07
0.2496000E+01 -2.90779e-07
0.2498000E+01 -3.14375e-07
0.2500000E+01 -4.45144e-08
0.2502000E+01 -2.51988e-07
0.2504000E+01 -2.3969e-07
0.2506000E+01 -2.38672e-07
0.2508000E+01 -2.66344e-07
0.2510000E+01 -2.96479e-07
0.2512000E+01 -2.80552e-07
0.2514000E+01 6.15049e-08
0.2516000E+01 -2.27413e-07
0.2518000E+01 -2.6447e-07
0.2520000E+01 -2.56647e-07
0.2522000E+01 -2.47982e-07
0.2524000E+01 -2.56486e-07
0.2526000E+01 -2.74781e-07
0.2528000E+01 -1.07336e-07
0.2530000E+01 -5.74885e-08
0.2532000E+01 -1.36556e-07
0.2534000E+01 -3.20376e-07
0.2536000E+01 -2.56484e-07
0.2538000E+01 -2.22618e-07
0.2540000E+01 -2.18041e-07
0.2542000E+01 -2.29546e-07
0.2544000E+01 -2.34492e-07
0.2546000E+01 4.41028e-08
0.2548000E+01 -7.27718e-08
0.2550000E+01 -1.32959e-07
0.2552000E+01 -1.29659e-07
0.2554000E+01 -2.64127e-07
0.2556000E+01 -2.1679e-07
0.2558000E+01 -2.15138e-07
0.2560000E+01 -2.06054e-07
0.2562000E+01 -2.02613e-07
0.2564000E+01 -1.23808e-08
0.2566000E+01 -4.92852e-08
0.2568000E+01 -1.28324e-07
0.2570000E+01 -1.51552e-07
0.2572000E+01 -1.4497e-07
0.2574000E+01 -1.48132e-07
0.2576000E+01 -1.48209e-07
0.2578000E+01 -1.70507e-07
0.2580000E+01 -1.88268e-07
0.2582000E+01 -2.03911e-07
0.2584000E+01 1.63317e-09
0.2586000E+01 -3.061e-08
0.2588000E+01 -7.18383e-08
0.2590000E+01 -1.0825e-07
0.2592000E+01 -1.55557e-07
0.2594000E+01 -1.84865e-07
0.2596000E+01 -1.54227e-07
0.2598000E+01 -1.52466e-07
0.2600000E+01 -1.59713e-07
0.2602000E+01 -1.67102e-07
0.2604000E+01 -1.43525e-07
0.2606000E+01 -1.2083e-08
0.2608000E+01 -9.95975e-08
0.2610000E+01 -1.0334e-07
0.2612000E+01 -1.17976e-07
0.2614000E+01 -1.27936e-07
0.2616000E+01 -1.06788e-07
0.2618000E+01 -1.44709e-07
0.2620000E+01 -1.95951e-07
0.2622000E+01 -1.49462e-07
0.2624000E+01 -1.80931e-07
0.2626000E+01 -1.44179e-07
0.2628000E+01 -2.78162e-08
0.2630000E+01 -2.90509e-08
0.2632000E+01 -1.28796e-07
0.2634000E+01 -2.06097e-07
0.2636000E+01 -1.5111e-07
0.2638000E+01 -1.21569e-07
0.2640000E+01 -1.41724e-07
0.2642000E+01 -1.38174e-07
0.2644000E+01 -1.33584e-07
0.2646000E+01 -1.21969e-07
0.2648000E+01 -1.90912e-07
0.2650000E+01 -1.9135e-07
0.2652000E+01 -7.98011e-08
0.2654000E+01 -6.33981e-08
0.2656000E+01 -6.63272e-08
0.2658000E+01 -1.15393e-07
0.2660000E+01 -1.16775e-07
0.2662000E+01 -1.14881e-07
0.2664000E+01 -1.93516e-07
0.2666000E+01 -1.95058e-07
0.2668000E+01 -1.64768e-07
0.2670000E+01 -1.35928e-07
0.2672000E+01 -1.355e-07
0.2674000E+01 -1.38468e-07
0.2676000E+01 -1.34436e-07
0.2678000E+01 -2.54291e-08
0.2680000E+01 -1.08733e-07
0.2682000E+01 -1.85819e-07
0.2684000E+01 -1.5857e-07
0.2686000E+01 -1.50072e-07
0.2688000E+01 -1.3845e-07
0.2690000E+01 -1.44116e-07
0.2692000E+01 -1.37887e-07
0.2694000E+01 -1.15602e-07
0.2696000E+01 -1.19127e-07
0.2698000E+01 -1.27143e-07
0.2700000E+01 -2.12518e-07
0.2702000E+01 -2.53304e-07
0.2704000E+01 -1.10685e-07
0.2706000E+01 -1.03011e-07
0.2708000E+01 -1.09241e-07
0.2710000E+01 -1.11001e-07
0.2712000E+01 -1.16716e-07
0.2714000E+01 -1.18901e-07
0.2716000E+01 -1.22189e-07
0.2718000E+01 -1.27802e-07
0.2720000E+01 -1.91115e-07
0.2722000E+01 -1.66607e-07
0.2724000E+01 -2.16011e-07
0.2726000E+01 -1.69555e-07
0.2728000E+01 -1.70536e-07
0.2730000E+01 -1.11206e-07
0.2732000E+01 -7.3555e-08
0.2734000E+01 -7.52797e-08
0.2736000E+01 -1.40786e-07
0.2738000E+01 -1.73465e-07
0.2740000E+01 -1.3682e-07
0.2742000E+01 -1.26783e-07
0.2744000E+01 -1.23924e-07
0.2746000E+01 -1.57753e-07
0.2748000E+01 -2.15221e-07
0.2750000E+01 -1.65507e-07
0.2752000E+01 -1.71251e-07
0.2754000E+01 -2.74233e-07
0.2756000E+01 -1.93563e-07
0.2758000E+01 -1.19912e-07
0.2760000E+01 -8.59539e-08
0.2762000E+01 -1.20472e-07
0.2764000E+01 -1.20105e-07
0.2766000E+01 -1.22835e-07
0.2768000E+01 -1.95897e-07
0.2770000E+01 -1.98094e-07
0.2772000E+01 -1.97406e-07
0.2774000E+01 -2.23582e-07
0.2776000E+01 -1.8902e-07
0.2778000E+01 -1.79201e-07
0.2780000E+01 -1.6627e-07
0.2782000E+01 -2.82092e-07
0.2784000E+01 -2.39402e-07
0.2786000E+01 -1.51862e-07
0.2788000E+01 -1.1959e-07
0.2790000E+01 -1.53561e-07
0.2792000E+01 -1.65719e-07
0.2794000E+01 -2.50529e-07
0.2796000E+01 -3.36655e-07
0.2798000E+01 -2.41713e-07
0.2800000E+01 -2.20439e-07
0.2802000E+01 -2.35505e-07
0.2804000E+01 -2.12839e-07
0.2806000E+01 -3.82915e-07
0.2808000E+01 -3.61894e-07
0.2810000E+01 -3.24963e-07
0.2812000E+01 -2.81255e-07
0.2814000E+01 -2.494e-07
0.2816000E+01 -3.86544e-07
0.2818000E+01 -3.65477e-07
0.2820000E+01 -3.79604e-07
0.2822000E+01 -3.81408e-07
0.2824000E+01 -4.33323e-07
0.2826000E+01 -6.66911e-07
0.2828000E+01 -4.66283e-07
0.2830000E+01 -5.22426e-07
0.2832000E+01 -8.54586e-07
0.2834000E+01 -1.00022e-06
0.2836000E+01 -7.77913e-07
0.2838000E+01 -1.44777e-06
0.2840000E+01 -1.57459e-06
0.2842000E+01 -2.40878e-06
0.2844000E+01 -3.91856e-06
0.2846000E+01 -2.54988e-06
0.2848000E+01 9.22388e-06
0.2850000E+01 3.14426e-06
0.2852000E+01 2.06337e-06
0.2854000E+01 1.11807e-06
0.2856000E+01 1.39045e-06
0.2858000E+01 1.08959e-06
0.2860000E+01 8.30903e-07
0.2862000E+01 6.66642e-07
0.2864000E+01 7.65891e-07
0.2866000E+01 5.90059e-07
0.2868000E+01 6.17101e-07
0.2870000E+01 4.68606e-07
0.2872000E+01 4.75854e-07
0.2874000E+01 4.80107e-07
0.2876000E+01 3.82938e-07
0.2878000E+01 4.14326e-07
0.2880000E+01 4.78515e-07
0.2882000E+01 3.97575e-07
0.2884000E+01 3.84619e-07
0.2886000E+01 2.68639e-07
0.2888000E+01 2.76416e-07
0.2890000E+01 2.87141e-07
0.2892000E+01 3.18803e-07
0.2894000E+01 3.88194e-07
0.2896000E+01 4.06355e-07
0.2898000E+01 2.22097e-07
0.2900000E+01 2.30072e-07
0.2902000E+01 2.36242e-07
0.2904000E+01 2.04385e-07
0.2906000E+01 1.85921e-07
0.2908000E+01 2.33074e-07
0.2910000E+01 2.35684e-07
0.2912000E+01 2.90441e-07
0.2914000E+01 2.46587e-07
0.2916000E+01 1.86662e-07
0.2918000E+01 1.79906e-07
0.2920000E+01 1.81253e-07
0.2922000E+01 2.29668e-07
0.2924000E+01 1.924e-07
0.2926000E+01 1.70624e-07
0.2928000E+01 1.82013e-07
0.2930000E+01 1.93164e-07
0.2932000E+01 2.14945e-07
0.2934000E+01 1.96766e-07
0.2936000E+01 1.51472e-07
0.2938000E+01 1.3368e-07
0.2940000E+01 3.31437e-07
0.2942000E+01 3.62433e-07
0.2944000E+01 1.44396e-07
0.2946000E+01 1.43026e-07
0.2948000E+01 1.51489e-07
0.2950000E+01 1.4774e-07
0.2952000E+01 1.5828e-07
0.2954000E+01 1.43789e-07
0.2956000E+01 1.60908e-07
0.2958000E+01 1.81657e-07
0.2960000E+01 1.57001e-07
0.2962000E+01 1.43787e-07
0.2964000E+01 1.24423e-07
0.2966000E+01 1.21383e-07
0.2968000E+01 1.06502e-07
0.2970000E+01 7.99754e-08
0.2972000E+01 9.01036e-08
0.2974000E+01 9.55954e-08
0.2976000E+01 9.45881e-08
0.2978000E+01 2.21101e-07
0.2980000E+01 3.22397e-07
0.2982000E+01 2.59442e-07
0.2984000E+01 1.18285e-07
0.2986000E+01 -1.18966e-07
0.2988000E+01 -1.59357e-06
0.2990000E+01 1.92264e-06
0.2992000E+01 3.48956e-06
0.2994000E+01 8.02157e-08
0.2996000E+01 8.27734e-08
0.2998000E+01 8.47975e-08
0.3000000E+01 8.50964e-08
0.3002000E+01 8.40213e-08
0.3004000E+01 8.51874e-08
0.3006000E+01 9.47159e-08
0.3008000E+01 1.02913e-07
0.3010000E+01 1.00337e-07
0.3012000E+01 9.81342e-08
0.3014000E+01 9.70458e-08
0.3016000E+01 9.64568e-08
0.3018000E+01 9.87678e-08
0.3020000E+01 9.04247e-08
0.3022000E+01 8.387e-08
0.3024000E+01 9.29425e-08
0.3026000E+01 1.08414e-07
0.3028000E+01 1.09007e-07
0.3030000E+01 7.06537e-08
0.3032000E+01 5.94272e-08
0.3034000E+01 6.96156e-08
0.3036000E+01 7.57108e-08
0.3038000E+01 8.16027e-08
0.3040000E+01 8.07315e-08
0.3042000E+01 9.17914e-08
0.3044000E+01 8.06169e-08
0.3046000E+01 1.20774e-07
0.3048000E+01 9.66521e-08
0.3050000E+01 9.66632e-08
0.3052000E+01 9.41819e-08
0.3054000E+01 8.71469e-08
0.3056000E+01 7.994e-08
0.3058000E+01 8.36437e-08
0.3060000E+01 9.09202e-08
0.3062000E+01 8.85917e-08
0.3064000E+01 1.02788e-07
0.3066000E+01 1.0176e-07
0.3068000E+01 1.03384e-07
0.3070000E+01 1.11821e-07
0.3072000E+01 1.08348e-07
0.3074000E+01 9.62856e-08
0.3076000E+01 7.46593e-08
0.3078000E+01 4.98029e-08
0.3080000E+01 8.62477e-08
0.3082000E+01 1.1379e-07
0.3084000E+01 1.12975e-07
0.3086000E+01 1.04338e-07
0.3088000E+01 1.03324e-07
0.3090000E+01 9.6916e-08
0.3092000E+01 7.96882e-08
0.3094000E+01 8.44084e-08
0.3096000E+01 7.68671e-08
0.3098000E+01 1.15222e-07
0.3100000E+01 1.20875e-07
0.3102000E+01 1.09106e-07
0.3104000E+01 1.10155e-07
0.3106000E+01 9.23079e-08
0.3108000E+01 1.30105e-07
0.3110000E+01 9.9332e-08
0.3112000E+01 8.21413e-08
0.3114000E+01 1.06579e-07
0.3116000E+01 1.22939e-07
0.3118000E+01 1.154e-07
0.3120000E+01 1.24011e-07
0.3122000E+01 1.2723e-07
0.3124000E+01 8.39371e-08
0.3126000E+01 6.83869e-08
0.3128000E+01 7.38007e-08
0.3130000E+01 1.03287e-07
0.3132000E+01 1.35985e-07
0.3134000E+01 1.12713e-07
0.3136000E+01 1.18558e-07
0.3138000E+01 9.36892e-08
0.3140000E+01 8.30882e-08
0.3142000E+01 1.05899e-07
0.3144000E+01 1.09934e-07
0.3146000E+01 1.36074e-07
0.3148000E+01 1.0954e-07
0.3150000E+01 9.61662e-08
0.3152000E+01 1.01564e-07
0.3154000E+01 1.23908e-07
0.3156000E+01 5.75669e-08
0.3158000E+01 4.31044e-08
0.3160000E+01 1.04979e-07
0.3162000E+01 -4.20615e-08
0.3164000E+01 -5.30156e-08
0.3166000E+01 6.51456e-07
0.3168000E+01 1.71815e-07
0.3170000E+01 -1.36808e-08
0.3172000E+01 8.81585e-08
0.3174000E+01 8.49299e-08
0.3176000E+01 2.49807e-07
0.3178000E+01 1.01782e-07
0.3180000E+01 1.48648e-07
0.3182000E+01 2.60441e-07
0.3184000E+01 1.38889e-07
0.3186000E+01 2.10196e-07
0.3188000E+01 1.96725e-07
0.3190000E+01 2.35616e-07
0.3192000E+01 1.84688e-07
0.3194000E+01 1.38602e-07
0.3196000E+01 1.50203e-07
0.3198000E+01 1.63469e-07
0.3200000E+01 1.77911e-07
0.3202000E+01 2.25038e-07
0.3204000E+01 1.69561e-07
0.3206000E+01 1.66551e-07
0.3208000E+01 1.49955e-07
0.3210000E+01 1.49477e-07
0.3212000E+01 1.42857e-07
0.3214000E+01 2.37418e-07
0.3216000E+01 1.40104e-07
0.3218000E+01 1.07166e-07
0.3220000E+01 6.97626e-08
0.3222000E+01 1.16318e-07
0.3224000E+01 1.77009e-07
0.3226000E+01 1.59248e-07
0.3228000E+01 1.02883e-07
0.3230000E+01 5.57547e-08
0.3232000E+01 9.2246e-08
0.3234000E+01 1.63219e-07
0.3236000E+01 1.85328e-07
0.3238000E+01 1.38928e-07
0.3240000E+01 1.28059e-07
0.3242000E+01 9.89008e-08
0.3244000E+01 2.34417e-07
0.3246000E+01 9.16041e-08
0.3248000E+01 6.39083e-08
0.3250000E+01 1.1885e-07
0.3252000E+01 3.45723e-07
0.3254000E+01 -1.86839e-07
0.3256000E+01 3.73637e-07
0.3258000E+01 -8.8878e-08
0.3260000E+01 3.44792e-07
0.3262000E+01 -1.2778e-06
0.3264000E+01 6.53981e-08
0.3266000E+01 3.93357e-07
0.3268000E+01 9.11658e-08
0.3270000E+01 9.69277e-08
0.3272000E+01 3.48827e-07
0.3274000E+01 3.53978e-07
0.3276000E+01 6.7496e-07
0.3278000E+01 -1.07556e-07
0.3280000E+01 -1.45356e-07
0.3282000E+01 4.26609e-07
0.3284000E+01 4.01614e-07
0.3286000E+01 1.06438e-06
0.3288000E+01 1.6805e-07
0.3290000E+01 1.03615e-06
0.3292000E+01 9.07911e-07
0.3294000E+01 5.28841e-07
0.3296000E+01 -2.32382e-07
0.3298000E+01 -2.19206e-08
0.3300000E+01 -6.14564e-07
0.3302000E+01 -4.50458e-07
0.3304000E+01 -4.90606e-07
0.3306000E+01 -1.94248e-07
0.3308000E+01 -1.80843e-07
0.3310000E+01 -2.68476e-07
0.3312000E+01 -2.78875e-07
0.3314000E+01 -2.03529e-07
0.3316000E+01 -1.81347e-07
0.3318000E+01 -1.62201e-07
0.3320000E+01 -1.45368e-07
0.3322000E+01 -1.03655e-07
0.3324000E+01 -1.28752e-07
0.3326000E+01 -1.62938e-07
0.3328000E+01 -1.51443e-07
0.3330000E+01 -1.04097e-07
0.3332000E+01 -8.99636e-08
0.3334000E+01 -8.93885e-08
0.3336000E+01 -8.03509e-08
0.3338000E+01 -7.46904e-08
0.3340000E+01 -7.70981e-08
0.3342000E+01 -8.53209e-08
0.3344000E+01 -7.90074e-08
0.3346000E+01 -6.49295e-08
0.3348000E+01 -5.46047e-08
0.3350000E+01 -4.55818e-08
0.3352000E+01 -4.80798e-08
0.3354000E+01 -5.58692e-08
0.3356000E+01 -7.33634e-08
0.3358000E+01 -7.19287e-08
0.3360000E+01 -4.86689e-08
0.3362000E+01 -4.28623e-08
0.3364000E+01 -6.26843e-08
0.3366000E+01 -5.74809e-08
0.3368000E+01 -4.62542e-08
0.3370000E+01 -4.28475e-08
0.3372000E+01 -3.77455e-08
0.3374000E+01 -3.89941e-08
0.3376000E+01 -3.18741e-08
0.3378000E+01 -3.11388e-08
0.3380000E+01 -2.66745e-08
0.3382000E+01 -2.60457e-08
0.3384000E+01 -4.70166e-08
0.3386000E+01 -3.56582e-08
0.3388000E+01 -2.7063e-08
0.3390000E+01 -2.50205e-08
0.3392000E+01 -1.32374e-07
0.3394000E+01 -3.77419e-08
0.3396000E+01 -4.69407e-08
0.3398000E+01 -3.59432e-08
0.3400000E+01 -3.06263e-08
0.3402000E+01 -5.79952e-08
0.3404000E+01 -4.37455e-08
0.3406000E+01 -4.44007e-08
0.3408000E+01 -4.19846e-08
0.3410000E+01 -3.63594e-08
0.3412000E+01 -3.40839e-08
0.3414000E+01 -3.48627e-08
0.3416000E+01 -3.52273e-08
0.3418000E+01 -3.60827e-08
0.3420000E+01 -5.84899e-08
0.3422000E+01 -4.94053e-08
0.3424000E+01 -4.24665e-08
0.3426000E+01 -3.14861e-08
0.3428000E+01 -2.83331e-08
0.3430000E+01 7.4748e-08
0.3432000E+01 -2.66511e-08
0.3434000E+01 -2.71853e-08
0.3436000E+01 -4.45396e-08
0.3438000E+01 -5.09104e-08
0.3440000E+01 -4.2741e-08
0.3442000E+01 -5.19332e-08
0.3444000E+01 -4.59767e-08
0.3446000E+01 -3.32906e-08
0.3448000E+01 -2.92909e-08
0.3450000E+01 -3.33296e-08
0.3452000E+01 -6.26312e-08
0.3454000E+01 -4.81228e-08
0.3456000E+01 1.7186e-08
0.3458000E+01 1.06656e-08
0.3460000E+01 1.85478e-08
0.3462000E+01 -2.02498e-08
0.3464000E+01 -3.32652e-08
0.3466000E+01 -6.62509e-08
0.3468000E+01 -6.84625e-08
0.3470000E+01 -5.66345e-08
0.3472000E+01 -3.86385e-08
0.3474000E+01 -4.36045e-08
0.3476000E+01 -3.76345e-08
0.3478000E+01 -5.1807e-08
0.3480000E+01 -2.92434e-08
0.3482000E+01 -7.53293e-09
0.3484000E+01 -1.70648e-08
0.3486000E+01 -3.16951e-09
0.3488000E+01 -2.35241e-08
0.3490000E+01 -3.33542e-08
0.3492000E+01 -4.08664e-08
0.3494000E+01 2.14329e-08
0.3496000E+01 -3.62624e-08
0.3498000E+01 -4.11771e-08
0.3500000E+01 -6.92177e-09
0.3502000E+01 -2.91608e-08
0.3504000E+01 -9.73367e-09
0.3506000E+01 2.35317e-09
0.3508000E+01 2.60872e-08
0.3510000E+01 -2.4829e-08
0.3512000E+01 -4.66852e-08
0.3514000E+01 3.02042e-08
0.3516000E+01 8.43806e-09
0.3518000E+01 -5.68569e-09
0.3520000E+01 2.47069e-08
0.3522000E+01 4.84966e-08
0.3524000E+01 1.41045e-07
0.3526000E+01 1.13571e-07
0.3528000E+01 8.96258e-08
0.3530000E+01 7.52005e-08
0.3532000E+01 8.56994e-08
0.3534000E+01 8.2229e-08
0.3536000E+01 6.38943e-08
0.3538000E+01 7.60412e-08
0.3540000E+01 9.79272e-08
0.3542000E+01 1.39183e-07
0.3544000E+01 1.383e-07
0.3546000E+01 1.43898e-07
0.3548000E+01 9.24587e-08
0.3550000E+01 9.97071e-08
0.3552000E+01 9.12705e-08
0.3554000E+01 1.16523e-07
0.3556000E+01 7.31396e-08
0.3558000E+01 8.94471e-08
0.3560000E+01 2.65192e-07
0.3562000E+01 1.34603e-07
0.3564000E+01 1.29484e-07
0.3566000E+01 1.18743e-07
0.3568000E+01 8.98667e-08
0.3570000E+01 8.81344e-08
0.3572000E+01 9.31197e-08
0.3574000E+01 3.25665e-07
0.3576000E+01 1.88358e-07
0.3578000E+01 1.64988e-07
0.3580000E+01 1.97078e-07
0.3582000E+01 1.6868e-07
0.3584000E+01 1.88468e-07
0.3586000E+01 4.74329e-07
0.3588000E+01 3.23852e-07
0.3590000E+01 4.88257e-07
0.3592000E+01 4.17351e-07
0.3594000E+01 1.13148e-06
0.3596000E+01 9.10627e-07
0.3598000E+01 3.65492e-06
0.3600000E+01 -5.03403e-06
0.3602000E+01 -1.39215e-06
0.3604000E+01 -9.25894e-07
0.3606000E+01 -5.85978e-07
0.3608000E+01 -4.76071e-07
0.3610000E+01 -3.41321e-07
0.3612000E+01 -3.3042e-07
0.3614000E+01 -3.28604e-07
0.3616000E+01 -1.97947e-07
0.3618000E+01 -1.94976e-07
0.3620000E+01 -2.25889e-07
0.3622000E+01 -2.49285e-07
0.3624000E+01 -1.52117e-07
0.3626000E+01 -1.77629e-07
0.3628000E+01 -2.08703e-07
0.3630000E+01 -2.81798e-07
0.3632000E+01 -1.26339e-07
0.3634000E+01 -1.14407e-07
0.3636000E+01 -1.47009e-07
0.3638000E+01 -2.07682e-07
0.3640000E+01 -1.13687e-07
0.3642000E+01 -1.05234e-07
0.3644000E+01 -8.28107e-08
0.3646000E+01 -1.04324e-07
0.3648000E+01 -1.59306e-07
0.3650000E+01 -1.02952e-07
0.3652000E+01 -7.92083e-08
0.3654000E+01 -1.10174e-07
0.3656000E+01 -1.30357e-07
0.3658000E+01 -1.44731e-07
0.3660000E+01 -8.5354e-08
0.3662000E+01 -6.86204e-08
0.3664000E+01 -9.34754e-08
0.3666000E+01 -1.01565e-07
0.3668000E+01 -9.78521e-08
0.3670000E+01 -5.23066e-08
0.3672000E+01 -6.74997e-08
0.3674000E+01 -7.01915e-08
0.3676000E+01 -6.55966e-08
0.3678000E+01 -7.24981e-08
0.3680000E+01 -7.4098e-08
0.3682000E+01 -6.95205e-08
0.3684000E+01 -6.66856e-08
0.3686000E+01 -7.13767e-08
0.3688000E+01 -8.71271e-08
0.3690000E+01 -8.20203e-08
0.3692000E+01 -1.03613e-07
0.3694000E+01 -6.28531e-08
0.3696000E+01 -6.53073e-08
0.3698000E+01 -6.09032e-08
0.3700000E+01 -5.87487e-08
0.3702000E+01 -6.18651e-08
0.3704000E+01 -8.50451e-08
0.3706000E+01 -4.25058e-08
0.3708000E+01 -4.86318e-08
0.3710000E+01 -5.12244e-08
0.3712000E+01 -6.41238e-08
0.3714000E+01 -6.81901e-08
0.3716000E+01 -7.4397e-08
0.3718000E+01 -5.42325e-08
0.3720000E+01 -5.50666e-08
0.3722000E+01 -5.18781e-08
0.3724000E+01 -4.91739e-08
0.3726000E+01 -4.88071e-08
0.3728000E+01 -4.38106e-08
0.3730000E+01 -3.28051e-08
0.3732000E+01 -3.98881e-08
0.3734000E+01 -4.16885e-08
0.3736000E+01 -4.69028e-08
0.3738000E+01 -4.49735e-08
0.3740000E+01 -4.71413e-08
0.3742000E+01 -6.46155e-08
0.3744000E+01 -4.82808e-08
0.3746000E+01 -4.62315e-08
0.3748000E+01 -4.73104e-08
0.3750000E+01 -4.53349e-08
0.3752000E+01 -4.13133e-08
0.3754000E+01 -5.26744e-08
0.3756000E+01 -3.55344e-08
0.3758000E+01 -4.77395e-08
0.3760000E+01 -4.20308e-08
0.3762000E+01 -3.55384e-08
0.3764000E+01 -3.73036e-08
0.3766000E+01 -4.018e-08
0.3768000E+01 -3.30946e-08
0.3770000E+01 -2.69187e-08
0.3772000E+01 -1.69273e-08
0.3774000E+01 -3.03379e-08
0.3776000E+01 -3.91865e-08
0.3778000E+01 -4.02914e-08
0.3780000E+01 -4.45311e-08
0.3782000E+01 -3.38709e-08
0.3784000E+01 -3.81497e-08
0.3786000E+01 -2.74184e-08
0.3788000E+01 -3.34014e-08
0.3790000E+01 -3.64471e-08
0.3792000E+01 -3.51474e-08
0.3794000E+01 -3.58034e-08
0.3796000E+01 -3.42195e-08
0.3798000E+01 -3.6159e-08
0.3800000E+01 -3.56744e-08
0.3802000E+01 -4.81221e-08
0.3804000E+01 -2.14964e-08
0.3806000E+01 -1.78973e-08
0.3808000E+01 -1.30174e-08
0.3810000E+01 -2.79723e-08
0.3812000E+01 -2.76403e-08
0.3814000E+01 -1.66914e-08
0.3816000E+01 -3.02124e-08
0.3818000E+01 -2.54241e-08
0.3820000E+01 -1.40626e-08
0.3822000E+01 -2.34437e-08
0.3824000E+01 -2.23947e-08
0.3826000E+01 -1.17151e-08
0.3828000E+01 -4.10797e-08
0.3830000E+01 -3.71523e-08
0.3832000E+01 6.35673e-09
0.3834000E+01 -2.26878e-08
0.3836000E+01 -7.1679e-10
0.3838000E+01 -3.60715e-08
0.3840000E+01 -2.31108e-08
0.3842000E+01 -6.78946e-08
0.3844000E+01 5.53354e-08
0.3846000E+01 -5.03932e-08
0.3848000E+01 -2.68723e-07
0.3850000E+01 2.04608e-08
0.3852000E+01 -1.47006e-08
0.3854000E+01 -9.32053e-09
0.3856000E+01 -1.05382e-08
0.3858000E+01 -1.02103e-08
0.3860000E+01 -1.72645e-08
0.3862000E+01 -2.00789e-08
0.3864000E+01 -1.62993e-08
0.3866000E+01 -4.25807e-08
0.3868000E+01 -5.0879e-10
0.3870000E+01 9.27362e-09
0.3872000E+01 -3.0235e-10
0.3874000E+01 -3.21465e-09
0.3876000E+01 -3.91702e-09
0.3878000E+01 -1.52213e-09
0.3880000E+01 -9.06323e-09
0.3882000E+01 -1.4864e-08
0.3884000E+01 -4.19027e-08
0.3886000E+01 -2.39839e-08
0.3888000E+01 1.05863e-08
0.3890000E+01 9.99728e-09
0.3892000E+01 1.00063e-08
0.3894000E+01 7.15856e-09
0.3896000E+01 4.13881e-09
0.3898000E+01 -1.67568e-08
0.3900000E+01 -2.59771e-08
0.3902000E+01 4.30476e-08
0.3904000E+01 4.12258e-08
0.3906000E+01 3.91158e-08
0.3908000E+01 3.34477e-08
0.3910000E+01 2.45365e-08
0.3912000E+01 -2.76507e-08
0.3914000E+01 3.25483e-08
0.3916000E+01 7.32699e-08
0.3918000E+01 6.72201e-08
0.3920000E+01 4.35628e-08
0.3922000E+01 4.04715e-08
0.3924000E+01 4.37215e-08
0.3926000E+01 1.42685e-08
0.3928000E+01 2.43937e-08
0.3930000E+01 5.50539e-08
0.3932000E+01 5.21417e-08
0.3934000E+01 5.12836e-08
0.3936000E+01 2.98283e-08
0.3938000E+01 2.85858e-08
0.3940000E+01 3.78617e-08
0.3942000E+01 3.78571e-08
0.3944000E+01 2.71853e-08
0.3946000E+01 1.75779e-08
0.3948000E+01 2.10145e-08
0.3950000E+01 2.88635e-08
0.3952000E+01 3.04313e-08
0.3954000E+01 1.06456e-08
0.3956000E+01 3.70187e-09
0.3958000E+01 5.13971e-09
0.3960000E+01 1.38218e-08
0.3962000E+01 1.49254e-08
0.3964000E+01 1.58018e-08
0.3966000E+01 1.86193e-08
0.3968000E+01 1.662e-08
0.3970000E+01 2.01247e-08
0.3972000E+01 2.43831e-08
0.3974000E+01 2.31555e-08
0.3976000E+01 2.6645e-08
0.3978000E+01 -8.26005e-08
0.3980000E+01 -3.69886e-08
0.3982000E+01 -2.01129e-08
0.3984000E+01 1.68793e-08
0.3986000E+01 1.71595e-08
0.3988000E+01 2.92088e-08
0.3990000E+01 3.59472e-08
0.3992000E+01 -5.81857e-08
0.3994000E+01 -2.42406e-09
0.3996000E+01 4.5755e-09
0.3998000E+01 1.21815e-08
0.4000000E+01 2.87699e-08
