0.0000000E+00 0
0.2000000E-02 0
0.4000000E-02 0
0.6000000E-02 0
0.8000000E-02 0
0.1000000E-01 0
0.1200000E-01 0
0.1400000E-01 0
0.1600000E-01 0
0.1800000E-01 0
0.2000000E-01 0
0.2200000E-01 0
0.2400000E-01 0
0.2600000E-01 0
0.2800000E-01 0
0.3000000E-01 0
0.3200000E-01 0
0.3400000E-01 0
0.3600000E-01 0
0.3800000E-01 0
0.4000000E-01 0
0.4200000E-01 0
0.4400000E-01 0
0.4600000E-01 0
0.4800000E-01 0
0.5000000E-01 0
0.5200000E-01 0
0.5400000E-01 0
0.5600000E-01 0
0.5800000E-01 0
0.6000000E-01 0
0.6200000E-01 0
0.6400000E-01 0
0.6600000E-01 0
0.6800000E-01 0
0.7000000E-01 0
0.7200000E-01 0
0.7400000E-01 0
0.7600000E-01 0
0.7800000E-01 0
0.8000000E-01 0
0.8200000E-01 0
0.8400000E-01 0
0.8600000E-01 6.48181e-05
0.8800000E-01 5.89994e-05
0.9000000E-01 2.26036e-05
0.9200000E-01 5.5986e-06
0.9400000E-01 2.77473e-06
0.9600000E-01 7.60998e-07
0.9800000E-01 -1.09877e-06
0.1000000E+00 -2.09306e-06
0.1020000E+00 -1.86505e-06
0.1040000E+00 -9.01605e-07
0.1060000E+00 5.98133e-08
0.1080000E+00 8.73048e-08
0.1100000E+00 -2.76528e-06
0.1120000E+00 -1.99517e-06
0.1140000E+00 -1.13966e-06
0.1160000E+00 -2.26084e-07
0.1180000E+00 1.15186e-06
0.1200000E+00 5.31145e-06
0.1220000E+00 9.93695e-07
0.1240000E+00 -3.58487e-06
0.1260000E+00 -3.52138e-06
0.1280000E+00 -2.37702e-06
0.1300000E+00 -2.27494e-06
0.1320000E+00 -2.35314e-06
0.1340000E+00 -1.76235e-06
0.1360000E+00 -2.38816e-07
0.1380000E+00 1.13848e-08
0.1400000E+00 2.73441e-08
0.1420000E+00 2.68304e-08
0.1440000E+00 -2.64427e-07
0.1460000E+00 -3.94877e-07
0.1480000E+00 -2.73352e-07
0.1500000E+00 -1.55767e-07
0.1520000E+00 -2.06353e-07
0.1540000E+00 -2.97568e-07
0.1560000E+00 -4.06707e-07
0.1580000E+00 -5.2675e-07
0.1600000E+00 -6.51357e-07
0.1620000E+00 -7.89942e-07
0.1640000E+00 -1.14807e-06
0.1660000E+00 -1.11065e-06
0.1680000E+00 3.11092e-07
0.1700000E+00 4.58487e-07
0.1720000E+00 5.97345e-07
0.1740000E+00 7.27873e-07
0.1760000E+00 -1.1839e-06
0.1780000E+00 -8.05724e-07
0.1800000E+00 -7.44719e-07
0.1820000E+00 -7.40385e-07
0.1840000E+00 -7.27357e-07
0.1860000E+00 -7.14046e-07
0.1880000E+00 -6.88296e-07
0.1900000E+00 -6.93087e-07
0.1920000E+00 -5.52576e-07
0.1940000E+00 2.41815e-07
0.1960000E+00 1.76322e-07
0.1980000E+00 1.06944e-07
0.2000000E+00 3.23922e-08
0.2020000E+00 -4.74593e-08
0.2040000E+00 -1.32747e-07
0.2060000E+00 -2.23614e-07
0.2080000E+00 -3.18784e-07
0.2100000E+00 -5.07071e-07
0.2120000E+00 -6.37238e-07
0.2140000E+00 -5.66124e-07
0.2160000E+00 -5.01574e-07
0.2180000E+00 -4.88698e-07
0.2200000E+00 -4.95912e-07
0.2220000E+00 -3.93005e-07
0.2240000E+00 2.09006e-07
0.2260000E+00 2.9545e-07
0.2280000E+00 3.62527e-07
0.2300000E+00 1.33029e-07
0.2320000E+00 -5.37834e-07
0.2340000E+00 -5.06454e-07
0.2360000E+00 -4.8532e-07
0.2380000E+00 -4.4441e-07
0.2400000E+00 -4.09506e-07
0.2420000E+00 -4.18946e-07
0.2440000E+00 -4.28714e-07
0.2460000E+00 -4.5957e-07
0.2480000E+00 -4.95727e-07
0.2500000E+00 -3.15234e-07
0.2520000E+00 1.36168e-07
0.2540000E+00 8.19255e-08
0.2560000E+00 1.89456e-08
0.2580000E+00 -5.26242e-08
0.2600000E+00 -1.28598e-07
0.2620000E+00 -2.52191e-07
0.2640000E+00 -3.32368e-07
0.2660000E+00 -2.90278e-07
0.2680000E+00 -2.8594e-07
0.2700000E+00 -2.25658e-07
0.2720000E+00 -2.14926e-07
0.2740000E+00 -2.14539e-07
0.2760000E+00 -2.16131e-07
0.2780000E+00 -2.15356e-07
0.2800000E+00 2.61549e-07
0.2820000E+00 1.35618e-07
0.2840000E+00 -2.64924e-07
0.2860000E+00 -1.74153e-07
0.2880000E+00 -2.22003e-07
0.2900000E+00 -2.89126e-07
0.2920000E+00 -3.00475e-07
0.2940000E+00 -3.09778e-07
0.2960000E+00 -3.19243e-07
0.2980000E+00 -3.29636e-07
0.3000000E+00 -3.40138e-07
0.3020000E+00 -3.44647e-07
0.3040000E+00 -3.56528e-07
0.3060000E+00 8.00759e-08
0.3080000E+00 4.07418e-08
0.3100000E+00 -6.39847e-10
0.3120000E+00 -4.43768e-08
0.3140000E+00 -8.57347e-08
0.3160000E+00 -7.52473e-09
0.3180000E+00 6.67586e-09
0.3200000E+00 -5.70175e-08
0.3220000E+00 -1.1367e-07
0.3240000E+00 -1.16864e-07
0.3260000E+00 -1.18918e-07
0.3280000E+00 -1.21148e-07
0.3300000E+00 -2.34985e-07
0.3320000E+00 -7.93136e-07
0.3340000E+00 -7.03397e-08
0.3360000E+00 3.38653e-07
0.3380000E+00 -6.86185e-08
0.3400000E+00 -2.04456e-07
0.3420000E+00 -2.03975e-07
0.3440000E+00 -2.03379e-07
0.3460000E+00 -1.99009e-07
0.3480000E+00 -2.01236e-07
0.3500000E+00 -2.2304e-07
0.3520000E+00 -2.3282e-07
0.3540000E+00 -2.42886e-07
0.3560000E+00 -2.05455e-08
0.3580000E+00 3.98992e-08
0.3600000E+00 1.9254e-07
0.3620000E+00 7.16481e-08
0.3640000E+00 2.03772e-08
0.3660000E+00 -1.30667e-08
0.3680000E+00 1.16842e-08
0.3700000E+00 1.45071e-09
0.3720000E+00 -1.50482e-08
0.3740000E+00 -1.09327e-07
0.3760000E+00 -7.32934e-07
0.3780000E+00 -3.55487e-07
0.3800000E+00 -3.60925e-07
0.3820000E+00 -3.62919e-07
0.3840000E+00 1.16856e-06
0.3860000E+00 -1.49174e-07
0.3880000E+00 -1.3027e-07
0.3900000E+00 -1.32372e-07
0.3920000E+00 -1.33952e-07
0.3940000E+00 -1.37595e-07
0.3960000E+00 -1.45117e-07
0.3980000E+00 -1.48747e-07
0.4000000E+00 -1.51983e-07
0.4020000E+00 -9.26416e-08
0.4040000E+00 1.68241e-07
0.4060000E+00 1.68664e-07
0.4080000E+00 1.66556e-07
0.4100000E+00 1.64045e-07
0.4120000E+00 1.47665e-07
0.4140000E+00 -2.80321e-07
0.4160000E+00 -2.89174e-07
0.4180000E+00 -3.02314e-07
0.4200000E+00 -2.78073e-07
0.4220000E+00 -2.85301e-07
0.4240000E+00 -2.44933e-07
0.4260000E+00 4.88408e-08
0.4280000E+00 1.3625e-07
0.4300000E+00 8.06998e-08
0.4320000E+00 1.46026e-08
0.4340000E+00 -7.81441e-08
0.4360000E+00 -7.53577e-08
0.4380000E+00 -7.25646e-08
0.4400000E+00 -6.54852e-08
0.4420000E+00 -6.40545e-08
0.4440000E+00 -6.92115e-08
0.4460000E+00 -1.49945e-08
0.4480000E+00 4.05358e-07
0.4500000E+00 -1.73702e-07
0.4520000E+00 -1.70852e-07
0.4540000E+00 -2.10141e-07
0.4560000E+00 -1.69176e-07
0.4580000E+00 -1.51176e-07
0.4600000E+00 -1.5308e-07
0.4620000E+00 -1.54432e-07
0.4640000E+00 -1.40921e-07
0.4660000E+00 6.15441e-08
0.4680000E+00 4.59541e-08
0.4700000E+00 6.12439e-08
0.4720000E+00 4.73379e-08
0.4740000E+00 3.70523e-08
0.4760000E+00 2.99736e-08
0.4780000E+00 1.36477e-08
0.4800000E+00 -1.35817e-07
0.4820000E+00 -4.77171e-07
0.4840000E+00 -4.31261e-07
0.4860000E+00 6.5126e-07
0.4880000E+00 -9.01506e-08
0.4900000E+00 -4.04356e-08
0.4920000E+00 -4.24227e-08
0.4940000E+00 -5.13734e-08
0.4960000E+00 -6.8366e-08
0.4980000E+00 -5.08909e-08
0.5000000E+00 6.24864e-08
0.5020000E+00 1.46323e-07
0.5040000E+00 1.56685e-07
0.5060000E+00 1.69242e-07
0.5080000E+00 -4.70124e-08
0.5100000E+00 -4.64919e-07
0.5120000E+00 -2.46068e-07
0.5140000E+00 -2.42465e-07
0.5160000E+00 3.11592e-08
0.5180000E+00 4.58028e-08
0.5200000E+00 2.53228e-08
0.5220000E+00 1.76602e-08
0.5240000E+00 -1.8454e-08
0.5260000E+00 -2.49533e-08
0.5280000E+00 -1.52443e-08
0.5300000E+00 -3.8133e-09
0.5320000E+00 2.78786e-07
0.5340000E+00 -1.20836e-07
0.5360000E+00 -1.52895e-07
0.5380000E+00 -1.54636e-07
0.5400000E+00 -1.44189e-07
0.5420000E+00 -9.22237e-08
0.5440000E+00 1.07716e-07
0.5460000E+00 1.04558e-07
0.5480000E+00 1.0154e-07
0.5500000E+00 1.03064e-07
0.5520000E+00 1.02321e-07
0.5540000E+00 -5.37694e-07
0.5560000E+00 -1.5665e-07
0.5580000E+00 -6.77687e-10
0.5600000E+00 6.27215e-09
0.5620000E+00 -7.71774e-08
0.5640000E+00 -6.23238e-08
0.5660000E+00 -4.54354e-08
0.5680000E+00 2.5578e-07
0.5700000E+00 4.9692e-07
0.5720000E+00 -4.38104e-07
0.5740000E+00 -2.84718e-07
0.5760000E+00 6.80277e-08
0.5780000E+00 9.77953e-08
0.5800000E+00 6.43072e-08
0.5820000E+00 5.11569e-08
0.5840000E+00 3.63874e-08
0.5860000E+00 -2.43253e-07
0.5880000E+00 2.91773e-08
0.5900000E+00 -1.39258e-07
0.5920000E+00 -9.68104e-08
0.5940000E+00 1.49982e-07
0.5960000E+00 2.87717e-07
0.5980000E+00 -1.02646e-06
0.6000000E+00 -1.94926e-08
0.6020000E+00 -7.98403e-08
0.6040000E+00 -1.34103e-07
0.6060000E+00 -1.09273e-07
0.6080000E+00 -4.11593e-07
0.6100000E+00 -1.27975e-07
0.6120000E+00 4.14195e-08
0.6140000E+00 2.12969e-08
0.6160000E+00 -4.90857e-07
0.6180000E+00 -5.48546e-07
0.6200000E+00 5.07158e-07
0.6220000E+00 -2.48466e-07
0.6240000E+00 -1.35143e-06
0.6260000E+00 -4.97332e-07
0.6280000E+00 -2.07657e-06
0.6300000E+00 2.00361e-07
0.6320000E+00 3.55407e-06
0.6340000E+00 -1.37155e-06
0.6360000E+00 1.27699e-06
0.6380000E+00 -4.12943e-07
0.6400000E+00 -7.33621e-08
0.6420000E+00 -6.91807e-07
0.6440000E+00 1.63061e-07
0.6460000E+00 -2.94701e-07
0.6480000E+00 -1.35878e-07
0.6500000E+00 -2.65335e-07
0.6520000E+00 -3.05883e-07
0.6540000E+00 4.65955e-07
0.6560000E+00 -1.55668e-07
0.6580000E+00 3.59991e-07
0.6600000E+00 1.1204e-07
0.6620000E+00 -1.01115e-07
0.6640000E+00 -1.28599e-07
0.6660000E+00 3.87379e-08
0.6680000E+00 3.52461e-07
0.6700000E+00 -1.41873e-07
0.6720000E+00 2.2923e-07
0.6740000E+00 8.25037e-08
0.6760000E+00 8.11587e-08
0.6780000E+00 1.0779e-08
0.6800000E+00 -5.34021e-08
0.6820000E+00 -6.43554e-08
0.6840000E+00 1.61794e-07
0.6860000E+00 1.01148e-07
0.6880000E+00 9.73623e-08
0.6900000E+00 3.86327e-08
0.6920000E+00 -9.51048e-10
0.6940000E+00 2.12252e-08
0.6960000E+00 4.46003e-08
0.6980000E+00 1.14816e-07
0.7000000E+00 5.00603e-08
0.7020000E+00 2.68864e-08
0.7040000E+00 3.28391e-08
0.7060000E+00 1.48279e-07
0.7080000E+00 1.03813e-07
0.7100000E+00 7.83703e-08
0.7120000E+00 3.81616e-08
0.7140000E+00 4.4795e-08
0.7160000E+00 4.84699e-08
0.7180000E+00 5.89551e-09
0.7200000E+00 1.78417e-08
0.7220000E+00 1.66102e-08
0.7240000E+00 1.63257e-08
0.7260000E+00 2.06729e-08
0.7280000E+00 2.05125e-08
0.7300000E+00 1.00364e-07
0.7320000E+00 7.17998e-08
0.7340000E+00 6.6045e-08
0.7360000E+00 8.0381e-08
0.7380000E+00 -2.41021e-08
0.7400000E+00 5.78295e-08
0.7420000E+00 4.82056e-08
0.7440000E+00 4.54682e-08
0.7460000E+00 4.14696e-08
0.7480000E+00 3.75405e-08
0.7500000E+00 3.27521e-08
0.7520000E+00 3.3324e-08
0.7540000E+00 2.99429e-08
0.7560000E+00 3.29216e-08
0.7580000E+00 6.53705e-08
0.7600000E+00 7.65324e-08
0.7620000E+00 6.01772e-08
0.7640000E+00 5.36365e-08
0.7660000E+00 5.39473e-08
0.7680000E+00 -2.4702e-08
0.7700000E+00 1.12421e-08
0.7720000E+00 1.39703e-08
0.7740000E+00 1.42244e-08
0.7760000E+00 4.58298e-08
0.7780000E+00 7.3448e-08
0.7800000E+00 4.99637e-08
0.7820000E+00 4.11253e-08
0.7840000E+00 4.05115e-08
0.7860000E+00 4.05119e-08
0.7880000E+00 3.72331e-08
0.7900000E+00 6.18189e-08
0.7920000E+00 7.23825e-08
0.7940000E+00 5.94627e-08
0.7960000E+00 5.26932e-08
0.7980000E+00 4.8636e-08
0.8000000E+00 4.56968e-08
0.8020000E+00 -1.11238e-08
0.8040000E+00 -1.01626e-08
0.8060000E+00 1.47039e-08
0.8080000E+00 1.39839e-08
0.8100000E+00 1.1828e-08
0.8120000E+00 1.31428e-08
0.8140000E+00 3.87745e-08
0.8160000E+00 7.67807e-08
0.8180000E+00 6.193e-08
0.8200000E+00 4.45547e-08
0.8220000E+00 4.42484e-08
0.8240000E+00 4.30193e-08
0.8260000E+00 7.17616e-08
0.8280000E+00 4.55504e-08
0.8300000E+00 4.05711e-08
0.8320000E+00 3.53077e-08
0.8340000E+00 3.65933e-08
0.8360000E+00 3.98003e-08
0.8380000E+00 4.72742e-08
0.8400000E+00 -1.95262e-08
0.8420000E+00 7.02697e-09
0.8440000E+00 1.61138e-08
0.8460000E+00 1.41926e-08
0.8480000E+00 1.7542e-08
0.8500000E+00 1.66496e-08
0.8520000E+00 2.66503e-08
0.8540000E+00 5.49683e-08
0.8560000E+00 6.34861e-08
0.8580000E+00 6.03287e-08
0.8600000E+00 4.61052e-08
0.8620000E+00 4.43431e-08
0.8640000E+00 5.7846e-08
0.8660000E+00 4.41507e-08
0.8680000E+00 4.16181e-08
0.8700000E+00 4.02754e-08
0.8720000E+00 3.90494e-08
0.8740000E+00 3.68092e-08
0.8760000E+00 3.46326e-08
0.8780000E+00 3.33747e-08
0.8800000E+00 3.05393e-08
0.8820000E+00 3.78914e-10
0.8840000E+00 2.03634e-09
0.8860000E+00 7.04849e-09
0.8880000E+00 9.28308e-09
0.8900000E+00 2.1406e-08
0.8920000E+00 5.97144e-08
0.8940000E+00 7.15728e-08
0.8960000E+00 2.90281e-08
0.8980000E+00 3.57425e-08
0.9000000E+00 4.12928e-08
0.9020000E+00 4.43919e-08
0.9040000E+00 4.80771e-08
0.9060000E+00 4.08066e-08
0.9080000E+00 3.44671e-08
0.9100000E+00 3.1585e-08
0.9120000E+00 3.00538e-08
0.9140000E+00 2.79813e-08
0.9160000E+00 2.64444e-08
0.9180000E+00 5.7967e-08
0.9200000E+00 3.20378e-08
0.9220000E+00 3.12057e-08
0.9240000E+00 2.99243e-08
0.9260000E+00 1.06037e-08
0.9280000E+00 2.85915e-08
0.9300000E+00 6.3906e-08
0.9320000E+00 6.24901e-08
0.9340000E+00 4.8815e-08
0.9360000E+00 3.92885e-08
0.9380000E+00 3.13157e-08
0.9400000E+00 2.87852e-08
0.9420000E+00 2.75036e-08
0.9440000E+00 2.59941e-08
0.9460000E+00 2.97468e-08
0.9480000E+00 3.9967e-08
0.9500000E+00 3.77102e-08
0.9520000E+00 3.45247e-08
0.9540000E+00 2.67192e-08
0.9560000E+00 2.64788e-08
0.9580000E+00 2.91866e-08
0.9600000E+00 2.4329e-08
0.9620000E+00 2.27932e-08
0.9640000E+00 2.97945e-08
0.9660000E+00 6.91731e-08
0.9680000E+00 8.46904e-08
0.9700000E+00 6.15356e-08
0.9720000E+00 2.39558e-08
0.9740000E+00 3.57841e-08
0.9760000E+00 3.52513e-08
0.9780000E+00 3.40894e-08
0.9800000E+00 5.48131e-08
0.9820000E+00 3.86909e-08
0.9840000E+00 3.72389e-08
0.9860000E+00 3.40593e-08
0.9880000E+00 3.11003e-08
0.9900000E+00 3.21468e-08
0.9920000E+00 2.85446e-08
0.9940000E+00 2.60456e-08
0.9960000E+00 2.4019e-08
0.9980000E+00 2.26034e-08
0.1000000E+01 2.06588e-08
0.1002000E+01 6.03931e-08
0.1004000E+01 8.95315e-08
0.1006000E+01 6.3253e-08
0.1008000E+01 5.13162e-08
0.1010000E+01 5.69758e-08
0.1012000E+01 6.3988e-08
0.1014000E+01 5.72827e-08
0.1016000E+01 5.41822e-08
0.1018000E+01 4.46565e-08
0.1020000E+01 2.53976e-08
0.1022000E+01 2.9738e-08
0.1024000E+01 3.11748e-08
0.1026000E+01 3.19635e-08
0.1028000E+01 3.0393e-08
0.1030000E+01 2.90829e-08
0.1032000E+01 2.83876e-08
0.1034000E+01 2.76388e-08
0.1036000E+01 3.60046e-08
0.1038000E+01 6.8241e-08
0.1040000E+01 9.37068e-08
0.1042000E+01 8.30813e-08
0.1044000E+01 7.42255e-08
0.1046000E+01 6.61909e-08
0.1048000E+01 5.45159e-08
0.1050000E+01 5.30112e-08
0.1052000E+01 5.0507e-08
0.1054000E+01 4.87529e-08
0.1056000E+01 4.72943e-08
0.1058000E+01 4.52119e-08
0.1060000E+01 4.08022e-08
0.1062000E+01 3.67933e-08
0.1064000E+01 3.40465e-08
0.1066000E+01 3.17761e-08
0.1068000E+01 2.99134e-08
0.1070000E+01 2.61131e-08
0.1072000E+01 5.33215e-08
0.1074000E+01 1.03954e-07
0.1076000E+01 1.13609e-07
0.1078000E+01 7.5267e-08
0.1080000E+01 8.25802e-08
0.1082000E+01 7.28623e-08
0.1084000E+01 7.24104e-08
0.1086000E+01 6.34596e-08
0.1088000E+01 5.34874e-08
0.1090000E+01 4.94934e-08
0.1092000E+01 4.66832e-08
0.1094000E+01 4.53481e-08
0.1096000E+01 4.43159e-08
0.1098000E+01 4.2854e-08
0.1100000E+01 4.15775e-08
0.1102000E+01 4.02398e-08
0.1104000E+01 3.85413e-08
0.1106000E+01 5.30405e-08
0.1108000E+01 8.45262e-08
0.1110000E+01 1.0368e-07
0.1112000E+01 9.22977e-08
0.1114000E+01 8.54845e-08
0.1116000E+01 7.3056e-08
0.1118000E+01 6.46021e-08
0.1120000E+01 6.05894e-08
0.1122000E+01 5.46575e-08
0.1124000E+01 5.55746e-08
0.1126000E+01 6.38648e-08
0.1128000E+01 6.70982e-08
0.1130000E+01 5.90928e-08
0.1132000E+01 5.29166e-08
0.1134000E+01 4.9299e-08
0.1136000E+01 4.73533e-08
0.1138000E+01 4.55394e-08
0.1140000E+01 4.35202e-08
0.1142000E+01 1.19822e-07
0.1144000E+01 1.41413e-07
0.1146000E+01 9.00234e-08
0.1148000E+01 8.78618e-08
0.1150000E+01 1.02636e-07
0.1152000E+01 9.07218e-08
0.1154000E+01 8.4789e-08
0.1156000E+01 7.38373e-08
0.1158000E+01 6.75401e-08
0.1160000E+01 6.41484e-08
0.1162000E+01 6.13041e-08
0.1164000E+01 5.91759e-08
0.1166000E+01 5.76596e-08
0.1168000E+01 5.60478e-08
0.1170000E+01 5.44399e-08
0.1172000E+01 5.2927e-08
0.1174000E+01 7.79697e-08
0.1176000E+01 1.20309e-07
0.1178000E+01 1.39927e-07
0.1180000E+01 1.24543e-07
0.1182000E+01 1.03205e-07
0.1184000E+01 8.57787e-08
0.1186000E+01 8.4764e-08
0.1188000E+01 9.59456e-08
0.1190000E+01 9.35526e-08
0.1192000E+01 8.33541e-08
0.1194000E+01 7.99354e-08
0.1196000E+01 7.68019e-08
0.1198000E+01 7.33915e-08
0.1200000E+01 6.866e-08
0.1202000E+01 6.42055e-08
0.1204000E+01 6.06919e-08
0.1206000E+01 5.81054e-08
0.1208000E+01 1.42052e-07
0.1210000E+01 1.64984e-07
0.1212000E+01 1.09694e-07
0.1214000E+01 1.07989e-07
0.1216000E+01 1.05718e-07
0.1218000E+01 9.93432e-08
0.1220000E+01 9.23776e-08
0.1222000E+01 8.3383e-08
0.1224000E+01 7.58656e-08
0.1226000E+01 9.10296e-08
0.1228000E+01 7.96738e-08
0.1230000E+01 7.72226e-08
0.1232000E+01 7.49805e-08
0.1234000E+01 7.54971e-08
0.1236000E+01 7.98218e-08
0.1238000E+01 8.62256e-08
0.1240000E+01 1.25742e-07
0.1242000E+01 1.70547e-07
0.1244000E+01 1.55165e-07
0.1246000E+01 1.25491e-07
0.1248000E+01 1.04075e-07
0.1250000E+01 1.0033e-07
0.1252000E+01 9.81316e-08
0.1254000E+01 9.51701e-08
0.1256000E+01 9.26879e-08
0.1258000E+01 9.07062e-08
0.1260000E+01 8.76536e-08
0.1262000E+01 8.29966e-08
0.1264000E+01 8.79183e-08
0.1266000E+01 8.78933e-08
0.1268000E+01 8.16671e-08
0.1270000E+01 7.67283e-08
0.1272000E+01 1.82945e-07
0.1274000E+01 2.11867e-07
0.1276000E+01 1.41432e-07
0.1278000E+01 1.39299e-07
0.1280000E+01 1.37484e-07
0.1282000E+01 1.29656e-07
0.1284000E+01 1.16101e-07
0.1286000E+01 1.03323e-07
0.1288000E+01 1.01925e-07
0.1290000E+01 1.07283e-07
0.1292000E+01 1.01029e-07
0.1294000E+01 9.7947e-08
0.1296000E+01 9.55632e-08
0.1298000E+01 9.38685e-08
0.1300000E+01 9.03059e-08
0.1302000E+01 1.3749e-07
0.1304000E+01 2.08327e-07
0.1306000E+01 2.20829e-07
0.1308000E+01 1.75179e-07
0.1310000E+01 1.2742e-07
0.1312000E+01 1.20663e-07
0.1314000E+01 1.18355e-07
0.1316000E+01 1.16777e-07
0.1318000E+01 1.14935e-07
0.1320000E+01 1.13165e-07
0.1322000E+01 1.06663e-07
0.1324000E+01 9.88511e-08
0.1326000E+01 9.31421e-08
0.1328000E+01 9.04981e-08
0.1330000E+01 8.85918e-08
0.1332000E+01 1.28624e-07
0.1334000E+01 1.78107e-07
0.1336000E+01 2.2304e-07
0.1338000E+01 1.55104e-07
0.1340000E+01 1.53494e-07
0.1342000E+01 1.46653e-07
0.1344000E+01 1.47256e-07
0.1346000E+01 1.28634e-07
0.1348000E+01 1.22972e-07
0.1350000E+01 1.19531e-07
0.1352000E+01 1.15053e-07
0.1354000E+01 1.12752e-07
0.1356000E+01 1.11085e-07
0.1358000E+01 1.09321e-07
0.1360000E+01 1.07447e-07
0.1362000E+01 1.63386e-07
0.1364000E+01 2.46925e-07
0.1366000E+01 2.49059e-07
0.1368000E+01 1.90271e-07
0.1370000E+01 1.66922e-07
0.1372000E+01 1.542e-07
0.1374000E+01 1.5275e-07
0.1376000E+01 1.45877e-07
0.1378000E+01 1.06933e-07
0.1380000E+01 9.89518e-08
0.1382000E+01 1.0394e-07
0.1384000E+01 1.09395e-07
0.1386000E+01 1.10856e-07
0.1388000E+01 1.03607e-07
0.1390000E+01 1.12647e-07
0.1392000E+01 2.02371e-07
0.1394000E+01 2.55136e-07
0.1396000E+01 2.0678e-07
0.1398000E+01 1.80635e-07
0.1400000E+01 1.65297e-07
0.1402000E+01 1.55018e-07
0.1404000E+01 1.51417e-07
0.1406000E+01 1.4326e-07
0.1408000E+01 1.35507e-07
0.1410000E+01 1.32627e-07
0.1412000E+01 1.24798e-07
0.1414000E+01 1.20348e-07
0.1416000E+01 1.19284e-07
0.1418000E+01 1.14623e-07
0.1420000E+01 2.37096e-07
0.1422000E+01 2.77229e-07
0.1424000E+01 2.05283e-07
0.1426000E+01 2.13366e-07
0.1428000E+01 1.96931e-07
0.1430000E+01 1.78294e-07
0.1432000E+01 1.2063e-07
0.1434000E+01 9.91048e-08
0.1436000E+01 1.16903e-07
0.1438000E+01 1.19951e-07
0.1440000E+01 1.17737e-07
0.1442000E+01 1.0674e-07
0.1444000E+01 1.06004e-07
0.1446000E+01 1.17693e-07
0.1448000E+01 1.91008e-07
0.1450000E+01 2.74506e-07
0.1452000E+01 2.26667e-07
0.1454000E+01 1.70861e-07
0.1456000E+01 1.59061e-07
0.1458000E+01 1.57458e-07
0.1460000E+01 1.55932e-07
0.1462000E+01 1.54544e-07
0.1464000E+01 1.52145e-07
0.1466000E+01 1.5296e-07
0.1468000E+01 1.2945e-07
0.1470000E+01 1.28441e-07
0.1472000E+01 1.26256e-07
0.1474000E+01 1.73725e-07
0.1476000E+01 2.56913e-07
0.1478000E+01 2.35337e-07
0.1480000E+01 1.43576e-07
0.1482000E+01 1.47458e-07
0.1484000E+01 1.48184e-07
0.1486000E+01 1.43609e-07
0.1488000E+01 1.37134e-07
0.1490000E+01 1.2092e-07
0.1492000E+01 1.09831e-07
0.1494000E+01 1.12754e-07
0.1496000E+01 1.14374e-07
0.1498000E+01 1.10201e-07
0.1500000E+01 9.76105e-08
0.1502000E+01 2.42374e-07
0.1504000E+01 2.93226e-07
0.1506000E+01 2.10646e-07
0.1508000E+01 2.21116e-07
0.1510000E+01 2.00575e-07
0.1512000E+01 1.59236e-07
0.1514000E+01 1.3766e-07
0.1516000E+01 1.42672e-07
0.1518000E+01 1.42505e-07
0.1520000E+01 1.00152e-07
0.1522000E+01 6.08516e-08
0.1524000E+01 7.59357e-08
0.1526000E+01 9.28557e-08
0.1528000E+01 1.9114e-07
0.1530000E+01 2.57357e-07
0.1532000E+01 1.77441e-07
0.1534000E+01 1.39019e-07
0.1536000E+01 1.32376e-07
0.1538000E+01 1.31224e-07
0.1540000E+01 1.32394e-07
0.1542000E+01 1.31006e-07
0.1544000E+01 1.27199e-07
0.1546000E+01 1.21274e-07
0.1548000E+01 1.23352e-07
0.1550000E+01 8.22553e-08
0.1552000E+01 1.18665e-07
0.1554000E+01 2.16778e-07
0.1556000E+01 2.65383e-07
0.1558000E+01 1.7147e-07
0.1560000E+01 1.04093e-07
0.1562000E+01 1.06277e-07
0.1564000E+01 1.20714e-07
0.1566000E+01 1.04655e-07
0.1568000E+01 8.7406e-08
0.1570000E+01 9.75019e-08
0.1572000E+01 9.69084e-08
0.1574000E+01 9.42638e-08
0.1576000E+01 9.38841e-08
0.1578000E+01 1.99305e-07
0.1580000E+01 2.55006e-07
0.1582000E+01 2.06886e-07
0.1584000E+01 1.74551e-07
0.1586000E+01 1.69801e-07
0.1588000E+01 1.68594e-07
0.1590000E+01 1.54923e-07
0.1592000E+01 1.42467e-07
0.1594000E+01 8.237e-08
0.1596000E+01 5.28202e-08
0.1598000E+01 5.22421e-08
0.1600000E+01 5.65058e-08
0.1602000E+01 1.35313e-07
0.1604000E+01 1.49656e-07
0.1606000E+01 1.26882e-07
0.1608000E+01 1.80636e-07
0.1610000E+01 1.81553e-07
0.1612000E+01 1.83047e-07
0.1614000E+01 1.57567e-07
0.1616000E+01 1.59399e-07
0.1618000E+01 1.56041e-07
0.1620000E+01 1.55035e-07
0.1622000E+01 1.53852e-07
0.1624000E+01 1.44726e-07
0.1626000E+01 -2.04757e-09
0.1628000E+01 2.1544e-07
0.1630000E+01 2.23083e-07
0.1632000E+01 1.78129e-07
0.1634000E+01 1.73415e-07
0.1636000E+01 1.74471e-07
0.1638000E+01 1.54634e-07
0.1640000E+01 1.50903e-07
0.1642000E+01 1.04672e-07
0.1644000E+01 9.35375e-08
0.1646000E+01 1.17923e-07
0.1648000E+01 1.31805e-07
0.1650000E+01 2.27586e-07
0.1652000E+01 3.1678e-07
0.1654000E+01 2.67096e-07
0.1656000E+01 1.82155e-07
0.1658000E+01 1.35682e-07
0.1660000E+01 1.47791e-07
0.1662000E+01 1.31125e-07
0.1664000E+01 1.14689e-07
0.1666000E+01 1.04625e-07
0.1668000E+01 1.61472e-07
0.1670000E+01 1.59905e-07
0.1672000E+01 2.15931e-07
0.1674000E+01 3.15824e-07
0.1676000E+01 3.18149e-07
0.1678000E+01 2.57072e-07
0.1680000E+01 2.49985e-07
0.1682000E+01 2.50734e-07
0.1684000E+01 2.02938e-07
0.1686000E+01 1.60998e-07
0.1688000E+01 1.61962e-07
0.1690000E+01 1.41095e-07
0.1692000E+01 6.95206e-08
0.1694000E+01 1.67514e-07
0.1696000E+01 3.01898e-07
0.1698000E+01 3.19843e-07
0.1700000E+01 2.65687e-07
0.1702000E+01 2.52445e-07
0.1704000E+01 2.44087e-07
0.1706000E+01 2.4348e-07
0.1708000E+01 2.396e-07
0.1710000E+01 2.31226e-07
0.1712000E+01 1.77673e-07
0.1714000E+01 1.47261e-07
0.1716000E+01 2.20824e-07
0.1718000E+01 3.17728e-07
0.1720000E+01 2.92134e-07
0.1722000E+01 2.47547e-07
0.1724000E+01 2.39086e-07
0.1726000E+01 2.67215e-07
0.1728000E+01 2.54366e-07
0.1730000E+01 2.53271e-07
0.1732000E+01 2.58141e-07
0.1734000E+01 2.53756e-07
0.1736000E+01 1.71873e-07
0.1738000E+01 2.76276e-07
0.1740000E+01 3.29703e-07
0.1742000E+01 2.78258e-07
0.1744000E+01 2.84737e-07
0.1746000E+01 2.97411e-07
0.1748000E+01 2.52894e-07
0.1750000E+01 2.47021e-07
0.1752000E+01 2.45645e-07
0.1754000E+01 2.44003e-07
0.1756000E+01 2.43992e-07
0.1758000E+01 2.64674e-07
0.1760000E+01 3.48628e-07
0.1762000E+01 2.9478e-07
0.1764000E+01 2.98211e-07
0.1766000E+01 2.89587e-07
0.1768000E+01 2.82672e-07
0.1770000E+01 2.79152e-07
0.1772000E+01 2.82813e-07
0.1774000E+01 2.8135e-07
0.1776000E+01 2.05396e-07
0.1778000E+01 3.2097e-07
0.1780000E+01 4.44367e-07
0.1782000E+01 3.93799e-07
0.1784000E+01 3.48686e-07
0.1786000E+01 3.14288e-07
0.1788000E+01 3.06587e-07
0.1790000E+01 2.95359e-07
0.1792000E+01 2.92203e-07
0.1794000E+01 2.82621e-07
0.1796000E+01 2.62046e-07
0.1798000E+01 3.95235e-07
0.1800000E+01 4.53709e-07
0.1802000E+01 3.93459e-07
0.1804000E+01 3.61305e-07
0.1806000E+01 3.39784e-07
0.1808000E+01 3.47576e-07
0.1810000E+01 3.51327e-07
0.1812000E+01 3.39706e-07
0.1814000E+01 2.82454e-07
0.1816000E+01 3.48489e-07
0.1818000E+01 4.44132e-07
0.1820000E+01 4.23643e-07
0.1822000E+01 3.94888e-07
0.1824000E+01 4.00246e-07
0.1826000E+01 4.11358e-07
0.1828000E+01 3.99491e-07
0.1830000E+01 3.7976e-07
0.1832000E+01 3.75407e-07
0.1834000E+01 3.96347e-07
0.1836000E+01 4.81947e-07
0.1838000E+01 4.92099e-07
0.1840000E+01 4.62399e-07
0.1842000E+01 4.62721e-07
0.1844000E+01 4.95995e-07
0.1846000E+01 3.84547e-07
0.1848000E+01 4.25151e-07
0.1850000E+01 4.34819e-07
0.1852000E+01 4.87931e-07
0.1854000E+01 5.58233e-07
0.1856000E+01 5.24985e-07
0.1858000E+01 4.99319e-07
0.1860000E+01 5.13075e-07
0.1862000E+01 5.70357e-07
0.1864000E+01 5.66525e-07
0.1866000E+01 5.42833e-07
0.1868000E+01 5.36909e-07
0.1870000E+01 6.45994e-07
0.1872000E+01 5.85476e-07
0.1874000E+01 5.3197e-07
0.1876000E+01 5.47221e-07
0.1878000E+01 6.49746e-07
0.1880000E+01 6.68613e-07
0.1882000E+01 6.4139e-07
0.1884000E+01 6.52371e-07
0.1886000E+01 7.05012e-07
0.1888000E+01 7.13118e-07
0.1890000E+01 6.89353e-07
0.1892000E+01 6.0765e-07
0.1894000E+01 8.01237e-07
0.1896000E+01 7.82594e-07
0.1898000E+01 7.01393e-07
0.1900000E+01 7.42775e-07
0.1902000E+01 7.68095e-07
0.1904000E+01 7.73741e-07
0.1906000E+01 7.86925e-07
0.1908000E+01 9.78284e-07
0.1910000E+01 1.02998e-06
0.1912000E+01 9.07527e-07
0.1914000E+01 9.04252e-07
0.1916000E+01 8.85717e-07
0.1918000E+01 6.87551e-07
0.1920000E+01 8.3844e-07
0.1922000E+01 7.49759e-07
0.1924000E+01 -3.98686e-07
0.1926000E+01 4.93915e-07
0.1928000E+01 3.45266e-06
0.1930000E+01 3.85399e-06
0.1932000E+01 2.7117e-06
0.1934000E+01 3.0628e-06
0.1936000E+01 1.36138e-06
0.1938000E+01 3.26597e-06
0.1940000E+01 1.82391e-06
0.1942000E+01 3.57028e-06
0.1944000E+01 4.31774e-06
0.1946000E+01 6.57136e-06
0.1948000E+01 4.68124e-06
0.1950000E+01 6.70462e-06
0.1952000E+01 6.02049e-06
0.1954000E+01 2.63541e-05
0.1956000E+01 -9.8761e-07
0.1958000E+01 -3.08408e-05
0.1960000E+01 -1.1196e-05
0.1962000E+01 -1.11974e-05
0.1964000E+01 -3.63044e-06
0.1966000E+01 -1.17572e-06
0.1968000E+01 -3.24105e-06
0.1970000E+01 -4.18712e-06
0.1972000E+01 -5.87848e-06
0.1974000E+01 -4.76025e-06
0.1976000E+01 -1.20234e-06
0.1978000E+01 -1.17244e-06
0.1980000E+01 -4.76367e-06
0.1982000E+01 -4.90292e-06
0.1984000E+01 -1.87056e-06
0.1986000E+01 -1.01932e-06
0.1988000E+01 -1.63973e-06
0.1990000E+01 -1.20739e-06
0.1992000E+01 -2.00974e-06
0.1994000E+01 -4.57383e-07
0.1996000E+01 -5.15972e-07
0.1998000E+01 3.70557e-08
0.2000000E+01 -6.23942e-07
0.2002000E+01 -6.49796e-07
0.2004000E+01 -6.80406e-07
0.2006000E+01 -7.26439e-07
0.2008000E+01 -7.73845e-07
0.2010000E+01 -8.52889e-07
0.2012000E+01 -9.63008e-07
0.2014000E+01 -1.18018e-06
0.2016000E+01 -1.69262e-06
0.2018000E+01 -1.04476e-06
0.2020000E+01 -4.37804e-07
0.2022000E+01 -4.53373e-07
0.2024000E+01 -4.66726e-07
0.2026000E+01 -4.49899e-07
0.2028000E+01 -4.76216e-07
0.2030000E+01 4.11259e-08
0.2032000E+01 1.34807e-06
0.2034000E+01 2.2336e-06
0.2036000E+01 6.78698e-07
0.2038000E+01 -1.56293e-06
0.2040000E+01 -1.83927e-06
0.2042000E+01 -1.80291e-06
0.2044000E+01 -9.66259e-07
0.2046000E+01 -7.01255e-07
0.2048000E+01 -2.00729e-07
0.2050000E+01 8.79819e-07
0.2052000E+01 3.63969e-07
0.2054000E+01 -1.60481e-06
0.2056000E+01 -1.62077e-06
0.2058000E+01 -4.06672e-07
0.2060000E+01 -1.94062e-08
0.2062000E+01 -6.44998e-08
0.2064000E+01 -2.14064e-08
0.2066000E+01 -7.93104e-07
0.2068000E+01 -7.13922e-08
0.2070000E+01 -2.81825e-07
0.2072000E+01 -9.77918e-07
0.2074000E+01 -6.8437e-07
0.2076000E+01 -2.33568e-07
0.2078000E+01 -2.4281e-08
0.2080000E+01 -1.38047e-07
0.2082000E+01 -2.01871e-07
0.2084000E+01 -8.43713e-07
0.2086000E+01 -6.87512e-07
0.2088000E+01 -5.65436e-07
0.2090000E+01 -5.85339e-07
0.2092000E+01 -2.45818e-07
0.2094000E+01 4.21052e-07
0.2096000E+01 1.51149e-07
0.2098000E+01 -3.10782e-07
0.2100000E+01 -4.52254e-07
0.2102000E+01 -4.37047e-07
0.2104000E+01 -4.2016e-07
0.2106000E+01 -3.2785e-07
0.2108000E+01 -2.45583e-08
0.2110000E+01 8.83432e-08
0.2112000E+01 2.2676e-08
0.2114000E+01 5.94459e-08
0.2116000E+01 -3.55453e-08
0.2118000E+01 -4.59045e-07
0.2120000E+01 -5.11277e-07
0.2122000E+01 -4.98735e-07
0.2124000E+01 -5.74254e-07
0.2126000E+01 -6.68806e-07
0.2128000E+01 -3.22086e-07
0.2130000E+01 1.25994e-07
0.2132000E+01 -3.3176e-08
0.2134000E+01 -3.24935e-07
0.2136000E+01 -3.05428e-07
0.2138000E+01 -3.41433e-07
0.2140000E+01 -3.75349e-07
0.2142000E+01 -3.39646e-07
0.2144000E+01 -1.01199e-07
0.2146000E+01 1.77751e-07
0.2148000E+01 1.04664e-07
0.2150000E+01 1.77539e-08
0.2152000E+01 -1.54954e-07
0.2154000E+01 -2.51222e-07
0.2156000E+01 -3.72996e-07
0.2158000E+01 -5.67042e-07
0.2160000E+01 -3.53891e-07
0.2162000E+01 -9.90111e-08
0.2164000E+01 -1.03427e-07
0.2166000E+01 -1.07313e-07
0.2168000E+01 -9.75356e-08
0.2170000E+01 -2.08085e-07
0.2172000E+01 -3.54946e-07
0.2174000E+01 -4.11719e-07
0.2176000E+01 -4.35078e-07
0.2178000E+01 -5.27886e-07
0.2180000E+01 1.92833e-07
0.2182000E+01 7.82715e-08
0.2184000E+01 -2.38206e-07
0.2186000E+01 -2.53671e-07
0.2188000E+01 -2.50729e-07
0.2190000E+01 -2.53557e-07
0.2192000E+01 -1.44709e-07
0.2194000E+01 1.74247e-07
0.2196000E+01 2.21135e-07
0.2198000E+01 -1.21038e-07
0.2200000E+01 -2.58135e-07
0.2202000E+01 -3.81034e-07
0.2204000E+01 -3.70105e-07
0.2206000E+01 -3.20173e-07
0.2208000E+01 -2.97503e-08
0.2210000E+01 3.771e-08
0.2212000E+01 -5.67689e-08
0.2214000E+01 9.01039e-09
0.2216000E+01 -1.16323e-07
0.2218000E+01 -3.10097e-07
0.2220000E+01 -3.51843e-07
0.2222000E+01 8.30357e-08
0.2224000E+01 4.46202e-07
0.2226000E+01 -3.00622e-07
0.2228000E+01 -2.88332e-07
0.2230000E+01 -3.02074e-07
0.2232000E+01 3.32762e-08
0.2234000E+01 4.95234e-07
0.2236000E+01 4.43919e-07
0.2238000E+01 1.7685e-07
0.2240000E+01 -3.194e-07
0.2242000E+01 -5.72149e-08
0.2244000E+01 4.63723e-07
0.2246000E+01 1.00426e-07
0.2248000E+01 -8.13064e-08
0.2250000E+01 -5.09759e-08
0.2252000E+01 9.66779e-07
0.2254000E+01 7.5671e-08
0.2256000E+01 1.62361e-06
0.2258000E+01 2.96394e-06
0.2260000E+01 3.65235e-07
0.2262000E+01 -2.35078e-06
0.2264000E+01 -1.66958e-06
0.2266000E+01 -1.48871e-06
0.2268000E+01 -1.24476e-06
0.2270000E+01 -1.09731e-06
0.2272000E+01 -9.33663e-07
0.2274000E+01 -8.7296e-07
0.2276000E+01 -8.28878e-07
0.2278000E+01 -7.79744e-07
0.2280000E+01 -6.54716e-07
0.2282000E+01 -5.35467e-07
0.2284000E+01 -5.03595e-07
0.2286000E+01 -5.36524e-07
0.2288000E+01 -5.00696e-07
0.2290000E+01 -4.75504e-07
0.2292000E+01 -4.72936e-07
0.2294000E+01 -5.27871e-07
0.2296000E+01 -5.25779e-07
0.2298000E+01 -4.977e-07
0.2300000E+01 -4.73896e-07
0.2302000E+01 -4.67162e-07
0.2304000E+01 -4.58078e-07
0.2306000E+01 -4.44307e-07
0.2308000E+01 -4.4393e-07
0.2310000E+01 -4.35078e-07
0.2312000E+01 -3.90022e-07
0.2314000E+01 -4.29125e-07
0.2316000E+01 -4.53996e-07
0.2318000E+01 -4.53418e-07
0.2320000E+01 -4.4644e-07
0.2322000E+01 -4.37457e-07
0.2324000E+01 -4.25481e-07
0.2326000E+01 -4.16651e-07
0.2328000E+01 -4.10866e-07
0.2330000E+01 -3.97316e-07
0.2332000E+01 -3.92902e-07
0.2334000E+01 -3.87768e-07
0.2336000E+01 -3.78919e-07
0.2338000E+01 -3.82562e-07
0.2340000E+01 -3.78862e-07
0.2342000E+01 -3.77393e-07
0.2344000E+01 -3.62492e-07
0.2346000E+01 -3.71656e-07
0.2348000E+01 -3.91598e-07
0.2350000E+01 -3.9237e-07
0.2352000E+01 -3.84899e-07
0.2354000E+01 -3.77882e-07
0.2356000E+01 -3.74947e-07
0.2358000E+01 -3.7201e-07
0.2360000E+01 -3.7366e-07
0.2362000E+01 -3.88307e-07
0.2364000E+01 -4.26268e-07
0.2366000E+01 -3.95176e-07
0.2368000E+01 -4.00829e-07
0.2370000E+01 -4.64169e-07
0.2372000E+01 -4.2007e-07
0.2374000E+01 -3.92399e-07
0.2376000E+01 -2.93569e-07
0.2378000E+01 -3.08405e-07
0.2380000E+01 -3.07123e-07
0.2382000E+01 -3.4415e-07
0.2384000E+01 -3.13633e-07
0.2386000E+01 -3.12664e-07
0.2388000E+01 -3.3621e-07
0.2390000E+01 -3.43098e-07
0.2392000E+01 -3.50818e-07
0.2394000E+01 -3.42644e-07
0.2396000E+01 -3.54266e-07
0.2398000E+01 -3.57817e-07
0.2400000E+01 -3.51635e-07
0.2402000E+01 -3.41564e-07
0.2404000E+01 -3.4822e-07
0.2406000E+01 -3.33741e-07
0.2408000E+01 -3.33373e-07
0.2410000E+01 -3.25124e-07
0.2412000E+01 -3.03066e-07
0.2414000E+01 -3.12266e-07
0.2416000E+01 -3.05734e-07
0.2418000E+01 -2.89248e-07
0.2420000E+01 -2.40932e-07
0.2422000E+01 -3.01789e-07
0.2424000E+01 -3.17079e-07
0.2426000E+01 -3.13811e-07
0.2428000E+01 -3.12548e-07
0.2430000E+01 -3.07821e-07
0.2432000E+01 -3.04319e-07
0.2434000E+01 -3.08453e-07
0.2436000E+01 -3.00034e-07
0.2438000E+01 -3.20395e-07
0.2440000E+01 -3.04434e-07
0.2442000E+01 -3.05305e-07
0.2444000E+01 -3.00897e-07
0.2446000E+01 -2.93019e-07
0.2448000E+01 -2.88767e-07
0.2450000E+01 -2.8779e-07
0.2452000E+01 -2.81884e-07
0.2454000E+01 -2.75992e-07
0.2456000E+01 -2.68085e-07
0.2458000E+01 -2.61933e-07
0.2460000E+01 -2.48854e-07
0.2462000E+01 -6.701e-07
0.2464000E+01 -6.30655e-07
0.2466000E+01 -3.13138e-07
0.2468000E+01 -3.42873e-07
0.2470000E+01 -3.91142e-07
0.2472000E+01 -7.92962e-08
0.2474000E+01 -2.6112e-07
0.2476000E+01 -3.59299e-07
0.2478000E+01 -3.35794e-07
0.2480000E+01 -1.69799e-07
0.2482000E+01 -3.22144e-07
0.2484000E+01 -2.89624e-07
0.2486000E+01 -3.4344e-07
0.2488000E+01 -2.86658e-07
0.2490000E+01 -2.07509e-07
0.2492000E+01 -2.9077e-07
0.2494000E+01 -2.94343e-07
0.2496000E+01 -2.91138e-07
0.2498000E+01 -3.15548e-07
0.2500000E+01 -4.69692e-08
0.2502000E+01 -2.5299e-07
0.2504000E+01 -2.40897e-07
0.2506000E+01 -2.40889e-07
0.2508000E+01 -2.67835e-07
0.2510000E+01 -2.97646e-07
0.2512000E+01 -2.81702e-07
0.2514000E+01 5.98683e-08
0.2516000E+01 -2.2883e-07
0.2518000E+01 -2.66134e-07
0.2520000E+01 -2.57839e-07
0.2522000E+01 -2.49511e-07
0.2524000E+01 -2.58136e-07
0.2526000E+01 -2.76464e-07
0.2528000E+01 -1.09344e-07
0.2530000E+01 -5.97782e-08
0.2532000E+01 -1.39703e-07
0.2534000E+01 -3.22835e-07
0.2536000E+01 -2.58684e-07
0.2538000E+01 -2.24811e-07
0.2540000E+01 -2.19862e-07
0.2542000E+01 -2.31943e-07
0.2544000E+01 -2.37139e-07
0.2546000E+01 4.09494e-08
0.2548000E+01 -7.60387e-08
0.2550000E+01 -1.35673e-07
0.2552000E+01 -1.32316e-07
0.2554000E+01 -2.66352e-07
0.2556000E+01 -2.19132e-07
0.2558000E+01 -2.17536e-07
0.2560000E+01 -2.08442e-07
0.2562000E+01 -2.05756e-07
0.2564000E+01 -1.6395e-08
0.2566000E+01 -5.26956e-08
0.2568000E+01 -1.31181e-07
0.2570000E+01 -1.54518e-07
0.2572000E+01 -1.48327e-07
0.2574000E+01 -1.51526e-07
0.2576000E+01 -1.51723e-07
0.2578000E+01 -1.73904e-07
0.2580000E+01 -1.91183e-07
0.2582000E+01 -2.06771e-07
0.2584000E+01 -1.52413e-09
0.2586000E+01 -3.45588e-08
0.2588000E+01 -7.53633e-08
0.2590000E+01 -1.11594e-07
0.2592000E+01 -1.5972e-07
0.2594000E+01 -1.88749e-07
0.2596000E+01 -1.58051e-07
0.2598000E+01 -1.56826e-07
0.2600000E+01 -1.63988e-07
0.2602000E+01 -1.71092e-07
0.2604000E+01 -1.47209e-07
0.2606000E+01 -1.50945e-08
0.2608000E+01 -1.0299e-07
0.2610000E+01 -1.06909e-07
0.2612000E+01 -1.21967e-07
0.2614000E+01 -1.31739e-07
0.2616000E+01 -1.11106e-07
0.2618000E+01 -1.48528e-07
0.2620000E+01 -1.9884e-07
0.2622000E+01 -1.54837e-07
0.2624000E+01 -1.84708e-07
0.2626000E+01 -1.48147e-07
0.2628000E+01 -3.14082e-08
0.2630000E+01 -3.27951e-08
0.2632000E+01 -1.31372e-07
0.2634000E+01 -2.08112e-07
0.2636000E+01 -1.55089e-07
0.2638000E+01 -1.25373e-07
0.2640000E+01 -1.45339e-07
0.2642000E+01 -1.41826e-07
0.2644000E+01 -1.36991e-07
0.2646000E+01 -1.25802e-07
0.2648000E+01 -1.93449e-07
0.2650000E+01 -1.9529e-07
0.2652000E+01 -8.33645e-08
0.2654000E+01 -6.66806e-08
0.2656000E+01 -6.98043e-08
0.2658000E+01 -1.2012e-07
0.2660000E+01 -1.20683e-07
0.2662000E+01 -1.18688e-07
0.2664000E+01 -1.95156e-07
0.2666000E+01 -1.96981e-07
0.2668000E+01 -1.66422e-07
0.2670000E+01 -1.38663e-07
0.2672000E+01 -1.38233e-07
0.2674000E+01 -1.41092e-07
0.2676000E+01 -1.37299e-07
0.2678000E+01 -2.89566e-08
0.2680000E+01 -1.13851e-07
0.2682000E+01 -1.88561e-07
0.2684000E+01 -1.61206e-07
0.2686000E+01 -1.52693e-07
0.2688000E+01 -1.41334e-07
0.2690000E+01 -1.4623e-07
0.2692000E+01 -1.39826e-07
0.2694000E+01 -1.18013e-07
0.2696000E+01 -1.21159e-07
0.2698000E+01 -1.29377e-07
0.2700000E+01 -2.15968e-07
0.2702000E+01 -2.54132e-07
0.2704000E+01 -1.124e-07
0.2706000E+01 -1.04229e-07
0.2708000E+01 -1.11091e-07
0.2710000E+01 -1.12853e-07
0.2712000E+01 -1.18361e-07
0.2714000E+01 -1.2055e-07
0.2716000E+01 -1.23516e-07
0.2718000E+01 -1.30415e-07
0.2720000E+01 -1.9464e-07
0.2722000E+01 -1.67634e-07
0.2724000E+01 -2.15076e-07
0.2726000E+01 -1.69645e-07
0.2728000E+01 -1.70432e-07
0.2730000E+01 -1.10887e-07
0.2732000E+01 -7.41426e-08
0.2734000E+01 -7.50185e-08
0.2736000E+01 -1.43073e-07
0.2738000E+01 -1.7746e-07
0.2740000E+01 -1.38102e-07
0.2742000E+01 -1.2717e-07
0.2744000E+01 -1.2449e-07
0.2746000E+01 -1.56617e-07
0.2748000E+01 -2.11678e-07
0.2750000E+01 -1.63028e-07
0.2752000E+01 -1.71027e-07
0.2754000E+01 -2.77328e-07
0.2756000E+01 -1.93642e-07
0.2758000E+01 -1.19301e-07
0.2760000E+01 -8.50383e-08
0.2762000E+01 -1.19322e-07
0.2764000E+01 -1.18514e-07
0.2766000E+01 -1.20403e-07
0.2768000E+01 -1.97295e-07
0.2770000E+01 -1.98331e-07
0.2772000E+01 -1.95841e-07
0.2774000E+01 -2.18906e-07
0.2776000E+01 -1.85352e-07
0.2778000E+01 -1.74885e-07
0.2780000E+01 -1.62953e-07
0.2782000E+01 -2.8272e-07
0.2784000E+01 -2.38964e-07
0.2786000E+01 -1.50008e-07
0.2788000E+01 -1.16814e-07
0.2790000E+01 -1.48293e-07
0.2792000E+01 -1.60728e-07
0.2794000E+01 -2.48467e-07
0.2796000E+01 -3.37089e-07
0.2798000E+01 -2.38758e-07
0.2800000E+01 -2.1653e-07
0.2802000E+01 -2.29682e-07
0.2804000E+01 -2.05827e-07
0.2806000E+01 -3.79722e-07
0.2808000E+01 -3.56428e-07
0.2810000E+01 -3.16934e-07
0.2812000E+01 -2.73577e-07
0.2814000E+01 -2.41636e-07
0.2816000E+01 -3.83195e-07
0.2818000E+01 -3.61333e-07
0.2820000E+01 -3.72076e-07
0.2822000E+01 -3.72014e-07
0.2824000E+01 -4.25485e-07
0.2826000E+01 -6.63243e-07
0.2828000E+01 -4.58385e-07
0.2830000E+01 -5.1018e-07
0.2832000E+01 -8.45399e-07
0.2834000E+01 -9.92757e-07
0.2836000E+01 -7.64648e-07
0.2838000E+01 -1.43387e-06
0.2840000E+01 -1.56302e-06
0.2842000E+01 -2.39514e-06
0.2844000E+01 -3.90129e-06
0.2846000E+01 -2.53009e-06
0.2848000E+01 9.25836e-06
0.2850000E+01 3.16231e-06
0.2852000E+01 2.07357e-06
0.2854000E+01 1.12936e-06
0.2856000E+01 1.39872e-06
0.2858000E+01 1.09284e-06
0.2860000E+01 8.34993e-07
0.2862000E+01 6.71653e-07
0.2864000E+01 7.6929e-07
0.2866000E+01 5.92375e-07
0.2868000E+01 6.19886e-07
0.2870000E+01 4.72374e-07
0.2872000E+01 4.79083e-07
0.2874000E+01 4.81902e-07
0.2876000E+01 3.85366e-07
0.2878000E+01 4.14979e-07
0.2880000E+01 4.77154e-07
0.2882000E+01 3.96705e-07
0.2884000E+01 3.83113e-07
0.2886000E+01 2.68423e-07
0.2888000E+01 2.75799e-07
0.2890000E+01 2.85603e-07
0.2892000E+01 3.14848e-07
0.2894000E+01 3.82816e-07
0.2896000E+01 3.99776e-07
0.2898000E+01 2.18914e-07
0.2900000E+01 2.26496e-07
0.2902000E+01 2.32514e-07
0.2904000E+01 2.01275e-07
0.2906000E+01 1.83581e-07
0.2908000E+01 2.29777e-07
0.2910000E+01 2.32753e-07
0.2912000E+01 2.85426e-07
0.2914000E+01 2.42127e-07
0.2916000E+01 1.83071e-07
0.2918000E+01 1.75718e-07
0.2920000E+01 1.76556e-07
0.2922000E+01 2.22663e-07
0.2924000E+01 1.87204e-07
0.2926000E+01 1.65515e-07
0.2928000E+01 1.77029e-07
0.2930000E+01 1.87817e-07
0.2932000E+01 2.08699e-07
0.2934000E+01 1.90384e-07
0.2936000E+01 1.44863e-07
0.2938000E+01 1.27525e-07
0.2940000E+01 3.52893e-07
0.2942000E+01 3.84319e-07
0.2944000E+01 1.40134e-07
0.2946000E+01 1.38241e-07
0.2948000E+01 1.45006e-07
0.2950000E+01 1.41327e-07
0.2952000E+01 1.51743e-07
0.2954000E+01 1.37589e-07
0.2956000E+01 1.53984e-07
0.2958000E+01 1.76489e-07
0.2960000E+01 1.5112e-07
0.2962000E+01 1.37401e-07
0.2964000E+01 1.17796e-07
0.2966000E+01 1.13847e-07
0.2968000E+01 9.96482e-08
0.2970000E+01 7.01602e-08
0.2972000E+01 8.28924e-08
0.2974000E+01 9.38092e-08
0.2976000E+01 9.20126e-08
0.2978000E+01 2.16631e-07
0.2980000E+01 3.1796e-07
0.2982000E+01 2.5377e-07
0.2984000E+01 1.12012e-07
0.2986000E+01 -1.24273e-07
0.2988000E+01 -1.60709e-06
0.2990000E+01 1.93176e-06
0.2992000E+01 3.50884e-06
0.2994000E+01 7.46962e-08
0.2996000E+01 7.81815e-08
0.2998000E+01 8.19699e-08
0.3000000E+01 8.19338e-08
0.3002000E+01 8.13108e-08
0.3004000E+01 8.18468e-08
0.3006000E+01 9.10504e-08
0.3008000E+01 9.85478e-08
0.3010000E+01 9.61616e-08
0.3012000E+01 9.39493e-08
0.3014000E+01 9.27301e-08
0.3016000E+01 9.21968e-08
0.3018000E+01 9.46119e-08
0.3020000E+01 8.63662e-08
0.3022000E+01 8.02827e-08
0.3024000E+01 8.87999e-08
0.3026000E+01 1.03423e-07
0.3028000E+01 1.03649e-07
0.3030000E+01 6.94692e-08
0.3032000E+01 6.08405e-08
0.3034000E+01 6.9484e-08
0.3036000E+01 7.50707e-08
0.3038000E+01 8.07727e-08
0.3040000E+01 7.96621e-08
0.3042000E+01 9.09972e-08
0.3044000E+01 8.04742e-08
0.3046000E+01 1.17567e-07
0.3048000E+01 9.41881e-08
0.3050000E+01 9.40349e-08
0.3052000E+01 9.19422e-08
0.3054000E+01 8.50866e-08
0.3056000E+01 7.77025e-08
0.3058000E+01 8.14717e-08
0.3060000E+01 8.89108e-08
0.3062000E+01 8.63346e-08
0.3064000E+01 1.00035e-07
0.3066000E+01 9.95466e-08
0.3068000E+01 1.00769e-07
0.3070000E+01 1.08369e-07
0.3072000E+01 1.05239e-07
0.3074000E+01 9.37633e-08
0.3076000E+01 7.66294e-08
0.3078000E+01 5.47024e-08
0.3080000E+01 8.78518e-08
0.3082000E+01 1.13623e-07
0.3084000E+01 1.12695e-07
0.3086000E+01 1.0449e-07
0.3088000E+01 1.03472e-07
0.3090000E+01 9.76105e-08
0.3092000E+01 8.17869e-08
0.3094000E+01 8.45945e-08
0.3096000E+01 7.67121e-08
0.3098000E+01 1.13738e-07
0.3100000E+01 1.19153e-07
0.3102000E+01 1.07875e-07
0.3104000E+01 1.09044e-07
0.3106000E+01 9.07581e-08
0.3108000E+01 1.28524e-07
0.3110000E+01 9.86773e-08
0.3112000E+01 8.2314e-08
0.3114000E+01 1.05695e-07
0.3116000E+01 1.21795e-07
0.3118000E+01 1.15015e-07
0.3120000E+01 1.23176e-07
0.3122000E+01 1.25712e-07
0.3124000E+01 8.56647e-08
0.3126000E+01 7.12765e-08
0.3128000E+01 7.6058e-08
0.3130000E+01 1.04229e-07
0.3132000E+01 1.34493e-07
0.3134000E+01 1.12688e-07
0.3136000E+01 1.19135e-07
0.3138000E+01 9.86055e-08
0.3140000E+01 8.70211e-08
0.3142000E+01 1.07904e-07
0.3144000E+01 1.1219e-07
0.3146000E+01 1.36999e-07
0.3148000E+01 1.13863e-07
0.3150000E+01 1.00239e-07
0.3152000E+01 1.01963e-07
0.3154000E+01 1.24799e-07
0.3156000E+01 6.50561e-08
0.3158000E+01 5.1602e-08
0.3160000E+01 1.08951e-07
0.3162000E+01 -1.80593e-08
0.3164000E+01 -1.06663e-08
0.3166000E+01 5.92554e-07
0.3168000E+01 1.65463e-07
0.3170000E+01 -2.24219e-08
0.3172000E+01 8.62486e-08
0.3174000E+01 8.42348e-08
0.3176000E+01 2.4827e-07
0.3178000E+01 1.00524e-07
0.3180000E+01 1.50172e-07
0.3182000E+01 2.62402e-07
0.3184000E+01 1.36407e-07
0.3186000E+01 2.07041e-07
0.3188000E+01 1.94787e-07
0.3190000E+01 2.36857e-07
0.3192000E+01 1.85794e-07
0.3194000E+01 1.39119e-07
0.3196000E+01 1.51643e-07
0.3198000E+01 1.66447e-07
0.3200000E+01 1.80361e-07
0.3202000E+01 2.25412e-07
0.3204000E+01 1.67633e-07
0.3206000E+01 1.67177e-07
0.3208000E+01 1.52214e-07
0.3210000E+01 1.52447e-07
0.3212000E+01 1.47668e-07
0.3214000E+01 2.35493e-07
0.3216000E+01 1.37855e-07
0.3218000E+01 1.10696e-07
0.3220000E+01 7.67591e-08
0.3222000E+01 1.19508e-07
0.3224000E+01 1.7683e-07
0.3226000E+01 1.6066e-07
0.3228000E+01 1.07276e-07
0.3230000E+01 5.78294e-08
0.3232000E+01 9.5108e-08
0.3234000E+01 1.62465e-07
0.3236000E+01 1.82142e-07
0.3238000E+01 1.38761e-07
0.3240000E+01 1.29711e-07
0.3242000E+01 1.02092e-07
0.3244000E+01 2.3014e-07
0.3246000E+01 9.23598e-08
0.3248000E+01 6.6809e-08
0.3250000E+01 1.18232e-07
0.3252000E+01 3.34636e-07
0.3254000E+01 -1.74106e-07
0.3256000E+01 3.66277e-07
0.3258000E+01 -7.82833e-08
0.3260000E+01 3.44923e-07
0.3262000E+01 -1.25026e-06
0.3264000E+01 6.95844e-08
0.3266000E+01 3.8581e-07
0.3268000E+01 9.309e-08
0.3270000E+01 9.80092e-08
0.3272000E+01 3.40881e-07
0.3274000E+01 3.45532e-07
0.3276000E+01 6.54721e-07
0.3278000E+01 -9.73296e-08
0.3280000E+01 -1.33082e-07
0.3282000E+01 4.18096e-07
0.3284000E+01 3.93587e-07
0.3286000E+01 1.03612e-06
0.3288000E+01 1.72179e-07
0.3290000E+01 1.01727e-06
0.3292000E+01 8.9389e-07
0.3294000E+01 5.27916e-07
0.3296000E+01 -2.18364e-07
0.3298000E+01 -1.4144e-08
0.3300000E+01 -5.96835e-07
0.3302000E+01 -4.37149e-07
0.3304000E+01 -4.7738e-07
0.3306000E+01 -1.8629e-07
0.3308000E+01 -1.72745e-07
0.3310000E+01 -2.58098e-07
0.3312000E+01 -2.68621e-07
0.3314000E+01 -1.95133e-07
0.3316000E+01 -1.73523e-07
0.3318000E+01 -1.54982e-07
0.3320000E+01 -1.38376e-07
0.3322000E+01 -9.74587e-08
0.3324000E+01 -1.22682e-07
0.3326000E+01 -1.5578e-07
0.3328000E+01 -1.44314e-07
0.3330000E+01 -9.74281e-08
0.3332000E+01 -8.44635e-08
0.3334000E+01 -8.37275e-08
0.3336000E+01 -7.49784e-08
0.3338000E+01 -6.97985e-08
0.3340000E+01 -7.22066e-08
0.3342000E+01 -8.04178e-08
0.3344000E+01 -7.41341e-08
0.3346000E+01 -6.00292e-08
0.3348000E+01 -5.03141e-08
0.3350000E+01 -4.13677e-08
0.3352000E+01 -4.39182e-08
0.3354000E+01 -5.15021e-08
0.3356000E+01 -6.8788e-08
0.3358000E+01 -6.7685e-08
0.3360000E+01 -4.48847e-08
0.3362000E+01 -3.90886e-08
0.3364000E+01 -5.85503e-08
0.3366000E+01 -5.37021e-08
0.3368000E+01 -4.23193e-08
0.3370000E+01 -3.83115e-08
0.3372000E+01 -3.38784e-08
0.3374000E+01 -3.45504e-08
0.3376000E+01 -2.86203e-08
0.3378000E+01 -2.83372e-08
0.3380000E+01 -2.38625e-08
0.3382000E+01 -2.30388e-08
0.3384000E+01 -4.38611e-08
0.3386000E+01 -3.31093e-08
0.3388000E+01 -2.45318e-08
0.3390000E+01 -2.27638e-08
0.3392000E+01 -1.24091e-07
0.3394000E+01 -3.42737e-08
0.3396000E+01 -4.23764e-08
0.3398000E+01 -3.21884e-08
0.3400000E+01 -2.60981e-08
0.3402000E+01 -5.25092e-08
0.3404000E+01 -3.98164e-08
0.3406000E+01 -4.08942e-08
0.3408000E+01 -3.93477e-08
0.3410000E+01 -3.3478e-08
0.3412000E+01 -3.12081e-08
0.3414000E+01 -3.19023e-08
0.3416000E+01 -3.25854e-08
0.3418000E+01 -3.33729e-08
0.3420000E+01 -5.48054e-08
0.3422000E+01 -4.63759e-08
0.3424000E+01 -4.05533e-08
0.3426000E+01 -2.93568e-08
0.3428000E+01 -2.58909e-08
0.3430000E+01 8.39158e-08
0.3432000E+01 -2.39967e-08
0.3434000E+01 -2.48688e-08
0.3436000E+01 -4.1934e-08
0.3438000E+01 -4.84219e-08
0.3440000E+01 -4.07487e-08
0.3442000E+01 -5.03806e-08
0.3444000E+01 -4.43792e-08
0.3446000E+01 -3.14731e-08
0.3448000E+01 -2.74717e-08
0.3450000E+01 -3.18202e-08
0.3452000E+01 -6.02391e-08
0.3454000E+01 -4.59358e-08
0.3456000E+01 2.36519e-08
0.3458000E+01 1.53137e-08
0.3460000E+01 2.31876e-08
0.3462000E+01 -1.75564e-08
0.3464000E+01 -3.12422e-08
0.3466000E+01 -6.33546e-08
0.3468000E+01 -6.63381e-08
0.3470000E+01 -5.42908e-08
0.3472000E+01 -3.66946e-08
0.3474000E+01 -4.22006e-08
0.3476000E+01 -3.63862e-08
0.3478000E+01 -5.03023e-08
0.3480000E+01 -2.31828e-08
0.3482000E+01 -2.98575e-09
0.3484000E+01 -1.37371e-08
0.3486000E+01 -1.25253e-12
0.3488000E+01 -2.10195e-08
0.3490000E+01 -3.01244e-08
0.3492000E+01 -3.66604e-08
0.3494000E+01 2.49094e-08
0.3496000E+01 -3.47721e-08
0.3498000E+01 -3.97079e-08
0.3500000E+01 -5.749e-09
0.3502000E+01 -2.50751e-08
0.3504000E+01 -3.82325e-09
0.3506000E+01 6.3859e-09
0.3508000E+01 2.88436e-08
0.3510000E+01 -2.20062e-08
0.3512000E+01 -4.28337e-08
0.3514000E+01 3.24367e-08
0.3516000E+01 1.07613e-08
0.3518000E+01 -2.91961e-09
0.3520000E+01 2.72062e-08
0.3522000E+01 5.09844e-08
0.3524000E+01 1.51341e-07
0.3526000E+01 1.19045e-07
0.3528000E+01 9.28326e-08
0.3530000E+01 7.80371e-08
0.3532000E+01 8.77359e-08
0.3534000E+01 8.42086e-08
0.3536000E+01 6.57767e-08
0.3538000E+01 7.74039e-08
0.3540000E+01 9.85672e-08
0.3542000E+01 1.44341e-07
0.3544000E+01 1.45551e-07
0.3546000E+01 1.48303e-07
0.3548000E+01 9.63598e-08
0.3550000E+01 1.03494e-07
0.3552000E+01 9.40015e-08
0.3554000E+01 1.18707e-07
0.3556000E+01 7.57065e-08
0.3558000E+01 9.25585e-08
0.3560000E+01 2.82825e-07
0.3562000E+01 1.41889e-07
0.3564000E+01 1.34407e-07
0.3566000E+01 1.2543e-07
0.3568000E+01 9.49498e-08
0.3570000E+01 9.29132e-08
0.3572000E+01 9.77762e-08
0.3574000E+01 3.48208e-07
0.3576000E+01 2.01723e-07
0.3578000E+01 1.74931e-07
0.3580000E+01 2.08031e-07
0.3582000E+01 1.78093e-07
0.3584000E+01 1.99233e-07
0.3586000E+01 5.08339e-07
0.3588000E+01 3.42974e-07
0.3590000E+01 5.17222e-07
0.3592000E+01 4.41915e-07
0.3594000E+01 1.21264e-06
0.3596000E+01 9.6836e-07
0.3598000E+01 3.87832e-06
0.3600000E+01 -5.32015e-06
0.3602000E+01 -1.48519e-06
0.3604000E+01 -9.93266e-07
0.3606000E+01 -6.26759e-07
0.3608000E+01 -5.11347e-07
0.3610000E+01 -3.69423e-07
0.3612000E+01 -3.57467e-07
0.3614000E+01 -3.56051e-07
0.3616000E+01 -2.1573e-07
0.3618000E+01 -2.13037e-07
0.3620000E+01 -2.46674e-07
0.3622000E+01 -2.74905e-07
0.3624000E+01 -1.66486e-07
0.3626000E+01 -1.9306e-07
0.3628000E+01 -2.26225e-07
0.3630000E+01 -3.04966e-07
0.3632000E+01 -1.37572e-07
0.3634000E+01 -1.25274e-07
0.3636000E+01 -1.60405e-07
0.3638000E+01 -2.25648e-07
0.3640000E+01 -1.25585e-07
0.3642000E+01 -1.17835e-07
0.3644000E+01 -9.49658e-08
0.3646000E+01 -1.15847e-07
0.3648000E+01 -1.7485e-07
0.3650000E+01 -1.13557e-07
0.3652000E+01 -8.90987e-08
0.3654000E+01 -1.21252e-07
0.3656000E+01 -1.42357e-07
0.3658000E+01 -1.5829e-07
0.3660000E+01 -9.41701e-08
0.3662000E+01 -7.63465e-08
0.3664000E+01 -1.02827e-07
0.3666000E+01 -1.11936e-07
0.3668000E+01 -1.08459e-07
0.3670000E+01 -6.17955e-08
0.3672000E+01 -7.64767e-08
0.3674000E+01 -7.85527e-08
0.3676000E+01 -7.36355e-08
0.3678000E+01 -8.09249e-08
0.3680000E+01 -8.46323e-08
0.3682000E+01 -7.77879e-08
0.3684000E+01 -7.45554e-08
0.3686000E+01 -7.92931e-08
0.3688000E+01 -9.555e-08
0.3690000E+01 -9.03381e-08
0.3692000E+01 -1.13464e-07
0.3694000E+01 -7.0135e-08
0.3696000E+01 -7.27961e-08
0.3698000E+01 -6.86673e-08
0.3700000E+01 -6.67481e-08
0.3702000E+01 -6.98155e-08
0.3704000E+01 -9.41377e-08
0.3706000E+01 -4.88797e-08
0.3708000E+01 -5.56838e-08
0.3710000E+01 -5.81469e-08
0.3712000E+01 -7.16236e-08
0.3714000E+01 -7.58125e-08
0.3716000E+01 -8.25557e-08
0.3718000E+01 -6.09254e-08
0.3720000E+01 -6.18715e-08
0.3722000E+01 -5.8427e-08
0.3724000E+01 -5.5571e-08
0.3726000E+01 -5.55461e-08
0.3728000E+01 -5.09105e-08
0.3730000E+01 -3.9028e-08
0.3732000E+01 -4.65038e-08
0.3734000E+01 -4.8543e-08
0.3736000E+01 -5.38328e-08
0.3738000E+01 -5.16969e-08
0.3740000E+01 -5.36631e-08
0.3742000E+01 -7.22413e-08
0.3744000E+01 -5.45127e-08
0.3746000E+01 -5.23425e-08
0.3748000E+01 -5.33026e-08
0.3750000E+01 -5.11862e-08
0.3752000E+01 -4.70532e-08
0.3754000E+01 -5.90237e-08
0.3756000E+01 -4.14444e-08
0.3758000E+01 -5.34059e-08
0.3760000E+01 -4.7608e-08
0.3762000E+01 -4.16559e-08
0.3764000E+01 -4.338e-08
0.3766000E+01 -4.62796e-08
0.3768000E+01 -3.88922e-08
0.3770000E+01 -3.22316e-08
0.3772000E+01 -2.19325e-08
0.3774000E+01 -3.6019e-08
0.3776000E+01 -4.51468e-08
0.3778000E+01 -4.63652e-08
0.3780000E+01 -5.09776e-08
0.3782000E+01 -3.94303e-08
0.3784000E+01 -4.42537e-08
0.3786000E+01 -3.30652e-08
0.3788000E+01 -3.92394e-08
0.3790000E+01 -4.22657e-08
0.3792000E+01 -4.08117e-08
0.3794000E+01 -4.12954e-08
0.3796000E+01 -3.95546e-08
0.3798000E+01 -4.11382e-08
0.3800000E+01 -4.04267e-08
0.3802000E+01 -5.28039e-08
0.3804000E+01 -2.6199e-08
0.3806000E+01 -2.29809e-08
0.3808000E+01 -1.81123e-08
0.3810000E+01 -3.32288e-08
0.3812000E+01 -3.29073e-08
0.3814000E+01 -2.12331e-08
0.3816000E+01 -3.53745e-08
0.3818000E+01 -3.06358e-08
0.3820000E+01 -1.92428e-08
0.3822000E+01 -2.92529e-08
0.3824000E+01 -2.73093e-08
0.3826000E+01 -1.58411e-08
0.3828000E+01 -4.62411e-08
0.3830000E+01 -4.21725e-08
0.3832000E+01 2.21653e-09
0.3834000E+01 -2.83625e-08
0.3836000E+01 -4.77357e-09
0.3838000E+01 -4.16765e-08
0.3840000E+01 -2.78319e-08
0.3842000E+01 -7.4299e-08
0.3844000E+01 5.47649e-08
0.3846000E+01 -5.66392e-08
0.3848000E+01 -2.83908e-07
0.3850000E+01 1.8773e-08
0.3852000E+01 -1.78719e-08
0.3854000E+01 -1.2172e-08
0.3856000E+01 -1.33508e-08
0.3858000E+01 -1.31075e-08
0.3860000E+01 -2.01558e-08
0.3862000E+01 -2.30326e-08
0.3864000E+01 -1.94285e-08
0.3866000E+01 -4.56479e-08
0.3868000E+01 -3.51323e-09
0.3870000E+01 6.69888e-09
0.3872000E+01 -3.07929e-09
0.3874000E+01 -5.92453e-09
0.3876000E+01 -6.56355e-09
0.3878000E+01 -4.17167e-09
0.3880000E+01 -1.16552e-08
0.3882000E+01 -1.74359e-08
0.3884000E+01 -4.49888e-08
0.3886000E+01 -2.66653e-08
0.3888000E+01 8.19935e-09
0.3890000E+01 7.75045e-09
0.3892000E+01 7.78918e-09
0.3894000E+01 4.92746e-09
0.3896000E+01 1.94846e-09
0.3898000E+01 -1.90264e-08
0.3900000E+01 -2.80876e-08
0.3902000E+01 4.15679e-08
0.3904000E+01 3.97705e-08
0.3906000E+01 3.78181e-08
0.3908000E+01 3.19933e-08
0.3910000E+01 2.30159e-08
0.3912000E+01 -2.93924e-08
0.3914000E+01 3.11783e-08
0.3916000E+01 7.20668e-08
0.3918000E+01 6.57296e-08
0.3920000E+01 4.19844e-08
0.3922000E+01 3.88591e-08
0.3924000E+01 4.20168e-08
0.3926000E+01 1.24323e-08
0.3928000E+01 2.29566e-08
0.3930000E+01 5.36562e-08
0.3932000E+01 5.08054e-08
0.3934000E+01 4.96584e-08
0.3936000E+01 2.83475e-08
0.3938000E+01 2.70473e-08
0.3940000E+01 3.63346e-08
0.3942000E+01 3.60511e-08
0.3944000E+01 2.54526e-08
0.3946000E+01 1.56356e-08
0.3948000E+01 1.90411e-08
0.3950000E+01 2.71337e-08
0.3952000E+01 2.86222e-08
0.3954000E+01 9.17316e-09
0.3956000E+01 2.26552e-09
0.3958000E+01 3.60966e-09
0.3960000E+01 1.23347e-08
0.3962000E+01 1.33519e-08
0.3964000E+01 1.42837e-08
0.3966000E+01 1.70038e-08
0.3968000E+01 1.4952e-08
0.3970000E+01 1.83643e-08
0.3972000E+01 2.255e-08
0.3974000E+01 2.13959e-08
0.3976000E+01 2.51251e-08
0.3978000E+01 -8.37792e-08
0.3980000E+01 -3.83026e-08
0.3982000E+01 -2.14736e-08
0.3984000E+01 1.53948e-08
0.3986000E+01 1.55805e-08
0.3988000E+01 2.76529e-08
0.3990000E+01 3.44156e-08
0.3992000E+01 -5.95449e-08
0.3994000E+01 -3.71525e-09
0.3996000E+01 3.40647e-09
0.3998000E+01 1.0927e-08
0.4000000E+01 2.74919e-08
