0.0000000E+00 0
0.2000000E-02 0
0.4000000E-02 0
0.6000000E-02 0
0.8000000E-02 0
0.1000000E-01 0
0.1200000E-01 0
0.1400000E-01 0
0.1600000E-01 0
0.1800000E-01 0
0.2000000E-01 0
0.2200000E-01 0
0.2400000E-01 0
0.2600000E-01 0
0.2800000E-01 0
0.3000000E-01 0
0.3200000E-01 0
0.3400000E-01 0
0.3600000E-01 0
0.3800000E-01 0
0.4000000E-01 0
0.4200000E-01 0
0.4400000E-01 0
0.4600000E-01 0
0.4800000E-01 0
0.5000000E-01 0
0.5200000E-01 0
0.5400000E-01 0
0.5600000E-01 0
0.5800000E-01 0
0.6000000E-01 0
0.6200000E-01 0
0.6400000E-01 0
0.6600000E-01 0
0.6800000E-01 0
0.7000000E-01 0
0.7200000E-01 0
0.7400000E-01 0
0.7600000E-01 0
0.7800000E-01 0
0.8000000E-01 0
0.8200000E-01 0
0.8400000E-01 0
0.8600000E-01 3.38933e-05
0.8800000E-01 3.05145e-05
0.9000000E-01 1.18421e-05
0.9200000E-01 2.78105e-06
0.9400000E-01 1.29814e-06
0.9600000E-01 2.48112e-07
0.9800000E-01 -7.28953e-07
0.1000000E+00 -1.24088e-06
0.1020000E+00 -1.08408e-06
0.1040000E+00 -5.14931e-07
0.1060000E+00 6.99291e-08
0.1080000E+00 3.13293e-07
0.1100000E+00 -5.94599e-07
0.1120000E+00 -2.36773e-07
0.1140000E+00 1.05015e-07
0.1160000E+00 4.60553e-07
0.1180000E+00 1.35247e-06
0.1200000E+00 4.80969e-06
0.1220000E+00 1.10066e-06
0.1240000E+00 -2.76051e-06
0.1260000E+00 -2.64523e-06
0.1280000E+00 -1.78575e-06
0.1300000E+00 -1.69365e-06
0.1320000E+00 -1.72862e-06
0.1340000E+00 -1.20696e-06
0.1360000E+00 6.81599e-08
0.1380000E+00 2.73135e-07
0.1400000E+00 2.81689e-07
0.1420000E+00 2.79708e-07
0.1440000E+00 1.89355e-07
0.1460000E+00 1.26875e-07
0.1480000E+00 1.29086e-07
0.1500000E+00 1.26435e-07
0.1520000E+00 7.18504e-08
0.1540000E+00 1.88387e-09
0.1560000E+00 -8.20065e-08
0.1580000E+00 -1.72267e-07
0.1600000E+00 -2.6214e-07
0.1620000E+00 -3.61196e-07
0.1640000E+00 -5.84783e-07
0.1660000E+00 -4.59274e-07
0.1680000E+00 6.87388e-07
0.1700000E+00 9.05252e-07
0.1720000E+00 1.10734e-06
0.1740000E+00 1.29399e-06
0.1760000E+00 -1.19703e-06
0.1780000E+00 -7.10521e-07
0.1800000E+00 -6.32016e-07
0.1820000E+00 -6.20248e-07
0.1840000E+00 -6.06317e-07
0.1860000E+00 -5.92507e-07
0.1880000E+00 -5.52547e-07
0.1900000E+00 -5.2798e-07
0.1920000E+00 -3.56506e-07
0.1940000E+00 5.0876e-07
0.1960000E+00 4.35607e-07
0.1980000E+00 3.57914e-07
0.2000000E+00 2.75643e-07
0.2020000E+00 1.88594e-07
0.2040000E+00 9.65409e-08
0.2060000E+00 -7.64737e-10
0.2080000E+00 -1.02958e-07
0.2100000E+00 -2.61091e-07
0.2120000E+00 -3.26985e-07
0.2140000E+00 -2.57529e-07
0.2160000E+00 -1.90953e-07
0.2180000E+00 -1.59165e-07
0.2200000E+00 -1.42925e-07
0.2220000E+00 -2.30876e-08
0.2240000E+00 5.78642e-07
0.2260000E+00 6.82272e-07
0.2280000E+00 7.80583e-07
0.2300000E+00 4.27292e-07
0.2320000E+00 -6.20902e-07
0.2340000E+00 -5.11235e-07
0.2360000E+00 -4.70148e-07
0.2380000E+00 -4.01052e-07
0.2400000E+00 -3.28438e-07
0.2420000E+00 -3.35465e-07
0.2440000E+00 -3.43005e-07
0.2460000E+00 -3.53853e-07
0.2480000E+00 -3.66751e-07
0.2500000E+00 -1.31769e-07
0.2520000E+00 4.18735e-07
0.2540000E+00 3.47302e-07
0.2560000E+00 2.66172e-07
0.2580000E+00 1.74188e-07
0.2600000E+00 7.84734e-08
0.2620000E+00 -4.41592e-08
0.2640000E+00 -1.21227e-07
0.2660000E+00 -7.61251e-08
0.2680000E+00 -5.93493e-08
0.2700000E+00 -3.26664e-08
0.2720000E+00 -1.31368e-08
0.2740000E+00 2.91144e-09
0.2760000E+00 1.59943e-08
0.2780000E+00 2.87211e-08
0.2800000E+00 5.77388e-07
0.2820000E+00 3.52711e-07
0.2840000E+00 -2.97365e-07
0.2860000E+00 -1.52661e-07
0.2880000E+00 -1.76612e-07
0.2900000E+00 -2.33404e-07
0.2920000E+00 -2.37597e-07
0.2940000E+00 -2.41547e-07
0.2960000E+00 -2.45651e-07
0.2980000E+00 -2.50355e-07
0.3000000E+00 -2.56053e-07
0.3020000E+00 -2.46377e-07
0.3040000E+00 -2.49459e-07
0.3060000E+00 3.42479e-07
0.3080000E+00 2.87374e-07
0.3100000E+00 2.30658e-07
0.3120000E+00 1.7225e-07
0.3140000E+00 1.12987e-07
0.3160000E+00 1.06943e-07
0.3180000E+00 8.59593e-08
0.3200000E+00 6.64799e-08
0.3220000E+00 7.68595e-08
0.3240000E+00 8.97535e-08
0.3260000E+00 1.03056e-07
0.3280000E+00 1.16758e-07
0.3300000E+00 -6.9819e-08
0.3320000E+00 -1.11641e-06
0.3340000E+00 -1.04901e-07
0.3360000E+00 6.32697e-07
0.3380000E+00 4.50737e-08
0.3400000E+00 -1.65746e-07
0.3420000E+00 -1.63882e-07
0.3440000E+00 -1.62691e-07
0.3460000E+00 -1.48748e-07
0.3480000E+00 -1.30639e-07
0.3500000E+00 -1.36462e-07
0.3520000E+00 -1.41578e-07
0.3540000E+00 -1.46923e-07
0.3560000E+00 1.81951e-07
0.3580000E+00 2.7355e-07
0.3600000E+00 2.68605e-07
0.3620000E+00 2.36863e-07
0.3640000E+00 2.11325e-07
0.3660000E+00 1.78988e-07
0.3680000E+00 2.03129e-07
0.3700000E+00 2.00353e-07
0.3720000E+00 1.91327e-07
0.3740000E+00 3.40589e-08
0.3760000E+00 -1.17762e-06
0.3780000E+00 -4.62626e-07
0.3800000E+00 -4.50827e-07
0.3820000E+00 -4.37528e-07
0.3840000E+00 1.9426e-06
0.3860000E+00 -1.1263e-07
0.3880000E+00 -6.22658e-08
0.3900000E+00 -6.00998e-08
0.3920000E+00 -5.77304e-08
0.3940000E+00 -5.54204e-08
0.3960000E+00 -5.33826e-08
0.3980000E+00 -5.11682e-08
0.4000000E+00 -4.86543e-08
0.4020000E+00 -4.02005e-08
0.4040000E+00 3.41829e-07
0.4060000E+00 3.55686e-07
0.4080000E+00 3.63092e-07
0.4100000E+00 3.70402e-07
0.4120000E+00 3.75615e-07
0.4140000E+00 -3.73985e-07
0.4160000E+00 -3.66199e-07
0.4180000E+00 -3.82823e-07
0.4200000E+00 -3.57101e-07
0.4220000E+00 -3.65156e-07
0.4240000E+00 -2.79419e-07
0.4260000E+00 2.16954e-07
0.4280000E+00 3.51948e-07
0.4300000E+00 2.49646e-07
0.4320000E+00 1.33429e-07
0.4340000E+00 5.42469e-09
0.4360000E+00 1.51143e-08
0.4380000E+00 2.50393e-08
0.4400000E+00 4.74204e-08
0.4420000E+00 5.83936e-08
0.4440000E+00 6.67412e-08
0.4460000E+00 8.01374e-08
0.4480000E+00 6.10892e-07
0.4500000E+00 -3.0312e-07
0.4520000E+00 -2.2619e-07
0.4540000E+00 -2.95925e-07
0.4560000E+00 -2.12446e-07
0.4580000E+00 -1.69756e-07
0.4600000E+00 -1.69111e-07
0.4620000E+00 -1.65855e-07
0.4640000E+00 -1.34627e-07
0.4660000E+00 2.01844e-07
0.4680000E+00 1.74854e-07
0.4700000E+00 1.94236e-07
0.4720000E+00 1.99929e-07
0.4740000E+00 1.91018e-07
0.4760000E+00 1.83433e-07
0.4780000E+00 1.66142e-07
0.4800000E+00 -9.89185e-08
0.4820000E+00 -7.36448e-07
0.4840000E+00 -6.65654e-07
0.4860000E+00 1.20741e-06
0.4880000E+00 -1.05911e-07
0.4900000E+00 -9.46677e-08
0.4920000E+00 -8.19888e-08
0.4940000E+00 -7.46639e-08
0.4960000E+00 -6.82238e-08
0.4980000E+00 -2.95943e-08
0.5000000E+00 1.63687e-07
0.5020000E+00 3.27573e-07
0.5040000E+00 3.54152e-07
0.5060000E+00 3.79096e-07
0.5080000E+00 9.33464e-09
0.5100000E+00 -7.34213e-07
0.5120000E+00 -3.30547e-07
0.5140000E+00 -3.20329e-07
0.5160000E+00 1.24155e-07
0.5180000E+00 1.53967e-07
0.5200000E+00 1.19508e-07
0.5220000E+00 1.15717e-07
0.5240000E+00 5.9325e-08
0.5260000E+00 5.37565e-08
0.5280000E+00 7.38544e-08
0.5300000E+00 9.17504e-08
0.5320000E+00 4.30528e-07
0.5340000E+00 -2.70719e-07
0.5360000E+00 -2.3877e-07
0.5380000E+00 -2.26563e-07
0.5400000E+00 -2.08067e-07
0.5420000E+00 -1.09647e-07
0.5440000E+00 2.14969e-07
0.5460000E+00 2.17124e-07
0.5480000E+00 2.18505e-07
0.5500000E+00 2.20037e-07
0.5520000E+00 2.20825e-07
0.5540000E+00 -7.97492e-07
0.5560000E+00 -1.97729e-07
0.5580000E+00 4.10927e-08
0.5600000E+00 6.38626e-08
0.5620000E+00 -5.74621e-08
0.5640000E+00 -3.07443e-08
0.5660000E+00 -1.74506e-09
0.5680000E+00 4.53725e-07
0.5700000E+00 7.99687e-07
0.5720000E+00 -6.11836e-07
0.5740000E+00 -4.66851e-07
0.5760000E+00 6.21842e-08
0.5780000E+00 1.17812e-07
0.5800000E+00 1.00312e-07
0.5820000E+00 8.26465e-08
0.5840000E+00 6.55113e-08
0.5860000E+00 -3.0966e-07
0.5880000E+00 5.65645e-08
0.5900000E+00 -1.69206e-07
0.5920000E+00 -1.09453e-07
0.5940000E+00 2.30957e-07
0.5960000E+00 4.06426e-07
0.5980000E+00 -1.29978e-06
0.6000000E+00 2.67421e-09
0.6020000E+00 -7.36783e-08
0.6040000E+00 -1.38661e-07
0.6060000E+00 -1.00774e-07
0.6080000E+00 -4.33035e-07
0.6100000E+00 -1.26329e-07
0.6120000E+00 7.68497e-08
0.6140000E+00 5.01722e-08
0.6160000E+00 -5.75494e-07
0.6180000E+00 -5.75582e-07
0.6200000E+00 5.06989e-07
0.6220000E+00 -2.30499e-07
0.6240000E+00 -1.1568e-06
0.6260000E+00 -3.84892e-07
0.6280000E+00 -1.58689e-06
0.6300000E+00 2.23346e-07
0.6320000E+00 2.73479e-06
0.6340000E+00 -9.44097e-07
0.6360000E+00 1.0064e-06
0.6380000E+00 -2.4195e-07
0.6400000E+00 -1.54498e-09
0.6420000E+00 -4.51563e-07
0.6440000E+00 1.85292e-07
0.6460000E+00 -1.51637e-07
0.6480000E+00 -4.4723e-08
0.6500000E+00 -1.45187e-07
0.6520000E+00 -1.75115e-07
0.6540000E+00 3.88882e-07
0.6560000E+00 -8.07232e-08
0.6580000E+00 2.89503e-07
0.6600000E+00 1.03069e-07
0.6620000E+00 -5.34302e-08
0.6640000E+00 -6.62471e-08
0.6660000E+00 6.47028e-08
0.6680000E+00 3.01943e-07
0.6700000E+00 -7.01276e-08
0.6720000E+00 2.11277e-07
0.6740000E+00 9.84257e-08
0.6760000E+00 9.73609e-08
0.6780000E+00 4.3413e-08
0.6800000E+00 -5.9381e-09
0.6820000E+00 -1.42429e-08
0.6840000E+00 1.58639e-07
0.6860000E+00 1.1246e-07
0.6880000E+00 1.10648e-07
0.6900000E+00 6.67907e-08
0.6920000E+00 3.61407e-08
0.6940000E+00 5.38475e-08
0.6960000E+00 5.77319e-08
0.6980000E+00 6.12589e-08
0.7000000E+00 6.40978e-08
0.7020000E+00 4.53081e-08
0.7040000E+00 4.97025e-08
0.7060000E+00 1.40084e-07
0.7080000E+00 1.04748e-07
0.7100000E+00 8.44907e-08
0.7120000E+00 5.15163e-08
0.7140000E+00 6.07047e-08
0.7160000E+00 6.68464e-08
0.7180000E+00 3.253e-08
0.7200000E+00 4.20949e-08
0.7220000E+00 4.1335e-08
0.7240000E+00 4.2042e-08
0.7260000E+00 4.65556e-08
0.7280000E+00 4.74626e-08
0.7300000E+00 1.12704e-07
0.7320000E+00 9.0306e-08
0.7340000E+00 8.58345e-08
0.7360000E+00 7.90446e-08
0.7380000E+00 -3.13246e-08
0.7400000E+00 4.40854e-08
0.7420000E+00 4.50163e-08
0.7440000E+00 4.99878e-08
0.7460000E+00 5.27853e-08
0.7480000E+00 5.19238e-08
0.7500000E+00 4.8424e-08
0.7520000E+00 5.05012e-08
0.7540000E+00 4.78048e-08
0.7560000E+00 5.06864e-08
0.7580000E+00 7.86503e-08
0.7600000E+00 8.84858e-08
0.7620000E+00 7.60737e-08
0.7640000E+00 7.24361e-08
0.7660000E+00 7.42381e-08
0.7680000E+00 -3.75343e-09
0.7700000E+00 3.35498e-08
0.7720000E+00 3.82003e-08
0.7740000E+00 3.77601e-08
0.7760000E+00 3.88954e-08
0.7780000E+00 4.47384e-08
0.7800000E+00 4.49865e-08
0.7820000E+00 4.43517e-08
0.7840000E+00 4.4282e-08
0.7860000E+00 4.53603e-08
0.7880000E+00 4.6545e-08
0.7900000E+00 7.02051e-08
0.7920000E+00 8.04163e-08
0.7940000E+00 6.93481e-08
0.7960000E+00 6.37461e-08
0.7980000E+00 6.29031e-08
0.8000000E+00 6.17712e-08
0.8020000E+00 -7.49253e-10
0.8040000E+00 1.69679e-09
0.8060000E+00 3.06541e-08
0.8080000E+00 3.10691e-08
0.8100000E+00 3.02964e-08
0.8120000E+00 3.30815e-08
0.8140000E+00 4.94495e-08
0.8160000E+00 4.32361e-08
0.8180000E+00 4.29752e-08
0.8200000E+00 4.32462e-08
0.8220000E+00 4.36023e-08
0.8240000E+00 4.32183e-08
0.8260000E+00 7.13347e-08
0.8280000E+00 5.27079e-08
0.8300000E+00 5.22777e-08
0.8320000E+00 5.00953e-08
0.8340000E+00 4.96606e-08
0.8360000E+00 5.45341e-08
0.8380000E+00 6.26117e-08
0.8400000E+00 -2.13044e-08
0.8420000E+00 1.37207e-08
0.8440000E+00 2.53243e-08
0.8460000E+00 2.41046e-08
0.8480000E+00 2.94999e-08
0.8500000E+00 2.94457e-08
0.8520000E+00 3.11779e-08
0.8540000E+00 3.29222e-08
0.8560000E+00 3.31039e-08
0.8580000E+00 3.32589e-08
0.8600000E+00 3.31883e-08
0.8620000E+00 4.31916e-08
0.8640000E+00 6.01248e-08
0.8660000E+00 4.71335e-08
0.8680000E+00 4.5702e-08
0.8700000E+00 4.52749e-08
0.8720000E+00 4.50116e-08
0.8740000E+00 4.34644e-08
0.8760000E+00 4.22709e-08
0.8780000E+00 4.2249e-08
0.8800000E+00 4.24439e-08
0.8820000E+00 2.24761e-09
0.8840000E+00 6.91625e-09
0.8860000E+00 1.54821e-08
0.8880000E+00 2.04186e-08
0.8900000E+00 3.58968e-08
0.8920000E+00 3.77323e-08
0.8940000E+00 3.53964e-08
0.8960000E+00 2.90032e-08
0.8980000E+00 2.95994e-08
0.9000000E+00 2.92604e-08
0.9020000E+00 3.18712e-08
0.9040000E+00 3.60365e-08
0.9060000E+00 3.24878e-08
0.9080000E+00 3.15785e-08
0.9100000E+00 3.12117e-08
0.9120000E+00 3.0659e-08
0.9140000E+00 3.02905e-08
0.9160000E+00 3.0074e-08
0.9180000E+00 7.05335e-08
0.9200000E+00 3.92773e-08
0.9220000E+00 3.95513e-08
0.9240000E+00 3.9365e-08
0.9260000E+00 9.2925e-09
0.9280000E+00 9.30706e-09
0.9300000E+00 1.96445e-08
0.9320000E+00 1.94578e-08
0.9340000E+00 1.86186e-08
0.9360000E+00 1.77744e-08
0.9380000E+00 1.75902e-08
0.9400000E+00 1.96393e-08
0.9420000E+00 1.92689e-08
0.9440000E+00 1.88372e-08
0.9460000E+00 2.33248e-08
0.9480000E+00 3.85852e-08
0.9500000E+00 3.729e-08
0.9520000E+00 3.58587e-08
0.9540000E+00 2.70262e-08
0.9560000E+00 2.66641e-08
0.9580000E+00 2.64203e-08
0.9600000E+00 2.60629e-08
0.9620000E+00 2.53755e-08
0.9640000E+00 2.47615e-08
0.9660000E+00 2.68913e-08
0.9680000E+00 2.76458e-08
0.9700000E+00 2.63375e-08
0.9720000E+00 -2.60668e-08
0.9740000E+00 -5.30618e-10
0.9760000E+00 7.20029e-09
0.9780000E+00 1.13524e-08
0.9800000E+00 4.09085e-08
0.9820000E+00 1.93957e-08
0.9840000E+00 1.97338e-08
0.9860000E+00 2.08433e-08
0.9880000E+00 2.00852e-08
0.9900000E+00 2.18183e-08
0.9920000E+00 1.84956e-08
0.9940000E+00 1.70498e-08
0.9960000E+00 1.67051e-08
0.9980000E+00 1.69641e-08
0.1000000E+01 1.65258e-08
0.1002000E+01 1.8253e-08
0.1004000E+01 1.95548e-08
0.1006000E+01 1.8003e-08
0.1008000E+01 1.73145e-08
0.1010000E+01 2.62534e-08
0.1012000E+01 3.94481e-08
0.1014000E+01 3.19733e-08
0.1016000E+01 2.95036e-08
0.1018000E+01 2.33337e-08
0.1020000E+01 -1.19555e-08
0.1022000E+01 2.17228e-09
0.1024000E+01 7.19891e-09
0.1026000E+01 1.08353e-08
0.1028000E+01 7.84111e-09
0.1030000E+01 6.46201e-09
0.1032000E+01 8.305e-09
0.1034000E+01 8.76776e-09
0.1036000E+01 9.53019e-09
0.1038000E+01 1.18068e-08
0.1040000E+01 1.25617e-08
0.1042000E+01 1.14695e-08
0.1044000E+01 2.66939e-08
0.1046000E+01 3.25144e-08
0.1048000E+01 2.13602e-08
0.1050000E+01 2.04784e-08
0.1052000E+01 1.82787e-08
0.1054000E+01 1.72342e-08
0.1056000E+01 1.7107e-08
0.1058000E+01 1.58987e-08
0.1060000E+01 1.3714e-08
0.1062000E+01 1.31174e-08
0.1064000E+01 1.25945e-08
0.1066000E+01 1.21007e-08
0.1068000E+01 1.15753e-08
0.1070000E+01 -1.00076e-08
0.1072000E+01 -1.8223e-09
0.1074000E+01 4.95553e-09
0.1076000E+01 9.18164e-09
0.1078000E+01 1.89136e-08
0.1080000E+01 3.05785e-08
0.1082000E+01 1.80216e-08
0.1084000E+01 1.94123e-08
0.1086000E+01 1.63632e-08
0.1088000E+01 1.26986e-08
0.1090000E+01 8.58126e-09
0.1092000E+01 4.36963e-09
0.1094000E+01 7.58013e-09
0.1096000E+01 7.78663e-09
0.1098000E+01 7.41412e-09
0.1100000E+01 7.26108e-09
0.1102000E+01 7.15994e-09
0.1104000E+01 5.86111e-09
0.1106000E+01 6.68091e-09
0.1108000E+01 8.93523e-09
0.1110000E+01 1.02869e-08
0.1112000E+01 9.27704e-09
0.1114000E+01 2.83774e-08
0.1116000E+01 3.08083e-08
0.1118000E+01 1.83021e-08
0.1120000E+01 1.4429e-08
0.1122000E+01 3.53524e-10
0.1124000E+01 4.62238e-09
0.1126000E+01 7.44189e-09
0.1128000E+01 8.46898e-09
0.1130000E+01 5.92185e-09
0.1132000E+01 5.06334e-09
0.1134000E+01 5.78847e-09
0.1136000E+01 5.05829e-09
0.1138000E+01 4.5351e-09
0.1140000E+01 4.00998e-09
0.1142000E+01 1.10528e-08
0.1144000E+01 1.31792e-08
0.1146000E+01 8.49581e-09
0.1148000E+01 5.52512e-09
0.1150000E+01 2.30197e-08
0.1152000E+01 1.16229e-08
0.1154000E+01 1.29018e-08
0.1156000E+01 1.21698e-08
0.1158000E+01 1.14028e-08
0.1160000E+01 7.53782e-09
0.1162000E+01 6.59578e-09
0.1164000E+01 6.23617e-09
0.1166000E+01 5.73126e-09
0.1168000E+01 5.33957e-09
0.1170000E+01 4.85807e-09
0.1172000E+01 4.31523e-09
0.1174000E+01 2.27684e-09
0.1176000E+01 5.671e-09
0.1178000E+01 8.80396e-09
0.1180000E+01 8.21616e-09
0.1182000E+01 5.2242e-09
0.1184000E+01 3.67553e-09
0.1186000E+01 6.39128e-09
0.1188000E+01 2.74826e-08
0.1190000E+01 2.68527e-08
0.1192000E+01 1.2747e-08
0.1194000E+01 1.09732e-08
0.1196000E+01 1.05103e-08
0.1198000E+01 9.95984e-09
0.1200000E+01 8.56734e-09
0.1202000E+01 7.64323e-09
0.1204000E+01 -8.70757e-09
0.1206000E+01 -7.0529e-09
0.1208000E+01 4.11509e-09
0.1210000E+01 1.07464e-08
0.1212000E+01 4.47293e-09
0.1214000E+01 4.06528e-09
0.1216000E+01 3.82543e-09
0.1218000E+01 3.76323e-09
0.1220000E+01 3.29976e-09
0.1222000E+01 1.94553e-09
0.1224000E+01 2.11745e-10
0.1226000E+01 2.64242e-08
0.1228000E+01 8.8648e-09
0.1230000E+01 8.53327e-09
0.1232000E+01 8.49146e-09
0.1234000E+01 7.69332e-09
0.1236000E+01 5.40978e-09
0.1238000E+01 5.82735e-09
0.1240000E+01 1.15815e-08
0.1242000E+01 1.79735e-08
0.1244000E+01 1.59825e-08
0.1246000E+01 1.2013e-08
0.1248000E+01 9.247e-09
0.1250000E+01 8.43378e-09
0.1252000E+01 7.18309e-09
0.1254000E+01 -1.02114e-08
0.1256000E+01 -2.29185e-08
0.1258000E+01 -1.1382e-08
0.1260000E+01 -6.43417e-09
0.1262000E+01 -5.76445e-09
0.1264000E+01 8.40752e-09
0.1266000E+01 1.30171e-08
0.1268000E+01 7.62928e-09
0.1270000E+01 3.74939e-09
0.1272000E+01 1.88014e-08
0.1274000E+01 2.30297e-08
0.1276000E+01 1.15147e-08
0.1278000E+01 1.06487e-08
0.1280000E+01 1.06029e-08
0.1282000E+01 9.54814e-09
0.1284000E+01 8.24646e-09
0.1286000E+01 5.28959e-09
0.1288000E+01 4.84134e-09
0.1290000E+01 4.90191e-09
0.1292000E+01 4.29886e-09
0.1294000E+01 3.82011e-09
0.1296000E+01 3.13222e-09
0.1298000E+01 2.87824e-09
0.1300000E+01 -2.1292e-08
0.1302000E+01 -3.02828e-08
0.1304000E+01 1.77528e-08
0.1306000E+01 2.36929e-08
0.1308000E+01 1.29209e-08
0.1310000E+01 2.93379e-09
0.1312000E+01 2.92004e-09
0.1314000E+01 3.48171e-09
0.1316000E+01 2.64811e-09
0.1318000E+01 2.29836e-09
0.1320000E+01 1.85134e-09
0.1322000E+01 3.41394e-10
0.1324000E+01 -1.00186e-09
0.1326000E+01 -1.95259e-09
0.1328000E+01 -2.30239e-09
0.1330000E+01 -2.55913e-09
0.1332000E+01 3.95391e-09
0.1334000E+01 1.31136e-08
0.1336000E+01 2.15968e-08
0.1338000E+01 1.1123e-08
0.1340000E+01 1.08442e-08
0.1342000E+01 -3.2978e-08
0.1344000E+01 -1.19494e-08
0.1346000E+01 -9.01679e-09
0.1348000E+01 -4.4535e-09
0.1350000E+01 -3.87032e-09
0.1352000E+01 -6.75572e-09
0.1354000E+01 -6.1653e-09
0.1356000E+01 -6.22917e-09
0.1358000E+01 -4.76307e-09
0.1360000E+01 -4.71932e-09
0.1362000E+01 6.19127e-09
0.1364000E+01 2.29816e-08
0.1366000E+01 2.45817e-08
0.1368000E+01 1.3221e-08
0.1370000E+01 9.47045e-09
0.1372000E+01 8.08582e-09
0.1374000E+01 7.78699e-09
0.1376000E+01 6.68567e-09
0.1378000E+01 -2.23953e-08
0.1380000E+01 -6.84601e-08
0.1382000E+01 -3.91215e-08
0.1384000E+01 -2.17796e-08
0.1386000E+01 -1.18605e-08
0.1388000E+01 -1.67483e-08
0.1390000E+01 -1.29038e-08
0.1392000E+01 6.68321e-09
0.1394000E+01 2.27193e-08
0.1396000E+01 1.22241e-08
0.1398000E+01 6.10667e-09
0.1400000E+01 3.49669e-09
0.1402000E+01 1.99547e-09
0.1404000E+01 1.25156e-09
0.1406000E+01 -7.14684e-10
0.1408000E+01 -1.37549e-09
0.1410000E+01 -3.77558e-10
0.1412000E+01 -6.59654e-08
0.1414000E+01 -8.41386e-08
0.1416000E+01 -4.35363e-08
0.1418000E+01 -4.45945e-08
0.1420000E+01 -9.56903e-09
0.1422000E+01 8.9565e-09
0.1424000E+01 -3.06138e-09
0.1426000E+01 1.35389e-08
0.1428000E+01 2.14534e-09
0.1430000E+01 -7.8368e-10
0.1432000E+01 -7.79241e-09
0.1434000E+01 -1.27567e-08
0.1436000E+01 -1.04288e-08
0.1438000E+01 -1.04e-08
0.1440000E+01 -2.2194e-08
0.1442000E+01 -1.10586e-07
0.1444000E+01 -8.41037e-08
0.1446000E+01 -5.26449e-08
0.1448000E+01 -2.7199e-08
0.1450000E+01 2.31291e-09
0.1452000E+01 -4.52227e-09
0.1454000E+01 -1.71931e-08
0.1456000E+01 -2.00722e-08
0.1458000E+01 -1.96139e-08
0.1460000E+01 -1.57139e-08
0.1462000E+01 -1.16382e-08
0.1464000E+01 -1.09161e-08
0.1466000E+01 3.18058e-10
0.1468000E+01 -1.08593e-07
0.1470000E+01 -9.0276e-08
0.1472000E+01 -7.14367e-08
0.1474000E+01 -4.28672e-08
0.1476000E+01 -1.41923e-08
0.1478000E+01 -1.25353e-08
0.1480000E+01 -2.7246e-08
0.1482000E+01 -2.58197e-08
0.1484000E+01 -2.28483e-08
0.1486000E+01 -2.32758e-08
0.1488000E+01 -2.45734e-08
0.1490000E+01 -8.66421e-08
0.1492000E+01 -1.47557e-07
0.1494000E+01 -1.08472e-07
0.1496000E+01 -7.88693e-08
0.1498000E+01 -6.11836e-08
0.1500000E+01 -6.20209e-08
0.1502000E+01 -2.39674e-08
0.1504000E+01 4.47877e-09
0.1506000E+01 -8.0726e-09
0.1508000E+01 7.93435e-09
0.1510000E+01 -1.39935e-09
0.1512000E+01 -1.12181e-07
0.1514000E+01 -1.53744e-07
0.1516000E+01 -7.70056e-08
0.1518000E+01 -6.23369e-08
0.1520000E+01 -6.1014e-08
0.1522000E+01 -6.15869e-08
0.1524000E+01 -5.14912e-08
0.1526000E+01 -4.68124e-08
0.1528000E+01 -1.56953e-08
0.1530000E+01 -4.90593e-09
0.1532000E+01 -1.29487e-07
0.1534000E+01 -1.11369e-07
0.1536000E+01 -7.2472e-08
0.1538000E+01 -6.62733e-08
0.1540000E+01 -4.95039e-08
0.1542000E+01 -3.80148e-08
0.1544000E+01 -3.56882e-08
0.1546000E+01 -3.50594e-08
0.1548000E+01 -2.18943e-08
0.1550000E+01 -1.34231e-07
0.1552000E+01 -9.48675e-08
0.1554000E+01 -3.95354e-08
0.1556000E+01 -3.47282e-09
0.1558000E+01 -2.11998e-08
0.1560000E+01 -3.61988e-08
0.1562000E+01 -2.54406e-08
0.1564000E+01 -9.75061e-09
0.1566000E+01 -8.6022e-08
0.1568000E+01 -1.18206e-07
0.1570000E+01 -5.66024e-08
0.1572000E+01 -4.54555e-08
0.1574000E+01 -3.52667e-08
0.1576000E+01 -2.21355e-08
0.1578000E+01 1.53682e-08
0.1580000E+01 3.48684e-08
0.1582000E+01 -2.82521e-08
0.1584000E+01 -6.64666e-08
0.1586000E+01 -1.90036e-08
0.1588000E+01 7.77269e-09
0.1590000E+01 1.09936e-08
0.1592000E+01 9.85044e-09
0.1594000E+01 3.13984e-09
0.1596000E+01 -4.82524e-10
0.1598000E+01 -2.81014e-08
0.1600000E+01 -3.71672e-08
0.1602000E+01 1.63996e-08
0.1604000E+01 2.25937e-08
0.1606000E+01 1.00927e-08
0.1608000E+01 5.17098e-08
0.1610000E+01 5.96752e-08
0.1612000E+01 7.16278e-08
0.1614000E+01 3.76102e-08
0.1616000E+01 3.58974e-08
0.1618000E+01 5.01382e-08
0.1620000E+01 5.33562e-08
0.1622000E+01 5.99332e-08
0.1624000E+01 6.04005e-08
0.1626000E+01 -2.10859e-08
0.1628000E+01 1.13492e-07
0.1630000E+01 1.04502e-07
0.1632000E+01 8.00306e-08
0.1634000E+01 8.73898e-08
0.1636000E+01 9.24647e-08
0.1638000E+01 8.16414e-08
0.1640000E+01 8.35165e-08
0.1642000E+01 6.43732e-08
0.1644000E+01 5.9783e-08
0.1646000E+01 9.54562e-08
0.1648000E+01 9.01125e-08
0.1650000E+01 1.25399e-07
0.1652000E+01 1.5673e-07
0.1654000E+01 1.61749e-07
0.1656000E+01 1.43806e-07
0.1658000E+01 1.19095e-07
0.1660000E+01 1.19806e-07
0.1662000E+01 1.03954e-07
0.1664000E+01 9.72312e-08
0.1666000E+01 9.52521e-08
0.1668000E+01 1.28279e-07
0.1670000E+01 1.2756e-07
0.1672000E+01 1.46657e-07
0.1674000E+01 1.80754e-07
0.1676000E+01 1.82946e-07
0.1678000E+01 1.62144e-07
0.1680000E+01 1.85126e-07
0.1682000E+01 1.90295e-07
0.1684000E+01 1.72671e-07
0.1686000E+01 1.50493e-07
0.1688000E+01 1.44446e-07
0.1690000E+01 1.29583e-07
0.1692000E+01 1.11843e-07
0.1694000E+01 1.50653e-07
0.1696000E+01 1.99174e-07
0.1698000E+01 2.03536e-07
0.1700000E+01 1.83432e-07
0.1702000E+01 1.85063e-07
0.1704000E+01 1.88048e-07
0.1706000E+01 1.99752e-07
0.1708000E+01 1.97264e-07
0.1710000E+01 1.89713e-07
0.1712000E+01 1.7497e-07
0.1714000E+01 1.60928e-07
0.1716000E+01 1.79969e-07
0.1718000E+01 2.11491e-07
0.1720000E+01 2.02842e-07
0.1722000E+01 1.78323e-07
0.1724000E+01 1.80835e-07
0.1726000E+01 2.00827e-07
0.1728000E+01 1.91779e-07
0.1730000E+01 1.88999e-07
0.1732000E+01 1.98364e-07
0.1734000E+01 2.03891e-07
0.1736000E+01 1.82166e-07
0.1738000E+01 2.11485e-07
0.1740000E+01 2.27658e-07
0.1742000E+01 2.06814e-07
0.1744000E+01 2.10847e-07
0.1746000E+01 2.60837e-07
0.1748000E+01 2.09488e-07
0.1750000E+01 1.97977e-07
0.1752000E+01 1.94253e-07
0.1754000E+01 1.90735e-07
0.1756000E+01 1.88798e-07
0.1758000E+01 1.86121e-07
0.1760000E+01 2.3781e-07
0.1762000E+01 2.19143e-07
0.1764000E+01 2.15755e-07
0.1766000E+01 2.10598e-07
0.1768000E+01 2.06229e-07
0.1770000E+01 2.05433e-07
0.1772000E+01 2.15566e-07
0.1774000E+01 2.09773e-07
0.1776000E+01 2.01107e-07
0.1778000E+01 2.57749e-07
0.1780000E+01 3.01936e-07
0.1782000E+01 2.73838e-07
0.1784000E+01 2.60763e-07
0.1786000E+01 2.28342e-07
0.1788000E+01 2.22632e-07
0.1790000E+01 2.18771e-07
0.1792000E+01 2.13613e-07
0.1794000E+01 2.0742e-07
0.1796000E+01 1.959e-07
0.1798000E+01 2.61618e-07
0.1800000E+01 2.82158e-07
0.1802000E+01 2.56325e-07
0.1804000E+01 2.44003e-07
0.1806000E+01 2.3548e-07
0.1808000E+01 2.38564e-07
0.1810000E+01 2.42433e-07
0.1812000E+01 2.62255e-07
0.1814000E+01 2.48025e-07
0.1816000E+01 2.60955e-07
0.1818000E+01 2.92916e-07
0.1820000E+01 2.8444e-07
0.1822000E+01 2.72223e-07
0.1824000E+01 2.72054e-07
0.1826000E+01 2.79532e-07
0.1828000E+01 2.77957e-07
0.1830000E+01 2.60373e-07
0.1832000E+01 2.54304e-07
0.1834000E+01 2.62271e-07
0.1836000E+01 2.95335e-07
0.1838000E+01 3.01929e-07
0.1840000E+01 2.93222e-07
0.1842000E+01 2.93468e-07
0.1844000E+01 3.07623e-07
0.1846000E+01 3.1458e-07
0.1848000E+01 3.07542e-07
0.1850000E+01 3.03106e-07
0.1852000E+01 3.20147e-07
0.1854000E+01 3.48362e-07
0.1856000E+01 3.33303e-07
0.1858000E+01 3.20575e-07
0.1860000E+01 3.25866e-07
0.1862000E+01 3.49397e-07
0.1864000E+01 3.48401e-07
0.1866000E+01 3.39159e-07
0.1868000E+01 3.37954e-07
0.1870000E+01 3.85227e-07
0.1872000E+01 3.87958e-07
0.1874000E+01 3.70016e-07
0.1876000E+01 3.67007e-07
0.1878000E+01 3.97584e-07
0.1880000E+01 4.02614e-07
0.1882000E+01 3.99148e-07
0.1884000E+01 4.02671e-07
0.1886000E+01 4.25912e-07
0.1888000E+01 4.3236e-07
0.1890000E+01 4.23615e-07
0.1892000E+01 4.22215e-07
0.1894000E+01 4.81805e-07
0.1896000E+01 4.79765e-07
0.1898000E+01 4.62556e-07
0.1900000E+01 4.64942e-07
0.1902000E+01 4.83445e-07
0.1904000E+01 4.87711e-07
0.1906000E+01 4.9281e-07
0.1908000E+01 5.734e-07
0.1910000E+01 6.00649e-07
0.1912000E+01 5.49827e-07
0.1914000E+01 5.51557e-07
0.1916000E+01 5.30847e-07
0.1918000E+01 4.63397e-07
0.1920000E+01 5.37116e-07
0.1922000E+01 5.08275e-07
0.1924000E+01 6.1826e-08
0.1926000E+01 4.03259e-07
0.1928000E+01 1.55828e-06
0.1930000E+01 1.72785e-06
0.1932000E+01 1.32961e-06
0.1934000E+01 1.46948e-06
0.1936000E+01 7.96056e-07
0.1938000E+01 1.51913e-06
0.1940000E+01 1.01286e-06
0.1942000E+01 1.70206e-06
0.1944000E+01 2.27967e-06
0.1946000E+01 3.56308e-06
0.1948000E+01 2.21823e-06
0.1950000E+01 3.11883e-06
0.1952000E+01 2.86745e-06
0.1954000E+01 1.24691e-05
0.1956000E+01 -4.23771e-07
0.1958000E+01 -1.43111e-05
0.1960000E+01 -5.13769e-06
0.1962000E+01 -5.24826e-06
0.1964000E+01 -1.69085e-06
0.1966000E+01 -4.09067e-07
0.1968000E+01 -1.56848e-06
0.1970000E+01 -2.01845e-06
0.1972000E+01 -2.75447e-06
0.1974000E+01 -2.1482e-06
0.1976000E+01 -5.31421e-07
0.1978000E+01 -5.01486e-07
0.1980000E+01 -2.06969e-06
0.1982000E+01 -2.27324e-06
0.1984000E+01 -8.82951e-07
0.1986000E+01 -4.38956e-07
0.1988000E+01 -7.17474e-07
0.1990000E+01 -5.58313e-07
0.1992000E+01 -9.11692e-07
0.1994000E+01 -1.49283e-07
0.1996000E+01 -2.68956e-07
0.1998000E+01 8.13732e-08
0.2000000E+01 -2.19073e-07
0.2002000E+01 -2.33467e-07
0.2004000E+01 -2.50378e-07
0.2006000E+01 -2.69064e-07
0.2008000E+01 -2.90231e-07
0.2010000E+01 -3.29142e-07
0.2012000E+01 -3.76147e-07
0.2014000E+01 -4.73337e-07
0.2016000E+01 -7.00197e-07
0.2018000E+01 -4.12361e-07
0.2020000E+01 -1.4339e-07
0.2022000E+01 -1.51603e-07
0.2024000E+01 -1.58406e-07
0.2026000E+01 -1.49818e-07
0.2028000E+01 -1.61351e-07
0.2030000E+01 5.59289e-08
0.2032000E+01 5.97448e-07
0.2034000E+01 9.34097e-07
0.2036000E+01 2.48238e-07
0.2038000E+01 -6.60983e-07
0.2040000E+01 -7.26747e-07
0.2042000E+01 -6.89558e-07
0.2044000E+01 -3.74094e-07
0.2046000E+01 -2.68978e-07
0.2048000E+01 -4.62821e-08
0.2050000E+01 4.2811e-07
0.2052000E+01 1.92832e-07
0.2054000E+01 -6.99196e-07
0.2056000E+01 -7.16178e-07
0.2058000E+01 -1.6621e-07
0.2060000E+01 1.00519e-08
0.2062000E+01 -1.35666e-08
0.2064000E+01 -1.55203e-08
0.2066000E+01 -2.22377e-07
0.2068000E+01 -3.18904e-08
0.2070000E+01 -1.20267e-07
0.2072000E+01 -4.04884e-07
0.2074000E+01 -2.91796e-07
0.2076000E+01 -7.10123e-08
0.2078000E+01 8.71606e-09
0.2080000E+01 -2.55257e-08
0.2082000E+01 -7.16129e-08
0.2084000E+01 -3.74332e-07
0.2086000E+01 -3.35269e-07
0.2088000E+01 -2.64157e-07
0.2090000E+01 -2.79634e-07
0.2092000E+01 -1.124e-07
0.2094000E+01 2.1701e-07
0.2096000E+01 8.45102e-08
0.2098000E+01 -1.4515e-07
0.2100000E+01 -2.17255e-07
0.2102000E+01 -2.17364e-07
0.2104000E+01 -2.16057e-07
0.2106000E+01 -1.72454e-07
0.2108000E+01 -2.03415e-08
0.2110000E+01 3.42675e-08
0.2112000E+01 -7.86483e-10
0.2114000E+01 9.64208e-09
0.2116000E+01 -1.9088e-08
0.2118000E+01 -2.00377e-07
0.2120000E+01 -2.33728e-07
0.2122000E+01 -2.30609e-07
0.2124000E+01 -2.74726e-07
0.2126000E+01 -3.40452e-07
0.2128000E+01 -1.5892e-07
0.2130000E+01 6.38783e-08
0.2132000E+01 -2.95353e-08
0.2134000E+01 -1.77013e-07
0.2136000E+01 -1.64394e-07
0.2138000E+01 -1.61838e-07
0.2140000E+01 -1.77268e-07
0.2142000E+01 -1.71809e-07
0.2144000E+01 -7.33563e-08
0.2146000E+01 7.35233e-08
0.2148000E+01 3.06255e-08
0.2150000E+01 -7.02631e-09
0.2152000E+01 -9.45885e-08
0.2154000E+01 -1.58228e-07
0.2156000E+01 -2.11816e-07
0.2158000E+01 -2.88082e-07
0.2160000E+01 -1.78213e-07
0.2162000E+01 -5.22501e-08
0.2164000E+01 -7.19095e-08
0.2166000E+01 -7.8778e-08
0.2168000E+01 -7.23642e-08
0.2170000E+01 -1.06225e-07
0.2172000E+01 -1.68271e-07
0.2174000E+01 -2.14729e-07
0.2176000E+01 -2.27534e-07
0.2178000E+01 -2.45225e-07
0.2180000E+01 9.23471e-08
0.2182000E+01 2.07625e-08
0.2184000E+01 -1.27851e-07
0.2186000E+01 -1.46104e-07
0.2188000E+01 -1.43128e-07
0.2190000E+01 -1.44531e-07
0.2192000E+01 -9.60352e-08
0.2194000E+01 5.89144e-08
0.2196000E+01 9.30479e-08
0.2198000E+01 -6.41636e-08
0.2200000E+01 -1.36244e-07
0.2202000E+01 -2.0088e-07
0.2204000E+01 -2.01199e-07
0.2206000E+01 -1.77544e-07
0.2208000E+01 -4.65891e-08
0.2210000E+01 -1.3029e-08
0.2212000E+01 -3.61961e-08
0.2214000E+01 -1.34623e-08
0.2216000E+01 -8.39898e-08
0.2218000E+01 -1.67316e-07
0.2220000E+01 -1.85081e-07
0.2222000E+01 -1.98366e-09
0.2224000E+01 1.62706e-07
0.2226000E+01 -1.53436e-07
0.2228000E+01 -1.53164e-07
0.2230000E+01 -1.49099e-07
0.2232000E+01 -1.65748e-08
0.2234000E+01 1.72094e-07
0.2236000E+01 1.41814e-07
0.2238000E+01 2.43683e-08
0.2240000E+01 -1.97046e-07
0.2242000E+01 -1.06166e-07
0.2244000E+01 1.04533e-07
0.2246000E+01 1.06853e-10
0.2248000E+01 -7.53901e-08
0.2250000E+01 -7.90064e-08
0.2252000E+01 2.87892e-07
0.2254000E+01 -9.55337e-08
0.2256000E+01 4.58313e-07
0.2258000E+01 9.44567e-07
0.2260000E+01 4.15602e-08
0.2262000E+01 -8.5386e-07
0.2264000E+01 -6.13622e-07
0.2266000E+01 -5.46294e-07
0.2268000E+01 -4.53884e-07
0.2270000E+01 -4.07969e-07
0.2272000E+01 -3.53692e-07
0.2274000E+01 -3.2976e-07
0.2276000E+01 -3.10701e-07
0.2278000E+01 -2.90938e-07
0.2280000E+01 -2.49497e-07
0.2282000E+01 -2.10791e-07
0.2284000E+01 -1.96865e-07
0.2286000E+01 -1.9246e-07
0.2288000E+01 -1.71827e-07
0.2290000E+01 -1.61256e-07
0.2292000E+01 -1.61965e-07
0.2294000E+01 -1.74191e-07
0.2296000E+01 -1.72315e-07
0.2298000E+01 -1.65458e-07
0.2300000E+01 -1.58078e-07
0.2302000E+01 -1.52349e-07
0.2304000E+01 -1.46526e-07
0.2306000E+01 -1.38725e-07
0.2308000E+01 -1.3657e-07
0.2310000E+01 -1.32789e-07
0.2312000E+01 -1.17643e-07
0.2314000E+01 -1.3211e-07
0.2316000E+01 -1.42344e-07
0.2318000E+01 -1.41552e-07
0.2320000E+01 -1.3505e-07
0.2322000E+01 -1.29553e-07
0.2324000E+01 -1.23239e-07
0.2326000E+01 -1.1832e-07
0.2328000E+01 -1.15116e-07
0.2330000E+01 -1.0925e-07
0.2332000E+01 -1.10268e-07
0.2334000E+01 -1.07714e-07
0.2336000E+01 -1.00862e-07
0.2338000E+01 -1.02967e-07
0.2340000E+01 -9.99172e-08
0.2342000E+01 -9.8109e-08
0.2344000E+01 -9.24293e-08
0.2346000E+01 -9.63292e-08
0.2348000E+01 -1.045e-07
0.2350000E+01 -1.04656e-07
0.2352000E+01 -9.94179e-08
0.2354000E+01 -9.46802e-08
0.2356000E+01 -9.21437e-08
0.2358000E+01 -9.00972e-08
0.2360000E+01 -9.20058e-08
0.2362000E+01 -1.00052e-07
0.2364000E+01 -1.06008e-07
0.2366000E+01 -9.61917e-08
0.2368000E+01 -9.49058e-08
0.2370000E+01 -1.08552e-07
0.2372000E+01 -1.04575e-07
0.2374000E+01 -9.71183e-08
0.2376000E+01 -6.88436e-08
0.2378000E+01 -8.1664e-08
0.2380000E+01 -7.03609e-08
0.2382000E+01 -9.08964e-08
0.2384000E+01 -7.29458e-08
0.2386000E+01 -7.54387e-08
0.2388000E+01 -9.17357e-08
0.2390000E+01 -9.20173e-08
0.2392000E+01 -9.19126e-08
0.2394000E+01 -8.15624e-08
0.2396000E+01 -9.03095e-08
0.2398000E+01 -9.21817e-08
0.2400000E+01 -9.00721e-08
0.2402000E+01 -8.75221e-08
0.2404000E+01 -8.85655e-08
0.2406000E+01 -6.47593e-08
0.2408000E+01 -7.79758e-08
0.2410000E+01 -7.24783e-08
0.2412000E+01 -5.87141e-08
0.2414000E+01 -7.29169e-08
0.2416000E+01 -7.10581e-08
0.2418000E+01 -6.88758e-08
0.2420000E+01 -3.48412e-08
0.2422000E+01 -7.05484e-08
0.2424000E+01 -7.72592e-08
0.2426000E+01 -7.55408e-08
0.2428000E+01 -8.25496e-08
0.2430000E+01 -7.57774e-08
0.2432000E+01 -7.58803e-08
0.2434000E+01 -7.53882e-08
0.2436000E+01 -7.13481e-08
0.2438000E+01 -7.1843e-08
0.2440000E+01 -7.65182e-08
0.2442000E+01 -7.53318e-08
0.2444000E+01 -7.53551e-08
0.2446000E+01 -7.09451e-08
0.2448000E+01 -6.95261e-08
0.2450000E+01 -6.95169e-08
0.2452000E+01 -6.75161e-08
0.2454000E+01 -6.49206e-08
0.2456000E+01 -6.84573e-08
0.2458000E+01 -6.22195e-08
0.2460000E+01 -5.71765e-08
0.2462000E+01 -1.97353e-07
0.2464000E+01 -1.84119e-07
0.2466000E+01 -8.9145e-08
0.2468000E+01 -1.08688e-07
0.2470000E+01 -1.19079e-07
0.2472000E+01 -2.67002e-08
0.2474000E+01 -8.7687e-08
0.2476000E+01 -1.13239e-07
0.2478000E+01 -1.01538e-07
0.2480000E+01 -6.57935e-08
0.2482000E+01 -1.0486e-07
0.2484000E+01 -9.16358e-08
0.2486000E+01 -1.06126e-07
0.2488000E+01 -8.27024e-08
0.2490000E+01 -7.18036e-08
0.2492000E+01 -9.49362e-08
0.2494000E+01 -9.79539e-08
0.2496000E+01 -9.38906e-08
0.2498000E+01 -9.91925e-08
0.2500000E+01 -2.55016e-09
0.2502000E+01 -8.85592e-08
0.2504000E+01 -7.63263e-08
0.2506000E+01 -6.85474e-08
0.2508000E+01 -8.43272e-08
0.2510000E+01 -9.4975e-08
0.2512000E+01 -8.74289e-08
0.2514000E+01 3.41656e-08
0.2516000E+01 -8.15419e-08
0.2518000E+01 -8.80237e-08
0.2520000E+01 -8.58697e-08
0.2522000E+01 -7.83562e-08
0.2524000E+01 -8.0999e-08
0.2526000E+01 -8.96067e-08
0.2528000E+01 -2.82482e-08
0.2530000E+01 -9.25495e-09
0.2532000E+01 -3.7734e-08
0.2534000E+01 -1.20472e-07
0.2536000E+01 -8.86877e-08
0.2538000E+01 -7.16902e-08
0.2540000E+01 -7.63387e-08
0.2542000E+01 -7.39357e-08
0.2544000E+01 -7.29331e-08
0.2546000E+01 3.28237e-08
0.2548000E+01 -8.58377e-09
0.2550000E+01 -3.63358e-08
0.2552000E+01 -3.40536e-08
0.2554000E+01 -9.61455e-08
0.2556000E+01 -7.26462e-08
0.2558000E+01 -7.14385e-08
0.2560000E+01 -6.68709e-08
0.2562000E+01 -6.63241e-08
0.2564000E+01 3.3182e-09
0.2566000E+01 -1.48425e-08
0.2568000E+01 -4.42654e-08
0.2570000E+01 -4.77768e-08
0.2572000E+01 -4.23493e-08
0.2574000E+01 -4.31667e-08
0.2576000E+01 -4.15661e-08
0.2578000E+01 -5.26165e-08
0.2580000E+01 -5.99168e-08
0.2582000E+01 -6.50294e-08
0.2584000E+01 1.65197e-08
0.2586000E+01 1.10726e-08
0.2588000E+01 -1.27418e-08
0.2590000E+01 -2.75513e-08
0.2592000E+01 -5.00346e-08
0.2594000E+01 -7.25911e-08
0.2596000E+01 -5.28161e-08
0.2598000E+01 -4.74508e-08
0.2600000E+01 -4.81452e-08
0.2602000E+01 -5.28565e-08
0.2604000E+01 -4.49667e-08
0.2606000E+01 3.5076e-09
0.2608000E+01 -2.8173e-08
0.2610000E+01 -2.73768e-08
0.2612000E+01 -3.18252e-08
0.2614000E+01 -3.64555e-08
0.2616000E+01 -2.44682e-08
0.2618000E+01 -4.17193e-08
0.2620000E+01 -6.65294e-08
0.2622000E+01 -4.64135e-08
0.2624000E+01 -6.95129e-08
0.2626000E+01 -4.71798e-08
0.2628000E+01 -3.96969e-09
0.2630000E+01 -8.78306e-10
0.2632000E+01 -4.58314e-08
0.2634000E+01 -7.97954e-08
0.2636000E+01 -4.76449e-08
0.2638000E+01 -3.49433e-08
0.2640000E+01 -4.40467e-08
0.2642000E+01 -4.26076e-08
0.2644000E+01 -4.22485e-08
0.2646000E+01 -3.44092e-08
0.2648000E+01 -7.06945e-08
0.2650000E+01 -7.31516e-08
0.2652000E+01 -3.26551e-08
0.2654000E+01 -2.14848e-08
0.2656000E+01 -1.67614e-08
0.2658000E+01 -3.51481e-08
0.2660000E+01 -3.92363e-08
0.2662000E+01 -3.81824e-08
0.2664000E+01 -8.00209e-08
0.2666000E+01 -7.87744e-08
0.2668000E+01 -6.27601e-08
0.2670000E+01 -4.66552e-08
0.2672000E+01 -4.66115e-08
0.2674000E+01 -4.82946e-08
0.2676000E+01 -4.75049e-08
0.2678000E+01 -6.40744e-09
0.2680000E+01 -3.28908e-08
0.2682000E+01 -7.49243e-08
0.2684000E+01 -6.71905e-08
0.2686000E+01 -5.9561e-08
0.2688000E+01 -5.00014e-08
0.2690000E+01 -5.8862e-08
0.2692000E+01 -5.66337e-08
0.2694000E+01 -4.36961e-08
0.2696000E+01 -4.60828e-08
0.2698000E+01 -4.84704e-08
0.2700000E+01 -8.15345e-08
0.2702000E+01 -1.1198e-07
0.2704000E+01 -5.19841e-08
0.2706000E+01 -4.45615e-08
0.2708000E+01 -4.35974e-08
0.2710000E+01 -4.47799e-08
0.2712000E+01 -4.61257e-08
0.2714000E+01 -5.01633e-08
0.2716000E+01 -5.41167e-08
0.2718000E+01 -4.39015e-08
0.2720000E+01 -7.29481e-08
0.2722000E+01 -7.37146e-08
0.2724000E+01 -1.05946e-07
0.2726000E+01 -7.94836e-08
0.2728000E+01 -8.09473e-08
0.2730000E+01 -5.62361e-08
0.2732000E+01 -4.49245e-08
0.2734000E+01 -4.00419e-08
0.2736000E+01 -5.7246e-08
0.2738000E+01 -6.40103e-08
0.2740000E+01 -5.99998e-08
0.2742000E+01 -5.15281e-08
0.2744000E+01 -4.95164e-08
0.2746000E+01 -7.64292e-08
0.2748000E+01 -1.20925e-07
0.2750000E+01 -8.99551e-08
0.2752000E+01 -8.10876e-08
0.2754000E+01 -1.15018e-07
0.2756000E+01 -8.97639e-08
0.2758000E+01 -6.4666e-08
0.2760000E+01 -5.16242e-08
0.2762000E+01 -6.49239e-08
0.2764000E+01 -6.58532e-08
0.2766000E+01 -7.11918e-08
0.2768000E+01 -8.68268e-08
0.2770000E+01 -9.30605e-08
0.2772000E+01 -9.94659e-08
0.2774000E+01 -1.28869e-07
0.2776000E+01 -1.05332e-07
0.2778000E+01 -1.03402e-07
0.2780000E+01 -9.12596e-08
0.2782000E+01 -1.26672e-07
0.2784000E+01 -1.11181e-07
0.2786000E+01 -8.0586e-08
0.2788000E+01 -6.9812e-08
0.2790000E+01 -9.89091e-08
0.2792000E+01 -1.02945e-07
0.2794000E+01 -1.2789e-07
0.2796000E+01 -1.55721e-07
0.2798000E+01 -1.27142e-07
0.2800000E+01 -1.2175e-07
0.2802000E+01 -1.39539e-07
0.2804000E+01 -1.33373e-07
0.2806000E+01 -1.97402e-07
0.2808000E+01 -2.04746e-07
0.2810000E+01 -1.92467e-07
0.2812000E+01 -1.67825e-07
0.2814000E+01 -1.55294e-07
0.2816000E+01 -1.98294e-07
0.2818000E+01 -1.8805e-07
0.2820000E+01 -2.14288e-07
0.2822000E+01 -2.26463e-07
0.2824000E+01 -2.42402e-07
0.2826000E+01 -3.34912e-07
0.2828000E+01 -2.57537e-07
0.2830000E+01 -3.09265e-07
0.2832000E+01 -4.53264e-07
0.2834000E+01 -5.17105e-07
0.2836000E+01 -4.3925e-07
0.2838000E+01 -7.70772e-07
0.2840000E+01 -8.23219e-07
0.2842000E+01 -1.23904e-06
0.2844000E+01 -1.99091e-06
0.2846000E+01 -1.35192e-06
0.2848000E+01 4.36171e-06
0.2850000E+01 1.45169e-06
0.2852000E+01 9.60577e-07
0.2854000E+01 4.9399e-07
0.2856000E+01 6.51594e-07
0.2858000E+01 5.26767e-07
0.2860000E+01 3.9514e-07
0.2862000E+01 3.12521e-07
0.2864000E+01 3.76162e-07
0.2866000E+01 2.8999e-07
0.2868000E+01 3.01543e-07
0.2870000E+01 2.21968e-07
0.2872000E+01 2.32436e-07
0.2874000E+01 2.45916e-07
0.2876000E+01 1.96147e-07
0.2878000E+01 2.19703e-07
0.2880000E+01 2.6367e-07
0.2882000E+01 2.22155e-07
0.2884000E+01 2.2265e-07
0.2886000E+01 1.51188e-07
0.2888000E+01 1.58002e-07
0.2890000E+01 1.69831e-07
0.2892000E+01 2.01946e-07
0.2894000E+01 2.46571e-07
0.2896000E+01 2.6566e-07
0.2898000E+01 1.46869e-07
0.2900000E+01 1.51561e-07
0.2902000E+01 1.59541e-07
0.2904000E+01 1.40283e-07
0.2906000E+01 1.2407e-07
0.2908000E+01 1.60643e-07
0.2910000E+01 1.62946e-07
0.2912000E+01 2.00359e-07
0.2914000E+01 1.73268e-07
0.2916000E+01 1.36879e-07
0.2918000E+01 1.37061e-07
0.2920000E+01 1.40673e-07
0.2922000E+01 1.83782e-07
0.2924000E+01 1.50731e-07
0.2926000E+01 1.36641e-07
0.2928000E+01 1.41473e-07
0.2930000E+01 1.49819e-07
0.2932000E+01 1.67596e-07
0.2934000E+01 1.63682e-07
0.2936000E+01 1.39647e-07
0.2938000E+01 1.25875e-07
0.2940000E+01 1.78445e-07
0.2942000E+01 1.88826e-07
0.2944000E+01 1.10184e-07
0.2946000E+01 1.1057e-07
0.2948000E+01 1.26009e-07
0.2950000E+01 1.20067e-07
0.2952000E+01 1.28792e-07
0.2954000E+01 1.16353e-07
0.2956000E+01 1.31481e-07
0.2958000E+01 1.38186e-07
0.2960000E+01 1.22917e-07
0.2962000E+01 1.14413e-07
0.2964000E+01 1.05293e-07
0.2966000E+01 1.08159e-07
0.2968000E+01 1.04738e-07
0.2970000E+01 1.01635e-07
0.2972000E+01 9.85374e-08
0.2974000E+01 8.18866e-08
0.2976000E+01 8.23187e-08
0.2978000E+01 1.50949e-07
0.2980000E+01 2.02431e-07
0.2982000E+01 1.75837e-07
0.2984000E+01 1.01316e-07
0.2986000E+01 -2.88561e-08
0.2988000E+01 -7.40281e-07
0.2990000E+01 9.36791e-07
0.2992000E+01 1.68215e-06
0.2994000E+01 6.24656e-08
0.2996000E+01 6.46541e-08
0.2998000E+01 7.07809e-08
0.3000000E+01 6.6221e-08
0.3002000E+01 6.62376e-08
0.3004000E+01 6.41569e-08
0.3006000E+01 7.13281e-08
0.3008000E+01 8.13562e-08
0.3010000E+01 7.78666e-08
0.3012000E+01 7.15779e-08
0.3014000E+01 6.80328e-08
0.3016000E+01 6.70472e-08
0.3018000E+01 6.78878e-08
0.3020000E+01 6.02798e-08
0.3022000E+01 5.19796e-08
0.3024000E+01 6.08975e-08
0.3026000E+01 7.42767e-08
0.3028000E+01 7.50408e-08
0.3030000E+01 4.28225e-08
0.3032000E+01 3.52101e-08
0.3034000E+01 4.12988e-08
0.3036000E+01 4.242e-08
0.3038000E+01 5.02295e-08
0.3040000E+01 4.55981e-08
0.3042000E+01 4.85686e-08
0.3044000E+01 3.78492e-08
0.3046000E+01 7.97606e-08
0.3048000E+01 5.7776e-08
0.3050000E+01 5.69823e-08
0.3052000E+01 5.42865e-08
0.3054000E+01 4.93995e-08
0.3056000E+01 4.5141e-08
0.3058000E+01 4.47413e-08
0.3060000E+01 4.73473e-08
0.3062000E+01 4.55238e-08
0.3064000E+01 5.55538e-08
0.3066000E+01 5.06834e-08
0.3068000E+01 5.39938e-08
0.3070000E+01 6.43859e-08
0.3072000E+01 6.03879e-08
0.3074000E+01 5.13133e-08
0.3076000E+01 3.15393e-08
0.3078000E+01 6.13232e-09
0.3080000E+01 3.77224e-08
0.3082000E+01 6.01853e-08
0.3084000E+01 5.57294e-08
0.3086000E+01 4.55413e-08
0.3088000E+01 4.43391e-08
0.3090000E+01 3.64734e-08
0.3092000E+01 1.5881e-08
0.3094000E+01 3.25574e-08
0.3096000E+01 2.6735e-08
0.3098000E+01 5.78649e-08
0.3100000E+01 6.43163e-08
0.3102000E+01 5.40473e-08
0.3104000E+01 5.09022e-08
0.3106000E+01 4.30953e-08
0.3108000E+01 6.48149e-08
0.3110000E+01 4.16454e-08
0.3112000E+01 2.43339e-08
0.3114000E+01 4.34106e-08
0.3116000E+01 6.11974e-08
0.3118000E+01 4.67212e-08
0.3120000E+01 5.43323e-08
0.3122000E+01 6.10026e-08
0.3124000E+01 1.26188e-08
0.3126000E+01 -5.37778e-09
0.3128000E+01 -5.54848e-10
0.3130000E+01 2.43104e-08
0.3132000E+01 5.95321e-08
0.3134000E+01 3.73597e-08
0.3136000E+01 4.08751e-08
0.3138000E+01 1.18115e-08
0.3140000E+01 -5.92666e-10
0.3142000E+01 2.19344e-08
0.3144000E+01 2.06632e-08
0.3146000E+01 4.30411e-08
0.3148000E+01 -1.77562e-09
0.3150000E+01 -1.14815e-08
0.3152000E+01 1.90336e-08
0.3154000E+01 2.44773e-08
0.3156000E+01 -7.86808e-08
0.3158000E+01 -9.99758e-08
0.3160000E+01 -4.1087e-08
0.3162000E+01 -3.67626e-07
0.3164000E+01 -4.43604e-07
0.3166000E+01 1.09525e-06
0.3168000E+01 1.37732e-07
0.3170000E+01 5.52693e-08
0.3172000E+01 5.55837e-08
0.3174000E+01 4.89918e-08
0.3176000E+01 1.5133e-07
0.3178000E+01 8.14003e-08
0.3180000E+01 8.03556e-08
0.3182000E+01 1.33202e-07
0.3184000E+01 9.87913e-08
0.3186000E+01 1.45939e-07
0.3188000E+01 1.27449e-07
0.3190000E+01 1.24029e-07
0.3192000E+01 9.66441e-08
0.3194000E+01 7.57949e-08
0.3196000E+01 7.90147e-08
0.3198000E+01 7.67413e-08
0.3200000E+01 9.33325e-08
0.3202000E+01 1.35883e-07
0.3204000E+01 1.19555e-07
0.3206000E+01 9.84266e-08
0.3208000E+01 7.69535e-08
0.3210000E+01 7.19145e-08
0.3212000E+01 6.58401e-08
0.3214000E+01 1.69283e-07
0.3216000E+01 1.09063e-07
0.3218000E+01 4.74684e-08
0.3220000E+01 -9.28586e-10
0.3222000E+01 5.49603e-08
0.3224000E+01 1.1886e-07
0.3226000E+01 9.67394e-08
0.3228000E+01 4.36159e-08
0.3230000E+01 2.6552e-08
0.3232000E+01 4.14634e-08
0.3234000E+01 1.15376e-07
0.3236000E+01 1.49907e-07
0.3238000E+01 9.78248e-08
0.3240000E+01 7.31964e-08
0.3242000E+01 4.86927e-08
0.3244000E+01 1.9634e-07
0.3246000E+01 6.56517e-08
0.3248000E+01 4.04442e-08
0.3250000E+01 1.05274e-07
0.3252000E+01 3.07068e-07
0.3254000E+01 -1.13964e-07
0.3256000E+01 2.87493e-07
0.3258000E+01 -1.17722e-07
0.3260000E+01 2.12844e-07
0.3262000E+01 -8.29924e-07
0.3264000E+01 1.36834e-08
0.3266000E+01 3.44493e-07
0.3268000E+01 6.13951e-08
0.3270000E+01 7.43411e-08
0.3272000E+01 3.30151e-07
0.3274000E+01 3.43096e-07
0.3276000E+01 6.75669e-07
0.3278000E+01 -1.41427e-07
0.3280000E+01 -1.81267e-07
0.3282000E+01 4.11829e-07
0.3284000E+01 3.97247e-07
0.3286000E+01 1.08138e-06
0.3288000E+01 1.30006e-07
0.3290000E+01 1.02714e-06
0.3292000E+01 8.85565e-07
0.3294000E+01 4.91787e-07
0.3296000E+01 -2.59884e-07
0.3298000E+01 -4.72933e-08
0.3300000E+01 -6.25147e-07
0.3302000E+01 -4.58998e-07
0.3304000E+01 -4.90774e-07
0.3306000E+01 -2.06694e-07
0.3308000E+01 -1.96526e-07
0.3310000E+01 -2.82321e-07
0.3312000E+01 -2.90098e-07
0.3314000E+01 -2.16461e-07
0.3316000E+01 -1.95279e-07
0.3318000E+01 -1.77832e-07
0.3320000E+01 -1.59896e-07
0.3322000E+01 -1.19524e-07
0.3324000E+01 -1.3826e-07
0.3326000E+01 -1.68699e-07
0.3328000E+01 -1.59825e-07
0.3330000E+01 -1.21961e-07
0.3332000E+01 -1.03776e-07
0.3334000E+01 -1.03641e-07
0.3336000E+01 -9.56862e-08
0.3338000E+01 -8.75241e-08
0.3340000E+01 -8.771e-08
0.3342000E+01 -9.40513e-08
0.3344000E+01 -8.90839e-08
0.3346000E+01 -7.74807e-08
0.3348000E+01 -6.63473e-08
0.3350000E+01 -5.91122e-08
0.3352000E+01 -5.96341e-08
0.3354000E+01 -6.66697e-08
0.3356000E+01 -7.88761e-08
0.3358000E+01 -7.51561e-08
0.3360000E+01 -5.70638e-08
0.3362000E+01 -5.35232e-08
0.3364000E+01 -7.07093e-08
0.3366000E+01 -6.42594e-08
0.3368000E+01 -5.76771e-08
0.3370000E+01 -5.71815e-08
0.3372000E+01 -4.98104e-08
0.3374000E+01 -5.45652e-08
0.3376000E+01 -4.13283e-08
0.3378000E+01 -3.75842e-08
0.3380000E+01 -3.40646e-08
0.3382000E+01 -3.39076e-08
0.3384000E+01 -5.15027e-08
0.3386000E+01 -3.99146e-08
0.3388000E+01 -3.18779e-08
0.3390000E+01 -2.92367e-08
0.3392000E+01 -1.19365e-07
0.3394000E+01 -4.07771e-08
0.3396000E+01 -5.22232e-08
0.3398000E+01 -4.28498e-08
0.3400000E+01 -4.37821e-08
0.3402000E+01 -6.77423e-08
0.3404000E+01 -5.01228e-08
0.3406000E+01 -4.71422e-08
0.3408000E+01 -4.02519e-08
0.3410000E+01 -3.72637e-08
0.3412000E+01 -3.52418e-08
0.3414000E+01 -3.61805e-08
0.3416000E+01 -3.49361e-08
0.3418000E+01 -3.58813e-08
0.3420000E+01 -5.96619e-08
0.3422000E+01 -4.86138e-08
0.3424000E+01 -3.68152e-08
0.3426000E+01 -3.22491e-08
0.3428000E+01 -3.11128e-08
0.3430000E+01 -1.37742e-08
0.3432000E+01 -2.82199e-08
0.3434000E+01 -2.57789e-08
0.3436000E+01 -4.1708e-08
0.3438000E+01 -4.63007e-08
0.3440000E+01 -3.66705e-08
0.3442000E+01 -4.07612e-08
0.3444000E+01 -3.49392e-08
0.3446000E+01 -2.65528e-08
0.3448000E+01 -2.38016e-08
0.3450000E+01 -2.47985e-08
0.3452000E+01 -5.53398e-08
0.3454000E+01 -4.37067e-08
0.3456000E+01 -3.24362e-08
0.3458000E+01 -2.22869e-08
0.3460000E+01 -1.71428e-08
0.3462000E+01 -2.54257e-08
0.3464000E+01 -2.91026e-08
0.3466000E+01 -6.22377e-08
0.3468000E+01 -5.67968e-08
0.3470000E+01 -4.84404e-08
0.3472000E+01 -3.24928e-08
0.3474000E+01 -3.30958e-08
0.3476000E+01 -2.7429e-08
0.3478000E+01 -4.21008e-08
0.3480000E+01 -6.44934e-08
0.3482000E+01 -3.38474e-08
0.3484000E+01 -3.30033e-08
0.3486000E+01 -2.04747e-08
0.3488000E+01 -3.26637e-08
0.3490000E+01 -4.68895e-08
0.3492000E+01 -6.28573e-08
0.3494000E+01 -1.40336e-08
0.3496000E+01 -3.28713e-08
0.3498000E+01 -3.65621e-08
0.3500000E+01 -7.72559e-09
0.3502000E+01 -5.18923e-08
0.3504000E+01 -5.19842e-08
0.3506000E+01 -2.64149e-08
0.3508000E+01 2.12205e-09
0.3510000E+01 -3.89902e-08
0.3512000E+01 -6.88301e-08
0.3514000E+01 8.79899e-09
0.3516000E+01 -1.01037e-08
0.3518000E+01 -2.7891e-08
0.3520000E+01 -1.34473e-09
0.3522000E+01 1.4761e-08
0.3524000E+01 2.32861e-08
0.3526000E+01 3.81143e-08
0.3528000E+01 4.50153e-08
0.3530000E+01 3.70879e-08
0.3532000E+01 5.53633e-08
0.3534000E+01 5.44248e-08
0.3536000E+01 3.98068e-08
0.3538000E+01 5.63597e-08
0.3540000E+01 8.11871e-08
0.3542000E+01 6.93219e-08
0.3544000E+01 6.17423e-08
0.3546000E+01 9.63058e-08
0.3548000E+01 5.23549e-08
0.3550000E+01 6.11839e-08
0.3552000E+01 6.87949e-08
0.3554000E+01 1.00975e-07
0.3556000E+01 5.13253e-08
0.3558000E+01 5.28662e-08
0.3560000E+01 7.73939e-08
0.3562000E+01 7.27435e-08
0.3564000E+01 9.25385e-08
0.3566000E+01 6.15353e-08
0.3568000E+01 5.10615e-08
0.3570000E+01 5.38409e-08
0.3572000E+01 6.21209e-08
0.3574000E+01 1.16976e-07
0.3576000E+01 7.21506e-08
0.3578000E+01 7.25016e-08
0.3580000E+01 9.46965e-08
0.3582000E+01 8.37721e-08
0.3584000E+01 9.00598e-08
0.3586000E+01 1.31389e-07
0.3588000E+01 1.43459e-07
0.3590000E+01 1.87565e-07
0.3592000E+01 1.47979e-07
0.3594000E+01 2.47567e-07
0.3596000E+01 2.78316e-07
0.3598000E+01 9.03953e-07
0.3600000E+01 -1.29013e-06
0.3602000E+01 -2.85344e-07
0.3604000E+01 -1.48869e-07
0.3606000E+01 -1.31292e-07
0.3608000E+01 -8.69851e-08
0.3610000E+01 -3.91632e-08
0.3612000E+01 -4.44868e-08
0.3614000E+01 -3.67954e-08
0.3616000E+01 -1.03439e-08
0.3618000E+01 -7.99252e-09
0.3620000E+01 -1.25969e-08
0.3622000E+01 2.27176e-08
0.3624000E+01 -4.40899e-09
0.3626000E+01 -2.02046e-08
0.3628000E+01 -2.8168e-08
0.3630000E+01 -4.18749e-08
0.3632000E+01 -1.22139e-08
0.3634000E+01 -5.79381e-09
0.3636000E+01 -1.11968e-08
0.3638000E+01 -2.06545e-08
0.3640000E+01 1.0602e-08
0.3642000E+01 3.29592e-08
0.3644000E+01 5.74197e-08
0.3646000E+01 1.24395e-08
0.3648000E+01 -4.36914e-09
0.3650000E+01 -2.52615e-10
0.3652000E+01 5.08439e-09
0.3654000E+01 -3.15699e-09
0.3656000E+01 -1.01898e-08
0.3658000E+01 -6.76929e-09
0.3660000E+01 2.49011e-09
0.3662000E+01 6.43835e-09
0.3664000E+01 1.1713e-09
0.3666000E+01 2.66776e-09
0.3668000E+01 7.58547e-09
0.3670000E+01 5.4895e-08
0.3672000E+01 1.66584e-08
0.3674000E+01 8.63014e-09
0.3676000E+01 1.04298e-08
0.3678000E+01 7.30025e-09
0.3680000E+01 1.36538e-08
0.3682000E+01 7.36786e-09
0.3684000E+01 7.09924e-09
0.3686000E+01 5.10486e-09
0.3688000E+01 7.01045e-10
0.3690000E+01 2.40428e-09
0.3692000E+01 -1.44214e-09
0.3694000E+01 1.01127e-08
0.3696000E+01 1.06805e-08
0.3698000E+01 1.82671e-08
0.3700000E+01 2.72186e-08
0.3702000E+01 2.33831e-08
0.3704000E+01 8.92772e-09
0.3706000E+01 1.3974e-08
0.3708000E+01 1.42856e-08
0.3710000E+01 1.22377e-08
0.3712000E+01 7.75559e-09
0.3714000E+01 5.38542e-09
0.3716000E+01 6.17059e-09
0.3718000E+01 1.11749e-08
0.3720000E+01 1.04854e-08
0.3722000E+01 1.10379e-08
0.3724000E+01 1.21275e-08
0.3726000E+01 1.48316e-08
0.3728000E+01 1.92554e-08
0.3730000E+01 2.11426e-08
0.3732000E+01 2.25945e-08
0.3734000E+01 2.4365e-08
0.3736000E+01 2.06737e-08
0.3738000E+01 1.82904e-08
0.3740000E+01 1.49666e-08
0.3742000E+01 1.07666e-08
0.3744000E+01 1.10511e-08
0.3746000E+01 1.12322e-08
0.3748000E+01 9.17527e-09
0.3750000E+01 9.04727e-09
0.3752000E+01 1.0185e-08
0.3754000E+01 8.06127e-09
0.3756000E+01 1.4964e-08
0.3758000E+01 6.54977e-09
0.3760000E+01 1.38475e-08
0.3762000E+01 1.9205e-08
0.3764000E+01 1.84974e-08
0.3766000E+01 1.75374e-08
0.3768000E+01 2.08492e-08
0.3770000E+01 2.16325e-08
0.3772000E+01 2.4597e-08
0.3774000E+01 2.07829e-08
0.3776000E+01 1.69442e-08
0.3778000E+01 1.61361e-08
0.3780000E+01 1.53732e-08
0.3782000E+01 1.5632e-08
0.3784000E+01 1.68032e-08
0.3786000E+01 1.9619e-08
0.3788000E+01 1.73646e-08
0.3790000E+01 1.51346e-08
0.3792000E+01 1.44531e-08
0.3794000E+01 1.32952e-08
0.3796000E+01 1.29209e-08
0.3798000E+01 9.74236e-09
0.3800000E+01 8.09178e-09
0.3802000E+01 6.01414e-10
0.3804000E+01 2.3205e-08
0.3806000E+01 2.53234e-08
0.3808000E+01 2.65528e-08
0.3810000E+01 1.92504e-08
0.3812000E+01 1.97772e-08
0.3814000E+01 2.16616e-08
0.3816000E+01 1.76542e-08
0.3818000E+01 1.98788e-08
0.3820000E+01 2.4941e-08
0.3822000E+01 2.33178e-08
0.3824000E+01 1.85621e-08
0.3826000E+01 1.954e-08
0.3828000E+01 9.73991e-09
0.3830000E+01 1.07774e-08
0.3832000E+01 2.84092e-08
0.3834000E+01 2.23332e-08
0.3836000E+01 2.45993e-08
0.3838000E+01 1.51582e-08
0.3840000E+01 1.70116e-08
0.3842000E+01 2.79632e-09
0.3844000E+01 3.31136e-08
0.3846000E+01 1.02616e-08
0.3848000E+01 -5.23849e-08
0.3850000E+01 2.33871e-08
0.3852000E+01 1.28557e-08
0.3854000E+01 1.88441e-08
0.3856000E+01 1.55524e-08
0.3858000E+01 1.7045e-08
0.3860000E+01 1.26944e-08
0.3862000E+01 1.09072e-08
0.3864000E+01 1.34862e-08
0.3866000E+01 -1.48983e-09
0.3868000E+01 2.1481e-08
0.3870000E+01 2.48422e-08
0.3872000E+01 1.98388e-08
0.3874000E+01 1.79913e-08
0.3876000E+01 1.72968e-08
0.3878000E+01 1.85876e-08
0.3880000E+01 1.41641e-08
0.3882000E+01 1.06205e-08
0.3884000E+01 -1.1735e-09
0.3886000E+01 6.41766e-09
0.3888000E+01 2.32974e-08
0.3890000E+01 2.21322e-08
0.3892000E+01 2.20559e-08
0.3894000E+01 2.11399e-08
0.3896000E+01 1.92404e-08
0.3898000E+01 8.55737e-09
0.3900000E+01 2.66301e-09
0.3902000E+01 3.50716e-08
0.3904000E+01 3.33927e-08
0.3906000E+01 3.70792e-08
0.3908000E+01 3.23617e-08
0.3910000E+01 2.74516e-08
0.3912000E+01 1.50128e-09
0.3914000E+01 2.89496e-08
0.3916000E+01 4.74846e-08
0.3918000E+01 4.55345e-08
0.3920000E+01 3.46312e-08
0.3922000E+01 3.3024e-08
0.3924000E+01 3.4822e-08
0.3926000E+01 2.08642e-08
0.3928000E+01 2.30977e-08
0.3930000E+01 3.73942e-08
0.3932000E+01 3.57587e-08
0.3934000E+01 3.62484e-08
0.3936000E+01 2.49226e-08
0.3938000E+01 2.46107e-08
0.3940000E+01 2.91825e-08
0.3942000E+01 3.07132e-08
0.3944000E+01 2.54196e-08
0.3946000E+01 2.12416e-08
0.3948000E+01 2.27344e-08
0.3950000E+01 2.50648e-08
0.3952000E+01 2.61602e-08
0.3954000E+01 1.4629e-08
0.3956000E+01 1.0994e-08
0.3958000E+01 1.23577e-08
0.3960000E+01 1.71029e-08
0.3962000E+01 2.19847e-08
0.3964000E+01 2.01695e-08
0.3966000E+01 2.16752e-08
0.3968000E+01 2.07777e-08
0.3970000E+01 2.27957e-08
0.3972000E+01 2.52842e-08
0.3974000E+01 2.37983e-08
0.3976000E+01 2.3825e-08
0.3978000E+01 -3.29675e-08
0.3980000E+01 -9.80129e-09
0.3982000E+01 -1.25814e-09
0.3984000E+01 1.85666e-08
0.3986000E+01 1.96194e-08
0.3988000E+01 2.56012e-08
0.3990000E+01 2.87087e-08
0.3992000E+01 -1.97966e-08
0.3994000E+01 7.86709e-09
0.3996000E+01 1.02057e-08
0.3998000E+01 1.43702e-08
0.4000000E+01 2.30694e-08
