0.0000000E+00 0
0.2000000E-02 0
0.4000000E-02 0
0.6000000E-02 0
0.8000000E-02 0
0.1000000E-01 0
0.1200000E-01 0
0.1400000E-01 0
0.1600000E-01 0
0.1800000E-01 0
0.2000000E-01 0
0.2200000E-01 0
0.2400000E-01 0
0.2600000E-01 0
0.2800000E-01 0
0.3000000E-01 0
0.3200000E-01 0
0.3400000E-01 0
0.3600000E-01 0
0.3800000E-01 0
0.4000000E-01 0
0.4200000E-01 0
0.4400000E-01 0
0.4600000E-01 0
0.4800000E-01 0
0.5000000E-01 0
0.5200000E-01 0
0.5400000E-01 0
0.5600000E-01 0
0.5800000E-01 0
0.6000000E-01 0
0.6200000E-01 0
0.6400000E-01 0
0.6600000E-01 0
0.6800000E-01 0
0.7000000E-01 0
0.7200000E-01 0
0.7400000E-01 0
0.7600000E-01 0
0.7800000E-01 0
0.8000000E-01 0
0.8200000E-01 0
0.8400000E-01 0
0.8600000E-01 -6.87707e-06
0.8800000E-01 -5.94488e-06
0.9000000E-01 -2.41408e-06
0.9200000E-01 -8.27963e-07
0.9400000E-01 -5.6878e-07
0.9600000E-01 -3.80139e-07
0.9800000E-01 -1.88289e-07
0.1000000E+00 2.04789e-09
0.1020000E+00 6.42972e-08
0.1040000E+00 -2.29863e-08
0.1060000E+00 -1.30069e-07
0.1080000E+00 -1.57895e-07
0.1100000E+00 9.78136e-08
0.1120000E+00 1.12679e-07
0.1140000E+00 1.27415e-07
0.1160000E+00 8.98625e-08
0.1180000E+00 -3.15532e-08
0.1200000E+00 -1.13529e-07
0.1220000E+00 -3.34264e-08
0.1240000E+00 4.05647e-08
0.1260000E+00 3.24476e-08
0.1280000E+00 1.8736e-08
0.1300000E+00 1.75561e-08
0.1320000E+00 1.71173e-08
0.1340000E+00 7.53661e-09
0.1360000E+00 -1.11033e-08
0.1380000E+00 -1.27061e-08
0.1400000E+00 -1.14962e-08
0.1420000E+00 -6.29593e-09
0.1440000E+00 1.58675e-08
0.1460000E+00 3.54693e-08
0.1480000E+00 4.43681e-08
0.1500000E+00 4.21093e-08
0.1520000E+00 3.42395e-08
0.1540000E+00 4.23466e-08
0.1560000E+00 4.59319e-08
0.1580000E+00 4.39476e-08
0.1600000E+00 4.08325e-08
0.1620000E+00 3.70576e-08
0.1640000E+00 3.85173e-08
0.1660000E+00 3.78061e-08
0.1680000E+00 2.80336e-08
0.1700000E+00 2.94857e-08
0.1720000E+00 3.07411e-08
0.1740000E+00 3.16988e-08
0.1760000E+00 9.25898e-10
0.1780000E+00 1.62238e-08
0.1800000E+00 1.70592e-08
0.1820000E+00 1.7625e-08
0.1840000E+00 1.8035e-08
0.1860000E+00 1.82248e-08
0.1880000E+00 2.12584e-08
0.1900000E+00 2.55852e-08
0.1920000E+00 7.06359e-09
0.1940000E+00 1.45809e-08
0.1960000E+00 2.01793e-08
0.1980000E+00 2.12187e-08
0.2000000E+00 2.22327e-08
0.2020000E+00 2.32212e-08
0.2040000E+00 2.4184e-08
0.2060000E+00 2.51207e-08
0.2080000E+00 2.62469e-08
0.2100000E+00 2.90895e-08
0.2120000E+00 3.00117e-08
0.2140000E+00 3.12805e-08
0.2160000E+00 3.3153e-08
0.2180000E+00 3.60713e-08
0.2200000E+00 3.85306e-08
0.2220000E+00 4.0472e-08
0.2240000E+00 4.03991e-08
0.2260000E+00 4.27747e-08
0.2280000E+00 4.213e-08
0.2300000E+00 3.03543e-08
0.2320000E+00 4.84252e-09
0.2340000E+00 8.28157e-09
0.2360000E+00 5.09375e-09
0.2380000E+00 9.846e-09
0.2400000E+00 1.46461e-08
0.2420000E+00 1.58906e-08
0.2440000E+00 1.70587e-08
0.2460000E+00 1.63335e-08
0.2480000E+00 1.6243e-08
0.2500000E+00 1.81009e-08
0.2520000E+00 1.99247e-08
0.2540000E+00 2.08991e-08
0.2560000E+00 2.21267e-08
0.2580000E+00 2.27604e-08
0.2600000E+00 2.33936e-08
0.2620000E+00 2.36609e-08
0.2640000E+00 2.49422e-08
0.2660000E+00 2.6262e-08
0.2680000E+00 2.79279e-08
0.2700000E+00 3.48868e-08
0.2720000E+00 3.58892e-08
0.2740000E+00 3.68557e-08
0.2760000E+00 3.7485e-08
0.2780000E+00 3.78409e-08
0.2800000E+00 3.74924e-08
0.2820000E+00 2.65638e-08
0.2840000E+00 3.76858e-09
0.2860000E+00 5.9475e-09
0.2880000E+00 1.05174e-08
0.2900000E+00 1.24352e-08
0.2920000E+00 1.30319e-08
0.2940000E+00 1.39089e-08
0.2960000E+00 1.47908e-08
0.2980000E+00 1.5665e-08
0.3000000E+00 1.64846e-08
0.3020000E+00 1.86367e-08
0.3040000E+00 2.0401e-08
0.3060000E+00 2.41918e-08
0.3080000E+00 2.43988e-08
0.3100000E+00 2.46805e-08
0.3120000E+00 2.50413e-08
0.3140000E+00 2.80192e-08
0.3160000E+00 4.40688e-08
0.3180000E+00 4.80736e-08
0.3200000E+00 4.0328e-08
0.3220000E+00 3.04535e-08
0.3240000E+00 3.11047e-08
0.3260000E+00 3.16068e-08
0.3280000E+00 3.20924e-08
0.3300000E+00 2.69474e-08
0.3320000E+00 -3.98897e-09
0.3340000E+00 4.42775e-09
0.3360000E+00 2.34035e-08
0.3380000E+00 1.77519e-08
0.3400000E+00 1.4971e-08
0.3420000E+00 1.57308e-08
0.3440000E+00 1.65763e-08
0.3460000E+00 1.81068e-08
0.3480000E+00 1.93773e-08
0.3500000E+00 1.76281e-08
0.3520000E+00 1.85535e-08
0.3540000E+00 1.95086e-08
0.3560000E+00 2.26847e-08
0.3580000E+00 2.38851e-08
0.3600000E+00 7.16957e-08
0.3620000E+00 4.49142e-08
0.3640000E+00 3.42055e-08
0.3660000E+00 3.5389e-08
0.3680000E+00 3.62752e-08
0.3700000E+00 3.68083e-08
0.3720000E+00 3.68995e-08
0.3740000E+00 3.3091e-08
0.3760000E+00 -6.63e-09
0.3780000E+00 1.80146e-08
0.3800000E+00 1.56535e-08
0.3820000E+00 1.38536e-08
0.3840000E+00 4.10521e-08
0.3860000E+00 1.40521e-08
0.3880000E+00 1.69899e-08
0.3900000E+00 1.75299e-08
0.3920000E+00 1.83342e-08
0.3940000E+00 1.87494e-08
0.3960000E+00 1.84688e-08
0.3980000E+00 1.92881e-08
0.4000000E+00 2.01021e-08
0.4020000E+00 4.34635e-08
0.4040000E+00 5.36953e-08
0.4060000E+00 5.44249e-08
0.4080000E+00 5.47885e-08
0.4100000E+00 5.52101e-08
0.4120000E+00 4.95927e-08
0.4140000E+00 9.81946e-09
0.4160000E+00 1.4295e-08
0.4180000E+00 1.38087e-08
0.4200000E+00 1.26803e-08
0.4220000E+00 1.26643e-08
0.4240000E+00 1.75043e-08
0.4260000E+00 2.69379e-08
0.4280000E+00 2.82963e-08
0.4300000E+00 2.48912e-08
0.4320000E+00 2.11329e-08
0.4340000E+00 2.06215e-08
0.4360000E+00 2.12793e-08
0.4380000E+00 2.19401e-08
0.4400000E+00 2.36492e-08
0.4420000E+00 2.45523e-08
0.4440000E+00 2.3718e-08
0.4460000E+00 5.33024e-08
0.4480000E+00 9.6983e-08
0.4500000E+00 2.05529e-08
0.4520000E+00 2.15166e-08
0.4540000E+00 1.84851e-08
0.4560000E+00 2.22521e-08
0.4580000E+00 2.49544e-08
0.4600000E+00 2.5152e-08
0.4620000E+00 2.57647e-08
0.4640000E+00 2.52758e-08
0.4660000E+00 3.04746e-08
0.4680000E+00 2.99007e-08
0.4700000E+00 3.08083e-08
0.4720000E+00 2.68417e-08
0.4740000E+00 2.60556e-08
0.4760000E+00 2.61909e-08
0.4780000E+00 2.71161e-08
0.4800000E+00 1.53192e-08
0.4820000E+00 -1.0176e-08
0.4840000E+00 -6.60636e-09
0.4860000E+00 4.25167e-08
0.4880000E+00 3.02554e-08
0.4900000E+00 5.43364e-08
0.4920000E+00 5.24132e-08
0.4940000E+00 4.46705e-08
0.4960000E+00 3.44069e-08
0.4980000E+00 3.74944e-08
0.5000000E+00 3.98233e-08
0.5020000E+00 3.66766e-08
0.5040000E+00 3.64944e-08
0.5060000E+00 3.83526e-08
0.5080000E+00 2.12218e-08
0.5100000E+00 -1.37259e-08
0.5120000E+00 6.40096e-09
0.5140000E+00 7.30416e-09
0.5160000E+00 2.01446e-08
0.5180000E+00 2.05803e-08
0.5200000E+00 1.73475e-08
0.5220000E+00 1.78408e-08
0.5240000E+00 1.69534e-08
0.5260000E+00 1.88097e-08
0.5280000E+00 2.07952e-08
0.5300000E+00 2.63881e-08
0.5320000E+00 7.2875e-08
0.5340000E+00 5.35474e-08
0.5360000E+00 2.65382e-08
0.5380000E+00 1.97268e-08
0.5400000E+00 2.07956e-08
0.5420000E+00 2.72483e-08
0.5440000E+00 3.28561e-08
0.5460000E+00 3.03791e-08
0.5480000E+00 2.82433e-08
0.5500000E+00 2.8018e-08
0.5520000E+00 2.89004e-08
0.5540000E+00 -2.14823e-08
0.5560000E+00 5.62698e-09
0.5580000E+00 1.06759e-08
0.5600000E+00 9.42736e-09
0.5620000E+00 9.12106e-09
0.5640000E+00 1.18072e-08
0.5660000E+00 1.41605e-08
0.5680000E+00 1.31899e-08
0.5700000E+00 3.79932e-08
0.5720000E+00 -1.26754e-08
0.5740000E+00 2.81889e-08
0.5760000E+00 5.10713e-08
0.5780000E+00 4.1645e-08
0.5800000E+00 2.61621e-08
0.5820000E+00 2.36151e-08
0.5840000E+00 1.94749e-08
0.5860000E+00 -1.17648e-08
0.5880000E+00 1.76295e-08
0.5900000E+00 1.59088e-08
0.5920000E+00 2.22144e-08
0.5940000E+00 -1.32744e-09
0.5960000E+00 1.27418e-08
0.5980000E+00 -2.52766e-08
0.6000000E+00 -1.2718e-08
0.6020000E+00 -2.11092e-08
0.6040000E+00 -2.76613e-08
0.6060000E+00 -2.64777e-08
0.6080000E+00 1.15077e-07
0.6100000E+00 -4.38519e-08
0.6120000E+00 -3.54058e-08
0.6140000E+00 -2.20041e-08
0.6160000E+00 -4.15106e-08
0.6180000E+00 -1.96323e-07
0.6200000E+00 3.65555e-07
0.6220000E+00 -7.13509e-08
0.6240000E+00 -3.87605e-07
0.6260000E+00 -1.03909e-07
0.6280000E+00 -6.07117e-07
0.6300000E+00 7.43048e-08
0.6320000E+00 1.02246e-06
0.6340000E+00 -2.40134e-07
0.6360000E+00 2.12343e-07
0.6380000E+00 -5.34789e-08
0.6400000E+00 -1.81762e-09
0.6420000E+00 -1.11964e-07
0.6440000E+00 5.83055e-08
0.6460000E+00 -3.43315e-08
0.6480000E+00 -1.48175e-08
0.6500000E+00 -3.82329e-08
0.6520000E+00 -4.56553e-08
0.6540000E+00 9.74013e-08
0.6560000E+00 5.60571e-09
0.6580000E+00 7.35683e-08
0.6600000E+00 3.78054e-08
0.6620000E+00 5.6316e-09
0.6640000E+00 -4.50999e-09
0.6660000E+00 2.20813e-08
0.6680000E+00 5.95367e-08
0.6700000E+00 -3.74329e-09
0.6720000E+00 5.61105e-08
0.6740000E+00 1.38938e-08
0.6760000E+00 1.21997e-08
0.6780000E+00 5.97271e-09
0.6800000E+00 9.95721e-11
0.6820000E+00 -2.15239e-09
0.6840000E+00 2.50406e-08
0.6860000E+00 1.90635e-08
0.6880000E+00 1.78748e-08
0.6900000E+00 -4.03147e-09
0.6920000E+00 1.24561e-10
0.6940000E+00 3.82638e-10
0.6960000E+00 2.56277e-08
0.6980000E+00 4.76297e-08
0.7000000E+00 1.775e-08
0.7020000E+00 1.8489e-08
0.7040000E+00 2.13657e-08
0.7060000E+00 3.42979e-08
0.7080000E+00 2.80298e-08
0.7100000E+00 2.33262e-08
0.7120000E+00 -3.82302e-09
0.7140000E+00 4.62763e-09
0.7160000E+00 4.47813e-09
0.7180000E+00 6.23235e-09
0.7200000E+00 3.71707e-09
0.7220000E+00 3.233e-09
0.7240000E+00 2.88267e-09
0.7260000E+00 3.58254e-09
0.7280000E+00 3.32462e-09
0.7300000E+00 9.17391e-09
0.7320000E+00 1.01363e-08
0.7340000E+00 1.37075e-08
0.7360000E+00 3.0365e-08
0.7380000E+00 3.22503e-11
0.7400000E+00 3.1119e-08
0.7420000E+00 2.22538e-08
0.7440000E+00 1.52963e-08
0.7460000E+00 1.15332e-08
0.7480000E+00 8.31627e-09
0.7500000E+00 9.54454e-09
0.7520000E+00 1.25075e-08
0.7540000E+00 9.08139e-09
0.7560000E+00 9.48911e-09
0.7580000E+00 1.21055e-08
0.7600000E+00 1.345e-08
0.7620000E+00 9.49863e-09
0.7640000E+00 7.68118e-09
0.7660000E+00 6.51746e-09
0.7680000E+00 -2.17552e-08
0.7700000E+00 -5.87539e-09
0.7720000E+00 -4.2862e-09
0.7740000E+00 -5.1036e-09
0.7760000E+00 2.07603e-08
0.7780000E+00 4.14222e-08
0.7800000E+00 2.37303e-08
0.7820000E+00 1.43601e-08
0.7840000E+00 1.39823e-08
0.7860000E+00 1.30461e-08
0.7880000E+00 9.55287e-09
0.7900000E+00 1.09919e-08
0.7920000E+00 1.45221e-08
0.7940000E+00 1.18961e-08
0.7960000E+00 9.44181e-09
0.7980000E+00 7.22527e-09
0.8000000E+00 5.65859e-09
0.8020000E+00 -1.5123e-08
0.8040000E+00 -1.40882e-08
0.8060000E+00 -5.16332e-09
0.8080000E+00 -5.47086e-09
0.8100000E+00 -6.17034e-09
0.8120000E+00 -5.8542e-09
0.8140000E+00 1.29066e-08
0.8160000E+00 4.06915e-08
0.8180000E+00 3.72029e-08
0.8200000E+00 1.60613e-08
0.8220000E+00 1.55133e-08
0.8240000E+00 1.46007e-08
0.8260000E+00 1.65909e-08
0.8280000E+00 9.97323e-09
0.8300000E+00 5.85922e-09
0.8320000E+00 1.82489e-09
0.8340000E+00 7.70286e-10
0.8360000E+00 8.89287e-10
0.8380000E+00 3.06128e-09
0.8400000E+00 -2.29576e-08
0.8420000E+00 -1.19505e-08
0.8440000E+00 -8.0851e-09
0.8460000E+00 -8.87233e-09
0.8480000E+00 -7.79735e-09
0.8500000E+00 -8.21344e-09
0.8520000E+00 2.40992e-09
0.8540000E+00 2.20296e-08
0.8560000E+00 3.12741e-08
0.8580000E+00 2.78916e-08
0.8600000E+00 1.71264e-08
0.8620000E+00 8.29276e-09
0.8640000E+00 8.88383e-09
0.8660000E+00 4.49906e-09
0.8680000E+00 3.91014e-09
0.8700000E+00 3.52929e-09
0.8720000E+00 3.03461e-09
0.8740000E+00 2.17259e-09
0.8760000E+00 1.32922e-09
0.8780000E+00 7.19105e-10
0.8800000E+00 -7.56208e-10
0.8820000E+00 -1.41727e-08
0.8840000E+00 -1.42092e-08
0.8860000E+00 -1.23555e-08
0.8880000E+00 -1.14451e-08
0.8900000E+00 -8.23242e-09
0.8920000E+00 3.02212e-08
0.8940000E+00 3.89772e-08
0.8960000E+00 -1.98839e-09
0.8980000E+00 -3.62928e-09
0.9000000E+00 3.19875e-09
0.9020000E+00 4.7413e-09
0.9040000E+00 3.68052e-09
0.9060000E+00 5.16668e-10
0.9080000E+00 -3.49741e-09
0.9100000E+00 -5.29325e-09
0.9120000E+00 -5.86861e-09
0.9140000E+00 -6.7723e-09
0.9160000E+00 -7.52306e-09
0.9180000E+00 -6.59108e-10
0.9200000E+00 -6.76906e-09
0.9220000E+00 -7.12881e-09
0.9240000E+00 -7.54691e-09
0.9260000E+00 -1.64929e-08
0.9280000E+00 4.39629e-10
0.9300000E+00 2.29936e-08
0.9320000E+00 2.21562e-08
0.9340000E+00 1.14702e-08
0.9360000E+00 2.21496e-09
0.9380000E+00 -2.45986e-09
0.9400000E+00 -4.4921e-09
0.9420000E+00 -4.97732e-09
0.9440000E+00 -5.56854e-09
0.9460000E+00 -6.06673e-09
0.9480000E+00 -3.10883e-09
0.9500000E+00 -4.3035e-09
0.9520000E+00 -6.18814e-09
0.9540000E+00 -9.07259e-09
0.9560000E+00 -1.97332e-08
0.9580000E+00 -2.36908e-08
0.9600000E+00 -1.90099e-08
0.9620000E+00 -1.83118e-08
0.9640000E+00 -1.07261e-08
0.9660000E+00 1.43131e-08
0.9680000E+00 2.59617e-08
0.9700000E+00 1.12488e-08
0.9720000E+00 -1.08191e-08
0.9740000E+00 -4.53422e-09
0.9760000E+00 -6.21433e-09
0.9780000E+00 -9.10524e-09
0.9800000E+00 -5.1279e-09
0.9820000E+00 -9.03826e-09
0.9840000E+00 -9.9834e-09
0.9860000E+00 -1.1384e-08
0.9880000E+00 -1.28468e-08
0.9900000E+00 -1.32351e-08
0.9920000E+00 -1.40901e-08
0.9940000E+00 -1.49046e-08
0.9960000E+00 -1.57477e-08
0.9980000E+00 -1.6801e-08
0.1000000E+01 -1.80368e-08
0.1002000E+01 1.12932e-08
0.1004000E+01 2.61648e-08
0.1006000E+01 1.10649e-08
0.1008000E+01 1.1155e-09
0.1010000E+01 1.77236e-09
0.1012000E+01 1.34936e-09
0.1014000E+01 -1.20728e-08
0.1016000E+01 -1.80492e-08
0.1018000E+01 -1.43891e-08
0.1020000E+01 -2.56244e-08
0.1022000E+01 -2.24394e-08
0.1024000E+01 -2.07146e-08
0.1026000E+01 -1.97612e-08
0.1028000E+01 -2.06748e-08
0.1030000E+01 -2.11869e-08
0.1032000E+01 -2.11663e-08
0.1034000E+01 -2.1116e-08
0.1036000E+01 -1.55483e-08
0.1038000E+01 2.58553e-09
0.1040000E+01 1.8385e-08
0.1042000E+01 1.16583e-08
0.1044000E+01 2.82817e-09
0.1046000E+01 -4.5525e-09
0.1048000E+01 -9.71237e-09
0.1050000E+01 -1.02732e-08
0.1052000E+01 -1.10015e-08
0.1054000E+01 -1.15644e-08
0.1056000E+01 -1.2245e-08
0.1058000E+01 -1.32677e-08
0.1060000E+01 -1.51581e-08
0.1062000E+01 -1.66453e-08
0.1064000E+01 -1.82407e-08
0.1066000E+01 -1.97937e-08
0.1068000E+01 -2.06757e-08
0.1070000E+01 -3.38982e-08
0.1072000E+01 -2.48685e-08
0.1074000E+01 5.7452e-09
0.1076000E+01 1.64373e-08
0.1078000E+01 -8.04177e-09
0.1080000E+01 -6.79437e-09
0.1082000E+01 -8.40111e-09
0.1084000E+01 -8.44798e-09
0.1086000E+01 -1.2465e-08
0.1088000E+01 -1.7377e-08
0.1090000E+01 -1.9967e-08
0.1092000E+01 -2.12773e-08
0.1094000E+01 -2.12849e-08
0.1096000E+01 -2.19435e-08
0.1098000E+01 -2.2609e-08
0.1100000E+01 -2.28968e-08
0.1102000E+01 -2.31453e-08
0.1104000E+01 -2.35936e-08
0.1106000E+01 -1.62393e-08
0.1108000E+01 -1.18644e-09
0.1110000E+01 8.04222e-09
0.1112000E+01 1.78975e-09
0.1114000E+01 -6.33663e-09
0.1116000E+01 -1.31913e-08
0.1118000E+01 -1.50053e-08
0.1120000E+01 -1.59684e-08
0.1122000E+01 -2.11061e-08
0.1124000E+01 -2.01636e-08
0.1126000E+01 -2.51263e-08
0.1128000E+01 -2.76869e-08
0.1130000E+01 -2.61999e-08
0.1132000E+01 -2.75622e-08
0.1134000E+01 -2.82919e-08
0.1136000E+01 -2.83361e-08
0.1138000E+01 -2.84117e-08
0.1140000E+01 -2.90381e-08
0.1142000E+01 3.94731e-09
0.1144000E+01 1.29261e-08
0.1146000E+01 -9.75435e-09
0.1148000E+01 -1.09656e-08
0.1150000E+01 -1.03296e-08
0.1152000E+01 -1.22766e-08
0.1154000E+01 -1.52022e-08
0.1156000E+01 -1.98302e-08
0.1158000E+01 -2.21298e-08
0.1160000E+01 -2.30246e-08
0.1162000E+01 -2.3696e-08
0.1164000E+01 -2.4288e-08
0.1166000E+01 -2.4643e-08
0.1168000E+01 -2.50072e-08
0.1170000E+01 -2.53289e-08
0.1172000E+01 -2.56369e-08
0.1174000E+01 -1.73105e-08
0.1176000E+01 -1.67721e-09
0.1178000E+01 5.43109e-09
0.1180000E+01 -6.64645e-09
0.1182000E+01 -2.05535e-08
0.1184000E+01 -2.38117e-08
0.1186000E+01 -2.27602e-08
0.1188000E+01 -2.06596e-08
0.1190000E+01 -2.06424e-08
0.1192000E+01 -2.21844e-08
0.1194000E+01 -2.30242e-08
0.1196000E+01 -2.41303e-08
0.1198000E+01 -2.53041e-08
0.1200000E+01 -2.66453e-08
0.1202000E+01 -2.78751e-08
0.1204000E+01 -3.0695e-08
0.1206000E+01 -3.13655e-08
0.1208000E+01 -3.77234e-09
0.1210000E+01 4.58819e-09
0.1212000E+01 -1.38847e-08
0.1214000E+01 -1.43064e-08
0.1216000E+01 -1.48623e-08
0.1218000E+01 -1.70585e-08
0.1220000E+01 -2.0162e-08
0.1222000E+01 -2.33902e-08
0.1224000E+01 -2.62939e-08
0.1226000E+01 -2.42578e-08
0.1228000E+01 -2.68005e-08
0.1230000E+01 -2.77325e-08
0.1232000E+01 -2.82987e-08
0.1234000E+01 -3.09438e-08
0.1236000E+01 -3.34643e-08
0.1238000E+01 -3.08688e-08
0.1240000E+01 -1.70798e-08
0.1242000E+01 -3.21144e-09
0.1244000E+01 -7.91248e-09
0.1246000E+01 -1.75655e-08
0.1248000E+01 -2.3608e-08
0.1250000E+01 -2.44198e-08
0.1252000E+01 -2.47665e-08
0.1254000E+01 -2.7924e-08
0.1256000E+01 -2.99346e-08
0.1258000E+01 -2.82991e-08
0.1260000E+01 -2.85668e-08
0.1262000E+01 -2.96301e-08
0.1264000E+01 -2.94316e-08
0.1266000E+01 -2.98612e-08
0.1268000E+01 -3.05911e-08
0.1270000E+01 -3.13331e-08
0.1272000E+01 -3.65441e-09
0.1274000E+01 4.22516e-09
0.1276000E+01 -1.4231e-08
0.1278000E+01 -1.46489e-08
0.1280000E+01 -1.49971e-08
0.1282000E+01 -1.71548e-08
0.1284000E+01 -2.12247e-08
0.1286000E+01 -2.52198e-08
0.1288000E+01 -2.74691e-08
0.1290000E+01 -2.84953e-08
0.1292000E+01 -2.87135e-08
0.1294000E+01 -2.85113e-08
0.1296000E+01 -2.87287e-08
0.1298000E+01 -2.89977e-08
0.1300000E+01 -3.34842e-08
0.1302000E+01 -2.49356e-08
0.1304000E+01 -6.72383e-09
0.1306000E+01 -2.89887e-09
0.1308000E+01 -1.40645e-08
0.1310000E+01 -2.74253e-08
0.1312000E+01 -2.96309e-08
0.1314000E+01 -2.86457e-08
0.1316000E+01 -2.78267e-08
0.1318000E+01 -2.77253e-08
0.1320000E+01 -2.76306e-08
0.1322000E+01 -2.88561e-08
0.1324000E+01 -3.06257e-08
0.1326000E+01 -3.1591e-08
0.1328000E+01 -3.18591e-08
0.1330000E+01 -3.21179e-08
0.1332000E+01 -2.39218e-08
0.1334000E+01 -1.06686e-08
0.1336000E+01 -3.93487e-09
0.1338000E+01 -1.74285e-08
0.1340000E+01 -1.81766e-08
0.1342000E+01 -2.63019e-08
0.1344000E+01 -2.80978e-08
0.1346000E+01 -2.91255e-08
0.1348000E+01 -2.9604e-08
0.1350000E+01 -2.96298e-08
0.1352000E+01 -3.00287e-08
0.1354000E+01 -3.00819e-08
0.1356000E+01 -3.02837e-08
0.1358000E+01 -3.02637e-08
0.1360000E+01 -3.0384e-08
0.1362000E+01 -1.99037e-08
0.1364000E+01 -3.82165e-09
0.1366000E+01 -3.88293e-09
0.1368000E+01 -1.49142e-08
0.1370000E+01 -1.96598e-08
0.1372000E+01 -2.20171e-08
0.1374000E+01 -2.20708e-08
0.1376000E+01 -2.45286e-08
0.1378000E+01 -3.88167e-08
0.1380000E+01 -4.44642e-08
0.1382000E+01 -3.79229e-08
0.1384000E+01 -3.60875e-08
0.1386000E+01 -3.53052e-08
0.1388000E+01 -3.49587e-08
0.1390000E+01 -3.2643e-08
0.1392000E+01 -1.65786e-08
0.1394000E+01 -4.99046e-09
0.1396000E+01 -1.41238e-08
0.1398000E+01 -1.89095e-08
0.1400000E+01 -2.15424e-08
0.1402000E+01 -2.30287e-08
0.1404000E+01 -2.35162e-08
0.1406000E+01 -2.52038e-08
0.1408000E+01 -2.67562e-08
0.1410000E+01 -2.71293e-08
0.1412000E+01 -3.59481e-08
0.1414000E+01 -3.85879e-08
0.1416000E+01 -3.36503e-08
0.1418000E+01 -3.41313e-08
0.1420000E+01 -1.49096e-08
0.1422000E+01 -7.55318e-09
0.1424000E+01 -1.85113e-08
0.1426000E+01 -1.81021e-08
0.1428000E+01 -2.03471e-08
0.1430000E+01 -2.33678e-08
0.1432000E+01 -3.31323e-08
0.1434000E+01 -3.61276e-08
0.1436000E+01 -3.17206e-08
0.1438000E+01 -3.07256e-08
0.1440000E+01 -3.24682e-08
0.1442000E+01 -4.2108e-08
0.1444000E+01 -3.97393e-08
0.1446000E+01 -3.34875e-08
0.1448000E+01 -1.9312e-08
0.1450000E+01 -7.34109e-09
0.1452000E+01 -1.46629e-08
0.1454000E+01 -2.25943e-08
0.1456000E+01 -2.44489e-08
0.1458000E+01 -2.47592e-08
0.1460000E+01 -2.4357e-08
0.1462000E+01 -2.40021e-08
0.1464000E+01 -2.42522e-08
0.1466000E+01 -2.48416e-08
0.1468000E+01 -3.67397e-08
0.1470000E+01 -3.60086e-08
0.1472000E+01 -3.38649e-08
0.1474000E+01 -2.60846e-08
0.1476000E+01 -1.43055e-08
0.1478000E+01 -1.77501e-08
0.1480000E+01 -2.91932e-08
0.1482000E+01 -2.72435e-08
0.1484000E+01 -2.58224e-08
0.1486000E+01 -2.60367e-08
0.1488000E+01 -2.67029e-08
0.1490000E+01 -3.49592e-08
0.1492000E+01 -3.911e-08
0.1494000E+01 -3.56342e-08
0.1496000E+01 -3.2374e-08
0.1498000E+01 -2.78581e-08
0.1500000E+01 -2.75319e-08
0.1502000E+01 -1.30699e-08
0.1504000E+01 -3.50002e-09
0.1506000E+01 -1.38435e-08
0.1508000E+01 -1.41901e-08
0.1510000E+01 -1.6343e-08
0.1512000E+01 -2.96999e-08
0.1514000E+01 -3.51377e-08
0.1516000E+01 -2.77274e-08
0.1518000E+01 -2.61323e-08
0.1520000E+01 -2.99662e-08
0.1522000E+01 -3.33239e-08
0.1524000E+01 -3.05254e-08
0.1526000E+01 -2.82152e-08
0.1528000E+01 -1.7375e-08
0.1530000E+01 -1.11521e-08
0.1532000E+01 -2.59411e-08
0.1534000E+01 -2.84473e-08
0.1536000E+01 -2.56138e-08
0.1538000E+01 -2.48996e-08
0.1540000E+01 -2.32126e-08
0.1542000E+01 -2.21841e-08
0.1544000E+01 -2.20393e-08
0.1546000E+01 -2.24205e-08
0.1548000E+01 -1.99336e-08
0.1550000E+01 -2.75596e-08
0.1552000E+01 -2.39037e-08
0.1554000E+01 -1.29658e-08
0.1556000E+01 -6.9688e-09
0.1558000E+01 -1.29791e-08
0.1560000E+01 -2.06266e-08
0.1562000E+01 -1.92314e-08
0.1564000E+01 -1.74236e-08
0.1566000E+01 -2.33922e-08
0.1568000E+01 -2.65034e-08
0.1570000E+01 -2.18743e-08
0.1572000E+01 -2.08985e-08
0.1574000E+01 -2.0368e-08
0.1576000E+01 -1.94866e-08
0.1578000E+01 -9.91468e-09
0.1580000E+01 -4.63773e-09
0.1582000E+01 -1.2156e-08
0.1584000E+01 -1.67856e-08
0.1586000E+01 -1.39273e-08
0.1588000E+01 -1.37068e-08
0.1590000E+01 -1.43934e-08
0.1592000E+01 -1.48219e-08
0.1594000E+01 -1.92484e-08
0.1596000E+01 -2.07681e-08
0.1598000E+01 -1.72924e-08
0.1600000E+01 -1.5837e-08
0.1602000E+01 -1.01161e-08
0.1604000E+01 -5.40568e-09
0.1606000E+01 -5.9849e-09
0.1608000E+01 -7.69799e-09
0.1610000E+01 -8.34712e-09
0.1612000E+01 -6.94304e-09
0.1614000E+01 -1.02774e-08
0.1616000E+01 -1.20426e-08
0.1618000E+01 -1.15651e-08
0.1620000E+01 -1.18213e-08
0.1622000E+01 -1.1836e-08
0.1624000E+01 -1.20287e-08
0.1626000E+01 -1.35215e-08
0.1628000E+01 -5.9998e-09
0.1630000E+01 -5.85998e-09
0.1632000E+01 -1.0387e-08
0.1634000E+01 -1.09604e-08
0.1636000E+01 -1.10562e-08
0.1638000E+01 -1.18868e-08
0.1640000E+01 -1.20547e-08
0.1642000E+01 -1.21578e-08
0.1644000E+01 -1.2304e-08
0.1646000E+01 -1.01242e-08
0.1648000E+01 -9.39669e-09
0.1650000E+01 -5.06451e-09
0.1652000E+01 2.39517e-11
0.1654000E+01 -2.26419e-09
0.1656000E+01 -7.77927e-09
0.1658000E+01 -1.18835e-08
0.1660000E+01 -1.13943e-08
0.1662000E+01 -1.11101e-08
0.1664000E+01 -1.17869e-08
0.1666000E+01 -9.35386e-09
0.1668000E+01 -1.01005e-08
0.1670000E+01 -1.08203e-08
0.1672000E+01 -8.38079e-09
0.1674000E+01 -2.5805e-09
0.1676000E+01 -2.68982e-09
0.1678000E+01 -6.67537e-09
0.1680000E+01 -5.88587e-09
0.1682000E+01 -6.00779e-09
0.1684000E+01 -9.56566e-09
0.1686000E+01 -1.24246e-08
0.1688000E+01 -1.25142e-08
0.1690000E+01 -1.17426e-08
0.1692000E+01 -1.06305e-08
0.1694000E+01 -7.36981e-09
0.1696000E+01 -2.39898e-09
0.1698000E+01 -2.17701e-09
0.1700000E+01 -5.94207e-09
0.1702000E+01 -6.89309e-09
0.1704000E+01 -7.6782e-09
0.1706000E+01 -7.34361e-09
0.1708000E+01 -7.9734e-09
0.1710000E+01 -9.22014e-09
0.1712000E+01 -1.19511e-08
0.1714000E+01 -1.35528e-08
0.1716000E+01 -9.91248e-09
0.1718000E+01 -4.52486e-09
0.1720000E+01 -3.45784e-09
0.1722000E+01 -6.33287e-09
0.1724000E+01 -7.1952e-09
0.1726000E+01 -8.07313e-09
0.1728000E+01 -9.21486e-09
0.1730000E+01 -9.66213e-09
0.1732000E+01 -8.9708e-09
0.1734000E+01 -4.8045e-09
0.1736000E+01 -6.30027e-09
0.1738000E+01 -3.90951e-09
0.1740000E+01 -2.75165e-09
0.1742000E+01 -6.17573e-09
0.1744000E+01 -6.63203e-09
0.1746000E+01 -6.19216e-09
0.1748000E+01 -8.41737e-09
0.1750000E+01 -9.16613e-09
0.1752000E+01 -9.43955e-09
0.1754000E+01 -9.65176e-09
0.1756000E+01 -9.89568e-09
0.1758000E+01 -7.87113e-09
0.1760000E+01 -5.7137e-09
0.1762000E+01 -7.70165e-09
0.1764000E+01 -7.92135e-09
0.1766000E+01 -8.61928e-09
0.1768000E+01 -9.10946e-09
0.1770000E+01 -9.1436e-09
0.1772000E+01 -5.39584e-09
0.1774000E+01 -7.67893e-09
0.1776000E+01 -5.53417e-09
0.1778000E+01 -2.08872e-09
0.1780000E+01 6.96265e-10
0.1782000E+01 -1.98756e-09
0.1784000E+01 -4.15541e-09
0.1786000E+01 -6.30882e-09
0.1788000E+01 -6.73568e-09
0.1790000E+01 -7.17485e-09
0.1792000E+01 -7.70564e-09
0.1794000E+01 -8.20662e-09
0.1796000E+01 -8.79496e-09
0.1798000E+01 -4.83356e-09
0.1800000E+01 -2.89379e-09
0.1802000E+01 -5.40058e-09
0.1804000E+01 -6.68229e-09
0.1806000E+01 -7.31153e-09
0.1808000E+01 -7.05816e-09
0.1810000E+01 -6.99878e-09
0.1812000E+01 -2.95316e-09
0.1814000E+01 -1.54166e-09
0.1816000E+01 -3.77442e-09
0.1818000E+01 -1.7551e-09
0.1820000E+01 -2.66051e-09
0.1822000E+01 -3.18809e-09
0.1824000E+01 -3.15179e-09
0.1826000E+01 -3.44662e-09
0.1828000E+01 -4.11015e-09
0.1830000E+01 -5.28228e-09
0.1832000E+01 -5.80056e-09
0.1834000E+01 -5.10101e-09
0.1836000E+01 -2.34756e-09
0.1838000E+01 -2.3762e-09
0.1840000E+01 -3.87024e-09
0.1842000E+01 -4.16782e-09
0.1844000E+01 -3.45441e-09
0.1846000E+01 -1.23664e-09
0.1848000E+01 -1.36735e-09
0.1850000E+01 -2.51624e-09
0.1852000E+01 -2.1365e-09
0.1854000E+01 -5.8776e-10
0.1856000E+01 -2.10216e-09
0.1858000E+01 -3.22563e-09
0.1860000E+01 -3.29869e-09
0.1862000E+01 -2.14103e-09
0.1864000E+01 -2.18635e-09
0.1866000E+01 -2.85157e-09
0.1868000E+01 -3.14467e-09
0.1870000E+01 -7.04753e-10
0.1872000E+01 3.4053e-09
0.1874000E+01 4.41957e-09
0.1876000E+01 7.16856e-10
0.1878000E+01 9.00874e-10
0.1880000E+01 5.28898e-10
0.1882000E+01 -6.07449e-10
0.1884000E+01 -1.30185e-09
0.1886000E+01 -5.81005e-10
0.1888000E+01 -3.04098e-10
0.1890000E+01 -1.26369e-09
0.1892000E+01 3.48786e-09
0.1894000E+01 1.28681e-09
0.1896000E+01 3.49196e-09
0.1898000E+01 -1.20888e-09
0.1900000E+01 1.2782e-09
0.1902000E+01 -4.86512e-09
0.1904000E+01 7.02781e-10
0.1906000E+01 3.35272e-10
0.1908000E+01 -2.98957e-09
0.1910000E+01 3.8653e-09
0.1912000E+01 6.9478e-12
0.1914000E+01 -1.79283e-09
0.1916000E+01 -1.26414e-08
0.1918000E+01 -2.88992e-09
0.1920000E+01 -4.30966e-09
0.1922000E+01 -8.49113e-09
0.1924000E+01 -4.659e-08
0.1926000E+01 9.90381e-09
0.1928000E+01 6.7608e-08
0.1930000E+01 3.68182e-08
0.1932000E+01 2.28776e-08
0.1934000E+01 3.23776e-08
0.1936000E+01 3.31007e-08
0.1938000E+01 9.54174e-10
0.1940000E+01 -3.80691e-09
0.1942000E+01 3.04893e-08
0.1944000E+01 3.36284e-08
0.1946000E+01 2.29312e-08
0.1948000E+01 3.89645e-08
0.1950000E+01 5.0261e-08
0.1952000E+01 3.16266e-08
0.1954000E+01 1.99259e-07
0.1956000E+01 -3.61725e-08
0.1958000E+01 -2.4216e-07
0.1960000E+01 -6.95512e-08
0.1962000E+01 -8.99382e-08
0.1964000E+01 -3.67049e-08
0.1966000E+01 -2.71287e-08
0.1968000E+01 -2.75071e-08
0.1970000E+01 -2.91998e-08
0.1972000E+01 -3.87295e-08
0.1974000E+01 -4.89913e-08
0.1976000E+01 -1.64994e-08
0.1978000E+01 -1.11624e-08
0.1980000E+01 -4.62257e-08
0.1982000E+01 -2.78042e-08
0.1984000E+01 -1.59372e-08
0.1986000E+01 -9.50141e-09
0.1988000E+01 -7.46573e-09
0.1990000E+01 -1.42001e-08
0.1992000E+01 -2.03363e-08
0.1994000E+01 1.3232e-08
0.1996000E+01 -5.26482e-09
0.1998000E+01 -1.12221e-08
0.2000000E+01 -6.88301e-09
0.2002000E+01 -7.00076e-09
0.2004000E+01 -6.63509e-09
0.2006000E+01 -6.59962e-09
0.2008000E+01 -6.74504e-09
0.2010000E+01 -6.85805e-09
0.2012000E+01 -7.13625e-09
0.2014000E+01 -7.78589e-09
0.2016000E+01 -9.4704e-09
0.2018000E+01 -6.7576e-09
0.2020000E+01 -3.83203e-09
0.2022000E+01 -3.32928e-09
0.2024000E+01 -3.5073e-09
0.2026000E+01 -3.19649e-09
0.2028000E+01 -4.117e-09
0.2030000E+01 1.23021e-08
0.2032000E+01 4.80095e-08
0.2034000E+01 7.92578e-08
0.2036000E+01 -7.1667e-10
0.2038000E+01 -8.27869e-08
0.2040000E+01 -3.8608e-09
0.2042000E+01 1.06077e-08
0.2044000E+01 9.887e-09
0.2046000E+01 -8.06556e-09
0.2048000E+01 5.4709e-09
0.2050000E+01 2.10041e-08
0.2052000E+01 9.07336e-09
0.2054000E+01 -2.4376e-08
0.2056000E+01 -2.51098e-08
0.2058000E+01 -1.02786e-08
0.2060000E+01 -6.16369e-09
0.2062000E+01 -6.4814e-09
0.2064000E+01 -9.83852e-09
0.2066000E+01 -1.75194e-08
0.2068000E+01 -1.28557e-08
0.2070000E+01 -7.7359e-09
0.2072000E+01 -4.19987e-09
0.2074000E+01 7.96385e-09
0.2076000E+01 6.63826e-10
0.2078000E+01 2.24079e-09
0.2080000E+01 -6.49986e-10
0.2082000E+01 -9.70761e-10
0.2084000E+01 -8.49391e-09
0.2086000E+01 -8.0049e-09
0.2088000E+01 -8.1643e-09
0.2090000E+01 -9.06298e-09
0.2092000E+01 -3.14447e-09
0.2094000E+01 2.22402e-09
0.2096000E+01 -1.29067e-09
0.2098000E+01 -7.0881e-09
0.2100000E+01 -6.35294e-09
0.2102000E+01 -5.71821e-09
0.2104000E+01 -4.95953e-09
0.2106000E+01 -3.37728e-09
0.2108000E+01 -1.39691e-09
0.2110000E+01 -2.36259e-10
0.2112000E+01 -2.31543e-09
0.2114000E+01 -1.60851e-09
0.2116000E+01 4.67277e-09
0.2118000E+01 1.73433e-09
0.2120000E+01 -7.67282e-09
0.2122000E+01 -6.05353e-09
0.2124000E+01 -7.47025e-09
0.2126000E+01 -4.26448e-09
0.2128000E+01 -7.16896e-11
0.2130000E+01 2.61442e-09
0.2132000E+01 -7.04715e-10
0.2134000E+01 -5.16858e-09
0.2136000E+01 -3.55977e-09
0.2138000E+01 -1.50855e-09
0.2140000E+01 -1.07669e-09
0.2142000E+01 -2.47341e-09
0.2144000E+01 -4.19149e-09
0.2146000E+01 1.17427e-09
0.2148000E+01 -4.85074e-10
0.2150000E+01 -1.00973e-09
0.2152000E+01 -5.96181e-10
0.2154000E+01 -2.34106e-09
0.2156000E+01 -4.84371e-09
0.2158000E+01 -6.25943e-09
0.2160000E+01 -2.54369e-09
0.2162000E+01 7.02191e-10
0.2164000E+01 -3.17792e-10
0.2166000E+01 -1.83572e-09
0.2168000E+01 -1.48714e-09
0.2170000E+01 2.17928e-11
0.2172000E+01 5.80677e-10
0.2174000E+01 -3.65534e-09
0.2176000E+01 -4.55428e-09
0.2178000E+01 2.19962e-10
0.2180000E+01 9.16302e-09
0.2182000E+01 5.78355e-09
0.2184000E+01 1.90109e-09
0.2186000E+01 -7.47711e-10
0.2188000E+01 -4.69125e-10
0.2190000E+01 -3.44274e-10
0.2192000E+01 3.13456e-10
0.2194000E+01 2.67272e-09
0.2196000E+01 7.9037e-09
0.2198000E+01 3.82148e-09
0.2200000E+01 -1.106e-10
0.2202000E+01 -8.92258e-10
0.2204000E+01 -7.68448e-10
0.2206000E+01 -3.26309e-10
0.2208000E+01 9.94972e-10
0.2210000E+01 3.93642e-09
0.2212000E+01 6.66864e-09
0.2214000E+01 7.69298e-09
0.2216000E+01 2.78991e-09
0.2218000E+01 1.4973e-11
0.2220000E+01 -1.3886e-09
0.2222000E+01 5.02167e-09
0.2224000E+01 6.41782e-09
0.2226000E+01 4.84299e-09
0.2228000E+01 6.83851e-09
0.2230000E+01 7.93452e-09
0.2232000E+01 8.18578e-09
0.2234000E+01 1.16021e-08
0.2236000E+01 1.53591e-08
0.2238000E+01 1.70817e-08
0.2240000E+01 1.14378e-08
0.2242000E+01 1.10035e-08
0.2244000E+01 1.42916e-08
0.2246000E+01 2.45797e-09
0.2248000E+01 -5.15292e-09
0.2250000E+01 3.95794e-09
0.2252000E+01 1.75627e-08
0.2254000E+01 3.60882e-08
0.2256000E+01 5.04815e-08
0.2258000E+01 7.45704e-08
0.2260000E+01 2.27938e-09
0.2262000E+01 -3.14722e-08
0.2264000E+01 -2.5005e-08
0.2266000E+01 -2.04787e-08
0.2268000E+01 -1.55124e-08
0.2270000E+01 -1.46936e-08
0.2272000E+01 -1.1338e-08
0.2274000E+01 -1.151e-08
0.2276000E+01 -1.30933e-08
0.2278000E+01 -1.24467e-08
0.2280000E+01 -6.84915e-09
0.2282000E+01 -4.73453e-09
0.2284000E+01 -5.33983e-09
0.2286000E+01 -5.466e-09
0.2288000E+01 -4.29926e-09
0.2290000E+01 -4.27374e-09
0.2292000E+01 -5.11969e-09
0.2294000E+01 -4.53183e-09
0.2296000E+01 -4.18022e-09
0.2298000E+01 -5.15321e-09
0.2300000E+01 -6.22366e-09
0.2302000E+01 -6.36337e-09
0.2304000E+01 -6.38527e-09
0.2306000E+01 -6.07478e-09
0.2308000E+01 -6.43963e-09
0.2310000E+01 -7.24256e-09
0.2312000E+01 -3.61762e-09
0.2314000E+01 -4.84586e-09
0.2316000E+01 -6.71968e-09
0.2318000E+01 -7.18529e-09
0.2320000E+01 -6.55183e-09
0.2322000E+01 -6.31766e-09
0.2324000E+01 -5.95435e-09
0.2326000E+01 -5.53849e-09
0.2328000E+01 -5.41284e-09
0.2330000E+01 -5.38666e-09
0.2332000E+01 -6.8796e-09
0.2334000E+01 -7.0795e-09
0.2336000E+01 -6.03221e-09
0.2338000E+01 -6.619e-09
0.2340000E+01 -6.51134e-09
0.2342000E+01 -6.84329e-09
0.2344000E+01 -6.9569e-09
0.2346000E+01 -5.62284e-09
0.2348000E+01 -5.81512e-09
0.2350000E+01 -7.2928e-09
0.2352000E+01 -6.43741e-09
0.2354000E+01 -5.82144e-09
0.2356000E+01 -5.37234e-09
0.2358000E+01 -5.14591e-09
0.2360000E+01 -6.75593e-09
0.2362000E+01 -7.63876e-09
0.2364000E+01 -5.70484e-09
0.2366000E+01 -5.63617e-09
0.2368000E+01 -2.08175e-08
0.2370000E+01 -4.85724e-08
0.2372000E+01 -4.57322e-08
0.2374000E+01 -3.11916e-08
0.2376000E+01 -2.11792e-09
0.2378000E+01 -2.06425e-09
0.2380000E+01 -2.15793e-09
0.2382000E+01 1.86355e-08
0.2384000E+01 -3.31421e-08
0.2386000E+01 -1.71749e-08
0.2388000E+01 -1.84408e-08
0.2390000E+01 -1.99379e-08
0.2392000E+01 -2.49004e-08
0.2394000E+01 -1.13098e-08
0.2396000E+01 -1.73347e-08
0.2398000E+01 -2.12011e-08
0.2400000E+01 -1.73371e-08
0.2402000E+01 -1.32136e-08
0.2404000E+01 -1.72927e-08
0.2406000E+01 -8.35121e-09
0.2408000E+01 -1.70492e-08
0.2410000E+01 -1.71824e-08
0.2412000E+01 -9.61927e-09
0.2414000E+01 -1.32254e-08
0.2416000E+01 -1.44856e-08
0.2418000E+01 -1.86778e-08
0.2420000E+01 -1.34659e-08
0.2422000E+01 -1.75412e-08
0.2424000E+01 -1.75248e-08
0.2426000E+01 -1.71319e-08
0.2428000E+01 -2.22195e-08
0.2430000E+01 -1.93655e-08
0.2432000E+01 -1.83973e-08
0.2434000E+01 -1.63839e-08
0.2436000E+01 -1.51747e-08
0.2438000E+01 -1.41381e-08
0.2440000E+01 -1.82665e-08
0.2442000E+01 -1.72421e-08
0.2444000E+01 -1.82317e-08
0.2446000E+01 -1.67932e-08
0.2448000E+01 -1.63009e-08
0.2450000E+01 -1.6027e-08
0.2452000E+01 -1.62408e-08
0.2454000E+01 -1.60965e-08
0.2456000E+01 -2.02269e-08
0.2458000E+01 -1.78219e-08
0.2460000E+01 -1.73483e-08
0.2462000E+01 -9.57849e-09
0.2464000E+01 -1.5084e-08
0.2466000E+01 -5.37475e-09
0.2468000E+01 -1.05798e-08
0.2470000E+01 -9.40205e-09
0.2472000E+01 -9.87524e-09
0.2474000E+01 -1.19049e-08
0.2476000E+01 -1.14148e-08
0.2478000E+01 -1.00811e-08
0.2480000E+01 -1.32444e-08
0.2482000E+01 -1.15467e-08
0.2484000E+01 -1.02701e-08
0.2486000E+01 -1.06173e-08
0.2488000E+01 -1.06652e-08
0.2490000E+01 -1.19936e-08
0.2492000E+01 -1.11047e-08
0.2494000E+01 -1.33701e-08
0.2496000E+01 -1.16812e-08
0.2498000E+01 -1.2201e-08
0.2500000E+01 -1.07494e-08
0.2502000E+01 -1.27156e-08
0.2504000E+01 -1.13702e-08
0.2506000E+01 -1.06122e-08
0.2508000E+01 -1.11828e-08
0.2510000E+01 -1.21505e-08
0.2512000E+01 -1.03221e-08
0.2514000E+01 -8.01985e-09
0.2516000E+01 -1.43162e-08
0.2518000E+01 -1.24181e-08
0.2520000E+01 -1.17313e-08
0.2522000E+01 -1.06851e-08
0.2524000E+01 -1.07025e-08
0.2526000E+01 -1.12734e-08
0.2528000E+01 -1.14011e-08
0.2530000E+01 -1.0419e-08
0.2532000E+01 -1.33414e-08
0.2534000E+01 -1.69496e-08
0.2536000E+01 -1.30509e-08
0.2538000E+01 -1.19622e-08
0.2540000E+01 -1.29588e-08
0.2542000E+01 -1.22484e-08
0.2544000E+01 -1.10527e-08
0.2546000E+01 -8.49197e-09
0.2548000E+01 -1.03788e-08
0.2550000E+01 -1.06326e-08
0.2552000E+01 -1.00358e-08
0.2554000E+01 -1.23409e-08
0.2556000E+01 -1.07203e-08
0.2558000E+01 -1.06677e-08
0.2560000E+01 -1.10597e-08
0.2562000E+01 -1.29913e-08
0.2564000E+01 -1.42242e-08
0.2566000E+01 -1.558e-08
0.2568000E+01 -1.47323e-08
0.2570000E+01 -1.25729e-08
0.2572000E+01 -1.22536e-08
0.2574000E+01 -1.1762e-08
0.2576000E+01 -1.12318e-08
0.2578000E+01 -1.14078e-08
0.2580000E+01 -1.07836e-08
0.2582000E+01 -1.07063e-08
0.2584000E+01 -7.5115e-09
0.2586000E+01 -7.41797e-09
0.2588000E+01 -9.64767e-09
0.2590000E+01 -9.52647e-09
0.2592000E+01 -1.39924e-08
0.2594000E+01 -1.87456e-08
0.2596000E+01 -1.56829e-08
0.2598000E+01 -1.38845e-08
0.2600000E+01 -1.19916e-08
0.2602000E+01 -1.1434e-08
0.2604000E+01 -1.10871e-08
0.2606000E+01 -9.93957e-09
0.2608000E+01 -1.10587e-08
0.2610000E+01 -1.03794e-08
0.2612000E+01 -1.0474e-08
0.2614000E+01 -1.03744e-08
0.2616000E+01 -9.96713e-09
0.2618000E+01 -9.85688e-09
0.2620000E+01 -9.54446e-09
0.2622000E+01 -1.61165e-08
0.2624000E+01 -1.64188e-08
0.2626000E+01 -1.15803e-08
0.2628000E+01 -1.1866e-08
0.2630000E+01 -1.06628e-08
0.2632000E+01 -9.97694e-09
0.2634000E+01 -1.01637e-08
0.2636000E+01 -1.12327e-08
0.2638000E+01 -1.0091e-08
0.2640000E+01 -9.81527e-09
0.2642000E+01 -9.66328e-09
0.2644000E+01 -9.3904e-09
0.2646000E+01 -9.09795e-09
0.2648000E+01 -9.46783e-09
0.2650000E+01 -1.41156e-08
0.2652000E+01 -1.57016e-08
0.2654000E+01 -1.26894e-08
0.2656000E+01 -1.06356e-08
0.2658000E+01 -1.22627e-08
0.2660000E+01 -1.17521e-08
0.2662000E+01 -1.15548e-08
0.2664000E+01 -9.79803e-09
0.2666000E+01 -1.02532e-08
0.2668000E+01 -6.58602e-09
0.2670000E+01 -7.70392e-09
0.2672000E+01 -7.66495e-09
0.2674000E+01 -7.70919e-09
0.2676000E+01 -8.6388e-09
0.2678000E+01 -1.11217e-08
0.2680000E+01 -1.13709e-08
0.2682000E+01 -1.01144e-08
0.2684000E+01 -1.17567e-08
0.2686000E+01 -9.90176e-09
0.2688000E+01 -8.88925e-09
0.2690000E+01 -9.1808e-09
0.2692000E+01 -8.94792e-09
0.2694000E+01 -8.55308e-09
0.2696000E+01 -8.32622e-09
0.2698000E+01 -8.46213e-09
0.2700000E+01 -9.58662e-09
0.2702000E+01 -8.29897e-09
0.2704000E+01 -1.03243e-08
0.2706000E+01 -5.09355e-09
0.2708000E+01 -6.14675e-09
0.2710000E+01 -6.60386e-09
0.2712000E+01 -5.2848e-09
0.2714000E+01 -7.3241e-09
0.2716000E+01 -8.47474e-09
0.2718000E+01 -6.27679e-09
0.2720000E+01 -7.9488e-09
0.2722000E+01 -6.83417e-09
0.2724000E+01 -6.59389e-09
0.2726000E+01 -6.32444e-09
0.2728000E+01 -6.14165e-09
0.2730000E+01 -5.94204e-09
0.2732000E+01 -9.79015e-09
0.2734000E+01 -6.01233e-09
0.2736000E+01 -6.94007e-09
0.2738000E+01 -7.65747e-09
0.2740000E+01 -6.34435e-09
0.2742000E+01 -1.1565e-10
0.2744000E+01 -6.98889e-10
0.2746000E+01 -3.93344e-09
0.2748000E+01 -5.31306e-09
0.2750000E+01 -4.02656e-09
0.2752000E+01 -4.26126e-09
0.2754000E+01 -6.52858e-09
0.2756000E+01 -4.50969e-09
0.2758000E+01 -5.67139e-09
0.2760000E+01 -5.57812e-09
0.2762000E+01 -4.1735e-09
0.2764000E+01 -3.66768e-09
0.2766000E+01 -3.55508e-09
0.2768000E+01 -4.61216e-09
0.2770000E+01 -3.70341e-09
0.2772000E+01 -1.99098e-09
0.2774000E+01 -2.52285e-09
0.2776000E+01 -1.06152e-09
0.2778000E+01 -1.08981e-09
0.2780000E+01 -1.01865e-09
0.2782000E+01 -2.87394e-09
0.2784000E+01 -1.74522e-09
0.2786000E+01 -2.29685e-09
0.2788000E+01 -1.60416e-09
0.2790000E+01 -6.88163e-10
0.2792000E+01 -5.16848e-10
0.2794000E+01 -1.28331e-09
0.2796000E+01 -2.10473e-09
0.2798000E+01 -8.48592e-10
0.2800000E+01 -5.43317e-10
0.2802000E+01 -2.58649e-10
0.2804000E+01 3.24302e-10
0.2806000E+01 -1.95215e-09
0.2808000E+01 -4.40151e-09
0.2810000E+01 1.41743e-09
0.2812000E+01 2.06433e-09
0.2814000E+01 9.53515e-10
0.2816000E+01 -2.38038e-10
0.2818000E+01 1.50465e-09
0.2820000E+01 1.53621e-09
0.2822000E+01 1.61156e-09
0.2824000E+01 1.83571e-09
0.2826000E+01 -6.8407e-11
0.2828000E+01 2.179e-09
0.2830000E+01 2.35164e-09
0.2832000E+01 2.05377e-09
0.2834000E+01 2.04165e-10
0.2836000E+01 1.45604e-09
0.2838000E+01 5.30802e-10
0.2840000E+01 -1.82458e-09
0.2842000E+01 2.80122e-11
0.2844000E+01 4.80501e-09
0.2846000E+01 7.27715e-10
0.2848000E+01 4.93337e-09
0.2850000E+01 5.71343e-09
0.2852000E+01 3.7422e-09
0.2854000E+01 4.44663e-09
0.2856000E+01 8.1317e-09
0.2858000E+01 4.83205e-09
0.2860000E+01 4.79648e-09
0.2862000E+01 6.19331e-09
0.2864000E+01 8.78813e-09
0.2866000E+01 5.97613e-09
0.2868000E+01 5.82707e-09
0.2870000E+01 4.80173e-09
0.2872000E+01 6.14691e-09
0.2874000E+01 8.63664e-09
0.2876000E+01 9.6486e-09
0.2878000E+01 8.84539e-09
0.2880000E+01 9.11273e-09
0.2882000E+01 9.70222e-09
0.2884000E+01 1.19867e-08
0.2886000E+01 8.63296e-09
0.2888000E+01 8.79228e-09
0.2890000E+01 9.45722e-09
0.2892000E+01 1.06166e-08
0.2894000E+01 1.15097e-08
0.2896000E+01 1.36517e-08
0.2898000E+01 1.05048e-08
0.2900000E+01 9.1668e-09
0.2902000E+01 1.05047e-08
0.2904000E+01 1.06385e-08
0.2906000E+01 9.63928e-09
0.2908000E+01 1.33513e-08
0.2910000E+01 1.4372e-08
0.2912000E+01 1.41486e-08
0.2914000E+01 1.23912e-08
0.2916000E+01 1.2947e-08
0.2918000E+01 1.32104e-08
0.2920000E+01 1.34734e-08
0.2922000E+01 1.5432e-08
0.2924000E+01 1.3778e-08
0.2926000E+01 1.32317e-08
0.2928000E+01 1.2983e-08
0.2930000E+01 1.28916e-08
0.2932000E+01 1.40676e-08
0.2934000E+01 1.55152e-08
0.2936000E+01 1.53892e-08
0.2938000E+01 1.48977e-08
0.2940000E+01 7.26122e-08
0.2942000E+01 7.47705e-08
0.2944000E+01 5.51904e-09
0.2946000E+01 3.35685e-09
0.2948000E+01 4.18882e-09
0.2950000E+01 5.03942e-09
0.2952000E+01 6.60535e-09
0.2954000E+01 -3.46438e-09
0.2956000E+01 5.25093e-09
0.2958000E+01 1.58733e-08
0.2960000E+01 7.17893e-09
0.2962000E+01 4.03589e-09
0.2964000E+01 3.30713e-09
0.2966000E+01 2.35838e-09
0.2968000E+01 3.18721e-09
0.2970000E+01 -3.73364e-10
0.2972000E+01 5.33634e-09
0.2974000E+01 1.8331e-08
0.2976000E+01 1.42486e-08
0.2978000E+01 1.04206e-08
0.2980000E+01 1.09222e-08
0.2982000E+01 9.46359e-09
0.2984000E+01 3.68363e-09
0.2986000E+01 1.70809e-09
0.2988000E+01 4.87929e-09
0.2990000E+01 1.8251e-09
0.2992000E+01 -1.66702e-09
0.2994000E+01 -2.01602e-09
0.2996000E+01 4.99126e-09
0.2998000E+01 2.02416e-08
0.3000000E+01 1.49759e-08
0.3002000E+01 1.24522e-08
0.3004000E+01 9.8842e-09
0.3006000E+01 9.76828e-09
0.3008000E+01 1.1849e-08
0.3010000E+01 1.06094e-08
0.3012000E+01 6.73175e-09
0.3014000E+01 3.31715e-09
0.3016000E+01 3.84792e-09
0.3018000E+01 5.15736e-09
0.3020000E+01 3.2e-09
0.3022000E+01 3.08659e-09
0.3024000E+01 3.88134e-09
0.3026000E+01 4.03968e-09
0.3028000E+01 3.72413e-09
0.3030000E+01 1.47989e-08
0.3032000E+01 2.53669e-08
0.3034000E+01 1.877e-08
0.3036000E+01 1.46587e-08
0.3038000E+01 1.23663e-08
0.3040000E+01 1.11743e-08
0.3042000E+01 1.0753e-08
0.3044000E+01 1.00407e-08
0.3046000E+01 1.35334e-08
0.3048000E+01 1.02062e-08
0.3050000E+01 8.88572e-09
0.3052000E+01 9.09213e-09
0.3054000E+01 8.76209e-09
0.3056000E+01 8.53218e-09
0.3058000E+01 7.37839e-09
0.3060000E+01 7.5866e-09
0.3062000E+01 7.08698e-09
0.3064000E+01 7.68625e-09
0.3066000E+01 6.83125e-09
0.3068000E+01 6.79846e-09
0.3070000E+01 7.19931e-09
0.3072000E+01 7.28451e-09
0.3074000E+01 8.37332e-09
0.3076000E+01 1.76215e-08
0.3078000E+01 2.39584e-08
0.3080000E+01 1.7864e-08
0.3082000E+01 1.63336e-08
0.3084000E+01 1.3446e-08
0.3086000E+01 1.18275e-08
0.3088000E+01 1.1588e-08
0.3090000E+01 1.07612e-08
0.3092000E+01 9.29322e-09
0.3094000E+01 1.17623e-08
0.3096000E+01 9.37404e-09
0.3098000E+01 1.11071e-08
0.3100000E+01 1.18133e-08
0.3102000E+01 1.1884e-08
0.3104000E+01 1.05031e-08
0.3106000E+01 1.02295e-08
0.3108000E+01 1.1842e-08
0.3110000E+01 1.2205e-08
0.3112000E+01 9.90007e-09
0.3114000E+01 9.5419e-09
0.3116000E+01 1.01457e-08
0.3118000E+01 9.39769e-09
0.3120000E+01 9.8867e-09
0.3122000E+01 9.88563e-09
0.3124000E+01 6.67294e-09
0.3126000E+01 6.57966e-09
0.3128000E+01 5.4291e-09
0.3130000E+01 5.26207e-09
0.3132000E+01 9.98638e-09
0.3134000E+01 6.35851e-09
0.3136000E+01 1.24992e-08
0.3138000E+01 2.42232e-08
0.3140000E+01 1.4329e-08
0.3142000E+01 1.16821e-08
0.3144000E+01 1.0735e-08
0.3146000E+01 1.35126e-08
0.3148000E+01 1.43804e-08
0.3150000E+01 1.10536e-08
0.3152000E+01 1.1087e-08
0.3154000E+01 1.14857e-08
0.3156000E+01 1.14547e-08
0.3158000E+01 6.1111e-09
0.3160000E+01 1.17263e-08
0.3162000E+01 8.20744e-09
0.3164000E+01 6.18618e-09
0.3166000E+01 1.56178e-08
0.3168000E+01 1.13005e-08
0.3170000E+01 -1.01862e-09
0.3172000E+01 -6.53779e-09
0.3174000E+01 -2.1695e-09
0.3176000E+01 6.6945e-09
0.3178000E+01 4.85747e-09
0.3180000E+01 2.89825e-09
0.3182000E+01 1.06746e-08
0.3184000E+01 8.99659e-09
0.3186000E+01 1.0757e-08
0.3188000E+01 1.12739e-08
0.3190000E+01 1.47917e-08
0.3192000E+01 1.41536e-08
0.3194000E+01 1.30726e-08
0.3196000E+01 1.40341e-08
0.3198000E+01 1.48602e-08
0.3200000E+01 1.43869e-08
0.3202000E+01 1.84463e-08
0.3204000E+01 1.80711e-08
0.3206000E+01 1.69109e-08
0.3208000E+01 1.57614e-08
0.3210000E+01 1.61994e-08
0.3212000E+01 2.17559e-08
0.3214000E+01 2.91121e-08
0.3216000E+01 2.20342e-08
0.3218000E+01 1.455e-08
0.3220000E+01 6.62691e-09
0.3222000E+01 1.03707e-08
0.3224000E+01 1.84982e-08
0.3226000E+01 1.80304e-08
0.3228000E+01 1.52873e-08
0.3230000E+01 1.35894e-08
0.3232000E+01 1.39523e-08
0.3234000E+01 2.04246e-08
0.3236000E+01 2.31777e-08
0.3238000E+01 1.87247e-08
0.3240000E+01 1.66798e-08
0.3242000E+01 1.76783e-08
0.3244000E+01 3.28976e-08
0.3246000E+01 1.74293e-08
0.3248000E+01 1.91665e-08
0.3250000E+01 2.37612e-08
0.3252000E+01 6.50255e-08
0.3254000E+01 2.97403e-08
0.3256000E+01 3.0834e-08
0.3258000E+01 -3.02257e-09
0.3260000E+01 1.52008e-08
0.3262000E+01 -5.02202e-09
0.3264000E+01 -1.41153e-09
0.3266000E+01 2.89651e-08
0.3268000E+01 1.00226e-08
0.3270000E+01 1.50884e-08
0.3272000E+01 3.18911e-08
0.3274000E+01 3.43746e-08
0.3276000E+01 4.83601e-08
0.3278000E+01 -6.26863e-09
0.3280000E+01 -7.94605e-09
0.3282000E+01 1.96106e-08
0.3284000E+01 2.68377e-08
0.3286000E+01 6.62674e-08
0.3288000E+01 -2.66735e-08
0.3290000E+01 3.22196e-08
0.3292000E+01 1.9111e-08
0.3294000E+01 2.96984e-08
0.3296000E+01 1.0981e-09
0.3298000E+01 -2.80472e-08
0.3300000E+01 -4.22863e-09
0.3302000E+01 -6.91376e-09
0.3304000E+01 -4.92299e-09
0.3306000E+01 5.14462e-09
0.3308000E+01 4.28014e-09
0.3310000E+01 4.6594e-09
0.3312000E+01 3.52981e-09
0.3314000E+01 4.22545e-09
0.3316000E+01 5.03236e-09
0.3318000E+01 5.10226e-09
0.3320000E+01 4.8889e-09
0.3322000E+01 6.59148e-09
0.3324000E+01 5.92264e-09
0.3326000E+01 9.90184e-09
0.3328000E+01 8.22988e-09
0.3330000E+01 8.80642e-09
0.3332000E+01 8.80482e-09
0.3334000E+01 8.57468e-09
0.3336000E+01 8.58599e-09
0.3338000E+01 8.40696e-09
0.3340000E+01 7.70321e-09
0.3342000E+01 6.96212e-09
0.3344000E+01 7.61176e-09
0.3346000E+01 8.32353e-09
0.3348000E+01 8.32648e-09
0.3350000E+01 9.00906e-09
0.3352000E+01 8.83013e-09
0.3354000E+01 8.81279e-09
0.3356000E+01 9.95111e-09
0.3358000E+01 9.1131e-09
0.3360000E+01 9.66933e-09
0.3362000E+01 9.49831e-09
0.3364000E+01 7.02682e-09
0.3366000E+01 8.41696e-09
0.3368000E+01 8.80181e-09
0.3370000E+01 9.27129e-09
0.3372000E+01 8.48157e-09
0.3374000E+01 8.71994e-09
0.3376000E+01 9.05588e-09
0.3378000E+01 9.06185e-09
0.3380000E+01 9.72858e-09
0.3382000E+01 1.00955e-08
0.3384000E+01 7.80622e-09
0.3386000E+01 8.41177e-09
0.3388000E+01 1.0401e-08
0.3390000E+01 8.57516e-09
0.3392000E+01 6.75624e-09
0.3394000E+01 8.83492e-09
0.3396000E+01 8.80525e-09
0.3398000E+01 9.28254e-09
0.3400000E+01 9.60933e-09
0.3402000E+01 7.21784e-09
0.3404000E+01 8.37942e-09
0.3406000E+01 8.91298e-09
0.3408000E+01 8.66323e-09
0.3410000E+01 8.89917e-09
0.3412000E+01 9.19433e-09
0.3414000E+01 9.33887e-09
0.3416000E+01 9.50794e-09
0.3418000E+01 9.50225e-09
0.3420000E+01 6.30098e-09
0.3422000E+01 7.30624e-09
0.3424000E+01 7.82238e-09
0.3426000E+01 8.88256e-09
0.3428000E+01 8.48216e-09
0.3430000E+01 1.21207e-08
0.3432000E+01 9.29672e-09
0.3434000E+01 9.4205e-09
0.3436000E+01 7.2589e-09
0.3438000E+01 5.94166e-09
0.3440000E+01 7.88061e-09
0.3442000E+01 6.97396e-09
0.3444000E+01 6.26951e-09
0.3446000E+01 7.69434e-09
0.3448000E+01 7.88499e-09
0.3450000E+01 7.66766e-09
0.3452000E+01 2.90936e-09
0.3454000E+01 6.1004e-09
0.3456000E+01 9.22215e-09
0.3458000E+01 8.27874e-09
0.3460000E+01 8.31265e-09
0.3462000E+01 7.74857e-09
0.3464000E+01 7.70697e-09
0.3466000E+01 7.23841e-10
0.3468000E+01 4.21738e-09
0.3470000E+01 5.4985e-09
0.3472000E+01 6.26701e-09
0.3474000E+01 5.6944e-09
0.3476000E+01 6.50123e-09
0.3478000E+01 4.10893e-09
0.3480000E+01 2.27476e-09
0.3482000E+01 4.99226e-09
0.3484000E+01 4.69117e-09
0.3486000E+01 7.08544e-09
0.3488000E+01 5.51153e-09
0.3490000E+01 2.63877e-09
0.3492000E+01 -2.43845e-09
0.3494000E+01 4.09617e-09
0.3496000E+01 3.08199e-09
0.3498000E+01 1.05604e-09
0.3500000E+01 4.68034e-09
0.3502000E+01 -2.88207e-09
0.3504000E+01 -4.41162e-10
0.3506000E+01 3.06742e-09
0.3508000E+01 5.65989e-09
0.3510000E+01 -1.98498e-10
0.3512000E+01 -7.67099e-09
0.3514000E+01 5.08139e-09
0.3516000E+01 2.23538e-09
0.3518000E+01 -2.06247e-09
0.3520000E+01 1.83443e-09
0.3522000E+01 3.60156e-09
0.3524000E+01 1.02611e-08
0.3526000E+01 6.97699e-09
0.3528000E+01 8.98972e-09
0.3530000E+01 8.53402e-09
0.3532000E+01 1.06323e-08
0.3534000E+01 1.08605e-08
0.3536000E+01 9.3294e-09
0.3538000E+01 1.21298e-08
0.3540000E+01 1.57217e-08
0.3542000E+01 1.4825e-08
0.3544000E+01 1.67548e-08
0.3546000E+01 2.38144e-08
0.3548000E+01 1.46565e-08
0.3550000E+01 1.53184e-08
0.3552000E+01 1.79325e-08
0.3554000E+01 2.41739e-08
0.3556000E+01 1.42423e-08
0.3558000E+01 1.14618e-08
0.3560000E+01 3.15572e-08
0.3562000E+01 2.33532e-08
0.3564000E+01 2.48045e-08
0.3566000E+01 1.81949e-08
0.3568000E+01 1.59886e-08
0.3570000E+01 1.76661e-08
0.3572000E+01 1.88517e-08
0.3574000E+01 4.98972e-08
0.3576000E+01 2.82216e-08
0.3578000E+01 2.07335e-08
0.3580000E+01 2.38468e-08
0.3582000E+01 2.2309e-08
0.3584000E+01 1.7093e-08
0.3586000E+01 5.30442e-08
0.3588000E+01 3.95341e-08
0.3590000E+01 5.05688e-08
0.3592000E+01 1.96601e-08
0.3594000E+01 1.16869e-07
0.3596000E+01 3.20227e-08
0.3598000E+01 3.37666e-07
0.3600000E+01 -8.11087e-07
0.3602000E+01 -3.63755e-08
0.3604000E+01 -1.98851e-08
0.3606000E+01 8.11596e-10
0.3608000E+01 2.99942e-09
0.3610000E+01 -1.5153e-09
0.3612000E+01 -2.62557e-09
0.3614000E+01 8.10827e-09
0.3616000E+01 1.07564e-08
0.3618000E+01 3.82148e-09
0.3620000E+01 4.81637e-09
0.3622000E+01 9.95077e-09
0.3624000E+01 8.18668e-09
0.3626000E+01 9.78404e-10
0.3628000E+01 1.53313e-09
0.3630000E+01 -5.84223e-09
0.3632000E+01 7.44492e-09
0.3634000E+01 5.40977e-09
0.3636000E+01 4.33646e-09
0.3638000E+01 -3.98463e-10
0.3640000E+01 1.28491e-08
0.3642000E+01 1.74763e-08
0.3644000E+01 2.53991e-08
0.3646000E+01 9.93022e-09
0.3648000E+01 1.51133e-09
0.3650000E+01 6.46908e-09
0.3652000E+01 5.88352e-09
0.3654000E+01 5.56455e-09
0.3656000E+01 5.50636e-09
0.3658000E+01 5.17968e-09
0.3660000E+01 8.50773e-09
0.3662000E+01 8.55617e-09
0.3664000E+01 7.64338e-09
0.3666000E+01 7.92483e-09
0.3668000E+01 1.00432e-08
0.3670000E+01 2.67372e-08
0.3672000E+01 1.09893e-08
0.3674000E+01 9.09683e-09
0.3676000E+01 7.21616e-09
0.3678000E+01 7.53475e-09
0.3680000E+01 6.71308e-09
0.3682000E+01 8.90587e-09
0.3684000E+01 8.6125e-09
0.3686000E+01 8.68987e-09
0.3688000E+01 8.27862e-09
0.3690000E+01 9.40315e-09
0.3692000E+01 6.99861e-09
0.3694000E+01 1.01621e-08
0.3696000E+01 1.05049e-08
0.3698000E+01 1.19406e-08
0.3700000E+01 1.52996e-08
0.3702000E+01 1.50951e-08
0.3704000E+01 9.88394e-09
0.3706000E+01 1.10483e-08
0.3708000E+01 9.86325e-09
0.3710000E+01 1.01018e-08
0.3712000E+01 9.87104e-09
0.3714000E+01 9.63348e-09
0.3716000E+01 8.79782e-09
0.3718000E+01 9.43798e-09
0.3720000E+01 9.0316e-09
0.3722000E+01 9.76397e-09
0.3724000E+01 1.00157e-08
0.3726000E+01 1.04581e-08
0.3728000E+01 1.09705e-08
0.3730000E+01 1.07066e-08
0.3732000E+01 1.20357e-08
0.3734000E+01 1.30069e-08
0.3736000E+01 1.2256e-08
0.3738000E+01 1.19305e-08
0.3740000E+01 1.12034e-08
0.3742000E+01 1.00023e-08
0.3744000E+01 1.07331e-08
0.3746000E+01 1.05499e-08
0.3748000E+01 1.0316e-08
0.3750000E+01 1.01488e-08
0.3752000E+01 1.0087e-08
0.3754000E+01 9.89597e-09
0.3756000E+01 1.04918e-08
0.3758000E+01 9.44313e-09
0.3760000E+01 9.86882e-09
0.3762000E+01 1.05896e-08
0.3764000E+01 1.10304e-08
0.3766000E+01 1.14129e-08
0.3768000E+01 1.25887e-08
0.3770000E+01 1.21859e-08
0.3772000E+01 1.21843e-08
0.3774000E+01 1.18057e-08
0.3776000E+01 1.20421e-08
0.3778000E+01 1.18688e-08
0.3780000E+01 1.1273e-08
0.3782000E+01 1.12647e-08
0.3784000E+01 1.0657e-08
0.3786000E+01 1.09721e-08
0.3788000E+01 1.07848e-08
0.3790000E+01 9.71398e-09
0.3792000E+01 9.33652e-09
0.3794000E+01 1.07245e-08
0.3796000E+01 1.08607e-08
0.3798000E+01 1.02187e-08
0.3800000E+01 9.8285e-09
0.3802000E+01 9.70843e-09
0.3804000E+01 1.05794e-08
0.3806000E+01 1.06126e-08
0.3808000E+01 1.12547e-08
0.3810000E+01 1.20161e-08
0.3812000E+01 1.2032e-08
0.3814000E+01 1.22327e-08
0.3816000E+01 1.1147e-08
0.3818000E+01 1.13412e-08
0.3820000E+01 1.18686e-08
0.3822000E+01 1.13242e-08
0.3824000E+01 1.14188e-08
0.3826000E+01 1.10447e-08
0.3828000E+01 9.83098e-09
0.3830000E+01 9.64487e-09
0.3832000E+01 1.1158e-08
0.3834000E+01 1.09937e-08
0.3836000E+01 1.18121e-08
0.3838000E+01 1.02803e-08
0.3840000E+01 1.11755e-08
0.3842000E+01 7.69486e-09
0.3844000E+01 1.43783e-08
0.3846000E+01 2.8473e-08
0.3848000E+01 2.58058e-08
0.3850000E+01 1.65107e-08
0.3852000E+01 9.08556e-09
0.3854000E+01 8.45711e-09
0.3856000E+01 9.00079e-09
0.3858000E+01 9.69488e-09
0.3860000E+01 9.23117e-09
0.3862000E+01 9.23686e-09
0.3864000E+01 9.79174e-09
0.3866000E+01 8.87714e-09
0.3868000E+01 9.55009e-09
0.3870000E+01 9.96422e-09
0.3872000E+01 9.1013e-09
0.3874000E+01 8.9144e-09
0.3876000E+01 9.00292e-09
0.3878000E+01 8.33498e-09
0.3880000E+01 8.28523e-09
0.3882000E+01 8.59559e-09
0.3884000E+01 8.19663e-09
0.3886000E+01 8.06999e-09
0.3888000E+01 8.16683e-09
0.3890000E+01 7.88734e-09
0.3892000E+01 7.69965e-09
0.3894000E+01 7.92164e-09
0.3896000E+01 7.75166e-09
0.3898000E+01 8.32649e-09
0.3900000E+01 7.61566e-09
0.3902000E+01 7.55093e-09
0.3904000E+01 7.35827e-09
0.3906000E+01 6.88028e-09
0.3908000E+01 7.04891e-09
0.3910000E+01 7.03364e-09
0.3912000E+01 6.96033e-09
0.3914000E+01 7.35232e-09
0.3916000E+01 6.12482e-09
0.3918000E+01 6.19952e-09
0.3920000E+01 7.11493e-09
0.3922000E+01 6.95308e-09
0.3924000E+01 6.74158e-09
0.3926000E+01 6.71847e-09
0.3928000E+01 7.41272e-09
0.3930000E+01 6.77587e-09
0.3932000E+01 6.86013e-09
0.3934000E+01 6.76756e-09
0.3936000E+01 6.74646e-09
0.3938000E+01 6.71261e-09
0.3940000E+01 7.46382e-09
0.3942000E+01 6.72989e-09
0.3944000E+01 7.06572e-09
0.3946000E+01 6.91901e-09
0.3948000E+01 6.93233e-09
0.3950000E+01 6.67843e-09
0.3952000E+01 6.66442e-09
0.3954000E+01 6.24254e-09
0.3956000E+01 6.08194e-09
0.3958000E+01 6.09935e-09
0.3960000E+01 6.33238e-09
0.3962000E+01 5.95339e-09
0.3964000E+01 5.83829e-09
0.3966000E+01 6.25833e-09
0.3968000E+01 6.28405e-09
0.3970000E+01 6.54963e-09
0.3972000E+01 6.31507e-09
0.3974000E+01 5.87656e-09
0.3976000E+01 5.92558e-09
0.3978000E+01 4.83155e-09
0.3980000E+01 4.78823e-09
0.3982000E+01 4.29983e-09
0.3984000E+01 5.19768e-09
0.3986000E+01 5.67812e-09
0.3988000E+01 5.44907e-09
0.3990000E+01 5.39071e-09
0.3992000E+01 5.34067e-09
0.3994000E+01 5.34389e-09
0.3996000E+01 5.11418e-09
0.3998000E+01 5.05716e-09
0.4000000E+01 4.7433e-09
