0.0000000E+00 0
0.2000000E-02 0
0.4000000E-02 0
0.6000000E-02 0
0.8000000E-02 0
0.1000000E-01 0
0.1200000E-01 0
0.1400000E-01 0
0.1600000E-01 0
0.1800000E-01 0
0.2000000E-01 0
0.2200000E-01 0
0.2400000E-01 0
0.2600000E-01 0
0.2800000E-01 0
0.3000000E-01 0
0.3200000E-01 0
0.3400000E-01 0
0.3600000E-01 0
0.3800000E-01 0
0.4000000E-01 0
0.4200000E-01 0
0.4400000E-01 0
0.4600000E-01 0
0.4800000E-01 0
0.5000000E-01 0
0.5200000E-01 0
0.5400000E-01 0
0.5600000E-01 0
0.5800000E-01 0
0.6000000E-01 0
0.6200000E-01 0
0.6400000E-01 0
0.6600000E-01 0
0.6800000E-01 0
0.7000000E-01 0
0.7200000E-01 0
0.7400000E-01 0
0.7600000E-01 0
0.7800000E-01 0
0.8000000E-01 0
0.8200000E-01 0
0.8400000E-01 0
0.8600000E-01 1.11636e-05
0.8800000E-01 9.58403e-06
0.9000000E-01 3.59981e-06
0.9200000E-01 9.20827e-07
0.9400000E-01 4.56274e-07
0.9600000E-01 1.06859e-07
0.9800000E-01 -2.19503e-07
0.1000000E+00 -3.89595e-07
0.1020000E+00 -3.31337e-07
0.1040000E+00 -1.3251e-07
0.1060000E+00 7.10609e-08
0.1080000E+00 1.54954e-07
0.1100000E+00 -1.65878e-07
0.1120000E+00 -3.6011e-08
0.1140000E+00 8.73412e-08
0.1160000E+00 2.17726e-07
0.1180000E+00 4.68302e-07
0.1200000E+00 1.46349e-06
0.1220000E+00 2.66805e-07
0.1240000E+00 -9.56021e-07
0.1260000E+00 -9.17616e-07
0.1280000E+00 -5.67123e-07
0.1300000E+00 -4.92473e-07
0.1320000E+00 -4.63482e-07
0.1340000E+00 -3.01922e-07
0.1360000E+00 1.84586e-08
0.1380000E+00 6.81647e-08
0.1400000E+00 7.05874e-08
0.1420000E+00 7.1048e-08
0.1440000E+00 4.56504e-08
0.1460000E+00 2.87985e-08
0.1480000E+00 3.32698e-08
0.1500000E+00 3.89165e-08
0.1520000E+00 2.82513e-08
0.1540000E+00 1.255e-08
0.1560000E+00 -4.23735e-09
0.1580000E+00 -2.11611e-08
0.1600000E+00 -3.83603e-08
0.1620000E+00 -5.76131e-08
0.1640000E+00 -7.70707e-08
0.1660000E+00 -1.02087e-08
0.1680000E+00 2.27604e-07
0.1700000E+00 3.07784e-07
0.1720000E+00 3.82277e-07
0.1740000E+00 4.51105e-07
0.1760000E+00 -4.33622e-07
0.1780000E+00 -2.3346e-07
0.1800000E+00 -2.04505e-07
0.1820000E+00 -1.97089e-07
0.1840000E+00 -1.88838e-07
0.1860000E+00 -1.80305e-07
0.1880000E+00 -1.58053e-07
0.1900000E+00 -1.36649e-07
0.1920000E+00 -8.33737e-08
0.1940000E+00 1.45854e-07
0.1960000E+00 1.2877e-07
0.1980000E+00 1.07458e-07
0.2000000E+00 8.5084e-08
0.2020000E+00 6.15988e-08
0.2040000E+00 3.69477e-08
0.2060000E+00 1.10707e-08
0.2080000E+00 -1.5729e-08
0.2100000E+00 -4.24767e-08
0.2120000E+00 -4.17905e-08
0.2140000E+00 -2.15346e-08
0.2160000E+00 -1.4243e-09
0.2180000E+00 1.43795e-08
0.2200000E+00 2.78743e-08
0.2220000E+00 6.26759e-08
0.2240000E+00 2.02428e-07
0.2260000E+00 2.45362e-07
0.2280000E+00 2.86263e-07
0.2300000E+00 1.5496e-07
0.2320000E+00 -2.34116e-07
0.2340000E+00 -1.7625e-07
0.2360000E+00 -1.60111e-07
0.2380000E+00 -1.31978e-07
0.2400000E+00 -9.70322e-08
0.2420000E+00 -9.47851e-08
0.2440000E+00 -9.23914e-08
0.2460000E+00 -9.05474e-08
0.2480000E+00 -8.90165e-08
0.2500000E+00 -1.70974e-08
0.2520000E+00 1.39924e-07
0.2540000E+00 1.18647e-07
0.2560000E+00 9.47775e-08
0.2580000E+00 6.69483e-08
0.2600000E+00 3.82171e-08
0.2620000E+00 1.09873e-08
0.2640000E+00 -2.59979e-09
0.2660000E+00 9.33555e-09
0.2680000E+00 1.89444e-08
0.2700000E+00 3.08603e-08
0.2720000E+00 4.16481e-08
0.2740000E+00 5.28158e-08
0.2760000E+00 6.36842e-08
0.2780000E+00 7.46088e-08
0.2800000E+00 2.15653e-07
0.2820000E+00 1.25125e-07
0.2840000E+00 -1.26949e-07
0.2860000E+00 -7.1152e-08
0.2880000E+00 -6.39759e-08
0.2900000E+00 -7.42035e-08
0.2920000E+00 -7.24329e-08
0.2940000E+00 -7.05165e-08
0.2960000E+00 -6.84978e-08
0.2980000E+00 -6.65139e-08
0.3000000E+00 -6.49806e-08
0.3020000E+00 -5.59954e-08
0.3040000E+00 -5.17859e-08
0.3060000E+00 1.30625e-07
0.3080000E+00 1.13404e-07
0.3100000E+00 9.59921e-08
0.3120000E+00 7.8372e-08
0.3140000E+00 6.56439e-08
0.3160000E+00 6.11495e-08
0.3180000E+00 5.4057e-08
0.3200000E+00 5.5375e-08
0.3220000E+00 6.52045e-08
0.3240000E+00 7.46446e-08
0.3260000E+00 8.45378e-08
0.3280000E+00 9.48275e-08
0.3300000E+00 2.46287e-08
0.3320000E+00 -4.03247e-07
0.3340000E+00 -8.85978e-08
0.3360000E+00 2.11387e-07
0.3380000E+00 1.96907e-08
0.3400000E+00 -5.53923e-08
0.3420000E+00 -5.26441e-08
0.3440000E+00 -5.00298e-08
0.3460000E+00 -4.12606e-08
0.3480000E+00 -2.9231e-08
0.3500000E+00 -2.75812e-08
0.3520000E+00 -2.56063e-08
0.3540000E+00 -2.35156e-08
0.3560000E+00 8.64772e-08
0.3580000E+00 1.18409e-07
0.3600000E+00 1.1602e-07
0.3620000E+00 1.09658e-07
0.3640000E+00 1.04938e-07
0.3660000E+00 1.02023e-07
0.3680000E+00 1.07781e-07
0.3700000E+00 1.12096e-07
0.3720000E+00 1.14229e-07
0.3740000E+00 5.33828e-08
0.3760000E+00 -4.73852e-07
0.3780000E+00 -1.63307e-07
0.3800000E+00 -1.55404e-07
0.3820000E+00 -1.47698e-07
0.3840000E+00 6.85272e-07
0.3860000E+00 -4.10802e-08
0.3880000E+00 -1.52864e-08
0.3900000E+00 -1.17963e-08
0.3920000E+00 -8.00954e-09
0.3940000E+00 -4.09196e-09
0.3960000E+00 -5.79967e-11
0.3980000E+00 4.36343e-09
0.4000000E+00 8.93109e-09
0.4020000E+00 1.45362e-08
0.4040000E+00 1.49761e-07
0.4060000E+00 1.60957e-07
0.4080000E+00 1.6936e-07
0.4100000E+00 1.78019e-07
0.4120000E+00 1.86369e-07
0.4140000E+00 -1.49477e-07
0.4160000E+00 -1.40485e-07
0.4180000E+00 -1.44567e-07
0.4200000E+00 -1.41563e-07
0.4220000E+00 -1.39934e-07
0.4240000E+00 -9.76323e-08
0.4260000E+00 1.01659e-07
0.4280000E+00 1.49618e-07
0.4300000E+00 1.04107e-07
0.4320000E+00 5.53215e-08
0.4340000E+00 1.64924e-08
0.4360000E+00 2.34959e-08
0.4380000E+00 3.07556e-08
0.4400000E+00 4.4756e-08
0.4420000E+00 5.36151e-08
0.4440000E+00 6.14743e-08
0.4460000E+00 7.01619e-08
0.4480000E+00 2.7607e-07
0.4500000E+00 -1.49763e-07
0.4520000E+00 -9.67014e-08
0.4540000E+00 -1.28109e-07
0.4560000E+00 -8.60353e-08
0.4580000E+00 -6.24529e-08
0.4600000E+00 -5.98362e-08
0.4620000E+00 -5.55269e-08
0.4640000E+00 -3.95838e-08
0.4660000E+00 1.02704e-07
0.4680000E+00 9.24995e-08
0.4700000E+00 9.62735e-08
0.4720000E+00 1.03866e-07
0.4740000E+00 1.03231e-07
0.4760000E+00 1.0269e-07
0.4780000E+00 1.01478e-07
0.4800000E+00 -2.58545e-08
0.4820000E+00 -3.4406e-07
0.4840000E+00 -3.09387e-07
0.4860000E+00 5.48371e-07
0.4880000E+00 -4.57591e-08
0.4900000E+00 -3.96239e-08
0.4920000E+00 -3.09604e-08
0.4940000E+00 -2.52104e-08
0.4960000E+00 -1.94792e-08
0.4980000E+00 3.41694e-09
0.5000000E+00 9.24344e-08
0.5020000E+00 1.71089e-07
0.5040000E+00 1.89857e-07
0.5060000E+00 2.08388e-07
0.5080000E+00 2.15108e-08
0.5100000E+00 -3.74247e-07
0.5120000E+00 -1.56287e-07
0.5140000E+00 -1.48804e-07
0.5160000E+00 6.05439e-08
0.5180000E+00 7.98583e-08
0.5200000E+00 6.09443e-08
0.5220000E+00 6.34037e-08
0.5240000E+00 3.83459e-08
0.5260000E+00 4.01176e-08
0.5280000E+00 5.31182e-08
0.5300000E+00 6.62323e-08
0.5320000E+00 2.33892e-07
0.5340000E+00 -1.46534e-07
0.5360000E+00 -1.27423e-07
0.5380000E+00 -1.20118e-07
0.5400000E+00 -1.09149e-07
0.5420000E+00 -5.09617e-08
0.5440000E+00 1.22196e-07
0.5460000E+00 1.26297e-07
0.5480000E+00 1.30363e-07
0.5500000E+00 1.34812e-07
0.5520000E+00 1.39185e-07
0.5540000E+00 -4.56903e-07
0.5560000E+00 -1.0611e-07
0.5580000E+00 1.76298e-08
0.5600000E+00 3.10789e-08
0.5620000E+00 -3.41337e-08
0.5640000E+00 -1.62286e-08
0.5660000E+00 2.39927e-09
0.5680000E+00 2.67425e-07
0.5700000E+00 4.90316e-07
0.5720000E+00 -3.79827e-07
0.5740000E+00 -2.91053e-07
0.5760000E+00 3.58175e-08
0.5780000E+00 7.05836e-08
0.5800000E+00 6.1304e-08
0.5820000E+00 5.14431e-08
0.5840000E+00 4.21154e-08
0.5860000E+00 -2.02543e-07
0.5880000E+00 1.66082e-08
0.5900000E+00 -1.2546e-07
0.5920000E+00 -8.12608e-08
0.5940000E+00 1.43957e-07
0.5960000E+00 2.64431e-07
0.5980000E+00 -9.08521e-07
0.6000000E+00 -1.16268e-08
0.6020000E+00 -6.67067e-08
0.6040000E+00 -1.1316e-07
0.6060000E+00 -8.97077e-08
0.6080000E+00 -3.40744e-07
0.6100000E+00 -1.15045e-07
0.6120000E+00 2.93544e-08
0.6140000E+00 3.21718e-09
0.6160000E+00 -4.76101e-07
0.6180000E+00 -5.0018e-07
0.6200000E+00 3.78971e-07
0.6220000E+00 -2.34304e-07
0.6240000E+00 -1.07197e-06
0.6260000E+00 -3.75803e-07
0.6280000E+00 -1.41898e-06
0.6300000E+00 1.24726e-07
0.6320000E+00 2.35873e-06
0.6340000E+00 -8.47523e-07
0.6360000E+00 8.40847e-07
0.6380000E+00 -2.30703e-07
0.6400000E+00 -5.2224e-08
0.6420000E+00 -4.51663e-07
0.6440000E+00 1.57703e-07
0.6460000E+00 -1.34058e-07
0.6480000E+00 -6.77337e-08
0.6500000E+00 -1.65554e-07
0.6520000E+00 -1.9787e-07
0.6540000E+00 3.14871e-07
0.6560000E+00 -7.03301e-08
0.6580000E+00 2.03112e-07
0.6600000E+00 4.44798e-08
0.6620000E+00 -7.78147e-08
0.6640000E+00 -8.77143e-08
0.6660000E+00 2.66265e-08
0.6680000E+00 2.34589e-07
0.6700000E+00 -7.66345e-08
0.6720000E+00 1.36206e-07
0.6740000E+00 5.0955e-08
0.6760000E+00 4.95032e-08
0.6780000E+00 4.04575e-09
0.6800000E+00 -3.32324e-08
0.6820000E+00 -4.13768e-08
0.6840000E+00 1.13359e-07
0.6860000E+00 7.03127e-08
0.6880000E+00 6.99323e-08
0.6900000E+00 3.31089e-08
0.6920000E+00 4.55074e-09
0.6940000E+00 1.7695e-08
0.6960000E+00 2.0485e-08
0.6980000E+00 2.24082e-08
0.7000000E+00 2.42427e-08
0.7020000E+00 8.96588e-09
0.7040000E+00 1.44465e-08
0.7060000E+00 9.69265e-08
0.7080000E+00 6.43356e-08
0.7100000E+00 4.46209e-08
0.7120000E+00 2.16041e-08
0.7140000E+00 2.76703e-08
0.7160000E+00 3.15811e-08
0.7180000E+00 4.7165e-09
0.7200000E+00 1.15743e-08
0.7220000E+00 1.07422e-08
0.7240000E+00 1.10933e-08
0.7260000E+00 1.43124e-08
0.7280000E+00 1.51629e-08
0.7300000E+00 7.26105e-08
0.7320000E+00 5.12683e-08
0.7340000E+00 4.85243e-08
0.7360000E+00 4.15023e-08
0.7380000E+00 -3.44501e-08
0.7400000E+00 1.61396e-08
0.7420000E+00 1.69319e-08
0.7440000E+00 2.06604e-08
0.7460000E+00 2.27584e-08
0.7480000E+00 2.08781e-08
0.7500000E+00 1.78669e-08
0.7520000E+00 1.90292e-08
0.7540000E+00 1.75409e-08
0.7560000E+00 1.9308e-08
0.7580000E+00 4.46789e-08
0.7600000E+00 5.45567e-08
0.7620000E+00 4.14005e-08
0.7640000E+00 3.81129e-08
0.7660000E+00 3.88102e-08
0.7680000E+00 -1.37291e-08
0.7700000E+00 1.0508e-08
0.7720000E+00 1.38608e-08
0.7740000E+00 1.34812e-08
0.7760000E+00 1.3775e-08
0.7780000E+00 1.76672e-08
0.7800000E+00 1.82613e-08
0.7820000E+00 1.75618e-08
0.7840000E+00 1.70361e-08
0.7860000E+00 1.76097e-08
0.7880000E+00 1.82306e-08
0.7900000E+00 3.89967e-08
0.7920000E+00 4.68601e-08
0.7940000E+00 3.69564e-08
0.7960000E+00 3.22235e-08
0.7980000E+00 3.18491e-08
0.8000000E+00 3.11784e-08
0.8020000E+00 -1.04061e-08
0.8040000E+00 -9.43221e-09
0.8060000E+00 9.39523e-09
0.8080000E+00 9.91719e-09
0.8100000E+00 9.66743e-09
0.8120000E+00 1.15142e-08
0.8140000E+00 2.17114e-08
0.8160000E+00 1.75194e-08
0.8180000E+00 1.76328e-08
0.8200000E+00 1.77493e-08
0.8220000E+00 1.78557e-08
0.8240000E+00 1.76289e-08
0.8260000E+00 4.3631e-08
0.8280000E+00 2.65021e-08
0.8300000E+00 2.63838e-08
0.8320000E+00 2.36399e-08
0.8340000E+00 2.31509e-08
0.8360000E+00 2.6223e-08
0.8380000E+00 3.13173e-08
0.8400000E+00 -2.36786e-08
0.8420000E+00 -5.31185e-10
0.8440000E+00 6.84557e-09
0.8460000E+00 6.18302e-09
0.8480000E+00 9.71683e-09
0.8500000E+00 9.83068e-09
0.8520000E+00 1.10391e-08
0.8540000E+00 1.18929e-08
0.8560000E+00 1.19073e-08
0.8580000E+00 1.20455e-08
0.8600000E+00 1.21426e-08
0.8620000E+00 2.01991e-08
0.8640000E+00 3.23985e-08
0.8660000E+00 2.25216e-08
0.8680000E+00 2.13173e-08
0.8700000E+00 2.12844e-08
0.8720000E+00 2.06038e-08
0.8740000E+00 1.95894e-08
0.8760000E+00 1.8918e-08
0.8780000E+00 1.89903e-08
0.8800000E+00 1.92322e-08
0.8820000E+00 -6.97241e-09
0.8840000E+00 -4.02858e-09
0.8860000E+00 1.50924e-09
0.8880000E+00 4.73971e-09
0.8900000E+00 1.38363e-08
0.8920000E+00 1.44306e-08
0.8940000E+00 1.30698e-08
0.8960000E+00 9.93227e-09
0.8980000E+00 1.02411e-08
0.9000000E+00 1.01489e-08
0.9020000E+00 1.28406e-08
0.9040000E+00 1.73466e-08
0.9060000E+00 1.36248e-08
0.9080000E+00 1.28351e-08
0.9100000E+00 1.27317e-08
0.9120000E+00 1.24063e-08
0.9140000E+00 1.20691e-08
0.9160000E+00 1.17077e-08
0.9180000E+00 3.47187e-08
0.9200000E+00 1.70274e-08
0.9220000E+00 1.72618e-08
0.9240000E+00 1.72781e-08
0.9260000E+00 -2.46163e-09
0.9280000E+00 -2.87949e-09
0.9300000E+00 3.22972e-09
0.9320000E+00 3.20741e-09
0.9340000E+00 2.98536e-09
0.9360000E+00 2.71508e-09
0.9380000E+00 2.90711e-09
0.9400000E+00 4.41577e-09
0.9420000E+00 4.21031e-09
0.9440000E+00 4.02095e-09
0.9460000E+00 8.83932e-09
0.9480000E+00 1.647e-08
0.9500000E+00 1.52097e-08
0.9520000E+00 1.43145e-08
0.9540000E+00 9.51473e-09
0.9560000E+00 9.34656e-09
0.9580000E+00 9.2832e-09
0.9600000E+00 9.01831e-09
0.9620000E+00 8.76433e-09
0.9640000E+00 8.48052e-09
0.9660000E+00 8.75499e-09
0.9680000E+00 8.72226e-09
0.9700000E+00 8.57714e-09
0.9720000E+00 -2.63356e-08
0.9740000E+00 -8.98691e-09
0.9760000E+00 -3.93822e-09
0.9780000E+00 -1.32622e-09
0.9800000E+00 1.44986e-08
0.9820000E+00 2.99153e-09
0.9840000E+00 3.34147e-09
0.9860000E+00 4.38071e-09
0.9880000E+00 4.02288e-09
0.9900000E+00 6.40571e-09
0.9920000E+00 4.09961e-09
0.9940000E+00 3.46809e-09
0.9960000E+00 3.05862e-09
0.9980000E+00 3.09886e-09
0.1000000E+01 2.99622e-09
0.1002000E+01 2.95851e-09
0.1004000E+01 2.88106e-09
0.1006000E+01 2.63724e-09
0.1008000E+01 2.39838e-09
0.1010000E+01 7.0994e-09
0.1012000E+01 1.4037e-08
0.1014000E+01 1.03097e-08
0.1016000E+01 9.25864e-09
0.1018000E+01 6.0537e-09
0.1020000E+01 -1.79562e-08
0.1022000E+01 -8.15036e-09
0.1024000E+01 -4.89302e-09
0.1026000E+01 -2.31553e-09
0.1028000E+01 -3.65449e-09
0.1030000E+01 -4.27035e-09
0.1032000E+01 -3.28206e-09
0.1034000E+01 -2.70182e-09
0.1036000E+01 -2.16874e-09
0.1038000E+01 -1.19048e-09
0.1040000E+01 -2.24377e-09
0.1042000E+01 -2.5535e-09
0.1044000E+01 5.65276e-09
0.1046000E+01 8.87705e-09
0.1048000E+01 3.22141e-09
0.1050000E+01 2.79741e-09
0.1052000E+01 1.70552e-09
0.1054000E+01 1.20246e-09
0.1056000E+01 1.11375e-09
0.1058000E+01 4.57269e-10
0.1060000E+01 -5.61148e-10
0.1062000E+01 -6.55011e-10
0.1064000E+01 -8.07627e-10
0.1066000E+01 -9.60917e-10
0.1068000E+01 -1.13977e-09
0.1070000E+01 -1.62618e-08
0.1072000E+01 -1.1587e-08
0.1074000E+01 -9.63893e-09
0.1076000E+01 -7.22934e-09
0.1078000E+01 -8.36846e-10
0.1080000E+01 4.76579e-09
0.1082000E+01 -1.28018e-09
0.1084000E+01 -9.17419e-12
0.1086000E+01 -9.69418e-10
0.1088000E+01 -3.01823e-09
0.1090000E+01 -4.94231e-09
0.1092000E+01 -6.91014e-09
0.1094000E+01 -5.36273e-09
0.1096000E+01 -5.24483e-09
0.1098000E+01 -5.39565e-09
0.1100000E+01 -5.39375e-09
0.1102000E+01 -5.3901e-09
0.1104000E+01 -6.02447e-09
0.1106000E+01 -6.22459e-09
0.1108000E+01 -6.42464e-09
0.1110000E+01 -6.58102e-09
0.1112000E+01 -6.7092e-09
0.1114000E+01 3.29057e-09
0.1116000E+01 5.09049e-09
0.1118000E+01 -1.08418e-09
0.1120000E+01 -2.89553e-09
0.1122000E+01 -1.30198e-08
0.1124000E+01 -1.00769e-08
0.1126000E+01 -8.21977e-09
0.1128000E+01 -7.40275e-09
0.1130000E+01 -8.60129e-09
0.1132000E+01 -8.85794e-09
0.1134000E+01 -7.71686e-09
0.1136000E+01 -7.97097e-09
0.1138000E+01 -8.40969e-09
0.1140000E+01 -8.63557e-09
0.1142000E+01 -8.79507e-09
0.1144000E+01 -8.91714e-09
0.1146000E+01 -8.91999e-09
0.1148000E+01 -1.04124e-08
0.1150000E+01 -2.45582e-09
0.1152000E+01 -7.71384e-09
0.1154000E+01 -6.88585e-09
0.1156000E+01 -6.75945e-09
0.1158000E+01 -6.83855e-09
0.1160000E+01 -8.67736e-09
0.1162000E+01 -9.02561e-09
0.1164000E+01 -9.11293e-09
0.1166000E+01 -9.28847e-09
0.1168000E+01 -9.37528e-09
0.1170000E+01 -9.5124e-09
0.1172000E+01 -9.69217e-09
0.1174000E+01 -1.34653e-08
0.1176000E+01 -1.45412e-08
0.1178000E+01 -1.39886e-08
0.1180000E+01 -1.30656e-08
0.1182000E+01 -1.31686e-08
0.1184000E+01 -1.29868e-08
0.1186000E+01 -1.14803e-08
0.1188000E+01 -1.78453e-09
0.1190000E+01 -2.07564e-09
0.1192000E+01 -8.67781e-09
0.1194000E+01 -9.44073e-09
0.1196000E+01 -9.56273e-09
0.1198000E+01 -9.71142e-09
0.1200000E+01 -1.02277e-08
0.1202000E+01 -1.04602e-08
0.1204000E+01 -1.88367e-08
0.1206000E+01 -1.78095e-08
0.1208000E+01 -1.73961e-08
0.1210000E+01 -1.553e-08
0.1212000E+01 -1.54117e-08
0.1214000E+01 -1.5601e-08
0.1216000E+01 -1.56644e-08
0.1218000E+01 -1.53845e-08
0.1220000E+01 -1.52237e-08
0.1222000E+01 -1.53791e-08
0.1224000E+01 -1.59508e-08
0.1226000E+01 -3.95853e-09
0.1228000E+01 -1.26711e-08
0.1230000E+01 -1.29098e-08
0.1232000E+01 -1.27752e-08
0.1234000E+01 -1.27852e-08
0.1236000E+01 -1.38764e-08
0.1238000E+01 -1.42431e-08
0.1240000E+01 -1.43177e-08
0.1242000E+01 -1.43124e-08
0.1244000E+01 -1.44101e-08
0.1246000E+01 -1.45568e-08
0.1248000E+01 -1.45754e-08
0.1250000E+01 -1.48085e-08
0.1252000E+01 -1.53764e-08
0.1254000E+01 -2.44614e-08
0.1256000E+01 -3.10702e-08
0.1258000E+01 -2.48123e-08
0.1260000E+01 -2.19699e-08
0.1262000E+01 -2.13182e-08
0.1264000E+01 -1.47536e-08
0.1266000E+01 -1.25898e-08
0.1268000E+01 -1.46906e-08
0.1270000E+01 -1.62821e-08
0.1272000E+01 -1.67611e-08
0.1274000E+01 -1.70063e-08
0.1276000E+01 -1.77054e-08
0.1278000E+01 -1.80505e-08
0.1280000E+01 -1.8008e-08
0.1282000E+01 -1.80329e-08
0.1284000E+01 -1.74579e-08
0.1286000E+01 -1.84358e-08
0.1288000E+01 -1.85437e-08
0.1290000E+01 -1.86672e-08
0.1292000E+01 -1.87875e-08
0.1294000E+01 -1.88802e-08
0.1296000E+01 -1.91552e-08
0.1298000E+01 -1.92154e-08
0.1300000E+01 -3.19384e-08
0.1302000E+01 -4.09855e-08
0.1304000E+01 -2.2466e-08
0.1306000E+01 -2.04195e-08
0.1308000E+01 -2.22186e-08
0.1310000E+01 -2.35341e-08
0.1312000E+01 -2.30704e-08
0.1314000E+01 -2.25225e-08
0.1316000E+01 -2.27936e-08
0.1318000E+01 -2.28297e-08
0.1320000E+01 -2.29258e-08
0.1322000E+01 -2.31622e-08
0.1324000E+01 -2.31782e-08
0.1326000E+01 -2.3146e-08
0.1328000E+01 -2.31147e-08
0.1330000E+01 -2.30723e-08
0.1332000E+01 -2.3352e-08
0.1334000E+01 -2.32164e-08
0.1336000E+01 -2.3085e-08
0.1338000E+01 -2.17963e-08
0.1340000E+01 -2.21507e-08
0.1342000E+01 -4.5184e-08
0.1344000E+01 -3.50022e-08
0.1346000E+01 -3.14793e-08
0.1348000E+01 -2.8537e-08
0.1350000E+01 -2.78782e-08
0.1352000E+01 -2.88959e-08
0.1354000E+01 -2.83044e-08
0.1356000E+01 -2.8174e-08
0.1358000E+01 -2.72667e-08
0.1360000E+01 -2.70783e-08
0.1362000E+01 -2.68871e-08
0.1364000E+01 -2.64678e-08
0.1366000E+01 -2.60211e-08
0.1368000E+01 -2.63652e-08
0.1370000E+01 -2.615e-08
0.1372000E+01 -2.57203e-08
0.1374000E+01 -2.57671e-08
0.1376000E+01 -2.58759e-08
0.1378000E+01 -3.86195e-08
0.1380000E+01 -6.2313e-08
0.1382000E+01 -4.65698e-08
0.1384000E+01 -3.81319e-08
0.1386000E+01 -3.32221e-08
0.1388000E+01 -3.45431e-08
0.1390000E+01 -3.32414e-08
0.1392000E+01 -3.21582e-08
0.1394000E+01 -2.76525e-08
0.1396000E+01 -2.94119e-08
0.1398000E+01 -3.00337e-08
0.1400000E+01 -2.99267e-08
0.1402000E+01 -2.97476e-08
0.1404000E+01 -2.98001e-08
0.1406000E+01 -3.0084e-08
0.1408000E+01 -2.972e-08
0.1410000E+01 -2.89514e-08
0.1412000E+01 -6.33091e-08
0.1414000E+01 -7.25495e-08
0.1416000E+01 -5.05118e-08
0.1418000E+01 -5.04859e-08
0.1420000E+01 -4.5461e-08
0.1422000E+01 -4.01204e-08
0.1424000E+01 -3.88712e-08
0.1426000E+01 -3.16415e-08
0.1428000E+01 -3.56126e-08
0.1430000E+01 -3.52525e-08
0.1432000E+01 -3.36205e-08
0.1434000E+01 -3.40509e-08
0.1436000E+01 -3.40161e-08
0.1438000E+01 -3.40015e-08
0.1440000E+01 -3.98753e-08
0.1442000E+01 -8.57811e-08
0.1444000E+01 -7.13077e-08
0.1446000E+01 -5.5797e-08
0.1448000E+01 -4.9344e-08
0.1450000E+01 -4.32474e-08
0.1452000E+01 -4.21492e-08
0.1454000E+01 -4.26218e-08
0.1456000E+01 -4.2732e-08
0.1458000E+01 -4.237e-08
0.1460000E+01 -4.00624e-08
0.1462000E+01 -3.78113e-08
0.1464000E+01 -3.71411e-08
0.1466000E+01 -3.18281e-08
0.1468000E+01 -8.7008e-08
0.1470000E+01 -7.69029e-08
0.1472000E+01 -6.65317e-08
0.1474000E+01 -5.66859e-08
0.1476000E+01 -5.13206e-08
0.1478000E+01 -4.90703e-08
0.1480000E+01 -4.69524e-08
0.1482000E+01 -4.59263e-08
0.1484000E+01 -4.37527e-08
0.1486000E+01 -4.31824e-08
0.1488000E+01 -4.28852e-08
0.1490000E+01 -7.3865e-08
0.1492000E+01 -1.04736e-07
0.1494000E+01 -8.41164e-08
0.1496000E+01 -6.82926e-08
0.1498000E+01 -5.84439e-08
0.1500000E+01 -5.7926e-08
0.1502000E+01 -5.48779e-08
0.1504000E+01 -4.33223e-08
0.1506000E+01 -4.13924e-08
0.1508000E+01 -3.50874e-08
0.1510000E+01 -3.73853e-08
0.1512000E+01 -9.0899e-08
0.1514000E+01 -1.10231e-07
0.1516000E+01 -7.00571e-08
0.1518000E+01 -6.21939e-08
0.1520000E+01 -5.74252e-08
0.1522000E+01 -5.34091e-08
0.1524000E+01 -4.91806e-08
0.1526000E+01 -4.82201e-08
0.1528000E+01 -4.38647e-08
0.1530000E+01 -4.64094e-08
0.1532000E+01 -1.0231e-07
0.1534000E+01 -8.77723e-08
0.1536000E+01 -6.62728e-08
0.1538000E+01 -6.2635e-08
0.1540000E+01 -5.36822e-08
0.1542000E+01 -4.75398e-08
0.1544000E+01 -4.58278e-08
0.1546000E+01 -4.47497e-08
0.1548000E+01 -3.859e-08
0.1550000E+01 -9.3484e-08
0.1552000E+01 -7.66111e-08
0.1554000E+01 -5.98265e-08
0.1556000E+01 -4.66346e-08
0.1558000E+01 -4.26708e-08
0.1560000E+01 -4.34969e-08
0.1562000E+01 -3.77614e-08
0.1564000E+01 -3.12302e-08
0.1566000E+01 -6.91598e-08
0.1568000E+01 -8.41545e-08
0.1570000E+01 -5.30607e-08
0.1572000E+01 -4.69656e-08
0.1574000E+01 -4.13402e-08
0.1576000E+01 -3.42106e-08
0.1578000E+01 -2.76353e-08
0.1580000E+01 -2.44248e-08
0.1582000E+01 -5.19506e-08
0.1584000E+01 -6.78693e-08
0.1586000E+01 -4.2125e-08
0.1588000E+01 -2.82823e-08
0.1590000E+01 -2.47101e-08
0.1592000E+01 -2.3395e-08
0.1594000E+01 -2.00564e-08
0.1596000E+01 -1.86172e-08
0.1598000E+01 -3.51306e-08
0.1600000E+01 -3.97935e-08
0.1602000E+01 -2.00288e-08
0.1604000E+01 -1.65073e-08
0.1606000E+01 -1.92998e-08
0.1608000E+01 -8.19772e-09
0.1610000E+01 -4.61931e-09
0.1612000E+01 2.79522e-09
0.1614000E+01 -1.23435e-08
0.1616000E+01 -1.45543e-08
0.1618000E+01 -6.55548e-09
0.1620000E+01 -4.96763e-09
0.1622000E+01 -1.28416e-09
0.1624000E+01 2.54715e-10
0.1626000E+01 -1.8862e-08
0.1628000E+01 1.52179e-08
0.1630000E+01 9.68762e-09
0.1632000E+01 3.2525e-09
0.1634000E+01 7.83798e-09
0.1636000E+01 1.02709e-08
0.1638000E+01 7.81549e-09
0.1640000E+01 9.2409e-09
0.1642000E+01 6.73842e-09
0.1644000E+01 5.81186e-09
0.1646000E+01 1.45873e-08
0.1648000E+01 1.1758e-08
0.1650000E+01 1.74261e-08
0.1652000E+01 2.18988e-08
0.1654000E+01 2.98159e-08
0.1656000E+01 3.10316e-08
0.1658000E+01 2.49533e-08
0.1660000E+01 2.40386e-08
0.1662000E+01 1.93576e-08
0.1664000E+01 1.84534e-08
0.1666000E+01 2.09475e-08
0.1668000E+01 2.80528e-08
0.1670000E+01 2.72734e-08
0.1672000E+01 2.93886e-08
0.1674000E+01 3.29005e-08
0.1676000E+01 3.37671e-08
0.1678000E+01 3.14815e-08
0.1680000E+01 4.26707e-08
0.1682000E+01 4.50395e-08
0.1684000E+01 4.27103e-08
0.1686000E+01 3.68604e-08
0.1688000E+01 3.39623e-08
0.1690000E+01 2.94912e-08
0.1692000E+01 2.54352e-08
0.1694000E+01 3.28711e-08
0.1696000E+01 3.90696e-08
0.1698000E+01 3.8938e-08
0.1700000E+01 3.64528e-08
0.1702000E+01 3.9565e-08
0.1704000E+01 4.26647e-08
0.1706000E+01 4.73014e-08
0.1708000E+01 4.67579e-08
0.1710000E+01 4.49617e-08
0.1712000E+01 4.54344e-08
0.1714000E+01 4.22644e-08
0.1716000E+01 4.12903e-08
0.1718000E+01 4.39876e-08
0.1720000E+01 4.46714e-08
0.1722000E+01 3.75346e-08
0.1724000E+01 3.99814e-08
0.1726000E+01 4.52288e-08
0.1728000E+01 4.21627e-08
0.1730000E+01 4.07058e-08
0.1732000E+01 4.38019e-08
0.1734000E+01 4.58048e-08
0.1736000E+01 4.13718e-08
0.1738000E+01 4.39595e-08
0.1740000E+01 4.47411e-08
0.1742000E+01 4.27105e-08
0.1744000E+01 4.47315e-08
0.1746000E+01 7.3656e-08
0.1748000E+01 4.99693e-08
0.1750000E+01 4.41933e-08
0.1752000E+01 4.21163e-08
0.1754000E+01 4.01378e-08
0.1756000E+01 3.90752e-08
0.1758000E+01 3.46209e-08
0.1760000E+01 4.72577e-08
0.1762000E+01 4.55303e-08
0.1764000E+01 4.35615e-08
0.1766000E+01 4.23226e-08
0.1768000E+01 4.11111e-08
0.1770000E+01 4.12229e-08
0.1772000E+01 4.93945e-08
0.1774000E+01 4.46221e-08
0.1776000E+01 4.26919e-08
0.1778000E+01 6.04369e-08
0.1780000E+01 6.57981e-08
0.1782000E+01 5.87082e-08
0.1784000E+01 6.03289e-08
0.1786000E+01 4.62644e-08
0.1788000E+01 4.39541e-08
0.1790000E+01 4.34397e-08
0.1792000E+01 4.14981e-08
0.1794000E+01 3.98906e-08
0.1796000E+01 3.70531e-08
0.1798000E+01 5.04049e-08
0.1800000E+01 5.1542e-08
0.1802000E+01 4.77509e-08
0.1804000E+01 4.62567e-08
0.1806000E+01 4.50463e-08
0.1808000E+01 4.53169e-08
0.1810000E+01 4.70167e-08
0.1812000E+01 5.85357e-08
0.1814000E+01 5.25498e-08
0.1816000E+01 5.22568e-08
0.1818000E+01 5.49644e-08
0.1820000E+01 5.37629e-08
0.1822000E+01 5.424e-08
0.1824000E+01 5.42266e-08
0.1826000E+01 5.66333e-08
0.1828000E+01 5.81903e-08
0.1830000E+01 5.07893e-08
0.1832000E+01 4.76339e-08
0.1834000E+01 4.79389e-08
0.1836000E+01 5.05305e-08
0.1838000E+01 5.24592e-08
0.1840000E+01 5.29522e-08
0.1842000E+01 5.30341e-08
0.1844000E+01 5.46737e-08
0.1846000E+01 6.17346e-08
0.1848000E+01 6.09772e-08
0.1850000E+01 5.87933e-08
0.1852000E+01 5.93596e-08
0.1854000E+01 6.2371e-08
0.1856000E+01 6.18485e-08
0.1858000E+01 5.98423e-08
0.1860000E+01 5.9772e-08
0.1862000E+01 6.20117e-08
0.1864000E+01 6.20409e-08
0.1866000E+01 6.15278e-08
0.1868000E+01 6.22984e-08
0.1870000E+01 6.84316e-08
0.1872000E+01 6.83399e-08
0.1874000E+01 7.0256e-08
0.1876000E+01 6.95758e-08
0.1878000E+01 7.13234e-08
0.1880000E+01 7.00059e-08
0.1882000E+01 7.5946e-08
0.1884000E+01 7.72848e-08
0.1886000E+01 7.80353e-08
0.1888000E+01 7.98656e-08
0.1890000E+01 8.06462e-08
0.1892000E+01 8.05212e-08
0.1894000E+01 8.88064e-08
0.1896000E+01 8.88248e-08
0.1898000E+01 8.77758e-08
0.1900000E+01 8.89166e-08
0.1902000E+01 9.15827e-08
0.1904000E+01 9.59626e-08
0.1906000E+01 1.00532e-07
0.1908000E+01 1.13976e-07
0.1910000E+01 1.17772e-07
0.1912000E+01 1.16445e-07
0.1914000E+01 1.22513e-07
0.1916000E+01 1.27149e-07
0.1918000E+01 1.4487e-07
0.1920000E+01 1.66059e-07
0.1922000E+01 1.9192e-07
0.1924000E+01 2.85149e-07
0.1926000E+01 2.37377e-07
0.1928000E+01 -1.09092e-07
0.1930000E+01 1.09344e-07
0.1932000E+01 2.20523e-08
0.1934000E+01 5.29676e-08
0.1936000E+01 2.05643e-07
0.1938000E+01 6.94045e-08
0.1940000E+01 1.90299e-07
0.1942000E+01 1.24531e-07
0.1944000E+01 2.94574e-07
0.1946000E+01 2.86247e-07
0.1948000E+01 2.57772e-07
0.1950000E+01 3.73228e-07
0.1952000E+01 3.48378e-07
0.1954000E+01 1.43844e-06
0.1956000E+01 -5.53123e-08
0.1958000E+01 -1.57923e-06
0.1960000E+01 -5.5965e-07
0.1962000E+01 -5.79865e-07
0.1964000E+01 -1.89239e-07
0.1966000E+01 -1.09235e-07
0.1968000E+01 -1.33814e-07
0.1970000E+01 -1.80214e-07
0.1972000E+01 -2.38632e-07
0.1974000E+01 -2.66793e-07
0.1976000E+01 -6.63739e-08
0.1978000E+01 -6.72074e-08
0.1980000E+01 -2.32264e-07
0.1982000E+01 -1.75969e-07
0.1984000E+01 -1.15212e-07
0.1986000E+01 -5.34026e-08
0.1988000E+01 -3.20701e-08
0.1990000E+01 -6.79458e-08
0.1992000E+01 -9.65317e-08
0.1994000E+01 1.75982e-08
0.1996000E+01 -5.3602e-08
0.1998000E+01 -5.6159e-08
0.2000000E+01 -1.52227e-08
0.2002000E+01 -1.67005e-08
0.2004000E+01 -1.88564e-08
0.2006000E+01 -2.02498e-08
0.2008000E+01 -2.19549e-08
0.2010000E+01 -2.44781e-08
0.2012000E+01 -2.73646e-08
0.2014000E+01 -3.32416e-08
0.2016000E+01 -4.67964e-08
0.2018000E+01 -2.77008e-08
0.2020000E+01 -9.41846e-09
0.2022000E+01 -1.08228e-08
0.2024000E+01 -1.25196e-08
0.2026000E+01 -9.59186e-09
0.2028000E+01 -1.04137e-08
0.2030000E+01 7.35414e-09
0.2032000E+01 6.69916e-08
0.2034000E+01 1.49915e-07
0.2036000E+01 2.82662e-07
0.2038000E+01 -5.46709e-08
0.2040000E+01 -1.57425e-07
0.2042000E+01 -1.88329e-07
0.2044000E+01 -8.33981e-08
0.2046000E+01 -5.30786e-08
0.2048000E+01 5.92436e-10
0.2050000E+01 5.57605e-08
0.2052000E+01 3.44479e-08
0.2054000E+01 -8.40709e-08
0.2056000E+01 -8.99054e-08
0.2058000E+01 -2.55149e-08
0.2060000E+01 -3.87155e-09
0.2062000E+01 -6.40578e-09
0.2064000E+01 -5.51698e-09
0.2066000E+01 -3.58836e-08
0.2068000E+01 -1.41719e-08
0.2070000E+01 -3.26725e-08
0.2072000E+01 -7.89518e-08
0.2074000E+01 -2.37577e-08
0.2076000E+01 -2.03824e-08
0.2078000E+01 -6.36688e-09
0.2080000E+01 -1.6113e-09
0.2082000E+01 -7.80226e-09
0.2084000E+01 -4.60692e-08
0.2086000E+01 -4.11884e-08
0.2088000E+01 -4.13526e-08
0.2090000E+01 -4.1724e-08
0.2092000E+01 -2.16316e-08
0.2094000E+01 6.93394e-09
0.2096000E+01 -1.76171e-08
0.2098000E+01 -2.0032e-08
0.2100000E+01 -1.97471e-08
0.2102000E+01 -1.97403e-08
0.2104000E+01 -1.9793e-08
0.2106000E+01 -1.5651e-08
0.2108000E+01 -2.20148e-09
0.2110000E+01 1.33319e-09
0.2112000E+01 -7.02916e-09
0.2114000E+01 -3.01485e-09
0.2116000E+01 -9.9161e-09
0.2118000E+01 -3.93269e-08
0.2120000E+01 -4.17499e-08
0.2122000E+01 -4.21202e-08
0.2124000E+01 -4.91715e-08
0.2126000E+01 -3.23664e-08
0.2128000E+01 -8.21638e-09
0.2130000E+01 8.35099e-09
0.2132000E+01 -6.41585e-09
0.2134000E+01 -2.68001e-08
0.2136000E+01 -2.50664e-08
0.2138000E+01 -2.46543e-08
0.2140000E+01 -2.54558e-08
0.2142000E+01 -2.66979e-08
0.2144000E+01 -1.74648e-08
0.2146000E+01 3.05131e-10
0.2148000E+01 -8.73831e-09
0.2150000E+01 -1.46434e-08
0.2152000E+01 -1.01088e-08
0.2154000E+01 -1.20635e-08
0.2156000E+01 -1.95998e-08
0.2158000E+01 -3.38795e-08
0.2160000E+01 -2.37862e-08
0.2162000E+01 -8.90451e-09
0.2164000E+01 -1.06219e-08
0.2166000E+01 -1.38395e-08
0.2168000E+01 -1.24005e-08
0.2170000E+01 -1.94263e-08
0.2172000E+01 -2.82263e-08
0.2174000E+01 -3.64719e-08
0.2176000E+01 -3.8659e-08
0.2178000E+01 -2.17396e-08
0.2180000E+01 2.65905e-08
0.2182000E+01 1.01536e-08
0.2184000E+01 -1.08824e-08
0.2186000E+01 -1.63072e-08
0.2188000E+01 -1.59671e-08
0.2190000E+01 -1.74822e-08
0.2192000E+01 -1.22894e-08
0.2194000E+01 6.99407e-09
0.2196000E+01 1.54021e-08
0.2198000E+01 -1.22864e-08
0.2200000E+01 -1.84938e-08
0.2202000E+01 -1.18751e-08
0.2204000E+01 -1.10394e-08
0.2206000E+01 -1.48465e-08
0.2208000E+01 -3.68103e-09
0.2210000E+01 1.3254e-10
0.2212000E+01 3.68134e-09
0.2214000E+01 9.66123e-09
0.2216000E+01 -4.92411e-09
0.2218000E+01 -1.94179e-08
0.2220000E+01 -2.38486e-08
0.2222000E+01 1.56305e-08
0.2224000E+01 4.17477e-08
0.2226000E+01 -2.92559e-09
0.2228000E+01 -3.98816e-09
0.2230000E+01 -3.07349e-09
0.2232000E+01 1.25655e-08
0.2234000E+01 3.64347e-08
0.2236000E+01 3.32339e-08
0.2238000E+01 2.57613e-08
0.2240000E+01 6.47462e-09
0.2242000E+01 1.06303e-08
0.2244000E+01 3.50508e-08
0.2246000E+01 1.22226e-08
0.2248000E+01 1.08038e-08
0.2250000E+01 -9.38333e-09
0.2252000E+01 7.57638e-08
0.2254000E+01 4.31227e-08
0.2256000E+01 1.34897e-07
0.2258000E+01 2.25199e-07
0.2260000E+01 3.88665e-08
0.2262000E+01 -1.73696e-07
0.2264000E+01 -1.08297e-07
0.2266000E+01 -9.2262e-08
0.2268000E+01 -7.13719e-08
0.2270000E+01 -6.38035e-08
0.2272000E+01 -5.27479e-08
0.2274000E+01 -4.7987e-08
0.2276000E+01 -4.50801e-08
0.2278000E+01 -4.12188e-08
0.2280000E+01 -3.02121e-08
0.2282000E+01 -2.30063e-08
0.2284000E+01 -2.16082e-08
0.2286000E+01 -2.0161e-08
0.2288000E+01 -1.56283e-08
0.2290000E+01 -1.37246e-08
0.2292000E+01 -1.41886e-08
0.2294000E+01 -1.66373e-08
0.2296000E+01 -1.51159e-08
0.2298000E+01 -1.37546e-08
0.2300000E+01 -1.55824e-08
0.2302000E+01 -1.53025e-08
0.2304000E+01 -1.40294e-08
0.2306000E+01 -1.19961e-08
0.2308000E+01 -1.15054e-08
0.2310000E+01 -1.1705e-08
0.2312000E+01 -7.08978e-09
0.2314000E+01 -1.0045e-08
0.2316000E+01 -1.28866e-08
0.2318000E+01 -1.3039e-08
0.2320000E+01 -1.13087e-08
0.2322000E+01 -1.00548e-08
0.2324000E+01 -8.60054e-09
0.2326000E+01 -7.23892e-09
0.2328000E+01 -6.46154e-09
0.2330000E+01 -4.97636e-09
0.2332000E+01 -6.6739e-09
0.2334000E+01 -6.95558e-09
0.2336000E+01 -5.02205e-09
0.2338000E+01 -5.6239e-09
0.2340000E+01 -4.89413e-09
0.2342000E+01 -4.62314e-09
0.2344000E+01 -3.71185e-09
0.2346000E+01 -3.52819e-09
0.2348000E+01 -5.94172e-09
0.2350000E+01 -6.26706e-09
0.2352000E+01 -4.65496e-09
0.2354000E+01 -3.2464e-09
0.2356000E+01 -2.29061e-09
0.2358000E+01 -1.55862e-09
0.2360000E+01 -3.00093e-09
0.2362000E+01 -4.70785e-09
0.2364000E+01 -4.55932e-09
0.2366000E+01 -4.46778e-09
0.2368000E+01 -5.85378e-09
0.2370000E+01 -1.13654e-08
0.2372000E+01 -1.35293e-08
0.2374000E+01 -9.86689e-09
0.2376000E+01 -1.01845e-09
0.2378000E+01 -3.74145e-09
0.2380000E+01 7.59297e-10
0.2382000E+01 9.94483e-09
0.2384000E+01 -1.93011e-08
0.2386000E+01 -5.9325e-09
0.2388000E+01 -9.47482e-09
0.2390000E+01 -9.29069e-09
0.2392000E+01 -1.13531e-08
0.2394000E+01 -4.75271e-09
0.2396000E+01 -7.26617e-09
0.2398000E+01 -8.81769e-09
0.2400000E+01 -7.76349e-09
0.2402000E+01 -6.25965e-09
0.2404000E+01 -7.21403e-09
0.2406000E+01 7.93929e-09
0.2408000E+01 -2.09229e-09
0.2410000E+01 5.62259e-11
0.2412000E+01 5.62492e-09
0.2414000E+01 -9.04155e-10
0.2416000E+01 -3.66218e-10
0.2418000E+01 -1.1255e-09
0.2420000E+01 6.95114e-09
0.2422000E+01 -3.28027e-09
0.2424000E+01 -3.47515e-09
0.2426000E+01 -2.36907e-09
0.2428000E+01 -6.05466e-09
0.2430000E+01 -2.91462e-09
0.2432000E+01 -2.71003e-09
0.2434000E+01 -9.81918e-10
0.2436000E+01 -1.47603e-09
0.2438000E+01 -1.78426e-09
0.2440000E+01 -5.32823e-09
0.2442000E+01 -4.10098e-09
0.2444000E+01 -4.66066e-09
0.2446000E+01 -2.40827e-09
0.2448000E+01 -1.78887e-09
0.2450000E+01 -2.34265e-09
0.2452000E+01 -1.91153e-09
0.2454000E+01 -1.29222e-09
0.2456000E+01 -5.24201e-09
0.2458000E+01 -2.29305e-09
0.2460000E+01 -1.09871e-09
0.2462000E+01 5.93839e-10
0.2464000E+01 -1.53588e-08
0.2466000E+01 2.11915e-08
0.2468000E+01 6.75201e-10
0.2470000E+01 9.02625e-09
0.2472000E+01 3.43079e-09
0.2474000E+01 2.30286e-10
0.2476000E+01 1.04267e-09
0.2478000E+01 7.85489e-09
0.2480000E+01 -1.46512e-08
0.2482000E+01 -3.07379e-09
0.2484000E+01 2.34062e-09
0.2486000E+01 2.20319e-09
0.2488000E+01 5.92085e-09
0.2490000E+01 -7.58726e-09
0.2492000E+01 -2.62869e-09
0.2494000E+01 -3.13597e-09
0.2496000E+01 4.34111e-10
0.2498000E+01 1.08675e-10
0.2500000E+01 1.1311e-08
0.2502000E+01 -1.05148e-08
0.2504000E+01 1.40739e-10
0.2506000E+01 2.43429e-09
0.2508000E+01 -1.23567e-10
0.2510000E+01 -7.43653e-10
0.2512000E+01 1.06451e-09
0.2514000E+01 1.44089e-08
0.2516000E+01 -7.92889e-09
0.2518000E+01 -4.67002e-09
0.2520000E+01 -2.83822e-09
0.2522000E+01 -5.10984e-11
0.2524000E+01 -2.20727e-10
0.2526000E+01 -1.52506e-09
0.2528000E+01 6.08671e-09
0.2530000E+01 8.55373e-09
0.2532000E+01 5.49521e-09
0.2534000E+01 -1.50478e-08
0.2536000E+01 -4.30566e-09
0.2538000E+01 7.35816e-10
0.2540000E+01 -2.36614e-09
0.2542000E+01 -5.71958e-10
0.2544000E+01 1.16981e-09
0.2546000E+01 1.51629e-08
0.2548000E+01 1.07005e-08
0.2550000E+01 6.86386e-09
0.2552000E+01 7.96909e-09
0.2554000E+01 -6.16008e-09
0.2556000E+01 1.01007e-09
0.2558000E+01 1.48601e-09
0.2560000E+01 2.89797e-09
0.2562000E+01 2.45098e-09
0.2564000E+01 1.03383e-08
0.2566000E+01 7.71944e-09
0.2568000E+01 3.24188e-09
0.2570000E+01 2.98518e-09
0.2572000E+01 6.09261e-09
0.2574000E+01 6.56477e-09
0.2576000E+01 9.34429e-09
0.2578000E+01 8.73623e-09
0.2580000E+01 3.46977e-09
0.2582000E+01 3.0367e-10
0.2584000E+01 1.50181e-08
0.2586000E+01 1.81784e-08
0.2588000E+01 1.62399e-08
0.2590000E+01 1.26203e-08
0.2592000E+01 2.35364e-09
0.2594000E+01 -8.76406e-09
0.2596000E+01 2.60628e-09
0.2598000E+01 7.9077e-09
0.2600000E+01 7.902e-09
0.2602000E+01 6.91643e-09
0.2604000E+01 8.49754e-09
0.2606000E+01 9.15132e-09
0.2608000E+01 8.26518e-09
0.2610000E+01 8.64376e-09
0.2612000E+01 9.39171e-09
0.2614000E+01 9.09514e-09
0.2616000E+01 1.69283e-08
0.2618000E+01 8.24768e-09
0.2620000E+01 -5.04363e-09
0.2622000E+01 1.47329e-09
0.2624000E+01 -3.12828e-09
0.2626000E+01 1.0255e-08
0.2628000E+01 1.43918e-08
0.2630000E+01 1.62691e-08
0.2632000E+01 -2.38165e-11
0.2634000E+01 -1.39699e-08
0.2636000E+01 4.89418e-09
0.2638000E+01 1.07528e-08
0.2640000E+01 7.94785e-09
0.2642000E+01 8.09465e-09
0.2644000E+01 9.09997e-09
0.2646000E+01 1.39373e-08
0.2648000E+01 -3.3473e-09
0.2650000E+01 -4.77809e-09
0.2652000E+01 5.32906e-10
0.2654000E+01 5.29396e-09
0.2656000E+01 7.65074e-09
0.2658000E+01 1.20721e-08
0.2660000E+01 9.61394e-09
0.2662000E+01 1.08372e-08
0.2664000E+01 -1.2445e-08
0.2666000E+01 -1.02775e-08
0.2668000E+01 -2.7338e-09
0.2670000E+01 9.29119e-09
0.2672000E+01 8.57346e-09
0.2674000E+01 7.43216e-09
0.2676000E+01 7.00242e-09
0.2678000E+01 1.24015e-08
0.2680000E+01 9.78521e-09
0.2682000E+01 -9.01374e-09
0.2684000E+01 -5.94803e-09
0.2686000E+01 -1.82825e-09
0.2688000E+01 1.40402e-10
0.2690000E+01 -1.46419e-09
0.2692000E+01 4.12969e-10
0.2694000E+01 1.01583e-08
0.2696000E+01 8.12773e-09
0.2698000E+01 7.73304e-09
0.2700000E+01 -4.08394e-09
0.2702000E+01 -2.36955e-08
0.2704000E+01 -8.37247e-09
0.2706000E+01 -1.81844e-09
0.2708000E+01 5.89585e-09
0.2710000E+01 6.44252e-09
0.2712000E+01 7.27269e-09
0.2714000E+01 5.57131e-09
0.2716000E+01 3.01125e-09
0.2718000E+01 6.01402e-09
0.2720000E+01 1.2251e-09
0.2722000E+01 -1.29671e-09
0.2724000E+01 -2.15732e-08
0.2726000E+01 -6.44148e-09
0.2728000E+01 -6.44046e-09
0.2730000E+01 -1.90097e-09
0.2732000E+01 -1.76196e-09
0.2734000E+01 1.70053e-09
0.2736000E+01 2.32951e-09
0.2738000E+01 5.50826e-09
0.2740000E+01 3.20957e-09
0.2742000E+01 9.3688e-09
0.2744000E+01 1.12409e-08
0.2746000E+01 -9.5618e-09
0.2748000E+01 -3.15418e-08
0.2750000E+01 -1.43163e-08
0.2752000E+01 -1.98169e-09
0.2754000E+01 -8.91998e-09
0.2756000E+01 -5.1303e-09
0.2758000E+01 -1.9156e-09
0.2760000E+01 -3.07287e-10
0.2762000E+01 -1.43022e-09
0.2764000E+01 -1.02265e-09
0.2766000E+01 -1.79421e-09
0.2768000E+01 8.52752e-09
0.2770000E+01 2.57594e-09
0.2772000E+01 -7.85687e-09
0.2774000E+01 -2.97475e-08
0.2776000E+01 -1.39073e-08
0.2778000E+01 -1.4046e-08
0.2780000E+01 -1.01955e-08
0.2782000E+01 -1.55331e-08
0.2784000E+01 -7.37243e-09
0.2786000E+01 -1.88473e-09
0.2788000E+01 3.82903e-10
0.2790000E+01 -3.41338e-09
0.2792000E+01 -4.17096e-09
0.2794000E+01 -9.56399e-09
0.2796000E+01 -1.43494e-08
0.2798000E+01 -9.75906e-09
0.2800000E+01 -9.26097e-09
0.2802000E+01 -1.82068e-08
0.2804000E+01 -2.25765e-08
0.2806000E+01 -2.73251e-08
0.2808000E+01 -2.91174e-08
0.2810000E+01 -2.66609e-08
0.2812000E+01 -2.13734e-08
0.2814000E+01 -2.03362e-08
0.2816000E+01 -2.83906e-08
0.2818000E+01 -2.16519e-08
0.2820000E+01 -2.16375e-08
0.2822000E+01 -2.33642e-08
0.2824000E+01 -3.15567e-08
0.2826000E+01 -4.99867e-08
0.2828000E+01 -3.5549e-08
0.2830000E+01 -4.25133e-08
0.2832000E+01 -6.80382e-08
0.2834000E+01 -1.01489e-07
0.2836000E+01 -8.28223e-08
0.2838000E+01 -1.28547e-07
0.2840000E+01 -1.47591e-07
0.2842000E+01 -2.23838e-07
0.2844000E+01 -3.65034e-07
0.2846000E+01 -2.46667e-07
0.2848000E+01 8.25101e-07
0.2850000E+01 2.88019e-07
0.2852000E+01 1.86235e-07
0.2854000E+01 1.09975e-07
0.2856000E+01 1.47582e-07
0.2858000E+01 1.13082e-07
0.2860000E+01 9.08526e-08
0.2862000E+01 8.04693e-08
0.2864000E+01 9.54593e-08
0.2866000E+01 7.28625e-08
0.2868000E+01 5.74639e-08
0.2870000E+01 4.88402e-08
0.2872000E+01 5.79405e-08
0.2874000E+01 7.24629e-08
0.2876000E+01 5.38948e-08
0.2878000E+01 5.79937e-08
0.2880000E+01 6.48133e-08
0.2882000E+01 6.12238e-08
0.2884000E+01 6.81082e-08
0.2886000E+01 4.93127e-08
0.2888000E+01 5.03648e-08
0.2890000E+01 5.29309e-08
0.2892000E+01 6.24147e-08
0.2894000E+01 7.3468e-08
0.2896000E+01 8.14508e-08
0.2898000E+01 5.71074e-08
0.2900000E+01 5.45122e-08
0.2902000E+01 5.59222e-08
0.2904000E+01 4.11396e-08
0.2906000E+01 2.64159e-08
0.2908000E+01 4.50395e-08
0.2910000E+01 4.66233e-08
0.2912000E+01 6.27955e-08
0.2914000E+01 5.21208e-08
0.2916000E+01 4.93434e-08
0.2918000E+01 5.15648e-08
0.2920000E+01 5.36945e-08
0.2922000E+01 6.27946e-08
0.2924000E+01 5.17596e-08
0.2926000E+01 4.70551e-08
0.2928000E+01 4.72157e-08
0.2930000E+01 5.11358e-08
0.2932000E+01 5.96878e-08
0.2934000E+01 6.01141e-08
0.2936000E+01 5.69962e-08
0.2938000E+01 5.34011e-08
0.2940000E+01 6.79686e-08
0.2942000E+01 6.91332e-08
0.2944000E+01 2.89789e-08
0.2946000E+01 2.15752e-08
0.2948000E+01 3.26551e-08
0.2950000E+01 3.82907e-08
0.2952000E+01 4.79018e-08
0.2954000E+01 3.53849e-08
0.2956000E+01 4.20313e-08
0.2958000E+01 4.86954e-08
0.2960000E+01 4.0921e-08
0.2962000E+01 3.44949e-08
0.2964000E+01 3.2782e-08
0.2966000E+01 3.47175e-08
0.2968000E+01 3.46335e-08
0.2970000E+01 4.8205e-08
0.2972000E+01 5.06649e-08
0.2974000E+01 4.9569e-08
0.2976000E+01 3.94622e-08
0.2978000E+01 3.92362e-08
0.2980000E+01 4.85732e-08
0.2982000E+01 4.51332e-08
0.2984000E+01 3.28251e-08
0.2986000E+01 2.27353e-08
0.2988000E+01 3.46179e-08
0.2990000E+01 1.89418e-08
0.2992000E+01 1.22633e-08
0.2994000E+01 2.53402e-08
0.2996000E+01 2.74448e-08
0.2998000E+01 3.49879e-08
0.3000000E+01 3.14344e-08
0.3002000E+01 2.9898e-08
0.3004000E+01 2.91576e-08
0.3006000E+01 3.08624e-08
0.3008000E+01 4.55186e-08
0.3010000E+01 4.15304e-08
0.3012000E+01 3.43921e-08
0.3014000E+01 3.10565e-08
0.3016000E+01 3.1393e-08
0.3018000E+01 3.22563e-08
0.3020000E+01 2.9159e-08
0.3022000E+01 2.75276e-08
0.3024000E+01 2.96588e-08
0.3026000E+01 3.85872e-08
0.3028000E+01 4.34041e-08
0.3030000E+01 2.30094e-08
0.3032000E+01 1.69222e-08
0.3034000E+01 1.97841e-08
0.3036000E+01 1.94573e-08
0.3038000E+01 2.12381e-08
0.3040000E+01 2.05474e-08
0.3042000E+01 2.07997e-08
0.3044000E+01 1.87643e-08
0.3046000E+01 4.75329e-08
0.3048000E+01 3.05674e-08
0.3050000E+01 2.90001e-08
0.3052000E+01 2.76733e-08
0.3054000E+01 2.73032e-08
0.3056000E+01 2.62829e-08
0.3058000E+01 2.52679e-08
0.3060000E+01 2.4914e-08
0.3062000E+01 2.70094e-08
0.3064000E+01 3.82462e-08
0.3066000E+01 3.53724e-08
0.3068000E+01 3.28194e-08
0.3070000E+01 3.55495e-08
0.3072000E+01 3.22603e-08
0.3074000E+01 3.09957e-08
0.3076000E+01 1.09365e-08
0.3078000E+01 -3.40184e-09
0.3080000E+01 1.93317e-08
0.3082000E+01 3.70606e-08
0.3084000E+01 3.17694e-08
0.3086000E+01 2.34231e-08
0.3088000E+01 2.3201e-08
0.3090000E+01 2.07608e-08
0.3092000E+01 1.60767e-08
0.3094000E+01 2.1445e-08
0.3096000E+01 1.90867e-08
0.3098000E+01 3.91589e-08
0.3100000E+01 4.4922e-08
0.3102000E+01 3.45262e-08
0.3104000E+01 3.0447e-08
0.3106000E+01 3.04251e-08
0.3108000E+01 3.46554e-08
0.3110000E+01 3.03874e-08
0.3112000E+01 2.49846e-08
0.3114000E+01 3.4937e-08
0.3116000E+01 4.41833e-08
0.3118000E+01 4.09787e-08
0.3120000E+01 3.98956e-08
0.3122000E+01 3.5604e-08
0.3124000E+01 -5.86337e-10
0.3126000E+01 -9.66884e-10
0.3128000E+01 4.17031e-09
0.3130000E+01 1.40875e-08
0.3132000E+01 4.28771e-08
0.3134000E+01 2.66683e-08
0.3136000E+01 3.04801e-08
0.3138000E+01 2.95657e-08
0.3140000E+01 2.22282e-08
0.3142000E+01 2.26204e-08
0.3144000E+01 2.21112e-08
0.3146000E+01 4.05738e-08
0.3148000E+01 4.29532e-08
0.3150000E+01 3.10493e-08
0.3152000E+01 3.54956e-08
0.3154000E+01 3.65734e-08
0.3156000E+01 2.9118e-08
0.3158000E+01 2.11911e-08
0.3160000E+01 3.99893e-08
0.3162000E+01 4.73962e-08
0.3164000E+01 4.4519e-08
0.3166000E+01 5.63122e-08
0.3168000E+01 3.74947e-08
0.3170000E+01 -4.19682e-08
0.3172000E+01 -4.55139e-08
0.3174000E+01 -2.28474e-08
0.3176000E+01 2.65645e-08
0.3178000E+01 1.29182e-08
0.3180000E+01 4.20341e-09
0.3182000E+01 2.387e-08
0.3184000E+01 1.7572e-08
0.3186000E+01 1.89473e-08
0.3188000E+01 2.81555e-08
0.3190000E+01 4.41765e-08
0.3192000E+01 3.38495e-08
0.3194000E+01 2.69881e-08
0.3196000E+01 3.05714e-08
0.3198000E+01 2.6191e-08
0.3200000E+01 3.00682e-08
0.3202000E+01 5.3386e-08
0.3204000E+01 5.3245e-08
0.3206000E+01 3.90321e-08
0.3208000E+01 2.83087e-08
0.3210000E+01 2.77601e-08
0.3212000E+01 2.93947e-08
0.3214000E+01 8.05517e-08
0.3216000E+01 4.74377e-08
0.3218000E+01 1.46651e-09
0.3220000E+01 -3.99825e-08
0.3222000E+01 -1.10325e-08
0.3224000E+01 2.83885e-08
0.3226000E+01 2.72612e-08
0.3228000E+01 1.02185e-08
0.3230000E+01 5.69306e-09
0.3232000E+01 1.02889e-08
0.3234000E+01 4.00754e-08
0.3236000E+01 6.19663e-08
0.3238000E+01 3.65804e-08
0.3240000E+01 2.07457e-08
0.3242000E+01 1.6224e-08
0.3244000E+01 8.4926e-08
0.3246000E+01 2.84542e-08
0.3248000E+01 2.61987e-08
0.3250000E+01 5.30288e-08
0.3252000E+01 9.8183e-08
0.3254000E+01 5.06573e-08
0.3256000E+01 7.65618e-08
0.3258000E+01 -6.90089e-08
0.3260000E+01 1.00677e-08
0.3262000E+01 -1.17872e-07
0.3264000E+01 -2.23664e-08
0.3266000E+01 7.80151e-08
0.3268000E+01 9.52995e-09
0.3270000E+01 2.70372e-08
0.3272000E+01 9.99115e-08
0.3274000E+01 1.05663e-07
0.3276000E+01 2.00412e-07
0.3278000E+01 -6.96116e-08
0.3280000E+01 -1.05853e-07
0.3282000E+01 4.63222e-08
0.3284000E+01 8.95749e-08
0.3286000E+01 2.56266e-07
0.3288000E+01 -6.97689e-08
0.3290000E+01 1.32093e-07
0.3292000E+01 5.42329e-08
0.3294000E+01 -4.1715e-08
0.3296000E+01 -1.00987e-07
0.3298000E+01 -1.22026e-07
0.3300000E+01 -5.17015e-08
0.3302000E+01 -7.54668e-08
0.3304000E+01 -1.03964e-07
0.3306000E+01 -6.75932e-08
0.3308000E+01 -3.16579e-08
0.3310000E+01 -1.83866e-08
0.3312000E+01 -3.39547e-08
0.3314000E+01 -2.59198e-08
0.3316000E+01 -3.11084e-08
0.3318000E+01 -3.60652e-08
0.3320000E+01 -3.24171e-08
0.3322000E+01 -2.0267e-08
0.3324000E+01 -2.07052e-08
0.3326000E+01 -1.91382e-08
0.3328000E+01 -2.09334e-08
0.3330000E+01 -1.3164e-08
0.3332000E+01 -1.32879e-08
0.3334000E+01 -1.55454e-08
0.3336000E+01 -1.43363e-08
0.3338000E+01 -1.2168e-08
0.3340000E+01 -1.40233e-08
0.3342000E+01 -1.57564e-08
0.3344000E+01 -1.31261e-08
0.3346000E+01 -7.47714e-09
0.3348000E+01 -3.51321e-09
0.3350000E+01 -2.17949e-09
0.3352000E+01 -2.66061e-09
0.3354000E+01 -7.4108e-09
0.3356000E+01 -1.37907e-08
0.3358000E+01 -1.24612e-08
0.3360000E+01 -4.72375e-09
0.3362000E+01 -3.42926e-09
0.3364000E+01 -8.61533e-09
0.3366000E+01 -6.44522e-09
0.3368000E+01 -4.58689e-09
0.3370000E+01 -4.69231e-09
0.3372000E+01 -3.59682e-09
0.3374000E+01 -3.02252e-09
0.3376000E+01 -1.68023e-09
0.3378000E+01 -5.31651e-10
0.3380000E+01 8.20224e-10
0.3382000E+01 -7.57589e-11
0.3384000E+01 -4.70275e-09
0.3386000E+01 -9.60748e-10
0.3388000E+01 1.76949e-09
0.3390000E+01 1.94948e-11
0.3392000E+01 -3.43414e-09
0.3394000E+01 1.70896e-09
0.3396000E+01 1.65716e-09
0.3398000E+01 3.52141e-10
0.3400000E+01 8.22838e-11
0.3402000E+01 -6.41189e-09
0.3404000E+01 -1.69255e-11
0.3406000E+01 1.11936e-09
0.3408000E+01 3.8539e-09
0.3410000E+01 4.13557e-09
0.3412000E+01 4.78835e-09
0.3414000E+01 5.19198e-09
0.3416000E+01 6.22667e-09
0.3418000E+01 5.50344e-09
0.3420000E+01 4.22012e-10
0.3422000E+01 3.81366e-09
0.3424000E+01 5.56461e-09
0.3426000E+01 7.74106e-09
0.3428000E+01 6.97547e-09
0.3430000E+01 9.00512e-09
0.3432000E+01 8.28122e-09
0.3434000E+01 9.31833e-09
0.3436000E+01 4.92651e-09
0.3438000E+01 4.0418e-09
0.3440000E+01 7.64055e-09
0.3442000E+01 5.45769e-09
0.3444000E+01 5.1234e-09
0.3446000E+01 8.0182e-09
0.3448000E+01 8.26219e-09
0.3450000E+01 8.8114e-09
0.3452000E+01 4.77289e-11
0.3454000E+01 5.33337e-09
0.3456000E+01 8.59638e-09
0.3458000E+01 1.08924e-08
0.3460000E+01 1.16424e-08
0.3462000E+01 1.11926e-08
0.3464000E+01 1.08601e-08
0.3466000E+01 -3.49585e-10
0.3468000E+01 3.92921e-09
0.3470000E+01 7.27059e-09
0.3472000E+01 9.70678e-09
0.3474000E+01 9.20361e-09
0.3476000E+01 1.13269e-08
0.3478000E+01 7.59967e-09
0.3480000E+01 -3.90526e-11
0.3482000E+01 7.58224e-09
0.3484000E+01 8.92002e-09
0.3486000E+01 1.23641e-08
0.3488000E+01 1.03566e-08
0.3490000E+01 4.0149e-09
0.3492000E+01 -2.72128e-09
0.3494000E+01 1.17412e-08
0.3496000E+01 9.84672e-09
0.3498000E+01 6.83549e-09
0.3500000E+01 1.39401e-08
0.3502000E+01 2.86173e-10
0.3504000E+01 2.20425e-09
0.3506000E+01 8.20124e-09
0.3508000E+01 1.57943e-08
0.3510000E+01 3.78173e-09
0.3512000E+01 -7.44584e-09
0.3514000E+01 1.61064e-08
0.3516000E+01 1.20762e-08
0.3518000E+01 5.49588e-09
0.3520000E+01 1.25576e-08
0.3522000E+01 1.92612e-08
0.3524000E+01 1.84804e-08
0.3526000E+01 2.1905e-08
0.3528000E+01 2.55868e-08
0.3530000E+01 2.44474e-08
0.3532000E+01 2.90417e-08
0.3534000E+01 2.99101e-08
0.3536000E+01 2.73607e-08
0.3538000E+01 3.21874e-08
0.3540000E+01 3.95413e-08
0.3542000E+01 3.5365e-08
0.3544000E+01 3.55195e-08
0.3546000E+01 4.7021e-08
0.3548000E+01 3.53583e-08
0.3550000E+01 3.70262e-08
0.3552000E+01 3.99162e-08
0.3554000E+01 4.87725e-08
0.3556000E+01 3.61292e-08
0.3558000E+01 3.72815e-08
0.3560000E+01 4.29515e-08
0.3562000E+01 4.47975e-08
0.3564000E+01 5.26934e-08
0.3566000E+01 4.17328e-08
0.3568000E+01 4.0109e-08
0.3570000E+01 4.19885e-08
0.3572000E+01 4.54575e-08
0.3574000E+01 6.20502e-08
0.3576000E+01 5.06627e-08
0.3578000E+01 5.00287e-08
0.3580000E+01 5.58356e-08
0.3582000E+01 5.32874e-08
0.3584000E+01 5.62968e-08
0.3586000E+01 6.92513e-08
0.3588000E+01 7.55565e-08
0.3590000E+01 9.30368e-08
0.3592000E+01 7.91092e-08
0.3594000E+01 1.13996e-07
0.3596000E+01 1.31281e-07
0.3598000E+01 3.60431e-07
0.3600000E+01 -4.49975e-07
0.3602000E+01 -7.68657e-08
0.3604000E+01 -2.8679e-08
0.3606000E+01 -2.32241e-08
0.3608000E+01 -4.41277e-09
0.3610000E+01 8.38025e-09
0.3612000E+01 3.12425e-09
0.3614000E+01 1.04576e-08
0.3616000E+01 1.97605e-08
0.3618000E+01 1.9449e-08
0.3620000E+01 1.62309e-08
0.3622000E+01 3.0377e-08
0.3624000E+01 2.37051e-08
0.3626000E+01 1.84831e-08
0.3628000E+01 1.60996e-08
0.3630000E+01 1.24542e-08
0.3632000E+01 2.24106e-08
0.3634000E+01 2.54801e-08
0.3636000E+01 2.12014e-08
0.3638000E+01 1.86329e-08
0.3640000E+01 2.60643e-08
0.3642000E+01 3.16368e-08
0.3644000E+01 4.17623e-08
0.3646000E+01 2.71639e-08
0.3648000E+01 2.20529e-08
0.3650000E+01 2.26694e-08
0.3652000E+01 2.41765e-08
0.3654000E+01 2.38616e-08
0.3656000E+01 2.02994e-08
0.3658000E+01 2.32939e-08
0.3660000E+01 2.57328e-08
0.3662000E+01 2.64715e-08
0.3664000E+01 2.51751e-08
0.3666000E+01 2.56715e-08
0.3668000E+01 2.6329e-08
0.3670000E+01 4.49238e-08
0.3672000E+01 2.91247e-08
0.3674000E+01 2.64749e-08
0.3676000E+01 2.61865e-08
0.3678000E+01 2.55757e-08
0.3680000E+01 2.79726e-08
0.3682000E+01 2.90189e-08
0.3684000E+01 2.86713e-08
0.3686000E+01 2.69963e-08
0.3688000E+01 2.4396e-08
0.3690000E+01 2.58753e-08
0.3692000E+01 2.4751e-08
0.3694000E+01 2.73391e-08
0.3696000E+01 2.77295e-08
0.3698000E+01 2.98721e-08
0.3700000E+01 3.26171e-08
0.3702000E+01 3.13421e-08
0.3704000E+01 2.7614e-08
0.3706000E+01 3.36494e-08
0.3708000E+01 3.42982e-08
0.3710000E+01 3.06628e-08
0.3712000E+01 2.91108e-08
0.3714000E+01 2.78937e-08
0.3716000E+01 2.76249e-08
0.3718000E+01 2.75991e-08
0.3720000E+01 2.74085e-08
0.3722000E+01 2.77613e-08
0.3724000E+01 2.80293e-08
0.3726000E+01 2.86022e-08
0.3728000E+01 2.87346e-08
0.3730000E+01 2.66614e-08
0.3732000E+01 3.15222e-08
0.3734000E+01 3.38516e-08
0.3736000E+01 3.14289e-08
0.3738000E+01 3.63891e-08
0.3740000E+01 3.18191e-08
0.3742000E+01 3.0559e-08
0.3744000E+01 2.92492e-08
0.3746000E+01 2.92512e-08
0.3748000E+01 2.79855e-08
0.3750000E+01 2.8037e-08
0.3752000E+01 2.77451e-08
0.3754000E+01 2.60485e-08
0.3756000E+01 3.31431e-08
0.3758000E+01 2.88609e-08
0.3760000E+01 2.86956e-08
0.3762000E+01 2.87974e-08
0.3764000E+01 2.84674e-08
0.3766000E+01 2.81861e-08
0.3768000E+01 3.82617e-08
0.3770000E+01 3.15712e-08
0.3772000E+01 3.20528e-08
0.3774000E+01 3.00633e-08
0.3776000E+01 2.88556e-08
0.3778000E+01 3.20029e-08
0.3780000E+01 3.1961e-08
0.3782000E+01 2.92771e-08
0.3784000E+01 2.67911e-08
0.3786000E+01 2.80498e-08
0.3788000E+01 2.75837e-08
0.3790000E+01 2.53135e-08
0.3792000E+01 2.39601e-08
0.3794000E+01 2.57788e-08
0.3796000E+01 3.18365e-08
0.3798000E+01 2.66143e-08
0.3800000E+01 3.02084e-08
0.3802000E+01 2.77645e-08
0.3804000E+01 2.71867e-08
0.3806000E+01 2.7631e-08
0.3808000E+01 2.77265e-08
0.3810000E+01 2.61764e-08
0.3812000E+01 2.65111e-08
0.3814000E+01 2.53474e-08
0.3816000E+01 2.37968e-08
0.3818000E+01 2.44784e-08
0.3820000E+01 3.98807e-08
0.3822000E+01 3.3792e-08
0.3824000E+01 2.77933e-08
0.3826000E+01 2.70432e-08
0.3828000E+01 2.49809e-08
0.3830000E+01 2.36343e-08
0.3832000E+01 2.29958e-08
0.3834000E+01 2.12895e-08
0.3836000E+01 2.20252e-08
0.3838000E+01 2.08158e-08
0.3840000E+01 2.11821e-08
0.3842000E+01 3.19711e-08
0.3844000E+01 2.88404e-08
0.3846000E+01 2.42394e-08
0.3848000E+01 1.54759e-08
0.3850000E+01 2.31472e-08
0.3852000E+01 2.02371e-08
0.3854000E+01 1.874e-08
0.3856000E+01 1.87092e-08
0.3858000E+01 2.03484e-08
0.3860000E+01 1.73147e-08
0.3862000E+01 2.01955e-08
0.3864000E+01 2.83289e-08
0.3866000E+01 1.75995e-08
0.3868000E+01 2.08161e-08
0.3870000E+01 2.10499e-08
0.3872000E+01 1.78458e-08
0.3874000E+01 1.51157e-08
0.3876000E+01 1.66669e-08
0.3878000E+01 1.23643e-08
0.3880000E+01 1.23397e-08
0.3882000E+01 2.27836e-08
0.3884000E+01 1.68524e-08
0.3886000E+01 1.29579e-08
0.3888000E+01 1.35214e-08
0.3890000E+01 1.18797e-08
0.3892000E+01 1.03697e-08
0.3894000E+01 9.06288e-09
0.3896000E+01 7.56339e-09
0.3898000E+01 2.1469e-08
0.3900000E+01 1.11803e-08
0.3902000E+01 8.85521e-09
0.3904000E+01 6.73309e-09
0.3906000E+01 4.10083e-09
0.3908000E+01 2.43105e-09
0.3910000E+01 -2.48675e-10
0.3912000E+01 1.0869e-09
0.3914000E+01 1.17138e-08
0.3916000E+01 -8.90424e-10
0.3918000E+01 -3.95394e-09
0.3920000E+01 1.6203e-09
0.3922000E+01 -7.07511e-10
0.3924000E+01 -6.35567e-09
0.3926000E+01 -7.63117e-09
0.3928000E+01 1.18876e-08
0.3930000E+01 1.53748e-09
0.3932000E+01 -1.13595e-09
0.3934000E+01 -4.9521e-09
0.3936000E+01 -1.4426e-09
0.3938000E+01 -2.97451e-09
0.3940000E+01 2.05077e-08
0.3942000E+01 -1.5209e-09
0.3944000E+01 1.31093e-09
0.3946000E+01 7.55244e-11
0.3948000E+01 -2.29074e-09
0.3950000E+01 -4.59468e-09
0.3952000E+01 5.90746e-09
0.3954000E+01 -2.59029e-09
0.3956000E+01 -5.91174e-09
0.3958000E+01 -6.33991e-09
0.3960000E+01 -5.97532e-09
0.3962000E+01 6.37496e-09
0.3964000E+01 4.5726e-10
0.3966000E+01 1.98391e-09
0.3968000E+01 -4.33897e-10
0.3970000E+01 9.32043e-09
0.3972000E+01 5.17547e-09
0.3974000E+01 3.02982e-09
0.3976000E+01 3.8745e-09
0.3978000E+01 -3.03512e-08
0.3980000E+01 -1.03938e-08
0.3982000E+01 -1.56255e-08
0.3984000E+01 -2.97874e-09
0.3986000E+01 2.92338e-08
0.3988000E+01 5.62325e-09
0.3990000E+01 6.32621e-09
0.3992000E+01 -1.59355e-08
0.3994000E+01 -7.15446e-09
0.3996000E+01 -5.15392e-09
0.3998000E+01 8.52158e-09
0.4000000E+01 2.74057e-09
