0.0000000E+00 0
0.2000000E-02 0
0.4000000E-02 0
0.6000000E-02 0
0.8000000E-02 0
0.1000000E-01 0
0.1200000E-01 0
0.1400000E-01 0
0.1600000E-01 0
0.1800000E-01 0
0.2000000E-01 0
0.2200000E-01 0
0.2400000E-01 0
0.2600000E-01 0
0.2800000E-01 0
0.3000000E-01 0
0.3200000E-01 0
0.3400000E-01 0
0.3600000E-01 0
0.3800000E-01 0
0.4000000E-01 0
0.4200000E-01 0
0.4400000E-01 0
0.4600000E-01 0
0.4800000E-01 0
0.5000000E-01 0
0.5200000E-01 0
0.5400000E-01 0
0.5600000E-01 0
0.5800000E-01 0
0.6000000E-01 0
0.6200000E-01 0
0.6400000E-01 0
0.6600000E-01 0
0.6800000E-01 0
0.7000000E-01 0
0.7200000E-01 0
0.7400000E-01 0
0.7600000E-01 0
0.7800000E-01 0
0.8000000E-01 0
0.8200000E-01 0
0.8400000E-01 0
0.8600000E-01 2.24298e-05
0.8800000E-01 1.95959e-05
0.9000000E-01 7.26653e-06
0.9200000E-01 2.04174e-06
0.9400000E-01 1.12971e-06
0.9600000E-01 4.39179e-07
0.9800000E-01 -1.99401e-07
0.1000000E+00 -5.41032e-07
0.1020000E+00 -4.62709e-07
0.1040000E+00 -1.34587e-07
0.1060000E+00 1.83218e-07
0.1080000E+00 7.72284e-08
0.1100000E+00 -1.28441e-06
0.1120000E+00 -9.60759e-07
0.1140000E+00 -5.71466e-07
0.1160000E+00 -1.42833e-07
0.1180000E+00 2.22079e-07
0.1200000E+00 1.0645e-06
0.1220000E+00 8.9467e-08
0.1240000E+00 -9.97591e-07
0.1260000E+00 -1.01546e-06
0.1280000E+00 -5.96631e-07
0.1300000E+00 -5.18489e-07
0.1320000E+00 -5.04012e-07
0.1340000E+00 -3.82404e-07
0.1360000E+00 -1.23975e-07
0.1380000E+00 -8.56472e-08
0.1400000E+00 -8.55046e-08
0.1420000E+00 -8.64079e-08
0.1440000E+00 -2.23202e-07
0.1460000E+00 -2.74039e-07
0.1480000E+00 -1.97494e-07
0.1500000E+00 -1.15033e-07
0.1520000E+00 -1.11308e-07
0.1540000E+00 -1.28244e-07
0.1560000E+00 -1.46836e-07
0.1580000E+00 -1.66356e-07
0.1600000E+00 -1.87765e-07
0.1620000E+00 -2.12696e-07
0.1640000E+00 -2.43236e-07
0.1660000E+00 -2.13843e-07
0.1680000E+00 -2.80475e-08
0.1700000E+00 -1.65962e-10
0.1720000E+00 2.68207e-08
0.1740000E+00 5.28539e-08
0.1760000E+00 -2.91539e-07
0.1780000E+00 -1.85337e-07
0.1800000E+00 -1.75536e-07
0.1820000E+00 -1.75198e-07
0.1840000E+00 -1.70382e-07
0.1860000E+00 -1.65144e-07
0.1880000E+00 -1.52821e-07
0.1900000E+00 -1.45863e-07
0.1920000E+00 -1.24771e-07
0.1940000E+00 -3.35738e-08
0.1960000E+00 -4.0461e-08
0.1980000E+00 -5.06956e-08
0.2000000E+00 -6.15625e-08
0.2020000E+00 -7.30726e-08
0.2040000E+00 -8.52366e-08
0.2060000E+00 -9.80648e-08
0.2080000E+00 -1.10677e-07
0.2100000E+00 -1.25515e-07
0.2120000E+00 -1.41716e-07
0.2140000E+00 -1.32287e-07
0.2160000E+00 -1.23134e-07
0.2180000E+00 -1.18864e-07
0.2200000E+00 -1.18128e-07
0.2220000E+00 -1.04551e-07
0.2240000E+00 -3.1978e-08
0.2260000E+00 -4.85531e-09
0.2280000E+00 1.25721e-08
0.2300000E+00 -2.19256e-08
0.2320000E+00 -1.17653e-07
0.2340000E+00 -1.08189e-07
0.2360000E+00 -1.0914e-07
0.2380000E+00 -1.04384e-07
0.2400000E+00 -9.44737e-08
0.2420000E+00 -9.30805e-08
0.2440000E+00 -9.16371e-08
0.2460000E+00 -1.00614e-07
0.2480000E+00 -1.11822e-07
0.2500000E+00 -9.08267e-08
0.2520000E+00 -3.7112e-08
0.2540000E+00 -4.40779e-08
0.2560000E+00 -5.17363e-08
0.2580000E+00 -6.1404e-08
0.2600000E+00 -7.17035e-08
0.2620000E+00 -8.58991e-08
0.2640000E+00 -9.22719e-08
0.2660000E+00 -8.91658e-08
0.2680000E+00 -8.94179e-08
0.2700000E+00 -5.94985e-08
0.2720000E+00 -5.63599e-08
0.2740000E+00 -5.49813e-08
0.2760000E+00 -5.34017e-08
0.2780000E+00 -5.021e-08
0.2800000E+00 5.9907e-09
0.2820000E+00 -1.15643e-08
0.2840000E+00 -7.06074e-08
0.2860000E+00 -5.94784e-08
0.2880000E+00 -6.21005e-08
0.2900000E+00 -7.23471e-08
0.2920000E+00 -7.53428e-08
0.2940000E+00 -7.72957e-08
0.2960000E+00 -7.92282e-08
0.2980000E+00 -8.12133e-08
0.3000000E+00 -8.30258e-08
0.3020000E+00 -8.33375e-08
0.3040000E+00 -8.47612e-08
0.3060000E+00 -3.55267e-08
0.3080000E+00 -4.06686e-08
0.3100000E+00 -4.59912e-08
0.3120000E+00 -5.14964e-08
0.3140000E+00 -4.88419e-08
0.3160000E+00 -3.73002e-09
0.3180000E+00 8.89187e-09
0.3200000E+00 -1.33824e-08
0.3220000E+00 -4.29538e-08
0.3240000E+00 -4.49021e-08
0.3260000E+00 -4.61843e-08
0.3280000E+00 -4.75009e-08
0.3300000E+00 -6.08622e-08
0.3320000E+00 -1.21562e-07
0.3340000E+00 -4.35911e-08
0.3360000E+00 2.86368e-09
0.3380000E+00 -4.0707e-08
0.3400000E+00 -5.56823e-08
0.3420000E+00 -5.52832e-08
0.3440000E+00 -5.45889e-08
0.3460000E+00 -5.37566e-08
0.3480000E+00 -5.57097e-08
0.3500000E+00 -6.35533e-08
0.3520000E+00 -6.53853e-08
0.3540000E+00 -6.72071e-08
0.3560000E+00 -4.3564e-08
0.3580000E+00 -3.76722e-08
0.3600000E+00 5.09043e-08
0.3620000E+00 -2.60075e-09
0.3640000E+00 -2.26491e-08
0.3660000E+00 -2.5267e-08
0.3680000E+00 -2.3641e-08
0.3700000E+00 -2.37686e-08
0.3720000E+00 -2.717e-08
0.3740000E+00 -3.73942e-08
0.3760000E+00 -1.01409e-07
0.3780000E+00 -5.99569e-08
0.3800000E+00 -6.43669e-08
0.3820000E+00 -6.87907e-08
0.3840000E+00 9.36043e-08
0.3860000E+00 -4.74119e-08
0.3880000E+00 -4.5819e-08
0.3900000E+00 -4.66247e-08
0.3920000E+00 -4.69809e-08
0.3940000E+00 -4.82831e-08
0.3960000E+00 -5.13434e-08
0.3980000E+00 -5.19824e-08
0.4000000E+00 -5.27991e-08
0.4020000E+00 -2.03758e-08
0.4040000E+00 1.41613e-08
0.4060000E+00 1.38866e-08
0.4080000E+00 1.3368e-08
0.4100000E+00 1.28349e-08
0.4120000E+00 4.15944e-09
0.4140000E+00 -5.32773e-08
0.4160000E+00 -5.55807e-08
0.4180000E+00 -5.77242e-08
0.4200000E+00 -5.90156e-08
0.4220000E+00 -5.8289e-08
0.4240000E+00 -5.40196e-08
0.4260000E+00 -2.21192e-08
0.4280000E+00 -1.30142e-08
0.4300000E+00 -1.95847e-08
0.4320000E+00 -2.53291e-08
0.4340000E+00 -3.76061e-08
0.4360000E+00 -3.75998e-08
0.4380000E+00 -3.76062e-08
0.4400000E+00 -3.70395e-08
0.4420000E+00 -3.71314e-08
0.4440000E+00 -3.97709e-08
0.4460000E+00 -1.02882e-08
0.4480000E+00 7.36603e-08
0.4500000E+00 -3.00491e-08
0.4520000E+00 -3.6213e-08
0.4540000E+00 -4.13964e-08
0.4560000E+00 -3.70837e-08
0.4580000E+00 -3.54322e-08
0.4600000E+00 -3.59844e-08
0.4620000E+00 -3.62191e-08
0.4640000E+00 -3.62429e-08
0.4660000E+00 -1.32473e-08
0.4680000E+00 -1.50654e-08
0.4700000E+00 -1.53292e-08
0.4720000E+00 -2.08476e-08
0.4740000E+00 -2.30567e-08
0.4760000E+00 -2.43559e-08
0.4780000E+00 -2.66799e-08
0.4800000E+00 -4.47035e-08
0.4820000E+00 -8.60046e-08
0.4840000E+00 -8.02334e-08
0.4860000E+00 4.89001e-08
0.4880000E+00 -2.6287e-08
0.4900000E+00 -4.72915e-10
0.4920000E+00 -2.45283e-09
0.4940000E+00 -8.51313e-09
0.4960000E+00 -2.00845e-08
0.4980000E+00 -1.78784e-08
0.5000000E+00 -4.76593e-09
0.5020000E+00 2.09195e-10
0.5040000E+00 2.90678e-10
0.5060000E+00 1.97252e-09
0.5080000E+00 -2.65819e-08
0.5100000E+00 -8.32182e-08
0.5120000E+00 -5.50577e-08
0.5140000E+00 -5.49098e-08
0.5160000E+00 -2.09146e-08
0.5180000E+00 -1.82394e-08
0.5200000E+00 -2.23698e-08
0.5220000E+00 -2.33669e-08
0.5240000E+00 -2.8338e-08
0.5260000E+00 -2.91872e-08
0.5280000E+00 -2.78123e-08
0.5300000E+00 -2.40595e-08
0.5320000E+00 4.57777e-08
0.5340000E+00 -7.03863e-09
0.5360000E+00 -3.2485e-08
0.5380000E+00 -3.64986e-08
0.5400000E+00 -3.51043e-08
0.5420000E+00 -2.74188e-08
0.5440000E+00 2.1732e-09
0.5460000E+00 -3.05949e-10
0.5480000E+00 -2.63249e-09
0.5500000E+00 -1.38289e-09
0.5520000E+00 -1.97268e-09
0.5540000E+00 -1.07665e-07
0.5560000E+00 -4.47127e-08
0.5580000E+00 -2.24641e-08
0.5600000E+00 -2.29818e-08
0.5620000E+00 -3.72387e-08
0.5640000E+00 -3.47951e-08
0.5660000E+00 -3.21939e-08
0.5680000E+00 2.00671e-08
0.5700000E+00 6.73222e-08
0.5720000E+00 -1.03466e-07
0.5740000E+00 -5.42853e-08
0.5760000E+00 1.42832e-08
0.5780000E+00 1.70923e-08
0.5800000E+00 1.259e-09
0.5820000E+00 -1.99116e-09
0.5840000E+00 -5.93028e-09
0.5860000E+00 -6.96953e-08
0.5880000E+00 -1.58831e-08
0.5900000E+00 -5.16775e-08
0.5920000E+00 -4.09102e-08
0.5940000E+00 1.40128e-08
0.5960000E+00 4.73436e-08
0.5980000E+00 -2.79483e-07
0.6000000E+00 -2.71947e-08
0.6020000E+00 -4.44039e-08
0.6040000E+00 -5.94619e-08
0.6060000E+00 -5.54952e-08
0.6080000E+00 -1.6115e-07
0.6100000E+00 -6.54107e-08
0.6120000E+00 -1.83075e-08
0.6140000E+00 -2.80064e-08
0.6160000E+00 -1.83577e-07
0.6180000E+00 -2.34581e-07
0.6200000E+00 1.64455e-07
0.6220000E+00 -1.48991e-07
0.6240000E+00 -7.58672e-07
0.6260000E+00 -3.42508e-07
0.6280000E+00 -1.32326e-06
0.6300000E+00 -1.56486e-08
0.6320000E+00 2.1575e-06
0.6340000E+00 -1.00724e-06
0.6360000E+00 7.27783e-07
0.6380000E+00 -3.64534e-07
0.6400000E+00 -1.59027e-07
0.6420000E+00 -5.85651e-07
0.6440000E+00 3.81093e-08
0.6460000E+00 -2.68421e-07
0.6480000E+00 -1.74313e-07
0.6500000E+00 -2.66313e-07
0.6520000E+00 -3.00055e-07
0.6540000E+00 2.49316e-07
0.6560000E+00 -1.57366e-07
0.6580000E+00 1.56117e-07
0.6600000E+00 -5.05353e-09
0.6620000E+00 -1.37363e-07
0.6640000E+00 -1.55195e-07
0.6660000E+00 -3.99555e-08
0.6680000E+00 1.75091e-07
0.6700000E+00 -1.48912e-07
0.6720000E+00 7.63094e-08
0.6740000E+00 -9.70375e-09
0.6760000E+00 -1.00695e-08
0.6780000E+00 -5.5369e-08
0.6800000E+00 -9.32212e-08
0.6820000E+00 -1.01419e-07
0.6840000E+00 5.70371e-08
0.6860000E+00 1.31925e-08
0.6880000E+00 1.12773e-08
0.6900000E+00 -2.59108e-08
0.6920000E+00 -5.20509e-08
0.6940000E+00 -3.85118e-08
0.6960000E+00 -2.51613e-08
0.6980000E+00 1.46697e-08
0.7000000E+00 -2.22538e-08
0.7020000E+00 -3.62692e-08
0.7040000E+00 -3.0457e-08
0.7060000E+00 5.11434e-08
0.7080000E+00 1.96296e-08
0.7100000E+00 7.61335e-10
0.7120000E+00 -2.0929e-08
0.7140000E+00 -1.67513e-08
0.7160000E+00 -1.46909e-08
0.7180000E+00 -4.01314e-08
0.7200000E+00 -3.30321e-08
0.7220000E+00 -3.35543e-08
0.7240000E+00 -3.37247e-08
0.7260000E+00 -3.11498e-08
0.7280000E+00 -3.0893e-08
0.7300000E+00 2.40406e-08
0.7320000E+00 3.61535e-09
0.7340000E+00 8.89885e-10
0.7360000E+00 6.41912e-09
0.7380000E+00 -5.02646e-08
0.7400000E+00 -6.86938e-09
0.7420000E+00 -1.1177e-08
0.7440000E+00 -1.18028e-08
0.7460000E+00 -1.37706e-08
0.7480000E+00 -1.68383e-08
0.7500000E+00 -1.97127e-08
0.7520000E+00 -1.98912e-08
0.7540000E+00 -2.10369e-08
0.7560000E+00 -1.91345e-08
0.7580000E+00 4.05089e-09
0.7600000E+00 1.28655e-08
0.7620000E+00 1.66384e-10
0.7640000E+00 -3.61101e-09
0.7660000E+00 -3.70072e-09
0.7680000E+00 -4.49844e-08
0.7700000E+00 -2.67036e-08
0.7720000E+00 -2.48774e-08
0.7740000E+00 -2.45248e-08
0.7760000E+00 -9.61615e-09
0.7780000E+00 4.53328e-09
0.7800000E+00 -6.64859e-09
0.7820000E+00 -1.13887e-08
0.7840000E+00 -1.20287e-08
0.7860000E+00 -1.20524e-08
0.7880000E+00 -1.34324e-08
0.7900000E+00 4.12754e-09
0.7920000E+00 1.05994e-08
0.7940000E+00 1.90765e-09
0.7960000E+00 -2.36315e-09
0.7980000E+00 -4.2802e-09
0.8000000E+00 -5.62672e-09
0.8020000E+00 -3.49226e-08
0.8040000E+00 -3.47445e-08
0.8060000E+00 -2.19278e-08
0.8080000E+00 -2.19699e-08
0.8100000E+00 -2.28092e-08
0.8120000E+00 -2.2024e-08
0.8140000E+00 -9.79501e-09
0.8160000E+00 7.24269e-09
0.8180000E+00 5.59525e-10
0.8200000E+00 -7.14149e-09
0.8220000E+00 -7.25358e-09
0.8240000E+00 -7.65829e-09
0.8260000E+00 1.37594e-08
0.8280000E+00 -3.8342e-09
0.8300000E+00 -5.95705e-09
0.8320000E+00 -9.50312e-09
0.8340000E+00 -9.23132e-09
0.8360000E+00 -7.63992e-09
0.8380000E+00 -4.22327e-09
0.8400000E+00 -3.83875e-08
0.8420000E+00 -2.43597e-08
0.8440000E+00 -1.95749e-08
0.8460000E+00 -2.02715e-08
0.8480000E+00 -1.85148e-08
0.8500000E+00 -1.86971e-08
0.8520000E+00 -1.40738e-08
0.8540000E+00 -2.07594e-09
0.8560000E+00 1.59768e-09
0.8580000E+00 2.83583e-10
0.8600000E+00 -6.14906e-09
0.8620000E+00 -4.74878e-09
0.8640000E+00 3.26669e-09
0.8660000E+00 -4.48017e-09
0.8680000E+00 -5.81296e-09
0.8700000E+00 -6.17083e-09
0.8720000E+00 -7.15453e-09
0.8740000E+00 -8.16836e-09
0.8760000E+00 -9.07483e-09
0.8780000E+00 -9.51828e-09
0.8800000E+00 -1.07517e-08
0.8820000E+00 -2.60246e-08
0.8840000E+00 -2.49722e-08
0.8860000E+00 -2.20968e-08
0.8880000E+00 -2.08368e-08
0.8900000E+00 -1.56921e-08
0.8920000E+00 -2.09531e-10
0.8940000E+00 4.50291e-09
0.8960000E+00 -1.21604e-08
0.8980000E+00 -9.823e-09
0.9000000E+00 -8.15166e-09
0.9020000E+00 -5.81238e-09
0.9040000E+00 -2.00439e-09
0.9060000E+00 -6.48171e-09
0.9080000E+00 -9.4895e-09
0.9100000E+00 -1.06734e-08
0.9120000E+00 -1.12464e-08
0.9140000E+00 -1.2333e-08
0.9160000E+00 -1.32108e-08
0.9180000E+00 -5.03918e-10
0.9200000E+00 -1.07536e-08
0.9220000E+00 -1.09206e-08
0.9240000E+00 -1.12992e-08
0.9260000E+00 -2.13291e-08
0.9280000E+00 -1.45027e-08
0.9300000E+00 -2.55659e-10
0.9320000E+00 -9.57188e-10
0.9340000E+00 -6.01359e-09
0.9360000E+00 -9.66458e-09
0.9380000E+00 -1.28622e-08
0.9400000E+00 -1.36316e-08
0.9420000E+00 -1.41015e-08
0.9440000E+00 -1.47026e-08
0.9460000E+00 -1.08917e-08
0.9480000E+00 -7.77003e-09
0.9500000E+00 -9.13294e-09
0.9520000E+00 -1.03723e-08
0.9540000E+00 -1.32075e-08
0.9560000E+00 -1.33284e-08
0.9580000E+00 -1.25006e-08
0.9600000E+00 -1.4515e-08
0.9620000E+00 -1.51809e-08
0.9640000E+00 -1.26047e-08
0.9660000E+00 1.77861e-09
0.9680000E+00 7.56314e-09
0.9700000E+00 -1.02068e-09
0.9720000E+00 -2.05218e-08
0.9740000E+00 -1.33422e-08
0.9760000E+00 -1.29279e-08
0.9780000E+00 -1.36436e-08
0.9800000E+00 -6.03052e-09
0.9820000E+00 -1.17246e-08
0.9840000E+00 -1.21129e-08
0.9860000E+00 -1.31215e-08
0.9880000E+00 -1.42507e-08
0.9900000E+00 -1.2305e-08
0.9920000E+00 -1.41706e-08
0.9940000E+00 -1.50265e-08
0.9960000E+00 -1.60753e-08
0.9980000E+00 -1.66612e-08
0.1000000E+01 -1.72343e-08
0.1002000E+01 -3.25175e-09
0.1004000E+01 6.65033e-09
0.1006000E+01 -2.72871e-09
0.1008000E+01 -6.9174e-09
0.1010000E+01 -4.83958e-09
0.1012000E+01 -2.35224e-09
0.1014000E+01 -5.31227e-09
0.1016000E+01 -6.82369e-09
0.1018000E+01 -9.99153e-09
0.1020000E+01 -2.07383e-08
0.1022000E+01 -1.73853e-08
0.1024000E+01 -1.64364e-08
0.1026000E+01 -1.56164e-08
0.1028000E+01 -1.62671e-08
0.1030000E+01 -1.67074e-08
0.1032000E+01 -1.67688e-08
0.1034000E+01 -1.67151e-08
0.1036000E+01 -1.34837e-08
0.1038000E+01 -1.99868e-09
0.1040000E+01 5.94445e-09
0.1042000E+01 2.11803e-09
0.1044000E+01 -1.2323e-09
0.1046000E+01 -4.0479e-09
0.1048000E+01 -7.93656e-09
0.1050000E+01 -8.39856e-09
0.1052000E+01 -9.24665e-09
0.1054000E+01 -9.8289e-09
0.1056000E+01 -1.04375e-08
0.1058000E+01 -1.14992e-08
0.1060000E+01 -1.35705e-08
0.1062000E+01 -1.48714e-08
0.1064000E+01 -1.57061e-08
0.1066000E+01 -1.63673e-08
0.1068000E+01 -1.68911e-08
0.1070000E+01 -2.12771e-08
0.1072000E+01 -1.16856e-08
0.1074000E+01 4.82435e-09
0.1076000E+01 8.28934e-09
0.1078000E+01 -4.20521e-09
0.1080000E+01 -1.77011e-09
0.1082000E+01 -4.9866e-09
0.1084000E+01 -4.59398e-09
0.1086000E+01 -7.27011e-09
0.1088000E+01 -1.11378e-08
0.1090000E+01 -1.26284e-08
0.1092000E+01 -1.37407e-08
0.1094000E+01 -1.41127e-08
0.1096000E+01 -1.44261e-08
0.1098000E+01 -1.49425e-08
0.1100000E+01 -1.52955e-08
0.1102000E+01 -1.56389e-08
0.1104000E+01 -1.61495e-08
0.1106000E+01 -1.15995e-08
0.1108000E+01 -1.8419e-09
0.1110000E+01 3.94687e-09
0.1112000E+01 1.62041e-10
0.1114000E+01 -1.94545e-09
0.1116000E+01 -5.90187e-09
0.1118000E+01 -8.63369e-09
0.1120000E+01 -1.00255e-08
0.1122000E+01 -1.39683e-08
0.1124000E+01 -1.31545e-08
0.1126000E+01 -1.05391e-08
0.1128000E+01 -9.4518e-09
0.1130000E+01 -1.17451e-08
0.1132000E+01 -1.37754e-08
0.1134000E+01 -1.44332e-08
0.1136000E+01 -1.49706e-08
0.1138000E+01 -1.57286e-08
0.1140000E+01 -1.68961e-08
0.1142000E+01 5.91246e-09
0.1144000E+01 1.24115e-08
0.1146000E+01 -3.53324e-09
0.1148000E+01 -4.47482e-09
0.1150000E+01 -1.65139e-10
0.1152000E+01 -3.76947e-09
0.1154000E+01 -5.44967e-09
0.1156000E+01 -8.88142e-09
0.1158000E+01 -1.09837e-08
0.1160000E+01 -1.19734e-08
0.1162000E+01 -1.29438e-08
0.1164000E+01 -1.36506e-08
0.1166000E+01 -1.40775e-08
0.1168000E+01 -1.45586e-08
0.1170000E+01 -1.50306e-08
0.1172000E+01 -1.54371e-08
0.1174000E+01 -8.84749e-09
0.1176000E+01 3.33692e-09
0.1178000E+01 9.09083e-09
0.1180000E+01 4.53432e-09
0.1182000E+01 -2.22799e-09
0.1184000E+01 -7.30016e-09
0.1186000E+01 -7.43744e-09
0.1188000E+01 -4.10373e-09
0.1190000E+01 -4.76563e-09
0.1192000E+01 -7.90339e-09
0.1194000E+01 -8.93355e-09
0.1196000E+01 -9.8013e-09
0.1198000E+01 -1.07551e-08
0.1200000E+01 -1.22611e-08
0.1202000E+01 -1.36661e-08
0.1204000E+01 -1.52656e-08
0.1206000E+01 -1.58806e-08
0.1208000E+01 8.29383e-09
0.1210000E+01 1.49197e-08
0.1212000E+01 -1.1742e-09
0.1214000E+01 -1.73371e-09
0.1216000E+01 -2.51271e-09
0.1218000E+01 -4.29966e-09
0.1220000E+01 -6.20726e-09
0.1222000E+01 -8.84306e-09
0.1224000E+01 -1.29625e-08
0.1226000E+01 -7.85332e-09
0.1228000E+01 -1.1564e-08
0.1230000E+01 -1.25044e-08
0.1232000E+01 -1.32128e-08
0.1234000E+01 -1.30369e-08
0.1236000E+01 -1.19488e-08
0.1238000E+01 -1.02364e-08
0.1240000E+01 7.4653e-10
0.1242000E+01 1.31886e-08
0.1244000E+01 8.82087e-09
0.1246000E+01 2.49144e-10
0.1248000E+01 -5.88568e-09
0.1250000E+01 -6.98555e-09
0.1252000E+01 -7.5824e-09
0.1254000E+01 -8.92572e-09
0.1256000E+01 -9.92548e-09
0.1258000E+01 -9.98283e-09
0.1260000E+01 -1.05712e-08
0.1262000E+01 -1.17791e-08
0.1264000E+01 -1.03183e-08
0.1266000E+01 -1.02511e-08
0.1268000E+01 -1.19169e-08
0.1270000E+01 -1.31764e-08
0.1272000E+01 1.58716e-08
0.1274000E+01 2.36997e-08
0.1276000E+01 4.27382e-09
0.1278000E+01 3.67232e-09
0.1280000E+01 3.17855e-09
0.1282000E+01 1.14847e-09
0.1284000E+01 -2.38354e-09
0.1286000E+01 -6.12969e-09
0.1288000E+01 -6.56568e-09
0.1290000E+01 -5.2189e-09
0.1292000E+01 -6.91349e-09
0.1294000E+01 -7.73493e-09
0.1296000E+01 -8.35937e-09
0.1298000E+01 -8.77922e-09
0.1300000E+01 -1.04534e-08
0.1302000E+01 1.6912e-09
0.1304000E+01 2.14373e-08
0.1306000E+01 2.4807e-08
0.1308000E+01 1.11466e-08
0.1310000E+01 -6.864e-09
0.1312000E+01 -9.5224e-09
0.1314000E+01 -8.15942e-09
0.1316000E+01 -6.97337e-09
0.1318000E+01 -6.73165e-09
0.1320000E+01 -6.70267e-09
0.1322000E+01 -8.12571e-09
0.1324000E+01 -9.99888e-09
0.1326000E+01 -1.13115e-08
0.1328000E+01 -1.18455e-08
0.1330000E+01 -1.21048e-08
0.1332000E+01 -1.33382e-09
0.1334000E+01 1.15667e-08
0.1336000E+01 2.33401e-08
0.1338000E+01 6.0283e-09
0.1340000E+01 5.47404e-09
0.1342000E+01 2.41922e-09
0.1344000E+01 2.86572e-09
0.1346000E+01 -1.76459e-09
0.1348000E+01 -2.97159e-09
0.1350000E+01 -3.72048e-09
0.1352000E+01 -4.8536e-09
0.1354000E+01 -5.36214e-09
0.1356000E+01 -5.70275e-09
0.1358000E+01 -5.99149e-09
0.1360000E+01 -6.36607e-09
0.1362000E+01 8.02941e-09
0.1364000E+01 2.95767e-08
0.1366000E+01 2.99813e-08
0.1368000E+01 1.46849e-08
0.1370000E+01 8.76212e-09
0.1372000E+01 5.66137e-09
0.1374000E+01 5.36198e-09
0.1376000E+01 2.38273e-09
0.1378000E+01 -1.71175e-08
0.1380000E+01 -1.86539e-08
0.1382000E+01 -1.37012e-08
0.1384000E+01 -1.09174e-08
0.1386000E+01 -9.61279e-09
0.1388000E+01 -1.08253e-08
0.1390000E+01 -8.02159e-09
0.1392000E+01 1.5137e-08
0.1394000E+01 3.03213e-08
0.1396000E+01 1.83673e-08
0.1398000E+01 1.19784e-08
0.1400000E+01 8.05017e-09
0.1402000E+01 5.40814e-09
0.1404000E+01 4.54396e-09
0.1406000E+01 2.50174e-09
0.1408000E+01 6.94279e-10
0.1410000E+01 1.30648e-10
0.1412000E+01 -2.66778e-09
0.1414000E+01 -3.86733e-09
0.1416000E+01 -3.49519e-09
0.1418000E+01 -4.59852e-09
0.1420000E+01 2.61664e-08
0.1422000E+01 3.63044e-08
0.1424000E+01 1.83744e-08
0.1426000E+01 2.07304e-08
0.1428000E+01 1.66313e-08
0.1430000E+01 1.12877e-08
0.1432000E+01 -8.45389e-09
0.1434000E+01 -1.51379e-08
0.1436000E+01 -7.4524e-09
0.1438000E+01 -5.64239e-09
0.1440000E+01 -5.67062e-09
0.1442000E+01 -8.58825e-09
0.1444000E+01 -8.10814e-09
0.1446000E+01 -4.55066e-09
0.1448000E+01 1.48192e-08
0.1450000E+01 3.5515e-08
0.1452000E+01 2.34785e-08
0.1454000E+01 9.71269e-09
0.1456000E+01 7.00606e-09
0.1458000E+01 6.65833e-09
0.1460000E+01 6.43024e-09
0.1462000E+01 6.34646e-09
0.1464000E+01 5.91416e-09
0.1466000E+01 6.43939e-09
0.1468000E+01 6.37349e-10
0.1470000E+01 6.21362e-10
0.1472000E+01 4.13584e-10
0.1474000E+01 1.20611e-08
0.1476000E+01 3.23413e-08
0.1478000E+01 2.40891e-08
0.1480000E+01 -8.12983e-10
0.1482000E+01 2.24733e-09
0.1484000E+01 4.12803e-09
0.1486000E+01 3.57028e-09
0.1488000E+01 2.57474e-09
0.1490000E+01 -7.76306e-10
0.1492000E+01 -2.83342e-09
0.1494000E+01 -1.83646e-09
0.1496000E+01 -1.34137e-09
0.1498000E+01 -2.3149e-09
0.1500000E+01 -5.26663e-09
0.1502000E+01 2.97653e-08
0.1504000E+01 4.38987e-08
0.1506000E+01 2.31898e-08
0.1508000E+01 2.59666e-08
0.1510000E+01 2.1013e-08
0.1512000E+01 1.20841e-08
0.1514000E+01 7.44833e-09
0.1516000E+01 8.02449e-09
0.1518000E+01 7.98424e-09
0.1520000E+01 -4.20893e-09
0.1522000E+01 -1.49873e-08
0.1524000E+01 -1.03498e-08
0.1526000E+01 -5.34323e-09
0.1528000E+01 1.8331e-08
0.1530000E+01 3.44261e-08
0.1532000E+01 1.75253e-08
0.1534000E+01 8.2515e-09
0.1536000E+01 6.20137e-09
0.1538000E+01 5.98521e-09
0.1540000E+01 6.22399e-09
0.1542000E+01 6.01256e-09
0.1544000E+01 5.2226e-09
0.1546000E+01 3.91301e-09
0.1548000E+01 4.75521e-09
0.1550000E+01 -2.93914e-09
0.1552000E+01 5.17488e-09
0.1554000E+01 2.75336e-08
0.1556000E+01 3.87294e-08
0.1558000E+01 1.73483e-08
0.1560000E+01 2.0703e-10
0.1562000E+01 1.15417e-09
0.1564000E+01 4.50616e-09
0.1566000E+01 3.007e-09
0.1568000E+01 -1.5353e-10
0.1570000E+01 7.96028e-10
0.1572000E+01 6.35198e-10
0.1574000E+01 -1.35808e-11
0.1576000E+01 -4.0547e-10
0.1578000E+01 2.38944e-08
0.1580000E+01 3.68512e-08
0.1582000E+01 2.71845e-08
0.1584000E+01 2.08374e-08
0.1586000E+01 1.84644e-08
0.1588000E+01 1.85567e-08
0.1590000E+01 1.49779e-08
0.1592000E+01 1.1807e-08
0.1594000E+01 -3.24835e-09
0.1596000E+01 -1.0562e-08
0.1598000E+01 -9.31033e-09
0.1600000E+01 -6.49029e-09
0.1602000E+01 1.1778e-08
0.1604000E+01 1.21238e-08
0.1606000E+01 5.14476e-09
0.1608000E+01 2.02844e-08
0.1610000E+01 2.05403e-08
0.1612000E+01 2.26659e-08
0.1614000E+01 1.68736e-08
0.1616000E+01 1.72756e-08
0.1618000E+01 1.52092e-08
0.1620000E+01 1.45991e-08
0.1622000E+01 1.37509e-08
0.1624000E+01 1.08966e-08
0.1626000E+01 -3.05188e-08
0.1628000E+01 2.635e-08
0.1630000E+01 2.84004e-08
0.1632000E+01 1.8322e-08
0.1634000E+01 1.6816e-08
0.1636000E+01 1.67918e-08
0.1638000E+01 1.09799e-08
0.1640000E+01 1.00415e-08
0.1642000E+01 -2.03423e-09
0.1644000E+01 -5.39147e-09
0.1646000E+01 1.51222e-09
0.1648000E+01 5.62686e-09
0.1650000E+01 2.67045e-08
0.1652000E+01 4.63783e-08
0.1654000E+01 3.55627e-08
0.1656000E+01 1.72435e-08
0.1658000E+01 7.04117e-09
0.1660000E+01 9.63803e-09
0.1662000E+01 4.16244e-09
0.1664000E+01 -2.11697e-10
0.1666000E+01 -9.17073e-10
0.1668000E+01 1.44105e-08
0.1670000E+01 1.33981e-08
0.1672000E+01 2.55302e-08
0.1674000E+01 4.67927e-08
0.1676000E+01 4.69526e-08
0.1678000E+01 3.36496e-08
0.1680000E+01 3.24771e-08
0.1682000E+01 3.23904e-08
0.1684000E+01 2.20861e-08
0.1686000E+01 1.3196e-08
0.1688000E+01 1.28696e-08
0.1690000E+01 7.15824e-09
0.1692000E+01 -1.2805e-08
0.1694000E+01 1.21979e-08
0.1696000E+01 4.23158e-08
0.1698000E+01 4.65636e-08
0.1700000E+01 3.55129e-08
0.1702000E+01 3.28936e-08
0.1704000E+01 3.1235e-08
0.1706000E+01 3.17445e-08
0.1708000E+01 3.1167e-08
0.1710000E+01 2.9147e-08
0.1712000E+01 1.81349e-08
0.1714000E+01 1.22143e-08
0.1716000E+01 2.67827e-08
0.1718000E+01 4.733e-08
0.1720000E+01 4.36793e-08
0.1722000E+01 3.20727e-08
0.1724000E+01 3.0003e-08
0.1726000E+01 3.9422e-08
0.1728000E+01 3.68247e-08
0.1730000E+01 3.68395e-08
0.1732000E+01 3.84163e-08
0.1734000E+01 3.72255e-08
0.1736000E+01 1.6269e-08
0.1738000E+01 4.01674e-08
0.1740000E+01 5.15026e-08
0.1742000E+01 4.20472e-08
0.1744000E+01 4.35604e-08
0.1746000E+01 4.51132e-08
0.1748000E+01 3.71551e-08
0.1750000E+01 3.65618e-08
0.1752000E+01 3.66103e-08
0.1754000E+01 3.6665e-08
0.1756000E+01 3.7099e-08
0.1758000E+01 3.75961e-08
0.1760000E+01 5.9879e-08
0.1762000E+01 5.0436e-08
0.1764000E+01 5.11943e-08
0.1766000E+01 4.99182e-08
0.1768000E+01 4.88898e-08
0.1770000E+01 4.84911e-08
0.1772000E+01 5.17924e-08
0.1774000E+01 5.05665e-08
0.1776000E+01 2.81273e-08
0.1778000E+01 5.35386e-08
0.1780000E+01 7.8489e-08
0.1782000E+01 7.01747e-08
0.1784000E+01 6.29554e-08
0.1786000E+01 5.70265e-08
0.1788000E+01 5.60405e-08
0.1790000E+01 5.45529e-08
0.1792000E+01 5.45862e-08
0.1794000E+01 5.24933e-08
0.1796000E+01 4.74697e-08
0.1798000E+01 7.64566e-08
0.1800000E+01 8.77786e-08
0.1802000E+01 7.77155e-08
0.1804000E+01 7.27595e-08
0.1806000E+01 6.97673e-08
0.1808000E+01 7.16199e-08
0.1810000E+01 7.29143e-08
0.1812000E+01 6.80982e-08
0.1814000E+01 5.14653e-08
0.1816000E+01 6.85142e-08
0.1818000E+01 8.84162e-08
0.1820000E+01 8.54989e-08
0.1822000E+01 8.34157e-08
0.1824000E+01 8.62631e-08
0.1826000E+01 8.88063e-08
0.1828000E+01 8.79493e-08
0.1830000E+01 8.53636e-08
0.1832000E+01 8.48568e-08
0.1834000E+01 8.85542e-08
0.1836000E+01 1.02842e-07
0.1838000E+01 1.07612e-07
0.1840000E+01 1.05236e-07
0.1842000E+01 1.06147e-07
0.1844000E+01 1.12349e-07
0.1846000E+01 7.54277e-08
0.1848000E+01 9.59427e-08
0.1850000E+01 1.01988e-07
0.1852000E+01 1.13241e-07
0.1854000E+01 1.26867e-07
0.1856000E+01 1.24528e-07
0.1858000E+01 1.22244e-07
0.1860000E+01 1.25319e-07
0.1862000E+01 1.35682e-07
0.1864000E+01 1.36751e-07
0.1866000E+01 1.35204e-07
0.1868000E+01 1.36858e-07
0.1870000E+01 1.57244e-07
0.1872000E+01 1.35224e-07
0.1874000E+01 1.30619e-07
0.1876000E+01 1.40098e-07
0.1878000E+01 1.61941e-07
0.1880000E+01 1.67226e-07
0.1882000E+01 1.69178e-07
0.1884000E+01 1.76816e-07
0.1886000E+01 1.86074e-07
0.1888000E+01 1.9075e-07
0.1890000E+01 1.92568e-07
0.1892000E+01 1.69879e-07
0.1894000E+01 2.20334e-07
0.1896000E+01 2.14391e-07
0.1898000E+01 1.99839e-07
0.1900000E+01 2.12583e-07
0.1902000E+01 2.25112e-07
0.1904000E+01 2.39039e-07
0.1906000E+01 2.47768e-07
0.1908000E+01 2.95635e-07
0.1910000E+01 3.12686e-07
0.1912000E+01 3.10464e-07
0.1914000E+01 3.34546e-07
0.1916000E+01 3.47601e-07
0.1918000E+01 4.10867e-07
0.1920000E+01 4.76361e-07
0.1922000E+01 5.82101e-07
0.1924000E+01 9.1982e-07
0.1926000E+01 7.76105e-07
0.1928000E+01 -5.14984e-07
0.1930000E+01 2.33779e-07
0.1932000E+01 -1.18435e-07
0.1934000E+01 2.13534e-08
0.1936000E+01 4.92698e-07
0.1938000E+01 9.32736e-08
0.1940000E+01 5.82879e-07
0.1942000E+01 1.7868e-07
0.1944000E+01 6.03789e-07
0.1946000E+01 5.09789e-07
0.1948000E+01 5.62919e-07
0.1950000E+01 8.85724e-07
0.1952000E+01 7.97914e-07
0.1954000E+01 3.36537e-06
0.1956000E+01 -1.7945e-07
0.1958000E+01 -3.79783e-06
0.1960000E+01 -1.48616e-06
0.1962000E+01 -1.43966e-06
0.1964000E+01 -4.68207e-07
0.1966000E+01 -2.59911e-07
0.1968000E+01 -3.46606e-07
0.1970000E+01 -4.36948e-07
0.1972000E+01 -6.02385e-07
0.1974000E+01 -6.24203e-07
0.1976000E+01 -1.52428e-07
0.1978000E+01 -1.73224e-07
0.1980000E+01 -6.40855e-07
0.1982000E+01 -4.9711e-07
0.1984000E+01 -2.33491e-07
0.1986000E+01 -1.36739e-07
0.1988000E+01 -1.46295e-07
0.1990000E+01 -1.43789e-07
0.1992000E+01 -2.03149e-07
0.1994000E+01 -4.766e-08
0.1996000E+01 -3.96797e-08
0.1998000E+01 -9.78553e-08
0.2000000E+01 -1.03891e-07
0.2002000E+01 -1.05412e-07
0.2004000E+01 -1.0667e-07
0.2006000E+01 -1.09773e-07
0.2008000E+01 -1.12915e-07
0.2010000E+01 -1.1758e-07
0.2012000E+01 -1.25192e-07
0.2014000E+01 -1.40143e-07
0.2016000E+01 -1.76237e-07
0.2018000E+01 -1.25568e-07
0.2020000E+01 -7.91328e-08
0.2022000E+01 -8.15256e-08
0.2024000E+01 -8.44294e-08
0.2026000E+01 -7.80958e-08
0.2028000E+01 -7.99593e-08
0.2030000E+01 -2.67636e-08
0.2032000E+01 1.62346e-07
0.2034000E+01 4.64455e-07
0.2036000E+01 1.03662e-06
0.2038000E+01 -1.7528e-07
0.2040000E+01 -5.85322e-07
0.2042000E+01 -7.12456e-07
0.2044000E+01 -3.22988e-07
0.2046000E+01 -2.07852e-07
0.2048000E+01 -5.26846e-08
0.2050000E+01 9.35068e-08
0.2052000E+01 4.36405e-08
0.2054000E+01 -2.51226e-07
0.2056000E+01 -2.55673e-07
0.2058000E+01 -8.89761e-08
0.2060000E+01 -2.66536e-08
0.2062000E+01 -2.47412e-08
0.2064000E+01 2.03926e-08
0.2066000E+01 -1.79678e-07
0.2068000E+01 -4.86428e-08
0.2070000E+01 -1.07176e-07
0.2072000E+01 -3.35572e-07
0.2074000E+01 -1.5256e-07
0.2076000E+01 -1.14798e-07
0.2078000E+01 -6.80678e-08
0.2080000E+01 -5.16243e-08
0.2082000E+01 -6.93421e-08
0.2084000E+01 -1.6521e-07
0.2086000E+01 -1.25732e-07
0.2088000E+01 -1.38598e-07
0.2090000E+01 -1.26563e-07
0.2092000E+01 -7.62028e-08
0.2094000E+01 -8.7849e-09
0.2096000E+01 -5.87104e-08
0.2098000E+01 -7.30712e-08
0.2100000E+01 -6.99483e-08
0.2102000E+01 -6.64046e-08
0.2104000E+01 -6.05997e-08
0.2106000E+01 -4.72978e-08
0.2108000E+01 -1.53649e-08
0.2110000E+01 -5.34665e-09
0.2112000E+01 -2.10668e-08
0.2114000E+01 -6.71208e-09
0.2116000E+01 -4.6023e-08
0.2118000E+01 -1.2812e-07
0.2120000E+01 -1.20873e-07
0.2122000E+01 -1.18883e-07
0.2124000E+01 -1.30027e-07
0.2126000E+01 -9.05734e-08
0.2128000E+01 -3.99751e-08
0.2130000E+01 1.24529e-09
0.2132000E+01 -3.09478e-08
0.2134000E+01 -7.39427e-08
0.2136000E+01 -6.78734e-08
0.2138000E+01 -5.95189e-08
0.2140000E+01 -4.80439e-08
0.2142000E+01 -6.43234e-08
0.2144000E+01 -3.19826e-08
0.2146000E+01 -7.55755e-10
0.2148000E+01 -1.85294e-08
0.2150000E+01 -3.45286e-08
0.2152000E+01 -2.75868e-08
0.2154000E+01 -2.45532e-08
0.2156000E+01 -4.48619e-08
0.2158000E+01 -7.22948e-08
0.2160000E+01 -4.45222e-08
0.2162000E+01 -1.28487e-08
0.2164000E+01 -9.84064e-09
0.2166000E+01 -2.32724e-08
0.2168000E+01 -2.59461e-08
0.2170000E+01 -6.97721e-08
0.2172000E+01 -9.50823e-08
0.2174000E+01 -9.26754e-08
0.2176000E+01 -9.43844e-08
0.2178000E+01 -4.00575e-08
0.2180000E+01 6.53625e-08
0.2182000E+01 1.69159e-08
0.2184000E+01 -3.12624e-08
0.2186000E+01 -3.80327e-08
0.2188000E+01 -3.9504e-08
0.2190000E+01 -4.16692e-08
0.2192000E+01 -3.18284e-08
0.2194000E+01 1.82653e-08
0.2196000E+01 4.66425e-08
0.2198000E+01 -1.34616e-08
0.2200000E+01 -3.37712e-08
0.2202000E+01 -3.55754e-08
0.2204000E+01 -3.29113e-08
0.2206000E+01 -3.85846e-08
0.2208000E+01 -8.02458e-09
0.2210000E+01 1.90099e-08
0.2212000E+01 4.34567e-08
0.2214000E+01 3.66e-08
0.2216000E+01 -1.97594e-09
0.2218000E+01 -4.4794e-08
0.2220000E+01 -6.2764e-08
0.2222000E+01 3.43179e-08
0.2224000E+01 1.07567e-07
0.2226000E+01 2.09502e-08
0.2228000E+01 1.39078e-08
0.2230000E+01 -3.16203e-08
0.2232000E+01 2.18328e-08
0.2234000E+01 9.96378e-08
0.2236000E+01 1.36756e-07
0.2238000E+01 1.47283e-07
0.2240000E+01 8.47028e-08
0.2242000E+01 1.02088e-07
0.2244000E+01 1.73073e-07
0.2246000E+01 -5.13952e-09
0.2248000E+01 3.24707e-08
0.2250000E+01 -3.94094e-08
0.2252000E+01 3.16589e-07
0.2254000E+01 3.01475e-07
0.2256000E+01 6.82863e-07
0.2258000E+01 9.97044e-07
0.2260000E+01 1.58968e-07
0.2262000E+01 -7.92221e-07
0.2264000E+01 -4.89024e-07
0.2266000E+01 -4.27399e-07
0.2268000E+01 -3.54988e-07
0.2270000E+01 -3.0821e-07
0.2272000E+01 -2.54179e-07
0.2274000E+01 -2.39266e-07
0.2276000E+01 -2.34654e-07
0.2278000E+01 -2.22577e-07
0.2280000E+01 -1.66149e-07
0.2282000E+01 -1.28665e-07
0.2284000E+01 -1.24964e-07
0.2286000E+01 -1.43525e-07
0.2288000E+01 -1.37837e-07
0.2290000E+01 -1.3094e-07
0.2292000E+01 -1.30438e-07
0.2294000E+01 -1.54388e-07
0.2296000E+01 -1.50313e-07
0.2298000E+01 -1.36385e-07
0.2300000E+01 -1.41529e-07
0.2302000E+01 -1.44715e-07
0.2304000E+01 -1.43019e-07
0.2306000E+01 -1.40368e-07
0.2308000E+01 -1.42931e-07
0.2310000E+01 -1.44833e-07
0.2312000E+01 -1.1808e-07
0.2314000E+01 -1.29547e-07
0.2316000E+01 -1.3811e-07
0.2318000E+01 -1.39195e-07
0.2320000E+01 -1.38591e-07
0.2322000E+01 -1.37291e-07
0.2324000E+01 -1.34725e-07
0.2326000E+01 -1.32798e-07
0.2328000E+01 -1.31902e-07
0.2330000E+01 -1.29161e-07
0.2332000E+01 -1.30017e-07
0.2334000E+01 -1.30044e-07
0.2336000E+01 -1.28214e-07
0.2338000E+01 -1.29752e-07
0.2340000E+01 -1.29696e-07
0.2342000E+01 -1.31085e-07
0.2344000E+01 -1.28288e-07
0.2346000E+01 -1.23295e-07
0.2348000E+01 -1.30118e-07
0.2350000E+01 -1.30898e-07
0.2352000E+01 -1.28924e-07
0.2354000E+01 -1.27206e-07
0.2356000E+01 -1.26312e-07
0.2358000E+01 -1.25168e-07
0.2360000E+01 -1.26408e-07
0.2362000E+01 -1.29193e-07
0.2364000E+01 -1.43548e-07
0.2366000E+01 -1.40346e-07
0.2368000E+01 -1.467e-07
0.2370000E+01 -1.69137e-07
0.2372000E+01 -1.63896e-07
0.2374000E+01 -1.50203e-07
0.2376000E+01 -1.18329e-07
0.2378000E+01 -1.2035e-07
0.2380000E+01 -1.12163e-07
0.2382000E+01 -9.00943e-08
0.2384000E+01 -1.54211e-07
0.2386000E+01 -1.21943e-07
0.2388000E+01 -1.30752e-07
0.2390000E+01 -1.31223e-07
0.2392000E+01 -1.41089e-07
0.2394000E+01 -1.2563e-07
0.2396000E+01 -1.30775e-07
0.2398000E+01 -1.34352e-07
0.2400000E+01 -1.3097e-07
0.2402000E+01 -1.25325e-07
0.2404000E+01 -1.29331e-07
0.2406000E+01 -1.15455e-07
0.2408000E+01 -1.21293e-07
0.2410000E+01 -1.18593e-07
0.2412000E+01 -1.08059e-07
0.2414000E+01 -1.10712e-07
0.2416000E+01 -1.0855e-07
0.2418000E+01 -1.04339e-07
0.2420000E+01 -9.36013e-08
0.2422000E+01 -1.10003e-07
0.2424000E+01 -1.11338e-07
0.2426000E+01 -1.08596e-07
0.2428000E+01 -1.08032e-07
0.2430000E+01 -1.0539e-07
0.2432000E+01 -1.01901e-07
0.2434000E+01 -9.89649e-08
0.2436000E+01 -1.02378e-07
0.2438000E+01 -1.16642e-07
0.2440000E+01 -1.09701e-07
0.2442000E+01 -1.08513e-07
0.2444000E+01 -1.07416e-07
0.2446000E+01 -1.01567e-07
0.2448000E+01 -9.83813e-08
0.2450000E+01 -9.89959e-08
0.2452000E+01 -9.66263e-08
0.2454000E+01 -9.43357e-08
0.2456000E+01 -9.47015e-08
0.2458000E+01 -9.18762e-08
0.2460000E+01 -8.71605e-08
0.2462000E+01 -8.67043e-08
0.2464000E+01 -1.78005e-07
0.2466000E+01 3.14963e-09
0.2468000E+01 -7.3099e-08
0.2470000E+01 -4.45505e-08
0.2472000E+01 -5.29948e-08
0.2474000E+01 -5.93048e-08
0.2476000E+01 -6.93756e-08
0.2478000E+01 -4.87305e-08
0.2480000E+01 -1.01888e-07
0.2482000E+01 -7.82211e-08
0.2484000E+01 -6.00184e-08
0.2486000E+01 -6.68591e-08
0.2488000E+01 -5.6018e-08
0.2490000E+01 -7.81668e-08
0.2492000E+01 -7.18155e-08
0.2494000E+01 -6.83258e-08
0.2496000E+01 -6.07472e-08
0.2498000E+01 -6.57515e-08
0.2500000E+01 -2.58243e-08
0.2502000E+01 -8.32709e-08
0.2504000E+01 -5.93271e-08
0.2506000E+01 -5.79918e-08
0.2508000E+01 -6.032e-08
0.2510000E+01 -6.45848e-08
0.2512000E+01 -6.01252e-08
0.2514000E+01 -8.29611e-09
0.2516000E+01 -6.82305e-08
0.2518000E+01 -7.04804e-08
0.2520000E+01 -6.29899e-08
0.2522000E+01 -5.88748e-08
0.2524000E+01 -5.95357e-08
0.2526000E+01 -6.19383e-08
0.2528000E+01 -3.46817e-08
0.2530000E+01 -2.62207e-08
0.2532000E+01 -3.88814e-08
0.2534000E+01 -8.67874e-08
0.2536000E+01 -6.29031e-08
0.2538000E+01 -5.10077e-08
0.2540000E+01 -4.8755e-08
0.2542000E+01 -5.26709e-08
0.2544000E+01 -5.18703e-08
0.2546000E+01 -5.63479e-09
0.2548000E+01 -2.32937e-08
0.2550000E+01 -3.16232e-08
0.2552000E+01 -2.92964e-08
0.2554000E+01 -6.1148e-08
0.2556000E+01 -4.70702e-08
0.2558000E+01 -4.59329e-08
0.2560000E+01 -4.23772e-08
0.2562000E+01 -4.26805e-08
0.2564000E+01 -1.37649e-08
0.2566000E+01 -1.45702e-08
0.2568000E+01 -3.03732e-08
0.2570000E+01 -3.85795e-08
0.2572000E+01 -3.29693e-08
0.2574000E+01 -3.19485e-08
0.2576000E+01 -2.66792e-08
0.2578000E+01 -2.77195e-08
0.2580000E+01 -4.01446e-08
0.2582000E+01 -4.9181e-08
0.2584000E+01 -6.10628e-09
0.2586000E+01 -6.43683e-09
0.2588000E+01 -9.71431e-09
0.2590000E+01 -1.79344e-08
0.2592000E+01 -4.13688e-08
0.2594000E+01 -5.68979e-08
0.2596000E+01 -3.69499e-08
0.2598000E+01 -3.17027e-08
0.2600000E+01 -3.43842e-08
0.2602000E+01 -3.43635e-08
0.2604000E+01 -2.82261e-08
0.2606000E+01 -1.91706e-08
0.2608000E+01 -2.79968e-08
0.2610000E+01 -2.83867e-08
0.2612000E+01 -2.84658e-08
0.2614000E+01 -2.90733e-08
0.2616000E+01 -1.59173e-08
0.2618000E+01 -3.37508e-08
0.2620000E+01 -5.92379e-08
0.2622000E+01 -4.55386e-08
0.2624000E+01 -4.74073e-08
0.2626000E+01 -2.62777e-08
0.2628000E+01 -8.73424e-09
0.2630000E+01 -7.7818e-09
0.2632000E+01 -4.0723e-08
0.2634000E+01 -6.9725e-08
0.2636000E+01 -4.03891e-08
0.2638000E+01 -2.78905e-08
0.2640000E+01 -3.2766e-08
0.2642000E+01 -3.14749e-08
0.2644000E+01 -2.8749e-08
0.2646000E+01 -2.23233e-08
0.2648000E+01 -5.15913e-08
0.2650000E+01 -5.48453e-08
0.2652000E+01 -3.35044e-08
0.2654000E+01 -2.62094e-08
0.2656000E+01 -2.47572e-08
0.2658000E+01 -2.57584e-08
0.2660000E+01 -2.63085e-08
0.2662000E+01 -2.35935e-08
0.2664000E+01 -5.82104e-08
0.2666000E+01 -5.7223e-08
0.2668000E+01 -4.45494e-08
0.2670000E+01 -2.81965e-08
0.2672000E+01 -2.88623e-08
0.2674000E+01 -3.08646e-08
0.2676000E+01 -3.18566e-08
0.2678000E+01 -1.55384e-08
0.2680000E+01 -3.27287e-08
0.2682000E+01 -5.7662e-08
0.2684000E+01 -4.86081e-08
0.2686000E+01 -4.28482e-08
0.2688000E+01 -4.08218e-08
0.2690000E+01 -3.90805e-08
0.2692000E+01 -3.56551e-08
0.2694000E+01 -2.30485e-08
0.2696000E+01 -2.5027e-08
0.2698000E+01 -2.7048e-08
0.2700000E+01 -5.38297e-08
0.2702000E+01 -7.27957e-08
0.2704000E+01 -4.24413e-08
0.2706000E+01 -3.28123e-08
0.2708000E+01 -2.57989e-08
0.2710000E+01 -2.54108e-08
0.2712000E+01 -2.69172e-08
0.2714000E+01 -2.7996e-08
0.2716000E+01 -2.80029e-08
0.2718000E+01 -3.04498e-08
0.2720000E+01 -4.51663e-08
0.2722000E+01 -3.64962e-08
0.2724000E+01 -5.72229e-08
0.2726000E+01 -3.84775e-08
0.2728000E+01 -3.73569e-08
0.2730000E+01 -2.58266e-08
0.2732000E+01 -2.31089e-08
0.2734000E+01 -1.82795e-08
0.2736000E+01 -3.15429e-08
0.2738000E+01 -3.75454e-08
0.2740000E+01 -2.72028e-08
0.2742000E+01 -1.99602e-08
0.2744000E+01 -1.9328e-08
0.2746000E+01 -3.61035e-08
0.2748000E+01 -5.60504e-08
0.2750000E+01 -3.67285e-08
0.2752000E+01 -3.18935e-08
0.2754000E+01 -6.01576e-08
0.2756000E+01 -3.77708e-08
0.2758000E+01 -2.4024e-08
0.2760000E+01 -1.79879e-08
0.2762000E+01 -2.16628e-08
0.2764000E+01 -1.92835e-08
0.2766000E+01 -1.75627e-08
0.2768000E+01 -2.99896e-08
0.2770000E+01 -3.31563e-08
0.2772000E+01 -3.66453e-08
0.2774000E+01 -4.82688e-08
0.2776000E+01 -3.27088e-08
0.2778000E+01 -2.86477e-08
0.2780000E+01 -2.61625e-08
0.2782000E+01 -5.66887e-08
0.2784000E+01 -4.09179e-08
0.2786000E+01 -2.15832e-08
0.2788000E+01 -1.35412e-08
0.2790000E+01 -1.3774e-08
0.2792000E+01 -1.63734e-08
0.2794000E+01 -3.88777e-08
0.2796000E+01 -5.99752e-08
0.2798000E+01 -3.39514e-08
0.2800000E+01 -2.75962e-08
0.2802000E+01 -2.91406e-08
0.2804000E+01 -2.63936e-08
0.2806000E+01 -6.28323e-08
0.2808000E+01 -5.55695e-08
0.2810000E+01 -4.009e-08
0.2812000E+01 -3.13525e-08
0.2814000E+01 -2.63254e-08
0.2816000E+01 -6.24945e-08
0.2818000E+01 -5.08453e-08
0.2820000E+01 -4.03772e-08
0.2822000E+01 -3.56068e-08
0.2824000E+01 -5.32857e-08
0.2826000E+01 -1.0751e-07
0.2828000E+01 -5.87439e-08
0.2830000E+01 -5.64945e-08
0.2832000E+01 -1.21919e-07
0.2834000E+01 -1.67303e-07
0.2836000E+01 -1.0911e-07
0.2838000E+01 -2.12778e-07
0.2840000E+01 -2.4585e-07
0.2842000E+01 -3.83138e-07
0.2844000E+01 -6.33375e-07
0.2846000E+01 -3.8216e-07
0.2848000E+01 1.67072e-06
0.2850000E+01 6.02686e-07
0.2852000E+01 3.79236e-07
0.2854000E+01 2.33521e-07
0.2856000E+01 2.82409e-07
0.2858000E+01 2.01732e-07
0.2860000E+01 1.62357e-07
0.2862000E+01 1.42985e-07
0.2864000E+01 1.59989e-07
0.2866000E+01 1.16724e-07
0.2868000E+01 1.08295e-07
0.2870000E+01 9.26683e-08
0.2872000E+01 9.84357e-08
0.2874000E+01 1.04743e-07
0.2876000E+01 8.04832e-08
0.2878000E+01 8.06453e-08
0.2880000E+01 8.49642e-08
0.2882000E+01 7.67879e-08
0.2884000E+01 8.06352e-08
0.2886000E+01 5.72172e-08
0.2888000E+01 5.73199e-08
0.2890000E+01 5.72852e-08
0.2892000E+01 6.06622e-08
0.2894000E+01 7.02452e-08
0.2896000E+01 7.59732e-08
0.2898000E+01 5.104e-08
0.2900000E+01 4.73538e-08
0.2902000E+01 4.75173e-08
0.2904000E+01 3.76342e-08
0.2906000E+01 2.72728e-08
0.2908000E+01 3.95537e-08
0.2910000E+01 4.14692e-08
0.2912000E+01 5.21094e-08
0.2914000E+01 4.16404e-08
0.2916000E+01 3.70944e-08
0.2918000E+01 3.6683e-08
0.2920000E+01 3.84802e-08
0.2922000E+01 4.38747e-08
0.2924000E+01 3.53479e-08
0.2926000E+01 2.81533e-08
0.2928000E+01 3.00753e-08
0.2930000E+01 3.35138e-08
0.2932000E+01 3.89834e-08
0.2934000E+01 3.75504e-08
0.2936000E+01 3.21375e-08
0.2938000E+01 3.03444e-08
0.2940000E+01 1.20056e-07
0.2942000E+01 1.28089e-07
0.2944000E+01 2.46186e-08
0.2946000E+01 1.37982e-08
0.2948000E+01 1.67573e-08
0.2950000E+01 2.34763e-08
0.2952000E+01 3.00487e-08
0.2954000E+01 1.44716e-08
0.2956000E+01 2.40089e-08
0.2958000E+01 4.65219e-08
0.2960000E+01 3.22167e-08
0.2962000E+01 2.12381e-08
0.2964000E+01 1.62674e-08
0.2966000E+01 1.75272e-08
0.2968000E+01 1.75421e-08
0.2970000E+01 2.65824e-08
0.2972000E+01 3.59072e-08
0.2974000E+01 4.15743e-08
0.2976000E+01 2.10116e-08
0.2978000E+01 2.25456e-08
0.2980000E+01 4.06697e-08
0.2982000E+01 3.48996e-08
0.2984000E+01 1.59058e-08
0.2986000E+01 3.3418e-08
0.2988000E+01 5.84068e-08
0.2990000E+01 -8.50425e-09
0.2992000E+01 -3.30728e-08
0.2994000E+01 9.18321e-09
0.2996000E+01 1.59404e-08
0.2998000E+01 3.12746e-08
0.3000000E+01 2.6202e-08
0.3002000E+01 2.42068e-08
0.3004000E+01 2.2086e-08
0.3006000E+01 2.3089e-08
0.3008000E+01 3.176e-08
0.3010000E+01 2.93625e-08
0.3012000E+01 2.41466e-08
0.3014000E+01 2.09048e-08
0.3016000E+01 2.1505e-08
0.3018000E+01 2.29833e-08
0.3020000E+01 1.95977e-08
0.3022000E+01 1.97324e-08
0.3024000E+01 2.06029e-08
0.3026000E+01 2.53811e-08
0.3028000E+01 2.70084e-08
0.3030000E+01 2.82399e-08
0.3032000E+01 3.50604e-08
0.3034000E+01 3.09022e-08
0.3036000E+01 2.90102e-08
0.3038000E+01 2.8051e-08
0.3040000E+01 2.7274e-08
0.3042000E+01 2.93732e-08
0.3044000E+01 2.8345e-08
0.3046000E+01 4.19241e-08
0.3048000E+01 3.13631e-08
0.3050000E+01 2.95587e-08
0.3052000E+01 2.98726e-08
0.3054000E+01 2.83e-08
0.3056000E+01 2.73124e-08
0.3058000E+01 2.79651e-08
0.3060000E+01 2.91124e-08
0.3062000E+01 2.91748e-08
0.3064000E+01 3.56691e-08
0.3066000E+01 3.53222e-08
0.3068000E+01 3.27071e-08
0.3070000E+01 3.29419e-08
0.3072000E+01 3.19703e-08
0.3074000E+01 3.15156e-08
0.3076000E+01 3.57126e-08
0.3078000E+01 3.8532e-08
0.3080000E+01 4.22695e-08
0.3082000E+01 4.93063e-08
0.3084000E+01 4.456e-08
0.3086000E+01 3.9979e-08
0.3088000E+01 3.96375e-08
0.3090000E+01 3.83043e-08
0.3092000E+01 3.61932e-08
0.3094000E+01 3.50223e-08
0.3096000E+01 3.12631e-08
0.3098000E+01 4.41673e-08
0.3100000E+01 4.69335e-08
0.3102000E+01 3.96454e-08
0.3104000E+01 3.91561e-08
0.3106000E+01 3.89737e-08
0.3108000E+01 4.40673e-08
0.3110000E+01 4.04582e-08
0.3112000E+01 3.64947e-08
0.3114000E+01 4.21444e-08
0.3116000E+01 4.76244e-08
0.3118000E+01 4.6767e-08
0.3120000E+01 4.69033e-08
0.3122000E+01 4.35853e-08
0.3124000E+01 3.16821e-08
0.3126000E+01 3.08231e-08
0.3128000E+01 3.14064e-08
0.3130000E+01 3.69814e-08
0.3132000E+01 5.04835e-08
0.3134000E+01 4.22219e-08
0.3136000E+01 4.87309e-08
0.3138000E+01 5.83922e-08
0.3140000E+01 4.64373e-08
0.3142000E+01 4.47047e-08
0.3144000E+01 4.55794e-08
0.3146000E+01 5.51507e-08
0.3148000E+01 5.90236e-08
0.3150000E+01 4.86099e-08
0.3152000E+01 5.15873e-08
0.3154000E+01 5.36416e-08
0.3156000E+01 4.96914e-08
0.3158000E+01 4.14856e-08
0.3160000E+01 5.26639e-08
0.3162000E+01 5.58001e-08
0.3164000E+01 5.60431e-08
0.3166000E+01 5.79692e-08
0.3168000E+01 4.92631e-08
0.3170000E+01 -2.49597e-07
0.3172000E+01 -1.30768e-07
0.3174000E+01 -1.43508e-08
0.3176000E+01 2.8675e-08
0.3178000E+01 5.85021e-08
0.3180000E+01 2.89004e-08
0.3182000E+01 8.5653e-08
0.3184000E+01 6.32992e-08
0.3186000E+01 7.83886e-08
0.3188000E+01 6.67273e-08
0.3190000E+01 8.67526e-08
0.3192000E+01 8.20735e-08
0.3194000E+01 7.03144e-08
0.3196000E+01 7.91465e-08
0.3198000E+01 8.01665e-08
0.3200000E+01 7.69951e-08
0.3202000E+01 8.87831e-08
0.3204000E+01 7.86931e-08
0.3206000E+01 7.7447e-08
0.3208000E+01 7.12418e-08
0.3210000E+01 7.11849e-08
0.3212000E+01 7.5303e-08
0.3214000E+01 9.59274e-08
0.3216000E+01 7.13418e-08
0.3218000E+01 5.73492e-08
0.3220000E+01 4.26361e-08
0.3222000E+01 5.21387e-08
0.3224000E+01 6.81941e-08
0.3226000E+01 6.56407e-08
0.3228000E+01 5.29956e-08
0.3230000E+01 3.99305e-08
0.3232000E+01 4.6553e-08
0.3234000E+01 6.20483e-08
0.3236000E+01 7.64363e-08
0.3238000E+01 6.11225e-08
0.3240000E+01 5.57205e-08
0.3242000E+01 5.39133e-08
0.3244000E+01 8.85684e-08
0.3246000E+01 5.19541e-08
0.3248000E+01 4.84735e-08
0.3250000E+01 5.86621e-08
0.3252000E+01 8.58594e-08
0.3254000E+01 5.9405e-08
0.3256000E+01 7.89404e-08
0.3258000E+01 -1.01308e-09
0.3260000E+01 6.04119e-08
0.3262000E+01 -8.08807e-08
0.3264000E+01 1.644e-08
0.3266000E+01 8.16278e-08
0.3268000E+01 3.35242e-08
0.3270000E+01 4.16515e-08
0.3272000E+01 8.70184e-08
0.3274000E+01 8.96334e-08
0.3276000E+01 1.56205e-07
0.3278000E+01 -1.66687e-08
0.3280000E+01 -4.33969e-08
0.3282000E+01 5.35248e-08
0.3284000E+01 8.19986e-08
0.3286000E+01 1.97553e-07
0.3288000E+01 -2.82868e-08
0.3290000E+01 1.19991e-07
0.3292000E+01 5.74274e-08
0.3294000E+01 -1.85687e-08
0.3296000E+01 -6.46902e-08
0.3298000E+01 -9.04584e-08
0.3300000E+01 -2.45719e-08
0.3302000E+01 -4.79471e-08
0.3304000E+01 -7.51887e-08
0.3306000E+01 -4.44724e-08
0.3308000E+01 -8.30484e-09
0.3310000E+01 1.05613e-08
0.3312000E+01 -5.10779e-09
0.3314000E+01 6.1901e-10
0.3316000E+01 -6.10573e-09
0.3318000E+01 -1.15788e-08
0.3320000E+01 -9.886e-09
0.3322000E+01 5.94574e-10
0.3324000E+01 -2.93492e-09
0.3326000E+01 -2.57605e-09
0.3328000E+01 -4.49809e-09
0.3330000E+01 3.1696e-09
0.3332000E+01 2.08509e-09
0.3334000E+01 7.9503e-10
0.3336000E+01 1.37006e-09
0.3338000E+01 1.25449e-09
0.3340000E+01 -4.07427e-10
0.3342000E+01 -1.54996e-09
0.3344000E+01 -9.09329e-11
0.3346000E+01 4.38222e-09
0.3348000E+01 6.53342e-09
0.3350000E+01 7.89558e-09
0.3352000E+01 6.66998e-09
0.3354000E+01 2.54591e-09
0.3356000E+01 -4.27545e-09
0.3358000E+01 -4.49856e-09
0.3360000E+01 2.5361e-09
0.3362000E+01 4.01565e-09
0.3364000E+01 -8.69044e-10
0.3366000E+01 9.59436e-10
0.3368000E+01 3.5819e-09
0.3370000E+01 3.06254e-09
0.3372000E+01 2.38914e-09
0.3374000E+01 3.33073e-09
0.3376000E+01 3.06852e-09
0.3378000E+01 2.74735e-09
0.3380000E+01 6.23484e-09
0.3382000E+01 9.68002e-09
0.3384000E+01 2.32091e-09
0.3386000E+01 3.56166e-09
0.3388000E+01 7.54358e-09
0.3390000E+01 8.74661e-10
0.3392000E+01 8.93829e-11
0.3394000E+01 2.3623e-09
0.3396000E+01 4.31045e-09
0.3398000E+01 3.26216e-09
0.3400000E+01 6.6743e-09
0.3402000E+01 2.08981e-09
0.3404000E+01 2.60983e-09
0.3406000E+01 1.73582e-09
0.3408000E+01 1.59478e-09
0.3410000E+01 9.90315e-10
0.3412000E+01 1.40157e-10
0.3414000E+01 4.20505e-10
0.3416000E+01 -2.21697e-10
0.3418000E+01 -1.05279e-09
0.3420000E+01 -5.07811e-09
0.3422000E+01 -3.472e-09
0.3424000E+01 -3.13363e-09
0.3426000E+01 2.19983e-09
0.3428000E+01 -2.24098e-09
0.3430000E+01 4.1062e-08
0.3432000E+01 3.99677e-11
0.3434000E+01 -3.3721e-10
0.3436000E+01 -4.59152e-09
0.3438000E+01 -6.40364e-09
0.3440000E+01 -3.73806e-09
0.3442000E+01 -7.18628e-09
0.3444000E+01 -7.62738e-09
0.3446000E+01 -5.26916e-09
0.3448000E+01 -4.92113e-09
0.3450000E+01 -5.61625e-09
0.3452000E+01 -1.23914e-08
0.3454000E+01 -3.55103e-09
0.3456000E+01 2.9042e-08
0.3458000E+01 1.73627e-08
0.3460000E+01 1.66109e-08
0.3462000E+01 2.83458e-09
0.3464000E+01 -2.24616e-09
0.3466000E+01 -1.17565e-08
0.3468000E+01 -1.4345e-08
0.3470000E+01 -1.29689e-08
0.3472000E+01 -9.2992e-09
0.3474000E+01 -1.03989e-08
0.3476000E+01 -8.41924e-09
0.3478000E+01 -1.12482e-08
0.3480000E+01 8.40345e-09
0.3482000E+01 6.69976e-09
0.3484000E+01 1.47575e-09
0.3486000E+01 4.54993e-09
0.3488000E+01 -6.38712e-10
0.3490000E+01 -5.33174e-09
0.3492000E+01 -8.59102e-09
0.3494000E+01 7.4306e-09
0.3496000E+01 -8.54977e-09
0.3498000E+01 -1.09523e-08
0.3500000E+01 -5.33507e-09
0.3502000E+01 -4.9837e-09
0.3504000E+01 9.98258e-09
0.3506000E+01 5.72408e-09
0.3508000E+01 7.55959e-09
0.3510000E+01 -1.36077e-08
0.3512000E+01 -1.87921e-08
0.3514000E+01 1.48391e-09
0.3516000E+01 -2.90536e-09
0.3518000E+01 -8.02496e-09
0.3520000E+01 -6.50815e-10
0.3522000E+01 6.79485e-09
0.3524000E+01 5.7194e-08
0.3526000E+01 3.4741e-08
0.3528000E+01 2.57089e-08
0.3530000E+01 2.17696e-08
0.3532000E+01 2.03903e-08
0.3534000E+01 2.08498e-08
0.3536000E+01 1.71174e-08
0.3538000E+01 1.9708e-08
0.3540000E+01 2.5191e-08
0.3542000E+01 5.09642e-08
0.3544000E+01 5.90318e-08
0.3546000E+01 5.36259e-08
0.3548000E+01 3.67398e-08
0.3550000E+01 3.54061e-08
0.3552000E+01 2.65206e-08
0.3554000E+01 3.51094e-08
0.3556000E+01 2.45593e-08
0.3558000E+01 3.12282e-08
0.3560000E+01 1.28523e-07
0.3562000E+01 6.22377e-08
0.3564000E+01 5.50278e-08
0.3566000E+01 4.97065e-08
0.3568000E+01 3.95105e-08
0.3570000E+01 3.94103e-08
0.3572000E+01 4.16165e-08
0.3574000E+01 1.69223e-07
0.3576000E+01 9.77738e-08
0.3578000E+01 7.88345e-08
0.3580000E+01 8.93627e-08
0.3582000E+01 7.76217e-08
0.3584000E+01 8.92488e-08
0.3586000E+01 2.49401e-07
0.3588000E+01 1.59922e-07
0.3590000E+01 2.30037e-07
0.3592000E+01 1.9908e-07
0.3594000E+01 5.95802e-07
0.3596000E+01 4.48264e-07
0.3598000E+01 1.8214e-06
0.3600000E+01 -2.4655e-06
0.3602000E+01 -7.06281e-07
0.3604000E+01 -4.84888e-07
0.3606000E+01 -3.11557e-07
0.3608000E+01 -2.5138e-07
0.3610000E+01 -1.91625e-07
0.3612000E+01 -1.91542e-07
0.3614000E+01 -1.81927e-07
0.3616000E+01 -1.16154e-07
0.3618000E+01 -1.18125e-07
0.3620000E+01 -1.38131e-07
0.3622000E+01 -1.47552e-07
0.3624000E+01 -8.84118e-08
0.3626000E+01 -1.00915e-07
0.3628000E+01 -1.14891e-07
0.3630000E+01 -1.50146e-07
0.3632000E+01 -7.44988e-08
0.3634000E+01 -6.99885e-08
0.3636000E+01 -8.35033e-08
0.3638000E+01 -1.10551e-07
0.3640000E+01 -7.4876e-08
0.3642000E+01 -7.67317e-08
0.3644000E+01 -6.23164e-08
0.3646000E+01 -6.90211e-08
0.3648000E+01 -9.41553e-08
0.3650000E+01 -6.6297e-08
0.3652000E+01 -5.82087e-08
0.3654000E+01 -6.68632e-08
0.3656000E+01 -7.66656e-08
0.3658000E+01 -8.01233e-08
0.3660000E+01 -5.33848e-08
0.3662000E+01 -4.79711e-08
0.3664000E+01 -5.63868e-08
0.3666000E+01 -6.04694e-08
0.3668000E+01 -5.96627e-08
0.3670000E+01 -3.39243e-08
0.3672000E+01 -4.69178e-08
0.3674000E+01 -4.6938e-08
0.3676000E+01 -4.64683e-08
0.3678000E+01 -4.87994e-08
0.3680000E+01 -5.24744e-08
0.3682000E+01 -4.24509e-08
0.3684000E+01 -4.11058e-08
0.3686000E+01 -4.40454e-08
0.3688000E+01 -5.85023e-08
0.3690000E+01 -5.24e-08
0.3692000E+01 -6.14254e-08
0.3694000E+01 -4.27699e-08
0.3696000E+01 -4.29402e-08
0.3698000E+01 -4.16605e-08
0.3700000E+01 -4.08039e-08
0.3702000E+01 -4.17021e-08
0.3704000E+01 -5.07154e-08
0.3706000E+01 -2.73463e-08
0.3708000E+01 -2.93077e-08
0.3710000E+01 -3.34534e-08
0.3712000E+01 -3.7823e-08
0.3714000E+01 -3.97531e-08
0.3716000E+01 -4.33802e-08
0.3718000E+01 -3.6825e-08
0.3720000E+01 -3.80538e-08
0.3722000E+01 -3.52067e-08
0.3724000E+01 -3.4228e-08
0.3726000E+01 -3.4888e-08
0.3728000E+01 -3.52311e-08
0.3730000E+01 -3.15979e-08
0.3732000E+01 -2.99303e-08
0.3734000E+01 -3.23198e-08
0.3736000E+01 -3.78037e-08
0.3738000E+01 -2.71228e-08
0.3740000E+01 -3.19056e-08
0.3742000E+01 -3.81391e-08
0.3744000E+01 -3.25331e-08
0.3746000E+01 -3.17608e-08
0.3748000E+01 -3.21647e-08
0.3750000E+01 -3.18653e-08
0.3752000E+01 -3.13909e-08
0.3754000E+01 -3.52413e-08
0.3756000E+01 -2.55197e-08
0.3758000E+01 -2.9996e-08
0.3760000E+01 -3.02166e-08
0.3762000E+01 -3.01395e-08
0.3764000E+01 -3.01159e-08
0.3766000E+01 -3.05419e-08
0.3768000E+01 -1.50623e-08
0.3770000E+01 -2.17532e-08
0.3772000E+01 -1.95525e-08
0.3774000E+01 -2.54026e-08
0.3776000E+01 -2.81713e-08
0.3778000E+01 -2.58726e-08
0.3780000E+01 -2.77231e-08
0.3782000E+01 -2.62868e-08
0.3784000E+01 -4.0901e-08
0.3786000E+01 -3.11186e-08
0.3788000E+01 -3.15411e-08
0.3790000E+01 -3.25992e-08
0.3792000E+01 -3.21671e-08
0.3794000E+01 -2.97011e-08
0.3796000E+01 -2.00081e-08
0.3798000E+01 -2.61807e-08
0.3800000E+01 -2.2656e-08
0.3802000E+01 -2.62462e-08
0.3804000E+01 -2.5406e-08
0.3806000E+01 -2.4709e-08
0.3808000E+01 -2.36264e-08
0.3810000E+01 -2.73525e-08
0.3812000E+01 -2.71048e-08
0.3814000E+01 -2.48654e-08
0.3816000E+01 -2.85338e-08
0.3818000E+01 -2.72295e-08
0.3820000E+01 -6.38424e-09
0.3822000E+01 -1.87186e-08
0.3824000E+01 -2.1629e-08
0.3826000E+01 -1.92562e-08
0.3828000E+01 -2.60723e-08
0.3830000E+01 -2.61769e-08
0.3832000E+01 -2.20196e-08
0.3834000E+01 -3.8643e-08
0.3836000E+01 -2.64612e-08
0.3838000E+01 -3.31776e-08
0.3840000E+01 -2.86032e-08
0.3842000E+01 -2.24985e-08
0.3844000E+01 -1.43384e-09
0.3846000E+01 -2.84923e-08
0.3848000E+01 -7.51716e-08
0.3850000E+01 -1.27054e-08
0.3852000E+01 -2.09306e-08
0.3854000E+01 -2.06332e-08
0.3856000E+01 -2.03509e-08
0.3858000E+01 -1.84747e-08
0.3860000E+01 -2.34385e-08
0.3862000E+01 -1.97835e-08
0.3864000E+01 -8.99844e-09
0.3866000E+01 -2.37374e-08
0.3868000E+01 -1.77249e-08
0.3870000E+01 -1.55098e-08
0.3872000E+01 -2.08837e-08
0.3874000E+01 -2.49996e-08
0.3876000E+01 -2.07576e-08
0.3878000E+01 -2.75793e-08
0.3880000E+01 -2.79959e-08
0.3882000E+01 -1.18336e-08
0.3884000E+01 -2.70635e-08
0.3886000E+01 -2.88023e-08
0.3888000E+01 -2.60056e-08
0.3890000E+01 -2.72722e-08
0.3892000E+01 -2.99621e-08
0.3894000E+01 -3.27885e-08
0.3896000E+01 -3.48915e-08
0.3898000E+01 -1.19386e-08
0.3900000E+01 -2.72602e-08
0.3902000E+01 -2.96775e-08
0.3904000E+01 -3.23232e-08
0.3906000E+01 -3.76672e-08
0.3908000E+01 -3.99815e-08
0.3910000E+01 -4.35945e-08
0.3912000E+01 -4.09942e-08
0.3914000E+01 -2.42958e-08
0.3916000E+01 -4.20968e-08
0.3918000E+01 -4.70952e-08
0.3920000E+01 -3.83654e-08
0.3922000E+01 -4.1082e-08
0.3924000E+01 -4.98571e-08
0.3926000E+01 -5.18314e-08
0.3928000E+01 -1.88256e-08
0.3930000E+01 -3.35758e-08
0.3932000E+01 -3.83236e-08
0.3934000E+01 -4.46242e-08
0.3936000E+01 -3.95231e-08
0.3938000E+01 -4.20367e-08
0.3940000E+01 -2.72626e-09
0.3942000E+01 -3.65364e-08
0.3944000E+01 -3.399e-08
0.3946000E+01 -3.81032e-08
0.3948000E+01 -4.19763e-08
0.3950000E+01 -4.18528e-08
0.3952000E+01 -2.08014e-08
0.3954000E+01 -3.70999e-08
0.3956000E+01 -4.26902e-08
0.3958000E+01 -4.33627e-08
0.3960000E+01 -4.11648e-08
0.3962000E+01 -1.87056e-08
0.3964000E+01 -3.08378e-08
0.3966000E+01 -2.99163e-08
0.3968000E+01 -3.35196e-08
0.3970000E+01 -1.72062e-08
0.3972000E+01 -2.31081e-08
0.3974000E+01 -2.39259e-08
0.3976000E+01 -2.47888e-08
0.3978000E+01 -8.09814e-08
0.3980000E+01 -4.5709e-08
0.3982000E+01 -5.41559e-08
0.3984000E+01 -3.37812e-08
0.3986000E+01 2.39675e-08
0.3988000E+01 -1.97502e-08
0.3990000E+01 -1.90354e-08
0.3992000E+01 -5.79179e-08
0.3994000E+01 -4.19592e-08
0.3996000E+01 -3.70073e-08
0.3998000E+01 -1.25475e-08
0.4000000E+01 -2.11323e-08
