0.0000000E+00 0
0.2000000E-02 0
0.4000000E-02 0
0.6000000E-02 0
0.8000000E-02 0
0.1000000E-01 0
0.1200000E-01 0
0.1400000E-01 0
0.1600000E-01 0
0.1800000E-01 0
0.2000000E-01 0
0.2200000E-01 0
0.2400000E-01 0
0.2600000E-01 0
0.2800000E-01 0
0.3000000E-01 0
0.3200000E-01 0
0.3400000E-01 0
0.3600000E-01 0
0.3800000E-01 0
0.4000000E-01 0
0.4200000E-01 0
0.4400000E-01 0
0.4600000E-01 0
0.4800000E-01 0
0.5000000E-01 0
0.5200000E-01 0
0.5400000E-01 0
0.5600000E-01 0
0.5800000E-01 0
0.6000000E-01 0
0.6200000E-01 0
0.6400000E-01 0
0.6600000E-01 0
0.6800000E-01 0
0.7000000E-01 0
0.7200000E-01 0
0.7400000E-01 0
0.7600000E-01 0
0.7800000E-01 0
0.8000000E-01 0
0.8200000E-01 0
0.8400000E-01 0
0.8600000E-01 -1.83353e-05
0.8800000E-01 -1.61798e-05
0.9000000E-01 -6.7619e-06
0.9200000E-01 -2.10128e-06
0.9400000E-01 -1.36285e-06
0.9600000E-01 -8.50475e-07
0.9800000E-01 -3.34604e-07
0.1000000E+00 1.52006e-07
0.1020000E+00 2.82728e-07
0.1040000E+00 2.70569e-08
0.1060000E+00 -2.69802e-07
0.1080000E+00 -4.01148e-07
0.1100000E+00 1.21328e-07
0.1120000E+00 2.34816e-07
0.1140000E+00 3.97008e-07
0.1160000E+00 4.01316e-07
0.1180000E+00 8.973e-09
0.1200000E+00 -3.83452e-07
0.1220000E+00 -1.09595e-07
0.1240000E+00 1.88661e-07
0.1260000E+00 1.59017e-07
0.1280000E+00 1.4446e-07
0.1300000E+00 1.80525e-07
0.1320000E+00 2.24314e-07
0.1340000E+00 1.88908e-07
0.1360000E+00 4.06275e-08
0.1380000E+00 2.22582e-08
0.1400000E+00 3.02422e-08
0.1420000E+00 4.64388e-08
0.1440000E+00 9.76903e-08
0.1460000E+00 1.52484e-07
0.1480000E+00 1.8944e-07
0.1500000E+00 1.86616e-07
0.1520000E+00 1.64326e-07
0.1540000E+00 1.98514e-07
0.1560000E+00 2.23803e-07
0.1580000E+00 2.35875e-07
0.1600000E+00 2.45675e-07
0.1620000E+00 2.55595e-07
0.1640000E+00 3.08842e-07
0.1660000E+00 3.2581e-07
0.1680000E+00 1.86775e-07
0.1700000E+00 2.09406e-07
0.1720000E+00 2.32182e-07
0.1740000E+00 2.54768e-07
0.1760000E+00 1.52506e-07
0.1780000E+00 1.65487e-07
0.1800000E+00 1.73138e-07
0.1820000E+00 1.79431e-07
0.1840000E+00 1.84893e-07
0.1860000E+00 1.84577e-07
0.1880000E+00 1.87466e-07
0.1900000E+00 1.9467e-07
0.1920000E+00 1.2539e-07
0.1940000E+00 1.11935e-07
0.1960000E+00 1.2834e-07
0.1980000E+00 1.26844e-07
0.2000000E+00 1.25724e-07
0.2020000E+00 1.2498e-07
0.2040000E+00 1.24615e-07
0.2060000E+00 1.24631e-07
0.2080000E+00 1.25209e-07
0.2100000E+00 1.49964e-07
0.2120000E+00 1.76064e-07
0.2140000E+00 1.78567e-07
0.2160000E+00 1.8461e-07
0.2180000E+00 2.02249e-07
0.2200000E+00 2.20581e-07
0.2220000E+00 2.28961e-07
0.2240000E+00 1.99754e-07
0.2260000E+00 2.21118e-07
0.2280000E+00 2.34614e-07
0.2300000E+00 1.9999e-07
0.2320000E+00 8.0463e-08
0.2340000E+00 8.45334e-08
0.2360000E+00 7.6427e-08
0.2380000E+00 8.69997e-08
0.2400000E+00 9.77001e-08
0.2420000E+00 1.00586e-07
0.2440000E+00 1.03695e-07
0.2460000E+00 1.05664e-07
0.2480000E+00 1.08936e-07
0.2500000E+00 1.18435e-07
0.2520000E+00 1.30012e-07
0.2540000E+00 1.23553e-07
0.2560000E+00 1.17255e-07
0.2580000E+00 1.10558e-07
0.2600000E+00 1.04019e-07
0.2620000E+00 1.11867e-07
0.2640000E+00 1.23492e-07
0.2660000E+00 1.23581e-07
0.2680000E+00 1.30798e-07
0.2700000E+00 1.44004e-07
0.2720000E+00 1.49378e-07
0.2740000E+00 1.5684e-07
0.2760000E+00 1.63144e-07
0.2780000E+00 1.69767e-07
0.2800000E+00 1.59503e-07
0.2820000E+00 1.21173e-07
0.2840000E+00 3.32983e-08
0.2860000E+00 5.04899e-08
0.2880000E+00 5.74972e-08
0.2900000E+00 5.69359e-08
0.2920000E+00 5.87475e-08
0.2940000E+00 6.11105e-08
0.2960000E+00 6.36651e-08
0.2980000E+00 6.66037e-08
0.3000000E+00 6.97501e-08
0.3020000E+00 7.55542e-08
0.3040000E+00 8.0301e-08
0.3060000E+00 1.12236e-07
0.3080000E+00 1.06662e-07
0.3100000E+00 1.01122e-07
0.3120000E+00 9.58164e-08
0.3140000E+00 1.05805e-07
0.3160000E+00 1.17047e-07
0.3180000E+00 1.15338e-07
0.3200000E+00 1.15292e-07
0.3220000E+00 1.13562e-07
0.3240000E+00 1.19952e-07
0.3260000E+00 1.25506e-07
0.3280000E+00 1.31282e-07
0.3300000E+00 1.05572e-07
0.3320000E+00 -5.68661e-08
0.3340000E+00 -9.13211e-09
0.3360000E+00 1.06232e-07
0.3380000E+00 6.22441e-08
0.3400000E+00 3.77312e-08
0.3420000E+00 3.94805e-08
0.3440000E+00 4.13387e-08
0.3460000E+00 4.58162e-08
0.3480000E+00 5.15308e-08
0.3500000E+00 5.26357e-08
0.3520000E+00 5.52227e-08
0.3540000E+00 5.80123e-08
0.3560000E+00 8.25528e-08
0.3580000E+00 8.90846e-08
0.3600000E+00 1.23127e-07
0.3620000E+00 1.04533e-07
0.3640000E+00 9.37054e-08
0.3660000E+00 1.00888e-07
0.3680000E+00 1.06157e-07
0.3700000E+00 1.07256e-07
0.3720000E+00 1.11269e-07
0.3740000E+00 8.92249e-08
0.3760000E+00 -1.20408e-07
0.3780000E+00 2.11713e-09
0.3800000E+00 5.20267e-09
0.3820000E+00 7.99386e-09
0.3840000E+00 2.1422e-07
0.3860000E+00 2.34949e-08
0.3880000E+00 3.43876e-08
0.3900000E+00 3.67725e-08
0.3920000E+00 3.93929e-08
0.3940000E+00 4.20195e-08
0.3960000E+00 4.46323e-08
0.3980000E+00 4.80578e-08
0.4000000E+00 5.14537e-08
0.4020000E+00 6.97746e-08
0.4040000E+00 1.04291e-07
0.4060000E+00 1.10148e-07
0.4080000E+00 1.15038e-07
0.4100000E+00 1.20124e-07
0.4120000E+00 1.20497e-07
0.4140000E+00 -3.47813e-08
0.4160000E+00 -2.07006e-08
0.4180000E+00 -1.94985e-08
0.4200000E+00 -9.36076e-09
0.4220000E+00 -1.11862e-08
0.4240000E+00 8.01543e-09
0.4260000E+00 7.18134e-08
0.4280000E+00 8.16189e-08
0.4300000E+00 5.83269e-08
0.4320000E+00 3.58529e-08
0.4340000E+00 3.6772e-08
0.4360000E+00 4.0988e-08
0.4380000E+00 4.53895e-08
0.4400000E+00 5.2823e-08
0.4420000E+00 5.8289e-08
0.4440000E+00 6.31093e-08
0.4460000E+00 8.52661e-08
0.4480000E+00 1.51017e-07
0.4500000E+00 -4.59019e-08
0.4520000E+00 -1.36369e-08
0.4540000E+00 -2.60783e-08
0.4560000E+00 -7.94867e-09
0.4580000E+00 4.08243e-09
0.4600000E+00 6.06979e-09
0.4620000E+00 8.87614e-09
0.4640000E+00 1.38643e-08
0.4660000E+00 5.24693e-08
0.4680000E+00 4.7416e-08
0.4700000E+00 6.90199e-08
0.4720000E+00 6.23955e-08
0.4740000E+00 6.19248e-08
0.4760000E+00 6.20465e-08
0.4780000E+00 6.95348e-08
0.4800000E+00 1.15926e-08
0.4820000E+00 -1.17178e-07
0.4840000E+00 -9.94662e-08
0.4860000E+00 1.78537e-07
0.4880000E+00 7.2523e-10
0.4900000E+00 1.53115e-08
0.4920000E+00 2.04795e-08
0.4940000E+00 2.10065e-08
0.4960000E+00 1.92871e-08
0.4980000E+00 3.13479e-08
0.5000000E+00 5.18036e-08
0.5020000E+00 7.1472e-08
0.5040000E+00 8.14987e-08
0.5060000E+00 9.20595e-08
0.5080000E+00 7.92746e-09
0.5100000E+00 -1.5103e-07
0.5120000E+00 -5.64133e-08
0.5140000E+00 -5.20186e-08
0.5160000E+00 3.52243e-08
0.5180000E+00 3.75079e-08
0.5200000E+00 2.41595e-08
0.5220000E+00 2.3417e-08
0.5240000E+00 1.97835e-08
0.5260000E+00 3.07327e-08
0.5280000E+00 3.91182e-08
0.5300000E+00 4.95637e-08
0.5320000E+00 8.63669e-08
0.5340000E+00 -4.15986e-08
0.5360000E+00 -4.02755e-08
0.5380000E+00 -3.7708e-08
0.5400000E+00 -3.12073e-08
0.5420000E+00 -2.18383e-09
0.5440000E+00 3.02951e-08
0.5460000E+00 3.25942e-08
0.5480000E+00 3.48083e-08
0.5500000E+00 3.73236e-08
0.5520000E+00 4.13235e-08
0.5540000E+00 -1.88308e-07
0.5560000E+00 -4.74064e-08
0.5580000E+00 1.14687e-09
0.5600000E+00 -1.11582e-08
0.5620000E+00 -5.58463e-09
0.5640000E+00 7.69647e-09
0.5660000E+00 2.03782e-08
0.5680000E+00 1.21849e-08
0.5700000E+00 1.33395e-07
0.5720000E+00 -1.37775e-07
0.5740000E+00 -8.88142e-08
0.5760000E+00 -1.08816e-08
0.5780000E+00 -1.57143e-08
0.5800000E+00 -2.35984e-08
0.5820000E+00 -2.75238e-08
0.5840000E+00 -3.16036e-08
0.5860000E+00 -1.37982e-07
0.5880000E+00 1.89518e-08
0.5900000E+00 8.10891e-09
0.5920000E+00 3.56483e-08
0.5940000E+00 -7.15846e-08
0.5960000E+00 -3.2744e-10
0.5980000E+00 -1.47703e-07
0.6000000E+00 -1.09695e-07
0.6020000E+00 -1.35624e-07
0.6040000E+00 -1.58095e-07
0.6060000E+00 -1.50451e-07
0.6080000E+00 4.46862e-07
0.6100000E+00 -2.09692e-07
0.6120000E+00 -1.63814e-07
0.6140000E+00 -1.25164e-07
0.6160000E+00 -3.54164e-07
0.6180000E+00 -8.69174e-07
0.6200000E+00 1.26063e-06
0.6220000E+00 -3.09276e-07
0.6240000E+00 -1.30009e-06
0.6260000E+00 -3.44501e-07
0.6280000E+00 -1.83131e-06
0.6300000E+00 2.60883e-07
0.6320000E+00 3.02821e-06
0.6340000E+00 -6.34281e-07
0.6360000E+00 6.70351e-07
0.6380000E+00 -8.72398e-08
0.6400000E+00 4.66376e-08
0.6420000E+00 -2.63757e-07
0.6440000E+00 2.37154e-07
0.6460000E+00 -2.42705e-08
0.6480000E+00 1.57454e-08
0.6500000E+00 -5.58779e-08
0.6520000E+00 -7.86689e-08
0.6540000E+00 3.23911e-07
0.6560000E+00 3.36169e-08
0.6580000E+00 1.86476e-07
0.6600000E+00 8.3418e-08
0.6620000E+00 5.28773e-09
0.6640000E+00 -8.75694e-10
0.6660000E+00 9.02597e-08
0.6680000E+00 2.02769e-07
0.6700000E+00 2.4334e-08
0.6720000E+00 1.79674e-07
0.6740000E+00 7.10384e-08
0.6760000E+00 6.62677e-08
0.6780000E+00 4.72413e-08
0.6800000E+00 3.10761e-08
0.6820000E+00 2.58039e-08
0.6840000E+00 1.09007e-07
0.6860000E+00 9.37259e-08
0.6880000E+00 9.40392e-08
0.6900000E+00 3.86095e-08
0.6920000E+00 4.67513e-08
0.6940000E+00 4.79005e-08
0.6960000E+00 5.48201e-08
0.6980000E+00 6.08433e-08
0.7000000E+00 5.59162e-08
0.7020000E+00 5.77379e-08
0.7040000E+00 6.80024e-08
0.7060000E+00 1.11287e-07
0.7080000E+00 9.32802e-08
0.7100000E+00 7.95334e-08
0.7120000E+00 1.43606e-08
0.7140000E+00 4.17098e-08
0.7160000E+00 4.62314e-08
0.7180000E+00 5.13072e-08
0.7200000E+00 4.48688e-08
0.7220000E+00 4.37679e-08
0.7240000E+00 4.35239e-08
0.7260000E+00 4.5804e-08
0.7280000E+00 4.62835e-08
0.7300000E+00 6.68831e-08
0.7320000E+00 7.03545e-08
0.7340000E+00 8.0368e-08
0.7360000E+00 8.0106e-08
0.7380000E+00 -2.77319e-08
0.7400000E+00 4.51113e-08
0.7420000E+00 4.26071e-08
0.7440000E+00 4.57989e-08
0.7460000E+00 4.66194e-08
0.7480000E+00 4.40784e-08
0.7500000E+00 4.83114e-08
0.7520000E+00 5.92898e-08
0.7540000E+00 4.95396e-08
0.7560000E+00 5.06835e-08
0.7580000E+00 6.25796e-08
0.7600000E+00 6.89164e-08
0.7620000E+00 5.93873e-08
0.7640000E+00 5.88826e-08
0.7660000E+00 5.90986e-08
0.7680000E+00 -5.00121e-09
0.7700000E+00 3.67529e-08
0.7720000E+00 4.25287e-08
0.7740000E+00 3.74997e-08
0.7760000E+00 4.4677e-08
0.7780000E+00 5.36704e-08
0.7800000E+00 4.89506e-08
0.7820000E+00 4.54195e-08
0.7840000E+00 4.45441e-08
0.7860000E+00 4.41305e-08
0.7880000E+00 4.31183e-08
0.7900000E+00 5.73867e-08
0.7920000E+00 7.13049e-08
0.7940000E+00 6.31937e-08
0.7960000E+00 5.71779e-08
0.7980000E+00 5.58933e-08
0.8000000E+00 5.46198e-08
0.8020000E+00 8.31788e-09
0.8040000E+00 1.06909e-08
0.8060000E+00 3.04941e-08
0.8080000E+00 3.02155e-08
0.8100000E+00 2.93161e-08
0.8120000E+00 3.11902e-08
0.8140000E+00 5.83589e-08
0.8160000E+00 5.64774e-08
0.8180000E+00 5.50172e-08
0.8200000E+00 4.82832e-08
0.8220000E+00 4.78407e-08
0.8240000E+00 4.61247e-08
0.8260000E+00 6.16916e-08
0.8280000E+00 4.80587e-08
0.8300000E+00 4.66473e-08
0.8320000E+00 4.42286e-08
0.8340000E+00 4.38618e-08
0.8360000E+00 4.90113e-08
0.8380000E+00 5.95818e-08
0.8400000E+00 3.29418e-09
0.8420000E+00 2.4719e-08
0.8440000E+00 3.1549e-08
0.8460000E+00 2.97351e-08
0.8480000E+00 3.32926e-08
0.8500000E+00 3.28776e-08
0.8520000E+00 3.70059e-08
0.8540000E+00 4.4064e-08
0.8560000E+00 4.70755e-08
0.8580000E+00 4.57964e-08
0.8600000E+00 4.16138e-08
0.8620000E+00 4.43341e-08
0.8640000E+00 6.32071e-08
0.8660000E+00 4.71486e-08
0.8680000E+00 4.72512e-08
0.8700000E+00 4.70595e-08
0.8720000E+00 4.63521e-08
0.8740000E+00 4.46106e-08
0.8760000E+00 4.32858e-08
0.8780000E+00 4.28191e-08
0.8800000E+00 4.22247e-08
0.8820000E+00 1.68665e-08
0.8840000E+00 1.91448e-08
0.8860000E+00 2.33567e-08
0.8880000E+00 2.62706e-08
0.8900000E+00 4.2386e-08
0.8920000E+00 5.8087e-08
0.8940000E+00 5.90615e-08
0.8960000E+00 3.96386e-08
0.8980000E+00 3.88646e-08
0.9000000E+00 3.92785e-08
0.9020000E+00 4.11135e-08
0.9040000E+00 4.08586e-08
0.9060000E+00 3.88812e-08
0.9080000E+00 3.67861e-08
0.9100000E+00 3.56894e-08
0.9120000E+00 3.49398e-08
0.9140000E+00 3.40119e-08
0.9160000E+00 3.36269e-08
0.9180000E+00 6.79457e-08
0.9200000E+00 4.21975e-08
0.9220000E+00 4.18926e-08
0.9240000E+00 4.14509e-08
0.9260000E+00 2.41913e-08
0.9280000E+00 3.15347e-08
0.9300000E+00 4.5296e-08
0.9320000E+00 4.42886e-08
0.9340000E+00 3.93516e-08
0.9360000E+00 3.48534e-08
0.9380000E+00 3.24613e-08
0.9400000E+00 3.21985e-08
0.9420000E+00 3.14966e-08
0.9440000E+00 3.07303e-08
0.9460000E+00 3.04414e-08
0.9480000E+00 4.7222e-08
0.9500000E+00 4.61755e-08
0.9520000E+00 4.3603e-08
0.9540000E+00 3.55068e-08
0.9560000E+00 3.25999e-08
0.9580000E+00 3.09847e-08
0.9600000E+00 3.14205e-08
0.9620000E+00 3.08312e-08
0.9640000E+00 3.39431e-08
0.9660000E+00 4.64242e-08
0.9680000E+00 5.2232e-08
0.9700000E+00 4.38519e-08
0.9720000E+00 1.17413e-08
0.9740000E+00 2.50793e-08
0.9760000E+00 2.74106e-08
0.9780000E+00 2.74821e-08
0.9800000E+00 5.17547e-08
0.9820000E+00 3.48369e-08
0.9840000E+00 3.458e-08
0.9860000E+00 3.40969e-08
0.9880000E+00 3.27902e-08
0.9900000E+00 3.25387e-08
0.9920000E+00 2.99891e-08
0.9940000E+00 2.88728e-08
0.9960000E+00 2.8046e-08
0.9980000E+00 2.76199e-08
0.1000000E+01 2.6696e-08
0.1002000E+01 4.33881e-08
0.1004000E+01 5.18323e-08
0.1006000E+01 4.28742e-08
0.1008000E+01 3.69033e-08
0.1010000E+01 4.34366e-08
0.1012000E+01 5.39608e-08
0.1014000E+01 4.27239e-08
0.1016000E+01 3.76403e-08
0.1018000E+01 3.42889e-08
0.1020000E+01 1.50127e-08
0.1022000E+01 2.1782e-08
0.1024000E+01 2.43988e-08
0.1026000E+01 2.59117e-08
0.1028000E+01 2.45175e-08
0.1030000E+01 2.35814e-08
0.1032000E+01 2.37795e-08
0.1034000E+01 2.34392e-08
0.1036000E+01 2.69362e-08
0.1038000E+01 3.87948e-08
0.1040000E+01 4.81749e-08
0.1042000E+01 4.37475e-08
0.1044000E+01 5.02351e-08
0.1046000E+01 4.91725e-08
0.1048000E+01 3.8705e-08
0.1050000E+01 3.79063e-08
0.1052000E+01 3.56917e-08
0.1054000E+01 3.45313e-08
0.1056000E+01 3.38489e-08
0.1058000E+01 3.20896e-08
0.1060000E+01 2.94101e-08
0.1062000E+01 2.81313e-08
0.1064000E+01 2.67594e-08
0.1066000E+01 2.53933e-08
0.1068000E+01 2.44193e-08
0.1070000E+01 1.08192e-08
0.1072000E+01 2.0679e-08
0.1074000E+01 4.28999e-08
0.1076000E+01 5.11737e-08
0.1078000E+01 4.10452e-08
0.1080000E+01 5.12268e-08
0.1082000E+01 4.05312e-08
0.1084000E+01 4.07192e-08
0.1086000E+01 3.58473e-08
0.1088000E+01 3.02649e-08
0.1090000E+01 2.80142e-08
0.1092000E+01 2.60301e-08
0.1094000E+01 2.59962e-08
0.1096000E+01 2.52569e-08
0.1098000E+01 2.44929e-08
0.1100000E+01 2.41427e-08
0.1102000E+01 2.34972e-08
0.1104000E+01 2.23033e-08
0.1106000E+01 2.79753e-08
0.1108000E+01 4.00724e-08
0.1110000E+01 4.76156e-08
0.1112000E+01 4.22613e-08
0.1114000E+01 4.90023e-08
0.1116000E+01 4.52049e-08
0.1118000E+01 3.63213e-08
0.1120000E+01 3.27659e-08
0.1122000E+01 2.53088e-08
0.1124000E+01 2.7494e-08
0.1126000E+01 2.5956e-08
0.1128000E+01 2.46469e-08
0.1130000E+01 2.32344e-08
0.1132000E+01 2.12275e-08
0.1134000E+01 1.97928e-08
0.1136000E+01 1.94075e-08
0.1138000E+01 1.92384e-08
0.1140000E+01 1.79722e-08
0.1142000E+01 4.87323e-08
0.1144000E+01 5.73763e-08
0.1146000E+01 3.62144e-08
0.1148000E+01 3.46066e-08
0.1150000E+01 5.03355e-08
0.1152000E+01 3.99386e-08
0.1154000E+01 3.71948e-08
0.1156000E+01 3.2669e-08
0.1158000E+01 3.00296e-08
0.1160000E+01 2.70115e-08
0.1162000E+01 2.5335e-08
0.1164000E+01 2.44121e-08
0.1166000E+01 2.36994e-08
0.1168000E+01 2.30051e-08
0.1170000E+01 2.22894e-08
0.1172000E+01 2.15614e-08
0.1174000E+01 2.95931e-08
0.1176000E+01 4.58015e-08
0.1178000E+01 5.38041e-08
0.1180000E+01 4.32217e-08
0.1182000E+01 2.94851e-08
0.1184000E+01 2.47054e-08
0.1186000E+01 2.68594e-08
0.1188000E+01 4.17846e-08
0.1190000E+01 4.12846e-08
0.1192000E+01 3.10412e-08
0.1194000E+01 2.93003e-08
0.1196000E+01 2.78448e-08
0.1198000E+01 2.62842e-08
0.1200000E+01 2.42429e-08
0.1202000E+01 2.25086e-08
0.1204000E+01 1.69955e-08
0.1206000E+01 1.56893e-08
0.1208000E+01 4.79672e-08
0.1210000E+01 5.8002e-08
0.1212000E+01 3.6232e-08
0.1214000E+01 3.5455e-08
0.1216000E+01 3.45612e-08
0.1218000E+01 3.18174e-08
0.1220000E+01 2.80946e-08
0.1222000E+01 2.40526e-08
0.1224000E+01 1.96796e-08
0.1226000E+01 3.81523e-08
0.1228000E+01 2.62023e-08
0.1230000E+01 2.53699e-08
0.1232000E+01 2.46902e-08
0.1234000E+01 2.20044e-08
0.1236000E+01 1.83734e-08
0.1238000E+01 2.10264e-08
0.1240000E+01 3.81463e-08
0.1242000E+01 5.56633e-08
0.1244000E+01 4.94391e-08
0.1246000E+01 3.69976e-08
0.1248000E+01 2.8676e-08
0.1250000E+01 2.70668e-08
0.1252000E+01 2.586e-08
0.1254000E+01 1.98499e-08
0.1256000E+01 1.5864e-08
0.1258000E+01 1.85584e-08
0.1260000E+01 1.83035e-08
0.1262000E+01 1.66581e-08
0.1264000E+01 2.52443e-08
0.1266000E+01 2.78603e-08
0.1268000E+01 2.25878e-08
0.1270000E+01 1.88932e-08
0.1272000E+01 5.78944e-08
0.1274000E+01 6.91602e-08
0.1276000E+01 4.2134e-08
0.1278000E+01 4.09668e-08
0.1280000E+01 4.03079e-08
0.1282000E+01 3.67463e-08
0.1284000E+01 3.06607e-08
0.1286000E+01 2.51931e-08
0.1288000E+01 2.3327e-08
0.1290000E+01 2.2148e-08
0.1292000E+01 2.13344e-08
0.1294000E+01 2.07934e-08
0.1296000E+01 1.99717e-08
0.1298000E+01 1.9238e-08
0.1300000E+01 1.0828e-08
0.1302000E+01 2.32779e-08
0.1304000E+01 6.47481e-08
0.1306000E+01 6.91739e-08
0.1308000E+01 4.80774e-08
0.1310000E+01 2.70182e-08
0.1312000E+01 2.50291e-08
0.1314000E+01 2.53608e-08
0.1316000E+01 2.47079e-08
0.1318000E+01 2.41407e-08
0.1320000E+01 2.35187e-08
0.1322000E+01 2.08185e-08
0.1324000E+01 1.75759e-08
0.1326000E+01 1.55724e-08
0.1328000E+01 1.46017e-08
0.1330000E+01 1.36569e-08
0.1332000E+01 2.72911e-08
0.1334000E+01 5.01262e-08
0.1336000E+01 6.1849e-08
0.1338000E+01 3.77055e-08
0.1340000E+01 3.70826e-08
0.1342000E+01 2.28087e-08
0.1344000E+01 3.0777e-08
0.1346000E+01 2.39619e-08
0.1348000E+01 2.30459e-08
0.1350000E+01 2.17524e-08
0.1352000E+01 1.90126e-08
0.1354000E+01 1.82921e-08
0.1356000E+01 1.75878e-08
0.1358000E+01 1.7206e-08
0.1360000E+01 1.65919e-08
0.1362000E+01 3.61973e-08
0.1364000E+01 6.68597e-08
0.1366000E+01 6.69392e-08
0.1368000E+01 4.58447e-08
0.1370000E+01 3.6609e-08
0.1372000E+01 3.17652e-08
0.1374000E+01 3.1102e-08
0.1376000E+01 2.79525e-08
0.1378000E+01 6.1153e-09
0.1380000E+01 -7.28646e-09
0.1382000E+01 2.48317e-09
0.1384000E+01 1.14968e-08
0.1386000E+01 1.52096e-08
0.1388000E+01 1.01543e-08
0.1390000E+01 1.35754e-08
0.1392000E+01 4.5968e-08
0.1394000E+01 6.64232e-08
0.1396000E+01 4.82088e-08
0.1398000E+01 3.7725e-08
0.1400000E+01 3.23347e-08
0.1402000E+01 2.92024e-08
0.1404000E+01 2.79865e-08
0.1406000E+01 2.44827e-08
0.1408000E+01 2.1069e-08
0.1410000E+01 1.99798e-08
0.1412000E+01 3.12957e-10
0.1414000E+01 -6.24368e-09
0.1416000E+01 4.30436e-09
0.1418000E+01 2.85081e-09
0.1420000E+01 4.56392e-08
0.1422000E+01 6.21367e-08
0.1424000E+01 3.96641e-08
0.1426000E+01 4.87204e-08
0.1428000E+01 3.87956e-08
0.1430000E+01 3.12857e-08
0.1432000E+01 1.37589e-08
0.1434000E+01 6.7944e-09
0.1436000E+01 1.23557e-08
0.1438000E+01 1.29801e-08
0.1440000E+01 8.61236e-09
0.1442000E+01 -1.48878e-08
0.1444000E+01 -1.05147e-08
0.1446000E+01 1.86241e-09
0.1448000E+01 3.10296e-08
0.1450000E+01 6.00903e-08
0.1452000E+01 4.41479e-08
0.1454000E+01 2.50559e-08
0.1456000E+01 2.03537e-08
0.1458000E+01 1.97233e-08
0.1460000E+01 2.02849e-08
0.1462000E+01 2.05008e-08
0.1464000E+01 1.95466e-08
0.1466000E+01 2.45996e-08
0.1468000E+01 -7.11788e-09
0.1470000E+01 -5.92332e-09
0.1472000E+01 -2.73947e-09
0.1474000E+01 1.62618e-08
0.1476000E+01 4.67862e-08
0.1478000E+01 4.15052e-08
0.1480000E+01 1.47393e-08
0.1482000E+01 1.56108e-08
0.1484000E+01 1.64238e-08
0.1486000E+01 1.50991e-08
0.1488000E+01 1.23488e-08
0.1490000E+01 -1.04132e-08
0.1492000E+01 -2.27983e-08
0.1494000E+01 -1.49624e-08
0.1496000E+01 -7.16076e-09
0.1498000E+01 -6.66478e-10
0.1500000E+01 -1.44606e-09
0.1502000E+01 4.08582e-08
0.1504000E+01 6.06558e-08
0.1506000E+01 3.60816e-08
0.1508000E+01 4.46123e-08
0.1510000E+01 3.54186e-08
0.1512000E+01 -3.99913e-09
0.1514000E+01 -2.02193e-08
0.1516000E+01 2.36483e-10
0.1518000E+01 4.22285e-09
0.1520000E+01 -3.98676e-09
0.1522000E+01 -1.21882e-08
0.1524000E+01 -6.74963e-09
0.1526000E+01 -2.51375e-09
0.1528000E+01 2.84065e-08
0.1530000E+01 4.58122e-08
0.1532000E+01 -1.57329e-10
0.1534000E+01 -8.38127e-09
0.1536000E+01 -4.16003e-10
0.1538000E+01 1.09e-09
0.1540000E+01 5.48123e-09
0.1542000E+01 7.48982e-09
0.1544000E+01 7.1476e-09
0.1546000E+01 5.50732e-09
0.1548000E+01 1.37203e-08
0.1550000E+01 -1.42787e-08
0.1552000E+01 -3.88872e-09
0.1554000E+01 3.11866e-08
0.1556000E+01 5.02185e-08
0.1558000E+01 2.51128e-08
0.1560000E+01 6.7768e-09
0.1562000E+01 9.58821e-09
0.1564000E+01 1.54514e-08
0.1566000E+01 -7.00238e-09
0.1568000E+01 -1.90917e-08
0.1570000E+01 -3.0553e-09
0.1572000E+01 -3.87962e-10
0.1574000E+01 5.99071e-10
0.1576000E+01 3.41583e-09
0.1578000E+01 3.52298e-08
0.1580000E+01 5.26792e-08
0.1582000E+01 2.6225e-08
0.1584000E+01 8.59915e-09
0.1586000E+01 1.93247e-08
0.1588000E+01 2.83205e-08
0.1590000E+01 2.46761e-08
0.1592000E+01 2.08101e-08
0.1594000E+01 9.4533e-09
0.1596000E+01 3.01069e-09
0.1598000E+01 2.58407e-09
0.1600000E+01 -9.29797e-10
0.1602000E+01 2.29696e-08
0.1604000E+01 1.8745e-08
0.1606000E+01 1.99618e-08
0.1608000E+01 3.79162e-08
0.1610000E+01 3.96378e-08
0.1612000E+01 4.22286e-08
0.1614000E+01 3.04384e-08
0.1616000E+01 3.03612e-08
0.1618000E+01 3.16666e-08
0.1620000E+01 3.21192e-08
0.1622000E+01 3.33587e-08
0.1624000E+01 3.05044e-08
0.1626000E+01 -1.59838e-08
0.1628000E+01 5.90248e-08
0.1630000E+01 5.78495e-08
0.1632000E+01 4.20543e-08
0.1634000E+01 4.17448e-08
0.1636000E+01 4.24329e-08
0.1638000E+01 3.47252e-08
0.1640000E+01 3.47288e-08
0.1642000E+01 2.24318e-08
0.1644000E+01 1.7468e-08
0.1646000E+01 4.0934e-08
0.1648000E+01 3.88506e-08
0.1650000E+01 6.33674e-08
0.1652000E+01 8.69489e-08
0.1654000E+01 7.46061e-08
0.1656000E+01 5.32576e-08
0.1658000E+01 4.07406e-08
0.1660000E+01 4.20287e-08
0.1662000E+01 3.33736e-08
0.1664000E+01 2.78435e-08
0.1666000E+01 2.48363e-08
0.1668000E+01 4.23476e-08
0.1670000E+01 4.1566e-08
0.1672000E+01 5.5798e-08
0.1674000E+01 8.30588e-08
0.1676000E+01 8.29522e-08
0.1678000E+01 6.48279e-08
0.1680000E+01 6.53744e-08
0.1682000E+01 6.63786e-08
0.1684000E+01 5.47754e-08
0.1686000E+01 4.25753e-08
0.1688000E+01 3.95255e-08
0.1690000E+01 3.26927e-08
0.1692000E+01 2.58931e-08
0.1694000E+01 4.82935e-08
0.1696000E+01 8.20042e-08
0.1698000E+01 8.46823e-08
0.1700000E+01 6.69087e-08
0.1702000E+01 6.33285e-08
0.1704000E+01 6.12864e-08
0.1706000E+01 6.02972e-08
0.1708000E+01 5.80996e-08
0.1710000E+01 5.50591e-08
0.1712000E+01 4.43974e-08
0.1714000E+01 3.59644e-08
0.1716000E+01 5.14463e-08
0.1718000E+01 7.44671e-08
0.1720000E+01 6.77532e-08
0.1722000E+01 5.13004e-08
0.1724000E+01 4.9022e-08
0.1726000E+01 5.78181e-08
0.1728000E+01 5.188e-08
0.1730000E+01 4.99851e-08
0.1732000E+01 5.06915e-08
0.1734000E+01 5.37833e-08
0.1736000E+01 4.66306e-08
0.1738000E+01 6.79454e-08
0.1740000E+01 7.79851e-08
0.1742000E+01 5.99413e-08
0.1744000E+01 6.09908e-08
0.1746000E+01 7.61601e-08
0.1748000E+01 5.02659e-08
0.1750000E+01 4.47688e-08
0.1752000E+01 4.24272e-08
0.1754000E+01 4.02159e-08
0.1756000E+01 3.82694e-08
0.1758000E+01 3.92796e-08
0.1760000E+01 6.58336e-08
0.1762000E+01 5.20788e-08
0.1764000E+01 5.08552e-08
0.1766000E+01 4.64829e-08
0.1768000E+01 4.28612e-08
0.1770000E+01 4.09281e-08
0.1772000E+01 4.36202e-08
0.1774000E+01 4.07056e-08
0.1776000E+01 4.03317e-08
0.1778000E+01 6.87825e-08
0.1780000E+01 9.46855e-08
0.1782000E+01 7.76925e-08
0.1784000E+01 6.77215e-08
0.1786000E+01 4.82235e-08
0.1788000E+01 4.16933e-08
0.1790000E+01 3.74368e-08
0.1792000E+01 3.45788e-08
0.1794000E+01 2.97026e-08
0.1796000E+01 2.13003e-08
0.1798000E+01 5.78157e-08
0.1800000E+01 7.0166e-08
0.1802000E+01 5.31356e-08
0.1804000E+01 4.41184e-08
0.1806000E+01 3.82417e-08
0.1808000E+01 3.84539e-08
0.1810000E+01 3.88351e-08
0.1812000E+01 4.81737e-08
0.1814000E+01 4.33041e-08
0.1816000E+01 4.72073e-08
0.1818000E+01 6.34588e-08
0.1820000E+01 5.72994e-08
0.1822000E+01 4.73508e-08
0.1824000E+01 4.4931e-08
0.1826000E+01 4.64514e-08
0.1828000E+01 4.47776e-08
0.1830000E+01 3.37716e-08
0.1832000E+01 2.81178e-08
0.1834000E+01 3.14409e-08
0.1836000E+01 4.88627e-08
0.1838000E+01 5.13443e-08
0.1840000E+01 4.38404e-08
0.1842000E+01 4.10058e-08
0.1844000E+01 4.53199e-08
0.1846000E+01 5.03771e-08
0.1848000E+01 4.38854e-08
0.1850000E+01 3.90346e-08
0.1852000E+01 4.6225e-08
0.1854000E+01 5.93704e-08
0.1856000E+01 4.87056e-08
0.1858000E+01 3.97193e-08
0.1860000E+01 3.9225e-08
0.1862000E+01 4.77961e-08
0.1864000E+01 4.60756e-08
0.1866000E+01 4.01237e-08
0.1868000E+01 3.77653e-08
0.1870000E+01 5.84622e-08
0.1872000E+01 5.88693e-08
0.1874000E+01 4.74818e-08
0.1876000E+01 4.29629e-08
0.1878000E+01 5.2152e-08
0.1880000E+01 5.09763e-08
0.1882000E+01 4.86558e-08
0.1884000E+01 4.71925e-08
0.1886000E+01 5.38667e-08
0.1888000E+01 5.4394e-08
0.1890000E+01 4.62982e-08
0.1892000E+01 4.58832e-08
0.1894000E+01 6.50357e-08
0.1896000E+01 6.21518e-08
0.1898000E+01 5.36757e-08
0.1900000E+01 5.20413e-08
0.1902000E+01 5.08775e-08
0.1904000E+01 4.72736e-08
0.1906000E+01 4.90732e-08
0.1908000E+01 7.7255e-08
0.1910000E+01 8.73384e-08
0.1912000E+01 6.12764e-08
0.1914000E+01 5.40447e-08
0.1916000E+01 4.48599e-08
0.1918000E+01 4.24655e-08
0.1920000E+01 5.67058e-08
0.1922000E+01 4.68197e-08
0.1924000E+01 -1.24305e-07
0.1926000E+01 1.18586e-07
0.1928000E+01 3.42085e-07
0.1930000E+01 2.3467e-07
0.1932000E+01 2.1629e-07
0.1934000E+01 2.74747e-07
0.1936000E+01 2.50947e-07
0.1938000E+01 1.57928e-07
0.1940000E+01 1.56585e-07
0.1942000E+01 3.37444e-07
0.1944000E+01 4.32349e-07
0.1946000E+01 4.61965e-07
0.1948000E+01 5.16664e-07
0.1950000E+01 7.28621e-07
0.1952000E+01 5.87395e-07
0.1954000E+01 2.73165e-06
0.1956000E+01 -3.8162e-07
0.1958000E+01 -3.19418e-06
0.1960000E+01 -1.04512e-06
0.1962000E+01 -1.16854e-06
0.1964000E+01 -4.23643e-07
0.1966000E+01 -2.78331e-07
0.1968000E+01 -2.85367e-07
0.1970000E+01 -3.64101e-07
0.1972000E+01 -5.58075e-07
0.1974000E+01 -5.41675e-07
0.1976000E+01 -2.0979e-07
0.1978000E+01 -1.4608e-07
0.1980000E+01 -5.73511e-07
0.1982000E+01 -4.37665e-07
0.1984000E+01 -1.82884e-07
0.1986000E+01 -1.09895e-07
0.1988000E+01 -1.20644e-07
0.1990000E+01 -1.65559e-07
0.1992000E+01 -1.85712e-07
0.1994000E+01 -5.21316e-08
0.1996000E+01 -5.93053e-08
0.1998000E+01 -6.28064e-08
0.2000000E+01 -5.95558e-08
0.2002000E+01 -6.10753e-08
0.2004000E+01 -6.35742e-08
0.2006000E+01 -6.64971e-08
0.2008000E+01 -6.92978e-08
0.2010000E+01 -7.3446e-08
0.2012000E+01 -7.96926e-08
0.2014000E+01 -9.1764e-08
0.2016000E+01 -1.20308e-07
0.2018000E+01 -8.11738e-08
0.2020000E+01 -4.36556e-08
0.2022000E+01 -4.5778e-08
0.2024000E+01 -4.85568e-08
0.2026000E+01 -4.31774e-08
0.2028000E+01 -4.31269e-08
0.2030000E+01 7.75927e-08
0.2032000E+01 3.50463e-07
0.2034000E+01 6.78724e-07
0.2036000E+01 1.42633e-07
0.2038000E+01 -4.89608e-07
0.2040000E+01 -7.23479e-08
0.2042000E+01 4.52254e-08
0.2044000E+01 6.1398e-08
0.2046000E+01 -3.69061e-08
0.2048000E+01 8.47072e-08
0.2050000E+01 2.15624e-07
0.2052000E+01 1.12031e-07
0.2054000E+01 -1.58817e-07
0.2056000E+01 -1.56084e-07
0.2058000E+01 -4.15554e-08
0.2060000E+01 -5.252e-09
0.2062000E+01 -8.81968e-09
0.2064000E+01 -2.78547e-08
0.2066000E+01 -5.36459e-08
0.2068000E+01 -5.73509e-08
0.2070000E+01 -4.11783e-08
0.2072000E+01 -2.10531e-08
0.2074000E+01 6.16535e-08
0.2076000E+01 2.91249e-08
0.2078000E+01 3.93405e-08
0.2080000E+01 4.87221e-08
0.2082000E+01 2.62059e-08
0.2084000E+01 -4.43674e-08
0.2086000E+01 -4.6458e-08
0.2088000E+01 -4.108e-08
0.2090000E+01 -5.08251e-08
0.2092000E+01 -2.74649e-09
0.2094000E+01 3.97589e-08
0.2096000E+01 6.46817e-10
0.2098000E+01 -1.75933e-08
0.2100000E+01 -9.04355e-09
0.2102000E+01 -1.01685e-08
0.2104000E+01 -1.2202e-08
0.2106000E+01 -3.61426e-09
0.2108000E+01 1.21386e-08
0.2110000E+01 2.01111e-08
0.2112000E+01 1.53133e-08
0.2114000E+01 1.55173e-08
0.2116000E+01 3.77067e-08
0.2118000E+01 -4.28742e-09
0.2120000E+01 -4.36456e-08
0.2122000E+01 -3.31253e-08
0.2124000E+01 -4.34424e-08
0.2126000E+01 -2.41917e-08
0.2128000E+01 1.3857e-08
0.2130000E+01 3.86346e-08
0.2132000E+01 1.85578e-08
0.2134000E+01 -1.45912e-08
0.2136000E+01 -1.40458e-08
0.2138000E+01 -1.3661e-08
0.2140000E+01 -1.39998e-08
0.2142000E+01 -1.81116e-08
0.2144000E+01 -1.05322e-10
0.2146000E+01 2.3004e-08
0.2148000E+01 8.91787e-09
0.2150000E+01 -4.19314e-09
0.2152000E+01 -1.06797e-09
0.2154000E+01 4.25112e-09
0.2156000E+01 -1.96443e-08
0.2158000E+01 -4.43203e-08
0.2160000E+01 -2.19752e-08
0.2162000E+01 -3.72305e-09
0.2164000E+01 -4.065e-09
0.2166000E+01 -8.51992e-09
0.2168000E+01 -5.97445e-09
0.2170000E+01 -4.82409e-09
0.2172000E+01 -1.43745e-08
0.2174000E+01 -3.24884e-08
0.2176000E+01 -3.72319e-08
0.2178000E+01 -1.2261e-08
0.2180000E+01 4.43877e-08
0.2182000E+01 3.81754e-08
0.2184000E+01 -6.11867e-09
0.2186000E+01 -9.9473e-09
0.2188000E+01 -9.90386e-09
0.2190000E+01 -1.22138e-08
0.2192000E+01 -1.32294e-09
0.2194000E+01 1.78593e-08
0.2196000E+01 3.21688e-08
0.2198000E+01 -1.10456e-08
0.2200000E+01 -2.30009e-08
0.2202000E+01 -1.6236e-08
0.2204000E+01 -1.45346e-08
0.2206000E+01 -1.51812e-08
0.2208000E+01 -2.18289e-09
0.2210000E+01 9.51232e-09
0.2212000E+01 1.08829e-08
0.2214000E+01 1.61349e-08
0.2216000E+01 -5.28537e-09
0.2218000E+01 -2.63971e-08
0.2220000E+01 -3.46258e-08
0.2222000E+01 4.20284e-08
0.2224000E+01 5.16399e-08
0.2226000E+01 -1.51394e-09
0.2228000E+01 3.67917e-09
0.2230000E+01 4.94961e-09
0.2232000E+01 3.10178e-08
0.2234000E+01 6.04415e-08
0.2236000E+01 6.45265e-08
0.2238000E+01 5.44047e-08
0.2240000E+01 1.30164e-08
0.2242000E+01 1.97688e-08
0.2244000E+01 5.65825e-08
0.2246000E+01 3.46615e-08
0.2248000E+01 -6.84785e-09
0.2250000E+01 5.89658e-10
0.2252000E+01 6.41403e-08
0.2254000E+01 1.52145e-07
0.2256000E+01 2.18879e-07
0.2258000E+01 4.19862e-07
0.2260000E+01 -2.56815e-08
0.2262000E+01 -2.4789e-07
0.2264000E+01 -2.01958e-07
0.2266000E+01 -1.68001e-07
0.2268000E+01 -1.32209e-07
0.2270000E+01 -1.19815e-07
0.2272000E+01 -9.66807e-08
0.2274000E+01 -9.01321e-08
0.2276000E+01 -8.64903e-08
0.2278000E+01 -7.92544e-08
0.2280000E+01 -6.12409e-08
0.2282000E+01 -4.73922e-08
0.2284000E+01 -4.63712e-08
0.2286000E+01 -4.56205e-08
0.2288000E+01 -3.87101e-08
0.2290000E+01 -3.59899e-08
0.2292000E+01 -3.43809e-08
0.2294000E+01 -3.09995e-08
0.2296000E+01 -2.79657e-08
0.2298000E+01 -2.858e-08
0.2300000E+01 -3.15929e-08
0.2302000E+01 -3.20309e-08
0.2304000E+01 -3.14289e-08
0.2306000E+01 -2.98991e-08
0.2308000E+01 -2.93149e-08
0.2310000E+01 -2.8903e-08
0.2312000E+01 -2.28063e-08
0.2314000E+01 -2.51198e-08
0.2316000E+01 -2.99013e-08
0.2318000E+01 -3.00956e-08
0.2320000E+01 -2.81602e-08
0.2322000E+01 -2.67414e-08
0.2324000E+01 -2.49242e-08
0.2326000E+01 -2.30856e-08
0.2328000E+01 -2.20645e-08
0.2330000E+01 -2.00568e-08
0.2332000E+01 -2.12444e-08
0.2334000E+01 -2.13016e-08
0.2336000E+01 -1.91446e-08
0.2338000E+01 -1.91205e-08
0.2340000E+01 -1.7887e-08
0.2342000E+01 -1.73993e-08
0.2344000E+01 -1.54066e-08
0.2346000E+01 -1.48454e-08
0.2348000E+01 -1.62823e-08
0.2350000E+01 -1.84277e-08
0.2352000E+01 -1.6541e-08
0.2354000E+01 -1.49693e-08
0.2356000E+01 -1.37402e-08
0.2358000E+01 -1.28443e-08
0.2360000E+01 -1.46375e-08
0.2362000E+01 -1.43999e-08
0.2364000E+01 -8.96583e-09
0.2366000E+01 -1.09191e-08
0.2368000E+01 -1.2327e-08
0.2370000E+01 -1.34901e-08
0.2372000E+01 -1.58898e-08
0.2374000E+01 -1.38976e-08
0.2376000E+01 -7.7259e-09
0.2378000E+01 -8.56156e-09
0.2380000E+01 -2.39943e-09
0.2382000E+01 6.94188e-10
0.2384000E+01 -2.71642e-08
0.2386000E+01 -1.10903e-08
0.2388000E+01 -1.38632e-08
0.2390000E+01 -1.36799e-08
0.2392000E+01 -1.63217e-08
0.2394000E+01 -1.25324e-08
0.2396000E+01 -1.2972e-08
0.2398000E+01 -1.35769e-08
0.2400000E+01 -1.36317e-08
0.2402000E+01 -1.35364e-08
0.2404000E+01 -1.32938e-08
0.2406000E+01 -9.19873e-09
0.2408000E+01 -1.21765e-08
0.2410000E+01 -1.15222e-08
0.2412000E+01 -8.60413e-09
0.2414000E+01 -8.58805e-09
0.2416000E+01 -8.03427e-09
0.2418000E+01 -7.92172e-09
0.2420000E+01 1.71573e-09
0.2422000E+01 -6.39047e-09
0.2424000E+01 -9.52427e-09
0.2426000E+01 -9.30667e-09
0.2428000E+01 -1.14023e-08
0.2430000E+01 -9.09076e-09
0.2432000E+01 -8.074e-09
0.2434000E+01 -6.36903e-09
0.2436000E+01 -7.47359e-09
0.2438000E+01 -7.29143e-09
0.2440000E+01 -8.42976e-09
0.2442000E+01 -7.97363e-09
0.2444000E+01 -8.81718e-09
0.2446000E+01 -7.42611e-09
0.2448000E+01 -6.60626e-09
0.2450000E+01 -6.07989e-09
0.2452000E+01 -6.16743e-09
0.2454000E+01 -5.43609e-09
0.2456000E+01 -6.98962e-09
0.2458000E+01 -5.23549e-09
0.2460000E+01 -3.26212e-09
0.2462000E+01 -4.37802e-09
0.2464000E+01 -2.66211e-08
0.2466000E+01 1.61392e-08
0.2468000E+01 -4.95827e-09
0.2470000E+01 1.22066e-09
0.2472000E+01 9.65501e-11
0.2474000E+01 -4.07635e-09
0.2476000E+01 -5.03284e-09
0.2478000E+01 -7.6646e-10
0.2480000E+01 -1.14541e-08
0.2482000E+01 -6.03022e-09
0.2484000E+01 -2.77754e-09
0.2486000E+01 -3.74967e-09
0.2488000E+01 -1.89187e-10
0.2490000E+01 -5.84657e-09
0.2492000E+01 -4.58056e-09
0.2494000E+01 -5.13932e-09
0.2496000E+01 -3.69048e-09
0.2498000E+01 -3.91528e-09
0.2500000E+01 9.53163e-09
0.2502000E+01 -4.30931e-09
0.2504000E+01 5.07682e-10
0.2506000E+01 4.68624e-09
0.2508000E+01 1.58927e-09
0.2510000E+01 -6.04079e-09
0.2512000E+01 -3.12799e-09
0.2514000E+01 1.39476e-08
0.2516000E+01 -3.22737e-09
0.2518000E+01 -2.99724e-09
0.2520000E+01 -2.61058e-09
0.2522000E+01 -7.07548e-10
0.2524000E+01 -1.04693e-09
0.2526000E+01 -1.94486e-09
0.2528000E+01 4.61168e-09
0.2530000E+01 9.71481e-09
0.2532000E+01 5.47827e-09
0.2534000E+01 -8.92904e-09
0.2536000E+01 -1.25664e-09
0.2538000E+01 8.22615e-10
0.2540000E+01 -4.87968e-10
0.2542000E+01 7.74897e-10
0.2544000E+01 2.36688e-09
0.2546000E+01 1.93997e-08
0.2548000E+01 1.07856e-08
0.2550000E+01 7.26781e-09
0.2552000E+01 8.07927e-09
0.2554000E+01 -1.36659e-09
0.2556000E+01 3.88773e-09
0.2558000E+01 3.92708e-09
0.2560000E+01 2.33678e-09
0.2562000E+01 3.77682e-09
0.2564000E+01 1.3794e-08
0.2566000E+01 1.07491e-08
0.2568000E+01 6.49658e-09
0.2570000E+01 5.05498e-09
0.2572000E+01 7.79059e-09
0.2574000E+01 8.73133e-09
0.2576000E+01 9.55524e-09
0.2578000E+01 8.20083e-09
0.2580000E+01 6.78619e-09
0.2582000E+01 6.01188e-09
0.2584000E+01 1.93858e-08
0.2586000E+01 2.00358e-08
0.2588000E+01 1.4291e-08
0.2590000E+01 1.35142e-08
0.2592000E+01 4.35165e-09
0.2594000E+01 6.69813e-09
0.2596000E+01 5.96191e-09
0.2598000E+01 9.14479e-09
0.2600000E+01 1.15174e-08
0.2602000E+01 1.20692e-08
0.2604000E+01 1.34323e-08
0.2606000E+01 2.04373e-08
0.2608000E+01 1.187e-08
0.2610000E+01 1.38283e-08
0.2612000E+01 1.46427e-08
0.2614000E+01 1.4003e-08
0.2616000E+01 1.5834e-08
0.2618000E+01 1.02805e-08
0.2620000E+01 6.01818e-09
0.2622000E+01 1.0569e-08
0.2624000E+01 5.85835e-09
0.2626000E+01 1.10911e-08
0.2628000E+01 1.82346e-08
0.2630000E+01 1.98744e-08
0.2632000E+01 1.0108e-08
0.2634000E+01 -1.28166e-10
0.2636000E+01 8.33189e-09
0.2638000E+01 1.30405e-08
0.2640000E+01 1.19624e-08
0.2642000E+01 1.25056e-08
0.2644000E+01 1.36596e-08
0.2646000E+01 1.544e-08
0.2648000E+01 7.08453e-09
0.2650000E+01 4.17782e-09
0.2652000E+01 1.16398e-08
0.2654000E+01 1.45997e-08
0.2656000E+01 1.72706e-08
0.2658000E+01 1.47146e-08
0.2660000E+01 1.23558e-08
0.2662000E+01 1.33211e-08
0.2664000E+01 3.90973e-09
0.2666000E+01 -6.12036e-10
0.2668000E+01 5.58359e-09
0.2670000E+01 1.16632e-08
0.2672000E+01 1.17493e-08
0.2674000E+01 1.10899e-08
0.2676000E+01 1.19354e-08
0.2678000E+01 2.00114e-08
0.2680000E+01 1.44197e-08
0.2682000E+01 3.58066e-09
0.2684000E+01 5.5924e-09
0.2686000E+01 7.68759e-09
0.2688000E+01 9.28777e-09
0.2690000E+01 7.4366e-09
0.2692000E+01 8.53859e-09
0.2694000E+01 1.25781e-08
0.2696000E+01 7.77631e-09
0.2698000E+01 9.4455e-09
0.2700000E+01 -1.5522e-09
0.2702000E+01 -5.77134e-09
0.2704000E+01 5.56333e-09
0.2706000E+01 8.22266e-09
0.2708000E+01 1.09875e-08
0.2710000E+01 1.05156e-08
0.2712000E+01 1.20215e-08
0.2714000E+01 1.17469e-08
0.2716000E+01 9.16309e-09
0.2718000E+01 1.1346e-08
0.2720000E+01 5.63711e-09
0.2722000E+01 4.37525e-09
0.2724000E+01 -6.53372e-09
0.2726000E+01 2.99116e-09
0.2728000E+01 2.97707e-09
0.2730000E+01 7.48856e-09
0.2732000E+01 8.98916e-09
0.2734000E+01 1.05078e-08
0.2736000E+01 6.50151e-09
0.2738000E+01 4.64038e-09
0.2740000E+01 6.19283e-09
0.2742000E+01 1.00835e-08
0.2744000E+01 1.30421e-08
0.2746000E+01 3.08559e-09
0.2748000E+01 -9.41899e-09
0.2750000E+01 -2.02658e-09
0.2752000E+01 3.15737e-09
0.2754000E+01 -5.82079e-09
0.2756000E+01 -3.6239e-10
0.2758000E+01 5.39865e-09
0.2760000E+01 7.74262e-09
0.2762000E+01 5.62515e-09
0.2764000E+01 6.08518e-09
0.2766000E+01 5.52744e-09
0.2768000E+01 5.00433e-09
0.2770000E+01 2.07501e-09
0.2772000E+01 -1.22411e-10
0.2774000E+01 -1.12535e-08
0.2776000E+01 -3.59717e-09
0.2778000E+01 -3.32891e-09
0.2780000E+01 -1.1257e-09
0.2782000E+01 -1.07718e-08
0.2784000E+01 -4.6898e-09
0.2786000E+01 4.52645e-10
0.2788000E+01 3.63919e-09
0.2790000E+01 1.20855e-09
0.2792000E+01 1.14275e-09
0.2794000E+01 -4.71288e-09
0.2796000E+01 -1.22111e-08
0.2798000E+01 -5.79471e-09
0.2800000E+01 -6.05642e-09
0.2802000E+01 -7.82557e-09
0.2804000E+01 -9.15462e-09
0.2806000E+01 -2.34332e-08
0.2808000E+01 -2.03971e-08
0.2810000E+01 -1.92385e-08
0.2812000E+01 -1.42524e-08
0.2814000E+01 -1.19301e-08
0.2816000E+01 -2.44535e-08
0.2818000E+01 -2.21899e-08
0.2820000E+01 -2.35751e-08
0.2822000E+01 -2.30694e-08
0.2824000E+01 -2.84102e-08
0.2826000E+01 -5.31191e-08
0.2828000E+01 -3.38551e-08
0.2830000E+01 -3.91909e-08
0.2832000E+01 -6.6345e-08
0.2834000E+01 -9.08283e-08
0.2836000E+01 -7.63624e-08
0.2838000E+01 -1.34251e-07
0.2840000E+01 -1.48955e-07
0.2842000E+01 -2.15799e-07
0.2844000E+01 -4.08731e-07
0.2846000E+01 -6.00481e-07
0.2848000E+01 9.58628e-07
0.2850000E+01 3.54021e-07
0.2852000E+01 2.27941e-07
0.2854000E+01 1.33096e-07
0.2856000E+01 1.78369e-07
0.2858000E+01 1.25535e-07
0.2860000E+01 9.92019e-08
0.2862000E+01 9.23051e-08
0.2864000E+01 1.11185e-07
0.2866000E+01 8.11507e-08
0.2868000E+01 8.12024e-08
0.2870000E+01 6.71727e-08
0.2872000E+01 7.19917e-08
0.2874000E+01 7.85668e-08
0.2876000E+01 5.6108e-08
0.2878000E+01 6.26653e-08
0.2880000E+01 7.02519e-08
0.2882000E+01 6.28895e-08
0.2884000E+01 7.24418e-08
0.2886000E+01 5.18565e-08
0.2888000E+01 5.26635e-08
0.2890000E+01 5.47717e-08
0.2892000E+01 5.99096e-08
0.2894000E+01 6.70378e-08
0.2896000E+01 7.71466e-08
0.2898000E+01 5.42374e-08
0.2900000E+01 5.27365e-08
0.2902000E+01 5.31058e-08
0.2904000E+01 4.69929e-08
0.2906000E+01 4.0789e-08
0.2908000E+01 5.01098e-08
0.2910000E+01 4.67623e-08
0.2912000E+01 5.70298e-08
0.2914000E+01 4.55889e-08
0.2916000E+01 4.70128e-08
0.2918000E+01 4.85007e-08
0.2920000E+01 5.04033e-08
0.2922000E+01 5.70434e-08
0.2924000E+01 4.75007e-08
0.2926000E+01 4.42457e-08
0.2928000E+01 4.52305e-08
0.2930000E+01 4.55199e-08
0.2932000E+01 4.89626e-08
0.2934000E+01 4.97773e-08
0.2936000E+01 4.78635e-08
0.2938000E+01 4.60707e-08
0.2940000E+01 6.56554e-08
0.2942000E+01 7.0657e-08
0.2944000E+01 4.20084e-08
0.2946000E+01 3.68703e-08
0.2948000E+01 3.942e-08
0.2950000E+01 4.1103e-08
0.2952000E+01 4.81832e-08
0.2954000E+01 4.14801e-08
0.2956000E+01 4.37361e-08
0.2958000E+01 4.99866e-08
0.2960000E+01 4.60926e-08
0.2962000E+01 4.02644e-08
0.2964000E+01 3.7265e-08
0.2966000E+01 3.86587e-08
0.2968000E+01 3.76825e-08
0.2970000E+01 4.55427e-08
0.2972000E+01 4.78156e-08
0.2974000E+01 4.52568e-08
0.2976000E+01 3.66513e-08
0.2978000E+01 3.91701e-08
0.2980000E+01 4.92417e-08
0.2982000E+01 4.8328e-08
0.2984000E+01 3.47848e-08
0.2986000E+01 3.97511e-08
0.2988000E+01 5.8655e-08
0.2990000E+01 2.64654e-08
0.2992000E+01 1.47383e-08
0.2994000E+01 3.43983e-08
0.2996000E+01 3.52678e-08
0.2998000E+01 3.65587e-08
0.3000000E+01 3.63217e-08
0.3002000E+01 3.58383e-08
0.3004000E+01 3.51048e-08
0.3006000E+01 3.49412e-08
0.3008000E+01 3.96875e-08
0.3010000E+01 3.67765e-08
0.3012000E+01 3.69614e-08
0.3014000E+01 3.498e-08
0.3016000E+01 3.47715e-08
0.3018000E+01 3.65791e-08
0.3020000E+01 3.50514e-08
0.3022000E+01 3.48265e-08
0.3024000E+01 3.66575e-08
0.3026000E+01 3.93502e-08
0.3028000E+01 4.03021e-08
0.3030000E+01 3.01035e-08
0.3032000E+01 2.69682e-08
0.3034000E+01 2.97091e-08
0.3036000E+01 2.95919e-08
0.3038000E+01 3.04982e-08
0.3040000E+01 2.97636e-08
0.3042000E+01 2.9598e-08
0.3044000E+01 2.72275e-08
0.3046000E+01 4.22686e-08
0.3048000E+01 3.3425e-08
0.3050000E+01 3.29828e-08
0.3052000E+01 3.15197e-08
0.3054000E+01 3.0872e-08
0.3056000E+01 3.06756e-08
0.3058000E+01 3.10183e-08
0.3060000E+01 3.15448e-08
0.3062000E+01 3.11169e-08
0.3064000E+01 3.53299e-08
0.3066000E+01 3.39237e-08
0.3068000E+01 3.39926e-08
0.3070000E+01 3.5844e-08
0.3072000E+01 3.4007e-08
0.3074000E+01 3.26714e-08
0.3076000E+01 2.47147e-08
0.3078000E+01 1.77603e-08
0.3080000E+01 2.55578e-08
0.3082000E+01 3.27265e-08
0.3084000E+01 3.10567e-08
0.3086000E+01 2.84423e-08
0.3088000E+01 2.81547e-08
0.3090000E+01 2.62221e-08
0.3092000E+01 2.16837e-08
0.3094000E+01 2.6439e-08
0.3096000E+01 2.53131e-08
0.3098000E+01 3.30971e-08
0.3100000E+01 3.28554e-08
0.3102000E+01 3.13207e-08
0.3104000E+01 3.06424e-08
0.3106000E+01 3.07951e-08
0.3108000E+01 3.36647e-08
0.3110000E+01 3.00509e-08
0.3112000E+01 2.66584e-08
0.3114000E+01 3.0605e-08
0.3116000E+01 3.35795e-08
0.3118000E+01 3.19456e-08
0.3120000E+01 3.56007e-08
0.3122000E+01 3.34281e-08
0.3124000E+01 1.71904e-08
0.3126000E+01 1.68343e-08
0.3128000E+01 1.91346e-08
0.3130000E+01 2.13299e-08
0.3132000E+01 3.59433e-08
0.3134000E+01 2.44907e-08
0.3136000E+01 2.72245e-08
0.3138000E+01 2.40814e-08
0.3140000E+01 2.36904e-08
0.3142000E+01 2.59348e-08
0.3144000E+01 2.48963e-08
0.3146000E+01 3.11195e-08
0.3148000E+01 2.81624e-08
0.3150000E+01 2.52924e-08
0.3152000E+01 3.04775e-08
0.3154000E+01 3.15657e-08
0.3156000E+01 2.6871e-08
0.3158000E+01 2.32619e-08
0.3160000E+01 3.27733e-08
0.3162000E+01 3.7579e-08
0.3164000E+01 3.63308e-08
0.3166000E+01 4.15668e-08
0.3168000E+01 3.14745e-08
0.3170000E+01 -6.43345e-08
0.3172000E+01 -3.80986e-08
0.3174000E+01 -5.89382e-09
0.3176000E+01 2.03344e-08
0.3178000E+01 1.82055e-08
0.3180000E+01 8.66038e-09
0.3182000E+01 3.07568e-08
0.3184000E+01 2.02837e-08
0.3186000E+01 2.41818e-08
0.3188000E+01 2.2753e-08
0.3190000E+01 3.11052e-08
0.3192000E+01 2.67841e-08
0.3194000E+01 2.22905e-08
0.3196000E+01 2.40505e-08
0.3198000E+01 2.58032e-08
0.3200000E+01 2.86702e-08
0.3202000E+01 3.50344e-08
0.3204000E+01 3.20047e-08
0.3206000E+01 2.62838e-08
0.3208000E+01 2.21326e-08
0.3210000E+01 2.23082e-08
0.3212000E+01 2.01356e-08
0.3214000E+01 4.69171e-08
0.3216000E+01 3.54836e-08
0.3218000E+01 1.17986e-08
0.3220000E+01 -8.27362e-09
0.3222000E+01 1.62798e-09
0.3224000E+01 1.85666e-08
0.3226000E+01 1.61211e-08
0.3228000E+01 1.4793e-08
0.3230000E+01 1.43694e-08
0.3232000E+01 1.41208e-08
0.3234000E+01 2.35754e-08
0.3236000E+01 2.78836e-08
0.3238000E+01 1.70549e-08
0.3240000E+01 2.96069e-08
0.3242000E+01 2.24821e-08
0.3244000E+01 4.59692e-08
0.3246000E+01 1.49273e-08
0.3248000E+01 2.12325e-08
0.3250000E+01 4.13705e-08
0.3252000E+01 4.29342e-07
0.3254000E+01 5.30068e-08
0.3256000E+01 1.05868e-07
0.3258000E+01 5.26007e-11
0.3260000E+01 1.43711e-07
0.3262000E+01 -2.35752e-07
0.3264000E+01 -1.22231e-07
0.3266000E+01 -7.312e-09
0.3268000E+01 -3.0983e-08
0.3270000E+01 -2.56793e-08
0.3272000E+01 1.21271e-08
0.3274000E+01 2.00758e-08
0.3276000E+01 4.51809e-08
0.3278000E+01 -3.93883e-08
0.3280000E+01 -5.25255e-08
0.3282000E+01 -4.14395e-09
0.3284000E+01 1.31e-08
0.3286000E+01 7.22501e-08
0.3288000E+01 -6.716e-08
0.3290000E+01 2.14363e-08
0.3292000E+01 5.4022e-09
0.3294000E+01 1.85461e-08
0.3296000E+01 -2.84004e-08
0.3298000E+01 -6.28464e-08
0.3300000E+01 -2.71164e-08
0.3302000E+01 -3.08786e-08
0.3304000E+01 -2.76312e-08
0.3306000E+01 -1.22949e-08
0.3308000E+01 -1.34521e-08
0.3310000E+01 -1.23132e-08
0.3312000E+01 -1.46926e-08
0.3314000E+01 -1.73589e-08
0.3316000E+01 -1.78697e-08
0.3318000E+01 -1.52205e-08
0.3320000E+01 -1.45895e-08
0.3322000E+01 -1.12601e-08
0.3324000E+01 -1.09551e-08
0.3326000E+01 -4.04635e-09
0.3328000E+01 -7.40792e-09
0.3330000E+01 -6.50416e-09
0.3332000E+01 -7.09376e-09
0.3334000E+01 -8.89803e-09
0.3336000E+01 -1.01331e-08
0.3338000E+01 -1.0974e-08
0.3340000E+01 -9.5012e-09
0.3342000E+01 -1.01927e-08
0.3344000E+01 -9.11885e-09
0.3346000E+01 -7.6262e-09
0.3348000E+01 -7.47558e-09
0.3350000E+01 -6.51457e-09
0.3352000E+01 -7.54922e-09
0.3354000E+01 -6.43354e-09
0.3356000E+01 -4.92977e-09
0.3358000E+01 -7.55678e-09
0.3360000E+01 -5.86946e-09
0.3362000E+01 -7.59507e-09
0.3364000E+01 -1.14622e-08
0.3366000E+01 -8.55543e-09
0.3368000E+01 -7.67887e-09
0.3370000E+01 -5.75344e-09
0.3372000E+01 -6.93354e-09
0.3374000E+01 -7.22968e-09
0.3376000E+01 -6.54382e-09
0.3378000E+01 -6.43278e-09
0.3380000E+01 -5.46896e-09
0.3382000E+01 -6.97896e-09
0.3384000E+01 -7.90544e-09
0.3386000E+01 -8.75529e-09
0.3388000E+01 -8.04787e-09
0.3390000E+01 -1.24043e-08
0.3392000E+01 -1.90239e-08
0.3394000E+01 -9.19826e-09
0.3396000E+01 -1.0008e-08
0.3398000E+01 -6.13927e-09
0.3400000E+01 -5.42767e-09
0.3402000E+01 -1.42174e-08
0.3404000E+01 -6.88545e-09
0.3406000E+01 -5.76625e-09
0.3408000E+01 -5.68661e-09
0.3410000E+01 -6.46767e-09
0.3412000E+01 -4.13469e-09
0.3414000E+01 -4.47832e-09
0.3416000E+01 -3.27801e-09
0.3418000E+01 -3.15322e-09
0.3420000E+01 -8.69926e-09
0.3422000E+01 -9.57442e-09
0.3424000E+01 -7.21784e-09
0.3426000E+01 -3.82293e-09
0.3428000E+01 -5.21724e-09
0.3430000E+01 1.33757e-09
0.3432000E+01 -3.92452e-09
0.3434000E+01 -4.47847e-09
0.3436000E+01 -7.48712e-09
0.3438000E+01 -1.04795e-08
0.3440000E+01 -4.84405e-09
0.3442000E+01 -5.81788e-09
0.3444000E+01 -5.64649e-09
0.3446000E+01 -4.7174e-09
0.3448000E+01 -4.33139e-09
0.3450000E+01 -3.89321e-09
0.3452000E+01 -1.10163e-08
0.3454000E+01 -6.36621e-09
0.3456000E+01 -4.0979e-09
0.3458000E+01 -3.95794e-09
0.3460000E+01 -3.40373e-09
0.3462000E+01 -4.80019e-09
0.3464000E+01 -3.70452e-09
0.3466000E+01 -1.35125e-08
0.3468000E+01 -9.08121e-09
0.3470000E+01 -7.09095e-09
0.3472000E+01 -5.77692e-09
0.3474000E+01 -6.28232e-09
0.3476000E+01 -4.91455e-09
0.3478000E+01 -8.80817e-09
0.3480000E+01 -1.2578e-08
0.3482000E+01 -7.45116e-09
0.3484000E+01 -6.73333e-09
0.3486000E+01 -4.36694e-09
0.3488000E+01 -5.58646e-09
0.3490000E+01 -9.2671e-09
0.3492000E+01 -1.73577e-08
0.3494000E+01 -6.72327e-09
0.3496000E+01 -8.14052e-09
0.3498000E+01 -9.17628e-09
0.3500000E+01 -4.56661e-09
0.3502000E+01 -1.46456e-08
0.3504000E+01 -1.24776e-08
0.3506000E+01 -6.23206e-09
0.3508000E+01 -2.03509e-09
0.3510000E+01 -1.05584e-08
0.3512000E+01 -1.91062e-08
0.3514000E+01 -2.49085e-09
0.3516000E+01 -6.21148e-09
0.3518000E+01 -1.09404e-08
0.3520000E+01 -5.79385e-09
0.3522000E+01 -1.97491e-09
0.3524000E+01 1.83522e-09
0.3526000E+01 7.74761e-10
0.3528000E+01 3.49729e-09
0.3530000E+01 3.38402e-09
0.3532000E+01 5.70211e-09
0.3534000E+01 6.71272e-09
0.3536000E+01 5.02843e-09
0.3538000E+01 8.08537e-09
0.3540000E+01 1.28583e-08
0.3542000E+01 1.11028e-08
0.3544000E+01 1.10815e-08
0.3546000E+01 1.92087e-08
0.3548000E+01 1.00108e-08
0.3550000E+01 1.07492e-08
0.3552000E+01 1.21078e-08
0.3554000E+01 1.8743e-08
0.3556000E+01 9.0346e-09
0.3558000E+01 7.52496e-09
0.3560000E+01 1.92129e-08
0.3562000E+01 1.63794e-08
0.3564000E+01 1.84078e-08
0.3566000E+01 1.19172e-08
0.3568000E+01 1.04677e-08
0.3570000E+01 1.18301e-08
0.3572000E+01 1.34713e-08
0.3574000E+01 3.27389e-08
0.3576000E+01 1.90271e-08
0.3578000E+01 1.54044e-08
0.3580000E+01 1.645e-08
0.3582000E+01 1.47472e-08
0.3584000E+01 1.3784e-08
0.3586000E+01 3.2073e-08
0.3588000E+01 2.82709e-08
0.3590000E+01 3.46595e-08
0.3592000E+01 1.6983e-08
0.3594000E+01 6.46416e-08
0.3596000E+01 1.92163e-08
0.3598000E+01 1.97741e-07
0.3600000E+01 -5.18426e-07
0.3602000E+01 -1.66714e-08
0.3604000E+01 -4.74277e-09
0.3606000E+01 8.94319e-10
0.3608000E+01 4.2538e-09
0.3610000E+01 4.12981e-09
0.3612000E+01 3.78827e-09
0.3614000E+01 1.01394e-08
0.3616000E+01 1.05978e-08
0.3618000E+01 6.33044e-09
0.3620000E+01 6.85468e-09
0.3622000E+01 1.40274e-08
0.3624000E+01 1.08576e-08
0.3626000E+01 6.07214e-09
0.3628000E+01 6.14348e-09
0.3630000E+01 3.00583e-09
0.3632000E+01 1.02511e-08
0.3634000E+01 8.9459e-09
0.3636000E+01 7.08701e-09
0.3638000E+01 3.46108e-09
0.3640000E+01 1.30527e-08
0.3642000E+01 1.73392e-08
0.3644000E+01 2.33494e-08
0.3646000E+01 1.08696e-08
0.3648000E+01 4.93079e-09
0.3650000E+01 6.29985e-09
0.3652000E+01 8.54686e-09
0.3654000E+01 1.10198e-08
0.3656000E+01 9.23588e-09
0.3658000E+01 9.15995e-09
0.3660000E+01 1.08337e-08
0.3662000E+01 1.09707e-08
0.3664000E+01 9.02623e-09
0.3666000E+01 9.52065e-09
0.3668000E+01 1.18354e-08
0.3670000E+01 3.7358e-08
0.3672000E+01 1.54172e-08
0.3674000E+01 1.246e-08
0.3676000E+01 1.09668e-08
0.3678000E+01 9.5933e-09
0.3680000E+01 1.23278e-08
0.3682000E+01 1.54221e-08
0.3684000E+01 1.54638e-08
0.3686000E+01 1.33277e-08
0.3688000E+01 1.04032e-08
0.3690000E+01 1.25691e-08
0.3692000E+01 1.1117e-08
0.3694000E+01 1.25657e-08
0.3696000E+01 1.20803e-08
0.3698000E+01 1.29456e-08
0.3700000E+01 1.49725e-08
0.3702000E+01 1.44197e-08
0.3704000E+01 1.02257e-08
0.3706000E+01 1.99851e-08
0.3708000E+01 2.12258e-08
0.3710000E+01 1.79559e-08
0.3712000E+01 1.97912e-08
0.3714000E+01 1.47128e-08
0.3716000E+01 1.36737e-08
0.3718000E+01 1.41588e-08
0.3720000E+01 1.35363e-08
0.3722000E+01 1.38523e-08
0.3724000E+01 1.33974e-08
0.3726000E+01 1.28521e-08
0.3728000E+01 1.33229e-08
0.3730000E+01 1.28884e-08
0.3732000E+01 1.72389e-08
0.3734000E+01 2.07481e-08
0.3736000E+01 1.83266e-08
0.3738000E+01 2.64093e-08
0.3740000E+01 1.93576e-08
0.3742000E+01 1.71828e-08
0.3744000E+01 1.66857e-08
0.3746000E+01 1.6876e-08
0.3748000E+01 1.60876e-08
0.3750000E+01 1.47521e-08
0.3752000E+01 1.41788e-08
0.3754000E+01 1.4387e-08
0.3756000E+01 2.03625e-08
0.3758000E+01 1.48152e-08
0.3760000E+01 1.53268e-08
0.3762000E+01 1.58945e-08
0.3764000E+01 1.55397e-08
0.3766000E+01 1.53941e-08
0.3768000E+01 2.84916e-08
0.3770000E+01 1.89457e-08
0.3772000E+01 1.80976e-08
0.3774000E+01 1.6469e-08
0.3776000E+01 1.71094e-08
0.3778000E+01 2.06973e-08
0.3780000E+01 2.01732e-08
0.3782000E+01 1.7674e-08
0.3784000E+01 1.37951e-08
0.3786000E+01 1.46719e-08
0.3788000E+01 1.42544e-08
0.3790000E+01 1.20828e-08
0.3792000E+01 1.21243e-08
0.3794000E+01 1.60196e-08
0.3796000E+01 2.24592e-08
0.3798000E+01 1.49039e-08
0.3800000E+01 1.74423e-08
0.3802000E+01 1.53849e-08
0.3804000E+01 1.53042e-08
0.3806000E+01 1.46286e-08
0.3808000E+01 1.58945e-08
0.3810000E+01 1.71111e-08
0.3812000E+01 1.74813e-08
0.3814000E+01 1.71617e-08
0.3816000E+01 1.33396e-08
0.3818000E+01 1.3602e-08
0.3820000E+01 3.24874e-08
0.3822000E+01 2.39564e-08
0.3824000E+01 1.86298e-08
0.3826000E+01 1.62856e-08
0.3828000E+01 1.12265e-08
0.3830000E+01 1.05921e-08
0.3832000E+01 1.27859e-08
0.3834000E+01 1.32555e-08
0.3836000E+01 1.56917e-08
0.3838000E+01 1.1142e-08
0.3840000E+01 1.14671e-08
0.3842000E+01 1.41164e-08
0.3844000E+01 2.97719e-08
0.3846000E+01 7.6496e-08
0.3848000E+01 6.60674e-08
0.3850000E+01 3.46245e-08
0.3852000E+01 1.20287e-08
0.3854000E+01 1.11946e-08
0.3856000E+01 1.10703e-08
0.3858000E+01 1.15399e-08
0.3860000E+01 9.04836e-09
0.3862000E+01 1.32637e-08
0.3864000E+01 2.39164e-08
0.3866000E+01 1.14027e-08
0.3868000E+01 1.3845e-08
0.3870000E+01 1.4497e-08
0.3872000E+01 1.06745e-08
0.3874000E+01 8.60315e-09
0.3876000E+01 8.57458e-09
0.3878000E+01 3.81359e-09
0.3880000E+01 4.54974e-09
0.3882000E+01 1.9953e-08
0.3884000E+01 1.26451e-08
0.3886000E+01 8.81189e-09
0.3888000E+01 8.20279e-09
0.3890000E+01 6.46154e-09
0.3892000E+01 5.26501e-09
0.3894000E+01 4.28912e-09
0.3896000E+01 2.76132e-09
0.3898000E+01 2.08004e-08
0.3900000E+01 8.85282e-09
0.3902000E+01 6.87516e-09
0.3904000E+01 4.51215e-09
0.3906000E+01 1.77225e-09
0.3908000E+01 6.07381e-10
0.3910000E+01 -2.21505e-09
0.3912000E+01 -9.55914e-10
0.3914000E+01 1.33947e-08
0.3916000E+01 1.19203e-10
0.3918000E+01 -2.53265e-09
0.3920000E+01 1.56791e-09
0.3922000E+01 -1.03556e-09
0.3924000E+01 -6.7754e-09
0.3926000E+01 -7.39869e-09
0.3928000E+01 1.62356e-08
0.3930000E+01 2.68897e-09
0.3932000E+01 -5.90664e-10
0.3934000E+01 -3.81204e-09
0.3936000E+01 -1.82065e-09
0.3938000E+01 -3.13622e-09
0.3940000E+01 2.81629e-08
0.3942000E+01 1.7133e-09
0.3944000E+01 3.85542e-09
0.3946000E+01 1.75251e-09
0.3948000E+01 -4.12398e-10
0.3950000E+01 -2.311e-09
0.3952000E+01 1.22456e-08
0.3954000E+01 -4.91613e-10
0.3956000E+01 -4.20222e-09
0.3958000E+01 -4.92906e-09
0.3960000E+01 -4.1591e-09
0.3962000E+01 1.33454e-08
0.3964000E+01 3.24373e-09
0.3966000E+01 4.09736e-09
0.3968000E+01 8.62151e-10
0.3970000E+01 1.33756e-08
0.3972000E+01 8.72462e-09
0.3974000E+01 7.12452e-09
0.3976000E+01 5.95125e-09
0.3978000E+01 -2.47446e-08
0.3980000E+01 -3.37609e-09
0.3982000E+01 -1.23091e-08
0.3984000E+01 8.96959e-11
0.3986000E+01 4.31705e-08
0.3988000E+01 9.74621e-09
0.3990000E+01 9.4278e-09
0.3992000E+01 -7.5195e-09
0.3994000E+01 -3.49162e-09
0.3996000E+01 -1.11187e-09
0.3998000E+01 1.62901e-08
0.4000000E+01 8.25565e-09
