0.0000000E+00 0
0.2000000E-02 0
0.4000000E-02 0
0.6000000E-02 0
0.8000000E-02 0
0.1000000E-01 0
0.1200000E-01 0
0.1400000E-01 0
0.1600000E-01 0
0.1800000E-01 0
0.2000000E-01 0
0.2200000E-01 0
0.2400000E-01 0
0.2600000E-01 0
0.2800000E-01 0
0.3000000E-01 0
0.3200000E-01 0
0.3400000E-01 0
0.3600000E-01 0
0.3800000E-01 0
0.4000000E-01 0
0.4200000E-01 0
0.4400000E-01 0
0.4600000E-01 0
0.4800000E-01 0
0.5000000E-01 0
0.5200000E-01 0
0.5400000E-01 0
0.5600000E-01 0
0.5800000E-01 0
0.6000000E-01 0
0.6200000E-01 0
0.6400000E-01 0
0.6600000E-01 0
0.6800000E-01 0
0.7000000E-01 0
0.7200000E-01 0
0.7400000E-01 0
0.7600000E-01 0
0.7800000E-01 0
0.8000000E-01 0
0.8200000E-01 0
0.8400000E-01 0
0.8600000E-01 -1.63651e-06
0.8800000E-01 -4.09338e-06
0.9000000E-01 -3.10314e-06
0.9200000E-01 -1.00328e-06
0.9400000E-01 -7.34712e-07
0.9600000E-01 -6.60052e-07
0.9800000E-01 -5.94072e-07
0.1000000E+00 -4.76279e-07
0.1020000E+00 -3.00585e-07
0.1040000E+00 -1.1393e-07
0.1060000E+00 6.63008e-08
0.1080000E+00 4.41085e-08
0.1100000E+00 -5.30735e-07
0.1120000E+00 -2.94846e-07
0.1140000E+00 4.60977e-08
0.1160000E+00 4.09168e-07
0.1180000E+00 3.26732e-07
0.1200000E+00 1.37287e-06
0.1220000E+00 6.09804e-07
0.1240000E+00 -7.85987e-07
0.1260000E+00 -8.21669e-07
0.1280000E+00 -3.7326e-07
0.1300000E+00 -2.65488e-07
0.1320000E+00 -2.22812e-07
0.1340000E+00 -9.50778e-08
0.1360000E+00 1.47319e-07
0.1380000E+00 1.73299e-07
0.1400000E+00 1.61473e-07
0.1420000E+00 1.44712e-07
0.1440000E+00 7.13787e-08
0.1460000E+00 5.5962e-08
0.1480000E+00 1.07775e-07
0.1500000E+00 1.57192e-07
0.1520000E+00 1.56796e-07
0.1540000E+00 1.53106e-07
0.1560000E+00 1.18239e-07
0.1580000E+00 7.89878e-08
0.1600000E+00 6.03581e-08
0.1620000E+00 3.87922e-08
0.1640000E+00 3.90316e-07
0.1660000E+00 6.71173e-07
0.1680000E+00 4.84798e-07
0.1700000E+00 6.77789e-07
0.1720000E+00 8.60563e-07
0.1740000E+00 1.03378e-06
0.1760000E+00 -2.61062e-07
0.1780000E+00 -4.27132e-08
0.1800000E+00 -6.98826e-09
0.1820000E+00 -7.09154e-09
0.1840000E+00 -5.60337e-09
0.1860000E+00 -4.62791e-09
0.1880000E+00 1.08353e-08
0.1900000E+00 2.69617e-08
0.1920000E+00 8.64948e-08
0.1940000E+00 4.28497e-07
0.1960000E+00 3.75715e-07
0.1980000E+00 3.26231e-07
0.2000000E+00 2.74155e-07
0.2020000E+00 2.19363e-07
0.2040000E+00 1.61721e-07
0.2060000E+00 1.0108e-07
0.2080000E+00 3.78422e-08
0.2100000E+00 9.76823e-08
0.2120000E+00 2.24747e-07
0.2140000E+00 2.54017e-07
0.2160000E+00 2.58517e-07
0.2180000E+00 2.50439e-07
0.2200000E+00 2.75445e-07
0.2220000E+00 3.16557e-07
0.2240000E+00 4.67775e-07
0.2260000E+00 5.67634e-07
0.2280000E+00 6.63682e-07
0.2300000E+00 4.8113e-07
0.2320000E+00 -1.4131e-07
0.2340000E+00 -7.88074e-08
0.2360000E+00 -6.60528e-08
0.2380000E+00 -3.01857e-08
0.2400000E+00 1.17429e-08
0.2420000E+00 9.26923e-09
0.2440000E+00 8.6293e-09
0.2460000E+00 2.13626e-09
0.2480000E+00 -5.30068e-09
0.2500000E+00 1.11958e-07
0.2520000E+00 3.75098e-07
0.2540000E+00 3.24215e-07
0.2560000E+00 2.68016e-07
0.2580000E+00 2.04937e-07
0.2600000E+00 1.39121e-07
0.2620000E+00 2.18363e-07
0.2640000E+00 2.00123e-07
0.2660000E+00 1.83856e-07
0.2680000E+00 1.97197e-07
0.2700000E+00 2.32508e-07
0.2720000E+00 2.47318e-07
0.2740000E+00 2.57572e-07
0.2760000E+00 2.71908e-07
0.2780000E+00 2.88937e-07
0.2800000E+00 4.93366e-07
0.2820000E+00 3.48859e-07
0.2840000E+00 -6.32731e-08
0.2860000E+00 4.02669e-08
0.2880000E+00 4.0683e-08
0.2900000E+00 5.67067e-09
0.2920000E+00 1.74618e-09
0.2940000E+00 -1.28595e-09
0.2960000E+00 -4.18348e-09
0.2980000E+00 -7.17651e-09
0.3000000E+00 -8.71217e-09
0.3020000E+00 1.2084e-09
0.3040000E+00 3.21036e-09
0.3060000E+00 3.19828e-07
0.3080000E+00 2.82266e-07
0.3100000E+00 2.43371e-07
0.3120000E+00 2.051e-07
0.3140000E+00 2.70186e-07
0.3160000E+00 2.95486e-07
0.3180000E+00 2.69913e-07
0.3200000E+00 2.45454e-07
0.3220000E+00 2.37557e-07
0.3240000E+00 2.50361e-07
0.3260000E+00 2.63408e-07
0.3280000E+00 2.76956e-07
0.3300000E+00 1.55687e-07
0.3320000E+00 -5.45473e-07
0.3340000E+00 -4.24692e-08
0.3360000E+00 4.72233e-07
0.3380000E+00 1.51507e-07
0.3400000E+00 1.73739e-08
0.3420000E+00 1.93455e-08
0.3440000E+00 2.11673e-08
0.3460000E+00 3.14018e-08
0.3480000E+00 4.33119e-08
0.3500000E+00 3.72605e-08
0.3520000E+00 3.5409e-08
0.3540000E+00 3.36342e-08
0.3560000E+00 2.1813e-07
0.3580000E+00 2.67444e-07
0.3600000E+00 3.34582e-07
0.3620000E+00 2.76575e-07
0.3640000E+00 2.45061e-07
0.3660000E+00 2.71385e-07
0.3680000E+00 3.2245e-07
0.3700000E+00 2.90499e-07
0.3720000E+00 2.88823e-07
0.3740000E+00 1.87138e-07
0.3760000E+00 -6.47167e-07
0.3780000E+00 -1.59938e-07
0.3800000E+00 -1.56873e-07
0.3820000E+00 -1.50164e-07
0.3840000E+00 1.22348e-06
0.3860000E+00 2.77024e-08
0.3880000E+00 6.19276e-08
0.3900000E+00 6.43444e-08
0.3920000E+00 6.71415e-08
0.3940000E+00 6.96363e-08
0.3960000E+00 7.12445e-08
0.3980000E+00 7.4479e-08
0.4000000E+00 7.84084e-08
0.4020000E+00 1.15298e-07
0.4040000E+00 3.42572e-07
0.4060000E+00 3.55244e-07
0.4080000E+00 3.64179e-07
0.4100000E+00 3.73491e-07
0.4120000E+00 3.75113e-07
0.4140000E+00 -1.69898e-07
0.4160000E+00 -1.59866e-07
0.4180000E+00 -1.58579e-07
0.4200000E+00 -9.65617e-08
0.4220000E+00 -1.25563e-07
0.4240000E+00 -6.68911e-08
0.4260000E+00 2.52654e-07
0.4280000E+00 3.24355e-07
0.4300000E+00 2.40863e-07
0.4320000E+00 1.55161e-07
0.4340000E+00 9.80893e-08
0.4360000E+00 1.0642e-07
0.4380000E+00 1.15056e-07
0.4400000E+00 1.32374e-07
0.4420000E+00 1.41964e-07
0.4440000E+00 1.48603e-07
0.4460000E+00 1.91103e-07
0.4480000E+00 5.51279e-07
0.4500000E+00 -1.41024e-07
0.4520000E+00 -7.13639e-08
0.4540000E+00 -1.20826e-07
0.4560000E+00 -6.11294e-08
0.4580000E+00 -2.8985e-08
0.4600000E+00 -2.78828e-08
0.4620000E+00 -2.49441e-08
0.4640000E+00 -5.13325e-09
0.4660000E+00 2.10367e-07
0.4680000E+00 1.90466e-07
0.4700000E+00 2.55814e-07
0.4720000E+00 2.31943e-07
0.4740000E+00 2.20877e-07
0.4760000E+00 2.15527e-07
0.4780000E+00 2.14263e-07
0.4800000E+00 1.73456e-08
0.4820000E+00 -4.50624e-07
0.4840000E+00 -3.97429e-07
0.4860000E+00 8.72348e-07
0.4880000E+00 8.71325e-09
0.4900000E+00 4.07027e-08
0.4920000E+00 4.82606e-08
0.4940000E+00 4.77864e-08
0.4960000E+00 4.3776e-08
0.4980000E+00 7.45266e-08
0.5000000E+00 1.9987e-07
0.5020000E+00 3.04492e-07
0.5040000E+00 3.26896e-07
0.5060000E+00 3.50618e-07
0.5080000E+00 7.44594e-08
0.5100000E+00 -4.88026e-07
0.5120000E+00 -1.81221e-07
0.5140000E+00 -1.72846e-07
0.5160000E+00 1.66643e-07
0.5180000E+00 1.81684e-07
0.5200000E+00 1.48753e-07
0.5220000E+00 1.43026e-07
0.5240000E+00 1.05718e-07
0.5260000E+00 1.09436e-07
0.5280000E+00 1.27016e-07
0.5300000E+00 1.46451e-07
0.5320000E+00 4.09187e-07
0.5340000E+00 -1.0702e-07
0.5360000E+00 -1.05073e-07
0.5380000E+00 -1.01161e-07
0.5400000E+00 -8.65691e-08
0.5420000E+00 -8.07983e-09
0.5440000E+00 2.24019e-07
0.5460000E+00 2.24962e-07
0.5480000E+00 2.26083e-07
0.5500000E+00 2.30358e-07
0.5520000E+00 2.33312e-07
0.5540000E+00 -5.72126e-07
0.5560000E+00 -9.09954e-08
0.5580000E+00 8.60732e-08
0.5600000E+00 9.5134e-08
0.5620000E+00 7.59287e-09
0.5640000E+00 3.04422e-08
0.5660000E+00 5.53338e-08
0.5680000E+00 3.98522e-07
0.5700000E+00 6.90292e-07
0.5720000E+00 -4.43858e-07
0.5740000E+00 -3.01933e-07
0.5760000E+00 1.30984e-07
0.5780000E+00 1.69259e-07
0.5800000E+00 1.45399e-07
0.5820000E+00 1.3095e-07
0.5840000E+00 1.16086e-07
0.5860000E+00 -2.03837e-07
0.5880000E+00 7.69962e-08
0.5900000E+00 -1.09695e-07
0.5920000E+00 -5.3362e-08
0.5940000E+00 2.54172e-07
0.5960000E+00 4.01046e-07
0.5980000E+00 -1.11501e-06
0.6000000E+00 6.17652e-08
0.6020000E+00 -4.23325e-09
0.6040000E+00 -5.89433e-08
0.6060000E+00 -2.46231e-08
0.6080000E+00 -5.50326e-07
0.6100000E+00 -4.83797e-08
0.6120000E+00 1.33894e-07
0.6140000E+00 9.91605e-08
0.6160000E+00 -4.1456e-07
0.6180000E+00 -2.47775e-07
0.6200000E+00 8.71078e-08
0.6220000E+00 -1.38757e-07
0.6240000E+00 -7.79856e-07
0.6260000E+00 -3.4809e-07
0.6280000E+00 -1.10101e-06
0.6300000E+00 1.17205e-07
0.6320000E+00 2.01637e-06
0.6340000E+00 -9.27443e-07
0.6360000E+00 9.01166e-07
0.6380000E+00 -2.96705e-07
0.6400000E+00 -5.89937e-08
0.6420000E+00 -4.86041e-07
0.6440000E+00 7.97687e-08
0.6460000E+00 -2.11385e-07
0.6480000E+00 -9.79076e-08
0.6500000E+00 -1.91333e-07
0.6520000E+00 -2.21068e-07
0.6540000E+00 3.19458e-07
0.6560000E+00 -1.23038e-07
0.6580000E+00 2.63257e-07
0.6600000E+00 7.98637e-08
0.6620000E+00 -8.07478e-08
0.6640000E+00 -9.98665e-08
0.6660000E+00 2.2372e-08
0.6680000E+00 2.80504e-07
0.6700000E+00 -1.07781e-07
0.6720000E+00 1.78162e-07
0.6740000E+00 7.30758e-08
0.6760000E+00 7.34101e-08
0.6780000E+00 1.61659e-08
0.6800000E+00 -3.6026e-08
0.6820000E+00 -4.44715e-08
0.6840000E+00 1.4745e-07
0.6860000E+00 9.38154e-08
0.6880000E+00 9.21683e-08
0.6900000E+00 4.71514e-08
0.6920000E+00 1.31695e-08
0.6940000E+00 3.26113e-08
0.6960000E+00 5.10447e-08
0.6980000E+00 7.12424e-08
0.7000000E+00 5.24352e-08
0.7020000E+00 3.17269e-08
0.7040000E+00 3.5628e-08
0.7060000E+00 1.40319e-07
0.7080000E+00 1.00459e-07
0.7100000E+00 8.01311e-08
0.7120000E+00 4.90987e-08
0.7140000E+00 5.52212e-08
0.7160000E+00 5.93089e-08
0.7180000E+00 1.98433e-08
0.7200000E+00 3.18468e-08
0.7220000E+00 3.10972e-08
0.7240000E+00 3.17725e-08
0.7260000E+00 3.61646e-08
0.7280000E+00 3.65201e-08
0.7300000E+00 1.19599e-07
0.7320000E+00 8.71279e-08
0.7340000E+00 8.18494e-08
0.7360000E+00 8.71632e-08
0.7380000E+00 -9.97208e-09
0.7400000E+00 6.49901e-08
0.7420000E+00 5.96181e-08
0.7440000E+00 5.80322e-08
0.7460000E+00 5.74064e-08
0.7480000E+00 5.46051e-08
0.7500000E+00 5.02055e-08
0.7520000E+00 5.21881e-08
0.7540000E+00 5.0147e-08
0.7560000E+00 5.28738e-08
0.7580000E+00 8.75113e-08
0.7600000E+00 9.96968e-08
0.7620000E+00 8.36914e-08
0.7640000E+00 7.79297e-08
0.7660000E+00 7.89899e-08
0.7680000E+00 1.132e-09
0.7700000E+00 3.61917e-08
0.7720000E+00 3.93377e-08
0.7740000E+00 4.01205e-08
0.7760000E+00 6.26997e-08
0.7780000E+00 8.39974e-08
0.7800000E+00 6.9747e-08
0.7820000E+00 6.21311e-08
0.7840000E+00 6.20583e-08
0.7860000E+00 6.26266e-08
0.7880000E+00 6.08015e-08
0.7900000E+00 9.01863e-08
0.7920000E+00 1.01002e-07
0.7940000E+00 8.62373e-08
0.7960000E+00 7.96561e-08
0.7980000E+00 7.72508e-08
0.8000000E+00 7.52627e-08
0.8020000E+00 1.44566e-08
0.8040000E+00 1.61895e-08
0.8060000E+00 4.35282e-08
0.8080000E+00 4.34228e-08
0.8100000E+00 4.20766e-08
0.8120000E+00 4.43446e-08
0.8140000E+00 7.18659e-08
0.8160000E+00 9.56126e-08
0.8180000E+00 9.18627e-08
0.8200000E+00 7.2988e-08
0.8220000E+00 7.30452e-08
0.8240000E+00 7.29402e-08
0.8260000E+00 1.08529e-07
0.8280000E+00 8.25033e-08
0.8300000E+00 7.89989e-08
0.8320000E+00 7.29012e-08
0.8340000E+00 7.10692e-08
0.8360000E+00 7.4689e-08
0.8380000E+00 8.29173e-08
0.8400000E+00 3.60227e-09
0.8420000E+00 3.56465e-08
0.8440000E+00 4.603e-08
0.8460000E+00 4.43231e-08
0.8480000E+00 4.91942e-08
0.8500000E+00 4.87068e-08
0.8520000E+00 6.0709e-08
0.8540000E+00 8.33924e-08
0.8560000E+00 9.35867e-08
0.8580000E+00 9.0746e-08
0.8600000E+00 7.9715e-08
0.8620000E+00 8.15937e-08
0.8640000E+00 9.97698e-08
0.8660000E+00 8.2552e-08
0.8680000E+00 7.98325e-08
0.8700000E+00 7.90346e-08
0.8720000E+00 7.79183e-08
0.8740000E+00 7.58735e-08
0.8760000E+00 7.41312e-08
0.8780000E+00 7.35377e-08
0.8800000E+00 7.2229e-08
0.8820000E+00 3.36122e-08
0.8840000E+00 3.63185e-08
0.8860000E+00 4.27275e-08
0.8880000E+00 4.68317e-08
0.8900000E+00 6.36667e-08
0.8920000E+00 1.11064e-07
0.8940000E+00 1.2086e-07
0.8960000E+00 7.04538e-08
0.8980000E+00 6.95862e-08
0.9000000E+00 7.57247e-08
0.9020000E+00 8.05835e-08
0.9040000E+00 8.80957e-08
0.9060000E+00 7.77737e-08
0.9080000E+00 7.10354e-08
0.9100000E+00 6.86841e-08
0.9120000E+00 6.75485e-08
0.9140000E+00 6.61147e-08
0.9160000E+00 6.46656e-08
0.9180000E+00 1.08258e-07
0.9200000E+00 7.37834e-08
0.9220000E+00 7.34873e-08
0.9240000E+00 7.27476e-08
0.9260000E+00 4.5816e-08
0.9280000E+00 6.89218e-08
0.9300000E+00 1.06063e-07
0.9320000E+00 1.05327e-07
0.9340000E+00 8.99444e-08
0.9360000E+00 7.68232e-08
0.9380000E+00 7.0415e-08
0.9400000E+00 6.88671e-08
0.9420000E+00 6.80248e-08
0.9440000E+00 6.70732e-08
0.9460000E+00 7.62787e-08
0.9480000E+00 9.12152e-08
0.9500000E+00 8.77561e-08
0.9520000E+00 8.33789e-08
0.9540000E+00 7.18725e-08
0.9560000E+00 5.92555e-08
0.9580000E+00 5.43851e-08
0.9600000E+00 5.83318e-08
0.9620000E+00 5.8771e-08
0.9640000E+00 7.05833e-08
0.9660000E+00 1.11327e-07
0.9680000E+00 1.30219e-07
0.9700000E+00 1.04942e-07
0.9720000E+00 5.06495e-08
0.9740000E+00 7.01967e-08
0.9760000E+00 7.0803e-08
0.9780000E+00 6.92461e-08
0.9800000E+00 1.01454e-07
0.9820000E+00 7.67325e-08
0.9840000E+00 7.53128e-08
0.9860000E+00 7.32477e-08
0.9880000E+00 7.05092e-08
0.9900000E+00 7.4062e-08
0.9920000E+00 6.9494e-08
0.9940000E+00 6.71114e-08
0.9960000E+00 6.5185e-08
0.9980000E+00 6.29409e-08
0.1000000E+01 6.03263e-08
0.1002000E+01 1.14151e-07
0.1004000E+01 1.43855e-07
0.1006000E+01 1.15782e-07
0.1008000E+01 9.72534e-08
0.1010000E+01 1.06473e-07
0.1012000E+01 1.18208e-07
0.1014000E+01 9.22667e-08
0.1016000E+01 8.08188e-08
0.1018000E+01 7.9185e-08
0.1020000E+01 4.82492e-08
0.1022000E+01 5.6866e-08
0.1024000E+01 6.12132e-08
0.1026000E+01 6.33959e-08
0.1028000E+01 6.18509e-08
0.1030000E+01 6.04431e-08
0.1032000E+01 5.9869e-08
0.1034000E+01 5.87509e-08
0.1036000E+01 7.09635e-08
0.1038000E+01 1.12119e-07
0.1040000E+01 1.44595e-07
0.1042000E+01 1.30839e-07
0.1044000E+01 1.26397e-07
0.1046000E+01 1.16209e-07
0.1048000E+01 9.61757e-08
0.1050000E+01 9.43908e-08
0.1052000E+01 9.10724e-08
0.1054000E+01 8.90414e-08
0.1056000E+01 8.77727e-08
0.1058000E+01 8.56299e-08
0.1060000E+01 8.07287e-08
0.1062000E+01 7.71424e-08
0.1064000E+01 7.32617e-08
0.1066000E+01 6.94286e-08
0.1068000E+01 6.70352e-08
0.1070000E+01 4.02705e-08
0.1072000E+01 6.51668e-08
0.1074000E+01 1.38243e-07
0.1076000E+01 1.62337e-07
0.1078000E+01 1.1379e-07
0.1080000E+01 1.27476e-07
0.1082000E+01 1.11858e-07
0.1084000E+01 1.12941e-07
0.1086000E+01 1.02659e-07
0.1088000E+01 8.76717e-08
0.1090000E+01 8.12126e-08
0.1092000E+01 7.77967e-08
0.1094000E+01 7.63239e-08
0.1096000E+01 7.43387e-08
0.1098000E+01 7.24683e-08
0.1100000E+01 7.11849e-08
0.1102000E+01 6.96588e-08
0.1104000E+01 6.73827e-08
0.1106000E+01 8.70459e-08
0.1108000E+01 1.28396e-07
0.1110000E+01 1.54661e-07
0.1112000E+01 1.3826e-07
0.1114000E+01 1.33833e-07
0.1116000E+01 1.17889e-07
0.1118000E+01 1.03285e-07
0.1120000E+01 9.76091e-08
0.1122000E+01 8.66755e-08
0.1124000E+01 8.8751e-08
0.1126000E+01 8.03021e-08
0.1128000E+01 7.47465e-08
0.1130000E+01 7.31671e-08
0.1132000E+01 6.77752e-08
0.1134000E+01 6.68563e-08
0.1136000E+01 6.50464e-08
0.1138000E+01 6.31299e-08
0.1140000E+01 6.1643e-08
0.1142000E+01 1.64637e-07
0.1144000E+01 1.93347e-07
0.1146000E+01 1.23427e-07
0.1148000E+01 1.20661e-07
0.1150000E+01 1.46537e-07
0.1152000E+01 1.26978e-07
0.1154000E+01 1.17116e-07
0.1156000E+01 1.02214e-07
0.1158000E+01 9.44765e-08
0.1160000E+01 8.86256e-08
0.1162000E+01 8.53836e-08
0.1164000E+01 8.32425e-08
0.1166000E+01 8.15779e-08
0.1168000E+01 7.98664e-08
0.1170000E+01 7.81729e-08
0.1172000E+01 7.64762e-08
0.1174000E+01 1.07999e-07
0.1176000E+01 1.64034e-07
0.1178000E+01 1.90763e-07
0.1180000E+01 1.53902e-07
0.1182000E+01 1.0879e-07
0.1184000E+01 9.61881e-08
0.1186000E+01 9.96016e-08
0.1188000E+01 1.22716e-07
0.1190000E+01 1.21282e-07
0.1192000E+01 1.03813e-07
0.1194000E+01 9.92344e-08
0.1196000E+01 9.44e-08
0.1198000E+01 8.94554e-08
0.1200000E+01 8.40014e-08
0.1202000E+01 7.91423e-08
0.1204000E+01 6.99777e-08
0.1206000E+01 6.63487e-08
0.1208000E+01 1.75466e-07
0.1210000E+01 2.07898e-07
0.1212000E+01 1.34894e-07
0.1214000E+01 1.33141e-07
0.1216000E+01 1.31038e-07
0.1218000E+01 1.21954e-07
0.1220000E+01 1.09378e-07
0.1222000E+01 9.64662e-08
0.1224000E+01 8.77871e-08
0.1226000E+01 1.17135e-07
0.1228000E+01 9.64345e-08
0.1230000E+01 9.3904e-08
0.1232000E+01 9.16814e-08
0.1234000E+01 8.32882e-08
0.1236000E+01 7.53929e-08
0.1238000E+01 8.40994e-08
0.1240000E+01 1.42056e-07
0.1242000E+01 2.02281e-07
0.1244000E+01 1.80961e-07
0.1246000E+01 1.39756e-07
0.1248000E+01 1.12406e-07
0.1250000E+01 1.07982e-07
0.1252000E+01 1.05153e-07
0.1254000E+01 9.58266e-08
0.1256000E+01 8.88783e-08
0.1258000E+01 9.06105e-08
0.1260000E+01 8.70241e-08
0.1262000E+01 8.09829e-08
0.1264000E+01 9.35841e-08
0.1266000E+01 9.5906e-08
0.1268000E+01 8.54703e-08
0.1270000E+01 7.7404e-08
0.1272000E+01 2.12972e-07
0.1274000E+01 2.51986e-07
0.1276000E+01 1.60893e-07
0.1278000E+01 1.58143e-07
0.1280000E+01 1.56155e-07
0.1282000E+01 1.44505e-07
0.1284000E+01 1.23614e-07
0.1286000E+01 1.07009e-07
0.1288000E+01 9.91114e-08
0.1290000E+01 9.57077e-08
0.1292000E+01 9.24887e-08
0.1294000E+01 9.10129e-08
0.1296000E+01 8.86308e-08
0.1298000E+01 8.62961e-08
0.1300000E+01 7.24021e-08
0.1302000E+01 1.24301e-07
0.1304000E+01 2.31664e-07
0.1306000E+01 2.47789e-07
0.1308000E+01 1.85529e-07
0.1310000E+01 1.26512e-07
0.1312000E+01 1.20905e-07
0.1314000E+01 1.17966e-07
0.1316000E+01 1.14005e-07
0.1318000E+01 1.10897e-07
0.1320000E+01 1.08355e-07
0.1322000E+01 9.92112e-08
0.1324000E+01 8.79297e-08
0.1326000E+01 8.07627e-08
0.1328000E+01 7.75942e-08
0.1330000E+01 7.43628e-08
0.1332000E+01 1.22162e-07
0.1334000E+01 1.9866e-07
0.1336000E+01 2.42438e-07
0.1338000E+01 1.56909e-07
0.1340000E+01 1.54628e-07
0.1342000E+01 1.24302e-07
0.1344000E+01 1.3086e-07
0.1346000E+01 1.09954e-07
0.1348000E+01 1.03435e-07
0.1350000E+01 9.93518e-08
0.1352000E+01 9.28241e-08
0.1354000E+01 9.00934e-08
0.1356000E+01 8.7512e-08
0.1358000E+01 8.56519e-08
0.1360000E+01 8.3383e-08
0.1362000E+01 1.52064e-07
0.1364000E+01 2.57564e-07
0.1366000E+01 2.58407e-07
0.1368000E+01 1.86089e-07
0.1370000E+01 1.54366e-07
0.1372000E+01 1.37259e-07
0.1374000E+01 1.35075e-07
0.1376000E+01 1.27554e-07
0.1378000E+01 8.53353e-08
0.1380000E+01 5.55605e-08
0.1382000E+01 6.96536e-08
0.1384000E+01 8.14408e-08
0.1386000E+01 8.39428e-08
0.1388000E+01 7.24238e-08
0.1390000E+01 8.31591e-08
0.1392000E+01 1.94353e-07
0.1394000E+01 2.60356e-07
0.1396000E+01 1.97396e-07
0.1398000E+01 1.61476e-07
0.1400000E+01 1.42458e-07
0.1402000E+01 1.31017e-07
0.1404000E+01 1.26707e-07
0.1406000E+01 1.14802e-07
0.1408000E+01 1.02831e-07
0.1410000E+01 9.86539e-08
0.1412000E+01 6.09679e-08
0.1414000E+01 4.71836e-08
0.1416000E+01 6.3394e-08
0.1418000E+01 5.81077e-08
0.1420000E+01 2.04526e-07
0.1422000E+01 2.57363e-07
0.1424000E+01 1.74324e-07
0.1426000E+01 1.8907e-07
0.1428000E+01 1.63991e-07
0.1430000E+01 1.41412e-07
0.1432000E+01 9.03121e-08
0.1434000E+01 6.82486e-08
0.1436000E+01 8.15688e-08
0.1438000E+01 8.2431e-08
0.1440000E+01 7.28905e-08
0.1442000E+01 2.28031e-08
0.1444000E+01 3.22395e-08
0.1446000E+01 6.04074e-08
0.1448000E+01 1.56561e-07
0.1450000E+01 2.53103e-07
0.1452000E+01 1.95893e-07
0.1454000E+01 1.29059e-07
0.1456000E+01 1.12555e-07
0.1458000E+01 1.09703e-07
0.1460000E+01 1.09353e-07
0.1462000E+01 1.08618e-07
0.1464000E+01 1.04805e-07
0.1466000E+01 1.09556e-07
0.1468000E+01 3.66286e-08
0.1470000E+01 4.13328e-08
0.1472000E+01 4.63057e-08
0.1474000E+01 1.05776e-07
0.1476000E+01 2.07596e-07
0.1478000E+01 1.93491e-07
0.1480000E+01 1.00192e-07
0.1482000E+01 1.00334e-07
0.1484000E+01 9.84676e-08
0.1486000E+01 9.21552e-08
0.1488000E+01 8.19163e-08
0.1490000E+01 3.47189e-08
0.1492000E+01 -1.12775e-09
0.1494000E+01 1.76489e-08
0.1496000E+01 3.24315e-08
0.1498000E+01 4.60124e-08
0.1500000E+01 4.22025e-08
0.1502000E+01 1.91761e-07
0.1504000E+01 2.52624e-07
0.1506000E+01 1.6294e-07
0.1508000E+01 1.77361e-07
0.1510000E+01 1.50834e-07
0.1512000E+01 5.70786e-08
0.1514000E+01 1.52889e-08
0.1516000E+01 5.44284e-08
0.1518000E+01 6.08446e-08
0.1520000E+01 2.69597e-08
0.1522000E+01 -6.35291e-10
0.1524000E+01 1.41719e-08
0.1526000E+01 2.83614e-08
0.1528000E+01 1.3563e-07
0.1530000E+01 2.02352e-07
0.1532000E+01 7.05534e-08
0.1534000E+01 3.93166e-08
0.1536000E+01 4.9311e-08
0.1538000E+01 5.08862e-08
0.1540000E+01 5.92614e-08
0.1542000E+01 6.26393e-08
0.1544000E+01 6.01854e-08
0.1546000E+01 5.39641e-08
0.1548000E+01 7.03598e-08
0.1550000E+01 -1.86223e-09
0.1552000E+01 3.75857e-08
0.1554000E+01 1.50144e-07
0.1556000E+01 2.08572e-07
0.1558000E+01 1.17389e-07
0.1560000E+01 5.39836e-08
0.1562000E+01 5.90346e-08
0.1564000E+01 7.53242e-08
0.1566000E+01 2.34413e-08
0.1568000E+01 -8.45261e-09
0.1570000E+01 2.7033e-08
0.1572000E+01 3.09169e-08
0.1574000E+01 3.19218e-08
0.1576000E+01 3.70182e-08
0.1578000E+01 1.47815e-07
0.1580000E+01 2.08309e-07
0.1582000E+01 1.30848e-07
0.1584000E+01 8.43935e-08
0.1586000E+01 1.02035e-07
0.1588000E+01 1.13342e-07
0.1590000E+01 1.01113e-07
0.1592000E+01 8.92486e-08
0.1594000E+01 4.45269e-08
0.1596000E+01 2.18596e-08
0.1598000E+01 2.87414e-08
0.1600000E+01 2.48245e-08
0.1602000E+01 9.96832e-08
0.1604000E+01 1.09067e-07
0.1606000E+01 1.00296e-07
0.1608000E+01 1.47992e-07
0.1610000E+01 1.49727e-07
0.1612000E+01 1.50637e-07
0.1614000E+01 1.1672e-07
0.1616000E+01 1.16153e-07
0.1618000E+01 1.19142e-07
0.1620000E+01 1.19416e-07
0.1622000E+01 1.21136e-07
0.1624000E+01 1.13436e-07
0.1626000E+01 -1.40393e-08
0.1628000E+01 2.08501e-07
0.1630000E+01 2.08106e-07
0.1632000E+01 1.55884e-07
0.1634000E+01 1.51735e-07
0.1636000E+01 1.53495e-07
0.1638000E+01 1.33435e-07
0.1640000E+01 1.31458e-07
0.1642000E+01 9.197e-08
0.1644000E+01 8.0363e-08
0.1646000E+01 1.421e-07
0.1648000E+01 1.39776e-07
0.1650000E+01 2.29126e-07
0.1652000E+01 3.15048e-07
0.1654000E+01 2.68965e-07
0.1656000E+01 1.88253e-07
0.1658000E+01 1.43688e-07
0.1660000E+01 1.51367e-07
0.1662000E+01 1.31504e-07
0.1664000E+01 1.1484e-07
0.1666000E+01 1.02716e-07
0.1668000E+01 1.54472e-07
0.1670000E+01 1.52567e-07
0.1672000E+01 2.06313e-07
0.1674000E+01 3.07776e-07
0.1676000E+01 3.09247e-07
0.1678000E+01 2.45242e-07
0.1680000E+01 2.4415e-07
0.1682000E+01 2.46015e-07
0.1684000E+01 2.03191e-07
0.1686000E+01 1.61329e-07
0.1688000E+01 1.56509e-07
0.1690000E+01 1.3969e-07
0.1692000E+01 1.15826e-07
0.1694000E+01 1.92049e-07
0.1696000E+01 3.15169e-07
0.1698000E+01 3.27973e-07
0.1700000E+01 2.65786e-07
0.1702000E+01 2.51572e-07
0.1704000E+01 2.42779e-07
0.1706000E+01 2.40574e-07
0.1708000E+01 2.32869e-07
0.1710000E+01 2.22421e-07
0.1712000E+01 1.782e-07
0.1714000E+01 1.49218e-07
0.1716000E+01 2.16375e-07
0.1718000E+01 3.08241e-07
0.1720000E+01 2.83371e-07
0.1722000E+01 2.3517e-07
0.1724000E+01 2.2749e-07
0.1726000E+01 2.49413e-07
0.1728000E+01 2.32122e-07
0.1730000E+01 2.27925e-07
0.1732000E+01 2.31946e-07
0.1734000E+01 2.43463e-07
0.1736000E+01 2.09518e-07
0.1738000E+01 2.9337e-07
0.1740000E+01 3.36796e-07
0.1742000E+01 2.72094e-07
0.1744000E+01 2.74497e-07
0.1746000E+01 3.04923e-07
0.1748000E+01 2.3955e-07
0.1750000E+01 2.26608e-07
0.1752000E+01 2.22233e-07
0.1754000E+01 2.1773e-07
0.1756000E+01 2.13958e-07
0.1758000E+01 2.36252e-07
0.1760000E+01 3.18553e-07
0.1762000E+01 2.65699e-07
0.1764000E+01 2.65222e-07
0.1766000E+01 2.51983e-07
0.1768000E+01 2.41564e-07
0.1770000E+01 2.36819e-07
0.1772000E+01 2.42217e-07
0.1774000E+01 2.37185e-07
0.1776000E+01 2.28956e-07
0.1778000E+01 3.27958e-07
0.1780000E+01 4.33101e-07
0.1782000E+01 3.75634e-07
0.1784000E+01 3.28758e-07
0.1786000E+01 2.78844e-07
0.1788000E+01 2.64679e-07
0.1790000E+01 2.51418e-07
0.1792000E+01 2.43885e-07
0.1794000E+01 2.31024e-07
0.1796000E+01 2.08173e-07
0.1798000E+01 3.38936e-07
0.1800000E+01 3.93815e-07
0.1802000E+01 3.29718e-07
0.1804000E+01 2.96252e-07
0.1806000E+01 2.74745e-07
0.1808000E+01 2.79294e-07
0.1810000E+01 2.8124e-07
0.1812000E+01 3.03679e-07
0.1814000E+01 2.86696e-07
0.1816000E+01 3.14271e-07
0.1818000E+01 3.89517e-07
0.1820000E+01 3.67855e-07
0.1822000E+01 3.30617e-07
0.1824000E+01 3.25653e-07
0.1826000E+01 3.33399e-07
0.1828000E+01 3.21718e-07
0.1830000E+01 2.94731e-07
0.1832000E+01 2.84646e-07
0.1834000E+01 3.04575e-07
0.1836000E+01 3.8747e-07
0.1838000E+01 3.9548e-07
0.1840000E+01 3.61663e-07
0.1842000E+01 3.55563e-07
0.1844000E+01 3.80637e-07
0.1846000E+01 3.79474e-07
0.1848000E+01 3.61817e-07
0.1850000E+01 3.52414e-07
0.1852000E+01 3.92528e-07
0.1854000E+01 4.55633e-07
0.1856000E+01 4.14461e-07
0.1858000E+01 3.82093e-07
0.1860000E+01 3.89124e-07
0.1862000E+01 4.36392e-07
0.1864000E+01 4.33487e-07
0.1866000E+01 4.10437e-07
0.1868000E+01 4.04215e-07
0.1870000E+01 5.03364e-07
0.1872000E+01 5.06536e-07
0.1874000E+01 4.55909e-07
0.1876000E+01 4.48062e-07
0.1878000E+01 5.11474e-07
0.1880000E+01 5.22886e-07
0.1882000E+01 5.00802e-07
0.1884000E+01 4.99179e-07
0.1886000E+01 5.45127e-07
0.1888000E+01 5.59165e-07
0.1890000E+01 5.3489e-07
0.1892000E+01 5.3461e-07
0.1894000E+01 6.50288e-07
0.1896000E+01 6.44429e-07
0.1898000E+01 6.12969e-07
0.1900000E+01 6.28287e-07
0.1902000E+01 6.47666e-07
0.1904000E+01 6.48467e-07
0.1906000E+01 6.89628e-07
0.1908000E+01 8.69939e-07
0.1910000E+01 9.49332e-07
0.1912000E+01 8.5176e-07
0.1914000E+01 8.58789e-07
0.1916000E+01 8.96759e-07
0.1918000E+01 1.02492e-06
0.1920000E+01 1.23145e-06
0.1922000E+01 1.42016e-06
0.1924000E+01 2.48995e-06
0.1926000E+01 1.11266e-06
0.1928000E+01 -1.05398e-06
0.1930000E+01 5.73439e-07
0.1932000E+01 6.38363e-07
0.1934000E+01 5.7276e-07
0.1936000E+01 6.47293e-07
0.1938000E+01 8.50306e-07
0.1940000E+01 2.32136e-06
0.1942000E+01 1.08811e-06
0.1944000E+01 2.76259e-06
0.1946000E+01 3.45093e-06
0.1948000E+01 2.41893e-06
0.1950000E+01 3.96167e-06
0.1952000E+01 3.18634e-06
0.1954000E+01 1.58199e-05
0.1956000E+01 -2.18567e-06
0.1958000E+01 -1.85807e-05
0.1960000E+01 -6.87266e-06
0.1962000E+01 -7.2698e-06
0.1964000E+01 -2.49779e-06
0.1966000E+01 -1.53679e-06
0.1968000E+01 -2.17896e-06
0.1970000E+01 -2.47023e-06
0.1972000E+01 -3.27988e-06
0.1974000E+01 -3.19874e-06
0.1976000E+01 -1.1968e-06
0.1978000E+01 -1.0954e-06
0.1980000E+01 -3.55635e-06
0.1982000E+01 -2.98794e-06
0.1984000E+01 -1.26444e-06
0.1986000E+01 -6.1924e-07
0.1988000E+01 -8.55169e-07
0.1990000E+01 -1.06571e-06
0.1992000E+01 -1.27926e-06
0.1994000E+01 -2.96739e-07
0.1996000E+01 -3.53373e-07
0.1998000E+01 -2.92717e-07
0.2000000E+01 -3.42017e-07
0.2002000E+01 -3.56993e-07
0.2004000E+01 -3.75836e-07
0.2006000E+01 -4.01457e-07
0.2008000E+01 -4.27878e-07
0.2010000E+01 -4.71359e-07
0.2012000E+01 -5.31693e-07
0.2014000E+01 -6.51681e-07
0.2016000E+01 -9.32305e-07
0.2018000E+01 -5.79987e-07
0.2020000E+01 -2.37834e-07
0.2022000E+01 -2.48287e-07
0.2024000E+01 -2.57582e-07
0.2026000E+01 -2.43691e-07
0.2028000E+01 -2.54384e-07
0.2030000E+01 5.78015e-07
0.2032000E+01 2.39515e-06
0.2034000E+01 4.86538e-06
0.2036000E+01 2.65706e-06
0.2038000E+01 -1.52447e-06
0.2040000E+01 -1.35573e-06
0.2042000E+01 -7.19867e-07
0.2044000E+01 -1.70846e-07
0.2046000E+01 -4.2229e-07
0.2048000E+01 3.26103e-07
0.2050000E+01 9.32949e-07
0.2052000E+01 3.20402e-07
0.2054000E+01 -1.05553e-06
0.2056000E+01 -9.64851e-07
0.2058000E+01 -2.54331e-07
0.2060000E+01 6.15125e-08
0.2062000E+01 1.17921e-07
0.2064000E+01 9.14962e-08
0.2066000E+01 -1.80594e-07
0.2068000E+01 1.94905e-09
0.2070000E+01 -1.48118e-07
0.2072000E+01 -6.18211e-07
0.2074000E+01 -4.40512e-07
0.2076000E+01 6.92843e-09
0.2078000E+01 7.49567e-08
0.2080000E+01 3.64576e-08
0.2082000E+01 -6.94944e-08
0.2084000E+01 -4.747e-07
0.2086000E+01 -4.41104e-07
0.2088000E+01 -3.38739e-07
0.2090000E+01 -3.31925e-07
0.2092000E+01 -2.82984e-08
0.2094000E+01 3.01698e-07
0.2096000E+01 1.34646e-07
0.2098000E+01 -1.66435e-07
0.2100000E+01 -2.6064e-07
0.2102000E+01 -2.62173e-07
0.2104000E+01 -2.59262e-07
0.2106000E+01 -1.81753e-07
0.2108000E+01 -2.55876e-09
0.2110000E+01 7.50136e-08
0.2112000E+01 3.55448e-08
0.2114000E+01 4.21793e-08
0.2116000E+01 4.67892e-09
0.2118000E+01 -2.49254e-07
0.2120000E+01 -3.22661e-07
0.2122000E+01 -2.9406e-07
0.2124000E+01 -3.39846e-07
0.2126000E+01 -4.26699e-07
0.2128000E+01 -2.24776e-07
0.2130000E+01 8.69585e-08
0.2132000E+01 -1.64147e-08
0.2134000E+01 -2.10015e-07
0.2136000E+01 -1.9841e-07
0.2138000E+01 -2.00014e-07
0.2140000E+01 -1.9784e-07
0.2142000E+01 -2.08729e-07
0.2144000E+01 -6.34062e-08
0.2146000E+01 1.0428e-07
0.2148000E+01 5.37035e-08
0.2150000E+01 -4.32406e-09
0.2152000E+01 -1.00045e-07
0.2154000E+01 -1.76548e-07
0.2156000E+01 -2.77741e-07
0.2158000E+01 -3.75234e-07
0.2160000E+01 -2.15877e-07
0.2162000E+01 -7.51554e-08
0.2164000E+01 -7.92017e-08
0.2166000E+01 -9.39847e-08
0.2168000E+01 -8.66527e-08
0.2170000E+01 -1.37956e-07
0.2172000E+01 -2.10015e-07
0.2174000E+01 -2.63407e-07
0.2176000E+01 -2.79448e-07
0.2178000E+01 -2.66696e-07
0.2180000E+01 3.32938e-08
0.2182000E+01 8.11936e-08
0.2184000E+01 -1.57179e-07
0.2186000E+01 -1.70946e-07
0.2188000E+01 -1.68265e-07
0.2190000E+01 -1.69955e-07
0.2192000E+01 -9.5077e-08
0.2194000E+01 5.04397e-08
0.2196000E+01 1.2612e-07
0.2198000E+01 -7.34992e-08
0.2200000E+01 -1.8431e-07
0.2202000E+01 -2.43e-07
0.2204000E+01 -2.46581e-07
0.2206000E+01 -2.04081e-07
0.2208000E+01 -7.21026e-08
0.2210000E+01 -1.0451e-08
0.2212000E+01 -2.3511e-08
0.2214000E+01 -6.3834e-09
0.2216000E+01 -9.62083e-08
0.2218000E+01 -1.99599e-07
0.2220000E+01 -2.29014e-07
0.2222000E+01 1.21335e-07
0.2224000E+01 1.53265e-07
0.2226000E+01 -1.62928e-07
0.2228000E+01 -1.61189e-07
0.2230000E+01 -1.68257e-07
0.2232000E+01 1.82385e-08
0.2234000E+01 2.27579e-07
0.2236000E+01 2.27825e-07
0.2238000E+01 8.23591e-08
0.2240000E+01 -1.75913e-07
0.2242000E+01 -8.85143e-08
0.2244000E+01 1.86104e-07
0.2246000E+01 1.42018e-08
0.2248000E+01 -4.46332e-08
0.2250000E+01 -7.57474e-09
0.2252000E+01 2.79937e-07
0.2254000E+01 2.56967e-07
0.2256000E+01 7.95192e-07
0.2258000E+01 1.64265e-06
0.2260000E+01 1.86855e-08
0.2262000E+01 -1.30924e-06
0.2264000E+01 -9.25623e-07
0.2266000E+01 -8.09085e-07
0.2268000E+01 -6.6597e-07
0.2270000E+01 -5.97629e-07
0.2272000E+01 -5.06019e-07
0.2274000E+01 -4.75082e-07
0.2276000E+01 -4.5294e-07
0.2278000E+01 -4.24051e-07
0.2280000E+01 -3.58093e-07
0.2282000E+01 -3.01035e-07
0.2284000E+01 -2.8647e-07
0.2286000E+01 -2.83798e-07
0.2288000E+01 -2.57037e-07
0.2290000E+01 -2.44429e-07
0.2292000E+01 -2.39611e-07
0.2294000E+01 -2.53216e-07
0.2296000E+01 -2.4874e-07
0.2298000E+01 -2.39698e-07
0.2300000E+01 -2.33015e-07
0.2302000E+01 -2.28123e-07
0.2304000E+01 -2.22263e-07
0.2306000E+01 -2.14283e-07
0.2308000E+01 -2.11562e-07
0.2310000E+01 -2.07915e-07
0.2312000E+01 -1.85678e-07
0.2314000E+01 -1.98823e-07
0.2316000E+01 -2.13879e-07
0.2318000E+01 -2.1344e-07
0.2320000E+01 -2.05715e-07
0.2322000E+01 -1.99465e-07
0.2324000E+01 -1.91692e-07
0.2326000E+01 -1.85287e-07
0.2328000E+01 -1.81586e-07
0.2330000E+01 -1.73633e-07
0.2332000E+01 -1.74808e-07
0.2334000E+01 -1.72903e-07
0.2336000E+01 -1.64726e-07
0.2338000E+01 -1.64944e-07
0.2340000E+01 -1.6061e-07
0.2342000E+01 -1.5849e-07
0.2344000E+01 -1.50948e-07
0.2346000E+01 -1.52802e-07
0.2348000E+01 -1.60088e-07
0.2350000E+01 -1.64573e-07
0.2352000E+01 -1.57967e-07
0.2354000E+01 -1.52266e-07
0.2356000E+01 -1.48735e-07
0.2358000E+01 -1.46446e-07
0.2360000E+01 -1.51665e-07
0.2362000E+01 -1.56137e-07
0.2364000E+01 -1.60003e-07
0.2366000E+01 -1.50032e-07
0.2368000E+01 -1.47068e-07
0.2370000E+01 -1.53092e-07
0.2372000E+01 -1.51584e-07
0.2374000E+01 -1.44713e-07
0.2376000E+01 -1.18111e-07
0.2378000E+01 -1.24708e-07
0.2380000E+01 -1.1469e-07
0.2382000E+01 -1.22332e-07
0.2384000E+01 -1.47032e-07
0.2386000E+01 -1.25823e-07
0.2388000E+01 -1.35965e-07
0.2390000E+01 -1.36617e-07
0.2392000E+01 -1.41385e-07
0.2394000E+01 -1.38407e-07
0.2396000E+01 -1.39303e-07
0.2398000E+01 -1.4047e-07
0.2400000E+01 -1.40395e-07
0.2402000E+01 -1.3989e-07
0.2404000E+01 -1.39246e-07
0.2406000E+01 -1.26179e-07
0.2408000E+01 -1.32235e-07
0.2410000E+01 -1.27016e-07
0.2412000E+01 -1.16513e-07
0.2414000E+01 -1.18792e-07
0.2416000E+01 -1.15576e-07
0.2418000E+01 -1.106e-07
0.2420000E+01 -6.99324e-08
0.2422000E+01 -1.06143e-07
0.2424000E+01 -1.20012e-07
0.2426000E+01 -1.19092e-07
0.2428000E+01 -1.23262e-07
0.2430000E+01 -1.17721e-07
0.2432000E+01 -1.16471e-07
0.2434000E+01 -1.1696e-07
0.2436000E+01 -1.14362e-07
0.2438000E+01 -1.18153e-07
0.2440000E+01 -1.17063e-07
0.2442000E+01 -1.15384e-07
0.2444000E+01 -1.14563e-07
0.2446000E+01 -1.1e-07
0.2448000E+01 -1.07292e-07
0.2450000E+01 -1.06524e-07
0.2452000E+01 -1.04324e-07
0.2454000E+01 -1.00207e-07
0.2456000E+01 -1.00139e-07
0.2458000E+01 -9.48432e-08
0.2460000E+01 -8.78584e-08
0.2462000E+01 -1.75259e-07
0.2464000E+01 -2.27664e-07
0.2466000E+01 -3.94927e-08
0.2468000E+01 -1.13353e-07
0.2470000E+01 -1.00312e-07
0.2472000E+01 -5.07316e-08
0.2474000E+01 -9.27254e-08
0.2476000E+01 -1.13421e-07
0.2478000E+01 -9.46259e-08
0.2480000E+01 -1.00759e-07
0.2482000E+01 -1.11215e-07
0.2484000E+01 -9.46585e-08
0.2486000E+01 -1.06557e-07
0.2488000E+01 -8.3104e-08
0.2490000E+01 -9.00636e-08
0.2492000E+01 -1.00356e-07
0.2494000E+01 -9.94919e-08
0.2496000E+01 -9.52813e-08
0.2498000E+01 -1.00667e-07
0.2500000E+01 -1.20991e-08
0.2502000E+01 -9.28229e-08
0.2504000E+01 -7.4054e-08
0.2506000E+01 -6.1284e-08
0.2508000E+01 -7.82142e-08
0.2510000E+01 -9.95273e-08
0.2512000E+01 -8.86147e-08
0.2514000E+01 2.50253e-08
0.2516000E+01 -8.1789e-08
0.2518000E+01 -8.88458e-08
0.2520000E+01 -8.50614e-08
0.2522000E+01 -7.729e-08
0.2524000E+01 -7.96475e-08
0.2526000E+01 -8.55717e-08
0.2528000E+01 -3.18669e-08
0.2530000E+01 -9.41696e-09
0.2532000E+01 -3.45068e-08
0.2534000E+01 -1.12872e-07
0.2536000E+01 -8.00287e-08
0.2538000E+01 -6.49336e-08
0.2540000E+01 -6.75684e-08
0.2542000E+01 -6.7031e-08
0.2544000E+01 -6.22056e-08
0.2546000E+01 4.01654e-08
0.2548000E+01 -5.45368e-09
0.2550000E+01 -3.08747e-08
0.2552000E+01 -2.81719e-08
0.2554000E+01 -8.30805e-08
0.2556000E+01 -5.93657e-08
0.2558000E+01 -5.86931e-08
0.2560000E+01 -5.85861e-08
0.2562000E+01 -5.44417e-08
0.2564000E+01 9.52339e-09
0.2566000E+01 5.76163e-10
0.2568000E+01 -3.03363e-08
0.2570000E+01 -3.91506e-08
0.2572000E+01 -3.28835e-08
0.2574000E+01 -3.17911e-08
0.2576000E+01 -2.45457e-08
0.2578000E+01 -2.98561e-08
0.2580000E+01 -4.35986e-08
0.2582000E+01 -5.41745e-08
0.2584000E+01 2.26734e-08
0.2586000E+01 2.53615e-08
0.2588000E+01 4.65372e-09
0.2590000E+01 -1.02196e-08
0.2592000E+01 -3.69325e-08
0.2594000E+01 -5.75493e-08
0.2596000E+01 -3.89407e-08
0.2598000E+01 -2.83777e-08
0.2600000E+01 -2.94348e-08
0.2602000E+01 -3.16718e-08
0.2604000E+01 -2.40462e-08
0.2606000E+01 1.46135e-08
0.2608000E+01 -1.53926e-08
0.2610000E+01 -1.35e-08
0.2612000E+01 -1.59788e-08
0.2614000E+01 -1.96301e-08
0.2616000E+01 -1.76257e-09
0.2618000E+01 -2.49337e-08
0.2620000E+01 -5.75057e-08
0.2622000E+01 -2.89263e-08
0.2624000E+01 -5.21224e-08
0.2626000E+01 -2.5042e-08
0.2628000E+01 1.48493e-08
0.2630000E+01 1.774e-08
0.2632000E+01 -3.33972e-08
0.2634000E+01 -7.53996e-08
0.2636000E+01 -3.63794e-08
0.2638000E+01 -1.7676e-08
0.2640000E+01 -2.74771e-08
0.2642000E+01 -2.62862e-08
0.2644000E+01 -2.45831e-08
0.2646000E+01 -1.39991e-08
0.2648000E+01 -5.54361e-08
0.2650000E+01 -5.70649e-08
0.2652000E+01 -1.50557e-08
0.2654000E+01 -5.31091e-09
0.2656000E+01 1.48657e-09
0.2658000E+01 -1.2081e-08
0.2660000E+01 -1.81558e-08
0.2662000E+01 -1.8802e-08
0.2664000E+01 -6.96779e-08
0.2666000E+01 -7.27205e-08
0.2668000E+01 -5.16404e-08
0.2670000E+01 -2.72187e-08
0.2672000E+01 -2.73922e-08
0.2674000E+01 -3.04189e-08
0.2676000E+01 -2.84364e-08
0.2678000E+01 1.36975e-08
0.2680000E+01 -1.4068e-08
0.2682000E+01 -6.2421e-08
0.2684000E+01 -4.75037e-08
0.2686000E+01 -4.10894e-08
0.2688000E+01 -3.27802e-08
0.2690000E+01 -4.17498e-08
0.2692000E+01 -3.89286e-08
0.2694000E+01 -2.0819e-08
0.2696000E+01 -2.42116e-08
0.2698000E+01 -3.10496e-08
0.2700000E+01 -7.03508e-08
0.2702000E+01 -1.02957e-07
0.2704000E+01 -3.96742e-08
0.2706000E+01 -3.08397e-08
0.2708000E+01 -2.39984e-08
0.2710000E+01 -2.36301e-08
0.2712000E+01 -2.48954e-08
0.2714000E+01 -2.70701e-08
0.2716000E+01 -3.30226e-08
0.2718000E+01 -2.58867e-08
0.2720000E+01 -5.50145e-08
0.2722000E+01 -5.15032e-08
0.2724000E+01 -8.88455e-08
0.2726000E+01 -5.84939e-08
0.2728000E+01 -5.94785e-08
0.2730000E+01 -3.59753e-08
0.2732000E+01 -2.32991e-08
0.2734000E+01 -2.11481e-08
0.2736000E+01 -3.81031e-08
0.2738000E+01 -4.48861e-08
0.2740000E+01 -3.98095e-08
0.2742000E+01 -3.12989e-08
0.2744000E+01 -2.63382e-08
0.2746000E+01 -5.70777e-08
0.2748000E+01 -1.02968e-07
0.2750000E+01 -6.89302e-08
0.2752000E+01 -5.59986e-08
0.2754000E+01 -9.42478e-08
0.2756000E+01 -6.85297e-08
0.2758000E+01 -4.04569e-08
0.2760000E+01 -2.79957e-08
0.2762000E+01 -4.13658e-08
0.2764000E+01 -4.10572e-08
0.2766000E+01 -4.42582e-08
0.2768000E+01 -5.85448e-08
0.2770000E+01 -6.32264e-08
0.2772000E+01 -7.23956e-08
0.2774000E+01 -1.07794e-07
0.2776000E+01 -8.11347e-08
0.2778000E+01 -7.89877e-08
0.2780000E+01 -6.82618e-08
0.2782000E+01 -1.10409e-07
0.2784000E+01 -8.71151e-08
0.2786000E+01 -5.37863e-08
0.2788000E+01 -4.25049e-08
0.2790000E+01 -6.42635e-08
0.2792000E+01 -6.63964e-08
0.2794000E+01 -9.4558e-08
0.2796000E+01 -1.28329e-07
0.2798000E+01 -9.63813e-08
0.2800000E+01 -8.80505e-08
0.2802000E+01 -1.03584e-07
0.2804000E+01 -9.99398e-08
0.2806000E+01 -1.67468e-07
0.2808000E+01 -1.58415e-07
0.2810000E+01 -1.50323e-07
0.2812000E+01 -1.28643e-07
0.2814000E+01 -1.16201e-07
0.2816000E+01 -1.69301e-07
0.2818000E+01 -1.57713e-07
0.2820000E+01 -1.67651e-07
0.2822000E+01 -1.70379e-07
0.2824000E+01 -1.91129e-07
0.2826000E+01 -2.97102e-07
0.2828000E+01 -2.12978e-07
0.2830000E+01 -2.4547e-07
0.2832000E+01 -3.79126e-07
0.2834000E+01 -4.61227e-07
0.2836000E+01 -3.71345e-07
0.2838000E+01 -6.7644e-07
0.2840000E+01 -7.27797e-07
0.2842000E+01 -1.06501e-06
0.2844000E+01 -1.85572e-06
0.2846000E+01 -2.05044e-06
0.2848000E+01 4.21158e-06
0.2850000E+01 1.46608e-06
0.2852000E+01 9.58999e-07
0.2854000E+01 5.19261e-07
0.2856000E+01 6.87196e-07
0.2858000E+01 5.14298e-07
0.2860000E+01 3.87288e-07
0.2862000E+01 3.29905e-07
0.2864000E+01 3.96358e-07
0.2866000E+01 2.92806e-07
0.2868000E+01 3.05396e-07
0.2870000E+01 2.30404e-07
0.2872000E+01 2.44115e-07
0.2874000E+01 2.59455e-07
0.2876000E+01 2.02813e-07
0.2878000E+01 2.15786e-07
0.2880000E+01 2.53757e-07
0.2882000E+01 2.1213e-07
0.2884000E+01 2.29002e-07
0.2886000E+01 1.55377e-07
0.2888000E+01 1.59255e-07
0.2890000E+01 1.67697e-07
0.2892000E+01 1.94988e-07
0.2894000E+01 2.30664e-07
0.2896000E+01 2.58563e-07
0.2898000E+01 1.55256e-07
0.2900000E+01 1.53563e-07
0.2902000E+01 1.56939e-07
0.2904000E+01 1.35062e-07
0.2906000E+01 1.17502e-07
0.2908000E+01 1.50669e-07
0.2910000E+01 1.4366e-07
0.2912000E+01 1.79944e-07
0.2914000E+01 1.64209e-07
0.2916000E+01 1.33896e-07
0.2918000E+01 1.35461e-07
0.2920000E+01 1.38985e-07
0.2922000E+01 1.70792e-07
0.2924000E+01 1.36966e-07
0.2926000E+01 1.23332e-07
0.2928000E+01 1.28645e-07
0.2930000E+01 1.36956e-07
0.2932000E+01 1.52628e-07
0.2934000E+01 1.50074e-07
0.2936000E+01 1.32992e-07
0.2938000E+01 1.2151e-07
0.2940000E+01 2.62988e-07
0.2942000E+01 2.92426e-07
0.2944000E+01 1.27777e-07
0.2946000E+01 1.11768e-07
0.2948000E+01 1.20974e-07
0.2950000E+01 1.26877e-07
0.2952000E+01 1.48551e-07
0.2954000E+01 1.33176e-07
0.2956000E+01 1.29663e-07
0.2958000E+01 1.42866e-07
0.2960000E+01 1.33619e-07
0.2962000E+01 1.18436e-07
0.2964000E+01 1.04787e-07
0.2966000E+01 1.12511e-07
0.2968000E+01 1.08028e-07
0.2970000E+01 1.21324e-07
0.2972000E+01 1.2207e-07
0.2974000E+01 1.10265e-07
0.2976000E+01 8.6927e-08
0.2978000E+01 1.3081e-07
0.2980000E+01 1.75342e-07
0.2982000E+01 1.52538e-07
0.2984000E+01 1.00721e-07
0.2986000E+01 6.01631e-08
0.2988000E+01 -3.03764e-07
0.2990000E+01 6.00029e-07
0.2992000E+01 8.40577e-07
0.2994000E+01 8.74258e-08
0.2996000E+01 8.837e-08
0.2998000E+01 8.17986e-08
0.3000000E+01 8.21995e-08
0.3002000E+01 8.26738e-08
0.3004000E+01 7.74224e-08
0.3006000E+01 8.02096e-08
0.3008000E+01 9.64826e-08
0.3010000E+01 9.54558e-08
0.3012000E+01 9.21937e-08
0.3014000E+01 9.10875e-08
0.3016000E+01 8.85563e-08
0.3018000E+01 9.08054e-08
0.3020000E+01 8.21066e-08
0.3022000E+01 7.50873e-08
0.3024000E+01 8.34998e-08
0.3026000E+01 9.65754e-08
0.3028000E+01 1.00983e-07
0.3030000E+01 6.60488e-08
0.3032000E+01 5.31013e-08
0.3034000E+01 6.15102e-08
0.3036000E+01 6.32223e-08
0.3038000E+01 6.85966e-08
0.3040000E+01 6.30569e-08
0.3042000E+01 6.61578e-08
0.3044000E+01 5.74821e-08
0.3046000E+01 9.51108e-08
0.3048000E+01 7.46731e-08
0.3050000E+01 7.52797e-08
0.3052000E+01 7.28465e-08
0.3054000E+01 6.88616e-08
0.3056000E+01 6.65391e-08
0.3058000E+01 6.95402e-08
0.3060000E+01 7.161e-08
0.3062000E+01 7.31379e-08
0.3064000E+01 8.42997e-08
0.3066000E+01 7.91127e-08
0.3068000E+01 8.24478e-08
0.3070000E+01 8.75388e-08
0.3072000E+01 8.34948e-08
0.3074000E+01 7.2552e-08
0.3076000E+01 4.80836e-08
0.3078000E+01 1.80521e-08
0.3080000E+01 5.43124e-08
0.3082000E+01 7.77674e-08
0.3084000E+01 7.42872e-08
0.3086000E+01 6.51187e-08
0.3088000E+01 6.4364e-08
0.3090000E+01 5.78131e-08
0.3092000E+01 3.96534e-08
0.3094000E+01 5.58508e-08
0.3096000E+01 5.18561e-08
0.3098000E+01 8.21883e-08
0.3100000E+01 8.49627e-08
0.3102000E+01 7.32712e-08
0.3104000E+01 7.36671e-08
0.3106000E+01 6.9519e-08
0.3108000E+01 8.67239e-08
0.3110000E+01 6.48665e-08
0.3112000E+01 5.24224e-08
0.3114000E+01 6.92784e-08
0.3116000E+01 8.18401e-08
0.3118000E+01 7.26132e-08
0.3120000E+01 8.18157e-08
0.3122000E+01 8.28489e-08
0.3124000E+01 3.79197e-08
0.3126000E+01 2.78245e-08
0.3128000E+01 3.46794e-08
0.3130000E+01 5.59331e-08
0.3132000E+01 8.19362e-08
0.3134000E+01 6.26819e-08
0.3136000E+01 6.32928e-08
0.3138000E+01 4.24925e-08
0.3140000E+01 3.78414e-08
0.3142000E+01 5.28539e-08
0.3144000E+01 5.2368e-08
0.3146000E+01 7.33632e-08
0.3148000E+01 4.50933e-08
0.3150000E+01 4.27165e-08
0.3152000E+01 7.11569e-08
0.3154000E+01 7.26424e-08
0.3156000E+01 2.15983e-08
0.3158000E+01 3.40295e-09
0.3160000E+01 4.91786e-08
0.3162000E+01 -8.47367e-08
0.3164000E+01 -1.25483e-07
0.3166000E+01 5.28769e-07
0.3168000E+01 1.13166e-07
0.3170000E+01 -1.22e-07
0.3172000E+01 -5.44591e-08
0.3174000E+01 8.27997e-09
0.3176000E+01 9.12109e-08
0.3178000E+01 6.14454e-08
0.3180000E+01 4.529e-08
0.3182000E+01 1.19036e-07
0.3184000E+01 7.68441e-08
0.3186000E+01 1.11502e-07
0.3188000E+01 9.78341e-08
0.3190000E+01 1.12693e-07
0.3192000E+01 9.37534e-08
0.3194000E+01 7.32689e-08
0.3196000E+01 8.33494e-08
0.3198000E+01 8.5491e-08
0.3200000E+01 9.44217e-08
0.3202000E+01 1.20499e-07
0.3204000E+01 1.02937e-07
0.3206000E+01 9.06626e-08
0.3208000E+01 7.85181e-08
0.3210000E+01 7.46812e-08
0.3212000E+01 6.48756e-08
0.3214000E+01 1.33897e-07
0.3216000E+01 1.07621e-07
0.3218000E+01 4.49837e-08
0.3220000E+01 -1.47457e-09
0.3222000E+01 3.71616e-08
0.3224000E+01 8.0742e-08
0.3226000E+01 6.85875e-08
0.3228000E+01 5.68859e-08
0.3230000E+01 4.69502e-08
0.3232000E+01 5.59745e-08
0.3234000E+01 9.01957e-08
0.3236000E+01 1.13792e-07
0.3238000E+01 7.68701e-08
0.3240000E+01 1.0175e-07
0.3242000E+01 7.86718e-08
0.3244000E+01 1.62827e-07
0.3246000E+01 7.00388e-08
0.3248000E+01 7.6054e-08
0.3250000E+01 1.51478e-07
0.3252000E+01 3.60723e-06
0.3254000E+01 1.81117e-07
0.3256000E+01 6.22826e-07
0.3258000E+01 8.00163e-08
0.3260000E+01 8.60558e-07
0.3262000E+01 -1.77713e-06
0.3264000E+01 -8.7571e-07
0.3266000E+01 -2.33414e-07
0.3268000E+01 -2.25196e-07
0.3270000E+01 -1.90626e-07
0.3272000E+01 -1.24743e-08
0.3274000E+01 1.39731e-08
0.3276000E+01 1.77755e-07
0.3278000E+01 -2.01636e-07
0.3280000E+01 -2.526e-07
0.3282000E+01 1.88226e-08
0.3284000E+01 6.23484e-08
0.3286000E+01 3.77771e-07
0.3288000E+01 -1.17645e-07
0.3290000E+01 2.12315e-07
0.3292000E+01 2.75663e-07
0.3294000E+01 3.80657e-07
0.3296000E+01 -3.21653e-07
0.3298000E+01 -2.0638e-07
0.3300000E+01 -2.19467e-07
0.3302000E+01 -2.32838e-07
0.3304000E+01 -2.63216e-07
0.3306000E+01 -1.78036e-07
0.3308000E+01 -1.31835e-07
0.3310000E+01 -1.03472e-07
0.3312000E+01 -1.19279e-07
0.3314000E+01 -1.09806e-07
0.3316000E+01 -1.20503e-07
0.3318000E+01 -1.19909e-07
0.3320000E+01 -1.13866e-07
0.3322000E+01 -9.08547e-08
0.3324000E+01 -8.79176e-08
0.3326000E+01 -7.34544e-08
0.3328000E+01 -8.0057e-08
0.3330000E+01 -7.44205e-08
0.3332000E+01 -6.46607e-08
0.3334000E+01 -6.9207e-08
0.3336000E+01 -6.98166e-08
0.3338000E+01 -6.50586e-08
0.3340000E+01 -6.26482e-08
0.3342000E+01 -6.61329e-08
0.3344000E+01 -6.21328e-08
0.3346000E+01 -5.26723e-08
0.3348000E+01 -4.74729e-08
0.3350000E+01 -4.41128e-08
0.3352000E+01 -4.57179e-08
0.3354000E+01 -4.90185e-08
0.3356000E+01 -5.89384e-08
0.3358000E+01 -5.99548e-08
0.3360000E+01 -4.76903e-08
0.3362000E+01 -4.76118e-08
0.3364000E+01 -6.21334e-08
0.3366000E+01 -5.47983e-08
0.3368000E+01 -5.05078e-08
0.3370000E+01 -4.09802e-08
0.3372000E+01 -4.25744e-08
0.3374000E+01 -5.08695e-08
0.3376000E+01 -3.90542e-08
0.3378000E+01 -3.86383e-08
0.3380000E+01 -3.54384e-08
0.3382000E+01 -3.91873e-08
0.3384000E+01 -3.50813e-08
0.3386000E+01 -3.63427e-08
0.3388000E+01 -2.97187e-08
0.3390000E+01 -3.56633e-08
0.3392000E+01 -2.38844e-07
0.3394000E+01 -6.00233e-08
0.3396000E+01 -8.4915e-08
0.3398000E+01 -5.11871e-08
0.3400000E+01 -5.14368e-08
0.3402000E+01 -7.74021e-08
0.3404000E+01 -5.38383e-08
0.3406000E+01 -4.4877e-08
0.3408000E+01 -4.04666e-08
0.3410000E+01 -3.69636e-08
0.3412000E+01 -3.20276e-08
0.3414000E+01 -3.33538e-08
0.3416000E+01 -3.1413e-08
0.3418000E+01 -3.33024e-08
0.3420000E+01 -5.52179e-08
0.3422000E+01 -4.87362e-08
0.3424000E+01 -3.57856e-08
0.3426000E+01 -2.86005e-08
0.3428000E+01 -3.07405e-08
0.3430000E+01 -2.41194e-09
0.3432000E+01 -2.78258e-08
0.3434000E+01 -2.79581e-08
0.3436000E+01 -3.96681e-08
0.3438000E+01 -4.49074e-08
0.3440000E+01 -3.41486e-08
0.3442000E+01 -3.89545e-08
0.3444000E+01 -3.59111e-08
0.3446000E+01 -2.97646e-08
0.3448000E+01 -2.46929e-08
0.3450000E+01 -2.62622e-08
0.3452000E+01 -5.11774e-08
0.3454000E+01 -3.92312e-08
0.3456000E+01 -2.24236e-08
0.3458000E+01 -1.98529e-08
0.3460000E+01 -1.87168e-08
0.3462000E+01 -2.90452e-08
0.3464000E+01 -3.00036e-08
0.3466000E+01 -6.24706e-08
0.3468000E+01 -5.44681e-08
0.3470000E+01 -4.94886e-08
0.3472000E+01 -3.64181e-08
0.3474000E+01 -3.60426e-08
0.3476000E+01 -3.08476e-08
0.3478000E+01 -4.29018e-08
0.3480000E+01 -5.38794e-08
0.3482000E+01 -3.28682e-08
0.3484000E+01 -3.28901e-08
0.3486000E+01 -2.1956e-08
0.3488000E+01 -3.15375e-08
0.3490000E+01 -4.41951e-08
0.3492000E+01 -6.13045e-08
0.3494000E+01 -2.06183e-08
0.3496000E+01 -3.73473e-08
0.3498000E+01 -4.04235e-08
0.3500000E+01 -1.93266e-08
0.3502000E+01 -5.18543e-08
0.3504000E+01 -4.578e-08
0.3506000E+01 -2.76964e-08
0.3508000E+01 -9.88666e-09
0.3510000E+01 -4.46466e-08
0.3512000E+01 -7.00075e-08
0.3514000E+01 -9.43129e-09
0.3516000E+01 -2.36409e-08
0.3518000E+01 -3.71127e-08
0.3520000E+01 -1.74232e-08
0.3522000E+01 -3.57595e-09
0.3524000E+01 1.77057e-08
0.3526000E+01 2.03494e-08
0.3528000E+01 2.31379e-08
0.3530000E+01 1.82071e-08
0.3532000E+01 2.83556e-08
0.3534000E+01 2.84748e-08
0.3536000E+01 1.90604e-08
0.3538000E+01 3.15142e-08
0.3540000E+01 5.05426e-08
0.3542000E+01 4.90802e-08
0.3544000E+01 4.46946e-08
0.3546000E+01 6.94569e-08
0.3548000E+01 3.38307e-08
0.3550000E+01 3.51229e-08
0.3552000E+01 3.9298e-08
0.3554000E+01 6.4488e-08
0.3556000E+01 2.84617e-08
0.3558000E+01 3.0803e-08
0.3560000E+01 7.67018e-08
0.3562000E+01 5.4361e-08
0.3564000E+01 6.27885e-08
0.3566000E+01 3.48846e-08
0.3568000E+01 2.87686e-08
0.3570000E+01 3.24997e-08
0.3572000E+01 3.85338e-08
0.3574000E+01 1.11003e-07
0.3576000E+01 5.8998e-08
0.3578000E+01 5.12762e-08
0.3580000E+01 6.20385e-08
0.3582000E+01 5.45295e-08
0.3584000E+01 5.77946e-08
0.3586000E+01 1.29704e-07
0.3588000E+01 1.11604e-07
0.3590000E+01 1.3894e-07
0.3592000E+01 1.07453e-07
0.3594000E+01 2.83258e-07
0.3596000E+01 2.03982e-07
0.3598000E+01 9.50163e-07
0.3600000E+01 -1.60181e-06
0.3602000E+01 -2.77859e-07
0.3604000E+01 -1.67373e-07
0.3606000E+01 -1.15911e-07
0.3608000E+01 -8.81971e-08
0.3610000E+01 -5.03839e-08
0.3612000E+01 -5.37194e-08
0.3614000E+01 -4.40173e-08
0.3616000E+01 -1.7963e-08
0.3618000E+01 -2.44272e-08
0.3620000E+01 -3.07044e-08
0.3622000E+01 -1.00187e-08
0.3624000E+01 -9.00386e-09
0.3626000E+01 -2.67339e-08
0.3628000E+01 -3.58863e-08
0.3630000E+01 -5.70338e-08
0.3632000E+01 -2.10679e-08
0.3634000E+01 -1.75505e-08
0.3636000E+01 -2.07926e-08
0.3638000E+01 -3.60872e-08
0.3640000E+01 3.53841e-10
0.3642000E+01 1.48486e-08
0.3644000E+01 3.36382e-08
0.3646000E+01 -2.90623e-09
0.3648000E+01 -2.42322e-08
0.3650000E+01 -1.51266e-08
0.3652000E+01 -6.1192e-09
0.3654000E+01 -6.09257e-09
0.3656000E+01 -1.54234e-08
0.3658000E+01 -1.71198e-08
0.3660000E+01 -4.50604e-09
0.3662000E+01 -1.86815e-09
0.3664000E+01 -9.62692e-09
0.3666000E+01 -1.05606e-08
0.3668000E+01 -5.31152e-09
0.3670000E+01 3.71167e-08
0.3672000E+01 5.3193e-09
0.3674000E+01 -2.37534e-09
0.3676000E+01 -2.42368e-09
0.3678000E+01 -6.76002e-09
0.3680000E+01 1.26657e-09
0.3682000E+01 5.65089e-09
0.3684000E+01 4.716e-09
0.3686000E+01 -9.29599e-10
0.3688000E+01 -1.1054e-08
0.3690000E+01 -6.49925e-09
0.3692000E+01 -1.36384e-08
0.3694000E+01 -3.36392e-10
0.3696000E+01 -1.0075e-09
0.3698000E+01 4.28417e-09
0.3700000E+01 1.10452e-08
0.3702000E+01 8.50924e-09
0.3704000E+01 -7.29948e-09
0.3706000E+01 2.6156e-09
0.3708000E+01 1.02846e-08
0.3710000E+01 5.29377e-09
0.3712000E+01 -1.15628e-09
0.3714000E+01 1.06262e-09
0.3716000E+01 1.15404e-09
0.3718000E+01 5.33378e-09
0.3720000E+01 2.56031e-09
0.3722000E+01 3.20895e-09
0.3724000E+01 2.48641e-09
0.3726000E+01 2.41121e-09
0.3728000E+01 4.90686e-09
0.3730000E+01 6.24795e-09
0.3732000E+01 1.37522e-08
0.3734000E+01 1.94086e-08
0.3736000E+01 1.25993e-08
0.3738000E+01 7.88239e-09
0.3740000E+01 5.04893e-09
0.3742000E+01 -4.13035e-10
0.3744000E+01 2.91953e-09
0.3746000E+01 2.82537e-09
0.3748000E+01 5.81647e-10
0.3750000E+01 -2.84727e-09
0.3752000E+01 -5.28775e-09
0.3754000E+01 -7.27915e-09
0.3756000E+01 1.52094e-08
0.3758000E+01 3.31625e-09
0.3760000E+01 8.86844e-09
0.3762000E+01 1.21776e-08
0.3764000E+01 1.089e-08
0.3766000E+01 9.56971e-09
0.3768000E+01 1.31982e-08
0.3770000E+01 1.143e-08
0.3772000E+01 1.11649e-08
0.3774000E+01 8.11341e-09
0.3776000E+01 8.65786e-09
0.3778000E+01 1.37582e-08
0.3780000E+01 1.23881e-08
0.3782000E+01 9.88858e-09
0.3784000E+01 3.1275e-09
0.3786000E+01 7.3725e-09
0.3788000E+01 5.18609e-09
0.3790000E+01 -5.41526e-10
0.3792000E+01 -5.74227e-10
0.3794000E+01 3.65556e-09
0.3796000E+01 5.6765e-09
0.3798000E+01 3.82154e-11
0.3800000E+01 1.18014e-09
0.3802000E+01 -1.73429e-09
0.3804000E+01 1.12822e-08
0.3806000E+01 1.14307e-08
0.3808000E+01 1.52528e-08
0.3810000E+01 1.40096e-08
0.3812000E+01 1.33585e-08
0.3814000E+01 1.47742e-08
0.3816000E+01 7.17889e-09
0.3818000E+01 9.13746e-09
0.3820000E+01 1.66177e-08
0.3822000E+01 1.57255e-08
0.3824000E+01 1.08337e-08
0.3826000E+01 8.81656e-09
0.3828000E+01 -8.04504e-09
0.3830000E+01 -7.86539e-09
0.3832000E+01 1.40097e-08
0.3834000E+01 1.05023e-08
0.3836000E+01 1.93907e-08
0.3838000E+01 6.06282e-09
0.3840000E+01 5.91032e-09
0.3842000E+01 -3.22771e-08
0.3844000E+01 4.7219e-08
0.3846000E+01 1.73723e-07
0.3848000E+01 1.18699e-07
0.3850000E+01 6.80492e-08
0.3852000E+01 4.01684e-09
0.3854000E+01 8.19623e-09
0.3856000E+01 5.74199e-09
0.3858000E+01 7.67446e-09
0.3860000E+01 8.63668e-10
0.3862000E+01 2.85497e-10
0.3864000E+01 5.69916e-09
0.3866000E+01 -7.06735e-09
0.3868000E+01 6.65164e-09
0.3870000E+01 9.88015e-09
0.3872000E+01 4.21385e-09
0.3874000E+01 -1.22359e-10
0.3876000E+01 4.16295e-09
0.3878000E+01 -6.45331e-10
0.3880000E+01 -3.08558e-09
0.3882000E+01 -2.76687e-09
0.3884000E+01 -7.47059e-09
0.3886000E+01 -6.21572e-09
0.3888000E+01 1.37113e-09
0.3890000E+01 -6.4476e-10
0.3892000E+01 -2.72409e-09
0.3894000E+01 -3.69873e-09
0.3896000E+01 -6.0054e-09
0.3898000E+01 -3.56791e-09
0.3900000E+01 -1.19774e-08
0.3902000E+01 -6.91401e-10
0.3904000E+01 -8.48217e-10
0.3906000E+01 -1.07371e-11
0.3908000E+01 -4.60681e-09
0.3910000E+01 -9.09636e-09
0.3912000E+01 -1.43927e-08
0.3914000E+01 -3.77388e-10
0.3916000E+01 -4.23552e-09
0.3918000E+01 -6.19574e-09
0.3920000E+01 -2.0865e-09
0.3922000E+01 -5.32535e-09
0.3924000E+01 -1.01876e-08
0.3926000E+01 -1.57728e-08
0.3928000E+01 -3.96836e-09
0.3930000E+01 -2.58673e-09
0.3932000E+01 -4.79309e-09
0.3934000E+01 -1.08322e-08
0.3936000E+01 -7.16505e-09
0.3938000E+01 -9.3872e-09
0.3940000E+01 1.09829e-09
0.3942000E+01 -1.06413e-08
0.3944000E+01 -7.46985e-09
0.3946000E+01 -5.45859e-09
0.3948000E+01 -7.14817e-09
0.3950000E+01 -1.00374e-08
0.3952000E+01 -6.83793e-09
0.3954000E+01 -1.2672e-08
0.3956000E+01 -1.69383e-08
0.3958000E+01 -1.69381e-08
0.3960000E+01 -1.3428e-08
0.3962000E+01 -8.58997e-09
0.3964000E+01 -4.61943e-09
0.3966000E+01 -8.9032e-10
0.3968000E+01 -3.69858e-09
0.3970000E+01 2.55981e-09
0.3972000E+01 2.91927e-09
0.3974000E+01 -8.06697e-10
0.3976000E+01 6.05408e-09
0.3978000E+01 -7.15647e-08
0.3980000E+01 -3.7463e-08
0.3982000E+01 -2.8169e-08
0.3984000E+01 -4.18369e-09
0.3986000E+01 5.51017e-09
0.3988000E+01 1.01147e-08
0.3990000E+01 1.51357e-08
0.3992000E+01 -5.10584e-08
0.3994000E+01 -1.35157e-08
0.3996000E+01 -1.0895e-08
0.3998000E+01 -5.03903e-10
0.4000000E+01 7.12998e-09
