0.0000000E+00 0
0.2000000E-02 0
0.4000000E-02 0
0.6000000E-02 0
0.8000000E-02 0
0.1000000E-01 0
0.1200000E-01 0
0.1400000E-01 0
0.1600000E-01 0
0.1800000E-01 0
0.2000000E-01 0
0.2200000E-01 0
0.2400000E-01 0
0.2600000E-01 0
0.2800000E-01 0
0.3000000E-01 0
0.3200000E-01 0
0.3400000E-01 0
0.3600000E-01 0
0.3800000E-01 0
0.4000000E-01 0
0.4200000E-01 0
0.4400000E-01 0
0.4600000E-01 0
0.4800000E-01 0
0.5000000E-01 0
0.5200000E-01 0
0.5400000E-01 0
0.5600000E-01 0
0.5800000E-01 0
0.6000000E-01 0
0.6200000E-01 0
0.6400000E-01 0
0.6600000E-01 0
0.6800000E-01 0
0.7000000E-01 0
0.7200000E-01 0
0.7400000E-01 0
0.7600000E-01 0
0.7800000E-01 0
0.8000000E-01 0
0.8200000E-01 0
0.8400000E-01 0
0.8600000E-01 4.19931e-05
0.8800000E-01 3.73512e-05
0.9000000E-01 1.43397e-05
0.9200000E-01 3.34588e-06
0.9400000E-01 1.51995e-06
0.9600000E-01 2.05246e-07
0.9800000E-01 -1.02025e-06
0.1000000E+00 -1.65313e-06
0.1020000E+00 -1.44389e-06
0.1040000E+00 -7.26465e-07
0.1060000E+00 8.20019e-09
0.1080000E+00 2.80243e-07
0.1100000E+00 -9.80996e-07
0.1120000E+00 -5.62423e-07
0.1140000E+00 -1.40858e-07
0.1160000E+00 3.08993e-07
0.1180000E+00 1.28534e-06
0.1200000E+00 5.1125e-06
0.1220000E+00 1.11232e-06
0.1240000E+00 -3.14049e-06
0.1260000E+00 -3.01491e-06
0.1280000E+00 -2.06546e-06
0.1300000E+00 -1.96664e-06
0.1320000E+00 -2.0094e-06
0.1340000E+00 -1.44197e-06
0.1360000E+00 -4.42339e-08
0.1380000E+00 1.81175e-07
0.1400000E+00 1.91254e-07
0.1420000E+00 1.87405e-07
0.1440000E+00 6.33587e-08
0.1460000E+00 -1.58119e-08
0.1480000E+00 -4.10788e-09
0.1500000E+00 2.33512e-09
0.1520000E+00 -5.69791e-08
0.1540000E+00 -1.37591e-07
0.1560000E+00 -2.2975e-07
0.1580000E+00 -3.29345e-07
0.1600000E+00 -4.32524e-07
0.1620000E+00 -5.46464e-07
0.1640000E+00 -7.42665e-07
0.1660000E+00 -5.78148e-07
0.1680000E+00 5.96614e-07
0.1700000E+00 8.36587e-07
0.1720000E+00 1.05965e-06
0.1740000E+00 1.26615e-06
0.1760000E+00 -1.35237e-06
0.1780000E+00 -8.45058e-07
0.1800000E+00 -7.60888e-07
0.1820000E+00 -7.48006e-07
0.1840000E+00 -7.32086e-07
0.1860000E+00 -7.16073e-07
0.1880000E+00 -6.75058e-07
0.1900000E+00 -6.53195e-07
0.1920000E+00 -4.71212e-07
0.1940000E+00 4.44878e-07
0.1960000E+00 3.65611e-07
0.1980000E+00 2.80805e-07
0.2000000E+00 1.90952e-07
0.2020000E+00 9.58281e-08
0.2040000E+00 -4.81455e-09
0.2060000E+00 -1.11251e-07
0.2080000E+00 -2.23155e-07
0.2100000E+00 -3.74489e-07
0.2120000E+00 -4.2287e-07
0.2140000E+00 -3.47624e-07
0.2160000E+00 -2.8021e-07
0.2180000E+00 -2.52942e-07
0.2200000E+00 -2.36086e-07
0.2220000E+00 -1.13311e-07
0.2240000E+00 5.06153e-07
0.2260000E+00 6.21563e-07
0.2280000E+00 7.29335e-07
0.2300000E+00 3.66409e-07
0.2320000E+00 -7.19352e-07
0.2340000E+00 -6.05276e-07
0.2360000E+00 -5.60835e-07
0.2380000E+00 -4.89079e-07
0.2400000E+00 -4.1565e-07
0.2420000E+00 -4.23107e-07
0.2440000E+00 -4.30844e-07
0.2460000E+00 -4.43499e-07
0.2480000E+00 -4.5892e-07
0.2500000E+00 -2.15294e-07
0.2520000E+00 3.56199e-07
0.2540000E+00 2.79041e-07
0.2560000E+00 1.91275e-07
0.2580000E+00 9.24315e-08
0.2600000E+00 -1.0468e-08
0.2620000E+00 -1.10894e-07
0.2640000E+00 -1.86469e-07
0.2660000E+00 -1.46662e-07
0.2680000E+00 -1.29221e-07
0.2700000E+00 -9.68163e-08
0.2720000E+00 -7.60708e-08
0.2740000E+00 -6.03458e-08
0.2760000E+00 -4.68685e-08
0.2780000E+00 -3.28406e-08
0.2800000E+00 5.21106e-07
0.2820000E+00 2.91498e-07
0.2840000E+00 -3.74786e-07
0.2860000E+00 -2.18975e-07
0.2880000E+00 -2.4123e-07
0.2900000E+00 -3.01761e-07
0.2920000E+00 -3.06303e-07
0.2940000E+00 -3.10495e-07
0.2960000E+00 -3.14845e-07
0.2980000E+00 -3.19824e-07
0.3000000E+00 -3.25783e-07
0.3020000E+00 -3.16816e-07
0.3040000E+00 -3.20936e-07
0.3060000E+00 2.81732e-07
0.3080000E+00 2.23477e-07
0.3100000E+00 1.63588e-07
0.3120000E+00 1.02292e-07
0.3140000E+00 6.37734e-08
0.3160000E+00 6.59102e-08
0.3180000E+00 4.33038e-08
0.3200000E+00 1.98886e-08
0.3220000E+00 2.64388e-08
0.3240000E+00 3.98124e-08
0.3260000E+00 5.36114e-08
0.3280000E+00 6.7802e-08
0.3300000E+00 -1.23101e-07
0.3320000E+00 -1.19181e-06
0.3340000E+00 -1.80793e-07
0.3360000E+00 5.803e-07
0.3380000E+00 -7.70109e-09
0.3400000E+00 -2.21965e-07
0.3420000E+00 -2.19458e-07
0.3440000E+00 -2.17621e-07
0.3460000E+00 -2.03084e-07
0.3480000E+00 -1.85126e-07
0.3500000E+00 -1.91903e-07
0.3520000E+00 -1.97216e-07
0.3540000E+00 -2.02767e-07
0.3560000E+00 1.25098e-07
0.3580000E+00 2.15662e-07
0.3600000E+00 2.22906e-07
0.3620000E+00 1.83637e-07
0.3640000E+00 1.55124e-07
0.3660000E+00 1.34185e-07
0.3680000E+00 1.7018e-07
0.3700000E+00 1.5904e-07
0.3720000E+00 1.50912e-07
0.3740000E+00 -7.08095e-09
0.3760000E+00 -1.23393e-06
0.3780000E+00 -5.08581e-07
0.3800000E+00 -4.96984e-07
0.3820000E+00 -4.83149e-07
0.3840000E+00 1.86541e-06
0.3860000E+00 -1.60199e-07
0.3880000E+00 -1.09303e-07
0.3900000E+00 -1.06787e-07
0.3920000E+00 -1.0406e-07
0.3940000E+00 -1.01476e-07
0.3960000E+00 -9.93906e-08
0.3980000E+00 -9.69073e-08
0.4000000E+00 -9.39837e-08
0.4020000E+00 -8.06746e-08
0.4040000E+00 2.92104e-07
0.4060000E+00 3.06763e-07
0.4080000E+00 3.15121e-07
0.4100000E+00 3.23457e-07
0.4120000E+00 3.28869e-07
0.4140000E+00 -4.26518e-07
0.4160000E+00 -4.15791e-07
0.4180000E+00 -4.275e-07
0.4200000E+00 -3.83593e-07
0.4220000E+00 -3.98822e-07
0.4240000E+00 -3.12314e-07
0.4260000E+00 1.74967e-07
0.4280000E+00 3.02706e-07
0.4300000E+00 1.97403e-07
0.4320000E+00 8.10154e-08
0.4340000E+00 -3.47904e-08
0.4360000E+00 -2.44178e-08
0.4380000E+00 -1.37896e-08
0.4400000E+00 9.1835e-09
0.4420000E+00 2.06613e-08
0.4440000E+00 2.93219e-08
0.4460000E+00 4.68695e-08
0.4480000E+00 5.56614e-07
0.4500000E+00 -3.53813e-07
0.4520000E+00 -2.67025e-07
0.4540000E+00 -3.34947e-07
0.4560000E+00 -2.51047e-07
0.4580000E+00 -2.07684e-07
0.4600000E+00 -2.06427e-07
0.4620000E+00 -2.02668e-07
0.4640000E+00 -1.72575e-07
0.4660000E+00 1.46964e-07
0.4680000E+00 1.20395e-07
0.4700000E+00 1.65544e-07
0.4720000E+00 1.60358e-07
0.4740000E+00 1.50141e-07
0.4760000E+00 1.43305e-07
0.4780000E+00 1.32006e-07
0.4800000E+00 -1.29065e-07
0.4820000E+00 -7.5457e-07
0.4840000E+00 -6.83206e-07
0.4860000E+00 1.09417e-06
0.4880000E+00 -1.39609e-07
0.4900000E+00 -1.25016e-07
0.4920000E+00 -1.12091e-07
0.4940000E+00 -1.0466e-07
0.4960000E+00 -9.87525e-08
0.4980000E+00 -5.94755e-08
0.5000000E+00 1.17354e-07
0.5020000E+00 2.68922e-07
0.5040000E+00 2.97074e-07
0.5060000E+00 3.24123e-07
0.5080000E+00 -3.1851e-08
0.5100000E+00 -7.54157e-07
0.5120000E+00 -3.58033e-07
0.5140000E+00 -3.46793e-07
0.5160000E+00 8.71269e-08
0.5180000E+00 1.10979e-07
0.5200000E+00 7.49852e-08
0.5220000E+00 7.08294e-08
0.5240000E+00 2.20798e-08
0.5260000E+00 2.32769e-08
0.5280000E+00 4.41231e-08
0.5300000E+00 6.28909e-08
0.5320000E+00 3.58064e-07
0.5340000E+00 -2.88968e-07
0.5360000E+00 -2.59319e-07
0.5380000E+00 -2.46934e-07
0.5400000E+00 -2.28058e-07
0.5420000E+00 -1.3069e-07
0.5440000E+00 1.52734e-07
0.5460000E+00 1.56382e-07
0.5480000E+00 1.59634e-07
0.5500000E+00 1.63612e-07
0.5520000E+00 1.67055e-07
0.5540000E+00 -7.85184e-07
0.5560000E+00 -2.14465e-07
0.5580000E+00 4.0892e-09
0.5600000E+00 1.61525e-08
0.5620000E+00 -7.68742e-08
0.5640000E+00 -4.92116e-08
0.5660000E+00 -1.96597e-08
0.5680000E+00 3.37966e-07
0.5700000E+00 6.80213e-07
0.5720000E+00 -5.87282e-07
0.5740000E+00 -4.48972e-07
0.5760000E+00 1.21193e-08
0.5780000E+00 5.52835e-08
0.5800000E+00 4.02861e-08
0.5820000E+00 2.6504e-08
0.5840000E+00 1.35024e-08
0.5860000E+00 -3.32014e-07
0.5880000E+00 3.09263e-08
0.5900000E+00 -1.48209e-07
0.5920000E+00 -9.06053e-08
0.5940000E+00 1.26223e-07
0.5960000E+00 2.99571e-07
0.5980000E+00 -1.09395e-06
0.6000000E+00 -6.1224e-08
0.6020000E+00 -1.28542e-07
0.6040000E+00 -1.84709e-07
0.6060000E+00 -1.43835e-07
0.6080000E+00 -1.59224e-07
0.6100000E+00 -1.91662e-07
0.6120000E+00 -1.01629e-08
0.6140000E+00 -8.58257e-09
0.6160000E+00 -5.57985e-07
0.6180000E+00 -7.25368e-07
0.6200000E+00 8.04062e-07
0.6220000E+00 -2.62619e-07
0.6240000E+00 -1.17688e-06
0.6260000E+00 -3.65568e-07
0.6280000E+00 -1.7067e-06
0.6300000E+00 2.63649e-07
0.6320000E+00 2.80068e-06
0.6340000E+00 -8.39507e-07
0.6360000E+00 8.72567e-07
0.6380000E+00 -2.02428e-07
0.6400000E+00 2.82864e-08
0.6420000E+00 -3.58027e-07
0.6440000E+00 1.75865e-07
0.6460000E+00 -1.36697e-07
0.6480000E+00 -2.83484e-08
0.6500000E+00 -1.0651e-07
0.6520000E+00 -1.26705e-07
0.6540000E+00 3.50767e-07
0.6560000E+00 -7.37523e-08
0.6580000E+00 2.62695e-07
0.6600000E+00 1.04494e-07
0.6620000E+00 -3.4086e-08
0.6640000E+00 -4.47564e-08
0.6660000E+00 7.05736e-08
0.6680000E+00 2.56176e-07
0.6700000E+00 -5.37413e-08
0.6720000E+00 2.07477e-07
0.6740000E+00 9.05069e-08
0.6760000E+00 8.94079e-08
0.6780000E+00 4.67717e-08
0.6800000E+00 4.22468e-09
0.6820000E+00 -1.57221e-09
0.6840000E+00 1.31268e-07
0.6860000E+00 9.93747e-08
0.6880000E+00 9.71318e-08
0.6900000E+00 5.3223e-08
0.6920000E+00 3.61046e-08
0.6940000E+00 5.07823e-08
0.6960000E+00 5.5124e-08
0.6980000E+00 6.15896e-08
0.7000000E+00 6.22999e-08
0.7020000E+00 4.91653e-08
0.7040000E+00 5.37702e-08
0.7060000E+00 1.21473e-07
0.7080000E+00 9.51437e-08
0.7100000E+00 7.95781e-08
0.7120000E+00 3.72161e-08
0.7140000E+00 5.15794e-08
0.7160000E+00 5.83031e-08
0.7180000E+00 3.37142e-08
0.7200000E+00 4.00246e-08
0.7220000E+00 3.9536e-08
0.7240000E+00 4.0508e-08
0.7260000E+00 4.51287e-08
0.7280000E+00 4.60362e-08
0.7300000E+00 9.2574e-08
0.7320000E+00 8.15713e-08
0.7340000E+00 8.00168e-08
0.7360000E+00 7.63044e-08
0.7380000E+00 -4.24543e-08
0.7400000E+00 3.95149e-08
0.7420000E+00 3.98932e-08
0.7440000E+00 4.50583e-08
0.7460000E+00 4.77584e-08
0.7480000E+00 4.77912e-08
0.7500000E+00 4.64027e-08
0.7520000E+00 5.10451e-08
0.7540000E+00 4.65691e-08
0.7560000E+00 4.96167e-08
0.7580000E+00 7.0284e-08
0.7600000E+00 7.74154e-08
0.7620000E+00 6.88887e-08
0.7640000E+00 6.6548e-08
0.7660000E+00 6.87256e-08
0.7680000E+00 -1.29371e-08
0.7700000E+00 2.94981e-08
0.7720000E+00 3.49126e-08
0.7740000E+00 3.36717e-08
0.7760000E+00 3.63833e-08
0.7780000E+00 4.33236e-08
0.7800000E+00 4.24762e-08
0.7820000E+00 4.18194e-08
0.7840000E+00 4.20596e-08
0.7860000E+00 4.32251e-08
0.7880000E+00 4.43943e-08
0.7900000E+00 6.30446e-08
0.7920000E+00 7.42001e-08
0.7940000E+00 6.5558e-08
0.7960000E+00 6.03465e-08
0.7980000E+00 5.9337e-08
0.8000000E+00 5.82091e-08
0.8020000E+00 -6.54122e-09
0.8040000E+00 -3.2405e-09
0.8060000E+00 2.69947e-08
0.8080000E+00 2.72773e-08
0.8100000E+00 2.6362e-08
0.8120000E+00 2.92971e-08
0.8140000E+00 4.92178e-08
0.8160000E+00 4.37375e-08
0.8180000E+00 4.25417e-08
0.8200000E+00 4.23179e-08
0.8220000E+00 4.27615e-08
0.8240000E+00 4.24225e-08
0.8260000E+00 6.41552e-08
0.8280000E+00 4.87407e-08
0.8300000E+00 4.81402e-08
0.8320000E+00 4.69802e-08
0.8340000E+00 4.6977e-08
0.8360000E+00 5.24872e-08
0.8380000E+00 6.18847e-08
0.8400000E+00 -2.4466e-08
0.8420000E+00 1.13218e-08
0.8440000E+00 2.34858e-08
0.8460000E+00 2.20402e-08
0.8480000E+00 2.76624e-08
0.8500000E+00 2.75457e-08
0.8520000E+00 2.96032e-08
0.8540000E+00 3.28354e-08
0.8560000E+00 3.34532e-08
0.8580000E+00 3.35444e-08
0.8600000E+00 3.27461e-08
0.8620000E+00 4.10894e-08
0.8640000E+00 5.83069e-08
0.8660000E+00 4.53067e-08
0.8680000E+00 4.4423e-08
0.8700000E+00 4.39085e-08
0.8720000E+00 4.40824e-08
0.8740000E+00 4.24863e-08
0.8760000E+00 4.11731e-08
0.8780000E+00 4.10901e-08
0.8800000E+00 4.11532e-08
0.8820000E+00 1.04796e-10
0.8840000E+00 4.92356e-09
0.8860000E+00 1.37013e-08
0.8880000E+00 1.87129e-08
0.8900000E+00 3.60337e-08
0.8920000E+00 3.98014e-08
0.8940000E+00 3.81111e-08
0.8960000E+00 2.96297e-08
0.8980000E+00 3.03941e-08
0.9000000E+00 3.01105e-08
0.9020000E+00 3.20163e-08
0.9040000E+00 3.38866e-08
0.9060000E+00 3.18431e-08
0.9080000E+00 3.09508e-08
0.9100000E+00 3.04227e-08
0.9120000E+00 2.98501e-08
0.9140000E+00 2.94987e-08
0.9160000E+00 2.95131e-08
0.9180000E+00 7.40244e-08
0.9200000E+00 3.97436e-08
0.9220000E+00 3.99315e-08
0.9240000E+00 3.96464e-08
0.9260000E+00 9.30882e-09
0.9280000E+00 1.04108e-08
0.9300000E+00 2.27833e-08
0.9320000E+00 2.24419e-08
0.9340000E+00 2.08056e-08
0.9360000E+00 1.94376e-08
0.9380000E+00 1.86623e-08
0.9400000E+00 2.04489e-08
0.9420000E+00 1.99842e-08
0.9440000E+00 1.94377e-08
0.9460000E+00 2.15189e-08
0.9480000E+00 3.98011e-08
0.9500000E+00 3.89881e-08
0.9520000E+00 3.74052e-08
0.9540000E+00 2.76247e-08
0.9560000E+00 2.74791e-08
0.9580000E+00 2.74411e-08
0.9600000E+00 2.68133e-08
0.9620000E+00 2.62346e-08
0.9640000E+00 2.63435e-08
0.9660000E+00 3.0942e-08
0.9680000E+00 3.26998e-08
0.9700000E+00 2.96265e-08
0.9720000E+00 -2.31065e-08
0.9740000E+00 2.0993e-09
0.9760000E+00 9.68464e-09
0.9780000E+00 1.37499e-08
0.9800000E+00 4.64543e-08
0.9820000E+00 2.27567e-08
0.9840000E+00 2.29739e-08
0.9860000E+00 2.37025e-08
0.9880000E+00 2.27317e-08
0.9900000E+00 2.32114e-08
0.9920000E+00 1.99329e-08
0.9940000E+00 1.82184e-08
0.9960000E+00 1.79291e-08
0.9980000E+00 1.82977e-08
0.1000000E+01 1.76926e-08
0.1002000E+01 2.20354e-08
0.1004000E+01 2.56346e-08
0.1006000E+01 2.21647e-08
0.1008000E+01 2.08528e-08
0.1010000E+01 3.07296e-08
0.1012000E+01 4.53815e-08
0.1014000E+01 3.70927e-08
0.1016000E+01 3.41688e-08
0.1018000E+01 2.69604e-08
0.1020000E+01 -7.82369e-09
0.1022000E+01 5.86169e-09
0.1024000E+01 1.08464e-08
0.1026000E+01 1.43032e-08
0.1028000E+01 1.18541e-08
0.1030000E+01 1.063e-08
0.1032000E+01 1.19499e-08
0.1034000E+01 1.20531e-08
0.1036000E+01 1.30557e-08
0.1038000E+01 1.70516e-08
0.1040000E+01 2.00885e-08
0.1042000E+01 1.827e-08
0.1044000E+01 3.39915e-08
0.1046000E+01 3.96842e-08
0.1048000E+01 2.7093e-08
0.1050000E+01 2.605e-08
0.1052000E+01 2.35154e-08
0.1054000E+01 2.2277e-08
0.1056000E+01 2.2064e-08
0.1058000E+01 2.06437e-08
0.1060000E+01 1.79663e-08
0.1062000E+01 1.69555e-08
0.1064000E+01 1.61665e-08
0.1066000E+01 1.54422e-08
0.1068000E+01 1.47177e-08
0.1070000E+01 -5.55696e-09
0.1072000E+01 4.52955e-09
0.1074000E+01 1.54998e-08
0.1076000E+01 2.00798e-08
0.1078000E+01 2.75309e-08
0.1080000E+01 4.07794e-08
0.1082000E+01 2.64852e-08
0.1084000E+01 2.74553e-08
0.1086000E+01 2.30677e-08
0.1088000E+01 1.88431e-08
0.1090000E+01 1.52358e-08
0.1092000E+01 1.15482e-08
0.1094000E+01 1.38038e-08
0.1096000E+01 1.38725e-08
0.1098000E+01 1.33689e-08
0.1100000E+01 1.3019e-08
0.1102000E+01 1.25745e-08
0.1104000E+01 1.10484e-08
0.1106000E+01 1.31095e-08
0.1108000E+01 1.81703e-08
0.1110000E+01 2.1224e-08
0.1112000E+01 1.92335e-08
0.1114000E+01 3.9023e-08
0.1116000E+01 4.05098e-08
0.1118000E+01 2.65892e-08
0.1120000E+01 2.20696e-08
0.1122000E+01 8.62027e-09
0.1124000E+01 1.27361e-08
0.1126000E+01 1.63126e-08
0.1128000E+01 1.75909e-08
0.1130000E+01 1.41313e-08
0.1132000E+01 1.2646e-08
0.1134000E+01 1.23487e-08
0.1136000E+01 1.14597e-08
0.1138000E+01 1.10024e-08
0.1140000E+01 1.021e-08
0.1142000E+01 2.45578e-08
0.1144000E+01 2.89081e-08
0.1146000E+01 1.93837e-08
0.1148000E+01 1.67053e-08
0.1150000E+01 3.91917e-08
0.1152000E+01 2.47721e-08
0.1154000E+01 2.51417e-08
0.1156000E+01 2.32349e-08
0.1158000E+01 2.16595e-08
0.1160000E+01 1.7246e-08
0.1162000E+01 1.57668e-08
0.1164000E+01 1.50994e-08
0.1166000E+01 1.43818e-08
0.1168000E+01 1.37213e-08
0.1170000E+01 1.29888e-08
0.1172000E+01 1.22149e-08
0.1174000E+01 1.3207e-08
0.1176000E+01 2.1051e-08
0.1178000E+01 2.61995e-08
0.1180000E+01 2.42068e-08
0.1182000E+01 1.91377e-08
0.1184000E+01 1.53417e-08
0.1186000E+01 1.80376e-08
0.1188000E+01 4.18238e-08
0.1190000E+01 4.09232e-08
0.1192000E+01 2.48618e-08
0.1194000E+01 2.26642e-08
0.1196000E+01 2.19249e-08
0.1198000E+01 2.10293e-08
0.1200000E+01 1.90696e-08
0.1202000E+01 1.75904e-08
0.1204000E+01 3.65478e-09
0.1206000E+01 4.08589e-09
0.1208000E+01 2.43783e-08
0.1210000E+01 3.28352e-08
0.1212000E+01 2.03717e-08
0.1214000E+01 1.97427e-08
0.1216000E+01 1.91806e-08
0.1218000E+01 1.82575e-08
0.1220000E+01 1.70109e-08
0.1222000E+01 1.46323e-08
0.1224000E+01 1.19322e-08
0.1226000E+01 4.15009e-08
0.1228000E+01 2.20258e-08
0.1230000E+01 2.14117e-08
0.1232000E+01 2.09989e-08
0.1234000E+01 2.00689e-08
0.1236000E+01 1.80583e-08
0.1238000E+01 1.92641e-08
0.1240000E+01 2.96009e-08
0.1242000E+01 4.12452e-08
0.1244000E+01 3.75574e-08
0.1246000E+01 3.02874e-08
0.1248000E+01 2.49113e-08
0.1250000E+01 2.35978e-08
0.1252000E+01 2.20311e-08
0.1254000E+01 6.70238e-09
0.1256000E+01 -4.32026e-09
0.1258000E+01 5.13426e-09
0.1260000E+01 8.78158e-09
0.1262000E+01 8.63484e-09
0.1264000E+01 2.42526e-08
0.1266000E+01 2.91783e-08
0.1268000E+01 2.22475e-08
0.1270000E+01 1.72084e-08
0.1272000E+01 4.52102e-08
0.1274000E+01 5.29338e-08
0.1276000E+01 3.27687e-08
0.1278000E+01 3.15652e-08
0.1280000E+01 3.12215e-08
0.1282000E+01 2.90387e-08
0.1284000E+01 2.60272e-08
0.1286000E+01 2.15884e-08
0.1288000E+01 2.1103e-08
0.1290000E+01 2.18533e-08
0.1292000E+01 2.04981e-08
0.1294000E+01 1.95417e-08
0.1296000E+01 1.85312e-08
0.1298000E+01 1.79719e-08
0.1300000E+01 -3.53531e-09
0.1302000E+01 -3.89233e-09
0.1304000E+01 5.20129e-08
0.1306000E+01 5.83328e-08
0.1308000E+01 4.10383e-08
0.1310000E+01 2.47033e-08
0.1312000E+01 2.36902e-08
0.1314000E+01 2.36604e-08
0.1316000E+01 2.22756e-08
0.1318000E+01 2.15825e-08
0.1320000E+01 2.07478e-08
0.1322000E+01 1.82696e-08
0.1324000E+01 1.58653e-08
0.1326000E+01 1.40231e-08
0.1328000E+01 1.31306e-08
0.1330000E+01 1.24637e-08
0.1332000E+01 2.42485e-08
0.1334000E+01 3.92391e-08
0.1336000E+01 5.42803e-08
0.1338000E+01 3.45373e-08
0.1340000E+01 3.41858e-08
0.1342000E+01 -4.34993e-09
0.1344000E+01 1.70377e-08
0.1346000E+01 1.52575e-08
0.1348000E+01 1.83565e-08
0.1350000E+01 1.78774e-08
0.1352000E+01 1.39838e-08
0.1354000E+01 1.38911e-08
0.1356000E+01 1.34775e-08
0.1358000E+01 1.42989e-08
0.1360000E+01 1.39174e-08
0.1362000E+01 3.2355e-08
0.1364000E+01 6.02826e-08
0.1366000E+01 6.21148e-08
0.1368000E+01 4.26798e-08
0.1370000E+01 3.57094e-08
0.1372000E+01 3.24195e-08
0.1374000E+01 3.18362e-08
0.1376000E+01 2.97902e-08
0.1378000E+01 -1.97926e-09
0.1380000E+01 -4.35302e-08
0.1382000E+01 -1.78021e-08
0.1384000E+01 1.64594e-10
0.1386000E+01 9.97764e-09
0.1388000E+01 2.7594e-09
0.1390000E+01 7.18874e-09
0.1392000E+01 3.88434e-08
0.1394000E+01 6.12872e-08
0.1396000E+01 4.45333e-08
0.1398000E+01 3.471e-08
0.1400000E+01 2.98036e-08
0.1402000E+01 2.67108e-08
0.1404000E+01 2.53871e-08
0.1406000E+01 2.23388e-08
0.1408000E+01 2.05043e-08
0.1410000E+01 2.07841e-08
0.1412000E+01 -3.86172e-08
0.1414000E+01 -5.57367e-08
0.1416000E+01 -2.01598e-08
0.1418000E+01 -2.20423e-08
0.1420000E+01 2.93771e-08
0.1422000E+01 5.23662e-08
0.1424000E+01 3.03155e-08
0.1426000E+01 4.87685e-08
0.1428000E+01 3.44426e-08
0.1430000E+01 2.84514e-08
0.1432000E+01 1.26972e-08
0.1434000E+01 4.42561e-09
0.1436000E+01 8.81135e-09
0.1438000E+01 8.99035e-09
0.1440000E+01 -2.24516e-09
0.1442000E+01 -8.26673e-08
0.1444000E+01 -6.01355e-08
0.1446000E+01 -3.0264e-08
0.1448000E+01 4.21412e-09
0.1450000E+01 4.46551e-08
0.1452000E+01 3.06854e-08
0.1454000E+01 1.00815e-08
0.1456000E+01 5.44771e-09
0.1458000E+01 5.52443e-09
0.1460000E+01 8.61423e-09
0.1462000E+01 1.18073e-08
0.1464000E+01 1.18876e-08
0.1466000E+01 2.38429e-08
0.1468000E+01 -7.79482e-08
0.1470000E+01 -6.25521e-08
0.1472000E+01 -4.66709e-08
0.1474000E+01 -1.32858e-08
0.1476000E+01 2.62114e-08
0.1478000E+01 2.44445e-08
0.1480000E+01 -3.9203e-09
0.1482000E+01 -2.66701e-09
0.1484000E+01 -4.01926e-10
0.1486000E+01 -1.75091e-09
0.1488000E+01 -4.11471e-09
0.1490000E+01 -6.38126e-08
0.1492000E+01 -1.20101e-07
0.1494000E+01 -8.51522e-08
0.1496000E+01 -5.83686e-08
0.1498000E+01 -4.33885e-08
0.1500000E+01 -4.62202e-08
0.1502000E+01 1.22682e-08
0.1504000E+01 4.57709e-08
0.1506000E+01 2.10344e-08
0.1508000E+01 3.93102e-08
0.1510000E+01 2.66858e-08
0.1512000E+01 -8.16285e-08
0.1514000E+01 -1.23425e-07
0.1516000E+01 -5.2817e-08
0.1518000E+01 -3.96127e-08
0.1520000E+01 -4.50819e-08
0.1522000E+01 -5.24778e-08
0.1524000E+01 -4.12321e-08
0.1526000E+01 -3.45327e-08
0.1528000E+01 9.81e-09
0.1530000E+01 3.01865e-08
0.1532000E+01 -9.67344e-08
0.1534000E+01 -8.72616e-08
0.1536000E+01 -5.27499e-08
0.1538000E+01 -4.73748e-08
0.1540000E+01 -3.19769e-08
0.1542000E+01 -2.19629e-08
0.1544000E+01 -2.06206e-08
0.1546000E+01 -2.11179e-08
0.1548000E+01 -7.59641e-09
0.1550000E+01 -1.16858e-07
0.1552000E+01 -7.61698e-08
0.1554000E+01 -9.40457e-09
0.1556000E+01 3.15175e-08
0.1558000E+01 -5.67623e-10
0.1560000E+01 -2.51116e-08
0.1562000E+01 -1.53192e-08
0.1564000E+01 1.28424e-09
0.1566000E+01 -7.20408e-08
0.1568000E+01 -1.04632e-07
0.1570000E+01 -4.61434e-08
0.1572000E+01 -3.60525e-08
0.1574000E+01 -2.73265e-08
0.1576000E+01 -1.52901e-08
0.1578000E+01 3.60072e-08
0.1580000E+01 6.26504e-08
0.1582000E+01 -2.86934e-09
0.1584000E+01 -4.37636e-08
0.1586000E+01 -5.72441e-10
0.1588000E+01 2.55985e-08
0.1590000E+01 2.62133e-08
0.1592000E+01 2.26714e-08
0.1594000E+01 7.30697e-09
0.1596000E+01 -9.87901e-10
0.1598000E+01 -2.67053e-08
0.1600000E+01 -3.4842e-08
0.1602000E+01 2.68505e-08
0.1604000E+01 3.24645e-08
0.1606000E+01 1.40309e-08
0.1608000E+01 6.68844e-08
0.1610000E+01 7.51727e-08
0.1612000E+01 8.6949e-08
0.1614000E+01 5.10011e-08
0.1616000E+01 5.0494e-08
0.1618000E+01 6.26869e-08
0.1620000E+01 6.55092e-08
0.1622000E+01 7.13631e-08
0.1624000E+01 6.98164e-08
0.1626000E+01 -3.98684e-08
0.1628000E+01 1.30187e-07
0.1630000E+01 1.23043e-07
0.1632000E+01 9.33916e-08
0.1634000E+01 9.98519e-08
0.1636000E+01 1.0485e-07
0.1638000E+01 9.05984e-08
0.1640000E+01 9.17341e-08
0.1642000E+01 6.29075e-08
0.1644000E+01 5.63093e-08
0.1646000E+01 9.9917e-08
0.1648000E+01 9.61364e-08
0.1650000E+01 1.44508e-07
0.1652000E+01 1.87945e-07
0.1654000E+01 1.83793e-07
0.1656000E+01 1.53255e-07
0.1658000E+01 1.22903e-07
0.1660000E+01 1.25364e-07
0.1662000E+01 1.05597e-07
0.1664000E+01 9.58655e-08
0.1666000E+01 9.15758e-08
0.1668000E+01 1.35518e-07
0.1670000E+01 1.34737e-07
0.1672000E+01 1.61602e-07
0.1674000E+01 2.09588e-07
0.1676000E+01 2.11829e-07
0.1678000E+01 1.82341e-07
0.1680000E+01 2.01675e-07
0.1682000E+01 2.06815e-07
0.1684000E+01 1.8281e-07
0.1686000E+01 1.55156e-07
0.1688000E+01 1.49087e-07
0.1690000E+01 1.30706e-07
0.1692000E+01 1.02949e-07
0.1694000E+01 1.56253e-07
0.1696000E+01 2.24473e-07
0.1698000E+01 2.31317e-07
0.1700000E+01 2.03467e-07
0.1702000E+01 2.02523e-07
0.1704000E+01 2.03849e-07
0.1706000E+01 2.14003e-07
0.1708000E+01 2.11064e-07
0.1710000E+01 2.02779e-07
0.1712000E+01 1.80026e-07
0.1714000E+01 1.61583e-07
0.1716000E+01 1.90993e-07
0.1718000E+01 2.361e-07
0.1720000E+01 2.23109e-07
0.1722000E+01 1.91582e-07
0.1724000E+01 1.92071e-07
0.1726000E+01 2.17922e-07
0.1728000E+01 2.07181e-07
0.1730000E+01 2.04257e-07
0.1732000E+01 2.13195e-07
0.1734000E+01 2.17035e-07
0.1736000E+01 1.85968e-07
0.1738000E+01 2.29368e-07
0.1740000E+01 2.5319e-07
0.1742000E+01 2.24666e-07
0.1744000E+01 2.29562e-07
0.1746000E+01 2.78721e-07
0.1748000E+01 2.21479e-07
0.1750000E+01 2.09508e-07
0.1752000E+01 2.05601e-07
0.1754000E+01 2.01831e-07
0.1756000E+01 1.99687e-07
0.1758000E+01 1.98149e-07
0.1760000E+01 2.63328e-07
0.1762000E+01 2.36318e-07
0.1764000E+01 2.33672e-07
0.1766000E+01 2.27227e-07
0.1768000E+01 2.21763e-07
0.1770000E+01 2.20006e-07
0.1772000E+01 2.29078e-07
0.1774000E+01 2.23583e-07
0.1776000E+01 2.06455e-07
0.1778000E+01 2.77352e-07
0.1780000E+01 3.38725e-07
0.1782000E+01 3.033e-07
0.1784000E+01 2.83001e-07
0.1786000E+01 2.46328e-07
0.1788000E+01 2.38821e-07
0.1790000E+01 2.32716e-07
0.1792000E+01 2.27041e-07
0.1794000E+01 2.1888e-07
0.1796000E+01 2.03563e-07
0.1798000E+01 2.89195e-07
0.1800000E+01 3.18008e-07
0.1802000E+01 2.83313e-07
0.1804000E+01 2.66028e-07
0.1806000E+01 2.54007e-07
0.1808000E+01 2.57776e-07
0.1810000E+01 2.61704e-07
0.1812000E+01 2.7944e-07
0.1814000E+01 2.59218e-07
0.1816000E+01 2.80327e-07
0.1818000E+01 3.24992e-07
0.1820000E+01 3.1326e-07
0.1822000E+01 2.95977e-07
0.1824000E+01 2.95941e-07
0.1826000E+01 3.04116e-07
0.1828000E+01 3.00294e-07
0.1830000E+01 2.79858e-07
0.1832000E+01 2.72641e-07
0.1834000E+01 2.82998e-07
0.1836000E+01 3.27622e-07
0.1838000E+01 3.35691e-07
0.1840000E+01 3.22774e-07
0.1842000E+01 3.22567e-07
0.1844000E+01 3.4105e-07
0.1846000E+01 3.37422e-07
0.1848000E+01 3.31608e-07
0.1850000E+01 3.27395e-07
0.1852000E+01 3.51109e-07
0.1854000E+01 3.88733e-07
0.1856000E+01 3.67766e-07
0.1858000E+01 3.50758e-07
0.1860000E+01 3.57543e-07
0.1862000E+01 3.88405e-07
0.1864000E+01 3.85855e-07
0.1866000E+01 3.72305e-07
0.1868000E+01 3.69212e-07
0.1870000E+01 4.31198e-07
0.1872000E+01 4.29283e-07
0.1874000E+01 4.02555e-07
0.1876000E+01 3.98776e-07
0.1878000E+01 4.41302e-07
0.1880000E+01 4.48008e-07
0.1882000E+01 4.39166e-07
0.1884000E+01 4.43267e-07
0.1886000E+01 4.73405e-07
0.1888000E+01 4.79113e-07
0.1890000E+01 4.65398e-07
0.1892000E+01 4.57646e-07
0.1894000E+01 5.39158e-07
0.1896000E+01 5.34638e-07
0.1898000E+01 5.07055e-07
0.1900000E+01 5.06999e-07
0.1902000E+01 5.27447e-07
0.1904000E+01 5.29187e-07
0.1906000E+01 5.29616e-07
0.1908000E+01 6.28499e-07
0.1910000E+01 6.57118e-07
0.1912000E+01 5.85552e-07
0.1914000E+01 5.82374e-07
0.1916000E+01 5.43924e-07
0.1918000E+01 4.1785e-07
0.1920000E+01 4.95403e-07
0.1922000E+01 4.13953e-07
0.1924000E+01 -4.26941e-07
0.1926000E+01 2.6339e-07
0.1928000E+01 2.39267e-06
0.1930000E+01 2.38938e-06
0.1932000E+01 1.80558e-06
0.1934000E+01 1.98103e-06
0.1936000E+01 8.9105e-07
0.1938000E+01 2.04282e-06
0.1940000E+01 1.12358e-06
0.1942000E+01 2.22644e-06
0.1944000E+01 2.73622e-06
0.1946000E+01 4.33178e-06
0.1948000E+01 2.79578e-06
0.1950000E+01 3.90855e-06
0.1952000E+01 3.56243e-06
0.1954000E+01 1.53887e-05
0.1956000E+01 -5.56844e-07
0.1958000E+01 -1.7766e-05
0.1960000E+01 -6.41486e-06
0.1962000E+01 -6.4738e-06
0.1964000E+01 -2.10682e-06
0.1966000E+01 -5.32172e-07
0.1968000E+01 -1.93377e-06
0.1970000E+01 -2.51529e-06
0.1972000E+01 -3.48271e-06
0.1974000E+01 -2.68973e-06
0.1976000E+01 -6.6669e-07
0.1978000E+01 -6.21686e-07
0.1980000E+01 -2.60931e-06
0.1982000E+01 -2.8574e-06
0.1984000E+01 -1.08213e-06
0.1986000E+01 -5.63032e-07
0.1988000E+01 -9.4047e-07
0.1990000E+01 -6.42685e-07
0.1992000E+01 -1.11523e-06
0.1994000E+01 -2.14948e-07
0.1996000E+01 -3.37765e-07
0.1998000E+01 1.32254e-07
0.2000000E+01 -2.9472e-07
0.2002000E+01 -3.11627e-07
0.2004000E+01 -3.31978e-07
0.2006000E+01 -3.556e-07
0.2008000E+01 -3.81625e-07
0.2010000E+01 -4.28779e-07
0.2012000E+01 -4.87308e-07
0.2014000E+01 -6.07235e-07
0.2016000E+01 -8.87756e-07
0.2018000E+01 -5.32018e-07
0.2020000E+01 -1.9877e-07
0.2022000E+01 -2.08838e-07
0.2024000E+01 -2.17235e-07
0.2026000E+01 -2.06247e-07
0.2028000E+01 -2.19099e-07
0.2030000E+01 3.49285e-08
0.2032000E+01 6.75709e-07
0.2034000E+01 9.80331e-07
0.2036000E+01 -4.29264e-08
0.2038000E+01 -8.63344e-07
0.2040000E+01 -7.94957e-07
0.2042000E+01 -7.40292e-07
0.2044000E+01 -4.10205e-07
0.2046000E+01 -2.88809e-07
0.2048000E+01 -4.01758e-08
0.2050000E+01 5.55993e-07
0.2052000E+01 2.69099e-07
0.2054000E+01 -8.48163e-07
0.2056000E+01 -8.74743e-07
0.2058000E+01 -1.8518e-07
0.2060000E+01 2.74003e-08
0.2062000E+01 -7.01384e-09
0.2064000E+01 -6.74201e-08
0.2066000E+01 -4.01485e-07
0.2068000E+01 1.50969e-08
0.2070000E+01 -1.33531e-07
0.2072000E+01 -4.48008e-07
0.2074000E+01 -3.24729e-07
0.2076000E+01 -7.02274e-08
0.2078000E+01 5.48819e-08
0.2080000E+01 -2.14045e-08
0.2082000E+01 -6.29559e-08
0.2084000E+01 -4.43329e-07
0.2086000E+01 -3.74038e-07
0.2088000E+01 -3.04499e-07
0.2090000E+01 -3.29e-07
0.2092000E+01 -1.24102e-07
0.2094000E+01 2.99889e-07
0.2096000E+01 1.35465e-07
0.2098000E+01 -1.58166e-07
0.2100000E+01 -2.53305e-07
0.2102000E+01 -2.5478e-07
0.2104000E+01 -2.50668e-07
0.2106000E+01 -1.96908e-07
0.2108000E+01 -4.6366e-09
0.2110000E+01 6.46302e-08
0.2112000E+01 1.2532e-08
0.2114000E+01 3.29402e-08
0.2116000E+01 4.54682e-09
0.2118000E+01 -2.18493e-07
0.2120000E+01 -2.63491e-07
0.2122000E+01 -2.64076e-07
0.2124000E+01 -3.2054e-07
0.2126000E+01 -3.98001e-07
0.2128000E+01 -1.71045e-07
0.2130000E+01 1.08406e-07
0.2132000E+01 -1.35581e-08
0.2134000E+01 -1.99786e-07
0.2136000E+01 -1.83365e-07
0.2138000E+01 -1.83365e-07
0.2140000E+01 -1.97725e-07
0.2142000E+01 -1.93659e-07
0.2144000E+01 -6.48222e-08
0.2146000E+01 1.19177e-07
0.2148000E+01 7.06324e-08
0.2150000E+01 2.307e-08
0.2152000E+01 -9.20876e-08
0.2154000E+01 -1.71942e-07
0.2156000E+01 -2.37449e-07
0.2158000E+01 -3.33355e-07
0.2160000E+01 -1.96659e-07
0.2162000E+01 -3.60501e-08
0.2164000E+01 -5.47186e-08
0.2166000E+01 -6.35391e-08
0.2168000E+01 -5.63421e-08
0.2170000E+01 -9.72997e-08
0.2172000E+01 -1.77611e-07
0.2174000E+01 -2.33483e-07
0.2176000E+01 -2.49179e-07
0.2178000E+01 -2.79926e-07
0.2180000E+01 1.63817e-07
0.2182000E+01 6.08349e-08
0.2184000E+01 -1.28579e-07
0.2186000E+01 -1.48152e-07
0.2188000E+01 -1.44976e-07
0.2190000E+01 -1.4673e-07
0.2192000E+01 -8.60382e-08
0.2194000E+01 1.13103e-07
0.2196000E+01 1.57677e-07
0.2198000E+01 -3.88524e-08
0.2200000E+01 -1.28795e-07
0.2202000E+01 -2.18508e-07
0.2204000E+01 -2.19388e-07
0.2206000E+01 -1.88841e-07
0.2208000E+01 -1.70169e-08
0.2210000E+01 2.5429e-08
0.2212000E+01 -5.12147e-09
0.2214000E+01 2.3542e-08
0.2216000E+01 -6.3729e-08
0.2218000E+01 -1.71186e-07
0.2220000E+01 -1.94211e-07
0.2222000E+01 2.7833e-08
0.2224000E+01 2.55677e-07
0.2226000E+01 -1.56594e-07
0.2228000E+01 -1.53899e-07
0.2230000E+01 -1.50928e-07
0.2232000E+01 2.32514e-08
0.2234000E+01 2.75059e-07
0.2236000E+01 2.41367e-07
0.2238000E+01 9.1099e-08
0.2240000E+01 -2.0611e-07
0.2242000E+01 -7.59978e-08
0.2244000E+01 2.02582e-07
0.2246000E+01 5.39553e-08
0.2248000E+01 -3.20682e-08
0.2250000E+01 -4.64245e-08
0.2252000E+01 4.80709e-07
0.2254000E+01 -6.39957e-08
0.2256000E+01 7.35013e-07
0.2258000E+01 1.43674e-06
0.2260000E+01 1.26479e-07
0.2262000E+01 -1.23009e-06
0.2264000E+01 -8.13846e-07
0.2266000E+01 -7.18791e-07
0.2268000E+01 -5.93616e-07
0.2270000E+01 -5.22074e-07
0.2272000E+01 -4.46799e-07
0.2274000E+01 -4.14482e-07
0.2276000E+01 -3.8881e-07
0.2278000E+01 -3.62557e-07
0.2280000E+01 -3.05977e-07
0.2282000E+01 -2.53468e-07
0.2284000E+01 -2.35188e-07
0.2286000E+01 -2.32375e-07
0.2288000E+01 -2.08304e-07
0.2290000E+01 -1.95155e-07
0.2292000E+01 -1.94368e-07
0.2294000E+01 -2.09561e-07
0.2296000E+01 -2.07137e-07
0.2298000E+01 -1.9806e-07
0.2300000E+01 -1.88813e-07
0.2302000E+01 -1.82689e-07
0.2304000E+01 -1.76297e-07
0.2306000E+01 -1.6704e-07
0.2308000E+01 -1.64937e-07
0.2310000E+01 -1.60782e-07
0.2312000E+01 -1.41274e-07
0.2314000E+01 -1.58017e-07
0.2316000E+01 -1.70635e-07
0.2318000E+01 -1.698e-07
0.2320000E+01 -1.62639e-07
0.2322000E+01 -1.56216e-07
0.2324000E+01 -1.4868e-07
0.2326000E+01 -1.42879e-07
0.2328000E+01 -1.39219e-07
0.2330000E+01 -1.32169e-07
0.2332000E+01 -1.32696e-07
0.2334000E+01 -1.30153e-07
0.2336000E+01 -1.22591e-07
0.2338000E+01 -1.24176e-07
0.2340000E+01 -1.20728e-07
0.2342000E+01 -1.18877e-07
0.2344000E+01 -1.11968e-07
0.2346000E+01 -1.16227e-07
0.2348000E+01 -1.2729e-07
0.2350000E+01 -1.26632e-07
0.2352000E+01 -1.20874e-07
0.2354000E+01 -1.15533e-07
0.2356000E+01 -1.12766e-07
0.2358000E+01 -1.10632e-07
0.2360000E+01 -1.12852e-07
0.2362000E+01 -1.21223e-07
0.2364000E+01 -1.28797e-07
0.2366000E+01 -1.17147e-07
0.2368000E+01 -1.13149e-07
0.2370000E+01 -1.21712e-07
0.2372000E+01 -1.17764e-07
0.2374000E+01 -1.1257e-07
0.2376000E+01 -8.75281e-08
0.2378000E+01 -9.89072e-08
0.2380000E+01 -9.05117e-08
0.2382000E+01 -1.10086e-07
0.2384000E+01 -9.07967e-08
0.2386000E+01 -8.9537e-08
0.2388000E+01 -1.0876e-07
0.2390000E+01 -1.09159e-07
0.2392000E+01 -1.101e-07
0.2394000E+01 -1.02356e-07
0.2396000E+01 -1.10081e-07
0.2398000E+01 -1.11255e-07
0.2400000E+01 -1.10233e-07
0.2402000E+01 -1.08772e-07
0.2404000E+01 -1.08951e-07
0.2406000E+01 -8.78819e-08
0.2408000E+01 -9.87953e-08
0.2410000E+01 -9.32698e-08
0.2412000E+01 -8.01442e-08
0.2414000E+01 -9.2289e-08
0.2416000E+01 -8.96279e-08
0.2418000E+01 -8.53857e-08
0.2420000E+01 -4.78352e-08
0.2422000E+01 -8.81066e-08
0.2424000E+01 -9.64742e-08
0.2426000E+01 -9.48203e-08
0.2428000E+01 -1.00632e-07
0.2430000E+01 -9.42277e-08
0.2432000E+01 -9.43993e-08
0.2434000E+01 -9.47995e-08
0.2436000E+01 -9.08825e-08
0.2438000E+01 -9.27647e-08
0.2440000E+01 -9.51484e-08
0.2442000E+01 -9.39733e-08
0.2444000E+01 -9.39946e-08
0.2446000E+01 -8.9199e-08
0.2448000E+01 -8.74665e-08
0.2450000E+01 -8.74682e-08
0.2452000E+01 -8.51218e-08
0.2454000E+01 -8.20314e-08
0.2456000E+01 -8.40253e-08
0.2458000E+01 -7.81546e-08
0.2460000E+01 -7.19435e-08
0.2462000E+01 -2.51121e-07
0.2464000E+01 -2.48078e-07
0.2466000E+01 -9.73939e-08
0.2468000E+01 -1.34413e-07
0.2470000E+01 -1.40631e-07
0.2472000E+01 -3.37574e-08
0.2474000E+01 -1.05477e-07
0.2476000E+01 -1.37751e-07
0.2478000E+01 -1.20811e-07
0.2480000E+01 -8.80721e-08
0.2482000E+01 -1.29342e-07
0.2484000E+01 -1.1143e-07
0.2486000E+01 -1.29574e-07
0.2488000E+01 -1.00501e-07
0.2490000E+01 -9.19081e-08
0.2492000E+01 -1.17299e-07
0.2494000E+01 -1.1876e-07
0.2496000E+01 -1.1383e-07
0.2498000E+01 -1.20819e-07
0.2500000E+01 -2.17629e-09
0.2502000E+01 -1.11296e-07
0.2504000E+01 -9.33049e-08
0.2506000E+01 -8.51508e-08
0.2508000E+01 -1.03585e-07
0.2510000E+01 -1.16583e-07
0.2512000E+01 -1.07977e-07
0.2514000E+01 4.06973e-08
0.2516000E+01 -9.88481e-08
0.2518000E+01 -1.07823e-07
0.2520000E+01 -1.05312e-07
0.2522000E+01 -9.71361e-08
0.2524000E+01 -1.00575e-07
0.2526000E+01 -1.10231e-07
0.2528000E+01 -3.51152e-08
0.2530000E+01 -1.21833e-08
0.2532000E+01 -4.62417e-08
0.2534000E+01 -1.47039e-07
0.2536000E+01 -1.08615e-07
0.2538000E+01 -8.8468e-08
0.2540000E+01 -9.21035e-08
0.2542000E+01 -9.09665e-08
0.2544000E+01 -9.0876e-08
0.2546000E+01 3.67415e-08
0.2548000E+01 -1.39209e-08
0.2550000E+01 -4.66781e-08
0.2552000E+01 -4.42987e-08
0.2554000E+01 -1.1857e-07
0.2556000E+01 -9.06684e-08
0.2558000E+01 -8.92325e-08
0.2560000E+01 -8.39962e-08
0.2562000E+01 -8.22028e-08
0.2564000E+01 2.80458e-09
0.2566000E+01 -1.8397e-08
0.2568000E+01 -5.48136e-08
0.2570000E+01 -6.07517e-08
0.2572000E+01 -5.4709e-08
0.2574000E+01 -5.57306e-08
0.2576000E+01 -5.47103e-08
0.2578000E+01 -6.87752e-08
0.2580000E+01 -7.72163e-08
0.2582000E+01 -8.31808e-08
0.2584000E+01 1.42228e-08
0.2586000E+01 6.1413e-09
0.2588000E+01 -2.23639e-08
0.2590000E+01 -3.92804e-08
0.2592000E+01 -6.39989e-08
0.2594000E+01 -8.65431e-08
0.2596000E+01 -6.70633e-08
0.2598000E+01 -6.22153e-08
0.2600000E+01 -6.35525e-08
0.2602000E+01 -6.89477e-08
0.2604000E+01 -5.94315e-08
0.2606000E+01 -1.32459e-09
0.2608000E+01 -4.06987e-08
0.2610000E+01 -3.9618e-08
0.2612000E+01 -4.4797e-08
0.2614000E+01 -5.00658e-08
0.2616000E+01 -3.89359e-08
0.2618000E+01 -5.84464e-08
0.2620000E+01 -8.49965e-08
0.2622000E+01 -5.96928e-08
0.2624000E+01 -8.56402e-08
0.2626000E+01 -6.40066e-08
0.2628000E+01 -1.09959e-08
0.2630000E+01 -8.55633e-09
0.2632000E+01 -5.98155e-08
0.2634000E+01 -9.79629e-08
0.2636000E+01 -6.48787e-08
0.2638000E+01 -5.09924e-08
0.2640000E+01 -6.08223e-08
0.2642000E+01 -5.85343e-08
0.2644000E+01 -5.78782e-08
0.2646000E+01 -5.06462e-08
0.2648000E+01 -9.08863e-08
0.2650000E+01 -9.13325e-08
0.2652000E+01 -4.18076e-08
0.2654000E+01 -3.01769e-08
0.2656000E+01 -2.59694e-08
0.2658000E+01 -5.14702e-08
0.2660000E+01 -5.48058e-08
0.2662000E+01 -5.34634e-08
0.2664000E+01 -9.72265e-08
0.2666000E+01 -9.71225e-08
0.2668000E+01 -7.99707e-08
0.2670000E+01 -6.55486e-08
0.2672000E+01 -6.45046e-08
0.2674000E+01 -6.59403e-08
0.2676000E+01 -6.37693e-08
0.2678000E+01 -1.31953e-08
0.2680000E+01 -4.59988e-08
0.2682000E+01 -9.27879e-08
0.2684000E+01 -8.36199e-08
0.2686000E+01 -7.52991e-08
0.2688000E+01 -6.51771e-08
0.2690000E+01 -7.43235e-08
0.2692000E+01 -7.17564e-08
0.2694000E+01 -6.13437e-08
0.2696000E+01 -6.40627e-08
0.2698000E+01 -6.56386e-08
0.2700000E+01 -1.03457e-07
0.2702000E+01 -1.32013e-07
0.2704000E+01 -6.24476e-08
0.2706000E+01 -5.62091e-08
0.2708000E+01 -5.95418e-08
0.2710000E+01 -6.11176e-08
0.2712000E+01 -6.1235e-08
0.2714000E+01 -6.40904e-08
0.2716000E+01 -6.85095e-08
0.2718000E+01 -5.91604e-08
0.2720000E+01 -9.26408e-08
0.2722000E+01 -9.35177e-08
0.2724000E+01 -1.24564e-07
0.2726000E+01 -9.6675e-08
0.2728000E+01 -9.79798e-08
0.2730000E+01 -6.93173e-08
0.2732000E+01 -5.41028e-08
0.2734000E+01 -4.99638e-08
0.2736000E+01 -7.4695e-08
0.2738000E+01 -8.61449e-08
0.2740000E+01 -7.736e-08
0.2742000E+01 -6.86161e-08
0.2744000E+01 -6.52941e-08
0.2746000E+01 -8.99123e-08
0.2748000E+01 -1.34704e-07
0.2750000E+01 -1.04379e-07
0.2752000E+01 -1.01319e-07
0.2754000E+01 -1.42248e-07
0.2756000E+01 -1.10177e-07
0.2758000E+01 -7.87679e-08
0.2760000E+01 -6.30095e-08
0.2762000E+01 -7.90138e-08
0.2764000E+01 -7.97594e-08
0.2766000E+01 -8.48939e-08
0.2768000E+01 -1.10569e-07
0.2770000E+01 -1.13576e-07
0.2772000E+01 -1.18087e-07
0.2774000E+01 -1.44055e-07
0.2776000E+01 -1.22146e-07
0.2778000E+01 -1.1956e-07
0.2780000E+01 -1.06776e-07
0.2782000E+01 -1.51002e-07
0.2784000E+01 -1.36167e-07
0.2786000E+01 -1.00189e-07
0.2788000E+01 -8.60086e-08
0.2790000E+01 -1.14322e-07
0.2792000E+01 -1.18453e-07
0.2794000E+01 -1.498e-07
0.2796000E+01 -1.83927e-07
0.2798000E+01 -1.4879e-07
0.2800000E+01 -1.4247e-07
0.2802000E+01 -1.62168e-07
0.2804000E+01 -1.50544e-07
0.2806000E+01 -2.25649e-07
0.2808000E+01 -2.29573e-07
0.2810000E+01 -2.17181e-07
0.2812000E+01 -1.90079e-07
0.2814000E+01 -1.75006e-07
0.2816000E+01 -2.28112e-07
0.2818000E+01 -2.19047e-07
0.2820000E+01 -2.45411e-07
0.2822000E+01 -2.55581e-07
0.2824000E+01 -2.74627e-07
0.2826000E+01 -3.83393e-07
0.2828000E+01 -2.92515e-07
0.2830000E+01 -3.43692e-07
0.2832000E+01 -5.06796e-07
0.2834000E+01 -5.77786e-07
0.2836000E+01 -4.88373e-07
0.2838000E+01 -8.638e-07
0.2840000E+01 -9.19214e-07
0.2842000E+01 -1.37629e-06
0.2844000E+01 -2.22747e-06
0.2846000E+01 -1.60107e-06
0.2848000E+01 4.90623e-06
0.2850000E+01 1.64127e-06
0.2852000E+01 1.07995e-06
0.2854000E+01 5.57287e-07
0.2856000E+01 7.28292e-07
0.2858000E+01 5.76964e-07
0.2860000E+01 4.32532e-07
0.2862000E+01 3.47039e-07
0.2864000E+01 4.16215e-07
0.2866000E+01 3.15886e-07
0.2868000E+01 3.34534e-07
0.2870000E+01 2.46786e-07
0.2872000E+01 2.57151e-07
0.2874000E+01 2.62632e-07
0.2876000E+01 2.06971e-07
0.2878000E+01 2.32796e-07
0.2880000E+01 2.79697e-07
0.2882000E+01 2.33914e-07
0.2884000E+01 2.37314e-07
0.2886000E+01 1.59221e-07
0.2888000E+01 1.6634e-07
0.2890000E+01 1.78201e-07
0.2892000E+01 2.0806e-07
0.2894000E+01 2.51343e-07
0.2896000E+01 2.73597e-07
0.2898000E+01 1.49351e-07
0.2900000E+01 1.54832e-07
0.2902000E+01 1.61922e-07
0.2904000E+01 1.44052e-07
0.2906000E+01 1.29951e-07
0.2908000E+01 1.65162e-07
0.2910000E+01 1.65799e-07
0.2912000E+01 1.95847e-07
0.2914000E+01 1.70725e-07
0.2916000E+01 1.36017e-07
0.2918000E+01 1.36331e-07
0.2920000E+01 1.40503e-07
0.2922000E+01 1.86525e-07
0.2924000E+01 1.51331e-07
0.2926000E+01 1.35747e-07
0.2928000E+01 1.40773e-07
0.2930000E+01 1.46676e-07
0.2932000E+01 1.5985e-07
0.2934000E+01 1.55556e-07
0.2936000E+01 1.32774e-07
0.2938000E+01 1.20365e-07
0.2940000E+01 1.69633e-07
0.2942000E+01 1.78713e-07
0.2944000E+01 1.10065e-07
0.2946000E+01 1.12663e-07
0.2948000E+01 1.25734e-07
0.2950000E+01 1.15104e-07
0.2952000E+01 1.20075e-07
0.2954000E+01 1.12193e-07
0.2956000E+01 1.28636e-07
0.2958000E+01 1.3802e-07
0.2960000E+01 1.21136e-07
0.2962000E+01 1.10645e-07
0.2964000E+01 1.014e-07
0.2966000E+01 1.1e-07
0.2968000E+01 1.01162e-07
0.2970000E+01 9.51828e-08
0.2972000E+01 9.24322e-08
0.2974000E+01 7.98949e-08
0.2976000E+01 7.12685e-08
0.2978000E+01 1.43003e-07
0.2980000E+01 2.01094e-07
0.2982000E+01 1.69431e-07
0.2984000E+01 9.47627e-08
0.2986000E+01 -1.62196e-08
0.2988000E+01 -7.20428e-07
0.2990000E+01 9.28676e-07
0.2992000E+01 1.60932e-06
0.2994000E+01 5.83284e-08
0.2996000E+01 6.03763e-08
0.2998000E+01 6.43063e-08
0.3000000E+01 6.13483e-08
0.3002000E+01 6.08609e-08
0.3004000E+01 6.148e-08
0.3006000E+01 7.16195e-08
0.3008000E+01 7.2285e-08
0.3010000E+01 6.84187e-08
0.3012000E+01 6.66732e-08
0.3014000E+01 6.45411e-08
0.3016000E+01 6.37774e-08
0.3018000E+01 6.48336e-08
0.3020000E+01 5.76232e-08
0.3022000E+01 4.91521e-08
0.3024000E+01 5.89068e-08
0.3026000E+01 6.86683e-08
0.3028000E+01 6.58245e-08
0.3030000E+01 3.46968e-08
0.3032000E+01 2.87e-08
0.3034000E+01 3.7064e-08
0.3036000E+01 3.89951e-08
0.3038000E+01 4.62102e-08
0.3040000E+01 4.3713e-08
0.3042000E+01 5.09148e-08
0.3044000E+01 3.79527e-08
0.3046000E+01 6.96044e-08
0.3048000E+01 5.34351e-08
0.3050000E+01 5.35257e-08
0.3052000E+01 5.14775e-08
0.3054000E+01 4.65719e-08
0.3056000E+01 4.17114e-08
0.3058000E+01 4.20169e-08
0.3060000E+01 4.57896e-08
0.3062000E+01 4.13456e-08
0.3064000E+01 4.5676e-08
0.3066000E+01 4.16381e-08
0.3068000E+01 4.82328e-08
0.3070000E+01 5.99223e-08
0.3072000E+01 5.7095e-08
0.3074000E+01 4.93279e-08
0.3076000E+01 3.47098e-08
0.3078000E+01 8.10407e-09
0.3080000E+01 3.44938e-08
0.3082000E+01 5.03534e-08
0.3084000E+01 4.98699e-08
0.3086000E+01 4.31487e-08
0.3088000E+01 4.211e-08
0.3090000E+01 3.50605e-08
0.3092000E+01 1.47288e-08
0.3094000E+01 3.18808e-08
0.3096000E+01 2.59711e-08
0.3098000E+01 4.82891e-08
0.3100000E+01 5.12691e-08
0.3102000E+01 4.81017e-08
0.3104000E+01 4.68004e-08
0.3106000E+01 3.86106e-08
0.3108000E+01 6.82768e-08
0.3110000E+01 4.2774e-08
0.3112000E+01 2.57043e-08
0.3114000E+01 4.02932e-08
0.3116000E+01 5.24275e-08
0.3118000E+01 3.84011e-08
0.3120000E+01 4.90682e-08
0.3122000E+01 6.00696e-08
0.3124000E+01 1.66483e-08
0.3126000E+01 -8.71552e-10
0.3128000E+01 3.28473e-09
0.3130000E+01 2.3856e-08
0.3132000E+01 4.97909e-08
0.3134000E+01 3.2898e-08
0.3136000E+01 4.21853e-08
0.3138000E+01 1.69521e-08
0.3140000E+01 3.19864e-09
0.3142000E+01 2.53468e-08
0.3144000E+01 2.53823e-08
0.3146000E+01 4.09484e-08
0.3148000E+01 -6.15639e-09
0.3150000E+01 -7.99956e-09
0.3152000E+01 1.91652e-08
0.3154000E+01 2.81852e-08
0.3156000E+01 -6.34923e-08
0.3158000E+01 -8.3771e-08
0.3160000E+01 -2.69261e-08
0.3162000E+01 -3.15341e-07
0.3164000E+01 -3.85488e-07
0.3166000E+01 9.69894e-07
0.3168000E+01 1.29985e-07
0.3170000E+01 -5.10235e-11
0.3172000E+01 2.71785e-08
0.3174000E+01 3.76913e-08
0.3176000E+01 1.30715e-07
0.3178000E+01 6.74678e-08
0.3180000E+01 6.49965e-08
0.3182000E+01 1.28158e-07
0.3184000E+01 8.47813e-08
0.3186000E+01 1.42239e-07
0.3188000E+01 1.21198e-07
0.3190000E+01 1.16073e-07
0.3192000E+01 9.18488e-08
0.3194000E+01 7.03552e-08
0.3196000E+01 7.17971e-08
0.3198000E+01 7.39788e-08
0.3200000E+01 8.34937e-08
0.3202000E+01 1.18679e-07
0.3204000E+01 1.00582e-07
0.3206000E+01 8.70268e-08
0.3208000E+01 7.81177e-08
0.3210000E+01 7.69977e-08
0.3212000E+01 6.5163e-08
0.3214000E+01 1.46944e-07
0.3216000E+01 9.76126e-08
0.3218000E+01 4.17428e-08
0.3220000E+01 -2.59471e-09
0.3222000E+01 4.54043e-08
0.3224000E+01 9.87984e-08
0.3226000E+01 8.32148e-08
0.3228000E+01 4.34252e-08
0.3230000E+01 2.30221e-08
0.3232000E+01 3.8007e-08
0.3234000E+01 9.79861e-08
0.3236000E+01 1.24816e-07
0.3238000E+01 8.11634e-08
0.3240000E+01 5.97112e-08
0.3242000E+01 4.21222e-08
0.3244000E+01 1.79617e-07
0.3246000E+01 5.85264e-08
0.3248000E+01 2.57755e-08
0.3250000E+01 7.25735e-08
0.3252000E+01 1.98206e-07
0.3254000E+01 -1.87197e-07
0.3256000E+01 2.68628e-07
0.3258000E+01 -1.22078e-07
0.3260000E+01 1.67442e-07
0.3262000E+01 -9.03794e-07
0.3264000E+01 7.69483e-08
0.3266000E+01 3.2708e-07
0.3268000E+01 7.33522e-08
0.3270000E+01 8.79301e-08
0.3272000E+01 3.01642e-07
0.3274000E+01 3.12644e-07
0.3276000E+01 6.03669e-07
0.3278000E+01 -1.21806e-07
0.3280000E+01 -1.62896e-07
0.3282000E+01 3.49929e-07
0.3284000E+01 3.52694e-07
0.3286000E+01 9.72934e-07
0.3288000E+01 1.09639e-07
0.3290000E+01 9.1578e-07
0.3292000E+01 8.10863e-07
0.3294000E+01 5.299e-07
0.3296000E+01 -2.60701e-07
0.3298000E+01 -6.6637e-08
0.3300000E+01 -5.39748e-07
0.3302000E+01 -4.16812e-07
0.3304000E+01 -4.66861e-07
0.3306000E+01 -2.12304e-07
0.3308000E+01 -1.84614e-07
0.3310000E+01 -2.49246e-07
0.3312000E+01 -2.65558e-07
0.3314000E+01 -2.00471e-07
0.3316000E+01 -1.86225e-07
0.3318000E+01 -1.73553e-07
0.3320000E+01 -1.58621e-07
0.3322000E+01 -1.19481e-07
0.3324000E+01 -1.3634e-07
0.3326000E+01 -1.61709e-07
0.3328000E+01 -1.5443e-07
0.3330000E+01 -1.18286e-07
0.3332000E+01 -1.01352e-07
0.3334000E+01 -1.02982e-07
0.3336000E+01 -9.61862e-08
0.3338000E+01 -8.85731e-08
0.3340000E+01 -8.91986e-08
0.3342000E+01 -9.59406e-08
0.3344000E+01 -9.12411e-08
0.3346000E+01 -7.83133e-08
0.3348000E+01 -6.67891e-08
0.3350000E+01 -6.03784e-08
0.3352000E+01 -6.15589e-08
0.3354000E+01 -6.9151e-08
0.3356000E+01 -8.34438e-08
0.3358000E+01 -8.05163e-08
0.3360000E+01 -6.09768e-08
0.3362000E+01 -5.74338e-08
0.3364000E+01 -7.52627e-08
0.3366000E+01 -6.87284e-08
0.3368000E+01 -6.16421e-08
0.3370000E+01 -6.10943e-08
0.3372000E+01 -5.37859e-08
0.3374000E+01 -5.87551e-08
0.3376000E+01 -4.56581e-08
0.3378000E+01 -4.20949e-08
0.3380000E+01 -3.87604e-08
0.3382000E+01 -3.90965e-08
0.3384000E+01 -5.65452e-08
0.3386000E+01 -4.41839e-08
0.3388000E+01 -3.58217e-08
0.3390000E+01 -3.30267e-08
0.3392000E+01 -1.35058e-07
0.3394000E+01 -4.7286e-08
0.3396000E+01 -6.02586e-08
0.3398000E+01 -4.9733e-08
0.3400000E+01 -5.07228e-08
0.3402000E+01 -7.69282e-08
0.3404000E+01 -5.68881e-08
0.3406000E+01 -5.43179e-08
0.3408000E+01 -4.64698e-08
0.3410000E+01 -4.41903e-08
0.3412000E+01 -4.24219e-08
0.3414000E+01 -4.37243e-08
0.3416000E+01 -4.25837e-08
0.3418000E+01 -4.4498e-08
0.3420000E+01 -6.87027e-08
0.3422000E+01 -5.73892e-08
0.3424000E+01 -4.51063e-08
0.3426000E+01 -3.94965e-08
0.3428000E+01 -3.83949e-08
0.3430000E+01 -1.43858e-08
0.3432000E+01 -3.59234e-08
0.3434000E+01 -3.38128e-08
0.3436000E+01 -4.99793e-08
0.3438000E+01 -5.49692e-08
0.3440000E+01 -4.46828e-08
0.3442000E+01 -5.02517e-08
0.3444000E+01 -4.45863e-08
0.3446000E+01 -3.6016e-08
0.3448000E+01 -3.19991e-08
0.3450000E+01 -3.32671e-08
0.3452000E+01 -6.41106e-08
0.3454000E+01 -5.20519e-08
0.3456000E+01 -3.65469e-08
0.3458000E+01 -2.77555e-08
0.3460000E+01 -2.28624e-08
0.3462000E+01 -3.3584e-08
0.3464000E+01 -3.78642e-08
0.3466000E+01 -7.29259e-08
0.3468000E+01 -6.64462e-08
0.3470000E+01 -5.79244e-08
0.3472000E+01 -4.18697e-08
0.3474000E+01 -4.2102e-08
0.3476000E+01 -3.63474e-08
0.3478000E+01 -5.10997e-08
0.3480000E+01 -7.06848e-08
0.3482000E+01 -4.09252e-08
0.3484000E+01 -4.01167e-08
0.3486000E+01 -2.65551e-08
0.3488000E+01 -3.9781e-08
0.3490000E+01 -5.55326e-08
0.3492000E+01 -7.12315e-08
0.3494000E+01 -2.02562e-08
0.3496000E+01 -4.16515e-08
0.3498000E+01 -4.52756e-08
0.3500000E+01 -1.64765e-08
0.3502000E+01 -5.95251e-08
0.3504000E+01 -5.76519e-08
0.3506000E+01 -3.2828e-08
0.3508000E+01 -5.13875e-09
0.3510000E+01 -4.82375e-08
0.3512000E+01 -7.91606e-08
0.3514000E+01 -1.2071e-10
0.3516000E+01 -1.84684e-08
0.3518000E+01 -3.5856e-08
0.3520000E+01 -9.25378e-09
0.3522000E+01 8.83e-09
0.3524000E+01 2.34087e-08
0.3526000E+01 3.51656e-08
0.3528000E+01 3.97666e-08
0.3530000E+01 3.03916e-08
0.3532000E+01 4.62338e-08
0.3534000E+01 4.66926e-08
0.3536000E+01 3.26361e-08
0.3538000E+01 4.89713e-08
0.3540000E+01 7.44149e-08
0.3542000E+01 6.7498e-08
0.3544000E+01 5.8542e-08
0.3546000E+01 9.1324e-08
0.3548000E+01 4.65964e-08
0.3550000E+01 5.16556e-08
0.3552000E+01 6.00622e-08
0.3554000E+01 9.2283e-08
0.3556000E+01 4.471e-08
0.3558000E+01 4.85246e-08
0.3560000E+01 8.23426e-08
0.3562000E+01 6.87686e-08
0.3564000E+01 8.6122e-08
0.3566000E+01 5.12777e-08
0.3568000E+01 4.21387e-08
0.3570000E+01 4.60886e-08
0.3572000E+01 5.44847e-08
0.3574000E+01 1.19023e-07
0.3576000E+01 6.92691e-08
0.3578000E+01 6.68096e-08
0.3580000E+01 8.40033e-08
0.3582000E+01 7.5187e-08
0.3584000E+01 8.30023e-08
0.3586000E+01 1.37599e-07
0.3588000E+01 1.39364e-07
0.3590000E+01 1.77525e-07
0.3592000E+01 1.42708e-07
0.3594000E+01 2.73861e-07
0.3596000E+01 2.66578e-07
0.3598000E+01 9.64443e-07
0.3600000E+01 -1.45515e-06
0.3602000E+01 -3.04743e-07
0.3604000E+01 -1.66379e-07
0.3606000E+01 -1.36772e-07
0.3608000E+01 -9.63449e-08
0.3610000E+01 -4.99063e-08
0.3612000E+01 -5.15954e-08
0.3614000E+01 -4.55513e-08
0.3616000E+01 -1.86021e-08
0.3618000E+01 -1.69565e-08
0.3620000E+01 -2.08878e-08
0.3622000E+01 9.24577e-09
0.3624000E+01 -1.0829e-08
0.3626000E+01 -2.76408e-08
0.3628000E+01 -3.64399e-08
0.3630000E+01 -5.21288e-08
0.3632000E+01 -1.86115e-08
0.3634000E+01 -1.39698e-08
0.3636000E+01 -1.95898e-08
0.3638000E+01 -3.20714e-08
0.3640000E+01 2.9642e-09
0.3642000E+01 2.50589e-08
0.3644000E+01 4.67198e-08
0.3646000E+01 2.72354e-09
0.3648000E+01 -1.55827e-08
0.3650000E+01 -8.52365e-09
0.3652000E+01 -5.15658e-10
0.3654000E+01 -8.26402e-09
0.3656000E+01 -1.6054e-08
0.3658000E+01 -1.58302e-08
0.3660000E+01 -5.3183e-09
0.3662000E+01 -9.73283e-10
0.3664000E+01 -7.33469e-09
0.3666000E+01 -6.54524e-09
0.3668000E+01 -1.22378e-09
0.3670000E+01 4.46083e-08
0.3672000E+01 1.01045e-08
0.3674000E+01 1.16709e-09
0.3676000E+01 1.63824e-09
0.3678000E+01 -1.75165e-09
0.3680000E+01 6.24823e-09
0.3682000E+01 1.82937e-09
0.3684000E+01 1.22667e-09
0.3686000E+01 -2.14453e-09
0.3688000E+01 -7.80129e-09
0.3690000E+01 -5.68169e-09
0.3692000E+01 -9.63916e-09
0.3694000E+01 1.72872e-09
0.3696000E+01 2.21274e-09
0.3698000E+01 9.12713e-09
0.3700000E+01 1.7068e-08
0.3702000E+01 1.31248e-08
0.3704000E+01 -1.82395e-09
0.3706000E+01 5.44766e-09
0.3708000E+01 8.32047e-09
0.3710000E+01 5.35819e-09
0.3712000E+01 1.0422e-09
0.3714000E+01 -2.07465e-09
0.3716000E+01 -2.18285e-09
0.3718000E+01 3.05916e-09
0.3720000E+01 1.76869e-09
0.3722000E+01 2.31236e-09
0.3724000E+01 3.32119e-09
0.3726000E+01 5.92497e-09
0.3728000E+01 1.04113e-08
0.3730000E+01 1.25887e-08
0.3732000E+01 1.50635e-08
0.3734000E+01 1.80382e-08
0.3736000E+01 1.34704e-08
0.3738000E+01 9.73449e-09
0.3740000E+01 6.12272e-09
0.3742000E+01 8.48907e-10
0.3744000E+01 2.41072e-09
0.3746000E+01 2.37383e-09
0.3748000E+01 8.99894e-11
0.3750000E+01 -1.80253e-10
0.3752000E+01 1.25807e-09
0.3754000E+01 -1.23442e-09
0.3756000E+01 8.78193e-09
0.3758000E+01 -1.76882e-09
0.3760000E+01 5.56632e-09
0.3762000E+01 1.1893e-08
0.3764000E+01 1.04349e-08
0.3766000E+01 8.78374e-09
0.3768000E+01 1.09143e-08
0.3770000E+01 1.20295e-08
0.3772000E+01 1.52172e-08
0.3774000E+01 1.16545e-08
0.3776000E+01 8.31866e-09
0.3778000E+01 8.64054e-09
0.3780000E+01 7.91055e-09
0.3782000E+01 7.75817e-09
0.3784000E+01 7.88693e-09
0.3786000E+01 1.08453e-08
0.3788000E+01 8.08187e-09
0.3790000E+01 4.82025e-09
0.3792000E+01 4.13699e-09
0.3794000E+01 3.91657e-09
0.3796000E+01 3.08267e-09
0.3798000E+01 -2.67165e-10
0.3800000E+01 -1.88773e-09
0.3802000E+01 -7.91608e-09
0.3804000E+01 1.37304e-08
0.3806000E+01 1.63136e-08
0.3808000E+01 1.84063e-08
0.3810000E+01 1.05709e-08
0.3812000E+01 1.12049e-08
0.3814000E+01 1.37825e-08
0.3816000E+01 7.91626e-09
0.3818000E+01 1.0384e-08
0.3820000E+01 1.57218e-08
0.3822000E+01 1.3886e-08
0.3824000E+01 8.52748e-09
0.3826000E+01 9.62488e-09
0.3828000E+01 -3.8027e-09
0.3830000E+01 -1.87495e-09
0.3832000E+01 2.0239e-08
0.3834000E+01 1.48957e-08
0.3836000E+01 1.93611e-08
0.3838000E+01 7.13265e-09
0.3840000E+01 6.51537e-09
0.3842000E+01 -1.88586e-08
0.3844000E+01 3.25919e-08
0.3846000E+01 4.64166e-08
0.3848000E+01 -2.35337e-08
0.3850000E+01 2.94497e-08
0.3852000E+01 2.52755e-09
0.3854000E+01 8.27971e-09
0.3856000E+01 5.68055e-09
0.3858000E+01 8.01049e-09
0.3860000E+01 1.8478e-09
0.3862000E+01 -7.9586e-10
0.3864000E+01 2.02822e-09
0.3866000E+01 -1.25824e-08
0.3868000E+01 1.03153e-08
0.3870000E+01 1.42847e-08
0.3872000E+01 8.91946e-09
0.3874000E+01 6.96865e-09
0.3876000E+01 7.42451e-09
0.3878000E+01 7.05646e-09
0.3880000E+01 2.55734e-09
0.3882000E+01 -2.44719e-09
0.3884000E+01 -1.26245e-08
0.3886000E+01 -5.00664e-09
0.3888000E+01 1.17823e-08
0.3890000E+01 1.05697e-08
0.3892000E+01 9.96397e-09
0.3894000E+01 8.91163e-09
0.3896000E+01 7.02337e-09
0.3898000E+01 -4.71956e-09
0.3900000E+01 -9.84801e-09
0.3902000E+01 2.21406e-08
0.3904000E+01 2.09706e-08
0.3906000E+01 2.40534e-08
0.3908000E+01 1.91267e-08
0.3910000E+01 1.42611e-08
0.3912000E+01 -9.2844e-09
0.3914000E+01 1.5905e-08
0.3916000E+01 3.29741e-08
0.3918000E+01 3.15601e-08
0.3920000E+01 2.32826e-08
0.3922000E+01 2.11516e-08
0.3924000E+01 2.18114e-08
0.3926000E+01 8.38736e-09
0.3928000E+01 1.10179e-08
0.3930000E+01 2.54554e-08
0.3932000E+01 2.40385e-08
0.3934000E+01 2.3435e-08
0.3936000E+01 1.46392e-08
0.3938000E+01 1.39966e-08
0.3940000E+01 1.60991e-08
0.3942000E+01 1.74e-08
0.3944000E+01 1.4199e-08
0.3946000E+01 1.14697e-08
0.3948000E+01 1.29714e-08
0.3950000E+01 1.43585e-08
0.3952000E+01 1.27032e-08
0.3954000E+01 3.90339e-09
0.3956000E+01 3.92644e-10
0.3958000E+01 1.64593e-09
0.3960000E+01 6.29083e-09
0.3962000E+01 7.52962e-09
0.3964000E+01 9.14318e-09
0.3966000E+01 1.19537e-08
0.3968000E+01 1.1109e-08
0.3970000E+01 1.21962e-08
0.3972000E+01 1.46654e-08
0.3974000E+01 1.24057e-08
0.3976000E+01 1.50265e-08
0.3978000E+01 -4.69961e-08
0.3980000E+01 -2.26054e-08
0.3982000E+01 -1.24553e-08
0.3984000E+01 8.82159e-09
0.3986000E+01 4.95522e-09
0.3988000E+01 1.65462e-08
0.3990000E+01 2.06007e-08
0.3992000E+01 -3.28054e-08
0.3994000E+01 -2.10378e-09
0.3996000E+01 1.24034e-10
0.3998000E+01 3.35944e-09
0.4000000E+01 1.26426e-08
