0.0000000E+00 0
0.2000000E-02 0
0.4000000E-02 0
0.6000000E-02 0
0.8000000E-02 0
0.1000000E-01 0
0.1200000E-01 0
0.1400000E-01 0
0.1600000E-01 0
0.1800000E-01 0
0.2000000E-01 0
0.2200000E-01 0
0.2400000E-01 0
0.2600000E-01 0
0.2800000E-01 0
0.3000000E-01 0
0.3200000E-01 0
0.3400000E-01 0
0.3600000E-01 0
0.3800000E-01 0
0.4000000E-01 0
0.4200000E-01 0
0.4400000E-01 0
0.4600000E-01 0
0.4800000E-01 0
0.5000000E-01 0
0.5200000E-01 0
0.5400000E-01 0
0.5600000E-01 0
0.5800000E-01 0
0.6000000E-01 0
0.6200000E-01 0
0.6400000E-01 0
0.6600000E-01 0
0.6800000E-01 0
0.7000000E-01 0
0.7200000E-01 0
0.7400000E-01 0
0.7600000E-01 0
0.7800000E-01 0
0.8000000E-01 0
0.8200000E-01 0
0.8400000E-01 0
0.8600000E-01 1.52539e-05
0.8800000E-01 1.33016e-05
0.9000000E-01 4.94123e-06
0.9200000E-01 1.21427e-06
0.9400000E-01 5.58035e-07
0.9600000E-01 6.93732e-08
0.9800000E-01 -3.80739e-07
0.1000000E+00 -6.00574e-07
0.1020000E+00 -5.07589e-07
0.1040000E+00 -2.29213e-07
0.1060000E+00 5.15158e-08
0.1080000E+00 1.47179e-07
0.1100000E+00 -3.40933e-07
0.1120000E+00 -1.63218e-07
0.1140000E+00 1.88585e-08
0.1160000E+00 2.06997e-07
0.1180000E+00 5.34967e-07
0.1200000E+00 1.75935e-06
0.1220000E+00 9.41856e-08
0.1240000E+00 -1.53201e-06
0.1260000E+00 -1.5044e-06
0.1280000E+00 -9.00722e-07
0.1300000E+00 -7.51752e-07
0.1320000E+00 -6.82072e-07
0.1340000E+00 -4.73412e-07
0.1360000E+00 -1.20765e-07
0.1380000E+00 -6.43253e-08
0.1400000E+00 -5.62436e-08
0.1420000E+00 -5.22094e-08
0.1440000E+00 -9.03325e-08
0.1460000E+00 -1.06353e-07
0.1480000E+00 -7.94623e-08
0.1500000E+00 -4.61897e-08
0.1520000E+00 -5.16063e-08
0.1540000E+00 -6.25512e-08
0.1560000E+00 -7.75769e-08
0.1580000E+00 -9.34055e-08
0.1600000E+00 -1.06503e-07
0.1620000E+00 -1.21551e-07
0.1640000E+00 -1.37146e-07
0.1660000E+00 -6.12926e-08
0.1680000E+00 1.84872e-07
0.1700000E+00 2.73477e-07
0.1720000E+00 3.55592e-07
0.1740000E+00 4.31322e-07
0.1760000E+00 -7.06662e-07
0.1780000E+00 -3.8046e-07
0.1800000E+00 -3.45744e-07
0.1820000E+00 -3.35487e-07
0.1840000E+00 -3.23688e-07
0.1860000E+00 -3.11359e-07
0.1880000E+00 -2.73199e-07
0.1900000E+00 -2.31727e-07
0.1920000E+00 -1.71385e-07
0.1940000E+00 5.85015e-08
0.1960000E+00 4.17133e-08
0.1980000E+00 2.36531e-08
0.2000000E+00 4.5959e-09
0.2020000E+00 -1.54905e-08
0.2040000E+00 -3.66408e-08
0.2060000E+00 -5.88925e-08
0.2080000E+00 -8.11059e-08
0.2100000E+00 -1.03825e-07
0.2120000E+00 -1.05103e-07
0.2140000E+00 -8.15111e-08
0.2160000E+00 -5.85908e-08
0.2180000E+00 -4.09537e-08
0.2200000E+00 -2.46865e-08
0.2220000E+00 1.23242e-08
0.2240000E+00 1.50858e-07
0.2260000E+00 1.98606e-07
0.2280000E+00 2.43376e-07
0.2300000E+00 8.09611e-08
0.2320000E+00 -3.69331e-07
0.2340000E+00 -2.84204e-07
0.2360000E+00 -2.70794e-07
0.2380000E+00 -2.35391e-07
0.2400000E+00 -1.83687e-07
0.2420000E+00 -1.78882e-07
0.2440000E+00 -1.73865e-07
0.2460000E+00 -1.72448e-07
0.2480000E+00 -1.71057e-07
0.2500000E+00 -9.91509e-08
0.2520000E+00 5.36016e-08
0.2540000E+00 3.79686e-08
0.2560000E+00 2.05308e-08
0.2580000E+00 -3.57441e-09
0.2600000E+00 -2.8534e-08
0.2620000E+00 -5.58623e-08
0.2640000E+00 -7.02236e-08
0.2660000E+00 -5.69759e-08
0.2680000E+00 -4.58784e-08
0.2700000E+00 -2.80093e-08
0.2720000E+00 -1.58792e-08
0.2740000E+00 -3.99921e-09
0.2760000E+00 8.37586e-09
0.2780000E+00 1.97806e-08
0.2800000E+00 1.58225e-07
0.2820000E+00 5.29538e-08
0.2840000E+00 -2.30308e-07
0.2860000E+00 -1.76079e-07
0.2880000E+00 -1.54886e-07
0.2900000E+00 -1.5657e-07
0.2920000E+00 -1.54715e-07
0.2940000E+00 -1.52038e-07
0.2960000E+00 -1.49226e-07
0.2980000E+00 -1.46848e-07
0.3000000E+00 -1.4524e-07
0.3020000E+00 -1.31607e-07
0.3040000E+00 -1.24154e-07
0.3060000E+00 5.10777e-08
0.3080000E+00 3.69227e-08
0.3100000E+00 2.23905e-08
0.3120000E+00 7.66522e-09
0.3140000E+00 -1.53847e-09
0.3160000E+00 3.9351e-09
0.3180000E+00 9.48811e-10
0.3200000E+00 -5.29535e-09
0.3220000E+00 -3.28326e-09
0.3240000E+00 5.11716e-09
0.3260000E+00 1.46331e-08
0.3280000E+00 2.44877e-08
0.3300000E+00 -4.66389e-08
0.3320000E+00 -4.82162e-07
0.3340000E+00 -1.76921e-07
0.3360000E+00 1.20952e-07
0.3380000E+00 -6.02819e-08
0.3400000E+00 -1.31528e-07
0.3420000E+00 -1.28616e-07
0.3440000E+00 -1.25758e-07
0.3460000E+00 -1.15675e-07
0.3480000E+00 -1.0209e-07
0.3500000E+00 -1.02838e-07
0.3520000E+00 -1.00479e-07
0.3540000E+00 -9.80119e-08
0.3560000E+00 5.13962e-09
0.3580000E+00 3.62012e-08
0.3600000E+00 5.99519e-08
0.3620000E+00 3.67359e-08
0.3640000E+00 2.97619e-08
0.3660000E+00 2.93985e-08
0.3680000E+00 3.80458e-08
0.3700000E+00 3.97001e-08
0.3720000E+00 4.01806e-08
0.3740000E+00 -1.82452e-08
0.3760000E+00 -5.30586e-07
0.3780000E+00 -2.25014e-07
0.3800000E+00 -2.19979e-07
0.3820000E+00 -2.14388e-07
0.3840000E+00 5.45388e-07
0.3860000E+00 -1.1683e-07
0.3880000E+00 -8.88247e-08
0.3900000E+00 -8.56641e-08
0.3920000E+00 -8.19303e-08
0.3940000E+00 -7.86684e-08
0.3960000E+00 -7.62982e-08
0.3980000E+00 -7.23825e-08
0.4000000E+00 -6.82826e-08
0.4020000E+00 -5.33533e-08
0.4040000E+00 7.15939e-08
0.4060000E+00 8.28928e-08
0.4080000E+00 9.06363e-08
0.4100000E+00 9.86162e-08
0.4120000E+00 1.04248e-07
0.4140000E+00 -2.17353e-07
0.4160000E+00 -2.0136e-07
0.4180000E+00 -2.05419e-07
0.4200000E+00 -1.99139e-07
0.4220000E+00 -2.01772e-07
0.4240000E+00 -1.60327e-07
0.4260000E+00 1.2589e-08
0.4280000E+00 5.58309e-08
0.4300000E+00 1.74982e-08
0.4320000E+00 -2.51286e-08
0.4340000E+00 -6.00085e-08
0.4360000E+00 -5.41736e-08
0.4380000E+00 -4.81932e-08
0.4400000E+00 -3.46968e-08
0.4420000E+00 -2.69464e-08
0.4440000E+00 -2.18597e-08
0.4460000E+00 -5.76612e-09
0.4480000E+00 1.89549e-07
0.4500000E+00 -2.04924e-07
0.4520000E+00 -1.556e-07
0.4540000E+00 -1.83894e-07
0.4560000E+00 -1.46017e-07
0.4580000E+00 -1.24373e-07
0.4600000E+00 -1.2239e-07
0.4620000E+00 -1.18286e-07
0.4640000E+00 -1.0555e-07
0.4660000E+00 1.17976e-08
0.4680000E+00 4.05804e-09
0.4700000E+00 1.59768e-08
0.4720000E+00 1.62994e-08
0.4740000E+00 1.46083e-08
0.4760000E+00 1.4301e-08
0.4780000E+00 1.30846e-08
0.4800000E+00 -9.50362e-08
0.4820000E+00 -3.5933e-07
0.4840000E+00 -3.28807e-07
0.4860000E+00 3.60805e-07
0.4880000E+00 -1.03722e-07
0.4900000E+00 -9.04935e-08
0.4920000E+00 -8.52241e-08
0.4940000E+00 -8.36662e-08
0.4960000E+00 -8.30135e-08
0.4980000E+00 -6.28541e-08
0.5000000E+00 4.75167e-09
0.5020000E+00 6.26369e-08
0.5040000E+00 7.77934e-08
0.5060000E+00 9.36101e-08
0.5080000E+00 -5.48656e-08
0.5100000E+00 -3.73522e-07
0.5120000E+00 -1.95381e-07
0.5140000E+00 -1.88963e-07
0.5160000E+00 -2.24689e-08
0.5180000E+00 -1.07451e-08
0.5200000E+00 -2.54533e-08
0.5220000E+00 -2.21499e-08
0.5240000E+00 -4.01201e-08
0.5260000E+00 -3.76403e-08
0.5280000E+00 -2.6622e-08
0.5300000E+00 -1.61245e-08
0.5320000E+00 1.14104e-07
0.5340000E+00 -1.59983e-07
0.5360000E+00 -1.57142e-07
0.5380000E+00 -1.53676e-07
0.5400000E+00 -1.449e-07
0.5420000E+00 -9.8718e-08
0.5440000E+00 1.70032e-08
0.5460000E+00 2.02097e-08
0.5480000E+00 2.3692e-08
0.5500000E+00 2.83801e-08
0.5520000E+00 3.2999e-08
0.5540000E+00 -3.94e-07
0.5560000E+00 -1.42849e-07
0.5580000E+00 -5.61184e-08
0.5600000E+00 -4.56624e-08
0.5620000E+00 -8.46673e-08
0.5640000E+00 -7.14726e-08
0.5660000E+00 -5.83325e-08
0.5680000E+00 9.4195e-08
0.5700000E+00 2.57235e-07
0.5720000E+00 -3.14201e-07
0.5740000E+00 -2.39203e-07
0.5760000E+00 -3.33816e-08
0.5780000E+00 -1.5647e-08
0.5800000E+00 -2.38971e-08
0.5820000E+00 -2.87154e-08
0.5840000E+00 -3.37009e-08
0.5860000E+00 -1.96219e-07
0.5880000E+00 -3.56178e-08
0.5900000E+00 -1.15929e-07
0.5920000E+00 -8.88306e-08
0.5940000E+00 9.03675e-09
0.5960000E+00 9.32962e-08
0.5980000E+00 -5.57384e-07
0.6000000E+00 -7.41916e-08
0.6020000E+00 -1.04999e-07
0.6040000E+00 -1.29523e-07
0.6060000E+00 -1.07201e-07
0.6080000E+00 -1.24281e-07
0.6100000E+00 -1.34801e-07
0.6120000E+00 -4.69821e-08
0.6140000E+00 -4.30595e-08
0.6160000E+00 -2.96525e-07
0.6180000E+00 -3.84369e-07
0.6200000E+00 3.67057e-07
0.6220000E+00 -1.61875e-07
0.6240000E+00 -6.26661e-07
0.6260000E+00 -2.13086e-07
0.6280000E+00 -9.03413e-07
0.6300000E+00 1.04458e-07
0.6320000E+00 1.4028e-06
0.6340000E+00 -4.60187e-07
0.6360000E+00 4.06602e-07
0.6380000E+00 -1.41285e-07
0.6400000E+00 -2.34615e-08
0.6420000E+00 -2.16018e-07
0.6440000E+00 4.35274e-08
0.6460000E+00 -1.13675e-07
0.6480000E+00 -5.63956e-08
0.6500000E+00 -9.40625e-08
0.6520000E+00 -1.03233e-07
0.6540000E+00 1.25725e-07
0.6560000E+00 -8.07998e-08
0.6580000E+00 9.10485e-08
0.6600000E+00 1.23608e-08
0.6620000E+00 -5.69284e-08
0.6640000E+00 -6.39185e-08
0.6660000E+00 -1.1096e-08
0.6680000E+00 7.46149e-08
0.6700000E+00 -7.45375e-08
0.6720000E+00 5.5992e-08
0.6740000E+00 -3.40912e-09
0.6760000E+00 -4.32474e-09
0.6780000E+00 -2.46449e-08
0.6800000E+00 -4.48878e-08
0.6820000E+00 -4.80271e-08
0.6840000E+00 1.12503e-08
0.6860000E+00 -4.67225e-09
0.6880000E+00 -6.91472e-09
0.6900000E+00 -2.74529e-08
0.6920000E+00 -3.50036e-08
0.6940000E+00 -2.80136e-08
0.6960000E+00 -2.20795e-08
0.6980000E+00 -3.6167e-09
0.7000000E+00 -1.87111e-08
0.7020000E+00 -2.49701e-08
0.7040000E+00 -2.36471e-08
0.7060000E+00 4.60918e-09
0.7080000E+00 -7.59652e-09
0.7100000E+00 -1.5132e-08
0.7120000E+00 -3.70106e-08
0.7140000E+00 -3.00906e-08
0.7160000E+00 -2.68062e-08
0.7180000E+00 -3.77883e-08
0.7200000E+00 -3.52655e-08
0.7220000E+00 -3.55399e-08
0.7240000E+00 -3.5142e-08
0.7260000E+00 -3.27776e-08
0.7280000E+00 -3.23899e-08
0.7300000E+00 -1.36339e-08
0.7320000E+00 -1.86314e-08
0.7340000E+00 -1.94702e-08
0.7360000E+00 -1.61971e-08
0.7380000E+00 -7.54401e-08
0.7400000E+00 -3.1736e-08
0.7420000E+00 -3.38595e-08
0.7440000E+00 -3.28164e-08
0.7460000E+00 -3.25111e-08
0.7480000E+00 -3.29371e-08
0.7500000E+00 -3.35181e-08
0.7520000E+00 -3.13225e-08
0.7540000E+00 -3.3244e-08
0.7560000E+00 -3.17845e-08
0.7580000E+00 -2.45188e-08
0.7600000E+00 -2.21392e-08
0.7620000E+00 -2.57194e-08
0.7640000E+00 -2.7139e-08
0.7660000E+00 -2.66173e-08
0.7680000E+00 -7.08806e-08
0.7700000E+00 -4.79335e-08
0.7720000E+00 -4.44698e-08
0.7740000E+00 -4.47814e-08
0.7760000E+00 -3.65785e-08
0.7780000E+00 -2.7935e-08
0.7800000E+00 -3.35015e-08
0.7820000E+00 -3.52729e-08
0.7840000E+00 -3.51282e-08
0.7860000E+00 -3.46915e-08
0.7880000E+00 -3.50623e-08
0.7900000E+00 -2.82741e-08
0.7920000E+00 -2.42471e-08
0.7940000E+00 -2.75359e-08
0.7960000E+00 -2.98811e-08
0.7980000E+00 -3.09061e-08
0.8000000E+00 -3.16806e-08
0.8020000E+00 -6.78249e-08
0.8040000E+00 -6.57434e-08
0.8060000E+00 -4.859e-08
0.8080000E+00 -4.82622e-08
0.8100000E+00 -4.85964e-08
0.8120000E+00 -4.7156e-08
0.8140000E+00 -3.64637e-08
0.8160000E+00 -2.8488e-08
0.8180000E+00 -3.2576e-08
0.8200000E+00 -3.61383e-08
0.8220000E+00 -3.59561e-08
0.8240000E+00 -3.56493e-08
0.8260000E+00 -2.90687e-08
0.8280000E+00 -3.55239e-08
0.8300000E+00 -3.6763e-08
0.8320000E+00 -3.79307e-08
0.8340000E+00 -3.67169e-08
0.8360000E+00 -3.45777e-08
0.8380000E+00 -3.07328e-08
0.8400000E+00 -8.00241e-08
0.8420000E+00 -5.81866e-08
0.8440000E+00 -5.04166e-08
0.8460000E+00 -5.09047e-08
0.8480000E+00 -4.8028e-08
0.8500000E+00 -4.79994e-08
0.8520000E+00 -4.48523e-08
0.8540000E+00 -3.69252e-08
0.8560000E+00 -3.48095e-08
0.8580000E+00 -3.52375e-08
0.8600000E+00 -3.83745e-08
0.8620000E+00 -3.81763e-08
0.8640000E+00 -3.30856e-08
0.8660000E+00 -3.72308e-08
0.8680000E+00 -3.75514e-08
0.8700000E+00 -3.77215e-08
0.8720000E+00 -3.76794e-08
0.8740000E+00 -3.83628e-08
0.8760000E+00 -3.89476e-08
0.8780000E+00 -3.90114e-08
0.8800000E+00 -3.93569e-08
0.8820000E+00 -6.34726e-08
0.8840000E+00 -6.08716e-08
0.8860000E+00 -5.51671e-08
0.8880000E+00 -5.24406e-08
0.8900000E+00 -4.67473e-08
0.8920000E+00 -3.78299e-08
0.8940000E+00 -3.49541e-08
0.8960000E+00 -4.63374e-08
0.8980000E+00 -4.3266e-08
0.9000000E+00 -4.08682e-08
0.9020000E+00 -3.99723e-08
0.9040000E+00 -3.96496e-08
0.9060000E+00 -4.08402e-08
0.9080000E+00 -4.16057e-08
0.9100000E+00 -4.21376e-08
0.9120000E+00 -4.23748e-08
0.9140000E+00 -4.26345e-08
0.9160000E+00 -4.26769e-08
0.9180000E+00 -2.8209e-08
0.9200000E+00 -3.95848e-08
0.9220000E+00 -3.94373e-08
0.9240000E+00 -3.95228e-08
0.9260000E+00 -5.80488e-08
0.9280000E+00 -5.42132e-08
0.9300000E+00 -4.09492e-08
0.9320000E+00 -4.08807e-08
0.9340000E+00 -4.40576e-08
0.9360000E+00 -4.6083e-08
0.9380000E+00 -4.75679e-08
0.9400000E+00 -4.68182e-08
0.9420000E+00 -4.69445e-08
0.9440000E+00 -4.71461e-08
0.9460000E+00 -4.68084e-08
0.9480000E+00 -4.1219e-08
0.9500000E+00 -4.16816e-08
0.9520000E+00 -4.2066e-08
0.9540000E+00 -4.52889e-08
0.9560000E+00 -4.4414e-08
0.9580000E+00 -4.26544e-08
0.9600000E+00 -4.42298e-08
0.9620000E+00 -4.45841e-08
0.9640000E+00 -4.31696e-08
0.9660000E+00 -3.35934e-08
0.9680000E+00 -3.00502e-08
0.9700000E+00 -3.45435e-08
0.9720000E+00 -6.98548e-08
0.9740000E+00 -5.3564e-08
0.9760000E+00 -4.97039e-08
0.9780000E+00 -4.79457e-08
0.9800000E+00 -3.84589e-08
0.9820000E+00 -4.57618e-08
0.9840000E+00 -4.57079e-08
0.9860000E+00 -4.53464e-08
0.9880000E+00 -4.59657e-08
0.9900000E+00 -4.59118e-08
0.9920000E+00 -4.69623e-08
0.9940000E+00 -4.76014e-08
0.9960000E+00 -4.78165e-08
0.9980000E+00 -4.75304e-08
0.1000000E+01 -4.77162e-08
0.1002000E+01 -3.92226e-08
0.1004000E+01 -3.2514e-08
0.1006000E+01 -3.8328e-08
0.1008000E+01 -4.06118e-08
0.1010000E+01 -3.78129e-08
0.1012000E+01 -3.42493e-08
0.1014000E+01 -3.52966e-08
0.1016000E+01 -3.49157e-08
0.1018000E+01 -3.90389e-08
0.1020000E+01 -6.2862e-08
0.1022000E+01 -5.38208e-08
0.1024000E+01 -5.09087e-08
0.1026000E+01 -4.83959e-08
0.1028000E+01 -5.01977e-08
0.1030000E+01 -5.08631e-08
0.1032000E+01 -4.96338e-08
0.1034000E+01 -4.88826e-08
0.1036000E+01 -4.69989e-08
0.1038000E+01 -4.01891e-08
0.1040000E+01 -3.46938e-08
0.1042000E+01 -3.68823e-08
0.1044000E+01 -3.61947e-08
0.1046000E+01 -3.64634e-08
0.1048000E+01 -4.06011e-08
0.1050000E+01 -4.0933e-08
0.1052000E+01 -4.1623e-08
0.1054000E+01 -4.19499e-08
0.1056000E+01 -4.21225e-08
0.1058000E+01 -4.26753e-08
0.1060000E+01 -4.3869e-08
0.1062000E+01 -4.45652e-08
0.1064000E+01 -4.49528e-08
0.1066000E+01 -4.51931e-08
0.1068000E+01 -4.54219e-08
0.1070000E+01 -5.78454e-08
0.1072000E+01 -4.73175e-08
0.1074000E+01 -3.63418e-08
0.1076000E+01 -3.29581e-08
0.1078000E+01 -3.84544e-08
0.1080000E+01 -3.59199e-08
0.1082000E+01 -3.92537e-08
0.1084000E+01 -3.88277e-08
0.1086000E+01 -4.12245e-08
0.1088000E+01 -4.362e-08
0.1090000E+01 -4.64087e-08
0.1092000E+01 -4.89008e-08
0.1094000E+01 -4.67892e-08
0.1096000E+01 -4.64934e-08
0.1098000E+01 -4.67045e-08
0.1100000E+01 -4.67021e-08
0.1102000E+01 -4.65316e-08
0.1104000E+01 -4.69527e-08
0.1106000E+01 -4.40847e-08
0.1108000E+01 -3.79725e-08
0.1110000E+01 -3.43922e-08
0.1112000E+01 -3.63932e-08
0.1114000E+01 -3.44255e-08
0.1116000E+01 -3.59262e-08
0.1118000E+01 -3.97385e-08
0.1120000E+01 -4.0877e-08
0.1122000E+01 -5.12774e-08
0.1124000E+01 -4.84872e-08
0.1126000E+01 -4.35539e-08
0.1128000E+01 -4.12148e-08
0.1130000E+01 -4.40537e-08
0.1132000E+01 -4.55036e-08
0.1134000E+01 -4.57747e-08
0.1136000E+01 -4.61598e-08
0.1138000E+01 -4.65371e-08
0.1140000E+01 -4.69e-08
0.1142000E+01 -3.33721e-08
0.1144000E+01 -2.97196e-08
0.1146000E+01 -3.87409e-08
0.1148000E+01 -4.08663e-08
0.1150000E+01 -3.9509e-08
0.1152000E+01 -4.16247e-08
0.1154000E+01 -4.13086e-08
0.1156000E+01 -4.29023e-08
0.1158000E+01 -4.38145e-08
0.1160000E+01 -4.50133e-08
0.1162000E+01 -4.51723e-08
0.1164000E+01 -4.53549e-08
0.1166000E+01 -4.55455e-08
0.1168000E+01 -4.56983e-08
0.1170000E+01 -4.588e-08
0.1172000E+01 -4.60428e-08
0.1174000E+01 -4.51786e-08
0.1176000E+01 -3.89179e-08
0.1178000E+01 -3.52823e-08
0.1180000E+01 -3.59138e-08
0.1182000E+01 -3.79502e-08
0.1184000E+01 -4.18407e-08
0.1186000E+01 -4.17041e-08
0.1188000E+01 -3.6795e-08
0.1190000E+01 -3.75147e-08
0.1192000E+01 -4.1376e-08
0.1194000E+01 -4.22792e-08
0.1196000E+01 -4.28379e-08
0.1198000E+01 -4.34182e-08
0.1200000E+01 -4.4431e-08
0.1202000E+01 -4.52102e-08
0.1204000E+01 -5.46717e-08
0.1206000E+01 -5.35881e-08
0.1208000E+01 -3.97219e-08
0.1210000E+01 -3.39409e-08
0.1212000E+01 -4.22761e-08
0.1214000E+01 -4.25822e-08
0.1216000E+01 -4.28501e-08
0.1218000E+01 -4.32459e-08
0.1220000E+01 -4.39339e-08
0.1222000E+01 -4.52709e-08
0.1224000E+01 -4.65557e-08
0.1226000E+01 -4.03844e-08
0.1228000E+01 -4.62647e-08
0.1230000E+01 -4.69657e-08
0.1232000E+01 -4.70986e-08
0.1234000E+01 -4.59913e-08
0.1236000E+01 -4.46044e-08
0.1238000E+01 -4.38672e-08
0.1240000E+01 -3.8735e-08
0.1242000E+01 -3.23996e-08
0.1244000E+01 -3.46932e-08
0.1246000E+01 -3.92112e-08
0.1248000E+01 -4.21007e-08
0.1250000E+01 -4.26708e-08
0.1252000E+01 -4.32715e-08
0.1254000E+01 -5.41781e-08
0.1256000E+01 -6.18711e-08
0.1258000E+01 -5.47032e-08
0.1260000E+01 -5.17483e-08
0.1262000E+01 -5.13974e-08
0.1264000E+01 -4.85052e-08
0.1266000E+01 -4.79964e-08
0.1268000E+01 -4.85327e-08
0.1270000E+01 -4.90717e-08
0.1272000E+01 -3.50793e-08
0.1274000E+01 -3.15325e-08
0.1276000E+01 -4.1246e-08
0.1278000E+01 -4.16225e-08
0.1280000E+01 -4.17167e-08
0.1282000E+01 -4.23555e-08
0.1284000E+01 -4.33328e-08
0.1286000E+01 -4.62789e-08
0.1288000E+01 -4.61517e-08
0.1290000E+01 -4.44476e-08
0.1292000E+01 -4.59597e-08
0.1294000E+01 -4.64873e-08
0.1296000E+01 -4.70504e-08
0.1298000E+01 -4.71255e-08
0.1300000E+01 -6.19784e-08
0.1302000E+01 -6.60947e-08
0.1304000E+01 -4.40969e-08
0.1306000E+01 -3.90954e-08
0.1308000E+01 -4.40423e-08
0.1310000E+01 -5.03888e-08
0.1312000E+01 -5.1239e-08
0.1314000E+01 -5.0724e-08
0.1316000E+01 -5.02815e-08
0.1318000E+01 -5.02725e-08
0.1320000E+01 -5.02146e-08
0.1322000E+01 -5.08406e-08
0.1324000E+01 -5.15811e-08
0.1326000E+01 -5.20407e-08
0.1328000E+01 -5.19458e-08
0.1330000E+01 -5.17227e-08
0.1332000E+01 -4.73217e-08
0.1334000E+01 -4.20437e-08
0.1336000E+01 -3.6926e-08
0.1338000E+01 -4.27483e-08
0.1340000E+01 -4.36177e-08
0.1342000E+01 -6.92291e-08
0.1344000E+01 -6.42359e-08
0.1346000E+01 -5.99758e-08
0.1348000E+01 -5.72375e-08
0.1350000E+01 -5.60111e-08
0.1352000E+01 -5.64104e-08
0.1354000E+01 -5.57435e-08
0.1356000E+01 -5.55633e-08
0.1358000E+01 -5.4333e-08
0.1360000E+01 -5.40539e-08
0.1362000E+01 -4.83789e-08
0.1364000E+01 -4.00256e-08
0.1366000E+01 -3.93065e-08
0.1368000E+01 -4.50944e-08
0.1370000E+01 -4.67619e-08
0.1372000E+01 -4.7136e-08
0.1374000E+01 -4.71041e-08
0.1376000E+01 -4.80466e-08
0.1378000E+01 -6.74074e-08
0.1380000E+01 -9.28209e-08
0.1382000E+01 -7.42601e-08
0.1384000E+01 -6.81221e-08
0.1386000E+01 -6.3755e-08
0.1388000E+01 -6.25037e-08
0.1390000E+01 -5.97269e-08
0.1392000E+01 -5.08997e-08
0.1394000E+01 -4.14551e-08
0.1396000E+01 -4.75468e-08
0.1398000E+01 -4.96677e-08
0.1400000E+01 -5.07722e-08
0.1402000E+01 -5.14991e-08
0.1404000E+01 -5.18029e-08
0.1406000E+01 -5.26904e-08
0.1408000E+01 -5.25837e-08
0.1410000E+01 -5.15224e-08
0.1412000E+01 -8.84846e-08
0.1414000E+01 -9.81233e-08
0.1416000E+01 -7.45788e-08
0.1418000E+01 -7.4723e-08
0.1420000E+01 -6.02821e-08
0.1422000E+01 -5.17849e-08
0.1424000E+01 -5.67202e-08
0.1426000E+01 -5.28125e-08
0.1428000E+01 -5.52978e-08
0.1430000E+01 -5.54593e-08
0.1432000E+01 -5.91971e-08
0.1434000E+01 -6.07094e-08
0.1436000E+01 -5.789e-08
0.1438000E+01 -5.69602e-08
0.1440000E+01 -6.28297e-08
0.1442000E+01 -1.10879e-07
0.1444000E+01 -9.53607e-08
0.1446000E+01 -7.77001e-08
0.1448000E+01 -6.65158e-08
0.1450000E+01 -5.52044e-08
0.1452000E+01 -5.669e-08
0.1454000E+01 -6.03978e-08
0.1456000E+01 -6.08512e-08
0.1458000E+01 -6.04007e-08
0.1460000E+01 -5.79389e-08
0.1462000E+01 -5.4951e-08
0.1464000E+01 -5.3831e-08
0.1466000E+01 -5.1592e-08
0.1468000E+01 -1.07987e-07
0.1470000E+01 -9.7759e-08
0.1472000E+01 -8.55619e-08
0.1474000E+01 -7.25186e-08
0.1476000E+01 -6.28948e-08
0.1478000E+01 -6.26478e-08
0.1480000E+01 -6.55644e-08
0.1482000E+01 -6.28685e-08
0.1484000E+01 -5.95419e-08
0.1486000E+01 -5.87936e-08
0.1488000E+01 -5.84075e-08
0.1490000E+01 -9.00981e-08
0.1492000E+01 -1.2033e-07
0.1494000E+01 -9.87111e-08
0.1496000E+01 -8.22963e-08
0.1498000E+01 -7.26241e-08
0.1500000E+01 -7.36345e-08
0.1502000E+01 -6.3428e-08
0.1504000E+01 -4.80485e-08
0.1506000E+01 -4.95857e-08
0.1508000E+01 -4.63233e-08
0.1510000E+01 -4.7877e-08
0.1512000E+01 -1.01642e-07
0.1514000E+01 -1.20505e-07
0.1516000E+01 -7.98016e-08
0.1518000E+01 -7.15133e-08
0.1520000E+01 -6.84803e-08
0.1522000E+01 -6.63713e-08
0.1524000E+01 -6.05264e-08
0.1526000E+01 -5.801e-08
0.1528000E+01 -4.99601e-08
0.1530000E+01 -4.97235e-08
0.1532000E+01 -1.05212e-07
0.1534000E+01 -9.18524e-08
0.1536000E+01 -7.0363e-08
0.1538000E+01 -6.65497e-08
0.1540000E+01 -5.75483e-08
0.1542000E+01 -5.06086e-08
0.1544000E+01 -4.84895e-08
0.1546000E+01 -4.71375e-08
0.1548000E+01 -4.42175e-08
0.1550000E+01 -9.97953e-08
0.1552000E+01 -7.97603e-08
0.1554000E+01 -6.04952e-08
0.1556000E+01 -4.65826e-08
0.1558000E+01 -4.32966e-08
0.1560000E+01 -4.59301e-08
0.1562000E+01 -3.92643e-08
0.1564000E+01 -3.20608e-08
0.1566000E+01 -6.66642e-08
0.1568000E+01 -7.96814e-08
0.1570000E+01 -5.01397e-08
0.1572000E+01 -4.38219e-08
0.1574000E+01 -3.74916e-08
0.1576000E+01 -3.06897e-08
0.1578000E+01 -2.28957e-08
0.1580000E+01 -1.89697e-08
0.1582000E+01 -4.48577e-08
0.1584000E+01 -5.97124e-08
0.1586000E+01 -3.58666e-08
0.1588000E+01 -2.62878e-08
0.1590000E+01 -2.29603e-08
0.1592000E+01 -2.11227e-08
0.1594000E+01 -2.0405e-08
0.1596000E+01 -1.83397e-08
0.1598000E+01 -3.46099e-08
0.1600000E+01 -3.75196e-08
0.1602000E+01 -1.70181e-08
0.1604000E+01 -7.77637e-09
0.1606000E+01 -5.13072e-09
0.1608000E+01 -4.58003e-09
0.1610000E+01 -2.586e-09
0.1612000E+01 4.50363e-09
0.1614000E+01 -7.73911e-09
0.1616000E+01 -1.16036e-08
0.1618000E+01 -3.17618e-09
0.1620000E+01 -1.66619e-09
0.1622000E+01 1.65288e-09
0.1624000E+01 4.15442e-09
0.1626000E+01 5.68951e-09
0.1628000E+01 2.04758e-08
0.1630000E+01 1.60158e-08
0.1632000E+01 8.48448e-09
0.1634000E+01 1.13423e-08
0.1636000E+01 1.29129e-08
0.1638000E+01 1.19411e-08
0.1640000E+01 1.30919e-08
0.1642000E+01 1.79391e-08
0.1644000E+01 1.84014e-08
0.1646000E+01 8.55847e-09
0.1648000E+01 9.93962e-09
0.1650000E+01 1.55518e-08
0.1652000E+01 2.0254e-08
0.1654000E+01 3.1866e-08
0.1656000E+01 3.45903e-08
0.1658000E+01 2.66088e-08
0.1660000E+01 2.567e-08
0.1662000E+01 2.55012e-08
0.1664000E+01 2.59372e-08
0.1666000E+01 3.06151e-08
0.1668000E+01 2.95473e-08
0.1670000E+01 2.79546e-08
0.1672000E+01 2.98934e-08
0.1674000E+01 3.22753e-08
0.1676000E+01 3.304e-08
0.1678000E+01 3.16061e-08
0.1680000E+01 4.62012e-08
0.1682000E+01 4.75418e-08
0.1684000E+01 4.27291e-08
0.1686000E+01 3.75173e-08
0.1688000E+01 3.60179e-08
0.1690000E+01 3.27044e-08
0.1692000E+01 2.2186e-08
0.1694000E+01 2.95543e-08
0.1696000E+01 3.38301e-08
0.1698000E+01 3.45761e-08
0.1700000E+01 3.39634e-08
0.1702000E+01 3.70705e-08
0.1704000E+01 3.91424e-08
0.1706000E+01 4.71858e-08
0.1708000E+01 4.68226e-08
0.1710000E+01 4.31653e-08
0.1712000E+01 4.22689e-08
0.1714000E+01 4.00839e-08
0.1716000E+01 3.99393e-08
0.1718000E+01 4.26348e-08
0.1720000E+01 4.54818e-08
0.1722000E+01 4.19254e-08
0.1724000E+01 4.42726e-08
0.1726000E+01 4.41945e-08
0.1728000E+01 4.23116e-08
0.1730000E+01 4.14763e-08
0.1732000E+01 4.69812e-08
0.1734000E+01 4.81007e-08
0.1736000E+01 3.12478e-08
0.1738000E+01 3.75978e-08
0.1740000E+01 3.88225e-08
0.1742000E+01 3.95587e-08
0.1744000E+01 4.02256e-08
0.1746000E+01 5.50177e-08
0.1748000E+01 4.68033e-08
0.1750000E+01 4.38395e-08
0.1752000E+01 4.26921e-08
0.1754000E+01 4.18264e-08
0.1756000E+01 4.19645e-08
0.1758000E+01 4.2475e-08
0.1760000E+01 4.75447e-08
0.1762000E+01 4.82604e-08
0.1764000E+01 4.57032e-08
0.1766000E+01 4.50464e-08
0.1768000E+01 4.44021e-08
0.1770000E+01 4.49062e-08
0.1772000E+01 5.30141e-08
0.1774000E+01 4.8365e-08
0.1776000E+01 3.0011e-08
0.1778000E+01 4.44025e-08
0.1780000E+01 4.9819e-08
0.1782000E+01 4.8017e-08
0.1784000E+01 5.02334e-08
0.1786000E+01 4.46193e-08
0.1788000E+01 4.56841e-08
0.1790000E+01 4.68701e-08
0.1792000E+01 4.58067e-08
0.1794000E+01 4.60809e-08
0.1796000E+01 4.60104e-08
0.1798000E+01 4.95521e-08
0.1800000E+01 4.97723e-08
0.1802000E+01 4.89331e-08
0.1804000E+01 4.90078e-08
0.1806000E+01 4.90762e-08
0.1808000E+01 4.95338e-08
0.1810000E+01 5.06826e-08
0.1812000E+01 4.8299e-08
0.1814000E+01 3.27333e-08
0.1816000E+01 4.15294e-08
0.1818000E+01 4.73763e-08
0.1820000E+01 4.70572e-08
0.1822000E+01 5.12738e-08
0.1824000E+01 5.33321e-08
0.1826000E+01 5.4484e-08
0.1828000E+01 5.53216e-08
0.1830000E+01 5.3027e-08
0.1832000E+01 5.25777e-08
0.1834000E+01 5.28392e-08
0.1836000E+01 5.37702e-08
0.1838000E+01 5.40965e-08
0.1840000E+01 5.42418e-08
0.1842000E+01 5.50674e-08
0.1844000E+01 5.55462e-08
0.1846000E+01 2.28308e-08
0.1848000E+01 4.34852e-08
0.1850000E+01 4.71836e-08
0.1852000E+01 5.02256e-08
0.1854000E+01 5.18443e-08
0.1856000E+01 5.42844e-08
0.1858000E+01 5.47044e-08
0.1860000E+01 5.49211e-08
0.1862000E+01 5.5779e-08
0.1864000E+01 5.61231e-08
0.1866000E+01 5.68023e-08
0.1868000E+01 5.78247e-08
0.1870000E+01 5.94807e-08
0.1872000E+01 3.43748e-08
0.1874000E+01 3.7476e-08
0.1876000E+01 4.63293e-08
0.1878000E+01 5.63372e-08
0.1880000E+01 5.60482e-08
0.1882000E+01 5.93792e-08
0.1884000E+01 6.19171e-08
0.1886000E+01 6.19614e-08
0.1888000E+01 6.16632e-08
0.1890000E+01 6.09756e-08
0.1892000E+01 3.13794e-08
0.1894000E+01 6.29385e-08
0.1896000E+01 5.95766e-08
0.1898000E+01 4.07792e-08
0.1900000E+01 5.15645e-08
0.1902000E+01 4.55585e-08
0.1904000E+01 4.40304e-08
0.1906000E+01 4.47801e-08
0.1908000E+01 4.82807e-08
0.1910000E+01 4.16283e-08
0.1912000E+01 3.72856e-08
0.1914000E+01 2.97681e-08
0.1916000E+01 4.15489e-08
0.1918000E+01 1.9379e-08
0.1920000E+01 1.16303e-08
0.1922000E+01 -1.02044e-08
0.1924000E+01 -1.07432e-07
0.1926000E+01 -2.94862e-08
0.1928000E+01 2.22826e-07
0.1930000E+01 2.40616e-07
0.1932000E+01 1.56131e-07
0.1934000E+01 1.43977e-07
0.1936000E+01 -2.11063e-08
0.1938000E+01 2.06313e-07
0.1940000E+01 8.31186e-08
0.1942000E+01 1.41381e-07
0.1944000E+01 1.4768e-07
0.1946000E+01 3.40169e-07
0.1948000E+01 1.5026e-07
0.1950000E+01 1.9558e-07
0.1952000E+01 1.8145e-07
0.1954000E+01 8.31909e-07
0.1956000E+01 -4.06563e-08
0.1958000E+01 -9.82407e-07
0.1960000E+01 -3.68714e-07
0.1962000E+01 -2.58523e-07
0.1964000E+01 -9.26795e-08
0.1966000E+01 3.64512e-08
0.1968000E+01 -1.11821e-07
0.1970000E+01 -1.62935e-07
0.1972000E+01 -2.41356e-07
0.1974000E+01 -1.31432e-07
0.1976000E+01 3.00316e-08
0.1978000E+01 3.43322e-08
0.1980000E+01 -4.25288e-08
0.1982000E+01 -1.35069e-07
0.1984000E+01 -1.45669e-08
0.1986000E+01 -1.95139e-08
0.1988000E+01 -1.45533e-07
0.1990000E+01 1.75894e-07
0.1992000E+01 1.54242e-08
0.1994000E+01 2.74072e-08
0.1996000E+01 -7.60827e-08
0.1998000E+01 3.974e-07
0.2000000E+01 -3.87201e-09
0.2002000E+01 -5.4054e-09
0.2004000E+01 -4.38506e-09
0.2006000E+01 -3.21041e-09
0.2008000E+01 -3.75563e-09
0.2010000E+01 -5.73636e-09
0.2012000E+01 -6.28304e-09
0.2014000E+01 -9.61882e-09
0.2016000E+01 -1.74161e-08
0.2018000E+01 -4.63044e-09
0.2020000E+01 6.84627e-09
0.2022000E+01 6.69403e-09
0.2024000E+01 6.40846e-09
0.2026000E+01 7.54898e-09
0.2028000E+01 9.4195e-10
0.2030000E+01 2.23024e-08
0.2032000E+01 8.84687e-08
0.2034000E+01 1.10764e-07
0.2036000E+01 2.67276e-08
0.2038000E+01 -4.30537e-08
0.2040000E+01 -4.44649e-08
0.2042000E+01 -4.32511e-08
0.2044000E+01 -2.05499e-09
0.2046000E+01 1.45061e-08
0.2048000E+01 4.01777e-08
0.2050000E+01 7.5853e-08
0.2052000E+01 4.88993e-08
0.2054000E+01 -6.03159e-08
0.2056000E+01 -7.25634e-08
0.2058000E+01 1.57871e-09
0.2060000E+01 2.40643e-08
0.2062000E+01 2.1775e-08
0.2064000E+01 1.09403e-08
0.2066000E+01 -9.68064e-08
0.2068000E+01 2.53294e-08
0.2070000E+01 -4.34551e-09
0.2072000E+01 -3.49731e-08
0.2074000E+01 -2.89612e-08
0.2076000E+01 -4.80751e-09
0.2078000E+01 1.52257e-08
0.2080000E+01 4.63511e-09
0.2082000E+01 8.96931e-09
0.2084000E+01 -1.78531e-08
0.2086000E+01 -1.83007e-08
0.2088000E+01 -1.98521e-08
0.2090000E+01 -2.02324e-08
0.2092000E+01 2.84411e-09
0.2094000E+01 4.70876e-08
0.2096000E+01 3.4451e-08
0.2098000E+01 1.7744e-09
0.2100000E+01 -2.76457e-08
0.2102000E+01 -1.8192e-08
0.2104000E+01 -6.72811e-09
0.2106000E+01 3.19177e-09
0.2108000E+01 2.39858e-08
0.2110000E+01 3.26128e-08
0.2112000E+01 3.31776e-09
0.2114000E+01 1.24376e-08
0.2116000E+01 1.54147e-08
0.2118000E+01 8.84931e-10
0.2120000E+01 1.71724e-09
0.2122000E+01 -9.67737e-09
0.2124000E+01 -1.73583e-08
0.2126000E+01 -2.59811e-08
0.2128000E+01 1.51699e-08
0.2130000E+01 4.63175e-08
0.2132000E+01 1.97976e-08
0.2134000E+01 -1.23382e-08
0.2136000E+01 3.77595e-09
0.2138000E+01 1.02844e-08
0.2140000E+01 -5.58614e-09
0.2142000E+01 1.22205e-08
0.2144000E+01 3.42862e-09
0.2146000E+01 4.12855e-08
0.2148000E+01 2.94231e-08
0.2150000E+01 3.38206e-08
0.2152000E+01 2.5681e-08
0.2154000E+01 -2.79631e-09
0.2156000E+01 -4.38281e-09
0.2158000E+01 -8.55275e-09
0.2160000E+01 8.78611e-09
0.2162000E+01 3.40086e-08
0.2164000E+01 1.6942e-08
0.2166000E+01 1.96247e-08
0.2168000E+01 2.45942e-08
0.2170000E+01 2.56507e-08
0.2172000E+01 2.8108e-08
0.2174000E+01 4.50324e-09
0.2176000E+01 2.49933e-09
0.2178000E+01 2.23728e-10
0.2180000E+01 5.40953e-08
0.2182000E+01 4.44102e-08
0.2184000E+01 3.20435e-08
0.2186000E+01 1.46387e-08
0.2188000E+01 1.78512e-08
0.2190000E+01 1.92899e-08
0.2192000E+01 2.55816e-08
0.2194000E+01 4.28395e-08
0.2196000E+01 5.44389e-08
0.2198000E+01 3.56751e-08
0.2200000E+01 1.84451e-08
0.2202000E+01 1.35861e-08
0.2204000E+01 1.48163e-08
0.2206000E+01 1.84033e-08
0.2208000E+01 3.13649e-08
0.2210000E+01 3.27137e-08
0.2212000E+01 3.57114e-08
0.2214000E+01 4.6113e-08
0.2216000E+01 2.96775e-08
0.2218000E+01 2.16809e-08
0.2220000E+01 2.03401e-08
0.2222000E+01 3.49881e-08
0.2224000E+01 4.98661e-08
0.2226000E+01 2.33746e-08
0.2228000E+01 2.59767e-08
0.2230000E+01 3.7584e-08
0.2232000E+01 3.92565e-08
0.2234000E+01 5.49591e-08
0.2236000E+01 5.17375e-08
0.2238000E+01 4.20277e-08
0.2240000E+01 1.76496e-08
0.2242000E+01 2.02302e-08
0.2244000E+01 4.05956e-08
0.2246000E+01 2.24818e-08
0.2248000E+01 2.95555e-08
0.2250000E+01 2.63064e-08
0.2252000E+01 5.25041e-08
0.2254000E+01 2.82757e-08
0.2256000E+01 6.9304e-08
0.2258000E+01 9.65317e-08
0.2260000E+01 4.56725e-08
0.2262000E+01 -1.19881e-08
0.2264000E+01 3.7825e-09
0.2266000E+01 6.22175e-09
0.2268000E+01 1.46105e-08
0.2270000E+01 9.10407e-09
0.2272000E+01 1.01611e-08
0.2274000E+01 9.77717e-09
0.2276000E+01 8.23775e-09
0.2278000E+01 7.59996e-09
0.2280000E+01 1.24547e-08
0.2282000E+01 1.3414e-08
0.2284000E+01 1.33483e-08
0.2286000E+01 1.85679e-08
0.2288000E+01 2.42621e-08
0.2290000E+01 2.57339e-08
0.2292000E+01 1.85444e-08
0.2294000E+01 1.73807e-08
0.2296000E+01 1.7493e-08
0.2298000E+01 1.59814e-08
0.2300000E+01 1.30529e-08
0.2302000E+01 1.44166e-08
0.2304000E+01 1.61706e-08
0.2306000E+01 1.82927e-08
0.2308000E+01 1.81787e-08
0.2310000E+01 1.75482e-08
0.2312000E+01 2.3808e-08
0.2314000E+01 1.52328e-08
0.2316000E+01 1.03742e-08
0.2318000E+01 9.21415e-09
0.2320000E+01 1.2173e-08
0.2322000E+01 1.34549e-08
0.2324000E+01 1.49377e-08
0.2326000E+01 1.60119e-08
0.2328000E+01 1.64421e-08
0.2330000E+01 1.65147e-08
0.2332000E+01 1.18428e-08
0.2334000E+01 1.27959e-08
0.2336000E+01 1.66272e-08
0.2338000E+01 1.18487e-08
0.2340000E+01 1.28465e-08
0.2342000E+01 1.25933e-08
0.2344000E+01 1.23688e-08
0.2346000E+01 1.21924e-08
0.2348000E+01 7.78937e-09
0.2350000E+01 7.63487e-09
0.2352000E+01 1.02245e-08
0.2354000E+01 1.23504e-08
0.2356000E+01 1.34821e-08
0.2358000E+01 1.44783e-08
0.2360000E+01 1.23458e-08
0.2362000E+01 4.24241e-09
0.2364000E+01 6.10606e-09
0.2366000E+01 6.93824e-09
0.2368000E+01 -2.92753e-08
0.2370000E+01 -1.15452e-07
0.2372000E+01 -9.26946e-08
0.2374000E+01 -5.38698e-08
0.2376000E+01 3.57654e-08
0.2378000E+01 8.41886e-09
0.2380000E+01 1.40173e-08
0.2382000E+01 -6.35744e-10
0.2384000E+01 2.59398e-08
0.2386000E+01 1.35758e-08
0.2388000E+01 -9.24706e-09
0.2390000E+01 -1.27798e-08
0.2392000E+01 -1.5387e-08
0.2394000E+01 1.60045e-08
0.2396000E+01 -8.39949e-09
0.2398000E+01 -1.67859e-08
0.2400000E+01 -6.06606e-09
0.2402000E+01 7.70888e-09
0.2404000E+01 -4.31246e-09
0.2406000E+01 3.14649e-08
0.2408000E+01 6.6936e-09
0.2410000E+01 1.11812e-08
0.2412000E+01 3.48026e-08
0.2414000E+01 1.04061e-08
0.2416000E+01 8.45953e-09
0.2418000E+01 3.12199e-09
0.2420000E+01 2.01093e-08
0.2422000E+01 -1.21901e-09
0.2424000E+01 -9.75338e-10
0.2426000E+01 1.22355e-09
0.2428000E+01 -9.37706e-09
0.2430000E+01 -2.43178e-09
0.2432000E+01 -1.35741e-09
0.2434000E+01 3.75089e-09
0.2436000E+01 5.50203e-09
0.2438000E+01 9.23336e-09
0.2440000E+01 -2.64805e-09
0.2442000E+01 -2.77057e-09
0.2444000E+01 -5.12674e-09
0.2446000E+01 -4.77908e-10
0.2448000E+01 2.3842e-10
0.2450000E+01 -1.10617e-09
0.2452000E+01 -8.15164e-10
0.2454000E+01 9.37833e-10
0.2456000E+01 -9.19801e-09
0.2458000E+01 -9.57933e-10
0.2460000E+01 -1.10683e-09
0.2462000E+01 -4.69693e-09
0.2464000E+01 -4.64268e-09
0.2466000E+01 5.73813e-09
0.2468000E+01 -2.51683e-09
0.2470000E+01 -6.81056e-10
0.2472000E+01 3.00305e-10
0.2474000E+01 -4.51663e-09
0.2476000E+01 -2.85742e-09
0.2478000E+01 3.32586e-09
0.2480000E+01 -1.3099e-08
0.2482000E+01 -4.04114e-09
0.2484000E+01 7.63836e-10
0.2486000E+01 4.81164e-10
0.2488000E+01 2.20394e-09
0.2490000E+01 -8.82204e-09
0.2492000E+01 -3.67602e-09
0.2494000E+01 -7.56983e-09
0.2496000E+01 -1.70556e-09
0.2498000E+01 -3.84105e-09
0.2500000E+01 -1.46681e-09
0.2502000E+01 -1.69964e-08
0.2504000E+01 -5.22348e-09
0.2506000E+01 -1.52893e-09
0.2508000E+01 -5.23303e-09
0.2510000E+01 -2.82627e-09
0.2512000E+01 9.63504e-10
0.2514000E+01 6.62589e-09
0.2516000E+01 -1.89256e-08
0.2518000E+01 -1.08075e-08
0.2520000E+01 -7.74644e-09
0.2522000E+01 -3.06032e-09
0.2524000E+01 -3.19319e-09
0.2526000E+01 -6.49438e-09
0.2528000E+01 -3.11448e-09
0.2530000E+01 -2.47671e-09
0.2532000E+01 -1.05149e-08
0.2534000E+01 -3.4416e-08
0.2536000E+01 -1.69777e-08
0.2538000E+01 -8.51601e-09
0.2540000E+01 -1.49061e-08
0.2542000E+01 -9.2291e-09
0.2544000E+01 -6.7498e-09
0.2546000E+01 1.1642e-09
0.2548000E+01 1.88708e-10
0.2550000E+01 -5.46643e-09
0.2552000E+01 -3.1196e-09
0.2554000E+01 -2.18644e-08
0.2556000E+01 -1.19197e-08
0.2558000E+01 -1.1028e-08
0.2560000E+01 -8.67051e-09
0.2562000E+01 -1.52433e-08
0.2564000E+01 -1.98779e-08
0.2566000E+01 -2.29999e-08
0.2568000E+01 -1.99443e-08
0.2570000E+01 -1.28316e-08
0.2572000E+01 -1.09723e-08
0.2574000E+01 -1.05124e-08
0.2576000E+01 -8.69398e-09
0.2578000E+01 -1.23275e-08
0.2580000E+01 -9.55103e-09
0.2582000E+01 -7.7248e-09
0.2584000E+01 -2.3056e-10
0.2586000E+01 4.11035e-09
0.2588000E+01 -6.65442e-09
0.2590000E+01 -7.12657e-09
0.2592000E+01 -2.08877e-08
0.2594000E+01 -3.71584e-08
0.2596000E+01 -2.33903e-08
0.2598000E+01 -1.97042e-08
0.2600000E+01 -1.56405e-08
0.2602000E+01 -1.63615e-08
0.2604000E+01 -1.53645e-08
0.2606000E+01 -1.16247e-08
0.2608000E+01 -1.24502e-08
0.2610000E+01 -1.00693e-08
0.2612000E+01 -1.12535e-08
0.2614000E+01 -1.0985e-08
0.2616000E+01 -8.57934e-09
0.2618000E+01 -9.0309e-09
0.2620000E+01 -9.98848e-09
0.2622000E+01 -2.48058e-08
0.2624000E+01 -3.07364e-08
0.2626000E+01 -1.87637e-08
0.2628000E+01 -1.80598e-08
0.2630000E+01 -1.34049e-08
0.2632000E+01 -1.48805e-08
0.2634000E+01 -1.68646e-08
0.2636000E+01 -1.4065e-08
0.2638000E+01 -1.08073e-08
0.2640000E+01 -1.12077e-08
0.2642000E+01 -1.10792e-08
0.2644000E+01 -1.14175e-08
0.2646000E+01 -9.15002e-09
0.2648000E+01 -1.43625e-08
0.2650000E+01 -2.83049e-08
0.2652000E+01 -3.08891e-08
0.2654000E+01 -2.08801e-08
0.2656000E+01 -1.25277e-08
0.2658000E+01 -2.06605e-08
0.2660000E+01 -2.01085e-08
0.2662000E+01 -1.86576e-08
0.2664000E+01 -1.94878e-08
0.2666000E+01 -1.85383e-08
0.2668000E+01 -9.8647e-09
0.2670000E+01 -1.05789e-08
0.2672000E+01 -1.04915e-08
0.2674000E+01 -1.02713e-08
0.2676000E+01 -1.31199e-08
0.2678000E+01 -2.20798e-08
0.2680000E+01 -2.21551e-08
0.2682000E+01 -2.26807e-08
0.2684000E+01 -2.75554e-08
0.2686000E+01 -2.00909e-08
0.2688000E+01 -1.36639e-08
0.2690000E+01 -1.88287e-08
0.2692000E+01 -1.78919e-08
0.2694000E+01 -1.53522e-08
0.2696000E+01 -1.40694e-08
0.2698000E+01 -1.3761e-08
0.2700000E+01 -1.94336e-08
0.2702000E+01 -2.23791e-08
0.2704000E+01 -2.60841e-08
0.2706000E+01 -1.52477e-08
0.2708000E+01 -1.4565e-08
0.2710000E+01 -1.53072e-08
0.2712000E+01 -1.1429e-08
0.2714000E+01 -1.66218e-08
0.2716000E+01 -1.88101e-08
0.2718000E+01 -6.70231e-09
0.2720000E+01 -1.8359e-08
0.2722000E+01 -1.8691e-08
0.2724000E+01 -2.33393e-08
0.2726000E+01 -1.88484e-08
0.2728000E+01 -1.90274e-08
0.2730000E+01 -1.72775e-08
0.2732000E+01 -3.12882e-08
0.2734000E+01 -1.53899e-08
0.2736000E+01 -1.72659e-08
0.2738000E+01 -1.83649e-08
0.2740000E+01 -1.72932e-08
0.2742000E+01 -2.91642e-09
0.2744000E+01 -2.48524e-09
0.2746000E+01 -1.10248e-08
0.2748000E+01 -2.78357e-08
0.2750000E+01 -1.89724e-08
0.2752000E+01 -1.70424e-08
0.2754000E+01 -2.47503e-08
0.2756000E+01 -1.75564e-08
0.2758000E+01 -2.27149e-08
0.2760000E+01 -2.26493e-08
0.2762000E+01 -1.86138e-08
0.2764000E+01 -1.72032e-08
0.2766000E+01 -1.81363e-08
0.2768000E+01 -1.99359e-08
0.2770000E+01 -1.97349e-08
0.2772000E+01 -1.78578e-08
0.2774000E+01 -2.56913e-08
0.2776000E+01 -1.87009e-08
0.2778000E+01 -1.80482e-08
0.2780000E+01 -1.35566e-08
0.2782000E+01 -1.74816e-08
0.2784000E+01 -1.53857e-08
0.2786000E+01 -1.74418e-08
0.2788000E+01 -1.57417e-08
0.2790000E+01 -2.20354e-08
0.2792000E+01 -2.16222e-08
0.2794000E+01 -2.25922e-08
0.2796000E+01 -2.41184e-08
0.2798000E+01 -2.14029e-08
0.2800000E+01 -2.13029e-08
0.2802000E+01 -2.74268e-08
0.2804000E+01 -2.4289e-08
0.2806000E+01 -3.39336e-08
0.2808000E+01 -4.62033e-08
0.2810000E+01 -3.46816e-08
0.2812000E+01 -2.72926e-08
0.2814000E+01 -2.89939e-08
0.2816000E+01 -3.07973e-08
0.2818000E+01 -2.36562e-08
0.2820000E+01 -3.42622e-08
0.2822000E+01 -4.03363e-08
0.2824000E+01 -3.88667e-08
0.2826000E+01 -5.00545e-08
0.2828000E+01 -3.91343e-08
0.2830000E+01 -5.45318e-08
0.2832000E+01 -6.99851e-08
0.2834000E+01 -7.95432e-08
0.2836000E+01 -7.53258e-08
0.2838000E+01 -1.30386e-07
0.2840000E+01 -1.36391e-07
0.2842000E+01 -1.93313e-07
0.2844000E+01 -2.95365e-07
0.2846000E+01 -2.3723e-07
0.2848000E+01 5.81712e-07
0.2850000E+01 1.87919e-07
0.2852000E+01 1.25591e-07
0.2854000E+01 5.96276e-08
0.2856000E+01 1.00005e-07
0.2858000E+01 8.20919e-08
0.2860000E+01 6.11788e-08
0.2862000E+01 5.33402e-08
0.2864000E+01 7.56073e-08
0.2866000E+01 5.46713e-08
0.2868000E+01 5.82928e-08
0.2870000E+01 4.24954e-08
0.2872000E+01 5.12884e-08
0.2874000E+01 5.95247e-08
0.2876000E+01 5.36972e-08
0.2878000E+01 5.80015e-08
0.2880000E+01 7.02386e-08
0.2882000E+01 6.50961e-08
0.2884000E+01 7.30419e-08
0.2886000E+01 4.78691e-08
0.2888000E+01 5.09195e-08
0.2890000E+01 5.68741e-08
0.2892000E+01 7.08623e-08
0.2894000E+01 8.27555e-08
0.2896000E+01 9.44357e-08
0.2898000E+01 5.61847e-08
0.2900000E+01 5.53546e-08
0.2902000E+01 6.35266e-08
0.2904000E+01 6.05163e-08
0.2906000E+01 5.27856e-08
0.2908000E+01 7.25364e-08
0.2910000E+01 7.66662e-08
0.2912000E+01 8.08736e-08
0.2914000E+01 7.32078e-08
0.2916000E+01 6.45283e-08
0.2918000E+01 6.64484e-08
0.2920000E+01 6.83642e-08
0.2922000E+01 9.07537e-08
0.2924000E+01 7.40174e-08
0.2926000E+01 6.7092e-08
0.2928000E+01 6.70965e-08
0.2930000E+01 6.93677e-08
0.2932000E+01 7.53358e-08
0.2934000E+01 8.28847e-08
0.2936000E+01 7.65017e-08
0.2938000E+01 7.01139e-08
0.2940000E+01 1.78707e-07
0.2942000E+01 1.747e-07
0.2944000E+01 4.45808e-08
0.2946000E+01 5.10411e-08
0.2948000E+01 5.61954e-08
0.2950000E+01 4.67871e-08
0.2952000E+01 4.98413e-08
0.2954000E+01 4.42405e-08
0.2956000E+01 5.46476e-08
0.2958000E+01 6.21536e-08
0.2960000E+01 4.87587e-08
0.2962000E+01 4.02901e-08
0.2964000E+01 3.77239e-08
0.2966000E+01 4.00707e-08
0.2968000E+01 4.99132e-08
0.2970000E+01 4.31841e-08
0.2972000E+01 4.92276e-08
0.2974000E+01 5.47947e-08
0.2976000E+01 4.90982e-08
0.2978000E+01 5.53946e-08
0.2980000E+01 6.62953e-08
0.2982000E+01 6.02145e-08
0.2984000E+01 3.82598e-08
0.2986000E+01 8.71846e-09
0.2988000E+01 -1.23293e-07
0.2990000E+01 1.76379e-07
0.2992000E+01 3.02811e-07
0.2994000E+01 6.96405e-09
0.2996000E+01 1.55491e-08
0.2998000E+01 3.51896e-08
0.3000000E+01 2.57738e-08
0.3002000E+01 2.99646e-08
0.3004000E+01 2.13438e-08
0.3006000E+01 2.507e-08
0.3008000E+01 2.76663e-08
0.3010000E+01 2.46648e-08
0.3012000E+01 1.69697e-08
0.3014000E+01 1.1811e-08
0.3016000E+01 1.08557e-08
0.3018000E+01 1.11757e-08
0.3020000E+01 5.34036e-09
0.3022000E+01 -1.1515e-09
0.3024000E+01 3.82497e-09
0.3026000E+01 7.46506e-09
0.3028000E+01 4.01155e-09
0.3030000E+01 8.6576e-09
0.3032000E+01 2.36095e-08
0.3034000E+01 1.56525e-08
0.3036000E+01 9.08062e-09
0.3038000E+01 1.71091e-08
0.3040000E+01 8.24592e-09
0.3042000E+01 7.61331e-09
0.3044000E+01 1.39459e-09
0.3046000E+01 1.7224e-08
0.3048000E+01 5.29571e-09
0.3050000E+01 3.21193e-09
0.3052000E+01 3.94704e-09
0.3054000E+01 2.6033e-09
0.3056000E+01 -6.11541e-10
0.3058000E+01 -3.82649e-09
0.3060000E+01 -3.56425e-09
0.3062000E+01 -8.04828e-09
0.3064000E+01 -8.19672e-09
0.3066000E+01 -1.20605e-08
0.3068000E+01 -8.75488e-09
0.3070000E+01 -2.32967e-09
0.3072000E+01 -3.51351e-09
0.3074000E+01 -4.9299e-09
0.3076000E+01 1.17775e-08
0.3078000E+01 6.76911e-09
0.3080000E+01 7.29206e-09
0.3082000E+01 9.05333e-09
0.3084000E+01 2.69241e-09
0.3086000E+01 -3.81247e-09
0.3088000E+01 -5.13588e-09
0.3090000E+01 -9.63259e-09
0.3092000E+01 -2.20933e-08
0.3094000E+01 -8.92442e-09
0.3096000E+01 -1.58914e-08
0.3098000E+01 -5.74716e-09
0.3100000E+01 -3.37485e-09
0.3102000E+01 -5.01815e-09
0.3104000E+01 -8.81369e-09
0.3106000E+01 -1.10211e-08
0.3108000E+01 -2.97722e-11
0.3110000E+01 -1.01293e-08
0.3112000E+01 -2.11952e-08
0.3114000E+01 -1.73325e-08
0.3116000E+01 -3.36963e-09
0.3118000E+01 -1.79139e-08
0.3120000E+01 -1.28914e-08
0.3122000E+01 -6.02029e-09
0.3124000E+01 -3.12097e-08
0.3126000E+01 -4.22164e-08
0.3128000E+01 -4.3163e-08
0.3130000E+01 -3.44838e-08
0.3132000E+01 -2.04851e-08
0.3134000E+01 -2.87213e-08
0.3136000E+01 -1.98862e-08
0.3138000E+01 -1.75168e-08
0.3140000E+01 -3.87605e-08
0.3142000E+01 -3.11613e-08
0.3144000E+01 -3.4633e-08
0.3146000E+01 -2.89421e-08
0.3148000E+01 -6.42134e-08
0.3150000E+01 -6.8273e-08
0.3152000E+01 -4.51147e-08
0.3154000E+01 -4.85332e-08
0.3156000E+01 -1.25116e-07
0.3158000E+01 -1.44649e-07
0.3160000E+01 -1.22043e-07
0.3162000E+01 -4.24466e-07
0.3164000E+01 -4.29948e-07
0.3166000E+01 9.37351e-07
0.3168000E+01 5.57987e-08
0.3170000E+01 3.38129e-08
0.3172000E+01 1.03229e-08
0.3174000E+01 1.10865e-08
0.3176000E+01 5.03646e-08
0.3178000E+01 4.38374e-08
0.3180000E+01 2.8831e-08
0.3182000E+01 4.24893e-08
0.3184000E+01 3.86648e-08
0.3186000E+01 6.59899e-08
0.3188000E+01 5.23127e-08
0.3190000E+01 3.87894e-08
0.3192000E+01 3.08225e-08
0.3194000E+01 2.56071e-08
0.3196000E+01 2.88898e-08
0.3198000E+01 2.82795e-08
0.3200000E+01 3.85316e-08
0.3202000E+01 5.62403e-08
0.3204000E+01 5.23284e-08
0.3206000E+01 4.09079e-08
0.3208000E+01 3.51259e-08
0.3210000E+01 3.40998e-08
0.3212000E+01 3.91813e-08
0.3214000E+01 8.4898e-08
0.3216000E+01 5.93237e-08
0.3218000E+01 2.24406e-08
0.3220000E+01 -5.48979e-09
0.3222000E+01 2.35846e-08
0.3224000E+01 5.72358e-08
0.3226000E+01 4.75972e-08
0.3228000E+01 2.94034e-08
0.3230000E+01 1.74691e-08
0.3232000E+01 2.0362e-08
0.3234000E+01 5.92897e-08
0.3236000E+01 8.03952e-08
0.3238000E+01 5.22799e-08
0.3240000E+01 3.37319e-08
0.3242000E+01 2.90636e-08
0.3244000E+01 1.20222e-07
0.3246000E+01 4.51732e-08
0.3248000E+01 3.59826e-08
0.3250000E+01 7.16562e-08
0.3252000E+01 1.42263e-07
0.3254000E+01 7.91412e-09
0.3256000E+01 1.43033e-07
0.3258000E+01 -6.4229e-08
0.3260000E+01 6.91349e-08
0.3262000E+01 -2.31572e-07
0.3264000E+01 1.25359e-08
0.3266000E+01 2.14931e-07
0.3268000E+01 4.80859e-08
0.3270000E+01 6.3829e-08
0.3272000E+01 2.24117e-07
0.3274000E+01 2.39445e-07
0.3276000E+01 4.62149e-07
0.3278000E+01 -8.58306e-08
0.3280000E+01 -1.12189e-07
0.3282000E+01 2.8095e-07
0.3284000E+01 2.92474e-07
0.3286000E+01 7.89898e-07
0.3288000E+01 1.0412e-07
0.3290000E+01 7.75478e-07
0.3292000E+01 6.89679e-07
0.3294000E+01 4.73966e-07
0.3296000E+01 -1.83444e-07
0.3298000E+01 -3.11258e-08
0.3300000E+01 -4.30311e-07
0.3302000E+01 -3.31962e-07
0.3304000E+01 -3.7094e-07
0.3306000E+01 -1.6326e-07
0.3308000E+01 -1.40549e-07
0.3310000E+01 -1.89515e-07
0.3312000E+01 -2.0303e-07
0.3314000E+01 -1.52065e-07
0.3316000E+01 -1.41544e-07
0.3318000E+01 -1.34155e-07
0.3320000E+01 -1.19323e-07
0.3322000E+01 -8.7172e-08
0.3324000E+01 -9.91821e-08
0.3326000E+01 -1.13761e-07
0.3328000E+01 -1.091e-07
0.3330000E+01 -8.50637e-08
0.3332000E+01 -7.30595e-08
0.3334000E+01 -7.32225e-08
0.3336000E+01 -6.92676e-08
0.3338000E+01 -6.28495e-08
0.3340000E+01 -6.14072e-08
0.3342000E+01 -6.61668e-08
0.3344000E+01 -6.28249e-08
0.3346000E+01 -5.21759e-08
0.3348000E+01 -4.46251e-08
0.3350000E+01 -4.02949e-08
0.3352000E+01 -3.98401e-08
0.3354000E+01 -4.4942e-08
0.3356000E+01 -5.21362e-08
0.3358000E+01 -4.94533e-08
0.3360000E+01 -3.85868e-08
0.3362000E+01 -3.70207e-08
0.3364000E+01 -4.94643e-08
0.3366000E+01 -4.44935e-08
0.3368000E+01 -4.05418e-08
0.3370000E+01 -3.82504e-08
0.3372000E+01 -3.39505e-08
0.3374000E+01 -3.75315e-08
0.3376000E+01 -2.81352e-08
0.3378000E+01 -2.53044e-08
0.3380000E+01 -2.25604e-08
0.3382000E+01 -2.15951e-08
0.3384000E+01 -3.51058e-08
0.3386000E+01 -2.74984e-08
0.3388000E+01 -1.99576e-08
0.3390000E+01 -1.89666e-08
0.3392000E+01 -5.4322e-08
0.3394000E+01 -2.18655e-08
0.3396000E+01 -2.73134e-08
0.3398000E+01 -2.47859e-08
0.3400000E+01 -2.51007e-08
0.3402000E+01 -3.95934e-08
0.3404000E+01 -3.00018e-08
0.3406000E+01 -2.72798e-08
0.3408000E+01 -2.28849e-08
0.3410000E+01 -2.04727e-08
0.3412000E+01 -1.88329e-08
0.3414000E+01 -1.92337e-08
0.3416000E+01 -1.9229e-08
0.3418000E+01 -2.04789e-08
0.3420000E+01 -3.7935e-08
0.3422000E+01 -3.00167e-08
0.3424000E+01 -2.25805e-08
0.3426000E+01 -2.08093e-08
0.3428000E+01 -1.90128e-08
0.3430000E+01 -1.44531e-08
0.3432000E+01 -1.38887e-08
0.3434000E+01 -1.18285e-08
0.3436000E+01 -2.44177e-08
0.3438000E+01 -2.86193e-08
0.3440000E+01 -2.13238e-08
0.3442000E+01 -2.58859e-08
0.3444000E+01 -2.00473e-08
0.3446000E+01 -1.32603e-08
0.3448000E+01 -1.1004e-08
0.3450000E+01 -1.19692e-08
0.3452000E+01 -3.66156e-08
0.3454000E+01 -2.83638e-08
0.3456000E+01 -2.35633e-08
0.3458000E+01 -1.52881e-08
0.3460000E+01 -1.2417e-08
0.3462000E+01 -1.34935e-08
0.3464000E+01 -1.56645e-08
0.3466000E+01 -4.35007e-08
0.3468000E+01 -3.7293e-08
0.3470000E+01 -2.98851e-08
0.3472000E+01 -1.87125e-08
0.3474000E+01 -1.98026e-08
0.3476000E+01 -1.55234e-08
0.3478000E+01 -2.84915e-08
0.3480000E+01 -4.8256e-08
0.3482000E+01 -2.32305e-08
0.3484000E+01 -2.39593e-08
0.3486000E+01 -1.35032e-08
0.3488000E+01 -2.52739e-08
0.3490000E+01 -3.81043e-08
0.3492000E+01 -5.22881e-08
0.3494000E+01 -1.81989e-08
0.3496000E+01 -2.45399e-08
0.3498000E+01 -2.74937e-08
0.3500000E+01 -5.34982e-09
0.3502000E+01 -4.25279e-08
0.3504000E+01 -4.17646e-08
0.3506000E+01 -2.12298e-08
0.3508000E+01 2.24415e-10
0.3510000E+01 -3.43875e-08
0.3512000E+01 -6.31403e-08
0.3514000E+01 3.12306e-09
0.3516000E+01 -1.22114e-08
0.3518000E+01 -2.89405e-08
0.3520000E+01 -7.50282e-09
0.3522000E+01 3.51247e-09
0.3524000E+01 1.38886e-08
0.3526000E+01 2.1312e-08
0.3528000E+01 3.20369e-08
0.3530000E+01 2.46498e-08
0.3532000E+01 4.03508e-08
0.3534000E+01 4.22268e-08
0.3536000E+01 3.03033e-08
0.3538000E+01 4.59673e-08
0.3540000E+01 6.76567e-08
0.3542000E+01 5.55052e-08
0.3544000E+01 5.91248e-08
0.3546000E+01 9.14881e-08
0.3548000E+01 4.86828e-08
0.3550000E+01 5.43735e-08
0.3552000E+01 6.62519e-08
0.3554000E+01 9.92795e-08
0.3556000E+01 4.98381e-08
0.3558000E+01 4.63616e-08
0.3560000E+01 8.44229e-08
0.3562000E+01 8.21054e-08
0.3564000E+01 9.9374e-08
0.3566000E+01 6.39523e-08
0.3568000E+01 5.55111e-08
0.3570000E+01 6.04711e-08
0.3572000E+01 7.03991e-08
0.3574000E+01 1.51912e-07
0.3576000E+01 9.52891e-08
0.3578000E+01 8.20573e-08
0.3580000E+01 1.01151e-07
0.3582000E+01 9.29252e-08
0.3584000E+01 1.02474e-07
0.3586000E+01 1.79916e-07
0.3588000E+01 1.73868e-07
0.3590000E+01 2.12543e-07
0.3592000E+01 1.64157e-07
0.3594000E+01 3.70304e-07
0.3596000E+01 3.43554e-07
0.3598000E+01 1.23505e-06
0.3600000E+01 -1.77703e-06
0.3602000E+01 -3.89946e-07
0.3604000E+01 -2.20457e-07
0.3606000E+01 -1.68956e-07
0.3608000E+01 -1.21446e-07
0.3610000E+01 -7.21753e-08
0.3612000E+01 -7.40102e-08
0.3614000E+01 -6.43128e-08
0.3616000E+01 -2.93098e-08
0.3618000E+01 -2.94243e-08
0.3620000E+01 -3.54534e-08
0.3622000E+01 -2.43663e-09
0.3624000E+01 -2.07086e-08
0.3626000E+01 -3.84467e-08
0.3628000E+01 -4.618e-08
0.3630000E+01 -6.34225e-08
0.3632000E+01 -2.34534e-08
0.3634000E+01 -1.9677e-08
0.3636000E+01 -2.57754e-08
0.3638000E+01 -3.7117e-08
0.3640000E+01 1.50326e-09
0.3642000E+01 2.88146e-08
0.3644000E+01 5.63535e-08
0.3646000E+01 -1.83935e-10
0.3648000E+01 -2.23822e-08
0.3650000E+01 -1.36186e-08
0.3652000E+01 -1.41123e-08
0.3654000E+01 -1.5978e-08
0.3656000E+01 -1.99741e-08
0.3658000E+01 -1.82951e-08
0.3660000E+01 -6.99616e-09
0.3662000E+01 -3.31781e-09
0.3664000E+01 -7.56155e-09
0.3666000E+01 -7.14842e-09
0.3668000E+01 -2.46995e-09
0.3670000E+01 5.43195e-08
0.3672000E+01 6.26249e-09
0.3674000E+01 -1.71746e-09
0.3676000E+01 -4.92714e-10
0.3678000E+01 -3.77844e-09
0.3680000E+01 -7.23132e-09
0.3682000E+01 -3.46936e-09
0.3684000E+01 -2.87542e-09
0.3686000E+01 -3.42005e-09
0.3688000E+01 -3.9576e-09
0.3690000E+01 -3.29342e-09
0.3692000E+01 -5.62745e-09
0.3694000E+01 3.7412e-09
0.3696000E+01 4.98281e-09
0.3698000E+01 1.25753e-08
0.3700000E+01 2.44296e-08
0.3702000E+01 2.0608e-08
0.3704000E+01 3.57857e-09
0.3706000E+01 3.78025e-09
0.3708000E+01 3.7815e-09
0.3710000E+01 3.0928e-09
0.3712000E+01 4.60231e-10
0.3714000E+01 -1.67535e-09
0.3716000E+01 -3.08551e-10
0.3718000E+01 5.19185e-09
0.3720000E+01 3.69367e-09
0.3722000E+01 4.33644e-09
0.3724000E+01 5.39835e-09
0.3726000E+01 7.2335e-09
0.3728000E+01 8.77684e-09
0.3730000E+01 1.07549e-08
0.3732000E+01 1.5508e-08
0.3734000E+01 1.82639e-08
0.3736000E+01 1.49325e-08
0.3738000E+01 1.0893e-08
0.3740000E+01 8.20217e-09
0.3742000E+01 5.04519e-09
0.3744000E+01 4.75468e-09
0.3746000E+01 4.51659e-09
0.3748000E+01 2.70953e-09
0.3750000E+01 2.13656e-09
0.3752000E+01 2.08021e-09
0.3754000E+01 1.97604e-09
0.3756000E+01 5.38311e-09
0.3758000E+01 1.1045e-09
0.3760000E+01 1.0462e-08
0.3762000E+01 1.13307e-08
0.3764000E+01 1.15611e-08
0.3766000E+01 1.17236e-08
0.3768000E+01 1.4353e-08
0.3770000E+01 1.49879e-08
0.3772000E+01 1.52256e-08
0.3774000E+01 1.34319e-08
0.3776000E+01 1.12475e-08
0.3778000E+01 1.00393e-08
0.3780000E+01 9.10959e-09
0.3782000E+01 8.35261e-09
0.3784000E+01 9.26284e-09
0.3786000E+01 9.74201e-09
0.3788000E+01 8.68349e-09
0.3790000E+01 6.93774e-09
0.3792000E+01 5.92634e-09
0.3794000E+01 6.00298e-09
0.3796000E+01 5.27406e-09
0.3798000E+01 3.79531e-09
0.3800000E+01 2.1239e-09
0.3802000E+01 -1.85511e-10
0.3804000E+01 1.88248e-08
0.3806000E+01 1.73406e-08
0.3808000E+01 1.61767e-08
0.3810000E+01 1.32279e-08
0.3812000E+01 1.37119e-08
0.3814000E+01 1.43704e-08
0.3816000E+01 1.23178e-08
0.3818000E+01 1.22756e-08
0.3820000E+01 1.30986e-08
0.3822000E+01 1.27941e-08
0.3824000E+01 1.0114e-08
0.3826000E+01 9.45949e-09
0.3828000E+01 5.59481e-09
0.3830000E+01 5.97475e-09
0.3832000E+01 1.21184e-08
0.3834000E+01 1.25865e-08
0.3836000E+01 1.20564e-08
0.3838000E+01 9.83446e-09
0.3840000E+01 9.31209e-09
0.3842000E+01 4.08985e-09
0.3844000E+01 1.06527e-08
0.3846000E+01 1.42375e-08
0.3848000E+01 5.93777e-09
0.3850000E+01 1.18217e-08
0.3852000E+01 7.08698e-09
0.3854000E+01 1.57828e-08
0.3856000E+01 1.15917e-08
0.3858000E+01 1.35981e-08
0.3860000E+01 1.09359e-08
0.3862000E+01 9.34334e-09
0.3864000E+01 9.86776e-09
0.3866000E+01 4.6405e-09
0.3868000E+01 1.24796e-08
0.3870000E+01 1.40104e-08
0.3872000E+01 1.1123e-08
0.3874000E+01 1.05963e-08
0.3876000E+01 1.07392e-08
0.3878000E+01 1.06274e-08
0.3880000E+01 9.14742e-09
0.3882000E+01 7.36967e-09
0.3884000E+01 4.59854e-09
0.3886000E+01 6.67948e-09
0.3888000E+01 1.12625e-08
0.3890000E+01 1.06947e-08
0.3892000E+01 1.06779e-08
0.3894000E+01 1.12401e-08
0.3896000E+01 1.05888e-08
0.3898000E+01 7.52028e-09
0.3900000E+01 5.68044e-09
0.3902000E+01 1.28063e-08
0.3904000E+01 1.16086e-08
0.3906000E+01 2.10848e-08
0.3908000E+01 1.59565e-08
0.3910000E+01 1.38992e-08
0.3912000E+01 8.1719e-09
0.3914000E+01 1.14055e-08
0.3916000E+01 1.27977e-08
0.3918000E+01 1.22575e-08
0.3920000E+01 1.17597e-08
0.3922000E+01 1.10632e-08
0.3924000E+01 1.08824e-08
0.3926000E+01 8.69951e-09
0.3928000E+01 7.70733e-09
0.3930000E+01 9.05656e-09
0.3932000E+01 8.98096e-09
0.3934000E+01 8.31308e-09
0.3936000E+01 6.78412e-09
0.3938000E+01 6.77388e-09
0.3940000E+01 7.15206e-09
0.3942000E+01 7.78333e-09
0.3944000E+01 8.00188e-09
0.3946000E+01 7.13856e-09
0.3948000E+01 6.94189e-09
0.3950000E+01 6.26199e-09
0.3952000E+01 5.73368e-09
0.3954000E+01 4.20999e-09
0.3956000E+01 3.64786e-09
0.3958000E+01 4.2251e-09
0.3960000E+01 5.80882e-09
0.3962000E+01 1.23963e-08
0.3964000E+01 9.61785e-09
0.3966000E+01 9.72836e-09
0.3968000E+01 9.41083e-09
0.3970000E+01 9.34211e-09
0.3972000E+01 9.66921e-09
0.3974000E+01 8.12286e-09
0.3976000E+01 7.89102e-09
0.3978000E+01 -2.70411e-09
0.3980000E+01 5.47687e-10
0.3982000E+01 1.86346e-09
0.3984000E+01 6.28763e-09
0.3986000E+01 6.13595e-09
0.3988000E+01 8.63157e-09
0.3990000E+01 9.09778e-09
0.3992000E+01 3.96614e-10
0.3994000E+01 4.7953e-09
0.3996000E+01 3.78337e-09
0.3998000E+01 4.22681e-09
0.4000000E+01 5.54026e-09
