0.0000000E+00 0
0.2000000E-02 0
0.4000000E-02 0
0.6000000E-02 0
0.8000000E-02 0
0.1000000E-01 0
0.1200000E-01 0
0.1400000E-01 0
0.1600000E-01 0
0.1800000E-01 0
0.2000000E-01 0
0.2200000E-01 0
0.2400000E-01 0
0.2600000E-01 0
0.2800000E-01 0
0.3000000E-01 0
0.3200000E-01 0
0.3400000E-01 0
0.3600000E-01 0
0.3800000E-01 0
0.4000000E-01 0
0.4200000E-01 0
0.4400000E-01 0
0.4600000E-01 0
0.4800000E-01 0
0.5000000E-01 0
0.5200000E-01 0
0.5400000E-01 0
0.5600000E-01 0
0.5800000E-01 0
0.6000000E-01 0
0.6200000E-01 0
0.6400000E-01 0
0.6600000E-01 0
0.6800000E-01 0
0.7000000E-01 0
0.7200000E-01 0
0.7400000E-01 0
0.7600000E-01 0
0.7800000E-01 0
0.8000000E-01 0
0.8200000E-01 0
0.8400000E-01 0
0.8600000E-01 9.11902e-06
0.8800000E-01 5.51e-06
0.9000000E-01 5.37107e-07
0.9200000E-01 6.60474e-08
0.9400000E-01 -1.00854e-07
0.9600000E-01 -3.50086e-07
0.9800000E-01 -5.80974e-07
0.1000000E+00 -6.28602e-07
0.1020000E+00 -4.39583e-07
0.1040000E+00 -1.33563e-07
0.1060000E+00 1.48562e-07
0.1080000E+00 -7.22398e-08
0.1100000E+00 -1.64542e-06
0.1120000E+00 -1.21586e-06
0.1140000E+00 -6.00934e-07
0.1160000E+00 5.87826e-08
0.1180000E+00 5.21068e-08
0.1200000E+00 1.06376e-06
0.1220000E+00 5.49399e-07
0.1240000E+00 -7.88695e-07
0.1260000E+00 -9.32654e-07
0.1280000E+00 -3.61561e-07
0.1300000E+00 -2.73408e-07
0.1320000E+00 -2.88713e-07
0.1340000E+00 -2.23619e-07
0.1360000E+00 -2.05824e-08
0.1380000E+00 -2.03964e-09
0.1400000E+00 -1.66419e-08
0.1420000E+00 -4.37734e-08
0.1440000E+00 -2.52831e-07
0.1460000E+00 -3.00589e-07
0.1480000E+00 -1.50106e-07
0.1500000E+00 3.47679e-09
0.1520000E+00 1.40976e-08
0.1540000E+00 2.18505e-09
0.1560000E+00 -4.07461e-08
0.1580000E+00 -9.14531e-08
0.1600000E+00 -1.26447e-07
0.1620000E+00 -1.67792e-07
0.1640000E+00 1.9552e-07
0.1660000E+00 4.16831e-07
0.1680000E+00 1.54726e-07
0.1700000E+00 2.60711e-07
0.1720000E+00 3.63584e-07
0.1740000E+00 4.63891e-07
0.1760000E+00 -1.23592e-07
0.1780000E+00 1.74883e-08
0.1800000E+00 2.06438e-08
0.1820000E+00 6.57118e-09
0.1840000E+00 3.87439e-10
0.1860000E+00 -8.03482e-10
0.1880000E+00 7.05194e-09
0.1900000E+00 1.03529e-08
0.1920000E+00 2.75402e-08
0.1940000E+00 1.60286e-07
0.1960000E+00 1.29829e-07
0.1980000E+00 1.05055e-07
0.2000000E+00 7.78281e-08
0.2020000E+00 4.80977e-08
0.2040000E+00 1.58163e-08
0.2060000E+00 -1.90644e-08
0.2080000E+00 -5.48623e-08
0.2100000E+00 1.7093e-08
0.2120000E+00 1.08327e-07
0.2140000E+00 1.273e-07
0.2160000E+00 1.12437e-07
0.2180000E+00 6.93988e-08
0.2200000E+00 6.71356e-08
0.2220000E+00 7.11889e-08
0.2240000E+00 1.28096e-07
0.2260000E+00 2.0175e-07
0.2280000E+00 2.57004e-07
0.2300000E+00 2.06472e-07
0.2320000E+00 2.40781e-08
0.2340000E+00 3.03457e-08
0.2360000E+00 1.38427e-08
0.2380000E+00 1.47281e-08
0.2400000E+00 2.80331e-08
0.2420000E+00 2.50666e-08
0.2440000E+00 2.4403e-08
0.2460000E+00 -1.13552e-09
0.2480000E+00 -2.87699e-08
0.2500000E+00 3.44634e-09
0.2520000E+00 9.32787e-08
0.2540000E+00 7.65475e-08
0.2560000E+00 5.769e-08
0.2580000E+00 3.37093e-08
0.2600000E+00 7.48187e-09
0.2620000E+00 1.05819e-07
0.2640000E+00 8.80731e-08
0.2660000E+00 6.28898e-08
0.2680000E+00 6.26272e-08
0.2700000E+00 1.45308e-07
0.2720000E+00 1.50708e-07
0.2740000E+00 1.42704e-07
0.2760000E+00 1.40964e-07
0.2780000E+00 1.43096e-07
0.2800000E+00 2.0905e-07
0.2820000E+00 1.65672e-07
0.2840000E+00 2.72554e-08
0.2860000E+00 5.37897e-08
0.2880000E+00 5.25332e-08
0.2900000E+00 2.87107e-08
0.2920000E+00 1.96496e-08
0.2940000E+00 1.3563e-08
0.2960000E+00 7.53031e-09
0.2980000E+00 6.88891e-10
0.3000000E+00 -4.63163e-09
0.3020000E+00 -4.59162e-09
0.3040000E+00 -7.34273e-09
0.3060000E+00 7.93755e-08
0.3080000E+00 6.83888e-08
0.3100000E+00 5.65032e-08
0.3120000E+00 4.50525e-08
0.3140000E+00 1.32665e-07
0.3160000E+00 2.86727e-07
0.3180000E+00 3.09366e-07
0.3200000E+00 2.20479e-07
0.3220000E+00 1.1822e-07
0.3240000E+00 1.12162e-07
0.3260000E+00 1.07779e-07
0.3280000E+00 1.03222e-07
0.3300000E+00 7.3145e-08
0.3320000E+00 -6.14068e-08
0.3340000E+00 5.22187e-08
0.3360000E+00 1.57733e-07
0.3380000E+00 8.51273e-08
0.3400000E+00 5.60716e-08
0.3420000E+00 5.64999e-08
0.3440000E+00 5.74996e-08
0.3460000E+00 5.8414e-08
0.3480000E+00 5.07201e-08
0.3500000E+00 2.44367e-08
0.3520000E+00 1.96212e-08
0.3540000E+00 1.47854e-08
0.3560000E+00 5.57254e-08
0.3580000E+00 6.36923e-08
0.3600000E+00 4.13865e-07
0.3620000E+00 2.15814e-07
0.3640000E+00 1.2814e-07
0.3660000E+00 1.4879e-07
0.3680000E+00 1.8891e-07
0.3700000E+00 1.56078e-07
0.3720000E+00 1.46015e-07
0.3740000E+00 1.26781e-07
0.3760000E+00 -1.04908e-08
0.3780000E+00 7.28273e-08
0.3800000E+00 4.638e-08
0.3820000E+00 2.61518e-08
0.3840000E+00 3.09677e-07
0.3860000E+00 6.17119e-08
0.3880000E+00 6.31632e-08
0.3900000E+00 6.07917e-08
0.3920000E+00 5.93701e-08
0.3940000E+00 5.4657e-08
0.3960000E+00 4.40216e-08
0.3980000E+00 4.09039e-08
0.4000000E+00 3.85046e-08
0.4020000E+00 1.83135e-07
0.4040000E+00 2.67954e-07
0.4060000E+00 2.64788e-07
0.4080000E+00 2.61514e-07
0.4100000E+00 2.58482e-07
0.4120000E+00 2.21305e-07
0.4140000E+00 6.89182e-08
0.4160000E+00 5.62487e-08
0.4180000E+00 5.48695e-08
0.4200000E+00 8.50977e-08
0.4220000E+00 6.00826e-08
0.4240000E+00 6.51668e-08
0.4260000E+00 1.23156e-07
0.4280000E+00 1.32426e-07
0.4300000E+00 1.13336e-07
0.4320000E+00 9.54395e-08
0.4340000E+00 8.0312e-08
0.4360000E+00 7.93209e-08
0.4380000E+00 7.82702e-08
0.4400000E+00 7.82231e-08
0.4420000E+00 7.61655e-08
0.4440000E+00 6.19226e-08
0.4460000E+00 2.23256e-07
0.4480000E+00 5.12472e-07
0.4500000E+00 1.63109e-07
0.4520000E+00 1.21117e-07
0.4540000E+00 1.08745e-07
0.4560000E+00 1.14721e-07
0.4580000E+00 1.15932e-07
0.4600000E+00 1.12823e-07
0.4620000E+00 1.10032e-07
0.4640000E+00 1.04078e-07
0.4660000E+00 1.39792e-07
0.4680000E+00 1.36191e-07
0.4700000E+00 1.6665e-07
0.4720000E+00 1.19721e-07
0.4740000E+00 1.06637e-07
0.4760000E+00 1.02206e-07
0.4780000E+00 9.8653e-08
0.4800000E+00 6.22943e-08
0.4820000E+00 -1.61225e-08
0.4840000E+00 -7.44016e-09
0.4860000E+00 2.04594e-07
0.4880000E+00 1.66673e-07
0.4900000E+00 3.00574e-07
0.4920000E+00 2.77828e-07
0.4940000E+00 2.31841e-07
0.4960000E+00 1.77136e-07
0.4980000E+00 1.82832e-07
0.5000000E+00 1.97491e-07
0.5020000E+00 1.7347e-07
0.5040000E+00 1.63042e-07
0.5060000E+00 1.65007e-07
0.5080000E+00 1.16403e-07
0.5100000E+00 7.4167e-09
0.5120000E+00 5.16969e-08
0.5140000E+00 4.95869e-08
0.5160000E+00 1.2124e-07
0.5180000E+00 1.15109e-07
0.5200000E+00 1.02853e-07
0.5220000E+00 9.63965e-08
0.5240000E+00 8.78081e-08
0.5260000E+00 8.69427e-08
0.5280000E+00 8.87155e-08
0.5300000E+00 1.08201e-07
0.5320000E+00 3.77998e-07
0.5340000E+00 3.4659e-07
0.5360000E+00 1.83056e-07
0.5380000E+00 1.38829e-07
0.5400000E+00 1.38035e-07
0.5420000E+00 1.47298e-07
0.5440000E+00 1.84956e-07
0.5460000E+00 1.69561e-07
0.5480000E+00 1.56847e-07
0.5500000E+00 1.59574e-07
0.5520000E+00 1.57187e-07
0.5540000E+00 -1.19248e-09
0.5560000E+00 8.40552e-08
0.5580000E+00 1.04213e-07
0.5600000E+00 9.70454e-08
0.5620000E+00 7.26415e-08
0.5640000E+00 7.40562e-08
0.5660000E+00 7.59373e-08
0.5680000E+00 1.40972e-07
0.5700000E+00 2.0519e-07
0.5720000E+00 2.30451e-08
0.5740000E+00 2.24746e-07
0.5760000E+00 3.3544e-07
0.5780000E+00 2.9916e-07
0.5800000E+00 2.23481e-07
0.5820000E+00 2.15567e-07
0.5840000E+00 1.96197e-07
0.5860000E+00 8.08394e-08
0.5880000E+00 1.36835e-07
0.5900000E+00 8.91438e-08
0.5920000E+00 9.73472e-08
0.5940000E+00 1.6712e-07
0.5960000E+00 2.01547e-07
0.5980000E+00 -2.06916e-07
0.6000000E+00 1.13155e-07
0.6020000E+00 9.12639e-08
0.6040000E+00 7.47767e-08
0.6060000E+00 8.44711e-08
0.6080000E+00 -1.7334e-07
0.6100000E+00 7.23425e-08
0.6120000E+00 1.23937e-07
0.6140000E+00 1.45624e-07
0.6160000E+00 2.55018e-07
0.6180000E+00 2.8502e-07
0.6200000E+00 -4.93909e-08
0.6220000E+00 1.39672e-07
0.6240000E+00 3.23278e-08
0.6260000E+00 2.83221e-08
0.6280000E+00 -2.98158e-07
0.6300000E+00 7.14814e-08
0.6320000E+00 6.06265e-07
0.6340000E+00 -3.11924e-07
0.6360000E+00 2.46929e-07
0.6380000E+00 -1.37709e-07
0.6400000E+00 7.9987e-09
0.6420000E+00 -1.18052e-07
0.6440000E+00 -1.35183e-08
0.6460000E+00 -1.38845e-07
0.6480000E+00 -4.15334e-08
0.6500000E+00 -4.99877e-08
0.6520000E+00 -4.71928e-08
0.6540000E+00 1.23401e-07
0.6560000E+00 8.12789e-09
0.6580000E+00 2.65376e-07
0.6600000E+00 2.07356e-07
0.6620000E+00 1.16184e-07
0.6640000E+00 6.08583e-08
0.6660000E+00 7.00759e-08
0.6680000E+00 1.24248e-07
0.6700000E+00 -1.07542e-08
0.6720000E+00 1.20297e-07
0.6740000E+00 7.1265e-08
0.6760000E+00 7.25107e-08
0.6780000E+00 5.64554e-08
0.6800000E+00 3.13129e-08
0.6820000E+00 2.89514e-08
0.6840000E+00 6.08856e-08
0.6860000E+00 5.31052e-08
0.6880000E+00 4.52951e-08
0.6900000E+00 2.16939e-08
0.6920000E+00 1.42243e-08
0.6940000E+00 2.15608e-08
0.6960000E+00 1.59422e-07
0.6980000E+00 2.93554e-07
0.7000000E+00 1.14828e-07
0.7020000E+00 1.08015e-07
0.7040000E+00 1.05635e-07
0.7060000E+00 1.1789e-07
0.7080000E+00 1.12281e-07
0.7100000E+00 1.08795e-07
0.7120000E+00 8.04585e-08
0.7140000E+00 6.9666e-08
0.7160000E+00 6.00708e-08
0.7180000E+00 4.59916e-08
0.7200000E+00 4.82513e-08
0.7220000E+00 4.69056e-08
0.7240000E+00 4.54632e-08
0.7260000E+00 4.61562e-08
0.7280000E+00 4.2679e-08
0.7300000E+00 4.80706e-08
0.7320000E+00 4.85274e-08
0.7340000E+00 4.78761e-08
0.7360000E+00 1.45758e-07
0.7380000E+00 1.67897e-07
0.7400000E+00 2.16826e-07
0.7420000E+00 1.67562e-07
0.7440000E+00 1.18434e-07
0.7460000E+00 9.63957e-08
0.7480000E+00 8.52093e-08
0.7500000E+00 8.34461e-08
0.7520000E+00 8.4139e-08
0.7540000E+00 7.98799e-08
0.7560000E+00 8.04685e-08
0.7580000E+00 7.95743e-08
0.7600000E+00 7.79646e-08
0.7620000E+00 7.08653e-08
0.7640000E+00 5.95655e-08
0.7660000E+00 5.30881e-08
0.7680000E+00 4.88998e-09
0.7700000E+00 2.3251e-08
0.7720000E+00 2.04821e-08
0.7740000E+00 2.40252e-08
0.7760000E+00 1.60861e-07
0.7780000E+00 2.60178e-07
0.7800000E+00 1.66708e-07
0.7820000E+00 1.23392e-07
0.7840000E+00 1.23479e-07
0.7860000E+00 1.19497e-07
0.7880000E+00 1.00261e-07
0.7900000E+00 8.59338e-08
0.7920000E+00 8.75501e-08
0.7940000E+00 8.50481e-08
0.7960000E+00 7.98749e-08
0.7980000E+00 6.9622e-08
0.8000000E+00 6.29334e-08
0.8020000E+00 2.86523e-08
0.8040000E+00 2.91709e-08
0.8060000E+00 4.3533e-08
0.8080000E+00 4.15549e-08
0.8100000E+00 3.84927e-08
0.8120000E+00 3.68094e-08
0.8140000E+00 1.03268e-07
0.8160000E+00 2.65826e-07
0.8180000E+00 2.46872e-07
0.8200000E+00 1.36973e-07
0.8220000E+00 1.34299e-07
0.8240000E+00 1.32601e-07
0.8260000E+00 1.24974e-07
0.8280000E+00 1.05709e-07
0.8300000E+00 8.52941e-08
0.8320000E+00 6.62905e-08
0.8340000E+00 6.07928e-08
0.8360000E+00 5.47485e-08
0.8380000E+00 5.44841e-08
0.8400000E+00 1.21586e-08
0.8420000E+00 2.98539e-08
0.8440000E+00 3.7621e-08
0.8460000E+00 3.48064e-08
0.8480000E+00 3.47568e-08
0.8500000E+00 3.23426e-08
0.8520000E+00 8.55678e-08
0.8540000E+00 1.88685e-07
0.8560000E+00 2.36413e-07
0.8580000E+00 2.19312e-07
0.8600000E+00 1.66032e-07
0.8620000E+00 1.14733e-07
0.8640000E+00 9.64044e-08
0.8660000E+00 8.86056e-08
0.8680000E+00 8.47753e-08
0.8700000E+00 8.20991e-08
0.8720000E+00 8.05964e-08
0.8740000E+00 7.77354e-08
0.8760000E+00 7.45103e-08
0.8780000E+00 7.15012e-08
0.8800000E+00 6.46804e-08
0.8820000E+00 3.823e-08
0.8840000E+00 3.29081e-08
0.8860000E+00 3.29387e-08
0.8880000E+00 3.25105e-08
0.8900000E+00 3.61043e-08
0.8920000E+00 2.37398e-07
0.8940000E+00 2.87115e-07
0.8960000E+00 7.05164e-08
0.8980000E+00 6.35382e-08
0.9000000E+00 1.06323e-07
0.9020000E+00 1.12503e-07
0.9040000E+00 1.04075e-07
0.9060000E+00 8.83074e-08
0.9080000E+00 6.7341e-08
0.9100000E+00 5.88826e-08
0.9120000E+00 5.60173e-08
0.9140000E+00 5.23543e-08
0.9160000E+00 4.88538e-08
0.9180000E+00 6.13125e-08
0.9200000E+00 4.56964e-08
0.9220000E+00 4.34449e-08
0.9240000E+00 4.08847e-08
0.9260000E+00 2.63108e-08
0.9280000E+00 1.17511e-07
0.9300000E+00 2.30764e-07
0.9320000E+00 2.27614e-07
0.9340000E+00 1.68252e-07
0.9360000E+00 1.18275e-07
0.9380000E+00 9.47021e-08
0.9400000E+00 8.25834e-08
0.9420000E+00 8.0383e-08
0.9440000E+00 7.79e-08
0.9460000E+00 7.35444e-08
0.9480000E+00 7.86105e-08
0.9500000E+00 7.34115e-08
0.9520000E+00 6.34005e-08
0.9540000E+00 5.2591e-08
0.9560000E+00 -9.40509e-09
0.9580000E+00 -3.14641e-08
0.9600000E+00 -3.67884e-09
0.9620000E+00 1.64756e-09
0.9640000E+00 4.46743e-08
0.9660000E+00 1.83395e-07
0.9680000E+00 2.46828e-07
0.9700000E+00 1.65511e-07
0.9720000E+00 1.08952e-07
0.9740000E+00 1.12063e-07
0.9760000E+00 9.35949e-08
0.9780000E+00 7.61001e-08
0.9800000E+00 8.27513e-08
0.9820000E+00 7.06139e-08
0.9840000E+00 6.43689e-08
0.9860000E+00 5.53522e-08
0.9880000E+00 4.82475e-08
0.9900000E+00 4.45368e-08
0.9920000E+00 4.16833e-08
0.9940000E+00 3.77937e-08
0.9960000E+00 3.43323e-08
0.9980000E+00 2.74862e-08
0.1000000E+01 1.97588e-08
0.1002000E+01 1.87964e-07
0.1004000E+01 2.75782e-07
0.1006000E+01 1.89804e-07
0.1008000E+01 1.315e-07
0.1010000E+01 1.31011e-07
0.1012000E+01 1.22316e-07
0.1014000E+01 5.04889e-08
0.1016000E+01 1.83756e-08
0.1018000E+01 4.17497e-08
0.1020000E+01 2.22296e-08
0.1022000E+01 2.0029e-08
0.1024000E+01 2.38271e-08
0.1026000E+01 2.37542e-08
0.1028000E+01 2.141e-08
0.1030000E+01 1.91507e-08
0.1032000E+01 1.63797e-08
0.1034000E+01 1.41994e-08
0.1036000E+01 4.73776e-08
0.1038000E+01 1.55403e-07
0.1040000E+01 2.50536e-07
0.1042000E+01 2.11623e-07
0.1044000E+01 1.53183e-07
0.1046000E+01 1.06601e-07
0.1048000E+01 7.97777e-08
0.1050000E+01 7.6435e-08
0.1052000E+01 7.28971e-08
0.1054000E+01 6.969e-08
0.1056000E+01 6.62483e-08
0.1058000E+01 6.331e-08
0.1060000E+01 5.51589e-08
0.1062000E+01 4.64373e-08
0.1064000E+01 3.6412e-08
0.1066000E+01 2.64537e-08
0.1068000E+01 2.07186e-08
0.1070000E+01 -2.65157e-08
0.1072000E+01 1.95429e-08
0.1074000E+01 2.06592e-07
0.1076000E+01 2.6717e-07
0.1078000E+01 1.09475e-07
0.1080000E+01 1.12049e-07
0.1082000E+01 1.06171e-07
0.1084000E+01 1.03499e-07
0.1086000E+01 7.95578e-08
0.1088000E+01 5.17788e-08
0.1090000E+01 3.91808e-08
0.1092000E+01 3.47651e-08
0.1094000E+01 3.05113e-08
0.1096000E+01 2.54686e-08
0.1098000E+01 2.1298e-08
0.1100000E+01 1.87347e-08
0.1102000E+01 1.62283e-08
0.1104000E+01 1.35178e-08
0.1106000E+01 6.12321e-08
0.1108000E+01 1.59504e-07
0.1110000E+01 2.20685e-07
0.1112000E+01 1.80737e-07
0.1114000E+01 1.20059e-07
0.1116000E+01 7.41497e-08
0.1118000E+01 6.77073e-08
0.1120000E+01 6.32066e-08
0.1122000E+01 5.57643e-08
0.1124000E+01 5.33608e-08
0.1126000E+01 1.90767e-08
0.1128000E+01 3.56491e-10
0.1130000E+01 8.16726e-09
0.1132000E+01 -1.04338e-09
0.1134000E+01 -7.9487e-09
0.1136000E+01 -9.17885e-09
0.1138000E+01 -1.01406e-08
0.1140000E+01 -1.14703e-08
0.1142000E+01 2.13696e-07
0.1144000E+01 2.74718e-07
0.1146000E+01 1.21097e-07
0.1148000E+01 1.16816e-07
0.1150000E+01 1.21588e-07
0.1152000E+01 1.08603e-07
0.1154000E+01 8.54763e-08
0.1156000E+01 5.33621e-08
0.1158000E+01 3.80312e-08
0.1160000E+01 3.29446e-08
0.1162000E+01 2.85855e-08
0.1164000E+01 2.46031e-08
0.1166000E+01 2.17796e-08
0.1168000E+01 1.88624e-08
0.1170000E+01 1.61901e-08
0.1172000E+01 1.35148e-08
0.1174000E+01 8.24208e-08
0.1176000E+01 1.97396e-07
0.1178000E+01 2.47855e-07
0.1180000E+01 1.61708e-07
0.1182000E+01 6.53774e-08
0.1184000E+01 4.0629e-08
0.1186000E+01 4.44828e-08
0.1188000E+01 5.07399e-08
0.1190000E+01 4.97121e-08
0.1192000E+01 4.30763e-08
0.1194000E+01 3.70089e-08
0.1196000E+01 2.79237e-08
0.1198000E+01 1.86103e-08
0.1200000E+01 9.59388e-09
0.1202000E+01 9.66643e-10
0.1204000E+01 -3.52998e-09
0.1206000E+01 -1.05574e-08
0.1208000E+01 1.94608e-07
0.1210000E+01 2.53026e-07
0.1212000E+01 1.14074e-07
0.1214000E+01 1.10825e-07
0.1216000E+01 1.06747e-07
0.1218000E+01 8.89341e-08
0.1220000E+01 6.40489e-08
0.1222000E+01 3.97803e-08
0.1224000E+01 2.59689e-08
0.1226000E+01 3.06552e-08
0.1228000E+01 2.19655e-08
0.1230000E+01 1.6892e-08
0.1232000E+01 1.25764e-08
0.1234000E+01 -6.19104e-09
0.1236000E+01 -2.22283e-08
0.1238000E+01 -3.44898e-09
0.1240000E+01 1.03849e-07
0.1242000E+01 2.11787e-07
0.1244000E+01 1.73737e-07
0.1246000E+01 9.81903e-08
0.1248000E+01 4.99785e-08
0.1250000E+01 4.30721e-08
0.1252000E+01 3.98873e-08
0.1254000E+01 3.65523e-08
0.1256000E+01 3.37031e-08
0.1258000E+01 2.87311e-08
0.1260000E+01 1.85709e-08
0.1262000E+01 7.27688e-09
0.1264000E+01 3.50461e-09
0.1266000E+01 -1.80538e-09
0.1268000E+01 -8.79975e-09
0.1270000E+01 -1.54178e-08
0.1272000E+01 2.14107e-07
0.1274000E+01 2.80305e-07
0.1276000E+01 1.27709e-07
0.1278000E+01 1.23811e-07
0.1280000E+01 1.20013e-07
0.1282000E+01 1.00785e-07
0.1284000E+01 6.38996e-08
0.1286000E+01 3.45224e-08
0.1288000E+01 1.80698e-08
0.1290000E+01 1.07446e-08
0.1292000E+01 7.13808e-09
0.1294000E+01 6.89184e-09
0.1296000E+01 4.21214e-09
0.1298000E+01 9.14916e-10
0.1300000E+01 -4.21425e-09
0.1302000E+01 9.01333e-08
0.1304000E+01 2.18191e-07
0.1306000E+01 2.43774e-07
0.1308000E+01 1.51803e-07
0.1310000E+01 6.38473e-08
0.1312000E+01 5.16939e-08
0.1314000E+01 4.56007e-08
0.1316000E+01 4.08255e-08
0.1318000E+01 3.59053e-08
0.1320000E+01 3.24942e-08
0.1322000E+01 1.89471e-08
0.1324000E+01 7.5127e-10
0.1326000E+01 -1.01691e-08
0.1328000E+01 -1.45901e-08
0.1330000E+01 -1.93011e-08
0.1332000E+01 5.4622e-08
0.1334000E+01 1.82554e-07
0.1336000E+01 2.37808e-07
0.1338000E+01 1.06139e-07
0.1340000E+01 1.01417e-07
0.1342000E+01 8.13513e-08
0.1344000E+01 5.84484e-08
0.1346000E+01 3.13618e-08
0.1348000E+01 1.78677e-08
0.1350000E+01 1.30533e-08
0.1352000E+01 8.06546e-09
0.1354000E+01 4.35646e-09
0.1356000E+01 6.85943e-10
0.1358000E+01 -2.67558e-09
0.1360000E+01 -5.80287e-09
0.1362000E+01 9.47238e-08
0.1364000E+01 2.53871e-07
0.1366000E+01 2.51978e-07
0.1368000E+01 1.43691e-07
0.1370000E+01 9.51705e-08
0.1372000E+01 6.98591e-08
0.1374000E+01 6.73518e-08
0.1376000E+01 5.38716e-08
0.1378000E+01 5.62043e-09
0.1380000E+01 -7.31464e-09
0.1382000E+01 -3.11808e-09
0.1384000E+01 -6.70232e-09
0.1386000E+01 -1.33566e-08
0.1388000E+01 -1.92318e-08
0.1390000E+01 -4.06664e-09
0.1392000E+01 1.57422e-07
0.1394000E+01 2.50143e-07
0.1396000E+01 1.56699e-07
0.1398000E+01 1.06825e-07
0.1400000E+01 7.85661e-08
0.1402000E+01 6.19808e-08
0.1404000E+01 5.60223e-08
0.1406000E+01 3.9013e-08
0.1408000E+01 2.11075e-08
0.1410000E+01 1.44897e-08
0.1412000E+01 7.65133e-09
0.1414000E+01 1.76603e-09
0.1416000E+01 -4.45802e-09
0.1418000E+01 -1.12885e-08
0.1420000E+01 1.83231e-07
0.1422000E+01 2.50975e-07
0.1424000E+01 1.31114e-07
0.1426000E+01 1.28239e-07
0.1428000E+01 1.06405e-07
0.1430000E+01 7.44981e-08
0.1432000E+01 -4.06579e-09
0.1434000E+01 -3.29867e-08
0.1436000E+01 -8.24034e-09
0.1438000E+01 -5.13088e-09
0.1440000E+01 -9.74058e-09
0.1442000E+01 -1.59135e-08
0.1444000E+01 -1.94661e-08
0.1446000E+01 5.7387e-10
0.1448000E+01 1.34598e-07
0.1450000E+01 2.54893e-07
0.1452000E+01 1.71637e-07
0.1454000E+01 7.94759e-08
0.1456000E+01 5.74139e-08
0.1458000E+01 5.27333e-08
0.1460000E+01 4.96269e-08
0.1462000E+01 4.61534e-08
0.1464000E+01 4.01018e-08
0.1466000E+01 2.88725e-08
0.1468000E+01 8.74595e-09
0.1470000E+01 3.92446e-09
0.1472000E+01 -8.14301e-10
0.1474000E+01 6.51844e-08
0.1476000E+01 1.99934e-07
0.1478000E+01 1.64299e-07
0.1480000E+01 3.42394e-08
0.1482000E+01 3.83859e-08
0.1484000E+01 3.70046e-08
0.1486000E+01 2.88376e-08
0.1488000E+01 1.53984e-08
0.1490000E+01 5.57159e-10
0.1492000E+01 -4.43196e-09
0.1494000E+01 -5.23155e-09
0.1496000E+01 -6.93951e-09
0.1498000E+01 5.65717e-09
0.1500000E+01 3.02614e-09
0.1502000E+01 1.89596e-07
0.1504000E+01 2.62132e-07
0.1506000E+01 1.36697e-07
0.1508000E+01 1.32871e-07
0.1510000E+01 1.06204e-07
0.1512000E+01 6.40999e-08
0.1514000E+01 3.84347e-08
0.1516000E+01 3.07225e-08
0.1518000E+01 2.8053e-08
0.1520000E+01 -2.43531e-08
0.1522000E+01 -7.52529e-08
0.1524000E+01 -5.7172e-08
0.1526000E+01 -3.61123e-08
0.1528000E+01 1.02919e-07
0.1530000E+01 1.9682e-07
0.1532000E+01 1.06974e-07
0.1534000E+01 4.56994e-08
0.1536000E+01 2.67116e-08
0.1538000E+01 2.40903e-08
0.1540000E+01 2.23241e-08
0.1542000E+01 1.85537e-08
0.1544000E+01 1.33085e-08
0.1546000E+01 4.02486e-09
0.1548000E+01 1.48816e-08
0.1550000E+01 1.0347e-08
0.1552000E+01 3.86357e-08
0.1554000E+01 1.65925e-07
0.1556000E+01 2.21271e-07
0.1558000E+01 9.31155e-08
0.1560000E+01 2.15368e-09
0.1562000E+01 2.6028e-09
0.1564000E+01 1.55038e-08
0.1566000E+01 1.24791e-08
0.1568000E+01 -3.75103e-09
0.1570000E+01 -7.08772e-09
0.1572000E+01 -1.14991e-08
0.1574000E+01 -1.85138e-08
0.1576000E+01 -2.31646e-08
0.1578000E+01 1.10395e-07
0.1580000E+01 2.00344e-07
0.1582000E+01 1.38334e-07
0.1584000E+01 1.03454e-07
0.1586000E+01 8.23687e-08
0.1588000E+01 6.27011e-08
0.1590000E+01 4.23055e-08
0.1592000E+01 2.7407e-08
0.1594000E+01 -4.67348e-08
0.1596000E+01 -8.0063e-08
0.1598000E+01 -2.41088e-08
0.1600000E+01 -7.06501e-09
0.1602000E+01 5.71633e-08
0.1604000E+01 1.19979e-07
0.1606000E+01 7.76939e-08
0.1608000E+01 9.21814e-08
0.1610000E+01 8.31417e-08
0.1612000E+01 6.99494e-08
0.1614000E+01 4.53779e-08
0.1616000E+01 4.22837e-08
0.1618000E+01 3.42623e-08
0.1620000E+01 3.03171e-08
0.1622000E+01 2.47339e-08
0.1624000E+01 1.48e-08
0.1626000E+01 -7.54855e-08
0.1628000E+01 1.00052e-07
0.1630000E+01 1.06753e-07
0.1632000E+01 5.20753e-08
0.1634000E+01 3.72215e-08
0.1636000E+01 3.4786e-08
0.1638000E+01 1.92844e-08
0.1640000E+01 1.27415e-08
0.1642000E+01 -2.19686e-08
0.1644000E+01 -2.91946e-08
0.1646000E+01 1.70391e-08
0.1648000E+01 2.36247e-08
0.1650000E+01 1.18994e-07
0.1652000E+01 2.16258e-07
0.1654000E+01 1.46588e-07
0.1656000E+01 3.87036e-08
0.1658000E+01 -1.45303e-08
0.1660000E+01 -1.14344e-10
0.1662000E+01 -5.2272e-09
0.1664000E+01 -2.15232e-08
0.1666000E+01 -3.37821e-08
0.1668000E+01 6.58192e-10
0.1670000E+01 -1.95069e-09
0.1672000E+01 5.60607e-08
0.1674000E+01 1.7576e-07
0.1676000E+01 1.72974e-07
0.1678000E+01 1.00407e-07
0.1680000E+01 8.29276e-08
0.1682000E+01 7.89081e-08
0.1684000E+01 2.54357e-08
0.1686000E+01 -1.88126e-08
0.1688000E+01 -1.62269e-08
0.1690000E+01 -1.9146e-08
0.1692000E+01 -3.1339e-08
0.1694000E+01 3.97362e-08
0.1696000E+01 1.72392e-07
0.1698000E+01 1.79788e-07
0.1700000E+01 1.11997e-07
0.1702000E+01 8.89458e-08
0.1704000E+01 7.27409e-08
0.1706000E+01 6.41683e-08
0.1708000E+01 5.51147e-08
0.1710000E+01 4.40845e-08
0.1712000E+01 -1.4134e-08
0.1714000E+01 -4.36858e-08
0.1716000E+01 3.86238e-08
0.1718000E+01 1.56548e-07
0.1720000E+01 1.1961e-07
0.1722000E+01 7.90896e-08
0.1724000E+01 6.53119e-08
0.1726000E+01 7.12404e-08
0.1728000E+01 5.66267e-08
0.1730000E+01 5.3721e-08
0.1732000E+01 5.4761e-08
0.1734000E+01 7.74282e-08
0.1736000E+01 4.10855e-08
0.1738000E+01 1.22128e-07
0.1740000E+01 1.69663e-07
0.1742000E+01 1.03213e-07
0.1744000E+01 1.01589e-07
0.1746000E+01 8.68684e-08
0.1748000E+01 5.51966e-08
0.1750000E+01 4.958e-08
0.1752000E+01 4.80309e-08
0.1754000E+01 4.61251e-08
0.1756000E+01 4.37125e-08
0.1758000E+01 7.99205e-08
0.1760000E+01 1.43144e-07
0.1762000E+01 8.63796e-08
0.1764000E+01 8.96888e-08
0.1766000E+01 7.71672e-08
0.1768000E+01 6.8226e-08
0.1770000E+01 6.3914e-08
0.1772000E+01 6.58988e-08
0.1774000E+01 6.32599e-08
0.1776000E+01 5.77863e-08
0.1778000E+01 1.3924e-07
0.1780000E+01 2.49273e-07
0.1782000E+01 1.90677e-07
0.1784000E+01 1.35614e-07
0.1786000E+01 1.0398e-07
0.1788000E+01 9.41779e-08
0.1790000E+01 8.08119e-08
0.1792000E+01 7.51353e-08
0.1794000E+01 6.41198e-08
0.1796000E+01 4.5896e-08
0.1798000E+01 1.60749e-07
0.1800000E+01 2.2004e-07
0.1802000E+01 1.55781e-07
0.1804000E+01 1.21076e-07
0.1806000E+01 9.93494e-08
0.1808000E+01 1.05405e-07
0.1810000E+01 1.05362e-07
0.1812000E+01 1.19568e-07
0.1814000E+01 1.09757e-07
0.1816000E+01 1.3369e-07
0.1818000E+01 2.12263e-07
0.1820000E+01 1.88511e-07
0.1822000E+01 1.51579e-07
0.1824000E+01 1.47398e-07
0.1826000E+01 1.52411e-07
0.1828000E+01 1.36282e-07
0.1830000E+01 1.18448e-07
0.1832000E+01 1.13248e-07
0.1834000E+01 1.33277e-07
0.1836000E+01 2.17976e-07
0.1838000E+01 2.20898e-07
0.1840000E+01 1.8306e-07
0.1842000E+01 1.77476e-07
0.1844000E+01 2.0354e-07
0.1846000E+01 1.75012e-07
0.1848000E+01 1.71612e-07
0.1850000E+01 1.65281e-07
0.1852000E+01 2.05101e-07
0.1854000E+01 2.661e-07
0.1856000E+01 2.24224e-07
0.1858000E+01 1.94077e-07
0.1860000E+01 2.01431e-07
0.1862000E+01 2.49211e-07
0.1864000E+01 2.45158e-07
0.1866000E+01 2.21019e-07
0.1868000E+01 2.12241e-07
0.1870000E+01 3.05094e-07
0.1872000E+01 3.01989e-07
0.1874000E+01 2.50926e-07
0.1876000E+01 2.39047e-07
0.1878000E+01 3.05434e-07
0.1880000E+01 3.17956e-07
0.1882000E+01 2.83969e-07
0.1884000E+01 2.80367e-07
0.1886000E+01 3.22135e-07
0.1888000E+01 3.30533e-07
0.1890000E+01 3.03591e-07
0.1892000E+01 2.85264e-07
0.1894000E+01 3.92191e-07
0.1896000E+01 3.7997e-07
0.1898000E+01 3.268e-07
0.1900000E+01 3.60883e-07
0.1902000E+01 3.67054e-07
0.1904000E+01 3.7337e-07
0.1906000E+01 3.98668e-07
0.1908000E+01 5.50634e-07
0.1910000E+01 6.23393e-07
0.1912000E+01 5.18249e-07
0.1914000E+01 5.08339e-07
0.1916000E+01 5.03642e-07
0.1918000E+01 5.25178e-07
0.1920000E+01 6.63591e-07
0.1922000E+01 7.14219e-07
0.1924000E+01 7.71973e-07
0.1926000E+01 4.80923e-07
0.1928000E+01 5.81032e-07
0.1930000E+01 1.30177e-06
0.1932000E+01 1.0756e-06
0.1934000E+01 1.11777e-06
0.1936000E+01 6.13122e-07
0.1938000E+01 1.27872e-06
0.1940000E+01 1.62093e-06
0.1942000E+01 1.54521e-06
0.1944000E+01 2.41749e-06
0.1946000E+01 3.44554e-06
0.1948000E+01 2.5687e-06
0.1950000E+01 4.01893e-06
0.1952000E+01 3.34892e-06
0.1954000E+01 1.60936e-05
0.1956000E+01 -1.14788e-06
0.1958000E+01 -1.91592e-05
0.1960000E+01 -7.09611e-06
0.1962000E+01 -7.31839e-06
0.1964000E+01 -2.43475e-06
0.1966000E+01 -1.22498e-06
0.1968000E+01 -2.05577e-06
0.1970000E+01 -2.48196e-06
0.1972000E+01 -3.47537e-06
0.1974000E+01 -3.11695e-06
0.1976000E+01 -9.69135e-07
0.1978000E+01 -8.57672e-07
0.1980000E+01 -2.94606e-06
0.1982000E+01 -2.67891e-06
0.1984000E+01 -1.11169e-06
0.1986000E+01 -7.19666e-07
0.1988000E+01 -1.02981e-06
0.1990000E+01 -9.32635e-07
0.1992000E+01 -1.36077e-06
0.1994000E+01 -3.48143e-07
0.1996000E+01 -3.75989e-07
0.1998000E+01 -1.19129e-07
0.2000000E+01 -4.76035e-07
0.2002000E+01 -4.89719e-07
0.2004000E+01 -5.04326e-07
0.2006000E+01 -5.34164e-07
0.2008000E+01 -5.63817e-07
0.2010000E+01 -6.09435e-07
0.2012000E+01 -6.80083e-07
0.2014000E+01 -8.15455e-07
0.2016000E+01 -1.13779e-06
0.2018000E+01 -7.29173e-07
0.2020000E+01 -3.44044e-07
0.2022000E+01 -3.53077e-07
0.2024000E+01 -3.61699e-07
0.2026000E+01 -3.48371e-07
0.2028000E+01 -3.68715e-07
0.2030000E+01 4.96316e-07
0.2032000E+01 3.06927e-06
0.2034000E+01 5.0118e-06
0.2036000E+01 2.64919e-06
0.2038000E+01 -2.01123e-06
0.2040000E+01 -1.77123e-06
0.2042000E+01 -1.09267e-06
0.2044000E+01 -4.37215e-07
0.2046000E+01 -5.88295e-07
0.2048000E+01 1.39169e-07
0.2050000E+01 8.58835e-07
0.2052000E+01 2.80121e-07
0.2054000E+01 -1.49501e-06
0.2056000E+01 -1.42256e-06
0.2058000E+01 -4.0707e-07
0.2060000E+01 -7.28417e-08
0.2062000E+01 -4.68555e-08
0.2064000E+01 -1.90732e-07
0.2066000E+01 -6.36888e-07
0.2068000E+01 -1.0884e-07
0.2070000E+01 -3.18493e-07
0.2072000E+01 -8.09217e-07
0.2074000E+01 -6.21059e-07
0.2076000E+01 -1.91955e-07
0.2078000E+01 -6.34177e-08
0.2080000E+01 -1.53134e-07
0.2082000E+01 -2.08577e-07
0.2084000E+01 -6.61512e-07
0.2086000E+01 -5.93554e-07
0.2088000E+01 -4.96003e-07
0.2090000E+01 -4.98461e-07
0.2092000E+01 -2.173e-07
0.2094000E+01 2.49875e-07
0.2096000E+01 5.74943e-08
0.2098000E+01 -3.05183e-07
0.2100000E+01 -4.17954e-07
0.2102000E+01 -4.06586e-07
0.2104000E+01 -3.83643e-07
0.2106000E+01 -3.07022e-07
0.2108000E+01 -8.28393e-08
0.2110000E+01 -4.36496e-10
0.2112000E+01 -5.51163e-08
0.2114000E+01 -3.62446e-08
0.2116000E+01 -8.49123e-08
0.2118000E+01 -3.73414e-07
0.2120000E+01 -4.23468e-07
0.2122000E+01 -4.0975e-07
0.2124000E+01 -4.64193e-07
0.2126000E+01 -5.39954e-07
0.2128000E+01 -2.88609e-07
0.2130000E+01 4.51637e-08
0.2132000E+01 -8.9823e-08
0.2134000E+01 -3.03256e-07
0.2136000E+01 -2.76564e-07
0.2138000E+01 -2.83583e-07
0.2140000E+01 -2.98027e-07
0.2142000E+01 -2.87094e-07
0.2144000E+01 -1.16286e-07
0.2146000E+01 8.39154e-08
0.2148000E+01 3.1137e-08
0.2150000E+01 -2.79599e-08
0.2152000E+01 -1.52223e-07
0.2154000E+01 -2.35158e-07
0.2156000E+01 -3.27484e-07
0.2158000E+01 -4.54038e-07
0.2160000E+01 -2.8596e-07
0.2162000E+01 -1.00309e-07
0.2164000E+01 -1.02099e-07
0.2166000E+01 -1.15505e-07
0.2168000E+01 -1.07301e-07
0.2170000E+01 -1.73231e-07
0.2172000E+01 -2.67503e-07
0.2174000E+01 -3.21547e-07
0.2176000E+01 -3.39242e-07
0.2178000E+01 -3.76766e-07
0.2180000E+01 1.23207e-07
0.2182000E+01 4.75919e-08
0.2184000E+01 -1.83622e-07
0.2186000E+01 -2.03042e-07
0.2188000E+01 -1.99228e-07
0.2190000E+01 -1.98846e-07
0.2192000E+01 -1.21588e-07
0.2194000E+01 9.43599e-08
0.2196000E+01 1.6032e-07
0.2198000E+01 -8.89413e-08
0.2200000E+01 -1.9861e-07
0.2202000E+01 -2.87628e-07
0.2204000E+01 -2.81667e-07
0.2206000E+01 -2.40452e-07
0.2208000E+01 -4.44419e-08
0.2210000E+01 1.4125e-08
0.2212000E+01 -2.05374e-08
0.2214000E+01 2.16053e-08
0.2216000E+01 -8.29427e-08
0.2218000E+01 -2.19925e-07
0.2220000E+01 -2.52663e-07
0.2222000E+01 6.65791e-08
0.2224000E+01 2.91036e-07
0.2226000E+01 -1.87693e-07
0.2228000E+01 -1.75655e-07
0.2230000E+01 -1.83335e-07
0.2232000E+01 4.56084e-08
0.2234000E+01 3.6262e-07
0.2236000E+01 3.54756e-07
0.2238000E+01 1.88418e-07
0.2240000E+01 -1.67452e-07
0.2242000E+01 -9.77087e-09
0.2244000E+01 3.56664e-07
0.2246000E+01 6.00224e-08
0.2248000E+01 -6.80073e-09
0.2250000E+01 -2.02714e-09
0.2252000E+01 7.23836e-07
0.2254000E+01 2.45979e-07
0.2256000E+01 1.35878e-06
0.2258000E+01 2.42562e-06
0.2260000E+01 2.85082e-07
0.2262000E+01 -1.90806e-06
0.2264000E+01 -1.25055e-06
0.2266000E+01 -1.11017e-06
0.2268000E+01 -9.25929e-07
0.2270000E+01 -8.1576e-07
0.2272000E+01 -6.92998e-07
0.2274000E+01 -6.54289e-07
0.2276000E+01 -6.29894e-07
0.2278000E+01 -5.97179e-07
0.2280000E+01 -4.95295e-07
0.2282000E+01 -4.10401e-07
0.2284000E+01 -3.91264e-07
0.2286000E+01 -4.00938e-07
0.2288000E+01 -3.71258e-07
0.2290000E+01 -3.54681e-07
0.2292000E+01 -3.55884e-07
0.2294000E+01 -3.89898e-07
0.2296000E+01 -3.8765e-07
0.2298000E+01 -3.72036e-07
0.2300000E+01 -3.63585e-07
0.2302000E+01 -3.59598e-07
0.2304000E+01 -3.53493e-07
0.2306000E+01 -3.42016e-07
0.2308000E+01 -3.41492e-07
0.2310000E+01 -3.40186e-07
0.2312000E+01 -2.98473e-07
0.2314000E+01 -3.25997e-07
0.2316000E+01 -3.52331e-07
0.2318000E+01 -3.55357e-07
0.2320000E+01 -3.45596e-07
0.2322000E+01 -3.37675e-07
0.2324000E+01 -3.27286e-07
0.2326000E+01 -3.18661e-07
0.2328000E+01 -3.13233e-07
0.2330000E+01 -3.04178e-07
0.2332000E+01 -3.12836e-07
0.2334000E+01 -3.12676e-07
0.2336000E+01 -2.97683e-07
0.2338000E+01 -3.00016e-07
0.2340000E+01 -2.94355e-07
0.2342000E+01 -2.93582e-07
0.2344000E+01 -2.84474e-07
0.2346000E+01 -2.85817e-07
0.2348000E+01 -3.12164e-07
0.2350000E+01 -3.11854e-07
0.2352000E+01 -2.99589e-07
0.2354000E+01 -2.88644e-07
0.2356000E+01 -2.81842e-07
0.2358000E+01 -2.77771e-07
0.2360000E+01 -2.95402e-07
0.2362000E+01 -3.14686e-07
0.2364000E+01 -3.23956e-07
0.2366000E+01 -2.98829e-07
0.2368000E+01 -2.86688e-07
0.2370000E+01 -3.20129e-07
0.2372000E+01 -3.38246e-07
0.2374000E+01 -3.24403e-07
0.2376000E+01 -1.85503e-07
0.2378000E+01 -1.73069e-07
0.2380000E+01 -2.06535e-07
0.2382000E+01 -2.02465e-07
0.2384000E+01 -2.14558e-07
0.2386000E+01 -1.86434e-07
0.2388000E+01 -2.20899e-07
0.2390000E+01 -2.2923e-07
0.2392000E+01 -2.55158e-07
0.2394000E+01 -2.43631e-07
0.2396000E+01 -2.59378e-07
0.2398000E+01 -2.69326e-07
0.2400000E+01 -2.58277e-07
0.2402000E+01 -2.48244e-07
0.2404000E+01 -2.58481e-07
0.2406000E+01 -2.33e-07
0.2408000E+01 -2.39629e-07
0.2410000E+01 -2.34895e-07
0.2412000E+01 -2.16338e-07
0.2414000E+01 -2.2893e-07
0.2416000E+01 -2.21283e-07
0.2418000E+01 -2.11108e-07
0.2420000E+01 -1.69751e-07
0.2422000E+01 -2.19772e-07
0.2424000E+01 -2.29508e-07
0.2426000E+01 -2.25569e-07
0.2428000E+01 -2.24599e-07
0.2430000E+01 -2.20203e-07
0.2432000E+01 -2.16572e-07
0.2434000E+01 -2.2206e-07
0.2436000E+01 -2.24537e-07
0.2438000E+01 -2.29784e-07
0.2440000E+01 -2.18928e-07
0.2442000E+01 -2.22364e-07
0.2444000E+01 -2.21335e-07
0.2446000E+01 -2.10529e-07
0.2448000E+01 -2.05574e-07
0.2450000E+01 -2.08048e-07
0.2452000E+01 -2.03995e-07
0.2454000E+01 -1.97161e-07
0.2456000E+01 -1.94205e-07
0.2458000E+01 -1.86456e-07
0.2460000E+01 -1.76854e-07
0.2462000E+01 -3.7495e-07
0.2464000E+01 -4.20834e-07
0.2466000E+01 -1.56857e-07
0.2468000E+01 -2.17597e-07
0.2470000E+01 -2.32648e-07
0.2472000E+01 -8.14964e-08
0.2474000E+01 -1.71573e-07
0.2476000E+01 -2.24911e-07
0.2478000E+01 -2.05513e-07
0.2480000E+01 -1.46059e-07
0.2482000E+01 -2.10023e-07
0.2484000E+01 -1.84389e-07
0.2486000E+01 -2.15583e-07
0.2488000E+01 -1.84077e-07
0.2490000E+01 -1.56035e-07
0.2492000E+01 -1.90294e-07
0.2494000E+01 -1.89292e-07
0.2496000E+01 -1.8435e-07
0.2498000E+01 -2.02773e-07
0.2500000E+01 -4.91235e-08
0.2502000E+01 -1.83904e-07
0.2504000E+01 -1.61901e-07
0.2506000E+01 -1.59112e-07
0.2508000E+01 -1.74502e-07
0.2510000E+01 -1.92878e-07
0.2512000E+01 -1.79737e-07
0.2514000E+01 2.26404e-08
0.2516000E+01 -1.55956e-07
0.2518000E+01 -1.74065e-07
0.2520000E+01 -1.70064e-07
0.2522000E+01 -1.6144e-07
0.2524000E+01 -1.66473e-07
0.2526000E+01 -1.77518e-07
0.2528000E+01 -8.23021e-08
0.2530000E+01 -5.00321e-08
0.2532000E+01 -1.0212e-07
0.2534000E+01 -2.18261e-07
0.2536000E+01 -1.70809e-07
0.2538000E+01 -1.50522e-07
0.2540000E+01 -1.48361e-07
0.2542000E+01 -1.55221e-07
0.2544000E+01 -1.56466e-07
0.2546000E+01 1.26836e-08
0.2548000E+01 -6.19236e-08
0.2550000E+01 -9.61548e-08
0.2552000E+01 -9.19456e-08
0.2554000E+01 -1.78345e-07
0.2556000E+01 -1.48279e-07
0.2558000E+01 -1.45901e-07
0.2560000E+01 -1.42883e-07
0.2562000E+01 -1.42002e-07
0.2564000E+01 -3.23279e-08
0.2566000E+01 -5.02144e-08
0.2568000E+01 -9.7438e-08
0.2570000E+01 -1.12567e-07
0.2572000E+01 -1.09867e-07
0.2574000E+01 -1.08776e-07
0.2576000E+01 -1.07191e-07
0.2578000E+01 -1.20723e-07
0.2580000E+01 -1.31002e-07
0.2582000E+01 -1.44522e-07
0.2584000E+01 -2.13142e-08
0.2586000E+01 -3.42745e-08
0.2588000E+01 -6.32343e-08
0.2590000E+01 -8.19897e-08
0.2592000E+01 -1.21671e-07
0.2594000E+01 -1.46729e-07
0.2596000E+01 -1.26004e-07
0.2598000E+01 -1.19454e-07
0.2600000E+01 -1.21922e-07
0.2602000E+01 -1.26677e-07
0.2604000E+01 -1.08264e-07
0.2606000E+01 -3.33427e-08
0.2608000E+01 -9.03078e-08
0.2610000E+01 -8.80862e-08
0.2612000E+01 -9.46994e-08
0.2614000E+01 -9.87228e-08
0.2616000E+01 -8.84554e-08
0.2618000E+01 -1.11361e-07
0.2620000E+01 -1.39909e-07
0.2622000E+01 -1.27016e-07
0.2624000E+01 -1.40625e-07
0.2626000E+01 -1.16553e-07
0.2628000E+01 -4.16919e-08
0.2630000E+01 -4.09816e-08
0.2632000E+01 -1.0097e-07
0.2634000E+01 -1.44616e-07
0.2636000E+01 -1.25144e-07
0.2638000E+01 -9.95817e-08
0.2640000E+01 -1.09919e-07
0.2642000E+01 -1.05506e-07
0.2644000E+01 -1.00803e-07
0.2646000E+01 -9.52844e-08
0.2648000E+01 -1.376e-07
0.2650000E+01 -1.49607e-07
0.2652000E+01 -8.09184e-08
0.2654000E+01 -6.43393e-08
0.2656000E+01 -6.10203e-08
0.2658000E+01 -9.87583e-08
0.2660000E+01 -9.2927e-08
0.2662000E+01 -9.47125e-08
0.2664000E+01 -1.32862e-07
0.2666000E+01 -1.43376e-07
0.2668000E+01 -1.13876e-07
0.2670000E+01 -1.04201e-07
0.2672000E+01 -1.0067e-07
0.2674000E+01 -1.01385e-07
0.2676000E+01 -9.82113e-08
0.2678000E+01 -3.90541e-08
0.2680000E+01 -9.26041e-08
0.2682000E+01 -1.36525e-07
0.2684000E+01 -1.16935e-07
0.2686000E+01 -1.06741e-07
0.2688000E+01 -9.86472e-08
0.2690000E+01 -9.91861e-08
0.2692000E+01 -9.33598e-08
0.2694000E+01 -8.52412e-08
0.2696000E+01 -8.49796e-08
0.2698000E+01 -9.66528e-08
0.2700000E+01 -1.51008e-07
0.2702000E+01 -1.59352e-07
0.2704000E+01 -8.10493e-08
0.2706000E+01 -7.07415e-08
0.2708000E+01 -7.88497e-08
0.2710000E+01 -7.96151e-08
0.2712000E+01 -7.88619e-08
0.2714000E+01 -8.22811e-08
0.2716000E+01 -8.76947e-08
0.2718000E+01 -8.44205e-08
0.2720000E+01 -1.26445e-07
0.2722000E+01 -1.06898e-07
0.2724000E+01 -1.2502e-07
0.2726000E+01 -9.99333e-08
0.2728000E+01 -9.90706e-08
0.2730000E+01 -6.25692e-08
0.2732000E+01 -5.25055e-08
0.2734000E+01 -4.98258e-08
0.2736000E+01 -9.82323e-08
0.2738000E+01 -1.24671e-07
0.2740000E+01 -8.8592e-08
0.2742000E+01 -7.3383e-08
0.2744000E+01 -7.08651e-08
0.2746000E+01 -8.33653e-08
0.2748000E+01 -1.09307e-07
0.2750000E+01 -8.259e-08
0.2752000E+01 -9.81417e-08
0.2754000E+01 -1.77693e-07
0.2756000E+01 -1.14055e-07
0.2758000E+01 -6.77185e-08
0.2760000E+01 -4.62817e-08
0.2762000E+01 -6.28745e-08
0.2764000E+01 -5.93446e-08
0.2766000E+01 -5.56364e-08
0.2768000E+01 -1.21016e-07
0.2770000E+01 -1.12392e-07
0.2772000E+01 -1.02293e-07
0.2774000E+01 -1.07791e-07
0.2776000E+01 -8.9477e-08
0.2778000E+01 -7.96355e-08
0.2780000E+01 -7.58462e-08
0.2782000E+01 -1.61203e-07
0.2784000E+01 -1.32813e-07
0.2786000E+01 -7.88633e-08
0.2788000E+01 -5.42255e-08
0.2790000E+01 -6.11729e-08
0.2792000E+01 -6.59263e-08
0.2794000E+01 -1.25877e-07
0.2796000E+01 -1.87247e-07
0.2798000E+01 -1.17556e-07
0.2800000E+01 -1.00428e-07
0.2802000E+01 -1.09012e-07
0.2804000E+01 -8.37695e-08
0.2806000E+01 -1.99794e-07
0.2808000E+01 -1.77095e-07
0.2810000E+01 -1.40811e-07
0.2812000E+01 -1.15898e-07
0.2814000E+01 -9.86375e-08
0.2816000E+01 -1.98526e-07
0.2818000E+01 -1.87391e-07
0.2820000E+01 -1.7655e-07
0.2822000E+01 -1.66863e-07
0.2824000E+01 -2.01672e-07
0.2826000E+01 -3.58682e-07
0.2828000E+01 -2.20374e-07
0.2830000E+01 -2.30095e-07
0.2832000E+01 -4.3272e-07
0.2834000E+01 -5.24623e-07
0.2836000E+01 -3.70575e-07
0.2838000E+01 -7.54322e-07
0.2840000E+01 -8.3158e-07
0.2842000E+01 -1.28154e-06
0.2844000E+01 -2.13349e-06
0.2846000E+01 -1.53125e-06
0.2848000E+01 5.39279e-06
0.2850000E+01 1.89523e-06
0.2852000E+01 1.22993e-06
0.2854000E+01 7.04385e-07
0.2856000E+01 8.52784e-07
0.2858000E+01 6.39346e-07
0.2860000E+01 5.01026e-07
0.2862000E+01 4.20955e-07
0.2864000E+01 4.76223e-07
0.2866000E+01 3.61615e-07
0.2868000E+01 3.80206e-07
0.2870000E+01 3.02584e-07
0.2872000E+01 3.0563e-07
0.2874000E+01 2.96933e-07
0.2876000E+01 2.49062e-07
0.2878000E+01 2.55782e-07
0.2880000E+01 2.81428e-07
0.2882000E+01 2.39652e-07
0.2884000E+01 2.36104e-07
0.2886000E+01 1.72845e-07
0.2888000E+01 1.7623e-07
0.2890000E+01 1.78303e-07
0.2892000E+01 1.83718e-07
0.2894000E+01 2.12536e-07
0.2896000E+01 2.22415e-07
0.2898000E+01 1.35172e-07
0.2900000E+01 1.35782e-07
0.2902000E+01 1.39184e-07
0.2904000E+01 1.25294e-07
0.2906000E+01 1.1593e-07
0.2908000E+01 1.40739e-07
0.2910000E+01 1.40465e-07
0.2912000E+01 1.52445e-07
0.2914000E+01 1.3789e-07
0.2916000E+01 1.10607e-07
0.2918000E+01 1.05341e-07
0.2920000E+01 1.06421e-07
0.2922000E+01 1.26769e-07
0.2924000E+01 1.12042e-07
0.2926000E+01 9.66953e-08
0.2928000E+01 1.02132e-07
0.2930000E+01 1.0446e-07
0.2932000E+01 1.08228e-07
0.2934000E+01 1.01087e-07
0.2936000E+01 7.77563e-08
0.2938000E+01 7.12672e-08
0.2940000E+01 6.51626e-07
0.2942000E+01 7.77627e-07
0.2944000E+01 1.52659e-07
0.2946000E+01 3.65757e-08
0.2948000E+01 3.51053e-08
0.2950000E+01 3.69185e-08
0.2952000E+01 7.87982e-08
0.2954000E+01 8.50456e-08
0.2956000E+01 2.80301e-08
0.2958000E+01 5.88018e-08
0.2960000E+01 5.78665e-08
0.2962000E+01 4.42329e-08
0.2964000E+01 3.76061e-08
0.2966000E+01 5.03102e-08
0.2968000E+01 3.67989e-08
0.2970000E+01 1.03089e-08
0.2972000E+01 2.31664e-08
0.2974000E+01 4.35615e-08
0.2976000E+01 2.67803e-08
0.2978000E+01 7.81386e-08
0.2980000E+01 1.42602e-07
0.2982000E+01 1.06836e-07
0.2984000E+01 2.83012e-08
0.2986000E+01 -4.91198e-08
0.2988000E+01 -7.20509e-07
0.2990000E+01 8.55902e-07
0.2992000E+01 1.6031e-06
0.2994000E+01 3.23959e-09
0.2996000E+01 1.21257e-08
0.2998000E+01 1.86605e-08
0.3000000E+01 1.71114e-08
0.3002000E+01 2.45859e-08
0.3004000E+01 2.08105e-08
0.3006000E+01 3.2602e-08
0.3008000E+01 3.06986e-08
0.3010000E+01 2.77007e-08
0.3012000E+01 2.61781e-08
0.3014000E+01 2.47441e-08
0.3016000E+01 2.21659e-08
0.3018000E+01 2.53185e-08
0.3020000E+01 1.18124e-08
0.3022000E+01 9.73921e-09
0.3024000E+01 1.64011e-08
0.3026000E+01 2.17052e-08
0.3028000E+01 1.89616e-08
0.3030000E+01 1.97909e-08
0.3032000E+01 2.89038e-08
0.3034000E+01 2.69686e-08
0.3036000E+01 2.51331e-08
0.3038000E+01 3.21577e-08
0.3040000E+01 2.78671e-08
0.3042000E+01 4.24925e-08
0.3044000E+01 3.42892e-08
0.3046000E+01 3.63277e-08
0.3048000E+01 3.02939e-08
0.3050000E+01 2.95653e-08
0.3052000E+01 3.08918e-08
0.3054000E+01 2.48147e-08
0.3056000E+01 2.12368e-08
0.3058000E+01 2.38724e-08
0.3060000E+01 2.84679e-08
0.3062000E+01 2.48185e-08
0.3064000E+01 2.61916e-08
0.3066000E+01 2.6777e-08
0.3068000E+01 2.94971e-08
0.3070000E+01 3.21209e-08
0.3072000E+01 3.29093e-08
0.3074000E+01 2.97977e-08
0.3076000E+01 5.68347e-08
0.3078000E+01 4.58659e-08
0.3080000E+01 4.77129e-08
0.3082000E+01 5.08318e-08
0.3084000E+01 5.017e-08
0.3086000E+01 4.70383e-08
0.3088000E+01 4.60199e-08
0.3090000E+01 4.4375e-08
0.3092000E+01 3.7473e-08
0.3094000E+01 3.59003e-08
0.3096000E+01 2.89681e-08
0.3098000E+01 4.39937e-08
0.3100000E+01 4.47391e-08
0.3102000E+01 4.29443e-08
0.3104000E+01 4.37433e-08
0.3106000E+01 3.7034e-08
0.3108000E+01 6.75279e-08
0.3110000E+01 4.65303e-08
0.3112000E+01 3.74154e-08
0.3114000E+01 4.35577e-08
0.3116000E+01 5.35681e-08
0.3118000E+01 4.87401e-08
0.3120000E+01 5.74734e-08
0.3122000E+01 5.79919e-08
0.3124000E+01 4.40993e-08
0.3126000E+01 3.85854e-08
0.3128000E+01 3.8112e-08
0.3130000E+01 4.89837e-08
0.3132000E+01 5.06653e-08
0.3134000E+01 4.61492e-08
0.3136000E+01 6.12685e-08
0.3138000E+01 7.01435e-08
0.3140000E+01 5.34016e-08
0.3142000E+01 5.84162e-08
0.3144000E+01 6.1521e-08
0.3146000E+01 6.87506e-08
0.3148000E+01 5.86396e-08
0.3150000E+01 5.24518e-08
0.3152000E+01 5.00026e-08
0.3154000E+01 6.14525e-08
0.3156000E+01 4.05089e-08
0.3158000E+01 3.13727e-08
0.3160000E+01 4.67861e-08
0.3162000E+01 1.44415e-09
0.3164000E+01 8.37151e-08
0.3166000E+01 2.65595e-07
0.3168000E+01 7.56112e-08
0.3170000E+01 -2.25383e-07
0.3172000E+01 -7.08287e-08
0.3174000E+01 -1.24713e-09
0.3176000E+01 1.01995e-07
0.3178000E+01 4.35667e-08
0.3180000E+01 6.04696e-08
0.3182000E+01 1.67617e-07
0.3184000E+01 5.65649e-08
0.3186000E+01 1.23477e-07
0.3188000E+01 1.05973e-07
0.3190000E+01 1.46448e-07
0.3192000E+01 1.20345e-07
0.3194000E+01 8.36903e-08
0.3196000E+01 1.01281e-07
0.3198000E+01 1.26329e-07
0.3200000E+01 1.27276e-07
0.3202000E+01 1.44005e-07
0.3204000E+01 9.37582e-08
0.3206000E+01 1.14532e-07
0.3208000E+01 1.13734e-07
0.3210000E+01 1.16808e-07
0.3212000E+01 1.16462e-07
0.3214000E+01 1.44775e-07
0.3216000E+01 9.67379e-08
0.3218000E+01 8.93184e-08
0.3220000E+01 7.48816e-08
0.3222000E+01 8.76417e-08
0.3224000E+01 1.10122e-07
0.3226000E+01 1.06305e-07
0.3228000E+01 9.95309e-08
0.3230000E+01 5.57913e-08
0.3232000E+01 7.95551e-08
0.3234000E+01 1.03478e-07
0.3236000E+01 1.10387e-07
0.3238000E+01 9.09666e-08
0.3240000E+01 1.06409e-07
0.3242000E+01 8.94357e-08
0.3244000E+01 1.56777e-07
0.3246000E+01 7.31306e-08
0.3248000E+01 6.77821e-08
0.3250000E+01 9.90442e-08
0.3252000E+01 2.76627e-07
0.3254000E+01 -1.19671e-07
0.3256000E+01 3.19175e-07
0.3258000E+01 9.14048e-09
0.3260000E+01 4.35224e-07
0.3262000E+01 -1.1476e-06
0.3264000E+01 -1.84137e-07
0.3266000E+01 1.26063e-07
0.3268000E+01 -4.67856e-09
0.3270000E+01 1.11793e-08
0.3272000E+01 1.40937e-07
0.3274000E+01 1.46313e-07
0.3276000E+01 3.16557e-07
0.3278000E+01 -8.09963e-08
0.3280000E+01 -9.56982e-08
0.3282000E+01 1.99724e-07
0.3284000E+01 1.89862e-07
0.3286000E+01 5.69468e-07
0.3288000E+01 7.30308e-08
0.3290000E+01 5.11246e-07
0.3292000E+01 6.0161e-07
0.3294000E+01 7.35856e-07
0.3296000E+01 -2.45982e-07
0.3298000E+01 -7.4566e-08
0.3300000E+01 -3.20738e-07
0.3302000E+01 -2.78168e-07
0.3304000E+01 -3.17692e-07
0.3306000E+01 -1.58098e-07
0.3308000E+01 -1.23678e-07
0.3310000E+01 -1.26856e-07
0.3312000E+01 -1.40359e-07
0.3314000E+01 -1.06734e-07
0.3316000E+01 -1.06351e-07
0.3318000E+01 -1.00843e-07
0.3320000E+01 -9.31216e-08
0.3322000E+01 -6.67243e-08
0.3324000E+01 -7.89976e-08
0.3326000E+01 -7.39939e-08
0.3328000E+01 -7.44705e-08
0.3330000E+01 -5.26221e-08
0.3332000E+01 -4.91139e-08
0.3334000E+01 -4.89346e-08
0.3336000E+01 -4.39013e-08
0.3338000E+01 -3.99452e-08
0.3340000E+01 -4.12188e-08
0.3342000E+01 -4.77521e-08
0.3344000E+01 -4.37027e-08
0.3346000E+01 -3.23343e-08
0.3348000E+01 -2.89162e-08
0.3350000E+01 -2.30552e-08
0.3352000E+01 -2.50842e-08
0.3354000E+01 -2.99288e-08
0.3356000E+01 -3.93621e-08
0.3358000E+01 -4.20123e-08
0.3360000E+01 -2.7797e-08
0.3362000E+01 -2.31052e-08
0.3364000E+01 -3.65489e-08
0.3366000E+01 -3.34803e-08
0.3368000E+01 -2.56466e-08
0.3370000E+01 -2.20037e-08
0.3372000E+01 -1.88375e-08
0.3374000E+01 -1.77145e-08
0.3376000E+01 -1.77345e-08
0.3378000E+01 -1.93664e-08
0.3380000E+01 -1.5468e-08
0.3382000E+01 -1.4153e-08
0.3384000E+01 -3.21582e-08
0.3386000E+01 -2.49421e-08
0.3388000E+01 -1.84882e-08
0.3390000E+01 -1.9079e-08
0.3392000E+01 -3.77599e-08
0.3394000E+01 -1.61951e-08
0.3396000E+01 -1.3276e-08
0.3398000E+01 -1.43129e-08
0.3400000E+01 -5.83159e-09
0.3402000E+01 -1.85702e-08
0.3404000E+01 -1.78426e-08
0.3406000E+01 -1.94553e-08
0.3408000E+01 -1.92469e-08
0.3410000E+01 -1.33822e-08
0.3412000E+01 -1.33961e-08
0.3414000E+01 -1.42531e-08
0.3416000E+01 -1.58223e-08
0.3418000E+01 -1.73553e-08
0.3420000E+01 -3.14162e-08
0.3422000E+01 -2.70361e-08
0.3424000E+01 -2.66992e-08
0.3426000E+01 -1.77038e-08
0.3428000E+01 -1.53296e-08
0.3430000E+01 8.56697e-08
0.3432000E+01 -1.09372e-08
0.3434000E+01 -1.24457e-08
0.3436000E+01 -2.59472e-08
0.3438000E+01 -3.22197e-08
0.3440000E+01 -2.67499e-08
0.3442000E+01 -3.75368e-08
0.3444000E+01 -3.26587e-08
0.3446000E+01 -2.11947e-08
0.3448000E+01 -1.66844e-08
0.3450000E+01 -2.1245e-08
0.3452000E+01 -4.34465e-08
0.3454000E+01 -3.35046e-08
0.3456000E+01 3.30914e-08
0.3458000E+01 2.04096e-08
0.3460000E+01 2.48157e-08
0.3462000E+01 -9.78644e-09
0.3464000E+01 -2.16876e-08
0.3466000E+01 -4.77175e-08
0.3468000E+01 -5.1823e-08
0.3470000E+01 -4.19544e-08
0.3472000E+01 -2.89892e-08
0.3474000E+01 -3.51848e-08
0.3476000E+01 -3.08994e-08
0.3478000E+01 -4.30392e-08
0.3480000E+01 -9.5051e-09
0.3482000E+01 2.89034e-09
0.3484000E+01 -9.10201e-09
0.3486000E+01 2.2393e-09
0.3488000E+01 -1.87015e-08
0.3490000E+01 -2.96143e-08
0.3492000E+01 -3.3887e-08
0.3494000E+01 1.33162e-08
0.3496000E+01 -3.43139e-08
0.3498000E+01 -3.89557e-08
0.3500000E+01 -1.19276e-08
0.3502000E+01 -2.2631e-08
0.3504000E+01 1.85901e-10
0.3506000E+01 3.1388e-09
0.3508000E+01 2.03009e-08
0.3510000E+01 -2.66304e-08
0.3512000E+01 -4.7063e-08
0.3514000E+01 1.96842e-08
0.3516000E+01 1.34177e-09
0.3518000E+01 -1.15556e-08
0.3520000E+01 1.50725e-08
0.3522000E+01 3.7223e-08
0.3524000E+01 1.4233e-07
0.3526000E+01 1.02274e-07
0.3528000E+01 7.86376e-08
0.3530000E+01 6.45168e-08
0.3532000E+01 7.14743e-08
0.3534000E+01 7.19573e-08
0.3536000E+01 5.53246e-08
0.3538000E+01 6.7499e-08
0.3540000E+01 8.7083e-08
0.3542000E+01 1.31577e-07
0.3544000E+01 1.47429e-07
0.3546000E+01 1.49253e-07
0.3548000E+01 9.4705e-08
0.3550000E+01 9.25965e-08
0.3552000E+01 9.07296e-08
0.3554000E+01 1.19775e-07
0.3556000E+01 7.39279e-08
0.3558000E+01 8.90558e-08
0.3560000E+01 2.90841e-07
0.3562000E+01 1.54074e-07
0.3564000E+01 1.46111e-07
0.3566000E+01 1.16302e-07
0.3568000E+01 9.42907e-08
0.3570000E+01 9.57153e-08
0.3572000E+01 1.0423e-07
0.3574000E+01 3.78041e-07
0.3576000E+01 2.21215e-07
0.3578000E+01 1.77552e-07
0.3580000E+01 1.9681e-07
0.3582000E+01 1.74091e-07
0.3584000E+01 2.03127e-07
0.3586000E+01 5.2887e-07
0.3588000E+01 3.55806e-07
0.3590000E+01 4.78635e-07
0.3592000E+01 4.21807e-07
0.3594000E+01 1.21421e-06
0.3596000E+01 9.23345e-07
0.3598000E+01 3.66468e-06
0.3600000E+01 -4.90468e-06
0.3602000E+01 -1.40981e-06
0.3604000E+01 -9.46882e-07
0.3606000E+01 -6.0044e-07
0.3608000E+01 -4.99636e-07
0.3610000E+01 -3.63856e-07
0.3612000E+01 -3.43054e-07
0.3614000E+01 -3.51279e-07
0.3616000E+01 -2.13263e-07
0.3618000E+01 -2.07305e-07
0.3620000E+01 -2.38607e-07
0.3622000E+01 -2.66831e-07
0.3624000E+01 -1.60581e-07
0.3626000E+01 -1.90073e-07
0.3628000E+01 -2.24225e-07
0.3630000E+01 -3.01501e-07
0.3632000E+01 -1.33748e-07
0.3634000E+01 -1.25469e-07
0.3636000E+01 -1.59479e-07
0.3638000E+01 -2.24996e-07
0.3640000E+01 -1.19794e-07
0.3642000E+01 -1.02682e-07
0.3644000E+01 -7.79923e-08
0.3646000E+01 -1.16077e-07
0.3648000E+01 -1.80217e-07
0.3650000E+01 -1.14798e-07
0.3652000E+01 -9.30624e-08
0.3654000E+01 -1.17005e-07
0.3656000E+01 -1.37246e-07
0.3658000E+01 -1.57104e-07
0.3660000E+01 -9.18146e-08
0.3662000E+01 -7.38714e-08
0.3664000E+01 -9.8509e-08
0.3666000E+01 -1.11273e-07
0.3668000E+01 -1.1084e-07
0.3670000E+01 -5.13028e-08
0.3672000E+01 -7.58467e-08
0.3674000E+01 -7.85417e-08
0.3676000E+01 -7.28184e-08
0.3678000E+01 -8.15987e-08
0.3680000E+01 -9.36121e-08
0.3682000E+01 -7.49152e-08
0.3684000E+01 -7.05346e-08
0.3686000E+01 -7.64506e-08
0.3688000E+01 -9.11116e-08
0.3690000E+01 -8.7226e-08
0.3692000E+01 -1.06925e-07
0.3694000E+01 -6.69766e-08
0.3696000E+01 -6.80889e-08
0.3698000E+01 -6.33095e-08
0.3700000E+01 -5.87705e-08
0.3702000E+01 -6.38305e-08
0.3704000E+01 -9.13245e-08
0.3706000E+01 -5.11194e-08
0.3708000E+01 -5.30068e-08
0.3710000E+01 -5.76968e-08
0.3712000E+01 -7.03613e-08
0.3714000E+01 -7.39513e-08
0.3716000E+01 -7.81604e-08
0.3718000E+01 -5.46463e-08
0.3720000E+01 -5.75658e-08
0.3722000E+01 -5.42906e-08
0.3724000E+01 -5.15141e-08
0.3726000E+01 -5.25519e-08
0.3728000E+01 -5.38595e-08
0.3730000E+01 -4.15795e-08
0.3732000E+01 -4.21391e-08
0.3734000E+01 -4.36784e-08
0.3736000E+01 -5.12298e-08
0.3738000E+01 -5.51396e-08
0.3740000E+01 -5.4854e-08
0.3742000E+01 -7.21072e-08
0.3744000E+01 -5.44389e-08
0.3746000E+01 -5.21522e-08
0.3748000E+01 -5.28548e-08
0.3750000E+01 -5.02825e-08
0.3752000E+01 -4.71262e-08
0.3754000E+01 -5.90201e-08
0.3756000E+01 -3.96043e-08
0.3758000E+01 -4.63192e-08
0.3760000E+01 -3.72573e-08
0.3762000E+01 -3.97612e-08
0.3764000E+01 -4.13861e-08
0.3766000E+01 -4.36182e-08
0.3768000E+01 -4.00001e-08
0.3770000E+01 -3.13463e-08
0.3772000E+01 -2.26956e-08
0.3774000E+01 -3.5759e-08
0.3776000E+01 -4.65493e-08
0.3778000E+01 -4.50603e-08
0.3780000E+01 -4.93732e-08
0.3782000E+01 -4.09458e-08
0.3784000E+01 -4.98976e-08
0.3786000E+01 -3.88322e-08
0.3788000E+01 -4.31187e-08
0.3790000E+01 -4.4619e-08
0.3792000E+01 -4.38449e-08
0.3794000E+01 -4.55975e-08
0.3796000E+01 -4.53412e-08
0.3798000E+01 -4.27988e-08
0.3800000E+01 -3.6757e-08
0.3802000E+01 -4.55563e-08
0.3804000E+01 -2.21798e-08
0.3806000E+01 -2.24479e-08
0.3808000E+01 -2.19398e-08
0.3810000E+01 -3.62809e-08
0.3812000E+01 -3.57842e-08
0.3814000E+01 -2.43733e-08
0.3816000E+01 -3.60449e-08
0.3818000E+01 -3.51101e-08
0.3820000E+01 -2.85415e-08
0.3822000E+01 -3.54148e-08
0.3824000E+01 -3.26796e-08
0.3826000E+01 -2.07632e-08
0.3828000E+01 -4.22903e-08
0.3830000E+01 -4.01454e-08
0.3832000E+01 -1.37308e-08
0.3834000E+01 -4.37961e-08
0.3836000E+01 -2.24995e-08
0.3838000E+01 -5.01768e-08
0.3840000E+01 -3.58222e-08
0.3842000E+01 -5.58742e-08
0.3844000E+01 2.04188e-08
0.3846000E+01 -1.59862e-07
0.3848000E+01 -3.37094e-07
0.3850000E+01 -2.49752e-08
0.3852000E+01 -1.70961e-08
0.3854000E+01 -5.2048e-09
0.3856000E+01 -9.9269e-09
0.3858000E+01 -8.61755e-09
0.3860000E+01 -1.72534e-08
0.3862000E+01 -2.19853e-08
0.3864000E+01 -2.19324e-08
0.3866000E+01 -3.25823e-08
0.3868000E+01 -1.19083e-08
0.3870000E+01 -3.96854e-09
0.3872000E+01 -1.16996e-08
0.3874000E+01 -1.38044e-08
0.3876000E+01 -1.06673e-08
0.3878000E+01 -1.51085e-08
0.3880000E+01 -1.94146e-08
0.3882000E+01 -2.68316e-08
0.3884000E+01 -4.14775e-08
0.3886000E+01 -3.13701e-08
0.3888000E+01 -1.00255e-08
0.3890000E+01 -9.92806e-09
0.3892000E+01 -1.16441e-08
0.3894000E+01 -1.27758e-08
0.3896000E+01 -1.43237e-08
0.3898000E+01 -2.85648e-08
0.3900000E+01 -2.95918e-08
0.3902000E+01 4.30172e-09
0.3904000E+01 4.53268e-09
0.3906000E+01 1.28786e-08
0.3908000E+01 4.31383e-09
0.3910000E+01 -2.89256e-09
0.3912000E+01 -2.68324e-08
0.3914000E+01 -2.9336e-09
0.3916000E+01 1.82057e-08
0.3918000E+01 1.36611e-08
0.3920000E+01 9.37994e-09
0.3922000E+01 5.70711e-09
0.3924000E+01 3.97269e-09
0.3926000E+01 -1.20694e-08
0.3928000E+01 -4.31678e-09
0.3930000E+01 1.44373e-08
0.3932000E+01 1.39049e-08
0.3934000E+01 9.80941e-09
0.3936000E+01 5.45146e-09
0.3938000E+01 3.86915e-09
0.3940000E+01 2.61255e-09
0.3942000E+01 3.83406e-09
0.3944000E+01 2.38417e-09
0.3946000E+01 -2.35299e-09
0.3948000E+01 -1.17429e-09
0.3950000E+01 3.95835e-09
0.3952000E+01 2.19367e-10
0.3954000E+01 -4.56569e-09
0.3956000E+01 -8.14526e-09
0.3958000E+01 -7.63247e-09
0.3960000E+01 -2.01259e-09
0.3962000E+01 -6.60222e-10
0.3964000E+01 3.30832e-09
0.3966000E+01 4.36503e-09
0.3968000E+01 2.43393e-09
0.3970000E+01 1.64338e-09
0.3972000E+01 4.10761e-09
0.3974000E+01 2.67784e-09
0.3976000E+01 7.9619e-09
0.3978000E+01 -5.94948e-08
0.3980000E+01 -3.37692e-08
0.3982000E+01 -2.13662e-08
0.3984000E+01 1.07669e-09
0.3986000E+01 -8.39459e-09
0.3988000E+01 8.11455e-09
0.3990000E+01 1.28398e-08
0.3992000E+01 -4.65746e-08
0.3994000E+01 -1.01619e-08
0.3996000E+01 -6.03615e-09
0.3998000E+01 -5.06028e-09
0.4000000E+01 6.11918e-09
