0.0000000E+00 0
0.2000000E-02 0
0.4000000E-02 0
0.6000000E-02 0
0.8000000E-02 0
0.1000000E-01 0
0.1200000E-01 0
0.1400000E-01 0
0.1600000E-01 0
0.1800000E-01 0
0.2000000E-01 0
0.2200000E-01 0
0.2400000E-01 0
0.2600000E-01 0
0.2800000E-01 0
0.3000000E-01 0
0.3200000E-01 0
0.3400000E-01 0
0.3600000E-01 0
0.3800000E-01 0
0.4000000E-01 0
0.4200000E-01 0
0.4400000E-01 0
0.4600000E-01 0
0.4800000E-01 0
0.5000000E-01 0
0.5200000E-01 0
0.5400000E-01 0
0.5600000E-01 0
0.5800000E-01 0
0.6000000E-01 0
0.6200000E-01 0
0.6400000E-01 0
0.6600000E-01 0
0.6800000E-01 0
0.7000000E-01 0
0.7200000E-01 0
0.7400000E-01 0
0.7600000E-01 0
0.7800000E-01 0
0.8000000E-01 0
0.8200000E-01 0
0.8400000E-01 0
0.8600000E-01 2.99184e-05
0.8800000E-01 2.66002e-05
0.9000000E-01 1.01687e-05
0.9200000E-01 2.35383e-06
0.9400000E-01 1.04715e-06
0.9600000E-01 1.05094e-07
0.9800000E-01 -7.71316e-07
0.1000000E+00 -1.21634e-06
0.1020000E+00 -1.05271e-06
0.1040000E+00 -5.21789e-07
0.1060000E+00 2.33418e-08
0.1080000E+00 2.73002e-07
0.1100000E+00 -4.8093e-07
0.1120000E+00 -1.91088e-07
0.1140000E+00 8.87375e-08
0.1160000E+00 3.84637e-07
0.1180000E+00 1.11354e-06
0.1200000E+00 4.10679e-06
0.1220000E+00 8.41455e-07
0.1240000E+00 -2.57162e-06
0.1260000E+00 -2.46475e-06
0.1280000E+00 -1.6498e-06
0.1300000E+00 -1.53579e-06
0.1320000E+00 -1.53732e-06
0.1340000E+00 -1.08005e-06
0.1360000E+00 -1.8095e-08
0.1380000E+00 1.51993e-07
0.1400000E+00 1.6039e-07
0.1420000E+00 1.58932e-07
0.1440000E+00 8.8377e-08
0.1460000E+00 3.73216e-08
0.1480000E+00 3.70384e-08
0.1500000E+00 3.4624e-08
0.1520000E+00 -9.98128e-09
0.1540000E+00 -6.75474e-08
0.1560000E+00 -1.33964e-07
0.1580000E+00 -2.05285e-07
0.1600000E+00 -2.77559e-07
0.1620000E+00 -3.57275e-07
0.1640000E+00 -4.89291e-07
0.1660000E+00 -3.41727e-07
0.1680000E+00 5.34334e-07
0.1700000E+00 7.38755e-07
0.1720000E+00 9.28608e-07
0.1740000E+00 1.10418e-06
0.1760000E+00 -1.16328e-06
0.1780000E+00 -6.93471e-07
0.1800000E+00 -6.20913e-07
0.1820000E+00 -6.07364e-07
0.1840000E+00 -5.9207e-07
0.1860000E+00 -5.7659e-07
0.1880000E+00 -5.33881e-07
0.1900000E+00 -5.0162e-07
0.1920000E+00 -3.51165e-07
0.1940000E+00 3.72147e-07
0.1960000E+00 3.10511e-07
0.1980000E+00 2.4441e-07
0.2000000E+00 1.74442e-07
0.2020000E+00 1.0044e-07
0.2040000E+00 2.22185e-08
0.2060000E+00 -6.04284e-08
0.2080000E+00 -1.47043e-07
0.2100000E+00 -2.58527e-07
0.2120000E+00 -2.8655e-07
0.2140000E+00 -2.26426e-07
0.2160000E+00 -1.71068e-07
0.2180000E+00 -1.43012e-07
0.2200000E+00 -1.22827e-07
0.2220000E+00 -2.26613e-08
0.2240000E+00 4.55254e-07
0.2260000E+00 5.52809e-07
0.2280000E+00 6.46075e-07
0.2300000E+00 3.25315e-07
0.2320000E+00 -6.24501e-07
0.2340000E+00 -5.08254e-07
0.2360000E+00 -4.7001e-07
0.2380000E+00 -4.04883e-07
0.2400000E+00 -3.3255e-07
0.2420000E+00 -3.3581e-07
0.2440000E+00 -3.3923e-07
0.2460000E+00 -3.44695e-07
0.2480000E+00 -3.51587e-07
0.2500000E+00 -1.51698e-07
0.2520000E+00 3.08089e-07
0.2540000E+00 2.47114e-07
0.2560000E+00 1.77899e-07
0.2580000E+00 9.84921e-08
0.2600000E+00 1.59646e-08
0.2620000E+00 -6.46374e-08
0.2640000E+00 -1.21616e-07
0.2660000E+00 -8.86928e-08
0.2680000E+00 -7.13734e-08
0.2700000E+00 -4.77707e-08
0.2720000E+00 -2.82472e-08
0.2740000E+00 -1.12754e-08
0.2760000E+00 4.05974e-09
0.2780000E+00 1.90801e-08
0.2800000E+00 4.58519e-07
0.2820000E+00 2.52564e-07
0.2840000E+00 -3.33543e-07
0.2860000E+00 -2.00701e-07
0.2880000E+00 -2.06714e-07
0.2900000E+00 -2.48169e-07
0.2920000E+00 -2.49706e-07
0.2940000E+00 -2.50984e-07
0.2960000E+00 -2.52315e-07
0.2980000E+00 -2.54145e-07
0.3000000E+00 -2.57004e-07
0.3020000E+00 -2.44517e-07
0.3040000E+00 -2.43766e-07
0.3060000E+00 2.51198e-07
0.3080000E+00 2.04083e-07
0.3100000E+00 1.55687e-07
0.3120000E+00 1.06246e-07
0.3140000E+00 7.32436e-08
0.3160000E+00 6.49958e-08
0.3180000E+00 4.36879e-08
0.3200000E+00 3.15971e-08
0.3220000E+00 4.59761e-08
0.3240000E+00 6.01025e-08
0.3260000E+00 7.47579e-08
0.3280000E+00 8.98764e-08
0.3300000E+00 -7.48915e-08
0.3320000E+00 -1.01915e-06
0.3340000E+00 -1.82356e-07
0.3360000E+00 4.84238e-07
0.3380000E+00 -5.60705e-09
0.3400000E+00 -1.87085e-07
0.3420000E+00 -1.84211e-07
0.3440000E+00 -1.81928e-07
0.3460000E+00 -1.67352e-07
0.3480000E+00 -1.47843e-07
0.3500000E+00 -1.50531e-07
0.3520000E+00 -1.5281e-07
0.3540000E+00 -1.55201e-07
0.3560000E+00 1.19063e-07
0.3580000E+00 1.9585e-07
0.3600000E+00 1.86793e-07
0.3620000E+00 1.64476e-07
0.3640000E+00 1.45849e-07
0.3660000E+00 1.31067e-07
0.3680000E+00 1.58703e-07
0.3700000E+00 1.52562e-07
0.3720000E+00 1.48082e-07
0.3740000E+00 1.14163e-08
0.3760000E+00 -1.08033e-06
0.3780000E+00 -4.34689e-07
0.3800000E+00 -4.22247e-07
0.3820000E+00 -4.0835e-07
0.3840000E+00 1.57044e-06
0.3860000E+00 -1.39888e-07
0.3880000E+00 -9.15376e-08
0.3900000E+00 -8.82169e-08
0.3920000E+00 -8.46179e-08
0.3940000E+00 -8.09839e-08
0.3960000E+00 -7.74633e-08
0.3980000E+00 -7.37098e-08
0.4000000E+00 -6.96058e-08
0.4020000E+00 -6.2566e-08
0.4040000E+00 2.51249e-07
0.4060000E+00 2.66872e-07
0.4080000E+00 2.76461e-07
0.4100000E+00 2.86128e-07
0.4120000E+00 2.94558e-07
0.4140000E+00 -3.74905e-07
0.4160000E+00 -3.59884e-07
0.4180000E+00 -3.69601e-07
0.4200000E+00 -3.36282e-07
0.4220000E+00 -3.47539e-07
0.4240000E+00 -2.68115e-07
0.4260000E+00 1.50731e-07
0.4280000E+00 2.59066e-07
0.4300000E+00 1.67758e-07
0.4320000E+00 6.692e-08
0.4340000E+00 -2.88646e-08
0.4360000E+00 -1.88979e-08
0.4380000E+00 -8.67608e-09
0.4400000E+00 1.35576e-08
0.4420000E+00 2.52354e-08
0.4440000E+00 3.46778e-08
0.4460000E+00 4.65938e-08
0.4480000E+00 4.75914e-07
0.4500000E+00 -3.25081e-07
0.4520000E+00 -2.39076e-07
0.4540000E+00 -2.99104e-07
0.4560000E+00 -2.23159e-07
0.4580000E+00 -1.82881e-07
0.4600000E+00 -1.80992e-07
0.4620000E+00 -1.76431e-07
0.4640000E+00 -1.49186e-07
0.4660000E+00 1.268e-07
0.4680000E+00 1.04409e-07
0.4700000E+00 1.40846e-07
0.4720000E+00 1.39675e-07
0.4740000E+00 1.32201e-07
0.4760000E+00 1.27283e-07
0.4780000E+00 1.19072e-07
0.4800000E+00 -1.11868e-07
0.4820000E+00 -6.68593e-07
0.4840000E+00 -6.05392e-07
0.4860000E+00 9.47798e-07
0.4880000E+00 -1.28905e-07
0.4900000E+00 -1.19526e-07
0.4920000E+00 -1.0688e-07
0.4940000E+00 -9.90671e-08
0.4960000E+00 -9.16523e-08
0.4980000E+00 -5.51804e-08
0.5000000E+00 9.8953e-08
0.5020000E+00 2.32878e-07
0.5040000E+00 2.59596e-07
0.5060000E+00 2.85252e-07
0.5080000E+00 -2.96477e-08
0.5100000E+00 -6.7563e-07
0.5120000E+00 -3.19194e-07
0.5140000E+00 -3.08368e-07
0.5160000E+00 6.88278e-08
0.5180000E+00 9.0877e-08
0.5200000E+00 5.9275e-08
0.5220000E+00 5.78442e-08
0.5240000E+00 1.57618e-08
0.5260000E+00 1.77242e-08
0.5280000E+00 3.70887e-08
0.5300000E+00 5.43669e-08
0.5320000E+00 3.07228e-07
0.5340000E+00 -2.6818e-07
0.5360000E+00 -2.38278e-07
0.5380000E+00 -2.26674e-07
0.5400000E+00 -2.09603e-07
0.5420000E+00 -1.2108e-07
0.5440000E+00 1.27935e-07
0.5460000E+00 1.3237e-07
0.5480000E+00 1.36462e-07
0.5500000E+00 1.40885e-07
0.5520000E+00 1.4506e-07
0.5540000E+00 -7.04272e-07
0.5560000E+00 -1.97105e-07
0.5580000E+00 -6.23184e-09
0.5600000E+00 7.01661e-09
0.5620000E+00 -7.44583e-08
0.5640000E+00 -4.93273e-08
0.5660000E+00 -2.2859e-08
0.5680000E+00 2.92469e-07
0.5700000E+00 5.9915e-07
0.5720000E+00 -5.29609e-07
0.5740000E+00 -4.09087e-07
0.5760000E+00 2.10927e-10
0.5780000E+00 3.90925e-08
0.5800000E+00 2.79724e-08
0.5820000E+00 1.63141e-08
0.5840000E+00 5.36279e-09
0.5860000E+00 -3.01699e-07
0.5880000E+00 1.83033e-08
0.5900000E+00 -1.39893e-07
0.5920000E+00 -8.8343e-08
0.5940000E+00 1.03802e-07
0.5960000E+00 2.58641e-07
0.5980000E+00 -9.77798e-07
0.6000000E+00 -6.13408e-08
0.6020000E+00 -1.20732e-07
0.6040000E+00 -1.69876e-07
0.6060000E+00 -1.32451e-07
0.6080000E+00 -1.48432e-07
0.6100000E+00 -1.76025e-07
0.6120000E+00 -1.48613e-08
0.6140000E+00 -1.28285e-08
0.6160000E+00 -5.0078e-07
0.6180000E+00 -6.45232e-07
0.6200000E+00 7.02907e-07
0.6220000E+00 -2.35407e-07
0.6240000E+00 -1.03469e-06
0.6260000E+00 -3.20347e-07
0.6280000E+00 -1.48353e-06
0.6300000E+00 2.29419e-07
0.6320000E+00 2.41791e-06
0.6340000E+00 -7.20127e-07
0.6360000E+00 7.47979e-07
0.6380000E+00 -1.74268e-07
0.6400000E+00 2.21359e-08
0.6420000E+00 -3.06525e-07
0.6440000E+00 1.47542e-07
0.6460000E+00 -1.18602e-07
0.6480000E+00 -2.66999e-08
0.6500000E+00 -9.31587e-08
0.6520000E+00 -1.10069e-07
0.6540000E+00 2.91553e-07
0.6560000E+00 -6.80492e-08
0.6580000E+00 2.16053e-07
0.6600000E+00 8.20187e-08
0.6620000E+00 -3.47866e-08
0.6640000E+00 -4.32637e-08
0.6660000E+00 5.35845e-08
0.6680000E+00 2.08452e-07
0.6700000E+00 -5.14431e-08
0.6720000E+00 1.6872e-07
0.6740000E+00 6.96652e-08
0.6760000E+00 6.85777e-08
0.6780000E+00 3.28912e-08
0.6800000E+00 -2.70394e-09
0.6820000E+00 -7.63819e-09
0.6840000E+00 1.02136e-07
0.6860000E+00 7.52719e-08
0.6880000E+00 7.31346e-08
0.6900000E+00 3.67184e-08
0.6920000E+00 2.26837e-08
0.6940000E+00 3.49314e-08
0.6960000E+00 3.77994e-08
0.6980000E+00 3.97822e-08
0.7000000E+00 4.37718e-08
0.7020000E+00 3.27513e-08
0.7040000E+00 3.62793e-08
0.7060000E+00 9.13091e-08
0.7080000E+00 6.9398e-08
0.7100000E+00 5.63683e-08
0.7120000E+00 2.04625e-08
0.7140000E+00 3.29133e-08
0.7160000E+00 3.8877e-08
0.7180000E+00 1.86694e-08
0.7200000E+00 2.37192e-08
0.7220000E+00 2.33015e-08
0.7240000E+00 2.41899e-08
0.7260000E+00 2.81594e-08
0.7280000E+00 2.8999e-08
0.7300000E+00 6.65898e-08
0.7320000E+00 5.7621e-08
0.7340000E+00 5.63066e-08
0.7360000E+00 5.20613e-08
0.7380000E+00 -5.0389e-08
0.7400000E+00 1.98413e-08
0.7420000E+00 2.06488e-08
0.7440000E+00 2.53902e-08
0.7460000E+00 2.81546e-08
0.7480000E+00 2.83342e-08
0.7500000E+00 2.72502e-08
0.7520000E+00 3.13237e-08
0.7540000E+00 2.76709e-08
0.7560000E+00 3.01921e-08
0.7580000E+00 4.65418e-08
0.7600000E+00 5.21149e-08
0.7620000E+00 4.53487e-08
0.7640000E+00 4.35443e-08
0.7660000E+00 4.53516e-08
0.7680000E+00 -2.5227e-08
0.7700000E+00 1.15035e-08
0.7720000E+00 1.65303e-08
0.7740000E+00 1.54714e-08
0.7760000E+00 1.60949e-08
0.7780000E+00 2.08527e-08
0.7800000E+00 2.14825e-08
0.7820000E+00 2.13674e-08
0.7840000E+00 2.15955e-08
0.7860000E+00 2.26185e-08
0.7880000E+00 2.38262e-08
0.7900000E+00 3.87681e-08
0.7920000E+00 4.76374e-08
0.7940000E+00 4.07605e-08
0.7960000E+00 3.65047e-08
0.7980000E+00 3.58634e-08
0.8000000E+00 3.50296e-08
0.8020000E+00 -2.16883e-08
0.8040000E+00 -1.85955e-08
0.8060000E+00 8.08852e-09
0.8080000E+00 8.50051e-09
0.8100000E+00 7.92082e-09
0.8120000E+00 1.05502e-08
0.8140000E+00 2.64529e-08
0.8160000E+00 1.92777e-08
0.8180000E+00 1.92984e-08
0.8200000E+00 2.00426e-08
0.8220000E+00 2.04396e-08
0.8240000E+00 2.0403e-08
0.8260000E+00 3.72756e-08
0.8280000E+00 2.56523e-08
0.8300000E+00 2.5422e-08
0.8320000E+00 2.46021e-08
0.8340000E+00 2.46167e-08
0.8360000E+00 2.91839e-08
0.8380000E+00 3.67925e-08
0.8400000E+00 -4.01049e-08
0.8420000E+00 -7.62912e-09
0.8440000E+00 3.43329e-09
0.8460000E+00 2.36547e-09
0.8480000E+00 7.35603e-09
0.8500000E+00 7.374e-09
0.8520000E+00 8.74869e-09
0.8540000E+00 9.76695e-09
0.8560000E+00 9.77936e-09
0.8580000E+00 1.00674e-08
0.8600000E+00 1.04267e-08
0.8620000E+00 1.76218e-08
0.8640000E+00 3.11909e-08
0.8660000E+00 2.11813e-08
0.8680000E+00 2.06012e-08
0.8700000E+00 2.02998e-08
0.8720000E+00 2.05252e-08
0.8740000E+00 1.92998e-08
0.8760000E+00 1.83453e-08
0.8780000E+00 1.84183e-08
0.8800000E+00 1.87745e-08
0.8820000E+00 -1.81749e-08
0.8840000E+00 -1.36917e-08
0.8860000E+00 -5.44812e-09
0.8880000E+00 -8.18875e-10
0.8900000E+00 1.30028e-08
0.8920000E+00 1.36721e-08
0.8940000E+00 1.14254e-08
0.8960000E+00 6.90018e-09
0.8980000E+00 7.28257e-09
0.9000000E+00 6.97567e-09
0.9020000E+00 8.423e-09
0.9040000E+00 9.77478e-09
0.9060000E+00 8.48979e-09
0.9080000E+00 8.39544e-09
0.9100000E+00 8.20956e-09
0.9120000E+00 7.87872e-09
0.9140000E+00 7.80064e-09
0.9160000E+00 7.96673e-09
0.9180000E+00 4.3247e-08
0.9200000E+00 1.61939e-08
0.9220000E+00 1.65199e-08
0.9240000E+00 1.6459e-08
0.9260000E+00 -1.15397e-08
0.9280000E+00 -1.20162e-08
0.9300000E+00 -3.13288e-09
0.9320000E+00 -3.18148e-09
0.9340000E+00 -3.51986e-09
0.9360000E+00 -3.97067e-09
0.9380000E+00 -3.78785e-09
0.9400000E+00 -1.68073e-09
0.9420000E+00 -1.89949e-09
0.9440000E+00 -2.16596e-09
0.9460000E+00 -6.11378e-10
0.9480000E+00 1.38618e-08
0.9500000E+00 1.32804e-08
0.9520000E+00 1.23644e-08
0.9540000E+00 4.74214e-09
0.9560000E+00 4.61074e-09
0.9580000E+00 4.51841e-09
0.9600000E+00 4.48087e-09
0.9620000E+00 4.16267e-09
0.9640000E+00 3.69992e-09
0.9660000E+00 4.12037e-09
0.9680000E+00 4.21731e-09
0.9700000E+00 4.01571e-09
0.9720000E+00 -4.52101e-08
0.9740000E+00 -2.09164e-08
0.9760000E+00 -1.33883e-08
0.9780000E+00 -9.38649e-09
0.9800000E+00 1.61376e-08
0.9820000E+00 -2.4195e-09
0.9840000E+00 -1.99962e-09
0.9860000E+00 -6.86987e-10
0.9880000E+00 -1.17532e-09
0.9900000E+00 -7.55548e-10
0.9920000E+00 -3.17259e-09
0.9940000E+00 -4.31905e-09
0.9960000E+00 -4.30835e-09
0.9980000E+00 -3.7295e-09
0.1000000E+01 -3.95922e-09
0.1002000E+01 -4.01145e-09
0.1004000E+01 -4.02903e-09
0.1006000E+01 -4.29731e-09
0.1008000E+01 -4.32976e-09
0.1010000E+01 3.37283e-09
0.1012000E+01 1.47903e-08
0.1014000E+01 8.64512e-09
0.1016000E+01 6.85962e-09
0.1018000E+01 1.66694e-09
0.1020000E+01 -3.20357e-08
0.1022000E+01 -1.83534e-08
0.1024000E+01 -1.34907e-08
0.1026000E+01 -9.88333e-09
0.1028000E+01 -1.23021e-08
0.1030000E+01 -1.33137e-08
0.1032000E+01 -1.1625e-08
0.1034000E+01 -1.10925e-08
0.1036000E+01 -1.10001e-08
0.1038000E+01 -1.10182e-08
0.1040000E+01 -1.12189e-08
0.1042000E+01 -1.16677e-08
0.1044000E+01 2.35211e-09
0.1046000E+01 8.01069e-09
0.1048000E+01 -1.34494e-09
0.1050000E+01 -2.02582e-09
0.1052000E+01 -3.80577e-09
0.1054000E+01 -4.57949e-09
0.1056000E+01 -4.55377e-09
0.1058000E+01 -5.49102e-09
0.1060000E+01 -7.19858e-09
0.1062000E+01 -7.46598e-09
0.1064000E+01 -7.73969e-09
0.1066000E+01 -8.00812e-09
0.1068000E+01 -8.31677e-09
0.1070000E+01 -2.93959e-08
0.1072000E+01 -2.27041e-08
0.1074000E+01 -1.92216e-08
0.1076000E+01 -1.57066e-08
0.1078000E+01 -5.09182e-09
0.1080000E+01 4.67458e-09
0.1082000E+01 -5.80404e-09
0.1084000E+01 -4.72417e-09
0.1086000E+01 -7.29664e-09
0.1088000E+01 -9.74283e-09
0.1090000E+01 -1.30767e-08
0.1092000E+01 -1.64952e-08
0.1094000E+01 -1.35298e-08
0.1096000E+01 -1.31811e-08
0.1098000E+01 -1.33852e-08
0.1100000E+01 -1.33944e-08
0.1102000E+01 -1.33809e-08
0.1104000E+01 -1.44016e-08
0.1106000E+01 -1.44675e-08
0.1108000E+01 -1.42798e-08
0.1110000E+01 -1.42442e-08
0.1112000E+01 -1.44682e-08
0.1114000E+01 2.79236e-09
0.1116000E+01 5.74097e-09
0.1118000E+01 -4.89429e-09
0.1120000E+01 -8.02487e-09
0.1122000E+01 -2.19533e-08
0.1124000E+01 -1.77305e-08
0.1126000E+01 -1.51534e-08
0.1128000E+01 -1.4127e-08
0.1130000E+01 -1.60798e-08
0.1132000E+01 -1.65069e-08
0.1134000E+01 -1.5927e-08
0.1136000E+01 -1.63631e-08
0.1138000E+01 -1.65301e-08
0.1140000E+01 -1.68443e-08
0.1142000E+01 -1.56372e-08
0.1144000E+01 -1.52339e-08
0.1146000E+01 -1.59989e-08
0.1148000E+01 -1.86227e-08
0.1150000E+01 -4.17211e-09
0.1152000E+01 -1.35583e-08
0.1154000E+01 -1.19561e-08
0.1156000E+01 -1.18482e-08
0.1158000E+01 -1.21148e-08
0.1160000E+01 -1.53259e-08
0.1162000E+01 -1.58899e-08
0.1164000E+01 -1.60095e-08
0.1166000E+01 -1.63113e-08
0.1168000E+01 -1.65258e-08
0.1170000E+01 -1.68095e-08
0.1172000E+01 -1.71402e-08
0.1174000E+01 -2.14422e-08
0.1176000E+01 -2.16994e-08
0.1178000E+01 -2.03463e-08
0.1180000E+01 -1.94689e-08
0.1182000E+01 -2.02776e-08
0.1184000E+01 -2.08265e-08
0.1186000E+01 -1.83707e-08
0.1188000E+01 -4.00685e-10
0.1190000E+01 -8.37489e-10
0.1192000E+01 -1.2621e-08
0.1194000E+01 -1.39646e-08
0.1196000E+01 -1.41364e-08
0.1198000E+01 -1.43621e-08
0.1200000E+01 -1.52602e-08
0.1202000E+01 -1.57363e-08
0.1204000E+01 -3.02159e-08
0.1206000E+01 -2.87817e-08
0.1208000E+01 -2.53507e-08
0.1210000E+01 -2.11737e-08
0.1212000E+01 -2.24531e-08
0.1214000E+01 -2.26996e-08
0.1216000E+01 -2.27377e-08
0.1218000E+01 -2.22484e-08
0.1220000E+01 -2.21056e-08
0.1222000E+01 -2.25929e-08
0.1224000E+01 -2.35393e-08
0.1226000E+01 -1.49001e-09
0.1228000E+01 -1.65643e-08
0.1230000E+01 -1.67852e-08
0.1232000E+01 -1.66233e-08
0.1234000E+01 -1.71888e-08
0.1236000E+01 -1.94297e-08
0.1238000E+01 -1.95681e-08
0.1240000E+01 -1.78846e-08
0.1242000E+01 -1.6003e-08
0.1244000E+01 -1.65288e-08
0.1246000E+01 -1.766e-08
0.1248000E+01 -1.82973e-08
0.1250000E+01 -1.86975e-08
0.1252000E+01 -1.96592e-08
0.1254000E+01 -3.6027e-08
0.1256000E+01 -4.76393e-08
0.1258000E+01 -3.64029e-08
0.1260000E+01 -3.14956e-08
0.1262000E+01 -3.03713e-08
0.1264000E+01 -1.81621e-08
0.1266000E+01 -1.41178e-08
0.1268000E+01 -1.82067e-08
0.1270000E+01 -2.11581e-08
0.1272000E+01 -1.71988e-08
0.1274000E+01 -1.60982e-08
0.1276000E+01 -2.01904e-08
0.1278000E+01 -2.07918e-08
0.1280000E+01 -2.06718e-08
0.1282000E+01 -2.09017e-08
0.1284000E+01 -2.06994e-08
0.1286000E+01 -2.25742e-08
0.1288000E+01 -2.27632e-08
0.1290000E+01 -2.2907e-08
0.1292000E+01 -2.3055e-08
0.1294000E+01 -2.32196e-08
0.1296000E+01 -2.36636e-08
0.1298000E+01 -2.37161e-08
0.1300000E+01 -4.66137e-08
0.1302000E+01 -5.9827e-08
0.1304000E+01 -2.2525e-08
0.1306000E+01 -1.81142e-08
0.1308000E+01 -2.33247e-08
0.1310000E+01 -2.78288e-08
0.1312000E+01 -2.73333e-08
0.1314000E+01 -2.65259e-08
0.1316000E+01 -2.69983e-08
0.1318000E+01 -2.70764e-08
0.1320000E+01 -2.72385e-08
0.1322000E+01 -2.79264e-08
0.1324000E+01 -2.83423e-08
0.1326000E+01 -2.86218e-08
0.1328000E+01 -2.86052e-08
0.1330000E+01 -2.85567e-08
0.1332000E+01 -2.66082e-08
0.1334000E+01 -2.33961e-08
0.1336000E+01 -2.01034e-08
0.1338000E+01 -2.25043e-08
0.1340000E+01 -2.2801e-08
0.1342000E+01 -6.33932e-08
0.1344000E+01 -4.4787e-08
0.1346000E+01 -3.96794e-08
0.1348000E+01 -3.46631e-08
0.1350000E+01 -3.35831e-08
0.1352000E+01 -3.56682e-08
0.1354000E+01 -3.4836e-08
0.1356000E+01 -3.46521e-08
0.1358000E+01 -3.29814e-08
0.1360000E+01 -3.26625e-08
0.1362000E+01 -2.85122e-08
0.1364000E+01 -2.20029e-08
0.1366000E+01 -2.07796e-08
0.1368000E+01 -2.50461e-08
0.1370000E+01 -2.59378e-08
0.1372000E+01 -2.57582e-08
0.1374000E+01 -2.58306e-08
0.1376000E+01 -2.62191e-08
0.1378000E+01 -5.06262e-08
0.1380000E+01 -9.2973e-08
0.1382000E+01 -6.53462e-08
0.1384000E+01 -4.98069e-08
0.1386000E+01 -4.05224e-08
0.1388000E+01 -4.37469e-08
0.1390000E+01 -4.09977e-08
0.1392000E+01 -3.25521e-08
0.1394000E+01 -2.26031e-08
0.1396000E+01 -2.75393e-08
0.1398000E+01 -3.02711e-08
0.1400000E+01 -3.10686e-08
0.1402000E+01 -3.1388e-08
0.1404000E+01 -3.16723e-08
0.1406000E+01 -3.26053e-08
0.1408000E+01 -3.22602e-08
0.1410000E+01 -3.08722e-08
0.1412000E+01 -9.24444e-08
0.1414000E+01 -1.09176e-07
0.1416000E+01 -7.0232e-08
0.1418000E+01 -7.06274e-08
0.1420000E+01 -5.14906e-08
0.1422000E+01 -3.85619e-08
0.1424000E+01 -4.17891e-08
0.1426000E+01 -2.74874e-08
0.1428000E+01 -3.60139e-08
0.1430000E+01 -3.65227e-08
0.1432000E+01 -3.71728e-08
0.1434000E+01 -3.93243e-08
0.1436000E+01 -3.86083e-08
0.1438000E+01 -3.86744e-08
0.1440000E+01 -4.9579e-08
0.1442000E+01 -1.3181e-07
0.1444000E+01 -1.06836e-07
0.1446000E+01 -7.78645e-08
0.1448000E+01 -6.17263e-08
0.1450000E+01 -4.34454e-08
0.1452000E+01 -4.44911e-08
0.1454000E+01 -4.99623e-08
0.1456000E+01 -5.11869e-08
0.1458000E+01 -5.0522e-08
0.1460000E+01 -4.65764e-08
0.1462000E+01 -4.23644e-08
0.1464000E+01 -4.12362e-08
0.1466000E+01 -3.10698e-08
0.1468000E+01 -1.30988e-07
0.1470000E+01 -1.13991e-07
0.1472000E+01 -9.54972e-08
0.1474000E+01 -7.37519e-08
0.1476000E+01 -5.6323e-08
0.1478000E+01 -5.2648e-08
0.1480000E+01 -5.60813e-08
0.1482000E+01 -5.46653e-08
0.1484000E+01 -5.15138e-08
0.1486000E+01 -5.11897e-08
0.1488000E+01 -5.14699e-08
0.1490000E+01 -1.08867e-07
0.1492000E+01 -1.6405e-07
0.1494000E+01 -1.27514e-07
0.1496000E+01 -9.94567e-08
0.1498000E+01 -8.20948e-08
0.1500000E+01 -8.17195e-08
0.1502000E+01 -6.21252e-08
0.1504000E+01 -3.97382e-08
0.1506000E+01 -4.24213e-08
0.1508000E+01 -2.88762e-08
0.1510000E+01 -3.50877e-08
0.1512000E+01 -1.3517e-07
0.1514000E+01 -1.71761e-07
0.1516000E+01 -9.93228e-08
0.1518000E+01 -8.51813e-08
0.1520000E+01 -7.91528e-08
0.1522000E+01 -7.55634e-08
0.1524000E+01 -6.7295e-08
0.1526000E+01 -6.44261e-08
0.1528000E+01 -4.61105e-08
0.1530000E+01 -4.34092e-08
0.1532000E+01 -1.51078e-07
0.1534000E+01 -1.29874e-07
0.1536000E+01 -9.19673e-08
0.1538000E+01 -8.57683e-08
0.1540000E+01 -6.98993e-08
0.1542000E+01 -5.86596e-08
0.1544000E+01 -5.585e-08
0.1546000E+01 -5.44336e-08
0.1548000E+01 -4.25482e-08
0.1550000E+01 -1.43911e-07
0.1552000E+01 -1.10698e-07
0.1554000E+01 -6.92741e-08
0.1556000E+01 -4.05157e-08
0.1558000E+01 -4.57905e-08
0.1560000E+01 -5.28082e-08
0.1562000E+01 -4.26166e-08
0.1564000E+01 -2.92704e-08
0.1566000E+01 -9.88479e-08
0.1568000E+01 -1.26803e-07
0.1570000E+01 -6.99238e-08
0.1572000E+01 -5.9126e-08
0.1574000E+01 -4.90233e-08
0.1576000E+01 -3.6522e-08
0.1578000E+01 -1.27738e-08
0.1580000E+01 -5.22518e-10
0.1582000E+01 -5.41096e-08
0.1584000E+01 -8.6406e-08
0.1586000E+01 -4.11282e-08
0.1588000E+01 -1.60082e-08
0.1590000E+01 -1.14757e-08
0.1592000E+01 -1.11006e-08
0.1594000E+01 -1.15285e-08
0.1596000E+01 -1.16828e-08
0.1598000E+01 -3.79268e-08
0.1600000E+01 -4.63415e-08
0.1602000E+01 -3.36455e-09
0.1604000E+01 2.50239e-09
0.1606000E+01 -7.31266e-09
0.1608000E+01 2.48621e-08
0.1610000E+01 3.2027e-08
0.1612000E+01 4.37771e-08
0.1614000E+01 1.45876e-08
0.1616000E+01 1.23031e-08
0.1618000E+01 2.61177e-08
0.1620000E+01 2.91846e-08
0.1622000E+01 3.5433e-08
0.1624000E+01 3.69272e-08
0.1626000E+01 -2.18589e-08
0.1628000E+01 7.87074e-08
0.1630000E+01 6.97412e-08
0.1632000E+01 5.14241e-08
0.1634000E+01 5.86318e-08
0.1636000E+01 6.3104e-08
0.1638000E+01 5.51358e-08
0.1640000E+01 5.72519e-08
0.1642000E+01 4.50613e-08
0.1644000E+01 4.21205e-08
0.1646000E+01 6.94709e-08
0.1648000E+01 6.41089e-08
0.1650000E+01 8.68048e-08
0.1652000E+01 1.06595e-07
0.1654000E+01 1.17227e-07
0.1656000E+01 1.09816e-07
0.1658000E+01 9.11564e-08
0.1660000E+01 9.04934e-08
0.1662000E+01 7.7851e-08
0.1664000E+01 7.33819e-08
0.1666000E+01 7.36454e-08
0.1668000E+01 9.75112e-08
0.1670000E+01 9.66102e-08
0.1672000E+01 1.08405e-07
0.1674000E+01 1.29196e-07
0.1676000E+01 1.30921e-07
0.1678000E+01 1.1817e-07
0.1680000E+01 1.40875e-07
0.1682000E+01 1.45444e-07
0.1684000E+01 1.33385e-07
0.1686000E+01 1.17074e-07
0.1688000E+01 1.1146e-07
0.1690000E+01 9.96793e-08
0.1692000E+01 8.81609e-08
0.1694000E+01 1.14905e-07
0.1696000E+01 1.45869e-07
0.1698000E+01 1.48207e-07
0.1700000E+01 1.35611e-07
0.1702000E+01 1.38553e-07
0.1704000E+01 1.42028e-07
0.1706000E+01 1.53493e-07
0.1708000E+01 1.51698e-07
0.1710000E+01 1.452e-07
0.1712000E+01 1.36715e-07
0.1714000E+01 1.26805e-07
0.1716000E+01 1.36756e-07
0.1718000E+01 1.56079e-07
0.1720000E+01 1.51536e-07
0.1722000E+01 1.33207e-07
0.1724000E+01 1.3619e-07
0.1726000E+01 1.51575e-07
0.1728000E+01 1.44615e-07
0.1730000E+01 1.42189e-07
0.1732000E+01 1.50721e-07
0.1734000E+01 1.55896e-07
0.1736000E+01 1.40857e-07
0.1738000E+01 1.58289e-07
0.1740000E+01 1.67903e-07
0.1742000E+01 1.54517e-07
0.1744000E+01 1.57503e-07
0.1746000E+01 2.00825e-07
0.1748000E+01 1.59476e-07
0.1750000E+01 1.49729e-07
0.1752000E+01 1.46449e-07
0.1754000E+01 1.43437e-07
0.1756000E+01 1.4179e-07
0.1758000E+01 1.37196e-07
0.1760000E+01 1.76208e-07
0.1762000E+01 1.64699e-07
0.1764000E+01 1.61046e-07
0.1766000E+01 1.57225e-07
0.1768000E+01 1.5391e-07
0.1770000E+01 1.53459e-07
0.1772000E+01 1.63327e-07
0.1774000E+01 1.57493e-07
0.1776000E+01 1.52735e-07
0.1778000E+01 1.94015e-07
0.1780000E+01 2.22805e-07
0.1782000E+01 2.02556e-07
0.1784000E+01 1.95201e-07
0.1786000E+01 1.69535e-07
0.1788000E+01 1.65305e-07
0.1790000E+01 1.62966e-07
0.1792000E+01 1.58584e-07
0.1794000E+01 1.53909e-07
0.1796000E+01 1.45351e-07
0.1798000E+01 1.9196e-07
0.1800000E+01 2.04966e-07
0.1802000E+01 1.87502e-07
0.1804000E+01 1.79455e-07
0.1806000E+01 1.73791e-07
0.1808000E+01 1.75797e-07
0.1810000E+01 1.7891e-07
0.1812000E+01 1.95879e-07
0.1814000E+01 1.85417e-07
0.1816000E+01 1.92816e-07
0.1818000E+01 2.13731e-07
0.1820000E+01 2.07847e-07
0.1822000E+01 2.00478e-07
0.1824000E+01 2.00226e-07
0.1826000E+01 2.05525e-07
0.1828000E+01 2.05033e-07
0.1830000E+01 1.91142e-07
0.1832000E+01 1.86033e-07
0.1834000E+01 1.9107e-07
0.1836000E+01 2.12748e-07
0.1838000E+01 2.17782e-07
0.1840000E+01 2.12739e-07
0.1842000E+01 2.13002e-07
0.1844000E+01 2.22589e-07
0.1846000E+01 2.30773e-07
0.1848000E+01 2.24987e-07
0.1850000E+01 2.20872e-07
0.1852000E+01 2.31805e-07
0.1854000E+01 2.50775e-07
0.1856000E+01 2.40461e-07
0.1858000E+01 2.31422e-07
0.1860000E+01 2.34817e-07
0.1862000E+01 2.50521e-07
0.1864000E+01 2.49632e-07
0.1866000E+01 2.43302e-07
0.1868000E+01 2.42552e-07
0.1870000E+01 2.75002e-07
0.1872000E+01 2.77458e-07
0.1874000E+01 2.66203e-07
0.1876000E+01 2.62957e-07
0.1878000E+01 2.82697e-07
0.1880000E+01 2.84978e-07
0.1882000E+01 2.83952e-07
0.1884000E+01 2.86324e-07
0.1886000E+01 3.02066e-07
0.1888000E+01 3.05939e-07
0.1890000E+01 2.99232e-07
0.1892000E+01 2.97351e-07
0.1894000E+01 3.36843e-07
0.1896000E+01 3.34429e-07
0.1898000E+01 3.21522e-07
0.1900000E+01 3.23053e-07
0.1902000E+01 3.36379e-07
0.1904000E+01 3.38582e-07
0.1906000E+01 3.39564e-07
0.1908000E+01 3.92944e-07
0.1910000E+01 4.09044e-07
0.1912000E+01 3.71433e-07
0.1914000E+01 3.69329e-07
0.1916000E+01 3.48863e-07
0.1918000E+01 2.8291e-07
0.1920000E+01 3.25306e-07
0.1922000E+01 2.80013e-07
0.1924000E+01 -1.74793e-07
0.1926000E+01 1.95009e-07
0.1928000E+01 1.35449e-06
0.1930000E+01 1.37008e-06
0.1932000E+01 1.06602e-06
0.1934000E+01 1.16056e-06
0.1936000E+01 5.43036e-07
0.1938000E+01 1.20806e-06
0.1940000E+01 7.15393e-07
0.1942000E+01 1.31532e-06
0.1944000E+01 1.68414e-06
0.1946000E+01 2.73034e-06
0.1948000E+01 1.67093e-06
0.1950000E+01 2.32779e-06
0.1952000E+01 2.14885e-06
0.1954000E+01 9.38516e-06
0.1956000E+01 -3.33476e-07
0.1958000E+01 -1.08054e-05
0.1960000E+01 -3.86472e-06
0.1962000E+01 -3.89297e-06
0.1964000E+01 -1.26535e-06
0.1966000E+01 -2.67644e-07
0.1968000E+01 -1.18639e-06
0.1970000E+01 -1.54451e-06
0.1972000E+01 -2.11907e-06
0.1974000E+01 -1.59548e-06
0.1976000E+01 -3.77391e-07
0.1978000E+01 -3.46536e-07
0.1980000E+01 -1.51112e-06
0.1982000E+01 -1.71812e-06
0.1984000E+01 -6.43036e-07
0.1986000E+01 -3.27465e-07
0.1988000E+01 -5.82756e-07
0.1990000E+01 -3.32311e-07
0.1992000E+01 -6.48585e-07
0.1994000E+01 -1.03772e-07
0.1996000E+01 -2.29293e-07
0.1998000E+01 2.05257e-07
0.2000000E+01 -1.57731e-07
0.2002000E+01 -1.68838e-07
0.2004000E+01 -1.81376e-07
0.2006000E+01 -1.94481e-07
0.2008000E+01 -2.09945e-07
0.2010000E+01 -2.39138e-07
0.2012000E+01 -2.73123e-07
0.2014000E+01 -3.44507e-07
0.2016000E+01 -5.10753e-07
0.2018000E+01 -2.98814e-07
0.2020000E+01 -1.00611e-07
0.2022000E+01 -1.06946e-07
0.2024000E+01 -1.1222e-07
0.2026000E+01 -1.05208e-07
0.2028000E+01 -1.14498e-07
0.2030000E+01 3.71005e-08
0.2032000E+01 4.21379e-07
0.2034000E+01 5.95391e-07
0.2036000E+01 -1.76075e-08
0.2038000E+01 -5.0593e-07
0.2040000E+01 -4.58548e-07
0.2042000E+01 -4.21988e-07
0.2044000E+01 -2.29563e-07
0.2046000E+01 -1.56075e-07
0.2048000E+01 -1.88493e-09
0.2050000E+01 3.56449e-07
0.2052000E+01 1.79283e-07
0.2054000E+01 -5.11125e-07
0.2056000E+01 -5.32551e-07
0.2058000E+01 -1.04456e-07
0.2060000E+01 2.80307e-08
0.2062000E+01 6.49009e-09
0.2064000E+01 -2.55032e-08
0.2066000E+01 -2.05038e-07
0.2068000E+01 1.09255e-08
0.2070000E+01 -7.53634e-08
0.2072000E+01 -2.62397e-07
0.2074000E+01 -1.92983e-07
0.2076000E+01 -3.27994e-08
0.2078000E+01 3.91961e-08
0.2080000E+01 -9.87214e-10
0.2082000E+01 -2.95572e-08
0.2084000E+01 -2.59889e-07
0.2086000E+01 -2.29807e-07
0.2088000E+01 -1.8491e-07
0.2090000E+01 -2.00836e-07
0.2092000E+01 -7.22035e-08
0.2094000E+01 1.93029e-07
0.2096000E+01 9.17138e-08
0.2098000E+01 -9.35638e-08
0.2100000E+01 -1.58871e-07
0.2102000E+01 -1.59037e-07
0.2104000E+01 -1.55228e-07
0.2106000E+01 -1.20758e-07
0.2108000E+01 8.17238e-10
0.2110000E+01 4.44591e-08
0.2112000E+01 4.7335e-09
0.2114000E+01 1.76169e-08
0.2116000E+01 4.91576e-09
0.2118000E+01 -1.26916e-07
0.2120000E+01 -1.55133e-07
0.2122000E+01 -1.59446e-07
0.2124000E+01 -1.97278e-07
0.2126000E+01 -2.50749e-07
0.2128000E+01 -1.0023e-07
0.2130000E+01 7.73627e-08
0.2132000E+01 -7.09285e-09
0.2134000E+01 -1.29508e-07
0.2136000E+01 -1.14429e-07
0.2138000E+01 -1.0811e-07
0.2140000E+01 -1.21658e-07
0.2142000E+01 -1.16598e-07
0.2144000E+01 -4.53534e-08
0.2146000E+01 7.98541e-08
0.2148000E+01 4.57554e-08
0.2150000E+01 1.93187e-08
0.2152000E+01 -5.37934e-08
0.2154000E+01 -1.14305e-07
0.2156000E+01 -1.53017e-07
0.2158000E+01 -2.0804e-07
0.2160000E+01 -1.18625e-07
0.2162000E+01 -1.35378e-08
0.2164000E+01 -3.38791e-08
0.2166000E+01 -3.93961e-08
0.2168000E+01 -3.3215e-08
0.2170000E+01 -5.37885e-08
0.2172000E+01 -1.00137e-07
0.2174000E+01 -1.44872e-07
0.2176000E+01 -1.55306e-07
0.2178000E+01 -1.68498e-07
0.2180000E+01 1.15108e-07
0.2182000E+01 4.57193e-08
0.2184000E+01 -7.26458e-08
0.2186000E+01 -9.17766e-08
0.2188000E+01 -8.8536e-08
0.2190000E+01 -8.92225e-08
0.2192000E+01 -5.11967e-08
0.2194000E+01 7.59056e-08
0.2196000E+01 1.09213e-07
0.2198000E+01 -1.49084e-08
0.2200000E+01 -7.61589e-08
0.2202000E+01 -1.33854e-07
0.2204000E+01 -1.35443e-07
0.2206000E+01 -1.15774e-07
0.2208000E+01 -8.69811e-09
0.2210000E+01 1.79067e-08
0.2212000E+01 4.86288e-09
0.2214000E+01 2.34808e-08
0.2216000E+01 -3.7042e-08
0.2218000E+01 -1.03085e-07
0.2220000E+01 -1.17072e-07
0.2222000E+01 1.7758e-08
0.2224000E+01 1.5974e-07
0.2226000E+01 -9.21427e-08
0.2228000E+01 -9.14217e-08
0.2230000E+01 -8.38471e-08
0.2232000E+01 1.77053e-08
0.2234000E+01 1.69536e-07
0.2236000E+01 1.46091e-07
0.2238000E+01 5.26434e-08
0.2240000E+01 -1.33373e-07
0.2242000E+01 -6.04493e-08
0.2244000E+01 1.07744e-07
0.2246000E+01 2.91376e-08
0.2248000E+01 -2.17725e-08
0.2250000E+01 -3.40499e-08
0.2252000E+01 2.67344e-07
0.2254000E+01 -6.50615e-08
0.2256000E+01 3.90726e-07
0.2258000E+01 7.87654e-07
0.2260000E+01 5.68457e-08
0.2262000E+01 -6.8431e-07
0.2264000E+01 -4.54314e-07
0.2266000E+01 -4.0066e-07
0.2268000E+01 -3.27652e-07
0.2270000E+01 -2.91457e-07
0.2272000E+01 -2.50634e-07
0.2274000E+01 -2.32155e-07
0.2276000E+01 -2.17316e-07
0.2278000E+01 -2.02245e-07
0.2280000E+01 -1.70489e-07
0.2282000E+01 -1.41954e-07
0.2284000E+01 -1.30984e-07
0.2286000E+01 -1.23406e-07
0.2288000E+01 -1.06162e-07
0.2290000E+01 -9.80424e-08
0.2292000E+01 -9.9889e-08
0.2294000E+01 -1.06903e-07
0.2296000E+01 -1.05281e-07
0.2298000E+01 -1.01432e-07
0.2300000E+01 -9.73321e-08
0.2302000E+01 -9.26016e-08
0.2304000E+01 -8.78174e-08
0.2306000E+01 -8.12211e-08
0.2308000E+01 -7.95061e-08
0.2310000E+01 -7.71754e-08
0.2312000E+01 -6.50188e-08
0.2314000E+01 -7.6824e-08
0.2316000E+01 -8.5687e-08
0.2318000E+01 -8.53816e-08
0.2320000E+01 -7.94299e-08
0.2322000E+01 -7.4818e-08
0.2324000E+01 -6.95975e-08
0.2326000E+01 -6.55425e-08
0.2328000E+01 -6.3067e-08
0.2330000E+01 -5.87893e-08
0.2332000E+01 -6.10529e-08
0.2334000E+01 -5.92239e-08
0.2336000E+01 -5.29037e-08
0.2338000E+01 -5.51847e-08
0.2340000E+01 -5.24801e-08
0.2342000E+01 -5.1127e-08
0.2344000E+01 -4.71272e-08
0.2346000E+01 -4.99056e-08
0.2348000E+01 -5.7839e-08
0.2350000E+01 -5.73516e-08
0.2352000E+01 -5.26898e-08
0.2354000E+01 -4.84688e-08
0.2356000E+01 -4.61867e-08
0.2358000E+01 -4.44622e-08
0.2360000E+01 -4.66853e-08
0.2362000E+01 -5.427e-08
0.2364000E+01 -5.61901e-08
0.2366000E+01 -4.95858e-08
0.2368000E+01 -5.48113e-08
0.2370000E+01 -7.77523e-08
0.2372000E+01 -7.31272e-08
0.2374000E+01 -6.12696e-08
0.2376000E+01 -2.71293e-08
0.2378000E+01 -4.23177e-08
0.2380000E+01 -3.26603e-08
0.2382000E+01 -4.86327e-08
0.2384000E+01 -2.9123e-08
0.2386000E+01 -3.26035e-08
0.2388000E+01 -5.22261e-08
0.2390000E+01 -5.28193e-08
0.2392000E+01 -5.32844e-08
0.2394000E+01 -3.92544e-08
0.2396000E+01 -5.12149e-08
0.2398000E+01 -5.42083e-08
0.2400000E+01 -5.11204e-08
0.2402000E+01 -4.73313e-08
0.2404000E+01 -5.00562e-08
0.2406000E+01 -2.3926e-08
0.2408000E+01 -4.01076e-08
0.2410000E+01 -3.52166e-08
0.2412000E+01 -2.02907e-08
0.2414000E+01 -3.6479e-08
0.2416000E+01 -3.56132e-08
0.2418000E+01 -3.55413e-08
0.2420000E+01 -5.12401e-09
0.2422000E+01 -3.7478e-08
0.2424000E+01 -4.25825e-08
0.2426000E+01 -4.09753e-08
0.2428000E+01 -4.90314e-08
0.2430000E+01 -4.22586e-08
0.2432000E+01 -4.25615e-08
0.2434000E+01 -4.10331e-08
0.2436000E+01 -3.81511e-08
0.2438000E+01 -3.65968e-08
0.2440000E+01 -4.38097e-08
0.2442000E+01 -4.2701e-08
0.2444000E+01 -4.37481e-08
0.2446000E+01 -3.94382e-08
0.2448000E+01 -3.83289e-08
0.2450000E+01 -3.8775e-08
0.2452000E+01 -3.74079e-08
0.2454000E+01 -3.5092e-08
0.2456000E+01 -4.05484e-08
0.2458000E+01 -3.4045e-08
0.2460000E+01 -3.04539e-08
0.2462000E+01 -1.12396e-07
0.2464000E+01 -1.13842e-07
0.2466000E+01 -3.99372e-08
0.2468000E+01 -6.51139e-08
0.2470000E+01 -6.63267e-08
0.2472000E+01 -1.48546e-08
0.2474000E+01 -5.3883e-08
0.2476000E+01 -6.81645e-08
0.2478000E+01 -5.65652e-08
0.2480000E+01 -5.05685e-08
0.2482000E+01 -6.6161e-08
0.2484000E+01 -5.48468e-08
0.2486000E+01 -6.35592e-08
0.2488000E+01 -4.63915e-08
0.2490000E+01 -5.00865e-08
0.2492000E+01 -6.07813e-08
0.2494000E+01 -6.32166e-08
0.2496000E+01 -5.82223e-08
0.2498000E+01 -6.17299e-08
0.2500000E+01 4.75075e-09
0.2502000E+01 -6.37408e-08
0.2504000E+01 -4.83337e-08
0.2506000E+01 -4.06733e-08
0.2508000E+01 -5.38482e-08
0.2510000E+01 -6.05635e-08
0.2512000E+01 -5.43683e-08
0.2514000E+01 2.99646e-08
0.2516000E+01 -5.84382e-08
0.2518000E+01 -5.94041e-08
0.2520000E+01 -5.75782e-08
0.2522000E+01 -5.05507e-08
0.2524000E+01 -5.24816e-08
0.2526000E+01 -5.94048e-08
0.2528000E+01 -1.58376e-08
0.2530000E+01 -2.42367e-09
0.2532000E+01 -2.36372e-08
0.2534000E+01 -9.17571e-08
0.2536000E+01 -6.3115e-08
0.2538000E+01 -4.82396e-08
0.2540000E+01 -5.38177e-08
0.2542000E+01 -4.98472e-08
0.2544000E+01 -4.84858e-08
0.2546000E+01 2.77091e-08
0.2548000E+01 -1.22672e-09
0.2550000E+01 -2.3174e-08
0.2552000E+01 -2.09741e-08
0.2554000E+01 -7.20981e-08
0.2556000E+01 -5.18672e-08
0.2558000E+01 -5.07064e-08
0.2560000E+01 -4.68174e-08
0.2562000E+01 -4.75534e-08
0.2564000E+01 4.72635e-10
0.2566000E+01 -1.40105e-08
0.2568000E+01 -3.45503e-08
0.2570000E+01 -3.4864e-08
0.2572000E+01 -3.00798e-08
0.2574000E+01 -3.04985e-08
0.2576000E+01 -2.90735e-08
0.2578000E+01 -3.90647e-08
0.2580000E+01 -4.35827e-08
0.2582000E+01 -4.64628e-08
0.2584000E+01 1.38013e-08
0.2586000E+01 1.19546e-08
0.2588000E+01 -9.89749e-09
0.2590000E+01 -2.02882e-08
0.2592000E+01 -3.93821e-08
0.2594000E+01 -5.97669e-08
0.2596000E+01 -4.28464e-08
0.2598000E+01 -3.78943e-08
0.2600000E+01 -3.72112e-08
0.2602000E+01 -4.11401e-08
0.2604000E+01 -3.55905e-08
0.2606000E+01 -5.69654e-10
0.2608000E+01 -2.38633e-08
0.2610000E+01 -2.20418e-08
0.2612000E+01 -2.51013e-08
0.2614000E+01 -2.84353e-08
0.2616000E+01 -2.03281e-08
0.2618000E+01 -3.28767e-08
0.2620000E+01 -5.0355e-08
0.2622000E+01 -3.7936e-08
0.2624000E+01 -5.80455e-08
0.2626000E+01 -4.02247e-08
0.2628000E+01 -8.52334e-09
0.2630000E+01 -5.05049e-09
0.2632000E+01 -3.80304e-08
0.2634000E+01 -6.25808e-08
0.2636000E+01 -3.92091e-08
0.2638000E+01 -2.98189e-08
0.2640000E+01 -3.61991e-08
0.2642000E+01 -3.47577e-08
0.2644000E+01 -3.48659e-08
0.2646000E+01 -2.91866e-08
0.2648000E+01 -5.73699e-08
0.2650000E+01 -6.13769e-08
0.2652000E+01 -3.25993e-08
0.2654000E+01 -2.19642e-08
0.2656000E+01 -1.59471e-08
0.2658000E+01 -3.34804e-08
0.2660000E+01 -3.63146e-08
0.2662000E+01 -3.51003e-08
0.2664000E+01 -6.47822e-08
0.2666000E+01 -6.40762e-08
0.2668000E+01 -5.05824e-08
0.2670000E+01 -4.09552e-08
0.2672000E+01 -4.03007e-08
0.2674000E+01 -4.12606e-08
0.2676000E+01 -4.07475e-08
0.2678000E+01 -1.20081e-08
0.2680000E+01 -3.06277e-08
0.2682000E+01 -6.26194e-08
0.2684000E+01 -5.90549e-08
0.2686000E+01 -5.10612e-08
0.2688000E+01 -4.20706e-08
0.2690000E+01 -5.06393e-08
0.2692000E+01 -4.89327e-08
0.2694000E+01 -4.11922e-08
0.2696000E+01 -4.2882e-08
0.2698000E+01 -4.35158e-08
0.2700000E+01 -6.79864e-08
0.2702000E+01 -8.97431e-08
0.2704000E+01 -4.65386e-08
0.2706000E+01 -3.92256e-08
0.2708000E+01 -4.06058e-08
0.2710000E+01 -4.19296e-08
0.2712000E+01 -4.0719e-08
0.2714000E+01 -4.44264e-08
0.2716000E+01 -4.84376e-08
0.2718000E+01 -3.67502e-08
0.2720000E+01 -6.13407e-08
0.2722000E+01 -6.48099e-08
0.2724000E+01 -8.80987e-08
0.2726000E+01 -6.78225e-08
0.2728000E+01 -6.89717e-08
0.2730000E+01 -5.04005e-08
0.2732000E+01 -4.48746e-08
0.2734000E+01 -3.73677e-08
0.2736000E+01 -5.13118e-08
0.2738000E+01 -5.73956e-08
0.2740000E+01 -5.41553e-08
0.2742000E+01 -4.42934e-08
0.2744000E+01 -4.1818e-08
0.2746000E+01 -6.22249e-08
0.2748000E+01 -9.93279e-08
0.2750000E+01 -7.58525e-08
0.2752000E+01 -7.12338e-08
0.2754000E+01 -9.69789e-08
0.2756000E+01 -7.6828e-08
0.2758000E+01 -5.91801e-08
0.2760000E+01 -4.93366e-08
0.2762000E+01 -5.84635e-08
0.2764000E+01 -5.89049e-08
0.2766000E+01 -6.34028e-08
0.2768000E+01 -7.70506e-08
0.2770000E+01 -7.99835e-08
0.2772000E+01 -8.40217e-08
0.2774000E+01 -1.06446e-07
0.2776000E+01 -8.90287e-08
0.2778000E+01 -8.77831e-08
0.2780000E+01 -7.69635e-08
0.2782000E+01 -1.03302e-07
0.2784000E+01 -9.42136e-08
0.2786000E+01 -7.30044e-08
0.2788000E+01 -6.40563e-08
0.2790000E+01 -8.69686e-08
0.2792000E+01 -8.92436e-08
0.2794000E+01 -1.07364e-07
0.2796000E+01 -1.27879e-07
0.2798000E+01 -1.07246e-07
0.2800000E+01 -1.04064e-07
0.2802000E+01 -1.20939e-07
0.2804000E+01 -1.13246e-07
0.2806000E+01 -1.62166e-07
0.2808000E+01 -1.71141e-07
0.2810000E+01 -1.61594e-07
0.2812000E+01 -1.41042e-07
0.2814000E+01 -1.31874e-07
0.2816000E+01 -1.63461e-07
0.2818000E+01 -1.55997e-07
0.2820000E+01 -1.8012e-07
0.2822000E+01 -1.90628e-07
0.2824000E+01 -2.01426e-07
0.2826000E+01 -2.73452e-07
0.2828000E+01 -2.13643e-07
0.2830000E+01 -2.56593e-07
0.2832000E+01 -3.67314e-07
0.2834000E+01 -4.16278e-07
0.2836000E+01 -3.60951e-07
0.2838000E+01 -6.30044e-07
0.2840000E+01 -6.67548e-07
0.2842000E+01 -9.93931e-07
0.2844000E+01 -1.60155e-06
0.2846000E+01 -1.16822e-06
0.2848000E+01 3.45759e-06
0.2850000E+01 1.14653e-06
0.2852000E+01 7.56153e-07
0.2854000E+01 3.83386e-07
0.2856000E+01 5.13687e-07
0.2858000E+01 4.10662e-07
0.2860000E+01 3.06493e-07
0.2862000E+01 2.46005e-07
0.2864000E+01 3.01124e-07
0.2866000E+01 2.27918e-07
0.2868000E+01 2.41513e-07
0.2870000E+01 1.76672e-07
0.2872000E+01 1.86978e-07
0.2874000E+01 1.94361e-07
0.2876000E+01 1.5464e-07
0.2878000E+01 1.74956e-07
0.2880000E+01 2.12174e-07
0.2882000E+01 1.79356e-07
0.2884000E+01 1.84878e-07
0.2886000E+01 1.23076e-07
0.2888000E+01 1.29233e-07
0.2890000E+01 1.39947e-07
0.2892000E+01 1.66548e-07
0.2894000E+01 2.00619e-07
0.2896000E+01 2.20473e-07
0.2898000E+01 1.21618e-07
0.2900000E+01 1.25412e-07
0.2902000E+01 1.32984e-07
0.2904000E+01 1.19563e-07
0.2906000E+01 1.07083e-07
0.2908000E+01 1.3799e-07
0.2910000E+01 1.39404e-07
0.2912000E+01 1.62422e-07
0.2914000E+01 1.42666e-07
0.2916000E+01 1.15869e-07
0.2918000E+01 1.17202e-07
0.2920000E+01 1.21053e-07
0.2922000E+01 1.61333e-07
0.2924000E+01 1.30638e-07
0.2926000E+01 1.17807e-07
0.2928000E+01 1.21098e-07
0.2930000E+01 1.26021e-07
0.2932000E+01 1.37408e-07
0.2934000E+01 1.37076e-07
0.2936000E+01 1.1985e-07
0.2938000E+01 1.09075e-07
0.2940000E+01 1.57532e-07
0.2942000E+01 1.61616e-07
0.2944000E+01 9.2073e-08
0.2946000E+01 9.53433e-08
0.2948000E+01 1.07417e-07
0.2950000E+01 9.71328e-08
0.2952000E+01 1.01723e-07
0.2954000E+01 9.4198e-08
0.2956000E+01 1.08769e-07
0.2958000E+01 1.16172e-07
0.2960000E+01 1.01218e-07
0.2962000E+01 9.19432e-08
0.2964000E+01 8.52052e-08
0.2966000E+01 9.24763e-08
0.2968000E+01 8.9164e-08
0.2970000E+01 8.49063e-08
0.2972000E+01 8.28967e-08
0.2974000E+01 7.23922e-08
0.2976000E+01 6.54309e-08
0.2978000E+01 1.16998e-07
0.2980000E+01 1.59384e-07
0.2982000E+01 1.3708e-07
0.2984000E+01 8.04293e-08
0.2986000E+01 -4.31427e-09
0.2988000E+01 -5.11827e-07
0.2990000E+01 6.69125e-07
0.2992000E+01 1.15944e-06
0.2994000E+01 4.50023e-08
0.2996000E+01 4.84821e-08
0.2998000E+01 5.63235e-08
0.3000000E+01 5.14855e-08
0.3002000E+01 5.21691e-08
0.3004000E+01 5.02956e-08
0.3006000E+01 5.86233e-08
0.3008000E+01 6.01476e-08
0.3010000E+01 5.6424e-08
0.3012000E+01 5.28831e-08
0.3014000E+01 4.98466e-08
0.3016000E+01 4.8969e-08
0.3018000E+01 4.9704e-08
0.3020000E+01 4.28163e-08
0.3022000E+01 3.46077e-08
0.3024000E+01 4.32861e-08
0.3026000E+01 5.15524e-08
0.3028000E+01 4.86545e-08
0.3030000E+01 2.61049e-08
0.3032000E+01 2.5114e-08
0.3034000E+01 2.94068e-08
0.3036000E+01 2.89252e-08
0.3038000E+01 3.6536e-08
0.3040000E+01 3.2164e-08
0.3042000E+01 3.65975e-08
0.3044000E+01 2.52561e-08
0.3046000E+01 5.37937e-08
0.3048000E+01 3.87069e-08
0.3050000E+01 3.8226e-08
0.3052000E+01 3.67736e-08
0.3054000E+01 3.2862e-08
0.3056000E+01 2.8756e-08
0.3058000E+01 2.78666e-08
0.3060000E+01 3.0359e-08
0.3062000E+01 2.59933e-08
0.3064000E+01 2.89666e-08
0.3066000E+01 2.45507e-08
0.3068000E+01 3.05292e-08
0.3070000E+01 4.1238e-08
0.3072000E+01 3.87129e-08
0.3074000E+01 3.26145e-08
0.3076000E+01 2.49812e-08
0.3078000E+01 3.22386e-09
0.3080000E+01 2.34489e-08
0.3082000E+01 3.57482e-08
0.3084000E+01 3.35511e-08
0.3086000E+01 2.66998e-08
0.3088000E+01 2.55779e-08
0.3090000E+01 1.89016e-08
0.3092000E+01 -6.96267e-11
0.3094000E+01 1.74919e-08
0.3096000E+01 1.15346e-08
0.3098000E+01 3.04993e-08
0.3100000E+01 3.33222e-08
0.3102000E+01 3.05546e-08
0.3104000E+01 2.8384e-08
0.3106000E+01 2.26371e-08
0.3108000E+01 4.62337e-08
0.3110000E+01 2.50256e-08
0.3112000E+01 9.27224e-09
0.3114000E+01 2.09299e-08
0.3116000E+01 3.36583e-08
0.3118000E+01 1.87915e-08
0.3120000E+01 2.80951e-08
0.3122000E+01 3.8497e-08
0.3124000E+01 -1.35378e-09
0.3126000E+01 -1.76666e-08
0.3128000E+01 -1.47357e-08
0.3130000E+01 2.7105e-09
0.3132000E+01 2.62703e-08
0.3134000E+01 1.13103e-08
0.3136000E+01 2.01423e-08
0.3138000E+01 6.31856e-10
0.3140000E+01 -1.4862e-08
0.3142000E+01 4.01685e-09
0.3144000E+01 2.64523e-09
0.3146000E+01 1.56486e-08
0.3148000E+01 -3.05774e-08
0.3150000E+01 -3.25212e-08
0.3152000E+01 -3.43944e-09
0.3154000E+01 9.47332e-10
0.3156000E+01 -9.09189e-08
0.3158000E+01 -1.11777e-07
0.3160000E+01 -6.27161e-08
0.3162000E+01 -3.7163e-07
0.3164000E+01 -4.34135e-07
0.3166000E+01 1.00519e-06
0.3168000E+01 1.09366e-07
0.3170000E+01 2.14389e-08
0.3172000E+01 2.38889e-08
0.3174000E+01 2.88066e-08
0.3176000E+01 1.02638e-07
0.3178000E+01 5.90598e-08
0.3180000E+01 4.97423e-08
0.3182000E+01 9.4674e-08
0.3184000E+01 6.97579e-08
0.3186000E+01 1.16833e-07
0.3188000E+01 9.74278e-08
0.3190000E+01 8.57217e-08
0.3192000E+01 6.74519e-08
0.3194000E+01 5.26292e-08
0.3196000E+01 5.39337e-08
0.3198000E+01 5.34063e-08
0.3200000E+01 6.35486e-08
0.3202000E+01 9.40512e-08
0.3204000E+01 8.33049e-08
0.3206000E+01 6.81224e-08
0.3208000E+01 5.94958e-08
0.3210000E+01 5.78954e-08
0.3212000E+01 5.01083e-08
0.3214000E+01 1.24438e-07
0.3216000E+01 8.43836e-08
0.3218000E+01 3.00268e-08
0.3220000E+01 -1.16154e-08
0.3222000E+01 3.29275e-08
0.3224000E+01 8.20634e-08
0.3226000E+01 6.73934e-08
0.3228000E+01 3.29998e-08
0.3230000E+01 1.77404e-08
0.3232000E+01 2.76436e-08
0.3234000E+01 8.30135e-08
0.3236000E+01 1.09972e-07
0.3238000E+01 6.93162e-08
0.3240000E+01 4.73258e-08
0.3242000E+01 3.33018e-08
0.3244000E+01 1.61051e-07
0.3246000E+01 5.19694e-08
0.3248000E+01 2.5179e-08
0.3250000E+01 7.06161e-08
0.3252000E+01 1.82948e-07
0.3254000E+01 -1.37183e-07
0.3256000E+01 2.33262e-07
0.3258000E+01 -1.12288e-07
0.3260000E+01 1.35083e-07
0.3262000E+01 -7.1758e-07
0.3264000E+01 5.4678e-08
0.3266000E+01 2.96447e-07
0.3268000E+01 6.36694e-08
0.3270000E+01 7.92475e-08
0.3272000E+01 2.81798e-07
0.3274000E+01 2.94589e-07
0.3276000E+01 5.71952e-07
0.3278000E+01 -1.18093e-07
0.3280000E+01 -1.55984e-07
0.3282000E+01 3.32672e-07
0.3284000E+01 3.38305e-07
0.3286000E+01 9.33679e-07
0.3288000E+01 1.04005e-07
0.3290000E+01 8.83569e-07
0.3292000E+01 7.81623e-07
0.3294000E+01 5.13582e-07
0.3296000E+01 -2.46598e-07
0.3298000E+01 -6.15298e-08
0.3300000E+01 -5.17335e-07
0.3302000E+01 -3.99484e-07
0.3304000E+01 -4.46179e-07
0.3306000E+01 -2.03097e-07
0.3308000E+01 -1.76893e-07
0.3310000E+01 -2.37914e-07
0.3312000E+01 -2.53338e-07
0.3314000E+01 -1.91511e-07
0.3316000E+01 -1.78199e-07
0.3318000E+01 -1.66847e-07
0.3320000E+01 -1.51789e-07
0.3322000E+01 -1.14345e-07
0.3324000E+01 -1.2948e-07
0.3326000E+01 -1.5206e-07
0.3328000E+01 -1.45648e-07
0.3330000E+01 -1.13223e-07
0.3332000E+01 -9.69501e-08
0.3334000E+01 -9.82665e-08
0.3336000E+01 -9.22046e-08
0.3338000E+01 -8.45914e-08
0.3340000E+01 -8.4523e-08
0.3342000E+01 -9.06354e-08
0.3344000E+01 -8.63527e-08
0.3346000E+01 -7.41737e-08
0.3348000E+01 -6.34604e-08
0.3350000E+01 -5.77026e-08
0.3352000E+01 -5.8302e-08
0.3354000E+01 -6.52427e-08
0.3356000E+01 -7.73455e-08
0.3358000E+01 -7.42266e-08
0.3360000E+01 -5.72061e-08
0.3362000E+01 -5.43335e-08
0.3364000E+01 -7.06757e-08
0.3366000E+01 -6.43782e-08
0.3368000E+01 -5.8459e-08
0.3370000E+01 -5.78424e-08
0.3372000E+01 -5.09583e-08
0.3374000E+01 -5.59826e-08
0.3376000E+01 -4.30551e-08
0.3378000E+01 -3.93307e-08
0.3380000E+01 -3.61634e-08
0.3382000E+01 -3.61752e-08
0.3384000E+01 -5.24304e-08
0.3386000E+01 -4.11498e-08
0.3388000E+01 -3.30538e-08
0.3390000E+01 -3.06135e-08
0.3392000E+01 -1.1594e-07
0.3394000E+01 -4.21272e-08
0.3396000E+01 -5.35775e-08
0.3398000E+01 -4.50031e-08
0.3400000E+01 -4.64703e-08
0.3402000E+01 -6.96253e-08
0.3404000E+01 -5.16549e-08
0.3406000E+01 -4.86644e-08
0.3408000E+01 -4.11962e-08
0.3410000E+01 -3.91245e-08
0.3412000E+01 -3.73482e-08
0.3414000E+01 -3.84138e-08
0.3416000E+01 -3.73591e-08
0.3418000E+01 -3.91171e-08
0.3420000E+01 -6.19098e-08
0.3422000E+01 -5.11424e-08
0.3424000E+01 -3.944e-08
0.3426000E+01 -3.54268e-08
0.3428000E+01 -3.43675e-08
0.3430000E+01 -2.40792e-08
0.3432000E+01 -3.11124e-08
0.3434000E+01 -2.86867e-08
0.3436000E+01 -4.38665e-08
0.3438000E+01 -4.84642e-08
0.3440000E+01 -3.87211e-08
0.3442000E+01 -4.35073e-08
0.3444000E+01 -3.77989e-08
0.3446000E+01 -3.00551e-08
0.3448000E+01 -2.66554e-08
0.3450000E+01 -2.74889e-08
0.3452000E+01 -5.70179e-08
0.3454000E+01 -4.60523e-08
0.3456000E+01 -3.88823e-08
0.3458000E+01 -2.83712e-08
0.3460000E+01 -2.41743e-08
0.3462000E+01 -2.93363e-08
0.3464000E+01 -3.21844e-08
0.3466000E+01 -6.556e-08
0.3468000E+01 -5.83632e-08
0.3470000E+01 -5.04689e-08
0.3472000E+01 -3.57216e-08
0.3474000E+01 -3.56614e-08
0.3476000E+01 -3.02792e-08
0.3478000E+01 -4.46628e-08
0.3480000E+01 -6.91697e-08
0.3482000E+01 -3.94845e-08
0.3484000E+01 -3.79381e-08
0.3486000E+01 -2.53414e-08
0.3488000E+01 -3.73091e-08
0.3490000E+01 -5.2777e-08
0.3492000E+01 -6.89699e-08
0.3494000E+01 -2.34742e-08
0.3496000E+01 -3.71029e-08
0.3498000E+01 -4.04447e-08
0.3500000E+01 -1.37949e-08
0.3502000E+01 -5.78267e-08
0.3504000E+01 -5.83441e-08
0.3506000E+01 -3.30779e-08
0.3508000E+01 -6.32719e-09
0.3510000E+01 -4.63473e-08
0.3512000E+01 -7.75964e-08
0.3514000E+01 -1.52014e-09
0.3516000E+01 -1.88439e-08
0.3518000E+01 -3.65007e-08
0.3520000E+01 -1.15557e-08
0.3522000E+01 3.95473e-09
0.3524000E+01 8.13863e-09
0.3526000E+01 2.37308e-08
0.3528000E+01 3.32239e-08
0.3530000E+01 2.50263e-08
0.3532000E+01 4.1766e-08
0.3534000E+01 4.27971e-08
0.3536000E+01 2.96494e-08
0.3538000E+01 4.632e-08
0.3540000E+01 7.11975e-08
0.3542000E+01 5.71248e-08
0.3544000E+01 5.05729e-08
0.3546000E+01 8.64556e-08
0.3548000E+01 4.30644e-08
0.3550000E+01 4.86539e-08
0.3552000E+01 5.9616e-08
0.3554000E+01 9.28213e-08
0.3556000E+01 4.40261e-08
0.3558000E+01 4.45343e-08
0.3560000E+01 6.21096e-08
0.3562000E+01 6.57203e-08
0.3564000E+01 8.5938e-08
0.3566000E+01 4.89426e-08
0.3568000E+01 4.19967e-08
0.3570000E+01 4.66624e-08
0.3572000E+01 5.5899e-08
0.3574000E+01 1.04306e-07
0.3576000E+01 6.3644e-08
0.3578000E+01 6.14338e-08
0.3580000E+01 7.84138e-08
0.3582000E+01 7.15693e-08
0.3584000E+01 7.87278e-08
0.3586000E+01 1.10398e-07
0.3588000E+01 1.29494e-07
0.3590000E+01 1.54659e-07
0.3592000E+01 1.20489e-07
0.3594000E+01 1.968e-07
0.3596000E+01 2.19291e-07
0.3598000E+01 7.08335e-07
0.3600000E+01 -1.06289e-06
0.3602000E+01 -2.00785e-07
0.3604000E+01 -9.21611e-08
0.3606000E+01 -9.55063e-08
0.3608000E+01 -5.99845e-08
0.3610000E+01 -2.17586e-08
0.3612000E+01 -2.55606e-08
0.3614000E+01 -1.84552e-08
0.3616000E+01 -8.22828e-10
0.3618000E+01 8.11269e-10
0.3620000E+01 -9.13776e-10
0.3622000E+01 3.69038e-08
0.3624000E+01 2.83508e-09
0.3626000E+01 -1.30454e-08
0.3628000E+01 -1.92238e-08
0.3630000E+01 -2.8559e-08
0.3632000E+01 -7.42242e-09
0.3634000E+01 -3.42642e-09
0.3636000E+01 -6.34981e-09
0.3638000E+01 -1.27992e-08
0.3640000E+01 1.60049e-08
0.3642000E+01 4.10975e-08
0.3644000E+01 6.46232e-08
0.3646000E+01 1.48498e-08
0.3648000E+01 -1.87594e-10
0.3650000E+01 1.36954e-09
0.3652000E+01 5.22291e-09
0.3654000E+01 1.24154e-09
0.3656000E+01 -4.20669e-09
0.3658000E+01 -1.51658e-09
0.3660000E+01 3.73081e-09
0.3662000E+01 6.59954e-09
0.3664000E+01 2.8303e-09
0.3666000E+01 4.56006e-09
0.3668000E+01 9.77189e-09
0.3670000E+01 5.85901e-08
0.3672000E+01 1.82619e-08
0.3674000E+01 8.9905e-09
0.3676000E+01 9.42535e-09
0.3678000E+01 6.41034e-09
0.3680000E+01 1.23047e-08
0.3682000E+01 8.53039e-09
0.3684000E+01 7.96804e-09
0.3686000E+01 5.63704e-09
0.3688000E+01 2.45824e-09
0.3690000E+01 3.821e-09
0.3692000E+01 2.31216e-09
0.3694000E+01 1.0012e-08
0.3696000E+01 1.0958e-08
0.3698000E+01 1.84067e-08
0.3700000E+01 2.80812e-08
0.3702000E+01 2.40516e-08
0.3704000E+01 9.5817e-09
0.3706000E+01 1.11419e-08
0.3708000E+01 1.39432e-08
0.3710000E+01 1.1555e-08
0.3712000E+01 8.39517e-09
0.3714000E+01 5.72418e-09
0.3716000E+01 6.72149e-09
0.3718000E+01 1.04324e-08
0.3720000E+01 9.23081e-09
0.3722000E+01 9.51307e-09
0.3724000E+01 1.03872e-08
0.3726000E+01 1.30161e-08
0.3728000E+01 1.66793e-08
0.3730000E+01 1.78403e-08
0.3732000E+01 2.17406e-08
0.3734000E+01 2.49316e-08
0.3736000E+01 2.0851e-08
0.3738000E+01 1.66812e-08
0.3740000E+01 1.3199e-08
0.3742000E+01 9.86138e-09
0.3744000E+01 9.17255e-09
0.3746000E+01 8.94868e-09
0.3748000E+01 6.68967e-09
0.3750000E+01 6.14253e-09
0.3752000E+01 6.89579e-09
0.3754000E+01 5.91175e-09
0.3756000E+01 1.31645e-08
0.3758000E+01 4.55749e-09
0.3760000E+01 1.24788e-08
0.3762000E+01 1.74074e-08
0.3764000E+01 1.64955e-08
0.3766000E+01 1.54996e-08
0.3768000E+01 1.74886e-08
0.3770000E+01 1.80185e-08
0.3772000E+01 1.98268e-08
0.3774000E+01 1.75187e-08
0.3776000E+01 1.47635e-08
0.3778000E+01 1.47131e-08
0.3780000E+01 1.4327e-08
0.3782000E+01 1.30167e-08
0.3784000E+01 1.39845e-08
0.3786000E+01 1.55965e-08
0.3788000E+01 1.35964e-08
0.3790000E+01 1.08121e-08
0.3792000E+01 9.83539e-09
0.3794000E+01 9.4794e-09
0.3796000E+01 8.47894e-09
0.3798000E+01 5.45849e-09
0.3800000E+01 3.65183e-09
0.3802000E+01 -1.02838e-09
0.3804000E+01 1.95271e-08
0.3806000E+01 2.11734e-08
0.3808000E+01 2.20973e-08
0.3810000E+01 1.60863e-08
0.3812000E+01 1.66858e-08
0.3814000E+01 1.78788e-08
0.3816000E+01 1.3919e-08
0.3818000E+01 1.54455e-08
0.3820000E+01 1.92649e-08
0.3822000E+01 1.8681e-08
0.3824000E+01 1.33087e-08
0.3826000E+01 1.29757e-08
0.3828000E+01 3.74037e-09
0.3830000E+01 5.02408e-09
0.3832000E+01 2.07996e-08
0.3834000E+01 1.90618e-08
0.3836000E+01 2.00254e-08
0.3838000E+01 1.27212e-08
0.3840000E+01 1.12299e-08
0.3842000E+01 -4.57816e-09
0.3844000E+01 2.42869e-08
0.3846000E+01 3.51605e-08
0.3848000E+01 -5.66365e-09
0.3850000E+01 2.27493e-08
0.3852000E+01 6.61423e-09
0.3854000E+01 1.30707e-08
0.3856000E+01 9.88091e-09
0.3858000E+01 1.21586e-08
0.3860000E+01 7.22449e-09
0.3862000E+01 5.01782e-09
0.3864000E+01 7.22594e-09
0.3866000E+01 -4.2246e-09
0.3868000E+01 1.34189e-08
0.3870000E+01 1.61524e-08
0.3872000E+01 1.18285e-08
0.3874000E+01 1.03027e-08
0.3876000E+01 1.05652e-08
0.3878000E+01 1.03014e-08
0.3880000E+01 6.80097e-09
0.3882000E+01 2.86183e-09
0.3884000E+01 -4.311e-09
0.3886000E+01 1.04299e-09
0.3888000E+01 1.3412e-08
0.3890000E+01 1.22807e-08
0.3892000E+01 1.186e-08
0.3894000E+01 1.13892e-08
0.3896000E+01 9.89614e-09
0.3898000E+01 1.14828e-09
0.3900000E+01 -2.98736e-09
0.3902000E+01 2.00067e-08
0.3904000E+01 1.88119e-08
0.3906000E+01 2.39449e-08
0.3908000E+01 1.9084e-08
0.3910000E+01 1.52106e-08
0.3912000E+01 -2.10467e-09
0.3914000E+01 1.53461e-08
0.3916000E+01 2.69801e-08
0.3918000E+01 2.60639e-08
0.3920000E+01 2.05101e-08
0.3922000E+01 1.88978e-08
0.3924000E+01 1.93438e-08
0.3926000E+01 9.8106e-09
0.3928000E+01 1.09166e-08
0.3930000E+01 2.09276e-08
0.3932000E+01 1.9911e-08
0.3934000E+01 1.9494e-08
0.3936000E+01 1.30577e-08
0.3938000E+01 1.2671e-08
0.3940000E+01 1.41674e-08
0.3942000E+01 1.54209e-08
0.3944000E+01 1.3362e-08
0.3946000E+01 1.14436e-08
0.3948000E+01 1.23896e-08
0.3950000E+01 1.28883e-08
0.3952000E+01 1.16112e-08
0.3954000E+01 5.04869e-09
0.3956000E+01 2.49771e-09
0.3958000E+01 3.59822e-09
0.3960000E+01 7.15405e-09
0.3962000E+01 1.01516e-08
0.3964000E+01 1.03551e-08
0.3966000E+01 1.23987e-08
0.3968000E+01 1.17695e-08
0.3970000E+01 1.25361e-08
0.3972000E+01 1.43261e-08
0.3974000E+01 1.21879e-08
0.3976000E+01 1.37834e-08
0.3978000E+01 -3.16472e-08
0.3980000E+01 -1.41042e-08
0.3982000E+01 -6.81697e-09
0.3984000E+01 9.0294e-09
0.3986000E+01 6.37314e-09
0.3988000E+01 1.50981e-08
0.3990000E+01 1.79959e-08
0.3992000E+01 -2.10455e-08
0.3994000E+01 1.05543e-09
0.3996000E+01 2.10353e-09
0.3998000E+01 4.50447e-09
0.4000000E+01 1.118e-08
