0.0000000E+00 0
0.2000000E-02 0
0.4000000E-02 0
0.6000000E-02 0
0.8000000E-02 0
0.1000000E-01 0
0.1200000E-01 0
0.1400000E-01 0
0.1600000E-01 0
0.1800000E-01 0
0.2000000E-01 0
0.2200000E-01 0
0.2400000E-01 0
0.2600000E-01 0
0.2800000E-01 0
0.3000000E-01 0
0.3200000E-01 0
0.3400000E-01 0
0.3600000E-01 0
0.3800000E-01 0
0.4000000E-01 0
0.4200000E-01 0
0.4400000E-01 0
0.4600000E-01 0
0.4800000E-01 0
0.5000000E-01 0
0.5200000E-01 0
0.5400000E-01 0
0.5600000E-01 0
0.5800000E-01 0
0.6000000E-01 0
0.6200000E-01 0
0.6400000E-01 0
0.6600000E-01 0
0.6800000E-01 0
0.7000000E-01 0
0.7200000E-01 0
0.7400000E-01 0
0.7600000E-01 0
0.7800000E-01 0
0.8000000E-01 0
0.8200000E-01 0
0.8400000E-01 0
0.8600000E-01 5.13237e-05
0.8800000E-01 4.62426e-05
0.9000000E-01 1.79691e-05
0.9200000E-01 4.2845e-06
0.9400000E-01 2.04987e-06
0.9600000E-01 4.65681e-07
0.9800000E-01 -1.00938e-06
0.1000000E+00 -1.79508e-06
0.1020000E+00 -1.5869e-06
0.1040000E+00 -7.68469e-07
0.1060000E+00 6.6973e-08
0.1080000E+00 2.9732e-07
0.1100000E+00 -1.43706e-06
0.1120000E+00 -8.68667e-07
0.1140000E+00 -2.92462e-07
0.1160000E+00 3.13366e-07
0.1180000E+00 1.57253e-06
0.1200000E+00 6.0697e-06
0.1220000E+00 1.41807e-06
0.1240000E+00 -3.48833e-06
0.1260000E+00 -3.36135e-06
0.1280000E+00 -2.31497e-06
0.1300000E+00 -2.24161e-06
0.1320000E+00 -2.33218e-06
0.1340000E+00 -1.67542e-06
0.1360000E+00 2.1633e-08
0.1380000E+00 2.96722e-07
0.1400000E+00 3.08134e-07
0.1420000E+00 3.04258e-07
0.1440000E+00 1.26739e-07
0.1460000E+00 2.44007e-08
0.1480000E+00 5.77509e-08
0.1500000E+00 8.22614e-08
0.1520000E+00 1.11878e-08
0.1540000E+00 -8.73283e-08
0.1560000E+00 -2.03803e-07
0.1580000E+00 -3.30223e-07
0.1600000E+00 -4.59553e-07
0.1620000E+00 -6.02442e-07
0.1640000E+00 -9.45207e-07
0.1660000E+00 -8.3001e-07
0.1680000E+00 7.35232e-07
0.1700000E+00 9.7788e-07
0.1720000E+00 1.20354e-06
0.1740000E+00 1.41257e-06
0.1760000E+00 -1.38427e-06
0.1780000E+00 -8.74056e-07
0.1800000E+00 -7.85586e-07
0.1820000E+00 -7.76052e-07
0.1840000E+00 -7.61978e-07
0.1860000E+00 -7.48125e-07
0.1880000E+00 -7.12597e-07
0.1900000E+00 -7.04605e-07
0.1920000E+00 -5.02678e-07
0.1940000E+00 5.74757e-07
0.1960000E+00 4.83248e-07
0.1980000E+00 3.86263e-07
0.2000000E+00 2.83285e-07
0.2020000E+00 1.74064e-07
0.2040000E+00 5.83238e-08
0.2060000E+00 -6.42413e-08
0.2080000E+00 -1.93267e-07
0.2100000E+00 -4.10181e-07
0.2120000E+00 -5.20392e-07
0.2140000E+00 -4.34142e-07
0.2160000E+00 -3.52802e-07
0.2180000E+00 -3.22793e-07
0.2200000E+00 -3.14893e-07
0.2220000E+00 -1.70683e-07
0.2240000E+00 6.01998e-07
0.2260000E+00 7.21114e-07
0.2280000E+00 8.29073e-07
0.2300000E+00 4.46619e-07
0.2320000E+00 -6.96278e-07
0.2340000E+00 -6.03281e-07
0.2360000E+00 -5.58734e-07
0.2380000E+00 -4.86682e-07
0.2400000E+00 -4.19029e-07
0.2420000E+00 -4.31375e-07
0.2440000E+00 -4.44469e-07
0.2460000E+00 -4.66891e-07
0.2480000E+00 -4.93331e-07
0.2500000E+00 -2.16307e-07
0.2520000E+00 4.48718e-07
0.2540000E+00 3.62331e-07
0.2560000E+00 2.63725e-07
0.2580000E+00 1.53578e-07
0.2600000E+00 3.85007e-08
0.2620000E+00 -1.18284e-07
0.2640000E+00 -2.19187e-07
0.2660000E+00 -1.63871e-07
0.2680000E+00 -1.49249e-07
0.2700000E+00 -1.07993e-07
0.2720000E+00 -8.88496e-08
0.2740000E+00 -7.67685e-08
0.2760000E+00 -6.86203e-08
0.2780000E+00 -5.96993e-08
0.2800000E+00 6.16024e-07
0.2820000E+00 3.80317e-07
0.2840000E+00 -3.21413e-07
0.2860000E+00 -1.60936e-07
0.2880000E+00 -2.0914e-07
0.2900000E+00 -2.89716e-07
0.2920000E+00 -2.98572e-07
0.2940000E+00 -3.06806e-07
0.2960000E+00 -3.15322e-07
0.2980000E+00 -3.24638e-07
0.3000000E+00 -3.34778e-07
0.3020000E+00 -3.31566e-07
0.3040000E+00 -3.4177e-07
0.3060000E+00 3.51823e-07
0.3080000E+00 2.86901e-07
0.3100000E+00 2.19832e-07
0.3120000E+00 1.50371e-07
0.3140000E+00 7.98907e-08
0.3160000E+00 9.81646e-08
0.3180000E+00 8.23233e-08
0.3200000E+00 4.29558e-08
0.3220000E+00 3.35657e-08
0.3240000E+00 4.26277e-08
0.3260000E+00 5.2066e-08
0.3280000E+00 6.17085e-08
0.3300000E+00 -1.43169e-07
0.3320000E+00 -1.25104e-06
0.3340000E+00 -7.69474e-08
0.3360000E+00 7.12306e-07
0.3380000E+00 3.65334e-08
0.3400000E+00 -2.00289e-07
0.3420000E+00 -1.99234e-07
0.3440000E+00 -1.98819e-07
0.3460000E+00 -1.86661e-07
0.3480000E+00 -1.73795e-07
0.3500000E+00 -1.86988e-07
0.3520000E+00 -1.96491e-07
0.3540000E+00 -2.06385e-07
0.3560000E+00 1.69134e-07
0.3580000E+00 2.7241e-07
0.3600000E+00 3.10795e-07
0.3620000E+00 2.45502e-07
0.3640000E+00 2.04439e-07
0.3660000E+00 1.60831e-07
0.3680000E+00 1.91531e-07
0.3700000E+00 1.84117e-07
0.3720000E+00 1.69199e-07
0.3740000E+00 -3.03882e-09
0.3760000E+00 -1.27342e-06
0.3780000E+00 -5.22084e-07
0.3800000E+00 -5.13878e-07
0.3820000E+00 -5.03163e-07
0.3840000E+00 2.18183e-06
0.3860000E+00 -1.31994e-07
0.3880000E+00 -8.40086e-08
0.3900000E+00 -8.36091e-08
0.3920000E+00 -8.30369e-08
0.3940000E+00 -8.30581e-08
0.3960000E+00 -8.43614e-08
0.3980000E+00 -8.47287e-08
0.4000000E+00 -8.47208e-08
0.4020000E+00 -6.1198e-08
0.4040000E+00 3.72766e-07
0.4060000E+00 3.83033e-07
0.4080000E+00 3.87162e-07
0.4100000E+00 3.91011e-07
0.4120000E+00 3.88952e-07
0.4140000E+00 -4.08543e-07
0.4160000E+00 -4.08815e-07
0.4180000E+00 -4.28472e-07
0.4200000E+00 -3.94876e-07
0.4220000E+00 -4.05318e-07
0.4240000E+00 -3.18791e-07
0.4260000E+00 2.2612e-07
0.4280000E+00 3.77864e-07
0.4300000E+00 2.67792e-07
0.4320000E+00 1.41728e-07
0.4340000E+00 -6.95057e-09
0.4360000E+00 1.89659e-09
0.4380000E+00 1.09359e-08
0.4400000E+00 3.14826e-08
0.4420000E+00 4.04838e-08
0.4440000E+00 4.55432e-08
0.4460000E+00 7.17189e-08
0.4480000E+00 6.83739e-07
0.4500000E+00 -3.05098e-07
0.4520000E+00 -2.41518e-07
0.4540000E+00 -3.15825e-07
0.4560000E+00 -2.30006e-07
0.4580000E+00 -1.87861e-07
0.4600000E+00 -1.88484e-07
0.4620000E+00 -1.87019e-07
0.4640000E+00 -1.55172e-07
0.4660000E+00 2.13606e-07
0.4680000E+00 1.83548e-07
0.4700000E+00 2.06674e-07
0.4720000E+00 2.06875e-07
0.4740000E+00 1.94892e-07
0.4760000E+00 1.85007e-07
0.4780000E+00 1.63012e-07
0.4800000E+00 -1.19495e-07
0.4820000E+00 -7.91305e-07
0.4840000E+00 -7.14413e-07
0.4860000E+00 1.30935e-06
0.4880000E+00 -1.09322e-07
0.4900000E+00 -8.6181e-08
0.4920000E+00 -7.5537e-08
0.4940000E+00 -7.13522e-08
0.4960000E+00 -7.0462e-08
0.4980000E+00 -3.21237e-08
0.5000000E+00 1.77635e-07
0.5020000E+00 3.51453e-07
0.5040000E+00 3.76944e-07
0.5060000E+00 4.01302e-07
0.5080000E+00 5.20543e-09
0.5100000E+00 -7.79656e-07
0.5120000E+00 -3.57341e-07
0.5140000E+00 -3.47784e-07
0.5160000E+00 1.37356e-07
0.5180000E+00 1.67911e-07
0.5200000E+00 1.30893e-07
0.5220000E+00 1.23415e-07
0.5240000E+00 6.11196e-08
0.5260000E+00 5.33116e-08
0.5280000E+00 7.33736e-08
0.5300000E+00 9.18408e-08
0.5320000E+00 4.78695e-07
0.5340000E+00 -2.68344e-07
0.5360000E+00 -2.46122e-07
0.5380000E+00 -2.35121e-07
0.5400000E+00 -2.15738e-07
0.5420000E+00 -1.14049e-07
0.5440000E+00 2.37871e-07
0.5460000E+00 2.38085e-07
0.5480000E+00 2.37548e-07
0.5500000E+00 2.38221e-07
0.5520000E+00 2.37526e-07
0.5540000E+00 -8.54847e-07
0.5560000E+00 -2.09099e-07
0.5580000E+00 5.285e-08
0.5600000E+00 7.36969e-08
0.5620000E+00 -5.98578e-08
0.5640000E+00 -3.20645e-08
0.5660000E+00 -1.35687e-09
0.5680000E+00 4.95415e-07
0.5700000E+00 8.68749e-07
0.5720000E+00 -6.57354e-07
0.5740000E+00 -4.88812e-07
0.5760000E+00 8.51386e-08
0.5780000E+00 1.43689e-07
0.5800000E+00 1.18862e-07
0.5820000E+00 9.87117e-08
0.5840000E+00 7.88302e-08
0.5860000E+00 -3.32399e-07
0.5880000E+00 7.17823e-08
0.5900000E+00 -1.77249e-07
0.5920000E+00 -1.12461e-07
0.5940000E+00 2.6154e-07
0.5960000E+00 4.53894e-07
0.5980000E+00 -1.42778e-06
0.6000000E+00 9.38722e-09
0.6020000E+00 -7.54522e-08
0.6040000E+00 -1.48555e-07
0.6060000E+00 -1.08887e-07
0.6080000E+00 -4.79395e-07
0.6100000E+00 -1.3505e-07
0.6120000E+00 9.066e-08
0.6140000E+00 6.02812e-08
0.6160000E+00 -6.34601e-07
0.6180000E+00 -6.45107e-07
0.6200000E+00 5.84809e-07
0.6220000E+00 -2.59615e-07
0.6240000E+00 -1.34249e-06
0.6260000E+00 -4.53258e-07
0.6280000E+00 -1.88391e-06
0.6300000E+00 2.54843e-07
0.6320000E+00 3.26465e-06
0.6340000E+00 -1.1503e-06
0.6360000E+00 1.20653e-06
0.6380000E+00 -3.01431e-07
0.6400000E+00 -7.63453e-09
0.6420000E+00 -5.56987e-07
0.6440000E+00 2.181e-07
0.6460000E+00 -1.92455e-07
0.6480000E+00 -6.0496e-08
0.6500000E+00 -1.82465e-07
0.6520000E+00 -2.19538e-07
0.6540000E+00 4.76298e-07
0.6560000E+00 -9.75836e-08
0.6580000E+00 3.58986e-07
0.6600000E+00 1.30978e-07
0.6620000E+00 -6.20143e-08
0.6640000E+00 -7.9826e-08
0.6660000E+00 8.08572e-08
0.6680000E+00 3.74877e-07
0.6700000E+00 -8.48893e-08
0.6720000E+00 2.60961e-07
0.6740000E+00 1.23099e-07
0.6760000E+00 1.21976e-07
0.6780000E+00 5.53195e-08
0.6800000E+00 -5.6727e-09
0.6820000E+00 -1.59187e-08
0.6840000E+00 2.00124e-07
0.6860000E+00 1.43019e-07
0.6880000E+00 1.40906e-07
0.6900000E+00 8.57497e-08
0.6920000E+00 4.75449e-08
0.6940000E+00 6.93466e-08
0.6960000E+00 7.77223e-08
0.6980000E+00 9.52126e-08
0.7000000E+00 8.51137e-08
0.7020000E+00 6.20161e-08
0.7040000E+00 6.79301e-08
0.7060000E+00 1.82209e-07
0.7080000E+00 1.38266e-07
0.7100000E+00 1.13198e-07
0.7120000E+00 7.31565e-08
0.7140000E+00 8.32835e-08
0.7160000E+00 8.98165e-08
0.7180000E+00 4.69258e-08
0.7200000E+00 5.90455e-08
0.7220000E+00 5.80547e-08
0.7240000E+00 5.86365e-08
0.7260000E+00 6.38499e-08
0.7280000E+00 6.46436e-08
0.7300000E+00 1.47344e-07
0.7320000E+00 1.18934e-07
0.7340000E+00 1.13361e-07
0.7360000E+00 1.09861e-07
0.7380000E+00 -1.7421e-08
0.7400000E+00 7.18137e-08
0.7420000E+00 7.06563e-08
0.7440000E+00 7.48231e-08
0.7460000E+00 7.64547e-08
0.7480000E+00 7.46908e-08
0.7500000E+00 7.01314e-08
0.7520000E+00 7.21443e-08
0.7540000E+00 6.87566e-08
0.7560000E+00 7.21951e-08
0.7580000E+00 1.07968e-07
0.7600000E+00 1.20615e-07
0.7620000E+00 1.04411e-07
0.7640000E+00 9.93112e-08
0.7660000E+00 1.01211e-07
0.7680000E+00 1.05561e-08
0.7700000E+00 5.33013e-08
0.7720000E+00 5.78903e-08
0.7740000E+00 5.75426e-08
0.7760000E+00 6.62186e-08
0.7780000E+00 7.83224e-08
0.7800000E+00 7.28817e-08
0.7820000E+00 7.00909e-08
0.7840000E+00 6.9867e-08
0.7860000E+00 7.09e-08
0.7880000E+00 7.1231e-08
0.7900000E+00 1.00974e-07
0.7920000E+00 1.13862e-07
0.7940000E+00 9.96274e-08
0.7960000E+00 9.25287e-08
0.7980000E+00 9.06933e-08
0.8000000E+00 8.88693e-08
0.8020000E+00 1.82611e-08
0.8040000E+00 2.04877e-08
0.8060000E+00 5.26274e-08
0.8080000E+00 5.26975e-08
0.8100000E+00 5.12898e-08
0.8120000E+00 5.41293e-08
0.8140000E+00 7.63597e-08
0.8160000E+00 8.04709e-08
0.8180000E+00 7.63348e-08
0.8200000E+00 7.20369e-08
0.8220000E+00 7.23086e-08
0.8240000E+00 7.14739e-08
0.8260000E+00 1.07649e-07
0.8280000E+00 8.18944e-08
0.8300000E+00 8.01731e-08
0.8320000E+00 7.66544e-08
0.8340000E+00 7.63705e-08
0.8360000E+00 8.18853e-08
0.8380000E+00 9.16792e-08
0.8400000E+00 3.91306e-10
0.8420000E+00 3.75227e-08
0.8440000E+00 4.97767e-08
0.8460000E+00 4.80186e-08
0.8480000E+00 5.37176e-08
0.8500000E+00 5.33498e-08
0.8520000E+00 5.76146e-08
0.8540000E+00 6.71715e-08
0.8560000E+00 6.98217e-08
0.8580000E+00 6.90964e-08
0.8600000E+00 6.4872e-08
0.8620000E+00 7.43296e-08
0.8640000E+00 9.50402e-08
0.8660000E+00 7.81685e-08
0.8680000E+00 7.59859e-08
0.8700000E+00 7.51472e-08
0.8720000E+00 7.44925e-08
0.8740000E+00 7.23669e-08
0.8760000E+00 7.05736e-08
0.8780000E+00 7.01261e-08
0.8800000E+00 6.9365e-08
0.8820000E+00 2.65924e-08
0.8840000E+00 3.09832e-08
0.8860000E+00 3.9353e-08
0.8880000E+00 4.41632e-08
0.8900000E+00 6.27099e-08
0.8920000E+00 7.62593e-08
0.8940000E+00 7.76732e-08
0.8960000E+00 5.89531e-08
0.8980000E+00 6.11701e-08
0.9000000E+00 6.20982e-08
0.9020000E+00 6.56531e-08
0.9040000E+00 7.11702e-08
0.9060000E+00 6.53257e-08
0.9080000E+00 6.21648e-08
0.9100000E+00 6.08637e-08
0.9120000E+00 5.98231e-08
0.9140000E+00 5.87432e-08
0.9160000E+00 5.79743e-08
0.9180000E+00 1.06598e-07
0.9200000E+00 6.85516e-08
0.9220000E+00 6.84361e-08
0.9240000E+00 6.77674e-08
0.9260000E+00 3.74103e-08
0.9280000E+00 4.34719e-08
0.9300000E+00 6.34773e-08
0.9320000E+00 6.27609e-08
0.9340000E+00 5.75216e-08
0.9360000E+00 5.35893e-08
0.9380000E+00 5.05871e-08
0.9400000E+00 5.12456e-08
0.9420000E+00 5.04136e-08
0.9440000E+00 4.94486e-08
0.9460000E+00 5.534e-08
0.9480000E+00 7.31655e-08
0.9500000E+00 7.11931e-08
0.9520000E+00 6.85549e-08
0.9540000E+00 5.75912e-08
0.9560000E+00 5.70848e-08
0.9580000E+00 5.74932e-08
0.9600000E+00 5.54828e-08
0.9620000E+00 5.43393e-08
0.9640000E+00 5.63625e-08
0.9660000E+00 7.21565e-08
0.9680000E+00 7.84578e-08
0.9700000E+00 6.86622e-08
0.9720000E+00 1.56355e-08
0.9740000E+00 3.90581e-08
0.9760000E+00 4.48557e-08
0.9780000E+00 4.77744e-08
0.9800000E+00 8.30687e-08
0.9820000E+00 5.72211e-08
0.9840000E+00 5.69174e-08
0.9860000E+00 5.63695e-08
0.9880000E+00 5.45508e-08
0.9900000E+00 5.67038e-08
0.9920000E+00 5.22391e-08
0.9940000E+00 4.99401e-08
0.9960000E+00 4.87906e-08
0.9980000E+00 4.83229e-08
0.1000000E+01 4.70994e-08
0.1002000E+01 6.37196e-08
0.1004000E+01 7.60755e-08
0.1006000E+01 6.47603e-08
0.1008000E+01 5.96502e-08
0.1010000E+01 7.01908e-08
0.1012000E+01 8.53486e-08
0.1014000E+01 7.54827e-08
0.1016000E+01 7.14986e-08
0.1018000E+01 6.24179e-08
0.1020000E+01 2.97683e-08
0.1022000E+01 4.15151e-08
0.1024000E+01 4.58183e-08
0.1026000E+01 4.86116e-08
0.1028000E+01 4.60201e-08
0.1030000E+01 4.4477e-08
0.1032000E+01 4.52609e-08
0.1034000E+01 4.4956e-08
0.1036000E+01 4.89266e-08
0.1038000E+01 6.3959e-08
0.1040000E+01 7.48883e-08
0.1042000E+01 6.97686e-08
0.1044000E+01 8.04346e-08
0.1046000E+01 8.25194e-08
0.1048000E+01 6.76002e-08
0.1050000E+01 6.61866e-08
0.1052000E+01 6.31169e-08
0.1054000E+01 6.14084e-08
0.1056000E+01 6.06919e-08
0.1058000E+01 5.8757e-08
0.1060000E+01 5.49516e-08
0.1062000E+01 5.26771e-08
0.1064000E+01 5.1e-08
0.1066000E+01 4.95255e-08
0.1068000E+01 4.82055e-08
0.1070000E+01 3.17966e-08
0.1072000E+01 4.88885e-08
0.1074000E+01 7.62259e-08
0.1076000E+01 8.35619e-08
0.1078000E+01 7.64605e-08
0.1080000E+01 9.07765e-08
0.1082000E+01 7.48683e-08
0.1084000E+01 7.58385e-08
0.1086000E+01 6.93801e-08
0.1088000E+01 6.18555e-08
0.1090000E+01 5.74343e-08
0.1092000E+01 5.33845e-08
0.1094000E+01 5.45348e-08
0.1096000E+01 5.40894e-08
0.1098000E+01 5.31104e-08
0.1100000E+01 5.23047e-08
0.1102000E+01 5.13896e-08
0.1104000E+01 4.94536e-08
0.1106000E+01 5.65459e-08
0.1108000E+01 7.24959e-08
0.1110000E+01 8.2328e-08
0.1112000E+01 7.64579e-08
0.1114000E+01 9.09858e-08
0.1116000E+01 8.75968e-08
0.1118000E+01 7.26324e-08
0.1120000E+01 6.72474e-08
0.1122000E+01 5.58386e-08
0.1124000E+01 5.91297e-08
0.1126000E+01 6.42345e-08
0.1128000E+01 6.59954e-08
0.1130000E+01 6.04483e-08
0.1132000E+01 5.69871e-08
0.1134000E+01 5.58279e-08
0.1136000E+01 5.42818e-08
0.1138000E+01 5.30199e-08
0.1140000E+01 5.16038e-08
0.1142000E+01 9.31961e-08
0.1144000E+01 1.05326e-07
0.1146000E+01 7.75402e-08
0.1148000E+01 7.4787e-08
0.1150000E+01 1.0034e-07
0.1152000E+01 8.32902e-08
0.1154000E+01 8.10895e-08
0.1156000E+01 7.52041e-08
0.1158000E+01 7.14423e-08
0.1160000E+01 6.64086e-08
0.1162000E+01 6.39699e-08
0.1164000E+01 6.25496e-08
0.1166000E+01 6.13388e-08
0.1168000E+01 6.01522e-08
0.1170000E+01 5.8899e-08
0.1172000E+01 5.76324e-08
0.1174000E+01 6.92311e-08
0.1176000E+01 9.29225e-08
0.1178000E+01 1.05145e-07
0.1180000E+01 9.67463e-08
0.1182000E+01 8.33281e-08
0.1184000E+01 7.401e-08
0.1186000E+01 7.60394e-08
0.1188000E+01 1.00613e-07
0.1190000E+01 9.902e-08
0.1192000E+01 8.13935e-08
0.1194000E+01 7.82333e-08
0.1196000E+01 7.63574e-08
0.1198000E+01 7.42439e-08
0.1200000E+01 7.07624e-08
0.1202000E+01 6.7766e-08
0.1204000E+01 5.5655e-08
0.1206000E+01 5.49606e-08
0.1208000E+01 1.05952e-07
0.1210000E+01 1.22172e-07
0.1212000E+01 8.93432e-08
0.1214000E+01 8.81982e-08
0.1216000E+01 8.68635e-08
0.1218000E+01 8.342e-08
0.1220000E+01 7.94513e-08
0.1222000E+01 7.37845e-08
0.1224000E+01 6.85094e-08
0.1226000E+01 9.97311e-08
0.1228000E+01 7.91404e-08
0.1230000E+01 7.77896e-08
0.1232000E+01 7.65214e-08
0.1234000E+01 7.5552e-08
0.1236000E+01 7.51876e-08
0.1238000E+01 7.88187e-08
0.1240000E+01 1.04139e-07
0.1242000E+01 1.32542e-07
0.1244000E+01 1.23168e-07
0.1246000E+01 1.04881e-07
0.1248000E+01 9.1508e-08
0.1250000E+01 8.88772e-08
0.1252000E+01 8.67188e-08
0.1254000E+01 7.44607e-08
0.1256000E+01 6.52657e-08
0.1258000E+01 7.10915e-08
0.1260000E+01 7.23555e-08
0.1262000E+01 7.00999e-08
0.1264000E+01 8.53237e-08
0.1266000E+01 8.95512e-08
0.1268000E+01 8.08364e-08
0.1270000E+01 7.43803e-08
0.1272000E+01 1.42294e-07
0.1274000E+01 1.61051e-07
0.1276000E+01 1.14867e-07
0.1278000E+01 1.13021e-07
0.1280000E+01 1.12003e-07
0.1282000E+01 1.06826e-07
0.1284000E+01 9.83535e-08
0.1286000E+01 8.97746e-08
0.1288000E+01 8.85657e-08
0.1290000E+01 9.08648e-08
0.1292000E+01 8.74335e-08
0.1294000E+01 8.54123e-08
0.1296000E+01 8.36421e-08
0.1298000E+01 8.24266e-08
0.1300000E+01 6.53897e-08
0.1302000E+01 8.64352e-08
0.1304000E+01 1.61711e-07
0.1306000E+01 1.71708e-07
0.1308000E+01 1.37585e-07
0.1310000E+01 1.03845e-07
0.1312000E+01 1.00326e-07
0.1314000E+01 9.91547e-08
0.1316000E+01 9.70751e-08
0.1318000E+01 9.5611e-08
0.1320000E+01 9.4055e-08
0.1322000E+01 8.91399e-08
0.1324000E+01 8.37241e-08
0.1326000E+01 7.97162e-08
0.1328000E+01 7.7734e-08
0.1330000E+01 7.62077e-08
0.1332000E+01 1.02976e-07
0.1334000E+01 1.37115e-07
0.1336000E+01 1.68317e-07
0.1338000E+01 1.22564e-07
0.1340000E+01 1.21839e-07
0.1342000E+01 9.0118e-08
0.1344000E+01 1.0819e-07
0.1346000E+01 9.76013e-08
0.1348000E+01 9.71503e-08
0.1350000E+01 9.49057e-08
0.1352000E+01 8.95996e-08
0.1354000E+01 8.83681e-08
0.1356000E+01 8.71735e-08
0.1358000E+01 8.68046e-08
0.1360000E+01 8.55395e-08
0.1362000E+01 1.24699e-07
0.1364000E+01 1.83744e-07
0.1366000E+01 1.86097e-07
0.1368000E+01 1.44898e-07
0.1370000E+01 1.28903e-07
0.1372000E+01 1.20496e-07
0.1374000E+01 1.19302e-07
0.1376000E+01 1.14803e-07
0.1378000E+01 7.50285e-08
0.1380000E+01 3.98509e-08
0.1382000E+01 6.05464e-08
0.1384000E+01 7.71633e-08
0.1386000E+01 8.51623e-08
0.1388000E+01 7.52978e-08
0.1390000E+01 8.24003e-08
0.1392000E+01 1.46737e-07
0.1394000E+01 1.86586e-07
0.1396000E+01 1.52556e-07
0.1398000E+01 1.33051e-07
0.1400000E+01 1.22437e-07
0.1402000E+01 1.15521e-07
0.1404000E+01 1.12846e-07
0.1406000E+01 1.06778e-07
0.1408000E+01 1.01673e-07
0.1410000E+01 1.00357e-07
0.1412000E+01 5.2057e-08
0.1414000E+01 3.68908e-08
0.1416000E+01 6.2905e-08
0.1418000E+01 5.92123e-08
0.1420000E+01 1.53029e-07
0.1422000E+01 1.88448e-07
0.1424000E+01 1.39743e-07
0.1426000E+01 1.58422e-07
0.1428000E+01 1.39273e-07
0.1430000E+01 1.26087e-07
0.1432000E+01 8.94537e-08
0.1434000E+01 7.3434e-08
0.1436000E+01 8.36775e-08
0.1438000E+01 8.46894e-08
0.1440000E+01 7.48852e-08
0.1442000E+01 7.9894e-09
0.1444000E+01 2.47656e-08
0.1446000E+01 5.22565e-08
0.1448000E+01 1.10585e-07
0.1450000E+01 1.78303e-07
0.1452000E+01 1.46465e-07
0.1454000E+01 1.05855e-07
0.1456000E+01 9.67803e-08
0.1458000E+01 9.59688e-08
0.1460000E+01 9.7505e-08
0.1462000E+01 9.90171e-08
0.1464000E+01 9.77102e-08
0.1466000E+01 1.08033e-07
0.1468000E+01 1.80243e-08
0.1470000E+01 2.96088e-08
0.1472000E+01 4.02663e-08
0.1474000E+01 8.64028e-08
0.1476000E+01 1.53238e-07
0.1478000E+01 1.4313e-07
0.1480000E+01 8.16823e-08
0.1482000E+01 8.3418e-08
0.1484000E+01 8.47369e-08
0.1486000E+01 8.13343e-08
0.1488000E+01 7.62878e-08
0.1490000E+01 2.25677e-08
0.1492000E+01 -2.76923e-08
0.1494000E+01 7.81349e-10
0.1496000E+01 2.21554e-08
0.1498000E+01 3.21774e-08
0.1500000E+01 2.51261e-08
0.1502000E+01 1.31695e-07
0.1504000E+01 1.77846e-07
0.1506000E+01 1.23798e-07
0.1508000E+01 1.43314e-07
0.1510000E+01 1.24103e-07
0.1512000E+01 2.03035e-08
0.1514000E+01 -2.2587e-08
0.1516000E+01 3.50906e-08
0.1518000E+01 4.5123e-08
0.1520000E+01 2.33053e-08
0.1522000E+01 1.7139e-09
0.1524000E+01 1.61316e-08
0.1526000E+01 2.77572e-08
0.1528000E+01 1.03345e-07
0.1530000E+01 1.46498e-07
0.1532000E+01 1.04607e-08
0.1534000E+01 2.34465e-09
0.1536000E+01 2.68491e-08
0.1538000E+01 3.03358e-08
0.1540000E+01 4.29307e-08
0.1542000E+01 5.00483e-08
0.1544000E+01 4.92792e-08
0.1546000E+01 4.61778e-08
0.1548000E+01 5.86873e-08
0.1550000E+01 -4.62742e-08
0.1552000E+01 4.28752e-10
0.1554000E+01 9.32967e-08
0.1556000E+01 1.45415e-07
0.1558000E+01 8.08566e-08
0.1560000E+01 3.47304e-08
0.1562000E+01 4.30699e-08
0.1564000E+01 6.19374e-08
0.1566000E+01 -5.55063e-09
0.1568000E+01 -3.98758e-08
0.1570000E+01 1.21386e-08
0.1572000E+01 1.98339e-08
0.1574000E+01 2.56098e-08
0.1576000E+01 3.52133e-08
0.1578000E+01 1.17991e-07
0.1580000E+01 1.61298e-07
0.1582000E+01 8.74497e-08
0.1584000E+01 4.06304e-08
0.1586000E+01 7.45389e-08
0.1588000E+01 9.61928e-08
0.1590000E+01 9.13279e-08
0.1592000E+01 8.33902e-08
0.1594000E+01 4.90199e-08
0.1596000E+01 3.10002e-08
0.1598000E+01 9.99871e-09
0.1600000E+01 3.26283e-09
0.1602000E+01 8.18616e-08
0.1604000E+01 8.86014e-08
0.1606000E+01 6.68498e-08
0.1608000E+01 1.33062e-07
0.1610000E+01 1.40773e-07
0.1612000E+01 1.5049e-07
0.1614000E+01 1.11263e-07
0.1616000E+01 1.12136e-07
0.1618000E+01 1.21077e-07
0.1620000E+01 1.23199e-07
0.1622000E+01 1.27807e-07
0.1624000E+01 1.23053e-07
0.1626000E+01 -2.58993e-08
0.1628000E+01 2.00919e-07
0.1630000E+01 1.97382e-07
0.1632000E+01 1.56049e-07
0.1634000E+01 1.60027e-07
0.1636000E+01 1.64872e-07
0.1638000E+01 1.45484e-07
0.1640000E+01 1.45193e-07
0.1642000E+01 1.02755e-07
0.1644000E+01 9.29079e-08
0.1646000E+01 1.44214e-07
0.1648000E+01 1.44448e-07
0.1650000E+01 2.20521e-07
0.1652000E+01 2.89981e-07
0.1654000E+01 2.6725e-07
0.1656000E+01 2.0981e-07
0.1658000E+01 1.67816e-07
0.1660000E+01 1.74376e-07
0.1662000E+01 1.5091e-07
0.1664000E+01 1.36557e-07
0.1666000E+01 1.27953e-07
0.1668000E+01 1.87345e-07
0.1670000E+01 1.86596e-07
0.1672000E+01 2.29995e-07
0.1674000E+01 3.07848e-07
0.1676000E+01 3.10665e-07
0.1678000E+01 2.63033e-07
0.1680000E+01 2.76166e-07
0.1682000E+01 2.81089e-07
0.1684000E+01 2.44231e-07
0.1686000E+01 2.05589e-07
0.1688000E+01 2.00575e-07
0.1690000E+01 1.77686e-07
0.1692000E+01 1.32337e-07
0.1694000E+01 2.11822e-07
0.1696000E+01 3.18645e-07
0.1698000E+01 3.30644e-07
0.1700000E+01 2.8657e-07
0.1702000E+01 2.80871e-07
0.1704000E+01 2.79174e-07
0.1706000E+01 2.86908e-07
0.1708000E+01 2.82849e-07
0.1710000E+01 2.73203e-07
0.1712000E+01 2.35061e-07
0.1714000E+01 2.08435e-07
0.1716000E+01 2.60111e-07
0.1718000E+01 3.33377e-07
0.1720000E+01 3.12029e-07
0.1722000E+01 2.69119e-07
0.1724000E+01 2.66802e-07
0.1726000E+01 2.99432e-07
0.1728000E+01 2.85431e-07
0.1730000E+01 2.82444e-07
0.1732000E+01 2.914e-07
0.1734000E+01 2.94143e-07
0.1736000E+01 2.43652e-07
0.1738000E+01 3.16269e-07
0.1740000E+01 3.55398e-07
0.1742000E+01 3.11538e-07
0.1744000E+01 3.1813e-07
0.1746000E+01 3.67508e-07
0.1748000E+01 2.99794e-07
0.1750000E+01 2.86903e-07
0.1752000E+01 2.82991e-07
0.1754000E+01 2.79041e-07
0.1756000E+01 2.76955e-07
0.1758000E+01 2.82844e-07
0.1760000E+01 3.69189e-07
0.1762000E+01 3.26548e-07
0.1764000E+01 3.25661e-07
0.1766000E+01 3.16916e-07
0.1768000E+01 3.09695e-07
0.1770000E+01 3.07016e-07
0.1772000E+01 3.15152e-07
0.1774000E+01 3.10606e-07
0.1776000E+01 2.76625e-07
0.1778000E+01 3.77315e-07
0.1780000E+01 4.72662e-07
0.1782000E+01 4.23312e-07
0.1784000E+01 3.89749e-07
0.1786000E+01 3.4461e-07
0.1788000E+01 3.34927e-07
0.1790000E+01 3.25576e-07
0.1792000E+01 3.1942e-07
0.1794000E+01 3.08845e-07
0.1796000E+01 2.88327e-07
0.1798000E+01 4.09857e-07
0.1800000E+01 4.55217e-07
0.1802000E+01 4.03708e-07
0.1804000E+01 3.77393e-07
0.1806000E+01 3.59458e-07
0.1808000E+01 3.65502e-07
0.1810000E+01 3.70343e-07
0.1812000E+01 3.85982e-07
0.1814000E+01 3.53628e-07
0.1816000E+01 3.91137e-07
0.1818000E+01 4.61233e-07
0.1820000E+01 4.44046e-07
0.1822000E+01 4.17723e-07
0.1824000E+01 4.18816e-07
0.1826000E+01 4.30356e-07
0.1828000E+01 4.23305e-07
0.1830000E+01 3.98094e-07
0.1832000E+01 3.90154e-07
0.1834000E+01 4.06652e-07
0.1836000E+01 4.7517e-07
0.1838000E+01 4.85721e-07
0.1840000E+01 4.6429e-07
0.1842000E+01 4.64082e-07
0.1844000E+01 4.91727e-07
0.1846000E+01 4.65339e-07
0.1848000E+01 4.66715e-07
0.1850000E+01 4.64744e-07
0.1852000E+01 5.02667e-07
0.1854000E+01 5.5944e-07
0.1856000E+01 5.29273e-07
0.1858000E+01 5.05451e-07
0.1860000E+01 5.16181e-07
0.1862000E+01 5.62968e-07
0.1864000E+01 5.59965e-07
0.1866000E+01 5.40338e-07
0.1868000E+01 5.35991e-07
0.1870000E+01 6.27491e-07
0.1872000E+01 6.148e-07
0.1874000E+01 5.73682e-07
0.1876000E+01 5.73765e-07
0.1878000E+01 6.42939e-07
0.1880000E+01 6.55856e-07
0.1882000E+01 6.39796e-07
0.1884000E+01 6.46761e-07
0.1886000E+01 6.91638e-07
0.1888000E+01 7.0129e-07
0.1890000E+01 6.82698e-07
0.1892000E+01 6.61901e-07
0.1894000E+01 7.93946e-07
0.1896000E+01 7.87851e-07
0.1898000E+01 7.43229e-07
0.1900000E+01 7.51552e-07
0.1902000E+01 7.78966e-07
0.1904000E+01 7.83886e-07
0.1906000E+01 7.92309e-07
0.1908000E+01 9.45637e-07
0.1910000E+01 9.9401e-07
0.1912000E+01 8.94482e-07
0.1914000E+01 8.96435e-07
0.1916000E+01 8.61663e-07
0.1918000E+01 7.21923e-07
0.1920000E+01 8.56596e-07
0.1922000E+01 7.99301e-07
0.1924000E+01 -6.91568e-08
0.1926000E+01 6.01104e-07
0.1928000E+01 2.83124e-06
0.1930000E+01 3.1248e-06
0.1932000E+01 2.31381e-06
0.1934000E+01 2.58204e-06
0.1936000E+01 1.31362e-06
0.1938000E+01 2.66994e-06
0.1940000E+01 1.66306e-06
0.1942000E+01 2.97222e-06
0.1944000E+01 3.8082e-06
0.1946000E+01 5.83581e-06
0.1948000E+01 3.84896e-06
0.1950000E+01 5.44094e-06
0.1952000E+01 4.93614e-06
0.1954000E+01 2.13049e-05
0.1956000E+01 -7.46217e-07
0.1958000E+01 -2.4572e-05
0.1960000E+01 -8.91319e-06
0.1962000E+01 -9.07562e-06
0.1964000E+01 -2.93143e-06
0.1966000E+01 -8.27332e-07
0.1968000E+01 -2.66096e-06
0.1970000E+01 -3.42875e-06
0.1972000E+01 -4.73694e-06
0.1974000E+01 -3.77266e-06
0.1976000E+01 -9.62807e-07
0.1978000E+01 -9.21216e-07
0.1980000E+01 -3.71372e-06
0.1982000E+01 -3.94567e-06
0.1984000E+01 -1.53213e-06
0.1986000E+01 -7.90693e-07
0.1988000E+01 -1.24749e-06
0.1990000E+01 -1.03119e-06
0.1992000E+01 -1.61316e-06
0.1994000E+01 -3.23008e-07
0.1996000E+01 -4.2527e-07
0.1998000E+01 -1.48669e-08
0.2000000E+01 -4.29115e-07
0.2002000E+01 -4.51822e-07
0.2004000E+01 -4.7969e-07
0.2006000E+01 -5.14426e-07
0.2008000E+01 -5.51522e-07
0.2010000E+01 -6.16813e-07
0.2012000E+01 -7.01121e-07
0.2014000E+01 -8.71282e-07
0.2016000E+01 -1.27043e-06
0.2018000E+01 -7.6596e-07
0.2020000E+01 -2.93787e-07
0.2022000E+01 -3.0725e-07
0.2024000E+01 -3.18475e-07
0.2026000E+01 -3.04433e-07
0.2028000E+01 -3.22294e-07
0.2030000E+01 6.24551e-08
0.2032000E+01 1.02171e-06
0.2034000E+01 1.64532e-06
0.2036000E+01 4.54862e-07
0.2038000E+01 -1.18219e-06
0.2040000E+01 -1.33207e-06
0.2042000E+01 -1.2795e-06
0.2044000E+01 -6.98619e-07
0.2046000E+01 -5.10177e-07
0.2048000E+01 -1.26881e-07
0.2050000E+01 7.02255e-07
0.2052000E+01 3.01109e-07
0.2054000E+01 -1.22119e-06
0.2056000E+01 -1.23961e-06
0.2058000E+01 -3.03578e-07
0.2060000E+01 -3.92944e-09
0.2062000E+01 -4.22875e-08
0.2064000E+01 -3.06275e-08
0.2066000E+01 -4.72327e-07
0.2068000E+01 -6.36398e-08
0.2070000E+01 -2.18828e-07
0.2072000E+01 -7.35154e-07
0.2074000E+01 -5.2334e-07
0.2076000E+01 -1.52145e-07
0.2078000E+01 -4.01782e-09
0.2080000E+01 -7.46689e-08
0.2082000E+01 -1.45391e-07
0.2084000E+01 -6.66961e-07
0.2086000E+01 -5.73745e-07
0.2088000E+01 -4.58025e-07
0.2090000E+01 -4.80396e-07
0.2092000E+01 -2.006e-07
0.2094000E+01 3.50217e-07
0.2096000E+01 1.26712e-07
0.2098000E+01 -2.54421e-07
0.2100000E+01 -3.66844e-07
0.2102000E+01 -3.65506e-07
0.2104000E+01 -3.61831e-07
0.2106000E+01 -2.89036e-07
0.2108000E+01 -3.69941e-08
0.2110000E+01 5.44624e-08
0.2112000E+01 4.4827e-09
0.2114000E+01 2.59811e-08
0.2116000E+01 -3.58872e-08
0.2118000E+01 -3.58845e-07
0.2120000E+01 -4.10568e-07
0.2122000E+01 -3.99936e-07
0.2124000E+01 -4.68006e-07
0.2126000E+01 -5.62515e-07
0.2128000E+01 -2.7427e-07
0.2130000E+01 9.34384e-08
0.2132000E+01 -4.69206e-08
0.2134000E+01 -2.84544e-07
0.2136000E+01 -2.69829e-07
0.2138000E+01 -2.80099e-07
0.2140000E+01 -2.9862e-07
0.2142000E+01 -2.89736e-07
0.2144000E+01 -1.07644e-07
0.2146000E+01 1.21686e-07
0.2148000E+01 5.82909e-08
0.2150000E+01 -1.01795e-08
0.2152000E+01 -1.53807e-07
0.2154000E+01 -2.41539e-07
0.2156000E+01 -3.35043e-07
0.2158000E+01 -4.74243e-07
0.2160000E+01 -2.97892e-07
0.2162000E+01 -9.40103e-08
0.2164000E+01 -1.09371e-07
0.2166000E+01 -1.18967e-07
0.2168000E+01 -1.10961e-07
0.2170000E+01 -1.81353e-07
0.2172000E+01 -2.93155e-07
0.2174000E+01 -3.51101e-07
0.2176000E+01 -3.70869e-07
0.2178000E+01 -4.17336e-07
0.2180000E+01 1.43348e-07
0.2182000E+01 3.51943e-08
0.2184000E+01 -2.1475e-07
0.2186000E+01 -2.32463e-07
0.2188000E+01 -2.29445e-07
0.2190000E+01 -2.3217e-07
0.2192000E+01 -1.4995e-07
0.2194000E+01 1.04598e-07
0.2196000E+01 1.51528e-07
0.2198000E+01 -1.12019e-07
0.2200000E+01 -2.23651e-07
0.2202000E+01 -3.27592e-07
0.2204000E+01 -3.25035e-07
0.2206000E+01 -2.86099e-07
0.2208000E+01 -6.45647e-08
0.2210000E+01 -9.40601e-09
0.2212000E+01 -6.31454e-08
0.2214000E+01 -2.27963e-08
0.2216000E+01 -1.29337e-07
0.2218000E+01 -2.72857e-07
0.2220000E+01 -3.03652e-07
0.2222000E+01 1.46605e-08
0.2224000E+01 2.9238e-07
0.2226000E+01 -2.55986e-07
0.2228000E+01 -2.52854e-07
0.2230000E+01 -2.56572e-07
0.2232000E+01 -1.67995e-08
0.2234000E+01 3.14909e-07
0.2236000E+01 2.68721e-07
0.2238000E+01 6.83959e-08
0.2240000E+01 -3.05211e-07
0.2242000E+01 -1.31706e-07
0.2244000E+01 2.39188e-07
0.2246000E+01 2.57262e-08
0.2248000E+01 -1.09944e-07
0.2250000E+01 -1.03678e-07
0.2252000E+01 5.79128e-07
0.2254000E+01 -8.37877e-08
0.2256000E+01 9.52249e-07
0.2258000E+01 1.86325e-06
0.2260000E+01 1.42111e-07
0.2262000E+01 -1.60359e-06
0.2264000E+01 -1.14489e-06
0.2266000E+01 -1.01907e-06
0.2268000E+01 -8.50748e-07
0.2270000E+01 -7.55614e-07
0.2272000E+01 -6.49607e-07
0.2274000E+01 -6.0581e-07
0.2276000E+01 -5.71762e-07
0.2278000E+01 -5.35851e-07
0.2280000E+01 -4.56556e-07
0.2282000E+01 -3.80829e-07
0.2284000E+01 -3.56619e-07
0.2286000E+01 -3.63198e-07
0.2288000E+01 -3.32831e-07
0.2290000E+01 -3.14777e-07
0.2292000E+01 -3.12061e-07
0.2294000E+01 -3.40363e-07
0.2296000E+01 -3.37641e-07
0.2298000E+01 -3.21597e-07
0.2300000E+01 -3.05806e-07
0.2302000E+01 -2.98153e-07
0.2304000E+01 -2.8987e-07
0.2306000E+01 -2.78262e-07
0.2308000E+01 -2.75747e-07
0.2310000E+01 -2.68996e-07
0.2312000E+01 -2.41993e-07
0.2314000E+01 -2.65336e-07
0.2316000E+01 -2.81574e-07
0.2318000E+01 -2.80121e-07
0.2320000E+01 -2.72158e-07
0.2322000E+01 -2.64135e-07
0.2324000E+01 -2.5447e-07
0.2326000E+01 -2.47046e-07
0.2328000E+01 -2.42116e-07
0.2330000E+01 -2.32064e-07
0.2332000E+01 -2.30301e-07
0.2334000E+01 -2.26494e-07
0.2336000E+01 -2.17953e-07
0.2338000E+01 -2.19438e-07
0.2340000E+01 -2.15455e-07
0.2342000E+01 -2.13014e-07
0.2344000E+01 -2.02712e-07
0.2346000E+01 -2.09218e-07
0.2348000E+01 -2.22248e-07
0.2350000E+01 -2.22348e-07
0.2352000E+01 -2.15548e-07
0.2354000E+01 -2.09242e-07
0.2356000E+01 -2.06087e-07
0.2358000E+01 -2.03438e-07
0.2360000E+01 -2.05267e-07
0.2362000E+01 -2.15124e-07
0.2364000E+01 -2.3266e-07
0.2366000E+01 -2.13825e-07
0.2368000E+01 -2.03789e-07
0.2370000E+01 -2.08809e-07
0.2372000E+01 -2.00036e-07
0.2374000E+01 -1.97039e-07
0.2376000E+01 -1.69171e-07
0.2378000E+01 -1.7767e-07
0.2380000E+01 -1.69729e-07
0.2382000E+01 -1.96411e-07
0.2384000E+01 -1.77183e-07
0.2386000E+01 -1.73772e-07
0.2388000E+01 -1.90429e-07
0.2390000E+01 -1.91306e-07
0.2392000E+01 -1.92574e-07
0.2394000E+01 -1.89285e-07
0.2396000E+01 -1.93654e-07
0.2398000E+01 -1.93646e-07
0.2400000E+01 -1.93195e-07
0.2402000E+01 -1.92205e-07
0.2404000E+01 -1.91104e-07
0.2406000E+01 -1.74029e-07
0.2408000E+01 -1.79578e-07
0.2410000E+01 -1.72962e-07
0.2412000E+01 -1.59903e-07
0.2414000E+01 -1.69254e-07
0.2416000E+01 -1.64708e-07
0.2418000E+01 -1.55865e-07
0.2420000E+01 -1.12042e-07
0.2422000E+01 -1.59941e-07
0.2424000E+01 -1.7137e-07
0.2426000E+01 -1.69375e-07
0.2428000E+01 -1.72795e-07
0.2430000E+01 -1.66711e-07
0.2432000E+01 -1.66244e-07
0.2434000E+01 -1.68556e-07
0.2436000E+01 -1.62554e-07
0.2438000E+01 -1.70069e-07
0.2440000E+01 -1.66427e-07
0.2442000E+01 -1.65351e-07
0.2444000E+01 -1.63395e-07
0.2446000E+01 -1.58007e-07
0.2448000E+01 -1.55539e-07
0.2450000E+01 -1.54836e-07
0.2452000E+01 -1.5116e-07
0.2454000E+01 -1.47336e-07
0.2456000E+01 -1.45428e-07
0.2458000E+01 -1.39844e-07
0.2460000E+01 -1.30761e-07
0.2462000E+01 -4.40321e-07
0.2464000E+01 -4.05154e-07
0.2466000E+01 -1.99439e-07
0.2468000E+01 -2.2522e-07
0.2470000E+01 -2.51255e-07
0.2472000E+01 -5.38484e-08
0.2474000E+01 -1.73703e-07
0.2476000E+01 -2.31763e-07
0.2478000E+01 -2.13752e-07
0.2480000E+01 -1.18247e-07
0.2482000E+01 -2.09362e-07
0.2484000E+01 -1.86669e-07
0.2486000E+01 -2.18191e-07
0.2488000E+01 -1.7635e-07
0.2490000E+01 -1.3663e-07
0.2492000E+01 -1.87846e-07
0.2494000E+01 -1.90393e-07
0.2496000E+01 -1.86983e-07
0.2498000E+01 -1.99011e-07
0.2500000E+01 -1.65854e-08
0.2502000E+01 -1.64079e-07
0.2504000E+01 -1.51312e-07
0.2506000E+01 -1.44309e-07
0.2508000E+01 -1.67511e-07
0.2510000E+01 -1.8822e-07
0.2512000E+01 -1.76716e-07
0.2514000E+01 5.11152e-08
0.2516000E+01 -1.47658e-07
0.2518000E+01 -1.68115e-07
0.2520000E+01 -1.64381e-07
0.2522000E+01 -1.55516e-07
0.2524000E+01 -1.60659e-07
0.2526000E+01 -1.73798e-07
0.2528000E+01 -6.11624e-08
0.2530000E+01 -2.68199e-08
0.2532000E+01 -7.73692e-08
0.2534000E+01 -2.09839e-07
0.2536000E+01 -1.63381e-07
0.2538000E+01 -1.38375e-07
0.2540000E+01 -1.39502e-07
0.2542000E+01 -1.42372e-07
0.2544000E+01 -1.43618e-07
0.2546000E+01 4.55104e-08
0.2548000E+01 -3.15365e-08
0.2550000E+01 -7.59972e-08
0.2552000E+01 -7.3369e-08
0.2554000E+01 -1.7087e-07
0.2556000E+01 -1.35769e-07
0.2558000E+01 -1.34225e-07
0.2560000E+01 -1.27536e-07
0.2562000E+01 -1.23888e-07
0.2564000E+01 5.0406e-09
0.2566000E+01 -2.34185e-08
0.2568000E+01 -7.76847e-08
0.2570000E+01 -9.03209e-08
0.2572000E+01 -8.34594e-08
0.2574000E+01 -8.5312e-08
0.2576000E+01 -8.42463e-08
0.2578000E+01 -1.00909e-07
0.2580000E+01 -1.14271e-07
0.2582000E+01 -1.24512e-07
0.2584000E+01 1.65544e-08
0.2586000E+01 1.55436e-10
0.2588000E+01 -3.28855e-08
0.2590000E+01 -5.83617e-08
0.2592000E+01 -9.08009e-08
0.2594000E+01 -1.17192e-07
0.2596000E+01 -9.24038e-08
0.2598000E+01 -8.75643e-08
0.2600000E+01 -9.15663e-08
0.2602000E+01 -9.81916e-08
0.2604000E+01 -8.35504e-08
0.2606000E+01 2.76447e-09
0.2608000E+01 -5.45562e-08
0.2610000E+01 -5.55293e-08
0.2612000E+01 -6.38873e-08
0.2614000E+01 -7.14675e-08
0.2616000E+01 -5.40216e-08
0.2618000E+01 -8.21711e-08
0.2620000E+01 -1.2154e-07
0.2622000E+01 -8.35188e-08
0.2624000E+01 -1.1407e-07
0.2626000E+01 -8.4501e-08
0.2628000E+01 -7.47262e-09
0.2630000E+01 -6.11249e-09
0.2632000E+01 -7.95464e-08
0.2634000E+01 -1.35242e-07
0.2636000E+01 -8.80502e-08
0.2638000E+01 -6.77634e-08
0.2640000E+01 -8.25116e-08
0.2642000E+01 -8.00024e-08
0.2644000E+01 -7.81733e-08
0.2646000E+01 -6.76478e-08
0.2648000E+01 -1.22158e-07
0.2650000E+01 -1.20673e-07
0.2652000E+01 -4.73735e-08
0.2654000E+01 -3.43334e-08
0.2656000E+01 -3.28247e-08
0.2658000E+01 -6.30814e-08
0.2660000E+01 -6.76352e-08
0.2662000E+01 -6.64074e-08
0.2664000E+01 -1.30222e-07
0.2666000E+01 -1.29697e-07
0.2668000E+01 -1.07502e-07
0.2670000E+01 -8.31089e-08
0.2672000E+01 -8.28915e-08
0.2674000E+01 -8.54152e-08
0.2676000E+01 -8.25979e-08
0.2678000E+01 -8.03101e-09
0.2680000E+01 -5.80538e-08
0.2682000E+01 -1.21606e-07
0.2684000E+01 -1.04877e-07
0.2686000E+01 -9.68717e-08
0.2688000E+01 -8.57984e-08
0.2690000E+01 -9.4748e-08
0.2692000E+01 -9.09957e-08
0.2694000E+01 -7.26745e-08
0.2696000E+01 -7.6384e-08
0.2698000E+01 -8.10151e-08
0.2700000E+01 -1.36279e-07
0.2702000E+01 -1.76993e-07
0.2704000E+01 -7.61743e-08
0.2706000E+01 -6.96542e-08
0.2708000E+01 -7.07927e-08
0.2710000E+01 -7.22486e-08
0.2712000E+01 -7.60803e-08
0.2714000E+01 -7.92395e-08
0.2716000E+01 -8.3533e-08
0.2718000E+01 -7.81736e-08
0.2720000E+01 -1.21541e-07
0.2722000E+01 -1.15453e-07
0.2724000E+01 -1.59751e-07
0.2726000E+01 -1.21782e-07
0.2728000E+01 -1.23409e-07
0.2730000E+01 -8.28023e-08
0.2732000E+01 -5.72416e-08
0.2734000E+01 -5.71827e-08
0.2736000E+01 -9.2038e-08
0.2738000E+01 -1.07595e-07
0.2740000E+01 -9.36463e-08
0.2742000E+01 -8.62286e-08
0.2744000E+01 -8.34561e-08
0.2746000E+01 -1.17025e-07
0.2748000E+01 -1.72424e-07
0.2750000E+01 -1.30493e-07
0.2752000E+01 -1.2402e-07
0.2754000E+01 -1.83889e-07
0.2756000E+01 -1.38511e-07
0.2758000E+01 -9.19043e-08
0.2760000E+01 -6.96091e-08
0.2762000E+01 -9.33631e-08
0.2764000E+01 -9.45487e-08
0.2766000E+01 -1.00312e-07
0.2768000E+01 -1.3544e-07
0.2770000E+01 -1.42057e-07
0.2772000E+01 -1.4866e-07
0.2774000E+01 -1.8264e-07
0.2776000E+01 -1.51923e-07
0.2778000E+01 -1.47538e-07
0.2780000E+01 -1.33057e-07
0.2782000E+01 -1.98609e-07
0.2784000E+01 -1.72392e-07
0.2786000E+01 -1.17747e-07
0.2788000E+01 -9.86415e-08
0.2790000E+01 -1.34866e-07
0.2792000E+01 -1.42167e-07
0.2794000E+01 -1.89591e-07
0.2796000E+01 -2.40012e-07
0.2798000E+01 -1.86756e-07
0.2800000E+01 -1.75723e-07
0.2802000E+01 -1.95908e-07
0.2804000E+01 -1.84254e-07
0.2806000E+01 -2.908e-07
0.2808000E+01 -2.89157e-07
0.2810000E+01 -2.70178e-07
0.2812000E+01 -2.3587e-07
0.2814000E+01 -2.1439e-07
0.2816000E+01 -2.93201e-07
0.2818000E+01 -2.79371e-07
0.2820000E+01 -3.06337e-07
0.2822000E+01 -3.1715e-07
0.2824000E+01 -3.47005e-07
0.2826000E+01 -4.97887e-07
0.2828000E+01 -3.70563e-07
0.2830000E+01 -4.32529e-07
0.2832000E+01 -6.59117e-07
0.2834000E+01 -7.58086e-07
0.2836000E+01 -6.23226e-07
0.2838000E+01 -1.11474e-06
0.2840000E+01 -1.19765e-06
0.2842000E+01 -1.81361e-06
0.2844000E+01 -2.92779e-06
0.2846000E+01 -1.9505e-06
0.2848000E+01 6.57979e-06
0.2850000E+01 2.21275e-06
0.2852000E+01 1.45932e-06
0.2854000E+01 7.66068e-07
0.2856000E+01 9.83101e-07
0.2858000E+01 7.84907e-07
0.2860000E+01 5.9211e-07
0.2862000E+01 4.69477e-07
0.2864000E+01 5.52796e-07
0.2866000E+01 4.2654e-07
0.2868000E+01 4.44497e-07
0.2870000E+01 3.30774e-07
0.2872000E+01 3.40722e-07
0.2874000E+01 3.52507e-07
0.2876000E+01 2.79334e-07
0.2878000E+01 3.09819e-07
0.2880000E+01 3.6696e-07
0.2882000E+01 3.06046e-07
0.2884000E+01 3.01392e-07
0.2886000E+01 2.06683e-07
0.2888000E+01 2.14679e-07
0.2890000E+01 2.2767e-07
0.2892000E+01 2.6398e-07
0.2894000E+01 3.2281e-07
0.2896000E+01 3.43645e-07
0.2898000E+01 1.87952e-07
0.2900000E+01 1.94894e-07
0.2902000E+01 2.02297e-07
0.2904000E+01 1.76001e-07
0.2906000E+01 1.57328e-07
0.2908000E+01 2.00601e-07
0.2910000E+01 2.02381e-07
0.2912000E+01 2.5171e-07
0.2914000E+01 2.15744e-07
0.2916000E+01 1.66739e-07
0.2918000E+01 1.64744e-07
0.2920000E+01 1.68213e-07
0.2922000E+01 2.17986e-07
0.2924000E+01 1.79677e-07
0.2926000E+01 1.61821e-07
0.2928000E+01 1.69499e-07
0.2930000E+01 1.79813e-07
0.2932000E+01 2.01089e-07
0.2934000E+01 1.90727e-07
0.2936000E+01 1.57132e-07
0.2938000E+01 1.40655e-07
0.2940000E+01 2.11252e-07
0.2942000E+01 2.29639e-07
0.2944000E+01 1.34232e-07
0.2946000E+01 1.34775e-07
0.2948000E+01 1.50098e-07
0.2950000E+01 1.45051e-07
0.2952000E+01 1.54862e-07
0.2954000E+01 1.40846e-07
0.2956000E+01 1.58257e-07
0.2958000E+01 1.68253e-07
0.2960000E+01 1.49896e-07
0.2962000E+01 1.40117e-07
0.2964000E+01 1.26639e-07
0.2966000E+01 1.28436e-07
0.2968000E+01 1.1837e-07
0.2970000E+01 1.09803e-07
0.2972000E+01 1.08042e-07
0.2974000E+01 9.16556e-08
0.2976000E+01 9.28781e-08
0.2978000E+01 1.92211e-07
0.2980000E+01 2.67015e-07
0.2982000E+01 2.25647e-07
0.2984000E+01 1.20958e-07
0.2986000E+01 -6.12837e-08
0.2988000E+01 -1.11577e-06
0.2990000E+01 1.38273e-06
0.2992000E+01 2.49494e-06
0.2994000E+01 8.10944e-08
0.2996000E+01 8.17228e-08
0.2998000E+01 8.26302e-08
0.3000000E+01 8.09711e-08
0.3002000E+01 7.96314e-08
0.3004000E+01 8.0248e-08
0.3006000E+01 8.91301e-08
0.3008000E+01 9.95973e-08
0.3010000E+01 9.61798e-08
0.3012000E+01 9.18243e-08
0.3014000E+01 8.96744e-08
0.3016000E+01 8.8771e-08
0.3018000E+01 9.01084e-08
0.3020000E+01 8.19739e-08
0.3022000E+01 7.36173e-08
0.3024000E+01 8.36418e-08
0.3026000E+01 9.95769e-08
0.3028000E+01 1.00939e-07
0.3030000E+01 5.8088e-08
0.3032000E+01 4.39567e-08
0.3034000E+01 5.48364e-08
0.3036000E+01 5.92354e-08
0.3038000E+01 6.64965e-08
0.3040000E+01 6.4074e-08
0.3042000E+01 7.03324e-08
0.3044000E+01 5.81919e-08
0.3046000E+01 1.04965e-07
0.3048000E+01 8.05958e-08
0.3050000E+01 8.04843e-08
0.3052000E+01 7.71685e-08
0.3054000E+01 7.09399e-08
0.3056000E+01 6.56251e-08
0.3058000E+01 6.70303e-08
0.3060000E+01 7.1528e-08
0.3062000E+01 6.99272e-08
0.3064000E+01 8.2832e-08
0.3066000E+01 7.87659e-08
0.3068000E+01 8.20293e-08
0.3070000E+01 9.30552e-08
0.3072000E+01 8.86699e-08
0.3074000E+01 7.71038e-08
0.3076000E+01 4.81277e-08
0.3078000E+01 1.75445e-08
0.3080000E+01 5.7527e-08
0.3082000E+01 8.56599e-08
0.3084000E+01 8.31232e-08
0.3086000E+01 7.28623e-08
0.3088000E+01 7.17568e-08
0.3090000E+01 6.35607e-08
0.3092000E+01 4.1941e-08
0.3094000E+01 5.65553e-08
0.3096000E+01 5.05594e-08
0.3098000E+01 8.75485e-08
0.3100000E+01 9.40656e-08
0.3102000E+01 8.21825e-08
0.3104000E+01 8.07841e-08
0.3106000E+01 6.90777e-08
0.3108000E+01 9.84056e-08
0.3110000E+01 6.99468e-08
0.3112000E+01 5.11546e-08
0.3114000E+01 7.47158e-08
0.3116000E+01 9.23162e-08
0.3118000E+01 7.96859e-08
0.3120000E+01 8.86047e-08
0.3122000E+01 9.49258e-08
0.3124000E+01 4.28888e-08
0.3126000E+01 2.38742e-08
0.3128000E+01 3.01523e-08
0.3130000E+01 5.96402e-08
0.3132000E+01 9.82185e-08
0.3134000E+01 7.27917e-08
0.3136000E+01 7.6278e-08
0.3138000E+01 4.10888e-08
0.3140000E+01 3.13651e-08
0.3142000E+01 5.7623e-08
0.3144000E+01 5.83746e-08
0.3146000E+01 8.50049e-08
0.3148000E+01 4.24273e-08
0.3150000E+01 3.14674e-08
0.3152000E+01 5.70464e-08
0.3154000E+01 6.95065e-08
0.3156000E+01 -2.86661e-08
0.3158000E+01 -4.86284e-08
0.3160000E+01 2.01027e-08
0.3162000E+01 -2.59315e-07
0.3164000E+01 -3.38468e-07
0.3166000E+01 9.96078e-07
0.3168000E+01 1.65599e-07
0.3170000E+01 3.99856e-08
0.3172000E+01 7.46832e-08
0.3174000E+01 6.72887e-08
0.3176000E+01 2.00753e-07
0.3178000E+01 9.3488e-08
0.3180000E+01 1.09513e-07
0.3182000E+01 1.89262e-07
0.3184000E+01 1.22598e-07
0.3186000E+01 1.82465e-07
0.3188000E+01 1.63931e-07
0.3190000E+01 1.74142e-07
0.3192000E+01 1.35932e-07
0.3194000E+01 1.0436e-07
0.3196000E+01 1.09699e-07
0.3198000E+01 1.11693e-07
0.3200000E+01 1.2832e-07
0.3202000E+01 1.77146e-07
0.3204000E+01 1.46938e-07
0.3206000E+01 1.29281e-07
0.3208000E+01 1.06872e-07
0.3210000E+01 1.02569e-07
0.3212000E+01 9.2585e-08
0.3214000E+01 2.05201e-07
0.3216000E+01 1.28141e-07
0.3218000E+01 6.86052e-08
0.3220000E+01 1.85286e-08
0.3222000E+01 7.75487e-08
0.3224000E+01 1.46609e-07
0.3226000E+01 1.23392e-07
0.3228000E+01 6.28441e-08
0.3230000E+01 3.62058e-08
0.3232000E+01 5.97282e-08
0.3234000E+01 1.394e-07
0.3236000E+01 1.72874e-07
0.3238000E+01 1.17513e-07
0.3240000E+01 9.57812e-08
0.3242000E+01 6.60582e-08
0.3244000E+01 2.22672e-07
0.3246000E+01 7.63895e-08
0.3248000E+01 4.5807e-08
0.3250000E+01 1.12874e-07
0.3252000E+01 3.4613e-07
0.3254000E+01 -1.70692e-07
0.3256000E+01 3.40828e-07
0.3258000E+01 -1.22804e-07
0.3260000E+01 2.74362e-07
0.3262000E+01 -1.08658e-06
0.3264000E+01 3.05503e-08
0.3266000E+01 3.8077e-07
0.3268000E+01 7.19116e-08
0.3270000E+01 8.29879e-08
0.3272000E+01 3.53198e-07
0.3274000E+01 3.63415e-07
0.3276000E+01 7.11826e-07
0.3278000E+01 -1.44036e-07
0.3280000E+01 -1.86677e-07
0.3282000E+01 4.34223e-07
0.3284000E+01 4.13877e-07
0.3286000E+01 1.12471e-06
0.3288000E+01 1.4035e-07
0.3290000E+01 1.06565e-06
0.3292000E+01 9.21528e-07
0.3294000E+01 5.10838e-07
0.3296000E+01 -2.72429e-07
0.3298000E+01 -4.95288e-08
0.3300000E+01 -6.52513e-07
0.3302000E+01 -4.79318e-07
0.3304000E+01 -5.14905e-07
0.3306000E+01 -2.15431e-07
0.3308000E+01 -2.04019e-07
0.3310000E+01 -2.94904e-07
0.3312000E+01 -3.0372e-07
0.3314000E+01 -2.25889e-07
0.3316000E+01 -2.03212e-07
0.3318000E+01 -1.83869e-07
0.3320000E+01 -1.66047e-07
0.3322000E+01 -1.2358e-07
0.3324000E+01 -1.4508e-07
0.3326000E+01 -1.79322e-07
0.3328000E+01 -1.69182e-07
0.3330000E+01 -1.26025e-07
0.3332000E+01 -1.07572e-07
0.3334000E+01 -1.07541e-07
0.3336000E+01 -9.85484e-08
0.3338000E+01 -9.0672e-08
0.3340000E+01 -9.19103e-08
0.3342000E+01 -9.91663e-08
0.3344000E+01 -9.35179e-08
0.3346000E+01 -8.08094e-08
0.3348000E+01 -6.89127e-08
0.3350000E+01 -6.06978e-08
0.3352000E+01 -6.20535e-08
0.3354000E+01 -6.98372e-08
0.3356000E+01 -8.49284e-08
0.3358000E+01 -8.16624e-08
0.3360000E+01 -6.0278e-08
0.3362000E+01 -5.56572e-08
0.3364000E+01 -7.47693e-08
0.3366000E+01 -6.82357e-08
0.3368000E+01 -5.9769e-08
0.3370000E+01 -5.90475e-08
0.3372000E+01 -5.14743e-08
0.3374000E+01 -5.56759e-08
0.3376000E+01 -4.30571e-08
0.3378000E+01 -3.98688e-08
0.3380000E+01 -3.59231e-08
0.3382000E+01 -3.59064e-08
0.3384000E+01 -5.53551e-08
0.3386000E+01 -4.27152e-08
0.3388000E+01 -3.43684e-08
0.3390000E+01 -3.14741e-08
0.3392000E+01 -1.4074e-07
0.3394000E+01 -4.58663e-08
0.3396000E+01 -5.83795e-08
0.3398000E+01 -4.67501e-08
0.3400000E+01 -4.62481e-08
0.3402000E+01 -7.36841e-08
0.3404000E+01 -5.46818e-08
0.3406000E+01 -5.26251e-08
0.3408000E+01 -4.61527e-08
0.3410000E+01 -4.25196e-08
0.3412000E+01 -4.03808e-08
0.3414000E+01 -4.14182e-08
0.3416000E+01 -4.03078e-08
0.3418000E+01 -4.13512e-08
0.3420000E+01 -6.6427e-08
0.3422000E+01 -5.50133e-08
0.3424000E+01 -4.32911e-08
0.3426000E+01 -3.6137e-08
0.3428000E+01 -3.46794e-08
0.3430000E+01 9.62203e-09
0.3432000E+01 -3.2794e-08
0.3434000E+01 -3.10841e-08
0.3436000E+01 -4.82702e-08
0.3438000E+01 -5.34719e-08
0.3440000E+01 -4.3539e-08
0.3442000E+01 -4.91541e-08
0.3444000E+01 -4.33625e-08
0.3446000E+01 -3.33952e-08
0.3448000E+01 -3.00623e-08
0.3450000E+01 -3.18716e-08
0.3452000E+01 -6.36163e-08
0.3454000E+01 -5.02159e-08
0.3456000E+01 -2.21305e-08
0.3458000E+01 -1.61752e-08
0.3460000E+01 -9.73168e-09
0.3462000E+01 -2.8462e-08
0.3464000E+01 -3.51853e-08
0.3466000E+01 -7.00325e-08
0.3468000E+01 -6.66335e-08
0.3470000E+01 -5.70904e-08
0.3472000E+01 -3.93638e-08
0.3474000E+01 -4.09252e-08
0.3476000E+01 -3.47995e-08
0.3478000E+01 -4.97633e-08
0.3480000E+01 -6.02778e-08
0.3482000E+01 -3.07557e-08
0.3484000E+01 -3.23128e-08
0.3486000E+01 -1.88166e-08
0.3488000E+01 -3.35008e-08
0.3490000E+01 -4.71486e-08
0.3492000E+01 -6.11396e-08
0.3494000E+01 -4.45574e-09
0.3496000E+01 -3.7548e-08
0.3498000E+01 -4.17758e-08
0.3500000E+01 -9.77013e-09
0.3502000E+01 -4.96085e-08
0.3504000E+01 -4.42703e-08
0.3506000E+01 -2.1189e-08
0.3508000E+01 7.72063e-09
0.3510000E+01 -3.81652e-08
0.3512000E+01 -6.63759e-08
0.3514000E+01 1.42661e-08
0.3516000E+01 -6.1827e-09
0.3518000E+01 -2.31666e-08
0.3520000E+01 5.74927e-09
0.3522000E+01 2.5505e-08
0.3524000E+01 5.73948e-08
0.3526000E+01 6.23022e-08
0.3528000E+01 5.93694e-08
0.3530000E+01 4.91412e-08
0.3532000E+01 6.54173e-08
0.3534000E+01 6.33961e-08
0.3536000E+01 4.72211e-08
0.3538000E+01 6.2785e-08
0.3540000E+01 8.77482e-08
0.3542000E+01 9.14217e-08
0.3544000E+01 8.25357e-08
0.3546000E+01 1.09434e-07
0.3548000E+01 6.2998e-08
0.3550000E+01 7.13082e-08
0.3552000E+01 7.35741e-08
0.3554000E+01 1.03641e-07
0.3556000E+01 5.61225e-08
0.3558000E+01 6.34698e-08
0.3560000E+01 1.28159e-07
0.3562000E+01 8.62198e-08
0.3564000E+01 9.93183e-08
0.3566000E+01 7.40356e-08
0.3568000E+01 5.83163e-08
0.3570000E+01 5.95994e-08
0.3572000E+01 6.65613e-08
0.3574000E+01 1.66095e-07
0.3576000E+01 9.7579e-08
0.3578000E+01 9.42016e-08
0.3580000E+01 1.18741e-07
0.3582000E+01 1.02888e-07
0.3584000E+01 1.12451e-07
0.3586000E+01 2.16895e-07
0.3588000E+01 1.85352e-07
0.3590000E+01 2.63626e-07
0.3592000E+01 2.18862e-07
0.3594000E+01 4.76969e-07
0.3596000E+01 4.41128e-07
0.3598000E+01 1.66043e-06
0.3600000E+01 -2.35345e-06
0.3602000E+01 -5.87549e-07
0.3604000E+01 -3.58934e-07
0.3606000E+01 -2.52089e-07
0.3608000E+01 -1.90226e-07
0.3610000E+01 -1.18112e-07
0.3612000E+01 -1.18406e-07
0.3614000E+01 -1.12957e-07
0.3616000E+01 -5.9181e-08
0.3618000E+01 -5.60086e-08
0.3620000E+01 -6.70958e-08
0.3622000E+01 -4.89886e-08
0.3624000E+01 -4.24003e-08
0.3626000E+01 -6.05061e-08
0.3628000E+01 -7.48675e-08
0.3630000E+01 -1.04364e-07
0.3632000E+01 -4.1534e-08
0.3634000E+01 -3.33437e-08
0.3636000E+01 -4.61149e-08
0.3638000E+01 -6.9887e-08
0.3640000E+01 -2.22617e-08
0.3642000E+01 -4.99559e-09
0.3644000E+01 1.74853e-08
0.3646000E+01 -1.77836e-08
0.3648000E+01 -4.39719e-08
0.3650000E+01 -2.58826e-08
0.3652000E+01 -1.34058e-08
0.3654000E+01 -2.98668e-08
0.3656000E+01 -4.11738e-08
0.3658000E+01 -4.28627e-08
0.3660000E+01 -2.01215e-08
0.3662000E+01 -1.24806e-08
0.3664000E+01 -2.35444e-08
0.3666000E+01 -2.44213e-08
0.3668000E+01 -1.95997e-08
0.3670000E+01 2.44499e-08
0.3672000E+01 -3.99602e-09
0.3674000E+01 -1.0832e-08
0.3676000E+01 -8.4124e-09
0.3678000E+01 -1.25167e-08
0.3680000E+01 -5.46757e-09
0.3682000E+01 -1.14537e-08
0.3684000E+01 -1.11144e-08
0.3686000E+01 -1.43012e-08
0.3688000E+01 -2.30153e-08
0.3690000E+01 -1.99418e-08
0.3692000E+01 -2.89603e-08
0.3694000E+01 -9.03079e-09
0.3696000E+01 -9.4679e-09
0.3698000E+01 -2.8194e-09
0.3700000E+01 3.39995e-09
0.3702000E+01 -2.12396e-10
0.3704000E+01 -1.64105e-08
0.3706000E+01 6.39142e-10
0.3708000E+01 -6.85148e-10
0.3710000E+01 -3.27274e-09
0.3712000E+01 -1.05388e-08
0.3714000E+01 -1.34686e-08
0.3716000E+01 -1.48833e-08
0.3718000E+01 -5.78728e-09
0.3720000E+01 -6.32325e-09
0.3722000E+01 -5.06812e-09
0.3724000E+01 -3.5405e-09
0.3726000E+01 -1.23937e-09
0.3728000E+01 4.19239e-09
0.3730000E+01 8.55636e-09
0.3732000E+01 6.78174e-09
0.3734000E+01 7.34957e-09
0.3736000E+01 3.08361e-09
0.3738000E+01 2.29763e-09
0.3740000E+01 -9.09265e-10
0.3742000E+01 -9.11289e-09
0.3744000E+01 -4.13286e-09
0.3746000E+01 -3.32764e-09
0.3748000E+01 -5.17555e-09
0.3750000E+01 -4.60785e-09
0.3752000E+01 -2.34506e-09
0.3754000E+01 -7.58774e-09
0.3756000E+01 3.2364e-09
0.3758000E+01 -7.47508e-09
0.3760000E+01 -1.12127e-09
0.3762000E+01 5.86506e-09
0.3764000E+01 4.56535e-09
0.3766000E+01 2.73942e-09
0.3768000E+01 7.20609e-09
0.3770000E+01 9.53597e-09
0.3772000E+01 1.51833e-08
0.3774000E+01 8.20933e-09
0.3776000E+01 2.56604e-09
0.3778000E+01 1.83817e-09
0.3780000E+01 1.80329e-10
0.3782000E+01 3.53887e-09
0.3784000E+01 3.23362e-09
0.3786000E+01 8.85023e-09
0.3788000E+01 5.21742e-09
0.3790000E+01 2.55568e-09
0.3792000E+01 2.48982e-09
0.3794000E+01 1.21365e-09
0.3796000E+01 1.43433e-09
0.3798000E+01 -1.88566e-09
0.3800000E+01 -2.99477e-09
0.3802000E+01 -1.29717e-08
0.3804000E+01 1.15609e-08
0.3806000E+01 1.51319e-08
0.3808000E+01 1.80983e-08
0.3810000E+01 7.50523e-09
0.3812000E+01 7.95421e-09
0.3814000E+01 1.26557e-08
0.3816000E+01 5.39747e-09
0.3818000E+01 8.9226e-09
0.3820000E+01 1.68812e-08
0.3822000E+01 1.28441e-08
0.3824000E+01 9.03408e-09
0.3826000E+01 1.30094e-08
0.3828000E+01 -3.96118e-09
0.3830000E+01 -1.85244e-09
0.3832000E+01 2.62217e-08
0.3834000E+01 1.23597e-08
0.3836000E+01 2.0701e-08
0.3838000E+01 2.10953e-09
0.3840000E+01 7.44043e-09
0.3842000E+01 -1.78583e-08
0.3844000E+01 4.47045e-08
0.3846000E+01 -6.03129e-09
0.3848000E+01 -1.24661e-07
0.3850000E+01 2.52822e-08
0.3852000E+01 6.03008e-09
0.3854000E+01 1.11091e-08
0.3856000E+01 8.71435e-09
0.3858000E+01 9.81927e-09
0.3860000E+01 4.18281e-09
0.3862000E+01 2.02968e-09
0.3864000E+01 5.50606e-09
0.3866000E+01 -1.49122e-08
0.3868000E+01 1.69185e-08
0.3870000E+01 2.24697e-08
0.3872000E+01 1.57008e-08
0.3874000E+01 1.32208e-08
0.3876000E+01 1.23983e-08
0.3878000E+01 1.42119e-08
0.3880000E+01 8.20979e-09
0.3882000E+01 3.56202e-09
0.3884000E+01 -1.4421e-08
0.3886000E+01 -2.75142e-09
0.3888000E+01 2.18806e-08
0.3890000E+01 2.07163e-08
0.3892000E+01 2.0621e-08
0.3894000E+01 1.88212e-08
0.3896000E+01 1.63152e-08
0.3898000E+01 9.78765e-10
0.3900000E+01 -6.78609e-09
0.3902000E+01 4.16324e-08
0.3904000E+01 3.98373e-08
0.3906000E+01 4.04977e-08
0.3908000E+01 3.56283e-08
0.3910000E+01 2.8961e-08
0.3912000E+01 -8.90274e-09
0.3914000E+01 3.323e-08
0.3916000E+01 6.18716e-08
0.3918000E+01 5.85352e-08
0.3920000E+01 4.18027e-08
0.3922000E+01 3.95602e-08
0.3924000E+01 4.22123e-08
0.3926000E+01 2.12206e-08
0.3928000E+01 2.64074e-08
0.3930000E+01 4.83134e-08
0.3932000E+01 4.59603e-08
0.3934000E+01 4.63562e-08
0.3936000E+01 3.00002e-08
0.3938000E+01 2.93575e-08
0.3940000E+01 3.61144e-08
0.3942000E+01 3.74406e-08
0.3944000E+01 2.94815e-08
0.3946000E+01 2.3142e-08
0.3948000E+01 2.56031e-08
0.3950000E+01 3.00696e-08
0.3952000E+01 3.15294e-08
0.3954000E+01 1.54926e-08
0.3956000E+01 1.02355e-08
0.3958000E+01 1.18064e-08
0.3960000E+01 1.83186e-08
0.3962000E+01 2.15827e-08
0.3964000E+01 2.09243e-08
0.3966000E+01 2.32227e-08
0.3968000E+01 2.19026e-08
0.3970000E+01 2.4786e-08
0.3972000E+01 2.8231e-08
0.3974000E+01 2.6727e-08
0.3976000E+01 2.79357e-08
0.3978000E+01 -5.40933e-08
0.3980000E+01 -2.01512e-08
0.3982000E+01 -7.6155e-09
0.3984000E+01 2.04875e-08
0.3986000E+01 2.1345e-08
0.3988000E+01 3.01235e-08
0.3990000E+01 3.48848e-08
0.3992000E+01 -3.53327e-08
0.3994000E+01 5.37903e-09
0.3996000E+01 9.68016e-09
0.3998000E+01 1.56077e-08
0.4000000E+01 2.80395e-08
