0.0000000E+00 0
0.2000000E-02 0
0.4000000E-02 0
0.6000000E-02 0
0.8000000E-02 0
0.1000000E-01 0
0.1200000E-01 0
0.1400000E-01 0
0.1600000E-01 0
0.1800000E-01 0
0.2000000E-01 0
0.2200000E-01 0
0.2400000E-01 0
0.2600000E-01 0
0.2800000E-01 0
0.3000000E-01 0
0.3200000E-01 0
0.3400000E-01 0
0.3600000E-01 0
0.3800000E-01 0
0.4000000E-01 0
0.4200000E-01 0
0.4400000E-01 0
0.4600000E-01 0
0.4800000E-01 0
0.5000000E-01 0
0.5200000E-01 0
0.5400000E-01 0
0.5600000E-01 0
0.5800000E-01 0
0.6000000E-01 0
0.6200000E-01 0
0.6400000E-01 0
0.6600000E-01 0
0.6800000E-01 0
0.7000000E-01 0
0.7200000E-01 0
0.7400000E-01 0
0.7600000E-01 0
0.7800000E-01 0
0.8000000E-01 0
0.8200000E-01 0
0.8400000E-01 0
0.8600000E-01 -2.37342e-05
0.8800000E-01 -2.11641e-05
0.9000000E-01 -8.60647e-06
0.9200000E-01 -2.7379e-06
0.9400000E-01 -1.78934e-06
0.9600000E-01 -1.12399e-06
0.9800000E-01 -4.64746e-07
0.1000000E+00 1.24648e-07
0.1020000E+00 2.56106e-07
0.1040000E+00 -8.81227e-08
0.1060000E+00 -4.75294e-07
0.1080000E+00 -5.77918e-07
0.1100000E+00 3.36902e-07
0.1120000E+00 4.6021e-07
0.1140000E+00 6.15685e-07
0.1160000E+00 5.60069e-07
0.1180000E+00 5.93866e-08
0.1200000E+00 -2.64716e-07
0.1220000E+00 1.16409e-08
0.1240000E+00 2.5117e-07
0.1260000E+00 2.01034e-07
0.1280000E+00 1.60493e-07
0.1300000E+00 1.72351e-07
0.1320000E+00 1.89647e-07
0.1340000E+00 1.46977e-07
0.1360000E+00 2.67817e-08
0.1380000E+00 1.15227e-08
0.1400000E+00 1.64228e-08
0.1420000E+00 3.42531e-08
0.1440000E+00 1.18272e-07
0.1460000E+00 2.08115e-07
0.1480000E+00 2.60417e-07
0.1500000E+00 2.4908e-07
0.1520000E+00 2.02039e-07
0.1540000E+00 2.39449e-07
0.1560000E+00 2.64853e-07
0.1580000E+00 2.7082e-07
0.1600000E+00 2.71279e-07
0.1620000E+00 2.70974e-07
0.1640000E+00 3.10417e-07
0.1660000E+00 3.27181e-07
0.1680000E+00 2.15221e-07
0.1700000E+00 2.38224e-07
0.1720000E+00 2.6265e-07
0.1740000E+00 2.88338e-07
0.1760000E+00 2.45129e-07
0.1780000E+00 2.35083e-07
0.1800000E+00 2.36428e-07
0.1820000E+00 2.37254e-07
0.1840000E+00 2.37172e-07
0.1860000E+00 2.33147e-07
0.1880000E+00 2.32049e-07
0.1900000E+00 2.33451e-07
0.1920000E+00 1.21615e-07
0.1940000E+00 1.42099e-07
0.1960000E+00 1.64912e-07
0.1980000E+00 1.64625e-07
0.2000000E+00 1.64178e-07
0.2020000E+00 1.63566e-07
0.2040000E+00 1.62787e-07
0.2060000E+00 1.61837e-07
0.2080000E+00 1.6098e-07
0.2100000E+00 1.81537e-07
0.2120000E+00 1.991e-07
0.2140000E+00 1.97501e-07
0.2160000E+00 2.0093e-07
0.2180000E+00 2.16046e-07
0.2200000E+00 2.29319e-07
0.2220000E+00 2.36358e-07
0.2240000E+00 2.20607e-07
0.2260000E+00 2.41858e-07
0.2280000E+00 2.49537e-07
0.2300000E+00 2.37487e-07
0.2320000E+00 1.73172e-07
0.2340000E+00 1.53664e-07
0.2360000E+00 1.33032e-07
0.2380000E+00 1.42523e-07
0.2400000E+00 1.44213e-07
0.2420000E+00 1.44105e-07
0.2440000E+00 1.43829e-07
0.2460000E+00 1.38602e-07
0.2480000E+00 1.35791e-07
0.2500000E+00 1.39684e-07
0.2520000E+00 1.46073e-07
0.2540000E+00 1.44656e-07
0.2560000E+00 1.43121e-07
0.2580000E+00 1.41089e-07
0.2600000E+00 1.38554e-07
0.2620000E+00 1.45799e-07
0.2640000E+00 1.55879e-07
0.2660000E+00 1.55361e-07
0.2680000E+00 1.59649e-07
0.2700000E+00 1.81275e-07
0.2720000E+00 1.81011e-07
0.2740000E+00 1.82273e-07
0.2760000E+00 1.80596e-07
0.2780000E+00 1.78402e-07
0.2800000E+00 1.67087e-07
0.2820000E+00 1.47523e-07
0.2840000E+00 1.04731e-07
0.2860000E+00 1.10984e-07
0.2880000E+00 1.11641e-07
0.2900000E+00 1.06707e-07
0.2920000E+00 1.06015e-07
0.2940000E+00 1.06185e-07
0.2960000E+00 1.06444e-07
0.2980000E+00 1.07113e-07
0.3000000E+00 1.08245e-07
0.3020000E+00 1.0987e-07
0.3040000E+00 1.11196e-07
0.3060000E+00 1.24827e-07
0.3080000E+00 1.23408e-07
0.3100000E+00 1.21815e-07
0.3120000E+00 1.20204e-07
0.3140000E+00 1.34597e-07
0.3160000E+00 1.80316e-07
0.3180000E+00 1.8565e-07
0.3200000E+00 1.63179e-07
0.3220000E+00 1.33435e-07
0.3240000E+00 1.34001e-07
0.3260000E+00 1.32698e-07
0.3280000E+00 1.31263e-07
0.3300000E+00 1.19968e-07
0.3320000E+00 6.78694e-08
0.3340000E+00 7.84778e-08
0.3360000E+00 1.15429e-07
0.3380000E+00 1.01523e-07
0.3400000E+00 9.24696e-08
0.3420000E+00 9.26423e-08
0.3440000E+00 9.296e-08
0.3460000E+00 9.35484e-08
0.3480000E+00 9.23395e-08
0.3500000E+00 8.61156e-08
0.3520000E+00 8.59946e-08
0.3540000E+00 8.5942e-08
0.3560000E+00 9.44408e-08
0.3580000E+00 9.67306e-08
0.3600000E+00 2.27624e-07
0.3620000E+00 1.55056e-07
0.3640000E+00 1.19917e-07
0.3660000E+00 1.23166e-07
0.3680000E+00 1.25183e-07
0.3700000E+00 1.24017e-07
0.3720000E+00 1.23157e-07
0.3740000E+00 1.16011e-07
0.3760000E+00 5.64929e-08
0.3780000E+00 8.85203e-08
0.3800000E+00 8.03019e-08
0.3820000E+00 7.30938e-08
0.3840000E+00 1.39115e-07
0.3860000E+00 7.65181e-08
0.3880000E+00 7.69051e-08
0.3900000E+00 7.64057e-08
0.3920000E+00 7.61947e-08
0.3940000E+00 7.51857e-08
0.3960000E+00 7.28653e-08
0.3980000E+00 7.29901e-08
0.4000000E+00 7.28647e-08
0.4020000E+00 1.32037e-07
0.4040000E+00 1.58032e-07
0.4060000E+00 1.57207e-07
0.4080000E+00 1.56386e-07
0.4100000E+00 1.55682e-07
0.4120000E+00 1.3771e-07
0.4140000E+00 7.12851e-08
0.4160000E+00 6.91766e-08
0.4180000E+00 6.76711e-08
0.4200000E+00 6.90446e-08
0.4220000E+00 6.66769e-08
0.4240000E+00 6.9951e-08
0.4260000E+00 8.86858e-08
0.4280000E+00 9.12015e-08
0.4300000E+00 8.30216e-08
0.4320000E+00 7.45198e-08
0.4340000E+00 7.19533e-08
0.4360000E+00 7.17025e-08
0.4380000E+00 7.14394e-08
0.4400000E+00 7.17178e-08
0.4420000E+00 7.13179e-08
0.4440000E+00 6.79409e-08
0.4460000E+00 1.4105e-07
0.4480000E+00 2.43349e-07
0.4500000E+00 9.35631e-08
0.4520000E+00 8.29122e-08
0.4540000E+00 7.72918e-08
0.4560000E+00 8.03554e-08
0.4580000E+00 8.15739e-08
0.4600000E+00 8.02767e-08
0.4620000E+00 7.92395e-08
0.4640000E+00 7.5066e-08
0.4660000E+00 8.4835e-08
0.4680000E+00 8.23962e-08
0.4700000E+00 9.00155e-08
0.4720000E+00 7.66373e-08
0.4740000E+00 7.32871e-08
0.4760000E+00 7.18726e-08
0.4780000E+00 7.30159e-08
0.4800000E+00 5.48147e-08
0.4820000E+00 1.61004e-08
0.4840000E+00 2.04575e-08
0.4860000E+00 1.03513e-07
0.4880000E+00 9.21204e-08
0.4900000E+00 1.4814e-07
0.4920000E+00 1.43235e-07
0.4940000E+00 1.23642e-07
0.4960000E+00 9.60396e-08
0.4980000E+00 9.82069e-08
0.5000000E+00 1.00798e-07
0.5020000E+00 9.21331e-08
0.5040000E+00 9.00486e-08
0.5060000E+00 9.24118e-08
0.5080000E+00 6.4736e-08
0.5100000E+00 1.18305e-08
0.5120000E+00 3.72271e-08
0.5140000E+00 3.66144e-08
0.5160000E+00 6.63417e-08
0.5180000E+00 6.5386e-08
0.5200000E+00 5.70819e-08
0.5220000E+00 5.43967e-08
0.5240000E+00 5.20616e-08
0.5260000E+00 5.46053e-08
0.5280000E+00 5.60396e-08
0.5300000E+00 6.69626e-08
0.5320000E+00 1.70672e-07
0.5340000E+00 1.47652e-07
0.5360000E+00 8.51089e-08
0.5380000E+00 6.90165e-08
0.5400000E+00 6.94564e-08
0.5420000E+00 7.65847e-08
0.5440000E+00 8.5801e-08
0.5460000E+00 7.92108e-08
0.5480000E+00 7.29769e-08
0.5500000E+00 7.03394e-08
0.5520000E+00 7.19978e-08
0.5540000E+00 -1.15063e-08
0.5560000E+00 3.64636e-08
0.5580000E+00 4.97385e-08
0.5600000E+00 4.04331e-08
0.5620000E+00 4.03174e-08
0.5640000E+00 4.3641e-08
0.5660000E+00 4.67391e-08
0.5680000E+00 4.13176e-08
0.5700000E+00 8.86547e-08
0.5720000E+00 5.86241e-09
0.5740000E+00 9.07991e-08
0.5760000E+00 1.31205e-07
0.5780000E+00 1.10869e-07
0.5800000E+00 7.43845e-08
0.5820000E+00 6.82428e-08
0.5840000E+00 5.90256e-08
0.5860000E+00 -1.85234e-09
0.5880000E+00 6.59549e-08
0.5900000E+00 5.99672e-08
0.5920000E+00 6.98573e-08
0.5940000E+00 1.72959e-08
0.5960000E+00 4.59781e-08
0.5980000E+00 -2.45579e-08
0.6000000E+00 -7.96954e-09
0.6020000E+00 -2.71283e-08
0.6040000E+00 -4.42146e-08
0.6060000E+00 -4.57594e-08
0.6080000E+00 2.92936e-07
0.6100000E+00 -8.20172e-08
0.6120000E+00 -6.68007e-08
0.6140000E+00 -3.88795e-08
0.6160000E+00 -9.37028e-08
0.6180000E+00 -4.90614e-07
0.6200000E+00 9.59341e-07
0.6220000E+00 -1.79097e-07
0.6240000E+00 -1.08177e-06
0.6260000E+00 -3.03158e-07
0.6280000E+00 -1.81851e-06
0.6300000E+00 2.1654e-07
0.6320000E+00 3.12635e-06
0.6340000E+00 -7.15376e-07
0.6360000E+00 6.65742e-07
0.6380000E+00 -1.31817e-07
0.6400000E+00 2.21999e-08
0.6420000E+00 -3.09059e-07
0.6440000E+00 2.10952e-07
0.6460000E+00 -6.09078e-08
0.6480000E+00 -1.01656e-08
0.6500000E+00 -7.963e-08
0.6520000E+00 -1.02556e-07
0.6540000E+00 3.22033e-07
0.6560000E+00 4.81177e-08
0.6580000E+00 2.28453e-07
0.6600000E+00 1.25174e-07
0.6620000E+00 3.77072e-08
0.6640000E+00 1.33049e-08
0.6660000E+00 9.42994e-08
0.6680000E+00 2.03798e-07
0.6700000E+00 2.44335e-08
0.6720000E+00 1.79398e-07
0.6740000E+00 7.12389e-08
0.6760000E+00 6.60801e-08
0.6780000E+00 4.73563e-08
0.6800000E+00 3.0958e-08
0.6820000E+00 2.46526e-08
0.6840000E+00 1.04622e-07
0.6860000E+00 8.7866e-08
0.6880000E+00 8.51782e-08
0.6900000E+00 3.04683e-08
0.6920000E+00 3.71133e-08
0.6940000E+00 3.75035e-08
0.6960000E+00 9.02896e-08
0.6980000E+00 1.36723e-07
0.7000000E+00 7.26785e-08
0.7020000E+00 7.38972e-08
0.7040000E+00 8.27068e-08
0.7060000E+00 1.21152e-07
0.7080000E+00 1.0366e-07
0.7100000E+00 9.05572e-08
0.7120000E+00 3.09578e-08
0.7140000E+00 4.81401e-08
0.7160000E+00 4.62203e-08
0.7180000E+00 4.95533e-08
0.7200000E+00 4.353e-08
0.7220000E+00 4.19612e-08
0.7240000E+00 4.05747e-08
0.7260000E+00 4.13601e-08
0.7280000E+00 4.03257e-08
0.7300000E+00 5.71354e-08
0.7320000E+00 5.90022e-08
0.7340000E+00 6.73978e-08
0.7360000E+00 1.00584e-07
0.7380000E+00 4.24195e-08
0.7400000E+00 1.00789e-07
0.7420000E+00 8.22336e-08
0.7440000E+00 6.77437e-08
0.7460000E+00 5.87519e-08
0.7480000E+00 5.09888e-08
0.7500000E+00 5.35239e-08
0.7520000E+00 5.93933e-08
0.7540000E+00 5.15193e-08
0.7560000E+00 5.21662e-08
0.7580000E+00 6.06041e-08
0.7600000E+00 6.4671e-08
0.7620000E+00 5.4032e-08
0.7640000E+00 5.01662e-08
0.7660000E+00 4.76982e-08
0.7680000E+00 -1.84147e-09
0.7700000E+00 2.70524e-08
0.7720000E+00 2.88091e-08
0.7740000E+00 2.62279e-08
0.7760000E+00 7.77007e-08
0.7780000E+00 1.18385e-07
0.7800000E+00 8.23555e-08
0.7820000E+00 6.26107e-08
0.7840000E+00 6.12297e-08
0.7860000E+00 5.88821e-08
0.7880000E+00 5.16083e-08
0.7900000E+00 5.67263e-08
0.7920000E+00 6.56089e-08
0.7940000E+00 5.88342e-08
0.7960000E+00 5.29357e-08
0.7980000E+00 4.80207e-08
0.8000000E+00 4.44078e-08
0.8020000E+00 1.22339e-08
0.8040000E+00 1.29061e-08
0.8060000E+00 2.54486e-08
0.8080000E+00 2.4173e-08
0.8100000E+00 2.21575e-08
0.8120000E+00 2.20809e-08
0.8140000E+00 6.11771e-08
0.8160000E+00 1.1501e-07
0.8180000E+00 1.07601e-07
0.8200000E+00 6.54932e-08
0.8220000E+00 6.40546e-08
0.8240000E+00 6.12485e-08
0.8260000E+00 6.90322e-08
0.8280000E+00 5.25293e-08
0.8300000E+00 4.45344e-08
0.8320000E+00 3.68831e-08
0.8340000E+00 3.43024e-08
0.8360000E+00 3.46967e-08
0.8380000E+00 3.9738e-08
0.8400000E+00 4.61677e-09
0.8420000E+00 1.73661e-08
0.8440000E+00 2.1716e-08
0.8460000E+00 1.96868e-08
0.8480000E+00 2.07589e-08
0.8500000E+00 1.95991e-08
0.8520000E+00 3.99631e-08
0.8540000E+00 7.81764e-08
0.8560000E+00 9.622e-08
0.8580000E+00 8.91101e-08
0.8600000E+00 6.71368e-08
0.8620000E+00 5.05393e-08
0.8640000E+00 5.4714e-08
0.8660000E+00 4.30763e-08
0.8680000E+00 4.17882e-08
0.8700000E+00 4.07223e-08
0.8720000E+00 3.92825e-08
0.8740000E+00 3.72433e-08
0.8760000E+00 3.52504e-08
0.8780000E+00 3.36978e-08
0.8800000E+00 3.03434e-08
0.8820000E+00 1.30297e-08
0.8840000E+00 1.17321e-08
0.8860000E+00 1.2608e-08
0.8880000E+00 1.31379e-08
0.8900000E+00 2.1062e-08
0.8920000E+00 9.75482e-08
0.8940000E+00 1.14404e-07
0.8960000E+00 3.57474e-08
0.8980000E+00 3.26263e-08
0.9000000E+00 4.25171e-08
0.9020000E+00 4.53592e-08
0.9040000E+00 4.32943e-08
0.9060000E+00 3.66568e-08
0.9080000E+00 2.79187e-08
0.9100000E+00 2.39682e-08
0.9120000E+00 2.25627e-08
0.9140000E+00 2.03456e-08
0.9160000E+00 1.85892e-08
0.9180000E+00 3.51292e-08
0.9200000E+00 2.08084e-08
0.9220000E+00 1.97934e-08
0.9240000E+00 1.86685e-08
0.9260000E+00 9.23814e-09
0.9280000E+00 4.34083e-08
0.9300000E+00 8.56246e-08
0.9320000E+00 8.33676e-08
0.9340000E+00 6.19521e-08
0.9360000E+00 4.32799e-08
0.9380000E+00 3.32974e-08
0.9400000E+00 2.81923e-08
0.9420000E+00 2.69726e-08
0.9440000E+00 2.55151e-08
0.9460000E+00 2.43827e-08
0.9480000E+00 3.17912e-08
0.9500000E+00 2.93176e-08
0.9520000E+00 2.48958e-08
0.9540000E+00 1.86201e-08
0.9560000E+00 5.18671e-10
0.9580000E+00 -6.66335e-09
0.9600000E+00 2.39681e-10
0.9620000E+00 7.82934e-10
0.9640000E+00 1.58058e-08
0.9660000E+00 6.65876e-08
0.9680000E+00 9.03189e-08
0.9700000E+00 5.90826e-08
0.9720000E+00 3.12901e-08
0.9740000E+00 3.50158e-08
0.9760000E+00 2.90512e-08
0.9780000E+00 2.17345e-08
0.9800000E+00 3.17326e-08
0.9820000E+00 2.30296e-08
0.9840000E+00 2.08672e-08
0.9860000E+00 1.70865e-08
0.9880000E+00 1.39246e-08
0.9900000E+00 1.31324e-08
0.9920000E+00 1.09804e-08
0.9940000E+00 9.1755e-09
0.9960000E+00 7.19034e-09
0.9980000E+00 4.71454e-09
0.1000000E+01 2.01861e-09
0.1002000E+01 6.32203e-08
0.1004000E+01 9.42002e-08
0.1006000E+01 6.2491e-08
0.1008000E+01 4.16945e-08
0.1010000E+01 4.34458e-08
0.1012000E+01 4.37816e-08
0.1014000E+01 1.8279e-08
0.1016000E+01 6.03194e-09
0.1018000E+01 1.13252e-08
0.1020000E+01 1.03237e-09
0.1022000E+01 1.67498e-09
0.1024000E+01 3.14884e-09
0.1026000E+01 3.28171e-09
0.1028000E+01 2.08365e-09
0.1030000E+01 1.04765e-09
0.1032000E+01 1.16596e-10
0.1034000E+01 -7.24451e-10
0.1036000E+01 1.10415e-08
0.1038000E+01 4.97887e-08
0.1040000E+01 8.31476e-08
0.1042000E+01 6.86208e-08
0.1044000E+01 5.05147e-08
0.1046000E+01 3.4603e-08
0.1048000E+01 2.34177e-08
0.1050000E+01 2.21585e-08
0.1052000E+01 2.03008e-08
0.1054000E+01 1.88796e-08
0.1056000E+01 1.72692e-08
0.1058000E+01 1.47906e-08
0.1060000E+01 1.05177e-08
0.1062000E+01 7.16971e-09
0.1064000E+01 3.67182e-09
0.1066000E+01 2.65727e-10
0.1068000E+01 -1.73862e-09
0.1070000E+01 -1.80351e-08
0.1072000E+01 3.11859e-10
0.1074000E+01 6.48958e-08
0.1076000E+01 8.60391e-08
0.1078000E+01 3.20774e-08
0.1080000E+01 3.59486e-08
0.1082000E+01 3.09236e-08
0.1084000E+01 3.02032e-08
0.1086000E+01 2.11083e-08
0.1088000E+01 1.01381e-08
0.1090000E+01 5.79049e-09
0.1092000E+01 3.85073e-09
0.1094000E+01 2.12356e-09
0.1096000E+01 2.89751e-10
0.1098000E+01 -1.29882e-09
0.1100000E+01 -2.17844e-09
0.1102000E+01 -3.16205e-09
0.1104000E+01 -4.29274e-09
0.1106000E+01 1.22261e-08
0.1108000E+01 4.62155e-08
0.1110000E+01 6.71805e-08
0.1112000E+01 5.28801e-08
0.1114000E+01 3.52522e-08
0.1116000E+01 1.94555e-08
0.1118000E+01 1.5308e-08
0.1120000E+01 1.27145e-08
0.1122000E+01 9.04067e-09
0.1124000E+01 8.68331e-09
0.1126000E+01 -1.59131e-09
0.1128000E+01 -7.22298e-09
0.1130000E+01 -5.36078e-09
0.1132000E+01 -9.10949e-09
0.1134000E+01 -1.19266e-08
0.1136000E+01 -1.23258e-08
0.1138000E+01 -1.26821e-08
0.1140000E+01 -1.45881e-08
0.1142000E+01 6.31569e-08
0.1144000E+01 8.45079e-08
0.1146000E+01 3.09056e-08
0.1148000E+01 2.91213e-08
0.1150000E+01 3.49097e-08
0.1152000E+01 2.82511e-08
0.1154000E+01 2.04889e-08
0.1156000E+01 9.2107e-09
0.1158000E+01 3.39264e-09
0.1160000E+01 1.22636e-09
0.1162000E+01 -8.52516e-10
0.1164000E+01 -2.4991e-09
0.1166000E+01 -3.51104e-09
0.1168000E+01 -4.60902e-09
0.1170000E+01 -5.62566e-09
0.1172000E+01 -6.58135e-09
0.1174000E+01 1.68252e-08
0.1176000E+01 5.59538e-08
0.1178000E+01 7.32948e-08
0.1180000E+01 4.49168e-08
0.1182000E+01 1.19074e-08
0.1184000E+01 2.80241e-09
0.1186000E+01 4.43925e-09
0.1188000E+01 9.89455e-09
0.1190000E+01 9.5822e-09
0.1192000E+01 5.16041e-09
0.1194000E+01 2.98545e-09
0.1196000E+01 4.37387e-11
0.1198000E+01 -3.02224e-09
0.1200000E+01 -6.38624e-09
0.1202000E+01 -9.58939e-09
0.1204000E+01 -1.13199e-08
0.1206000E+01 -1.37805e-08
0.1208000E+01 5.60905e-08
0.1210000E+01 7.58195e-08
0.1212000E+01 2.83065e-08
0.1214000E+01 2.70961e-08
0.1216000E+01 2.54618e-08
0.1218000E+01 1.94328e-08
0.1220000E+01 1.12602e-08
0.1222000E+01 2.93413e-09
0.1224000E+01 -4.73588e-09
0.1226000E+01 1.59471e-09
0.1228000E+01 -3.61393e-09
0.1230000E+01 -5.54147e-09
0.1232000E+01 -7.17283e-09
0.1234000E+01 -1.3245e-08
0.1236000E+01 -1.88611e-08
0.1238000E+01 -1.25482e-08
0.1240000E+01 2.33036e-08
0.1242000E+01 5.95617e-08
0.1244000E+01 4.67986e-08
0.1246000E+01 2.13284e-08
0.1248000E+01 4.79701e-09
0.1250000E+01 2.34889e-09
0.1252000E+01 1.27043e-09
0.1254000E+01 3.31305e-10
0.1256000E+01 -3.84919e-10
0.1258000E+01 -1.96367e-09
0.1260000E+01 -5.21444e-09
0.1262000E+01 -8.98611e-09
0.1264000E+01 -8.13497e-09
0.1266000E+01 -8.93164e-09
0.1268000E+01 -1.23098e-08
0.1270000E+01 -1.50301e-08
0.1272000E+01 6.19282e-08
0.1274000E+01 8.40197e-08
0.1276000E+01 3.26521e-08
0.1278000E+01 3.12999e-08
0.1280000E+01 3.00754e-08
0.1282000E+01 2.36965e-08
0.1284000E+01 1.15242e-08
0.1286000E+01 1.6727e-09
0.1288000E+01 -3.38982e-09
0.1290000E+01 -5.91696e-09
0.1292000E+01 -6.98195e-09
0.1294000E+01 -7.17801e-09
0.1296000E+01 -8.03447e-09
0.1298000E+01 -9.08355e-09
0.1300000E+01 -1.06761e-08
0.1302000E+01 2.10025e-08
0.1304000E+01 6.64303e-08
0.1306000E+01 7.44123e-08
0.1308000E+01 4.05789e-08
0.1310000E+01 2.93106e-09
0.1312000E+01 -2.53708e-09
0.1314000E+01 -1.39603e-09
0.1316000E+01 -4.34772e-10
0.1318000E+01 -8.18626e-10
0.1320000E+01 -1.16413e-09
0.1322000E+01 -5.22542e-09
0.1324000E+01 -1.08566e-08
0.1326000E+01 -1.41809e-08
0.1328000E+01 -1.54857e-08
0.1330000E+01 -1.67667e-08
0.1332000E+01 8.17957e-09
0.1334000E+01 4.85528e-08
0.1336000E+01 6.91733e-08
0.1338000E+01 2.54815e-08
0.1340000E+01 2.41333e-08
0.1342000E+01 1.7833e-08
0.1344000E+01 1.32538e-08
0.1346000E+01 2.95114e-09
0.1348000E+01 -1.43065e-09
0.1350000E+01 -3.21958e-09
0.1352000E+01 -5.30539e-09
0.1354000E+01 -6.58689e-09
0.1356000E+01 -7.74928e-09
0.1358000E+01 -8.83628e-09
0.1360000E+01 -9.82436e-09
0.1362000E+01 2.36695e-08
0.1364000E+01 7.54917e-08
0.1366000E+01 7.5001e-08
0.1368000E+01 3.92684e-08
0.1370000E+01 2.34077e-08
0.1372000E+01 1.49921e-08
0.1374000E+01 1.42081e-08
0.1376000E+01 7.86841e-09
0.1378000E+01 -2.13747e-08
0.1380000E+01 -2.35924e-08
0.1382000E+01 -1.76773e-08
0.1384000E+01 -1.53784e-08
0.1386000E+01 -1.56031e-08
0.1388000E+01 -1.80628e-08
0.1390000E+01 -1.2496e-08
0.1392000E+01 4.07561e-08
0.1394000E+01 7.26426e-08
0.1396000E+01 4.37723e-08
0.1398000E+01 2.73376e-08
0.1400000E+01 1.81969e-08
0.1402000E+01 1.27628e-08
0.1404000E+01 1.08581e-08
0.1406000E+01 5.25005e-09
0.1408000E+01 -6.46188e-10
0.1410000E+01 -2.86617e-09
0.1412000E+01 -5.08043e-09
0.1414000E+01 -7.09366e-09
0.1416000E+01 -9.18669e-09
0.1418000E+01 -1.1484e-08
0.1420000E+01 5.34535e-08
0.1422000E+01 7.54402e-08
0.1424000E+01 3.60175e-08
0.1426000E+01 3.7475e-08
0.1428000E+01 2.88444e-08
0.1430000E+01 1.69904e-08
0.1432000E+01 -1.61967e-08
0.1434000E+01 -2.72408e-08
0.1436000E+01 -1.52051e-08
0.1438000E+01 -1.30691e-08
0.1440000E+01 -1.40428e-08
0.1442000E+01 -1.5568e-08
0.1444000E+01 -1.66074e-08
0.1446000E+01 -9.60127e-09
0.1448000E+01 3.37195e-08
0.1450000E+01 7.4316e-08
0.1452000E+01 4.71587e-08
0.1454000E+01 1.69318e-08
0.1456000E+01 9.58907e-09
0.1458000E+01 8.10316e-09
0.1460000E+01 7.15482e-09
0.1462000E+01 6.05891e-09
0.1464000E+01 4.0738e-09
0.1466000E+01 2.38702e-09
0.1468000E+01 -4.88441e-09
0.1470000E+01 -6.59206e-09
0.1472000E+01 -8.4848e-09
0.1474000E+01 1.34306e-08
0.1476000E+01 5.64237e-08
0.1478000E+01 4.35282e-08
0.1480000E+01 -2.56736e-09
0.1482000E+01 5.82057e-10
0.1484000E+01 1.83048e-09
0.1486000E+01 -4.26747e-10
0.1488000E+01 -4.4546e-09
0.1490000E+01 -9.93136e-09
0.1492000E+01 -1.14755e-08
0.1494000E+01 -1.1574e-08
0.1496000E+01 -1.19186e-08
0.1498000E+01 -7.60255e-09
0.1500000E+01 -8.27782e-09
0.1502000E+01 5.40971e-08
0.1504000E+01 7.74493e-08
0.1506000E+01 3.55025e-08
0.1508000E+01 3.68358e-08
0.1510000E+01 2.676e-08
0.1512000E+01 1.15394e-08
0.1514000E+01 2.53514e-09
0.1516000E+01 4.45624e-10
0.1518000E+01 -3.30252e-10
0.1520000E+01 -1.89644e-08
0.1522000E+01 -3.63661e-08
0.1524000E+01 -2.98893e-08
0.1526000E+01 -2.26282e-08
0.1528000E+01 2.26321e-08
0.1530000E+01 5.34006e-08
0.1532000E+01 2.35152e-08
0.1534000E+01 3.59545e-09
0.1536000E+01 -2.60617e-09
0.1538000E+01 -3.40568e-09
0.1540000E+01 -3.71724e-09
0.1542000E+01 -4.87149e-09
0.1544000E+01 -6.58819e-09
0.1546000E+01 -9.83648e-09
0.1548000E+01 -3.79422e-09
0.1550000E+01 -5.66354e-09
0.1552000E+01 2.49897e-09
0.1554000E+01 4.29926e-08
0.1556000E+01 6.18958e-08
0.1558000E+01 1.99451e-08
0.1560000E+01 -1.01241e-08
0.1562000E+01 -9.53185e-09
0.1564000E+01 -5.27154e-09
0.1566000E+01 -7.84622e-09
0.1568000E+01 -1.4092e-08
0.1570000E+01 -1.43443e-08
0.1572000E+01 -1.54592e-08
0.1574000E+01 -1.77589e-08
0.1576000E+01 -1.92021e-08
0.1578000E+01 2.56566e-08
0.1580000E+01 5.07881e-08
0.1582000E+01 3.24886e-08
0.1584000E+01 1.98125e-08
0.1586000E+01 1.42187e-08
0.1588000E+01 1.15938e-08
0.1590000E+01 4.35952e-09
0.1592000E+01 -1.24079e-09
0.1594000E+01 -2.42773e-08
0.1596000E+01 -3.54165e-08
0.1598000E+01 -1.68808e-08
0.1600000E+01 -1.15962e-08
0.1602000E+01 9.78494e-09
0.1604000E+01 1.33712e-08
0.1606000E+01 1.0664e-08
0.1608000E+01 1.91059e-08
0.1610000E+01 1.68322e-08
0.1612000E+01 1.37842e-08
0.1614000E+01 5.18024e-09
0.1616000E+01 5.03675e-09
0.1618000E+01 1.15659e-09
0.1620000E+01 -1.30541e-10
0.1622000E+01 -1.94209e-09
0.1624000E+01 -6.55032e-09
0.1626000E+01 -4.71327e-08
0.1628000E+01 2.28907e-08
0.1630000E+01 2.5633e-08
0.1632000E+01 6.58584e-09
0.1634000E+01 1.92708e-09
0.1636000E+01 1.04507e-09
0.1638000E+01 -6.41552e-09
0.1640000E+01 -8.1506e-09
0.1642000E+01 -2.10087e-08
0.1644000E+01 -2.57827e-08
0.1646000E+01 -2.41984e-09
0.1648000E+01 -1.5457e-09
0.1650000E+01 2.88807e-08
0.1652000E+01 6.00341e-08
0.1654000E+01 3.68143e-08
0.1656000E+01 2.35485e-09
0.1658000E+01 -1.32214e-08
0.1660000E+01 -9.75405e-09
0.1662000E+01 -1.4919e-08
0.1664000E+01 -2.14046e-08
0.1666000E+01 -2.59528e-08
0.1668000E+01 -1.0945e-08
0.1670000E+01 -1.18514e-08
0.1672000E+01 6.95923e-09
0.1674000E+01 4.44672e-08
0.1676000E+01 4.38887e-08
0.1678000E+01 1.92056e-08
0.1680000E+01 1.31883e-08
0.1682000E+01 1.19714e-08
0.1684000E+01 -4.17495e-09
0.1686000E+01 -1.79982e-08
0.1688000E+01 -1.88574e-08
0.1690000E+01 -2.13708e-08
0.1692000E+01 -2.40571e-08
0.1694000E+01 7.0758e-10
0.1696000E+01 4.1962e-08
0.1698000E+01 4.55365e-08
0.1700000E+01 2.17906e-08
0.1702000E+01 1.42205e-08
0.1704000E+01 8.76476e-09
0.1706000E+01 5.17452e-09
0.1708000E+01 1.75894e-09
0.1710000E+01 -2.1215e-09
0.1712000E+01 -1.88186e-08
0.1714000E+01 -2.80686e-08
0.1716000E+01 -3.44566e-09
0.1718000E+01 2.89488e-08
0.1720000E+01 2.06819e-08
0.1722000E+01 4.32921e-09
0.1724000E+01 -4.30798e-10
0.1726000E+01 4.71504e-09
0.1728000E+01 -1.10816e-09
0.1730000E+01 -2.60585e-09
0.1732000E+01 -2.87434e-09
0.1734000E+01 6.21193e-09
0.1736000E+01 -1.02858e-09
0.1738000E+01 2.47695e-08
0.1740000E+01 3.77302e-08
0.1742000E+01 1.39229e-08
0.1744000E+01 1.2784e-08
0.1746000E+01 1.08073e-08
0.1748000E+01 -3.97525e-09
0.1750000E+01 -7.0614e-09
0.1752000E+01 -8.30328e-09
0.1754000E+01 -9.55473e-09
0.1756000E+01 -1.11339e-08
0.1758000E+01 -3.56161e-09
0.1760000E+01 2.10298e-08
0.1762000E+01 3.56727e-09
0.1764000E+01 3.73838e-09
0.1766000E+01 -1.0318e-09
0.1768000E+01 -4.70563e-09
0.1770000E+01 -6.74095e-09
0.1772000E+01 -6.12653e-09
0.1774000E+01 -7.78492e-09
0.1776000E+01 -3.10273e-09
0.1778000E+01 2.24195e-08
0.1780000E+01 5.21993e-08
0.1782000E+01 3.396e-08
0.1784000E+01 1.72053e-08
0.1786000E+01 3.61916e-09
0.1788000E+01 -1.75469e-09
0.1790000E+01 -6.64548e-09
0.1792000E+01 -9.11043e-09
0.1794000E+01 -1.41298e-08
0.1796000E+01 -2.2392e-08
0.1798000E+01 1.66842e-08
0.1800000E+01 3.33403e-08
0.1802000E+01 1.29395e-08
0.1804000E+01 1.92214e-09
0.1806000E+01 -4.79013e-09
0.1808000E+01 -3.98832e-09
0.1810000E+01 -4.54156e-09
0.1812000E+01 5.1282e-09
0.1814000E+01 5.72177e-09
0.1816000E+01 7.36847e-09
0.1818000E+01 2.76615e-08
0.1820000E+01 2.0061e-08
0.1822000E+01 7.2511e-09
0.1824000E+01 4.15095e-09
0.1826000E+01 4.67313e-09
0.1828000E+01 2.68922e-10
0.1830000E+01 -7.65049e-09
0.1832000E+01 -1.16155e-08
0.1834000E+01 -6.73481e-09
0.1836000E+01 1.61904e-08
0.1838000E+01 1.80881e-08
0.1840000E+01 7.25431e-09
0.1842000E+01 3.8821e-09
0.1844000E+01 9.45417e-09
0.1846000E+01 1.37585e-08
0.1848000E+01 7.05398e-09
0.1850000E+01 1.9386e-09
0.1852000E+01 1.09941e-08
0.1854000E+01 2.71518e-08
0.1856000E+01 1.33302e-08
0.1858000E+01 2.9534e-09
0.1860000E+01 2.81852e-09
0.1862000E+01 1.36448e-08
0.1864000E+01 1.18675e-08
0.1866000E+01 4.59336e-09
0.1868000E+01 1.40026e-09
0.1870000E+01 2.61715e-08
0.1872000E+01 3.31459e-08
0.1874000E+01 1.83078e-08
0.1876000E+01 9.41264e-09
0.1878000E+01 2.0339e-08
0.1880000E+01 2.08557e-08
0.1882000E+01 1.2897e-08
0.1884000E+01 1.00612e-08
0.1886000E+01 1.92812e-08
0.1888000E+01 2.01932e-08
0.1890000E+01 1.03909e-08
0.1892000E+01 1.68616e-08
0.1894000E+01 3.19603e-08
0.1896000E+01 3.18981e-08
0.1898000E+01 1.65007e-08
0.1900000E+01 1.94214e-08
0.1902000E+01 9.40028e-09
0.1904000E+01 1.32446e-08
0.1906000E+01 1.4335e-08
0.1908000E+01 3.89851e-08
0.1910000E+01 6.01591e-08
0.1912000E+01 2.61937e-08
0.1914000E+01 1.54045e-08
0.1916000E+01 -1.0376e-08
0.1918000E+01 1.95212e-09
0.1920000E+01 1.3352e-08
0.1922000E+01 -3.62838e-09
0.1924000E+01 -2.37756e-07
0.1926000E+01 1.05655e-07
0.1928000E+01 4.17898e-07
0.1930000E+01 2.52071e-07
0.1932000E+01 2.18802e-07
0.1934000E+01 2.97695e-07
0.1936000E+01 2.68731e-07
0.1938000E+01 1.34118e-07
0.1940000E+01 1.06459e-07
0.1942000E+01 3.70384e-07
0.1944000E+01 4.57733e-07
0.1946000E+01 4.6836e-07
0.1948000E+01 5.75764e-07
0.1950000E+01 8.40803e-07
0.1952000E+01 6.44145e-07
0.1954000E+01 3.30184e-06
0.1956000E+01 -5.1695e-07
0.1958000E+01 -4.01586e-06
0.1960000E+01 -1.29153e-06
0.1962000E+01 -1.46515e-06
0.1964000E+01 -5.53343e-07
0.1966000E+01 -3.79507e-07
0.1968000E+01 -3.96506e-07
0.1970000E+01 -4.72607e-07
0.1972000E+01 -7.14048e-07
0.1974000E+01 -7.02844e-07
0.1976000E+01 -2.91269e-07
0.1978000E+01 -2.0239e-07
0.1980000E+01 -7.58059e-07
0.1982000E+01 -5.82537e-07
0.1984000E+01 -2.48635e-07
0.1986000E+01 -1.63342e-07
0.1988000E+01 -1.81864e-07
0.1990000E+01 -2.30796e-07
0.1992000E+01 -2.60795e-07
0.1994000E+01 -9.0704e-08
0.1996000E+01 -9.80438e-08
0.1998000E+01 -1.05696e-07
0.2000000E+01 -1.0917e-07
0.2002000E+01 -1.10382e-07
0.2004000E+01 -1.11955e-07
0.2006000E+01 -1.15436e-07
0.2008000E+01 -1.18584e-07
0.2010000E+01 -1.23061e-07
0.2012000E+01 -1.30999e-07
0.2014000E+01 -1.4625e-07
0.2016000E+01 -1.82991e-07
0.2018000E+01 -1.32266e-07
0.2020000E+01 -8.39644e-08
0.2022000E+01 -8.61694e-08
0.2024000E+01 -8.90648e-08
0.2026000E+01 -8.25704e-08
0.2028000E+01 -8.29935e-08
0.2030000E+01 8.24832e-08
0.2032000E+01 4.54045e-07
0.2034000E+01 8.80887e-07
0.2036000E+01 1.32695e-07
0.2038000E+01 -7.33413e-07
0.2040000E+01 -1.08517e-07
0.2042000E+01 4.95896e-08
0.2044000E+01 6.87677e-08
0.2046000E+01 -8.00708e-08
0.2048000E+01 7.28323e-08
0.2050000E+01 2.44679e-07
0.2052000E+01 1.08852e-07
0.2054000E+01 -2.45845e-07
0.2056000E+01 -2.40198e-07
0.2058000E+01 -9.08214e-08
0.2060000E+01 -4.6827e-08
0.2062000E+01 -5.10639e-08
0.2064000E+01 -7.89573e-08
0.2066000E+01 -1.1492e-07
0.2068000E+01 -1.08319e-07
0.2070000E+01 -7.44561e-08
0.2072000E+01 -4.70388e-08
0.2074000E+01 5.69302e-08
0.2076000E+01 1.13294e-08
0.2078000E+01 2.45766e-08
0.2080000E+01 3.08524e-08
0.2082000E+01 6.31129e-09
0.2084000E+01 -7.84959e-08
0.2086000E+01 -7.77544e-08
0.2088000E+01 -7.39671e-08
0.2090000E+01 -8.53518e-08
0.2092000E+01 -2.64355e-08
0.2094000E+01 2.68502e-08
0.2096000E+01 -1.85784e-08
0.2098000E+01 -4.86098e-08
0.2100000E+01 -3.74522e-08
0.2102000E+01 -3.78342e-08
0.2104000E+01 -3.8216e-08
0.2106000E+01 -2.71567e-08
0.2108000E+01 -7.60866e-09
0.2110000E+01 3.10428e-09
0.2112000E+01 -2.81344e-09
0.2114000E+01 -9.65236e-10
0.2116000E+01 3.85078e-08
0.2118000E+01 -7.37927e-09
0.2120000E+01 -6.79084e-08
0.2122000E+01 -5.28643e-08
0.2124000E+01 -6.50527e-08
0.2126000E+01 -4.3799e-08
0.2128000E+01 6.87192e-10
0.2130000E+01 3.29844e-08
0.2132000E+01 8.33515e-09
0.2134000E+01 -3.21774e-08
0.2136000E+01 -2.97153e-08
0.2138000E+01 -2.55096e-08
0.2140000E+01 -2.34525e-08
0.2142000E+01 -3.19962e-08
0.2144000E+01 -1.02719e-08
0.2146000E+01 1.90862e-08
0.2148000E+01 2.93231e-09
0.2150000E+01 -1.32793e-08
0.2152000E+01 -1.01918e-08
0.2154000E+01 -2.99662e-09
0.2156000E+01 -3.37889e-08
0.2158000E+01 -6.29086e-08
0.2160000E+01 -3.24419e-08
0.2162000E+01 -9.20151e-09
0.2164000E+01 -9.02975e-09
0.2166000E+01 -1.59772e-08
0.2168000E+01 -1.27685e-08
0.2170000E+01 -7.2598e-09
0.2172000E+01 -1.71305e-08
0.2174000E+01 -4.10312e-08
0.2176000E+01 -4.71636e-08
0.2178000E+01 -1.11572e-08
0.2180000E+01 6.33691e-08
0.2182000E+01 4.97571e-08
0.2184000E+01 -7.21287e-09
0.2186000E+01 -1.18561e-08
0.2188000E+01 -1.21291e-08
0.2190000E+01 -1.41504e-08
0.2192000E+01 -5.56621e-10
0.2194000E+01 2.6186e-08
0.2196000E+01 4.90547e-08
0.2198000E+01 -5.59019e-09
0.2200000E+01 -2.4456e-08
0.2202000E+01 -2.06297e-08
0.2204000E+01 -1.86143e-08
0.2206000E+01 -1.78552e-08
0.2208000E+01 7.22976e-10
0.2210000E+01 2.31274e-08
0.2212000E+01 2.77895e-08
0.2214000E+01 3.13524e-08
0.2216000E+01 -1.33192e-10
0.2218000E+01 -3.05843e-08
0.2220000E+01 -4.34031e-08
0.2222000E+01 6.01107e-08
0.2224000E+01 7.4714e-08
0.2226000E+01 1.14443e-08
0.2228000E+01 2.28192e-08
0.2230000E+01 1.85421e-08
0.2232000E+01 5.31266e-08
0.2234000E+01 9.78311e-08
0.2236000E+01 1.16528e-07
0.2238000E+01 1.10837e-07
0.2240000E+01 5.0719e-08
0.2242000E+01 6.10879e-08
0.2244000E+01 1.11212e-07
0.2246000E+01 6.05178e-08
0.2248000E+01 -1.935e-08
0.2250000E+01 8.8483e-09
0.2252000E+01 1.29538e-07
0.2254000E+01 2.90113e-07
0.2256000E+01 4.14375e-07
0.2258000E+01 7.24983e-07
0.2260000E+01 -3.52626e-08
0.2262000E+01 -4.12179e-07
0.2264000E+01 -3.35968e-07
0.2266000E+01 -2.80863e-07
0.2268000E+01 -2.24944e-07
0.2270000E+01 -2.02301e-07
0.2272000E+01 -1.61591e-07
0.2274000E+01 -1.52711e-07
0.2276000E+01 -1.49927e-07
0.2278000E+01 -1.38441e-07
0.2280000E+01 -1.03148e-07
0.2282000E+01 -7.73424e-08
0.2284000E+01 -7.69772e-08
0.2286000E+01 -8.1718e-08
0.2288000E+01 -7.35935e-08
0.2290000E+01 -6.93889e-08
0.2292000E+01 -6.71363e-08
0.2294000E+01 -6.06544e-08
0.2296000E+01 -5.60002e-08
0.2298000E+01 -5.70673e-08
0.2300000E+01 -6.16904e-08
0.2302000E+01 -6.38698e-08
0.2304000E+01 -6.44108e-08
0.2306000E+01 -6.34296e-08
0.2308000E+01 -6.40414e-08
0.2310000E+01 -6.39968e-08
0.2312000E+01 -4.96579e-08
0.2314000E+01 -5.39226e-08
0.2316000E+01 -6.1782e-08
0.2318000E+01 -6.24659e-08
0.2320000E+01 -6.09233e-08
0.2322000E+01 -5.94601e-08
0.2324000E+01 -5.72084e-08
0.2326000E+01 -5.4996e-08
0.2328000E+01 -5.3844e-08
0.2330000E+01 -5.12834e-08
0.2332000E+01 -5.19865e-08
0.2334000E+01 -5.17904e-08
0.2336000E+01 -4.95953e-08
0.2338000E+01 -4.99428e-08
0.2340000E+01 -4.88071e-08
0.2342000E+01 -4.89218e-08
0.2344000E+01 -4.59568e-08
0.2346000E+01 -4.26745e-08
0.2348000E+01 -4.59157e-08
0.2350000E+01 -4.83287e-08
0.2352000E+01 -4.61419e-08
0.2354000E+01 -4.4359e-08
0.2356000E+01 -4.303e-08
0.2358000E+01 -4.18277e-08
0.2360000E+01 -4.35951e-08
0.2362000E+01 -4.28586e-08
0.2364000E+01 -3.28471e-08
0.2366000E+01 -3.61906e-08
0.2368000E+01 -5.10699e-08
0.2370000E+01 -7.44644e-08
0.2372000E+01 -7.13947e-08
0.2374000E+01 -5.81331e-08
0.2376000E+01 -2.64611e-08
0.2378000E+01 -2.42897e-08
0.2380000E+01 -2.29441e-08
0.2382000E+01 -6.46007e-09
0.2384000E+01 -6.60735e-08
0.2386000E+01 -3.73279e-08
0.2388000E+01 -4.2528e-08
0.2390000E+01 -4.45895e-08
0.2392000E+01 -5.43839e-08
0.2394000E+01 -4.31342e-08
0.2396000E+01 -4.64821e-08
0.2398000E+01 -4.92691e-08
0.2400000E+01 -4.70743e-08
0.2402000E+01 -4.42876e-08
0.2404000E+01 -4.74226e-08
0.2406000E+01 -4.38423e-08
0.2408000E+01 -4.60581e-08
0.2410000E+01 -4.60936e-08
0.2412000E+01 -3.93648e-08
0.2414000E+01 -3.88143e-08
0.2416000E+01 -3.84657e-08
0.2418000E+01 -3.67507e-08
0.2420000E+01 -2.67921e-08
0.2422000E+01 -3.83018e-08
0.2424000E+01 -4.28613e-08
0.2426000E+01 -4.2555e-08
0.2428000E+01 -4.29412e-08
0.2430000E+01 -4.20622e-08
0.2432000E+01 -3.98651e-08
0.2434000E+01 -3.74216e-08
0.2436000E+01 -3.98203e-08
0.2438000E+01 -3.87777e-08
0.2440000E+01 -3.62893e-08
0.2442000E+01 -3.82928e-08
0.2444000E+01 -4.0921e-08
0.2446000E+01 -3.87968e-08
0.2448000E+01 -3.72765e-08
0.2450000E+01 -3.66091e-08
0.2452000E+01 -3.7158e-08
0.2454000E+01 -3.62718e-08
0.2456000E+01 -3.59226e-08
0.2458000E+01 -3.52362e-08
0.2460000E+01 -3.2194e-08
0.2462000E+01 -2.79129e-08
0.2464000E+01 -6.73685e-08
0.2466000E+01 4.94277e-09
0.2468000E+01 -2.73545e-08
0.2470000E+01 -1.86089e-08
0.2472000E+01 -1.86577e-08
0.2474000E+01 -2.34065e-08
0.2476000E+01 -2.75033e-08
0.2478000E+01 -2.17247e-08
0.2480000E+01 -3.51889e-08
0.2482000E+01 -2.92521e-08
0.2484000E+01 -2.41587e-08
0.2486000E+01 -2.69387e-08
0.2488000E+01 -2.22471e-08
0.2490000E+01 -2.78964e-08
0.2492000E+01 -2.70645e-08
0.2494000E+01 -2.55799e-08
0.2496000E+01 -2.48653e-08
0.2498000E+01 -2.68267e-08
0.2500000E+01 -7.12655e-09
0.2502000E+01 -2.70492e-08
0.2504000E+01 -2.07769e-08
0.2506000E+01 -1.6196e-08
0.2508000E+01 -1.88307e-08
0.2510000E+01 -3.07385e-08
0.2512000E+01 -2.5373e-08
0.2514000E+01 2.43368e-09
0.2516000E+01 -1.92603e-08
0.2518000E+01 -2.18013e-08
0.2520000E+01 -2.26036e-08
0.2522000E+01 -2.04766e-08
0.2524000E+01 -2.11668e-08
0.2526000E+01 -2.25072e-08
0.2528000E+01 -1.30041e-08
0.2530000E+01 -4.39765e-09
0.2532000E+01 -1.26957e-08
0.2534000E+01 -3.31914e-08
0.2536000E+01 -2.16385e-08
0.2538000E+01 -1.94305e-08
0.2540000E+01 -1.70777e-08
0.2542000E+01 -1.66726e-08
0.2544000E+01 -1.65788e-08
0.2546000E+01 9.93329e-09
0.2548000E+01 -4.85853e-09
0.2550000E+01 -8.24366e-09
0.2552000E+01 -6.96457e-09
0.2554000E+01 -2.05065e-08
0.2556000E+01 -1.292e-08
0.2558000E+01 -1.30445e-08
0.2560000E+01 -1.60323e-08
0.2562000E+01 -1.44588e-08
0.2564000E+01 6.60541e-10
0.2566000E+01 6.66104e-11
0.2568000E+01 -5.30375e-09
0.2570000E+01 -1.06031e-08
0.2572000E+01 -8.12326e-09
0.2574000E+01 -6.59214e-09
0.2576000E+01 -5.62321e-09
0.2578000E+01 -7.28606e-09
0.2580000E+01 -9.06034e-09
0.2582000E+01 -1.0747e-08
0.2584000E+01 9.69721e-09
0.2586000E+01 9.60201e-09
0.2588000E+01 2.06669e-09
0.2590000E+01 1.0258e-09
0.2592000E+01 -1.30639e-08
0.2594000E+01 -7.14067e-09
0.2596000E+01 -8.94032e-09
0.2598000E+01 -3.42897e-09
0.2600000E+01 -1.76577e-09
0.2602000E+01 -1.19487e-09
0.2604000E+01 1.24202e-09
0.2606000E+01 1.30228e-08
0.2608000E+01 -8.76959e-10
0.2610000E+01 1.41161e-09
0.2612000E+01 2.03996e-09
0.2614000E+01 1.14094e-09
0.2616000E+01 3.2964e-09
0.2618000E+01 -4.0242e-09
0.2620000E+01 -9.17489e-09
0.2622000E+01 -5.91089e-09
0.2624000E+01 -8.17224e-09
0.2626000E+01 -1.36779e-09
0.2628000E+01 1.1251e-08
0.2630000E+01 1.2173e-08
0.2632000E+01 -1.35275e-09
0.2634000E+01 -1.51297e-08
0.2636000E+01 -7.25575e-09
0.2638000E+01 2.02468e-10
0.2640000E+01 -1.12867e-09
0.2642000E+01 -9.66662e-11
0.2644000E+01 1.87016e-09
0.2646000E+01 3.49926e-09
0.2648000E+01 -6.38103e-09
0.2650000E+01 -1.21483e-08
0.2652000E+01 1.38005e-09
0.2654000E+01 5.29556e-09
0.2656000E+01 8.42412e-09
0.2658000E+01 2.91109e-09
0.2660000E+01 1.95671e-09
0.2662000E+01 3.47323e-09
0.2664000E+01 -7.53642e-09
0.2666000E+01 -1.50348e-08
0.2668000E+01 -5.6399e-09
0.2670000E+01 7.79078e-10
0.2672000E+01 1.10474e-09
0.2674000E+01 -1.54183e-10
0.2676000E+01 4.96041e-10
0.2678000E+01 1.17814e-08
0.2680000E+01 9.01047e-10
0.2682000E+01 -1.04403e-08
0.2684000E+01 -2.9705e-09
0.2686000E+01 -1.98542e-09
0.2688000E+01 -5.12599e-10
0.2690000E+01 -1.11178e-09
0.2692000E+01 2.26345e-10
0.2694000E+01 5.02631e-09
0.2696000E+01 2.74261e-10
0.2698000E+01 1.86387e-10
0.2700000E+01 -1.73541e-08
0.2702000E+01 -1.82566e-08
0.2704000E+01 -2.60153e-09
0.2706000E+01 2.08477e-09
0.2708000E+01 4.02855e-09
0.2710000E+01 3.2218e-09
0.2712000E+01 3.72155e-09
0.2714000E+01 3.67838e-09
0.2716000E+01 1.66639e-09
0.2718000E+01 3.05267e-09
0.2720000E+01 -6.5245e-09
0.2722000E+01 -3.50407e-09
0.2724000E+01 -1.40069e-08
0.2726000E+01 -3.37228e-09
0.2728000E+01 -2.77814e-09
0.2730000E+01 4.53756e-09
0.2732000E+01 6.62246e-09
0.2734000E+01 8.70924e-09
0.2736000E+01 -4.51866e-10
0.2738000E+01 -6.75634e-09
0.2740000E+01 -1.4771e-10
0.2742000E+01 4.72663e-09
0.2744000E+01 6.24541e-09
0.2746000E+01 -1.22661e-09
0.2748000E+01 -1.28026e-08
0.2750000E+01 -4.7487e-09
0.2752000E+01 -1.71983e-09
0.2754000E+01 -1.91949e-08
0.2756000E+01 -7.19781e-09
0.2758000E+01 2.8159e-09
0.2760000E+01 6.90451e-09
0.2762000E+01 3.91971e-09
0.2764000E+01 5.35186e-09
0.2766000E+01 5.97646e-09
0.2768000E+01 -4.5714e-09
0.2770000E+01 -5.49827e-09
0.2772000E+01 -3.03664e-09
0.2774000E+01 -1.18226e-08
0.2776000E+01 -3.74304e-09
0.2778000E+01 -1.48072e-09
0.2780000E+01 -3.28304e-10
0.2782000E+01 -2.10207e-08
0.2784000E+01 -1.02556e-08
0.2786000E+01 -2.52578e-10
0.2788000E+01 5.13266e-09
0.2790000E+01 4.35004e-09
0.2792000E+01 3.47157e-09
0.2794000E+01 -7.78951e-09
0.2796000E+01 -2.30257e-08
0.2798000E+01 -8.31477e-09
0.2800000E+01 -6.02758e-09
0.2802000E+01 -5.18549e-09
0.2804000E+01 -3.5086e-09
0.2806000E+01 -3.39547e-08
0.2808000E+01 -2.36651e-08
0.2810000E+01 -1.68881e-08
0.2812000E+01 -1.11055e-08
0.2814000E+01 -7.29194e-09
0.2816000E+01 -3.26589e-08
0.2818000E+01 -2.80527e-08
0.2820000E+01 -2.47131e-08
0.2822000E+01 -2.11526e-08
0.2824000E+01 -2.95941e-08
0.2826000E+01 -7.25992e-08
0.2828000E+01 -3.70447e-08
0.2830000E+01 -3.85654e-08
0.2832000E+01 -8.23419e-08
0.2834000E+01 -1.14564e-07
0.2836000E+01 -8.3578e-08
0.2838000E+01 -1.66428e-07
0.2840000E+01 -1.8759e-07
0.2842000E+01 -2.78443e-07
0.2844000E+01 -5.39061e-07
0.2846000E+01 -8.07836e-07
0.2848000E+01 1.39394e-06
0.2850000E+01 5.25468e-07
0.2852000E+01 3.34093e-07
0.2854000E+01 2.0331e-07
0.2856000E+01 2.59958e-07
0.2858000E+01 1.79526e-07
0.2860000E+01 1.43609e-07
0.2862000E+01 1.34338e-07
0.2864000E+01 1.55968e-07
0.2866000E+01 1.13429e-07
0.2868000E+01 1.15451e-07
0.2870000E+01 9.72714e-08
0.2872000E+01 1.01056e-07
0.2874000E+01 1.04818e-07
0.2876000E+01 7.87215e-08
0.2878000E+01 8.34104e-08
0.2880000E+01 9.03731e-08
0.2882000E+01 7.99042e-08
0.2884000E+01 8.85884e-08
0.2886000E+01 6.48976e-08
0.2888000E+01 6.53252e-08
0.2890000E+01 6.6176e-08
0.2892000E+01 6.8889e-08
0.2894000E+01 7.58359e-08
0.2896000E+01 8.51813e-08
0.2898000E+01 6.08355e-08
0.2900000E+01 5.83889e-08
0.2902000E+01 5.80582e-08
0.2904000E+01 5.23546e-08
0.2906000E+01 4.64301e-08
0.2908000E+01 5.41555e-08
0.2910000E+01 5.0838e-08
0.2912000E+01 5.96569e-08
0.2914000E+01 4.80677e-08
0.2916000E+01 4.78807e-08
0.2918000E+01 4.80635e-08
0.2920000E+01 4.97891e-08
0.2922000E+01 5.47433e-08
0.2924000E+01 4.58392e-08
0.2926000E+01 4.14554e-08
0.2928000E+01 4.32888e-08
0.2930000E+01 4.37161e-08
0.2932000E+01 4.60196e-08
0.2934000E+01 4.55404e-08
0.2936000E+01 4.22139e-08
0.2938000E+01 4.09846e-08
0.2940000E+01 1.32273e-07
0.2942000E+01 1.44492e-07
0.2944000E+01 4.62208e-08
0.2946000E+01 3.38522e-08
0.2948000E+01 3.13887e-08
0.2950000E+01 3.88863e-08
0.2952000E+01 4.78894e-08
0.2954000E+01 3.4942e-08
0.2956000E+01 3.56374e-08
0.2958000E+01 5.29493e-08
0.2960000E+01 4.57676e-08
0.2962000E+01 3.84465e-08
0.2964000E+01 3.38654e-08
0.2966000E+01 3.35928e-08
0.2968000E+01 3.17266e-08
0.2970000E+01 3.71535e-08
0.2972000E+01 4.31357e-08
0.2974000E+01 4.57576e-08
0.2976000E+01 3.2e-08
0.2978000E+01 3.51708e-08
0.2980000E+01 4.83185e-08
0.2982000E+01 4.62045e-08
0.2984000E+01 2.73974e-08
0.2986000E+01 4.43267e-08
0.2988000E+01 7.43682e-08
0.2990000E+01 1.64999e-08
0.2992000E+01 -4.65855e-09
0.2994000E+01 2.64521e-08
0.2996000E+01 3.10514e-08
0.2998000E+01 3.62455e-08
0.3000000E+01 3.58846e-08
0.3002000E+01 3.47091e-08
0.3004000E+01 3.27716e-08
0.3006000E+01 3.25952e-08
0.3008000E+01 3.63138e-08
0.3010000E+01 3.3985e-08
0.3012000E+01 3.44935e-08
0.3014000E+01 3.25437e-08
0.3016000E+01 3.19478e-08
0.3018000E+01 3.40654e-08
0.3020000E+01 3.05938e-08
0.3022000E+01 3.09957e-08
0.3024000E+01 3.25624e-08
0.3026000E+01 3.50789e-08
0.3028000E+01 3.56176e-08
0.3030000E+01 3.37332e-08
0.3032000E+01 3.57038e-08
0.3034000E+01 3.50489e-08
0.3036000E+01 3.40977e-08
0.3038000E+01 3.36624e-08
0.3040000E+01 3.27224e-08
0.3042000E+01 3.36543e-08
0.3044000E+01 3.15447e-08
0.3046000E+01 4.13297e-08
0.3048000E+01 3.45133e-08
0.3050000E+01 3.45678e-08
0.3052000E+01 3.25473e-08
0.3054000E+01 3.00309e-08
0.3056000E+01 3.04417e-08
0.3058000E+01 3.17782e-08
0.3060000E+01 3.26138e-08
0.3062000E+01 3.18394e-08
0.3064000E+01 3.49923e-08
0.3066000E+01 3.44272e-08
0.3068000E+01 3.35946e-08
0.3070000E+01 3.43724e-08
0.3072000E+01 3.31571e-08
0.3074000E+01 3.18815e-08
0.3076000E+01 3.33047e-08
0.3078000E+01 3.16919e-08
0.3080000E+01 3.33256e-08
0.3082000E+01 3.7195e-08
0.3084000E+01 3.48373e-08
0.3086000E+01 3.26525e-08
0.3088000E+01 3.21929e-08
0.3090000E+01 3.02073e-08
0.3092000E+01 2.65156e-08
0.3094000E+01 2.75738e-08
0.3096000E+01 2.62838e-08
0.3098000E+01 3.38792e-08
0.3100000E+01 3.3069e-08
0.3102000E+01 3.06455e-08
0.3104000E+01 3.1247e-08
0.3106000E+01 3.15973e-08
0.3108000E+01 3.46928e-08
0.3110000E+01 3.05876e-08
0.3112000E+01 2.73661e-08
0.3114000E+01 3.06196e-08
0.3116000E+01 3.30422e-08
0.3118000E+01 3.27788e-08
0.3120000E+01 3.71574e-08
0.3122000E+01 3.38476e-08
0.3124000E+01 2.41317e-08
0.3126000E+01 2.35008e-08
0.3128000E+01 2.48259e-08
0.3130000E+01 2.69303e-08
0.3132000E+01 3.58419e-08
0.3134000E+01 2.64247e-08
0.3136000E+01 3.10047e-08
0.3138000E+01 3.40282e-08
0.3140000E+01 3.18307e-08
0.3142000E+01 3.33042e-08
0.3144000E+01 3.30787e-08
0.3146000E+01 3.72907e-08
0.3148000E+01 3.57988e-08
0.3150000E+01 3.13876e-08
0.3152000E+01 3.52554e-08
0.3154000E+01 3.73908e-08
0.3156000E+01 3.34696e-08
0.3158000E+01 2.98704e-08
0.3160000E+01 3.69414e-08
0.3162000E+01 4.30742e-08
0.3164000E+01 4.25272e-08
0.3166000E+01 4.25837e-08
0.3168000E+01 3.60474e-08
0.3170000E+01 -1.43949e-07
0.3172000E+01 -7.42109e-08
0.3174000E+01 -7.78076e-09
0.3176000E+01 1.85371e-08
0.3178000E+01 3.31773e-08
0.3180000E+01 1.57198e-08
0.3182000E+01 5.15261e-08
0.3184000E+01 3.40205e-08
0.3186000E+01 4.5084e-08
0.3188000E+01 3.6308e-08
0.3190000E+01 4.71362e-08
0.3192000E+01 4.46844e-08
0.3194000E+01 3.79031e-08
0.3196000E+01 4.11146e-08
0.3198000E+01 4.59593e-08
0.3200000E+01 4.7145e-08
0.3202000E+01 5.03306e-08
0.3204000E+01 4.3377e-08
0.3206000E+01 4.23024e-08
0.3208000E+01 3.91767e-08
0.3210000E+01 3.95598e-08
0.3212000E+01 3.97645e-08
0.3214000E+01 5.64218e-08
0.3216000E+01 4.78553e-08
0.3218000E+01 3.28713e-08
0.3220000E+01 2.16148e-08
0.3222000E+01 2.66286e-08
0.3224000E+01 3.56473e-08
0.3226000E+01 3.29039e-08
0.3228000E+01 3.22596e-08
0.3230000E+01 2.84783e-08
0.3232000E+01 2.95008e-08
0.3234000E+01 3.43436e-08
0.3236000E+01 3.65923e-08
0.3238000E+01 2.89534e-08
0.3240000E+01 4.40485e-08
0.3242000E+01 3.77082e-08
0.3244000E+01 4.9447e-08
0.3246000E+01 2.58021e-08
0.3248000E+01 3.17102e-08
0.3250000E+01 4.73064e-08
0.3252000E+01 3.43671e-07
0.3254000E+01 5.29396e-08
0.3256000E+01 1.09338e-07
0.3258000E+01 1.97382e-08
0.3260000E+01 1.6584e-07
0.3262000E+01 -2.39993e-07
0.3264000E+01 -1.14601e-07
0.3266000E+01 -4.56488e-09
0.3268000E+01 -2.0878e-08
0.3270000E+01 -1.70068e-08
0.3272000E+01 1.2389e-08
0.3274000E+01 1.85757e-08
0.3276000E+01 3.862e-08
0.3278000E+01 -2.37787e-08
0.3280000E+01 -3.6802e-08
0.3282000E+01 2.70887e-09
0.3284000E+01 1.62365e-08
0.3286000E+01 6.23906e-08
0.3288000E+01 -4.54975e-08
0.3290000E+01 2.378e-08
0.3292000E+01 1.06293e-08
0.3294000E+01 2.1925e-08
0.3296000E+01 -1.58976e-08
0.3298000E+01 -4.9477e-08
0.3300000E+01 -1.63134e-08
0.3302000E+01 -2.03002e-08
0.3304000E+01 -1.78448e-08
0.3306000E+01 -4.20134e-09
0.3308000E+01 -4.19398e-09
0.3310000E+01 -4.82889e-10
0.3312000E+01 -3.12784e-09
0.3314000E+01 -5.92523e-09
0.3316000E+01 -6.64485e-09
0.3318000E+01 -4.74237e-09
0.3320000E+01 -5.14133e-09
0.3322000E+01 -2.43714e-09
0.3324000E+01 -3.05657e-09
0.3326000E+01 3.67474e-09
0.3328000E+01 5.35771e-10
0.3330000E+01 1.55654e-09
0.3332000E+01 4.15908e-10
0.3334000E+01 -8.48559e-10
0.3336000E+01 -1.53801e-09
0.3338000E+01 -2.67625e-09
0.3340000E+01 -1.60689e-09
0.3342000E+01 -1.99746e-09
0.3344000E+01 -1.32521e-09
0.3346000E+01 -6.33614e-11
0.3348000E+01 -5.69235e-10
0.3350000E+01 4.27514e-10
0.3352000E+01 -7.27584e-10
0.3354000E+01 2.07847e-10
0.3356000E+01 1.39526e-09
0.3358000E+01 -1.29132e-09
0.3360000E+01 2.71237e-10
0.3362000E+01 -7.15281e-10
0.3364000E+01 -4.1826e-09
0.3366000E+01 -1.60702e-09
0.3368000E+01 -4.89948e-10
0.3370000E+01 5.12826e-10
0.3372000E+01 -5.26234e-10
0.3374000E+01 -2.23508e-10
0.3376000E+01 -2.44301e-10
0.3378000E+01 -3.78527e-10
0.3380000E+01 1.69184e-09
0.3382000E+01 2.3413e-09
0.3384000E+01 -6.89799e-10
0.3386000E+01 -1.39556e-09
0.3388000E+01 3.735e-11
0.3390000E+01 -5.10588e-09
0.3392000E+01 -9.79697e-09
0.3394000E+01 -2.2941e-09
0.3396000E+01 -2.3855e-09
0.3398000E+01 -3.06358e-11
0.3400000E+01 1.80361e-09
0.3402000E+01 -4.73548e-09
0.3404000E+01 -5.21895e-11
0.3406000E+01 6.36322e-10
0.3408000E+01 8.68232e-11
0.3410000E+01 -3.72316e-10
0.3412000E+01 7.10921e-10
0.3414000E+01 1.8277e-10
0.3416000E+01 6.90319e-10
0.3418000E+01 7.11874e-10
0.3420000E+01 -3.8095e-09
0.3422000E+01 -4.67671e-09
0.3424000E+01 -3.38384e-09
0.3426000E+01 1.84272e-10
0.3428000E+01 -3.37738e-09
0.3430000E+01 1.87708e-08
0.3432000E+01 -8.8189e-10
0.3434000E+01 -1.25887e-09
0.3436000E+01 -3.98412e-09
0.3438000E+01 -6.75695e-09
0.3440000E+01 -2.41506e-09
0.3442000E+01 -3.94736e-09
0.3444000E+01 -3.92685e-09
0.3446000E+01 -3.16648e-09
0.3448000E+01 -2.96289e-09
0.3450000E+01 -3.0615e-09
0.3452000E+01 -8.83789e-09
0.3454000E+01 -3.18301e-09
0.3456000E+01 8.67339e-09
0.3458000E+01 1.59235e-09
0.3460000E+01 6.48919e-10
0.3462000E+01 -4.51323e-09
0.3464000E+01 -2.46643e-09
0.3466000E+01 -1.05903e-08
0.3468000E+01 -8.8471e-09
0.3470000E+01 -7.91928e-09
0.3472000E+01 -6.38355e-09
0.3474000E+01 -7.22878e-09
0.3476000E+01 -6.01361e-09
0.3478000E+01 -9.29302e-09
0.3480000E+01 -4.2063e-09
0.3482000E+01 -4.82305e-09
0.3484000E+01 -5.76787e-09
0.3486000E+01 -2.85837e-09
0.3488000E+01 -5.38499e-09
0.3490000E+01 -8.18763e-09
0.3492000E+01 -1.58962e-08
0.3494000E+01 -4.71893e-09
0.3496000E+01 -9.34827e-09
0.3498000E+01 -9.98109e-09
0.3500000E+01 -5.96527e-09
0.3502000E+01 -1.31746e-08
0.3504000E+01 -7.35241e-09
0.3506000E+01 -3.50116e-09
0.3508000E+01 -1.11975e-09
0.3510000E+01 -1.15023e-08
0.3512000E+01 -1.73661e-08
0.3514000E+01 -3.14506e-09
0.3516000E+01 -6.85757e-09
0.3518000E+01 -1.06714e-08
0.3520000E+01 -5.77797e-09
0.3522000E+01 -5.27462e-09
0.3524000E+01 1.98362e-08
0.3526000E+01 5.37787e-09
0.3528000E+01 5.74846e-09
0.3530000E+01 7.2178e-09
0.3532000E+01 6.94945e-09
0.3534000E+01 7.74874e-09
0.3536000E+01 5.62124e-09
0.3538000E+01 7.68862e-09
0.3540000E+01 1.14734e-08
0.3542000E+01 1.72523e-08
0.3544000E+01 1.66901e-08
0.3546000E+01 2.1661e-08
0.3548000E+01 1.13109e-08
0.3550000E+01 1.10518e-08
0.3552000E+01 8.60031e-09
0.3554000E+01 1.42697e-08
0.3556000E+01 5.5623e-09
0.3558000E+01 -1.84987e-09
0.3560000E+01 5.03747e-08
0.3562000E+01 1.79425e-08
0.3564000E+01 1.60387e-08
0.3566000E+01 1.27931e-08
0.3568000E+01 7.31851e-09
0.3570000E+01 8.08653e-09
0.3572000E+01 5.93946e-09
0.3574000E+01 6.7182e-08
0.3576000E+01 2.33298e-08
0.3578000E+01 1.4574e-08
0.3580000E+01 1.77711e-08
0.3582000E+01 1.28783e-08
0.3584000E+01 -3.41627e-09
0.3586000E+01 7.70894e-08
0.3588000E+01 3.2714e-08
0.3590000E+01 6.23098e-08
0.3592000E+01 5.87628e-09
0.3594000E+01 2.17249e-07
0.3596000E+01 2.45977e-08
0.3598000E+01 6.45231e-07
0.3600000E+01 -1.59596e-06
0.3602000E+01 -1.17002e-07
0.3604000E+01 -9.18988e-08
0.3606000E+01 -2.45108e-08
0.3608000E+01 -2.56455e-08
0.3610000E+01 -3.52309e-08
0.3612000E+01 -3.72814e-08
0.3614000E+01 -1.75252e-08
0.3616000E+01 -8.46098e-09
0.3618000E+01 -2.65843e-08
0.3620000E+01 -2.82689e-08
0.3622000E+01 -3.62961e-08
0.3624000E+01 -1.32158e-08
0.3626000E+01 -2.17301e-08
0.3628000E+01 -2.00399e-08
0.3630000E+01 -3.88264e-08
0.3632000E+01 -9.39205e-09
0.3634000E+01 -1.33409e-08
0.3636000E+01 -1.53498e-08
0.3638000E+01 -2.86995e-08
0.3640000E+01 -7.37541e-09
0.3642000E+01 -9.89055e-09
0.3644000E+01 -3.72123e-09
0.3646000E+01 -1.16203e-08
0.3648000E+01 -2.60255e-08
0.3650000E+01 -1.41838e-08
0.3652000E+01 -1.16648e-08
0.3654000E+01 -1.02662e-08
0.3656000E+01 -1.21801e-08
0.3658000E+01 -1.56066e-08
0.3660000E+01 -5.48737e-09
0.3662000E+01 -6.17221e-09
0.3664000E+01 -1.04774e-08
0.3666000E+01 -1.04546e-08
0.3668000E+01 -5.44824e-09
0.3670000E+01 1.93329e-08
0.3672000E+01 -3.86806e-09
0.3674000E+01 -5.73471e-09
0.3676000E+01 -7.60114e-09
0.3678000E+01 -8.71757e-09
0.3680000E+01 -7.35723e-09
0.3682000E+01 2.6577e-10
0.3684000E+01 -1.13459e-09
0.3686000E+01 -3.15453e-09
0.3688000E+01 -8.99303e-09
0.3690000E+01 -4.32569e-09
0.3692000E+01 -1.11898e-08
0.3694000E+01 -3.69618e-09
0.3696000E+01 -5.10615e-09
0.3698000E+01 -4.72545e-09
0.3700000E+01 -3.79642e-09
0.3702000E+01 -3.04713e-09
0.3704000E+01 -1.07144e-08
0.3706000E+01 5.1256e-09
0.3708000E+01 4.31289e-09
0.3710000E+01 2.69337e-09
0.3712000E+01 5.1945e-09
0.3714000E+01 -4.74342e-10
0.3716000E+01 -2.42479e-09
0.3718000E+01 7.92168e-12
0.3720000E+01 -2.73906e-09
0.3722000E+01 -1.47383e-09
0.3724000E+01 -2.27631e-09
0.3726000E+01 -3.06889e-09
0.3728000E+01 -1.64137e-09
0.3730000E+01 -7.19908e-10
0.3732000E+01 1.21388e-09
0.3734000E+01 4.41529e-09
0.3736000E+01 1.23806e-09
0.3738000E+01 1.14124e-08
0.3740000E+01 4.21838e-09
0.3742000E+01 -4.4815e-10
0.3744000E+01 2.27738e-09
0.3746000E+01 1.95389e-09
0.3748000E+01 1.24281e-09
0.3750000E+01 -8.2468e-10
0.3752000E+01 -1.46774e-09
0.3754000E+01 -3.16479e-10
0.3756000E+01 6.29291e-09
0.3758000E+01 1.71597e-10
0.3760000E+01 1.36313e-09
0.3762000E+01 1.55913e-09
0.3764000E+01 1.5392e-09
0.3766000E+01 1.6793e-09
0.3768000E+01 1.62925e-08
0.3770000E+01 4.83546e-09
0.3772000E+01 3.4606e-09
0.3774000E+01 1.48076e-09
0.3776000E+01 4.22052e-09
0.3778000E+01 7.70316e-09
0.3780000E+01 5.45995e-09
0.3782000E+01 3.91626e-09
0.3784000E+01 -3.53375e-09
0.3786000E+01 -8.38912e-10
0.3788000E+01 -1.19844e-09
0.3790000E+01 -3.13917e-09
0.3792000E+01 -2.14392e-09
0.3794000E+01 4.00987e-09
0.3796000E+01 1.10715e-08
0.3798000E+01 2.55384e-09
0.3800000E+01 4.22024e-09
0.3802000E+01 1.51747e-09
0.3804000E+01 2.79874e-09
0.3806000E+01 -7.41296e-10
0.3808000E+01 1.78996e-09
0.3810000E+01 5.00213e-09
0.3812000E+01 4.74522e-09
0.3814000E+01 5.39146e-09
0.3816000E+01 1.83234e-11
0.3818000E+01 1.21277e-09
0.3820000E+01 2.11177e-08
0.3822000E+01 9.77525e-09
0.3824000E+01 7.18048e-09
0.3826000E+01 5.21255e-09
0.3828000E+01 -1.42824e-09
0.3830000E+01 -2.92241e-09
0.3832000E+01 1.09088e-09
0.3834000E+01 -1.53166e-09
0.3836000E+01 6.44386e-09
0.3838000E+01 -3.37126e-09
0.3840000E+01 1.8392e-09
0.3842000E+01 -1.04127e-08
0.3844000E+01 3.57143e-08
0.3846000E+01 1.44996e-07
0.3848000E+01 1.22561e-07
0.3850000E+01 5.41524e-08
0.3852000E+01 3.8229e-10
0.3854000E+01 -1.94375e-10
0.3856000E+01 -5.03246e-10
0.3858000E+01 -7.08945e-11
0.3860000E+01 -3.36966e-09
0.3862000E+01 1.48058e-09
0.3864000E+01 1.38345e-08
0.3866000E+01 -8.90051e-10
0.3868000E+01 2.35318e-09
0.3870000E+01 4.08186e-09
0.3872000E+01 -1.1522e-09
0.3874000E+01 -3.68201e-09
0.3876000E+01 -3.14635e-09
0.3878000E+01 -8.93974e-09
0.3880000E+01 -8.19074e-09
0.3882000E+01 1.09643e-08
0.3884000E+01 8.59642e-10
0.3886000E+01 -2.45722e-09
0.3888000E+01 -3.22477e-09
0.3890000E+01 -5.27917e-09
0.3892000E+01 -7.02074e-09
0.3894000E+01 -8.63812e-09
0.3896000E+01 -1.05576e-08
0.3898000E+01 1.25093e-08
0.3900000E+01 -2.22694e-09
0.3902000E+01 -4.38857e-09
0.3904000E+01 -7.3308e-09
0.3906000E+01 -1.12545e-08
0.3908000E+01 -1.25519e-08
0.3910000E+01 -1.6003e-08
0.3912000E+01 -1.42112e-08
0.3914000E+01 3.98727e-09
0.3916000E+01 -1.23747e-08
0.3918000E+01 -1.48635e-08
0.3920000E+01 -9.76081e-09
0.3922000E+01 -1.29666e-08
0.3924000E+01 -2.02661e-08
0.3926000E+01 -2.10256e-08
0.3928000E+01 9.70483e-09
0.3930000E+01 -7.19418e-09
0.3932000E+01 -1.14786e-08
0.3934000E+01 -1.58611e-08
0.3936000E+01 -1.34431e-08
0.3938000E+01 -1.51541e-08
0.3940000E+01 2.57577e-08
0.3942000E+01 -7.87795e-09
0.3944000E+01 -5.86926e-09
0.3946000E+01 -8.77712e-09
0.3948000E+01 -1.10453e-08
0.3950000E+01 -1.34066e-08
0.3952000E+01 6.62477e-09
0.3954000E+01 -1.07353e-08
0.3956000E+01 -1.56221e-08
0.3958000E+01 -1.6571e-08
0.3960000E+01 -1.5017e-08
0.3962000E+01 8.33087e-09
0.3964000E+01 -5.69638e-09
0.3966000E+01 -5.03926e-09
0.3968000E+01 -8.9835e-09
0.3970000E+01 7.52741e-09
0.3972000E+01 1.62423e-09
0.3974000E+01 5.92556e-10
0.3976000E+01 -1.56903e-09
0.3978000E+01 -4.19544e-08
0.3980000E+01 -1.29895e-08
0.3982000E+01 -2.5016e-08
0.3984000E+01 -8.68338e-09
0.3986000E+01 5.02376e-08
0.3988000E+01 3.96366e-09
0.3990000E+01 3.48767e-09
0.3992000E+01 -1.98977e-08
0.3994000E+01 -1.40931e-08
0.3996000E+01 -1.04992e-08
0.3998000E+01 1.34989e-08
0.4000000E+01 2.82591e-09
