0.0000000E+00 0
0.2000000E-02 0
0.4000000E-02 0
0.6000000E-02 0
0.8000000E-02 0
0.1000000E-01 0
0.1200000E-01 0
0.1400000E-01 0
0.1600000E-01 0
0.1800000E-01 0
0.2000000E-01 0
0.2200000E-01 0
0.2400000E-01 0
0.2600000E-01 0
0.2800000E-01 0
0.3000000E-01 0
0.3200000E-01 0
0.3400000E-01 0
0.3600000E-01 0
0.3800000E-01 0
0.4000000E-01 0
0.4200000E-01 0
0.4400000E-01 0
0.4600000E-01 0
0.4800000E-01 0
0.5000000E-01 0
0.5200000E-01 0
0.5400000E-01 0
0.5600000E-01 0
0.5800000E-01 0
0.6000000E-01 0
0.6200000E-01 0
0.6400000E-01 0
0.6600000E-01 0
0.6800000E-01 0
0.7000000E-01 0
0.7200000E-01 0
0.7400000E-01 0
0.7600000E-01 0
0.7800000E-01 0
0.8000000E-01 0
0.8200000E-01 0
0.8400000E-01 0
0.8600000E-01 2.43262e-05
0.8800000E-01 2.16646e-05
0.9000000E-01 8.12231e-06
0.9200000E-01 2.13692e-06
0.9400000E-01 1.09719e-06
0.9600000E-01 3.31329e-07
0.9800000E-01 -3.71141e-07
0.1000000E+00 -7.39675e-07
0.1020000E+00 -6.50104e-07
0.1040000E+00 -2.88964e-07
0.1060000E+00 6.35628e-08
0.1080000E+00 5.19342e-09
0.1100000E+00 -1.26948e-06
0.1120000E+00 -9.34104e-07
0.1140000E+00 -5.50039e-07
0.1160000E+00 -1.44455e-07
0.1180000E+00 2.7473e-07
0.1200000E+00 1.21447e-06
0.1220000E+00 -1.88668e-07
0.1240000E+00 -1.52356e-06
0.1260000E+00 -1.54942e-06
0.1280000E+00 -8.96676e-07
0.1300000E+00 -7.37974e-07
0.1320000E+00 -6.72516e-07
0.1340000E+00 -5.15955e-07
0.1360000E+00 -2.68068e-07
0.1380000E+00 -2.25953e-07
0.1400000E+00 -2.15529e-07
0.1420000E+00 -2.09023e-07
0.1440000E+00 -3.28368e-07
0.1460000E+00 -3.65128e-07
0.1480000E+00 -2.76297e-07
0.1500000E+00 -1.77693e-07
0.1520000E+00 -1.69374e-07
0.1540000E+00 -1.75778e-07
0.1560000E+00 -1.88828e-07
0.1580000E+00 -2.03529e-07
0.1600000E+00 -2.15161e-07
0.1620000E+00 -2.29487e-07
0.1640000E+00 -2.69216e-07
0.1660000E+00 -2.54772e-07
0.1680000E+00 -7.68614e-08
0.1700000E+00 -5.91759e-08
0.1720000E+00 -4.3861e-08
0.1740000E+00 -3.09315e-08
0.1760000E+00 -5.2967e-07
0.1780000E+00 -3.03582e-07
0.1800000E+00 -2.9016e-07
0.1820000E+00 -2.85442e-07
0.1840000E+00 -2.76297e-07
0.1860000E+00 -2.66337e-07
0.1880000E+00 -2.373e-07
0.1900000E+00 -2.0787e-07
0.1920000E+00 -1.88894e-07
0.1940000E+00 -1.33396e-07
0.1960000E+00 -1.35915e-07
0.1980000E+00 -1.37789e-07
0.2000000E+00 -1.39577e-07
0.2020000E+00 -1.41276e-07
0.2040000E+00 -1.42885e-07
0.2060000E+00 -1.44402e-07
0.2080000E+00 -1.44131e-07
0.2100000E+00 -1.51957e-07
0.2120000E+00 -1.73001e-07
0.2140000E+00 -1.60213e-07
0.2160000E+00 -1.48483e-07
0.2180000E+00 -1.43058e-07
0.2200000E+00 -1.38835e-07
0.2220000E+00 -1.27922e-07
0.2240000E+00 -8.75952e-08
0.2260000E+00 -6.4902e-08
0.2280000E+00 -5.11523e-08
0.2300000E+00 -1.09815e-07
0.2320000E+00 -2.34447e-07
0.2340000E+00 -1.96149e-07
0.2360000E+00 -2.00304e-07
0.2380000E+00 -1.87356e-07
0.2400000E+00 -1.59667e-07
0.2420000E+00 -1.54233e-07
0.2440000E+00 -1.48489e-07
0.2460000E+00 -1.54987e-07
0.2480000E+00 -1.62626e-07
0.2500000E+00 -1.50427e-07
0.2520000E+00 -1.2634e-07
0.2540000E+00 -1.23554e-07
0.2560000E+00 -1.19709e-07
0.2580000E+00 -1.19835e-07
0.2600000E+00 -1.1986e-07
0.2620000E+00 -1.30259e-07
0.2640000E+00 -1.33443e-07
0.2660000E+00 -1.27726e-07
0.2680000E+00 -1.24133e-07
0.2700000E+00 -9.24625e-08
0.2720000E+00 -8.64349e-08
0.2740000E+00 -8.31302e-08
0.2760000E+00 -7.81829e-08
0.2780000E+00 -7.30784e-08
0.2800000E+00 -4.82142e-08
0.2820000E+00 -8.21675e-08
0.2840000E+00 -1.67256e-07
0.2860000E+00 -1.59832e-07
0.2880000E+00 -1.42568e-07
0.2900000E+00 -1.38422e-07
0.2920000E+00 -1.39243e-07
0.2940000E+00 -1.38285e-07
0.2960000E+00 -1.37177e-07
0.2980000E+00 -1.36664e-07
0.3000000E+00 -1.36407e-07
0.3020000E+00 -1.29255e-07
0.3040000E+00 -1.24393e-07
0.3060000E+00 -1.02468e-07
0.3080000E+00 -1.02171e-07
0.3100000E+00 -1.01742e-07
0.3120000E+00 -1.01098e-07
0.3140000E+00 -9.5023e-08
0.3160000E+00 -4.66288e-08
0.3180000E+00 -2.83101e-08
0.3200000E+00 -5.33012e-08
0.3220000E+00 -8.53381e-08
0.3240000E+00 -8.57007e-08
0.3260000E+00 -8.44184e-08
0.3280000E+00 -8.306e-08
0.3300000E+00 -9.61141e-08
0.3320000E+00 -1.80026e-07
0.3340000E+00 -1.38492e-07
0.3360000E+00 -8.63554e-08
0.3380000E+00 -1.07656e-07
0.3400000E+00 -1.15675e-07
0.3420000E+00 -1.13561e-07
0.3440000E+00 -1.11001e-07
0.3460000E+00 -1.0668e-07
0.3480000E+00 -1.04153e-07
0.3500000E+00 -1.11904e-07
0.3520000E+00 -1.10648e-07
0.3540000E+00 -1.09276e-07
0.3560000E+00 -9.71194e-08
0.3580000E+00 -9.27749e-08
0.3600000E+00 1.1808e-08
0.3620000E+00 -5.32828e-08
0.3640000E+00 -6.97617e-08
0.3660000E+00 -6.73163e-08
0.3680000E+00 -6.35641e-08
0.3700000E+00 -6.30192e-08
0.3720000E+00 -6.47305e-08
0.3740000E+00 -7.32208e-08
0.3760000E+00 -1.66825e-07
0.3780000E+00 -1.05897e-07
0.3800000E+00 -1.1239e-07
0.3820000E+00 -1.17505e-07
0.3840000E+00 -2.61834e-08
0.3860000E+00 -1.08294e-07
0.3880000E+00 -1.00128e-07
0.3900000E+00 -9.90586e-08
0.3920000E+00 -9.71928e-08
0.3940000E+00 -9.68558e-08
0.3960000E+00 -9.92757e-08
0.3980000E+00 -9.80869e-08
0.4000000E+00 -9.67131e-08
0.4020000E+00 -5.61015e-08
0.4040000E+00 -3.16632e-08
0.4060000E+00 -2.90004e-08
0.4080000E+00 -2.74292e-08
0.4100000E+00 -2.5686e-08
0.4120000E+00 -3.21969e-08
0.4140000E+00 -1.09822e-07
0.4160000E+00 -1.03496e-07
0.4180000E+00 -1.0536e-07
0.4200000E+00 -1.09529e-07
0.4220000E+00 -1.10583e-07
0.4240000E+00 -1.00555e-07
0.4260000E+00 -7.64646e-08
0.4280000E+00 -7.06797e-08
0.4300000E+00 -7.60053e-08
0.4320000E+00 -8.21628e-08
0.4340000E+00 -8.71433e-08
0.4360000E+00 -8.56852e-08
0.4380000E+00 -8.42146e-08
0.4400000E+00 -8.01874e-08
0.4420000E+00 -7.79654e-08
0.4440000E+00 -8.03847e-08
0.4460000E+00 -4.36432e-08
0.4480000E+00 4.44976e-08
0.4500000E+00 -8.98245e-08
0.4520000E+00 -8.70507e-08
0.4540000E+00 -9.33928e-08
0.4560000E+00 -8.5745e-08
0.4580000E+00 -8.08054e-08
0.4600000E+00 -8.0247e-08
0.4620000E+00 -7.86736e-08
0.4640000E+00 -7.7803e-08
0.4660000E+00 -6.03178e-08
0.4680000E+00 -6.02388e-08
0.4700000E+00 -6.03551e-08
0.4720000E+00 -6.7725e-08
0.4740000E+00 -6.89714e-08
0.4760000E+00 -6.8396e-08
0.4780000E+00 -6.84585e-08
0.4800000E+00 -8.86582e-08
0.4820000E+00 -1.38594e-07
0.4840000E+00 -1.33065e-07
0.4860000E+00 -1.75191e-08
0.4880000E+00 -6.89732e-08
0.4900000E+00 -3.61883e-08
0.4920000E+00 -4.01905e-08
0.4940000E+00 -4.84213e-08
0.4960000E+00 -6.09704e-08
0.4980000E+00 -5.52534e-08
0.5000000E+00 -4.47576e-08
0.5020000E+00 -4.4936e-08
0.5040000E+00 -4.38737e-08
0.5060000E+00 -4.00675e-08
0.5080000E+00 -6.79659e-08
0.5100000E+00 -1.36042e-07
0.5120000E+00 -9.96906e-08
0.5140000E+00 -9.84791e-08
0.5160000E+00 -7.21674e-08
0.5180000E+00 -6.96529e-08
0.5200000E+00 -7.31206e-08
0.5220000E+00 -7.09004e-08
0.5240000E+00 -7.38653e-08
0.5260000E+00 -7.30206e-08
0.5280000E+00 -6.97093e-08
0.5300000E+00 -6.43309e-08
0.5320000E+00 1.26256e-08
0.5340000E+00 -3.27998e-08
0.5360000E+00 -7.12795e-08
0.5380000E+00 -7.80727e-08
0.5400000E+00 -7.63376e-08
0.5420000E+00 -6.56211e-08
0.5440000E+00 -4.22384e-08
0.5460000E+00 -4.47048e-08
0.5480000E+00 -4.62756e-08
0.5500000E+00 -4.4182e-08
0.5520000E+00 -4.27841e-08
0.5540000E+00 -1.38842e-07
0.5560000E+00 -8.59615e-08
0.5580000E+00 -7.32234e-08
0.5600000E+00 -7.01166e-08
0.5620000E+00 -8.12375e-08
0.5640000E+00 -7.84497e-08
0.5660000E+00 -7.60446e-08
0.5680000E+00 -3.79715e-08
0.5700000E+00 1.48783e-09
0.5720000E+00 -1.30285e-07
0.5740000E+00 -7.22554e-08
0.5760000E+00 -1.77059e-08
0.5780000E+00 -1.98029e-08
0.5800000E+00 -3.74165e-08
0.5820000E+00 -3.92098e-08
0.5840000E+00 -4.24109e-08
0.5860000E+00 -9.37597e-08
0.5880000E+00 -5.8881e-08
0.5900000E+00 -8.20489e-08
0.5920000E+00 -7.50619e-08
0.5940000E+00 -4.05467e-08
0.5960000E+00 -1.76591e-08
0.5980000E+00 -2.27042e-07
0.6000000E+00 -6.62514e-08
0.6020000E+00 -7.64681e-08
0.6040000E+00 -8.32452e-08
0.6060000E+00 -7.63056e-08
0.6080000E+00 -1.40245e-07
0.6100000E+00 -8.73763e-08
0.6120000E+00 -5.78237e-08
0.6140000E+00 -5.70273e-08
0.6160000E+00 -9.74617e-08
0.6180000E+00 -1.28652e-07
0.6200000E+00 3.78317e-08
0.6220000E+00 -9.90914e-08
0.6240000E+00 -3.30198e-07
0.6260000E+00 -1.73117e-07
0.6280000E+00 -5.7287e-07
0.6300000E+00 -3.05401e-08
0.6320000E+00 8.51862e-07
0.6340000E+00 -4.77737e-07
0.6360000E+00 2.6989e-07
0.6380000E+00 -2.16047e-07
0.6400000E+00 -1.07392e-07
0.6420000E+00 -2.924e-07
0.6440000E+00 -5.1099e-08
0.6460000E+00 -1.93487e-07
0.6480000E+00 -1.31327e-07
0.6500000E+00 -1.67504e-07
0.6520000E+00 -1.78975e-07
0.6540000E+00 5.9344e-08
0.6560000E+00 -1.31666e-07
0.6580000E+00 5.49046e-08
0.6600000E+00 -2.43347e-08
0.6620000E+00 -9.78603e-08
0.6640000E+00 -1.12544e-07
0.6660000E+00 -6.39668e-08
0.6680000E+00 3.43677e-08
0.6700000E+00 -1.2864e-07
0.6720000E+00 4.22929e-09
0.6740000E+00 -4.75631e-08
0.6760000E+00 -4.72937e-08
0.6780000E+00 -7.01816e-08
0.6800000E+00 -9.1705e-08
0.6820000E+00 -9.56223e-08
0.6840000E+00 -2.43215e-08
0.6860000E+00 -4.47626e-08
0.6880000E+00 -4.72338e-08
0.6900000E+00 -6.57423e-08
0.6920000E+00 -7.81631e-08
0.6940000E+00 -6.97916e-08
0.6960000E+00 -5.04577e-08
0.6980000E+00 1.00327e-08
0.7000000E+00 -4.80805e-08
0.7020000E+00 -5.57115e-08
0.7040000E+00 -5.43913e-08
0.7060000E+00 -1.81935e-08
0.7080000E+00 -3.25255e-08
0.7100000E+00 -4.11071e-08
0.7120000E+00 -5.70155e-08
0.7140000E+00 -5.48499e-08
0.7160000E+00 -5.34504e-08
0.7180000E+00 -6.77549e-08
0.7200000E+00 -6.36307e-08
0.7220000E+00 -6.37811e-08
0.7240000E+00 -6.37542e-08
0.7260000E+00 -6.16759e-08
0.7280000E+00 -6.16375e-08
0.7300000E+00 -3.65335e-08
0.7320000E+00 -4.57599e-08
0.7340000E+00 -4.7564e-08
0.7360000E+00 -3.08121e-08
0.7380000E+00 -6.96119e-08
0.7400000E+00 -3.23875e-08
0.7420000E+00 -4.04327e-08
0.7440000E+00 -4.43939e-08
0.7460000E+00 -4.78824e-08
0.7480000E+00 -4.99503e-08
0.7500000E+00 -5.13225e-08
0.7520000E+00 -5.10399e-08
0.7540000E+00 -5.20976e-08
0.7560000E+00 -5.05161e-08
0.7580000E+00 -4.10856e-08
0.7600000E+00 -3.76988e-08
0.7620000E+00 -4.30576e-08
0.7640000E+00 -4.58675e-08
0.7660000E+00 -4.61629e-08
0.7680000E+00 -8.3462e-08
0.7700000E+00 -6.54544e-08
0.7720000E+00 -6.3266e-08
0.7740000E+00 -6.25258e-08
0.7760000E+00 -3.67026e-08
0.7780000E+00 -1.5725e-08
0.7800000E+00 -3.42994e-08
0.7820000E+00 -4.05285e-08
0.7840000E+00 -4.04754e-08
0.7860000E+00 -4.04589e-08
0.7880000E+00 -4.31738e-08
0.7900000E+00 -3.59891e-08
0.7920000E+00 -3.26638e-08
0.7940000E+00 -3.65495e-08
0.7960000E+00 -3.89912e-08
0.7980000E+00 -4.13958e-08
0.8000000E+00 -4.28268e-08
0.8020000E+00 -7.24066e-08
0.8040000E+00 -7.12217e-08
0.8060000E+00 -5.74289e-08
0.8080000E+00 -5.73927e-08
0.8100000E+00 -5.81064e-08
0.8120000E+00 -5.73805e-08
0.8140000E+00 -4.31208e-08
0.8160000E+00 -1.04029e-08
0.8180000E+00 -2.15431e-08
0.8200000E+00 -3.48593e-08
0.8220000E+00 -3.48553e-08
0.8240000E+00 -3.48733e-08
0.8260000E+00 -2.73532e-08
0.8280000E+00 -3.7449e-08
0.8300000E+00 -4.0803e-08
0.8320000E+00 -4.36262e-08
0.8340000E+00 -4.14985e-08
0.8360000E+00 -4.04905e-08
0.8380000E+00 -3.75745e-08
0.8400000E+00 -7.59513e-08
0.8420000E+00 -5.89099e-08
0.8440000E+00 -5.24957e-08
0.8460000E+00 -5.30752e-08
0.8480000E+00 -5.12529e-08
0.8500000E+00 -5.14748e-08
0.8520000E+00 -4.35957e-08
0.8540000E+00 -2.18443e-08
0.8560000E+00 -1.50625e-08
0.8580000E+00 -1.70947e-08
0.8600000E+00 -2.72827e-08
0.8620000E+00 -3.29527e-08
0.8640000E+00 -3.01281e-08
0.8660000E+00 -3.41308e-08
0.8680000E+00 -3.4976e-08
0.8700000E+00 -3.54104e-08
0.8720000E+00 -3.58159e-08
0.8740000E+00 -3.66658e-08
0.8760000E+00 -3.75486e-08
0.8780000E+00 -3.80663e-08
0.8800000E+00 -3.97446e-08
0.8820000E+00 -5.87192e-08
0.8840000E+00 -5.75513e-08
0.8860000E+00 -5.34847e-08
0.8880000E+00 -5.19734e-08
0.8900000E+00 -4.84351e-08
0.8920000E+00 -2.03922e-08
0.8940000E+00 -1.04447e-08
0.8960000E+00 -4.04659e-08
0.8980000E+00 -3.44432e-08
0.9000000E+00 -2.88699e-08
0.9020000E+00 -2.74277e-08
0.9040000E+00 -2.66825e-08
0.9060000E+00 -3.00382e-08
0.9080000E+00 -3.34209e-08
0.9100000E+00 -3.50558e-08
0.9120000E+00 -3.56736e-08
0.9140000E+00 -3.66686e-08
0.9160000E+00 -3.73284e-08
0.9180000E+00 -2.7713e-08
0.9200000E+00 -3.60359e-08
0.9220000E+00 -3.63005e-08
0.9240000E+00 -3.68103e-08
0.9260000E+00 -5.05404e-08
0.9280000E+00 -3.76196e-08
0.9300000E+00 -1.2111e-08
0.9320000E+00 -1.25118e-08
0.9340000E+00 -2.1892e-08
0.9360000E+00 -2.8225e-08
0.9380000E+00 -3.32701e-08
0.9400000E+00 -3.45719e-08
0.9420000E+00 -3.50437e-08
0.9440000E+00 -3.56711e-08
0.9460000E+00 -3.49383e-08
0.9480000E+00 -3.19858e-08
0.9500000E+00 -3.30152e-08
0.9520000E+00 -3.42261e-08
0.9540000E+00 -3.69584e-08
0.9560000E+00 -3.6687e-08
0.9580000E+00 -3.39177e-08
0.9600000E+00 -3.71247e-08
0.9620000E+00 -3.79358e-08
0.9640000E+00 -3.29863e-08
0.9660000E+00 -5.7149e-09
0.9680000E+00 4.95535e-09
0.9700000E+00 -9.68734e-09
0.9720000E+00 -3.952e-08
0.9740000E+00 -2.88442e-08
0.9760000E+00 -2.86692e-08
0.9780000E+00 -2.93335e-08
0.9800000E+00 -2.35552e-08
0.9820000E+00 -2.86466e-08
0.9840000E+00 -2.93845e-08
0.9860000E+00 -3.08756e-08
0.9880000E+00 -3.24857e-08
0.9900000E+00 -3.2378e-08
0.9920000E+00 -3.36455e-08
0.9940000E+00 -3.47231e-08
0.9960000E+00 -3.56919e-08
0.9980000E+00 -3.62175e-08
0.1000000E+01 -3.71035e-08
0.1002000E+01 -1.06235e-08
0.1004000E+01 8.65927e-09
0.1006000E+01 -8.39773e-09
0.1008000E+01 -1.60706e-08
0.1010000E+01 -1.45407e-08
0.1012000E+01 -1.35338e-08
0.1014000E+01 -1.52426e-08
0.1016000E+01 -1.55624e-08
0.1018000E+01 -2.07919e-08
0.1020000E+01 -3.85263e-08
0.1022000E+01 -3.34245e-08
0.1024000E+01 -3.19112e-08
0.1026000E+01 -3.05348e-08
0.1028000E+01 -3.21794e-08
0.1030000E+01 -3.30382e-08
0.1032000E+01 -3.2648e-08
0.1034000E+01 -3.23332e-08
0.1036000E+01 -2.68073e-08
0.1038000E+01 -6.21535e-09
0.1040000E+01 1.04352e-08
0.1042000E+01 3.87858e-09
0.1044000E+01 -5.69392e-09
0.1046000E+01 -1.20865e-08
0.1048000E+01 -1.69242e-08
0.1050000E+01 -1.75492e-08
0.1052000E+01 -1.84402e-08
0.1054000E+01 -1.9114e-08
0.1056000E+01 -1.98754e-08
0.1058000E+01 -2.0844e-08
0.1060000E+01 -2.30631e-08
0.1062000E+01 -2.52439e-08
0.1064000E+01 -2.66621e-08
0.1066000E+01 -2.77517e-08
0.1068000E+01 -2.8607e-08
0.1070000E+01 -3.477e-08
0.1072000E+01 -1.6041e-08
0.1074000E+01 1.49474e-08
0.1076000E+01 2.1365e-08
0.1078000E+01 -5.08694e-09
0.1080000E+01 -3.96653e-09
0.1082000E+01 -6.54068e-09
0.1084000E+01 -6.77778e-09
0.1086000E+01 -1.17829e-08
0.1088000E+01 -1.72013e-08
0.1090000E+01 -2.04932e-08
0.1092000E+01 -2.2953e-08
0.1094000E+01 -2.23121e-08
0.1096000E+01 -2.25798e-08
0.1098000E+01 -2.33051e-08
0.1100000E+01 -2.3784e-08
0.1102000E+01 -2.40901e-08
0.1104000E+01 -2.47515e-08
0.1106000E+01 -1.58715e-08
0.1108000E+01 3.05832e-09
0.1110000E+01 1.44693e-08
0.1112000E+01 7.83849e-09
0.1114000E+01 -5.98491e-10
0.1116000E+01 -8.46773e-09
0.1118000E+01 -1.11213e-08
0.1120000E+01 -1.25063e-08
0.1122000E+01 -1.98636e-08
0.1124000E+01 -1.84185e-08
0.1126000E+01 -1.19166e-08
0.1128000E+01 -9.03448e-09
0.1130000E+01 -1.39052e-08
0.1132000E+01 -1.75679e-08
0.1134000E+01 -1.95212e-08
0.1136000E+01 -2.04447e-08
0.1138000E+01 -2.14123e-08
0.1140000E+01 -2.24151e-08
0.1142000E+01 2.12941e-08
0.1144000E+01 3.33868e-08
0.1146000E+01 4.01228e-09
0.1148000E+01 1.94521e-09
0.1150000E+01 2.33966e-09
0.1152000E+01 -2.27125e-10
0.1154000E+01 -2.8901e-09
0.1156000E+01 -8.89533e-09
0.1158000E+01 -1.21576e-08
0.1160000E+01 -1.33758e-08
0.1162000E+01 -1.43697e-08
0.1164000E+01 -1.53281e-08
0.1166000E+01 -1.59932e-08
0.1168000E+01 -1.66839e-08
0.1170000E+01 -1.73773e-08
0.1172000E+01 -1.80007e-08
0.1174000E+01 -5.65178e-09
0.1176000E+01 1.73541e-08
0.1178000E+01 2.81408e-08
0.1180000E+01 2.05094e-08
0.1182000E+01 9.88497e-09
0.1184000E+01 -3.92067e-10
0.1186000E+01 -1.5327e-09
0.1188000E+01 3.75032e-10
0.1190000E+01 -1.05346e-09
0.1192000E+01 -4.00397e-09
0.1194000E+01 -5.69044e-09
0.1196000E+01 -7.42847e-09
0.1198000E+01 -9.27229e-09
0.1200000E+01 -1.17569e-08
0.1202000E+01 -1.4066e-08
0.1204000E+01 -1.99018e-08
0.1206000E+01 -2.01825e-08
0.1208000E+01 2.48743e-08
0.1210000E+01 3.80685e-08
0.1212000E+01 8.79527e-09
0.1214000E+01 7.92209e-09
0.1216000E+01 6.79862e-09
0.1218000E+01 3.74422e-09
0.1220000E+01 2.18852e-10
0.1222000E+01 -4.44966e-09
0.1224000E+01 -8.24694e-09
0.1226000E+01 -5.26118e-09
0.1228000E+01 -9.47148e-09
0.1230000E+01 -1.10434e-08
0.1232000E+01 -1.2101e-08
0.1234000E+01 -1.08634e-08
0.1236000E+01 -7.30101e-09
0.1238000E+01 -3.99683e-09
0.1240000E+01 1.57875e-08
0.1242000E+01 3.8589e-08
0.1244000E+01 3.05639e-08
0.1246000E+01 1.50453e-08
0.1248000E+01 4.231e-09
0.1250000E+01 2.39627e-09
0.1252000E+01 1.33751e-09
0.1254000E+01 -4.81642e-09
0.1256000E+01 -9.3613e-09
0.1258000E+01 -6.96784e-09
0.1260000E+01 -6.93432e-09
0.1262000E+01 -8.77332e-09
0.1264000E+01 -8.96362e-09
0.1266000E+01 -1.01316e-08
0.1268000E+01 -1.13116e-08
0.1270000E+01 -1.24896e-08
0.1272000E+01 4.02706e-08
0.1274000E+01 5.43683e-08
0.1276000E+01 1.94948e-08
0.1278000E+01 1.85367e-08
0.1280000E+01 1.77011e-08
0.1282000E+01 1.41756e-08
0.1284000E+01 7.90707e-09
0.1286000E+01 7.56177e-10
0.1288000E+01 2.28714e-10
0.1290000E+01 3.80282e-09
0.1292000E+01 7.82024e-11
0.1294000E+01 -1.47416e-09
0.1296000E+01 -2.75151e-09
0.1298000E+01 -3.44419e-09
0.1300000E+01 -1.13233e-08
0.1302000E+01 6.93115e-09
0.1304000E+01 4.1278e-08
0.1306000E+01 4.94731e-08
0.1308000E+01 2.94602e-08
0.1310000E+01 6.91576e-09
0.1312000E+01 3.32184e-09
0.1314000E+01 2.67764e-09
0.1316000E+01 2.75239e-09
0.1318000E+01 2.09061e-09
0.1320000E+01 1.56053e-09
0.1322000E+01 -1.24542e-09
0.1324000E+01 -4.78993e-09
0.1326000E+01 -7.2842e-09
0.1328000E+01 -8.17032e-09
0.1330000E+01 -8.68093e-09
0.1332000E+01 9.92885e-09
0.1334000E+01 3.26627e-08
0.1336000E+01 5.31419e-08
0.1338000E+01 2.28135e-08
0.1340000E+01 2.14057e-08
0.1342000E+01 7.82949e-09
0.1344000E+01 5.67629e-09
0.1346000E+01 1.43085e-09
0.1348000E+01 1.91717e-10
0.1350000E+01 -1.89307e-10
0.1352000E+01 -1.37717e-09
0.1354000E+01 -1.84945e-09
0.1356000E+01 -2.36517e-09
0.1358000E+01 -2.38984e-09
0.1360000E+01 -2.92159e-09
0.1362000E+01 2.19982e-08
0.1364000E+01 5.89821e-08
0.1366000E+01 5.99833e-08
0.1368000E+01 3.3915e-08
0.1370000E+01 2.38629e-08
0.1372000E+01 1.86783e-08
0.1374000E+01 1.81912e-08
0.1376000E+01 1.47808e-08
0.1378000E+01 -1.00018e-08
0.1380000E+01 -2.26541e-08
0.1382000E+01 -1.23588e-08
0.1384000E+01 -1.03719e-08
0.1386000E+01 -9.0853e-09
0.1388000E+01 -9.01149e-09
0.1390000E+01 -3.86559e-09
0.1392000E+01 3.50705e-08
0.1394000E+01 6.03831e-08
0.1396000E+01 3.81826e-08
0.1398000E+01 2.73981e-08
0.1400000E+01 2.08919e-08
0.1402000E+01 1.64721e-08
0.1404000E+01 1.49379e-08
0.1406000E+01 1.13497e-08
0.1408000E+01 8.42933e-09
0.1410000E+01 7.90442e-09
0.1412000E+01 -8.5344e-09
0.1414000E+01 -1.33755e-08
0.1416000E+01 -5.0426e-09
0.1418000E+01 -6.73419e-09
0.1420000E+01 4.57203e-08
0.1422000E+01 6.41281e-08
0.1424000E+01 3.36574e-08
0.1426000E+01 3.45884e-08
0.1428000E+01 2.95584e-08
0.1430000E+01 2.27274e-08
0.1432000E+01 -2.25878e-09
0.1434000E+01 -1.08444e-08
0.1436000E+01 -1.54055e-09
0.1438000E+01 6.01355e-10
0.1440000E+01 -1.80507e-09
0.1442000E+01 -2.19935e-08
0.1444000E+01 -1.62206e-08
0.1446000E+01 -5.38106e-09
0.1448000E+01 2.68537e-08
0.1450000E+01 6.18925e-08
0.1452000E+01 4.3043e-08
0.1454000E+01 2.07995e-08
0.1456000E+01 1.64614e-08
0.1458000E+01 1.60546e-08
0.1460000E+01 1.64244e-08
0.1462000E+01 1.72973e-08
0.1464000E+01 1.71068e-08
0.1466000E+01 1.52334e-08
0.1468000E+01 -1.01605e-08
0.1470000E+01 -6.83797e-09
0.1472000E+01 -2.60117e-09
0.1474000E+01 1.94114e-08
0.1476000E+01 5.28924e-08
0.1478000E+01 4.35004e-08
0.1480000E+01 7.87706e-09
0.1482000E+01 1.16624e-08
0.1484000E+01 1.41629e-08
0.1486000E+01 1.31384e-08
0.1488000E+01 1.12898e-08
0.1490000E+01 -2.90851e-09
0.1492000E+01 -1.47962e-08
0.1494000E+01 -6.67167e-09
0.1496000E+01 -9.85376e-10
0.1498000E+01 3.64358e-10
0.1500000E+01 -5.36473e-09
0.1502000E+01 5.04733e-08
0.1504000E+01 7.58072e-08
0.1506000E+01 4.45766e-08
0.1508000E+01 4.5624e-08
0.1510000E+01 3.9206e-08
0.1512000E+01 1.18369e-08
0.1514000E+01 3.98214e-10
0.1516000E+01 1.29277e-08
0.1518000E+01 1.53587e-08
0.1520000E+01 1.33736e-10
0.1522000E+01 -1.40076e-08
0.1524000E+01 -5.78535e-09
0.1526000E+01 2.01811e-09
0.1528000E+01 3.89948e-08
0.1530000E+01 6.28658e-08
0.1532000E+01 2.36507e-08
0.1534000E+01 1.39228e-08
0.1536000E+01 1.68846e-08
0.1538000E+01 1.7721e-08
0.1540000E+01 2.04446e-08
0.1542000E+01 2.21923e-08
0.1544000E+01 2.17771e-08
0.1546000E+01 2.03935e-08
0.1548000E+01 1.88229e-08
0.1550000E+01 -7.90707e-09
0.1552000E+01 1.16473e-08
0.1554000E+01 4.95252e-08
0.1556000E+01 6.90317e-08
0.1558000E+01 3.98417e-08
0.1560000E+01 1.49351e-08
0.1562000E+01 1.81388e-08
0.1564000E+01 2.49368e-08
0.1566000E+01 1.5675e-08
0.1568000E+01 9.00731e-09
0.1570000E+01 1.69303e-08
0.1572000E+01 1.82988e-08
0.1574000E+01 1.92576e-08
0.1576000E+01 2.03189e-08
0.1578000E+01 5.68583e-08
0.1580000E+01 7.60999e-08
0.1582000E+01 5.68298e-08
0.1584000E+01 4.48204e-08
0.1586000E+01 4.61021e-08
0.1588000E+01 4.30917e-08
0.1590000E+01 3.92338e-08
0.1592000E+01 3.63456e-08
0.1594000E+01 1.42017e-08
0.1596000E+01 5.30276e-09
0.1598000E+01 1.5732e-09
0.1600000E+01 4.92497e-09
0.1602000E+01 3.46419e-08
0.1604000E+01 4.78682e-08
0.1606000E+01 4.72226e-08
0.1608000E+01 5.06065e-08
0.1610000E+01 4.92526e-08
0.1612000E+01 5.15148e-08
0.1614000E+01 4.38168e-08
0.1616000E+01 4.12798e-08
0.1618000E+01 4.20381e-08
0.1620000E+01 4.16664e-08
0.1622000E+01 4.15402e-08
0.1624000E+01 4.00822e-08
0.1626000E+01 1.74501e-08
0.1628000E+01 6.32627e-08
0.1630000E+01 6.59211e-08
0.1632000E+01 4.98952e-08
0.1634000E+01 4.73207e-08
0.1636000E+01 4.70033e-08
0.1638000E+01 4.25203e-08
0.1640000E+01 4.11842e-08
0.1642000E+01 3.56937e-08
0.1644000E+01 3.36402e-08
0.1646000E+01 1.75033e-08
0.1648000E+01 2.73264e-08
0.1650000E+01 5.77432e-08
0.1652000E+01 8.63387e-08
0.1654000E+01 7.49324e-08
0.1656000E+01 4.94245e-08
0.1658000E+01 3.23482e-08
0.1660000E+01 3.62025e-08
0.1662000E+01 3.64494e-08
0.1664000E+01 3.30161e-08
0.1666000E+01 3.43993e-08
0.1668000E+01 4.19263e-08
0.1670000E+01 3.98999e-08
0.1672000E+01 5.70215e-08
0.1674000E+01 8.6541e-08
0.1676000E+01 8.72598e-08
0.1678000E+01 6.91272e-08
0.1680000E+01 7.08115e-08
0.1682000E+01 6.99713e-08
0.1684000E+01 5.24488e-08
0.1686000E+01 3.92115e-08
0.1688000E+01 4.08686e-08
0.1690000E+01 3.56465e-08
0.1692000E+01 3.09175e-09
0.1694000E+01 3.44036e-08
0.1696000E+01 7.35092e-08
0.1698000E+01 7.98057e-08
0.1700000E+01 6.5176e-08
0.1702000E+01 6.18637e-08
0.1704000E+01 5.89364e-08
0.1706000E+01 6.17148e-08
0.1708000E+01 6.06532e-08
0.1710000E+01 5.65809e-08
0.1712000E+01 3.93928e-08
0.1714000E+01 3.05859e-08
0.1716000E+01 5.31054e-08
0.1718000E+01 8.26329e-08
0.1720000E+01 7.86015e-08
0.1722000E+01 6.74944e-08
0.1724000E+01 6.51314e-08
0.1726000E+01 6.72594e-08
0.1728000E+01 6.39593e-08
0.1730000E+01 6.38364e-08
0.1732000E+01 6.73042e-08
0.1734000E+01 6.46333e-08
0.1736000E+01 2.24226e-08
0.1738000E+01 5.94791e-08
0.1740000E+01 7.57936e-08
0.1742000E+01 6.41852e-08
0.1744000E+01 6.54873e-08
0.1746000E+01 6.21298e-08
0.1748000E+01 5.93547e-08
0.1750000E+01 5.9162e-08
0.1752000E+01 5.90937e-08
0.1754000E+01 5.91105e-08
0.1756000E+01 6.0098e-08
0.1758000E+01 7.10699e-08
0.1760000E+01 8.72306e-08
0.1762000E+01 7.37351e-08
0.1764000E+01 7.40087e-08
0.1766000E+01 7.1968e-08
0.1768000E+01 7.03189e-08
0.1770000E+01 6.96773e-08
0.1772000E+01 7.47478e-08
0.1774000E+01 7.19745e-08
0.1776000E+01 2.52048e-08
0.1778000E+01 6.20952e-08
0.1780000E+01 9.90262e-08
0.1782000E+01 8.89265e-08
0.1784000E+01 7.79686e-08
0.1786000E+01 7.312e-08
0.1788000E+01 7.37623e-08
0.1790000E+01 7.2028e-08
0.1792000E+01 7.18975e-08
0.1794000E+01 7.1032e-08
0.1796000E+01 6.77913e-08
0.1798000E+01 9.62699e-08
0.1800000E+01 1.11439e-07
0.1802000E+01 9.71322e-08
0.1804000E+01 8.93246e-08
0.1806000E+01 8.42309e-08
0.1808000E+01 8.6448e-08
0.1810000E+01 8.72127e-08
0.1812000E+01 7.04944e-08
0.1814000E+01 3.72497e-08
0.1816000E+01 6.77184e-08
0.1818000E+01 9.89683e-08
0.1820000E+01 9.38753e-08
0.1822000E+01 9.17799e-08
0.1824000E+01 9.61712e-08
0.1826000E+01 9.84061e-08
0.1828000E+01 9.47725e-08
0.1830000E+01 9.2583e-08
0.1832000E+01 9.32195e-08
0.1834000E+01 9.8455e-08
0.1836000E+01 1.19694e-07
0.1838000E+01 1.20836e-07
0.1840000E+01 1.12267e-07
0.1842000E+01 1.12982e-07
0.1844000E+01 1.20528e-07
0.1846000E+01 3.56602e-08
0.1848000E+01 7.82061e-08
0.1850000E+01 8.82196e-08
0.1852000E+01 1.05414e-07
0.1854000E+01 1.22976e-07
0.1856000E+01 1.18696e-07
0.1858000E+01 1.14363e-07
0.1860000E+01 1.17678e-07
0.1862000E+01 1.31178e-07
0.1864000E+01 1.30263e-07
0.1866000E+01 1.25314e-07
0.1868000E+01 1.24306e-07
0.1870000E+01 1.48736e-07
0.1872000E+01 9.63756e-08
0.1874000E+01 8.62197e-08
0.1876000E+01 1.03159e-07
0.1878000E+01 1.41897e-07
0.1880000E+01 1.47139e-07
0.1882000E+01 1.40446e-07
0.1884000E+01 1.45891e-07
0.1886000E+01 1.56705e-07
0.1888000E+01 1.56759e-07
0.1890000E+01 1.50381e-07
0.1892000E+01 9.00549e-08
0.1894000E+01 1.76932e-07
0.1896000E+01 1.70192e-07
0.1898000E+01 1.24189e-07
0.1900000E+01 1.46644e-07
0.1902000E+01 1.36067e-07
0.1904000E+01 1.34409e-07
0.1906000E+01 1.3812e-07
0.1908000E+01 1.7766e-07
0.1910000E+01 1.78169e-07
0.1912000E+01 1.47015e-07
0.1914000E+01 1.36044e-07
0.1916000E+01 1.51071e-07
0.1918000E+01 8.11906e-08
0.1920000E+01 9.89457e-08
0.1922000E+01 5.65142e-08
0.1924000E+01 -2.726e-07
0.1926000E+01 -1.64341e-08
0.1928000E+01 8.30774e-07
0.1930000E+01 9.53373e-07
0.1932000E+01 5.74626e-07
0.1934000E+01 6.29919e-07
0.1936000E+01 1.19913e-07
0.1938000E+01 7.47694e-07
0.1940000E+01 2.88457e-07
0.1942000E+01 6.93245e-07
0.1944000E+01 6.87139e-07
0.1946000E+01 1.06667e-06
0.1948000E+01 8.42757e-07
0.1950000E+01 1.2127e-06
0.1952000E+01 1.03712e-06
0.1954000E+01 4.47003e-06
0.1956000E+01 -2.12969e-07
0.1958000E+01 -5.36324e-06
0.1960000E+01 -2.04367e-06
0.1962000E+01 -1.86752e-06
0.1964000E+01 -6.22808e-07
0.1966000E+01 -2.25343e-07
0.1968000E+01 -5.46571e-07
0.1970000E+01 -7.22436e-07
0.1972000E+01 -1.07685e-06
0.1974000E+01 -8.79267e-07
0.1976000E+01 -1.5791e-07
0.1978000E+01 -1.61733e-07
0.1980000E+01 -8.29237e-07
0.1982000E+01 -8.3916e-07
0.1984000E+01 -2.75944e-07
0.1986000E+01 -1.8169e-07
0.1988000E+01 -4.03996e-07
0.1990000E+01 4.35797e-09
0.1992000E+01 -2.88523e-07
0.1994000E+01 -5.34811e-08
0.1996000E+01 -1.32338e-07
0.1998000E+01 3.4443e-07
0.2000000E+01 -1.40402e-07
0.2002000E+01 -1.43916e-07
0.2004000E+01 -1.44344e-07
0.2006000E+01 -1.50791e-07
0.2008000E+01 -1.58302e-07
0.2010000E+01 -1.6944e-07
0.2012000E+01 -1.87678e-07
0.2014000E+01 -2.23252e-07
0.2016000E+01 -3.09171e-07
0.2018000E+01 -1.97597e-07
0.2020000E+01 -9.32548e-08
0.2022000E+01 -9.46254e-08
0.2024000E+01 -9.6186e-08
0.2026000E+01 -9.30916e-08
0.2028000E+01 -1.06087e-07
0.2030000E+01 8.77097e-09
0.2032000E+01 3.20926e-07
0.2034000E+01 5.39e-07
0.2036000E+01 2.22492e-07
0.2038000E+01 -3.02198e-07
0.2040000E+01 -4.14156e-07
0.2042000E+01 -4.27088e-07
0.2044000E+01 -1.94062e-07
0.2046000E+01 -1.21136e-07
0.2048000E+01 -1.28347e-08
0.2050000E+01 1.93337e-07
0.2052000E+01 8.7775e-08
0.2054000E+01 -3.23009e-07
0.2056000E+01 -3.32995e-07
0.2058000E+01 -7.04803e-08
0.2060000E+01 1.16972e-08
0.2062000E+01 5.53246e-09
0.2064000E+01 2.85385e-08
0.2066000E+01 -2.97664e-07
0.2068000E+01 1.0389e-08
0.2070000E+01 -4.89399e-08
0.2072000E+01 -2.19621e-07
0.2074000E+01 -1.49836e-07
0.2076000E+01 -6.10676e-08
0.2078000E+01 -1.76904e-09
0.2080000E+01 -4.23432e-08
0.2082000E+01 -3.49637e-08
0.2084000E+01 -1.58172e-07
0.2086000E+01 -1.12109e-07
0.2088000E+01 -1.04165e-07
0.2090000E+01 -1.02668e-07
0.2092000E+01 -3.2837e-08
0.2094000E+01 1.0018e-07
0.2096000E+01 5.04209e-08
0.2098000E+01 -4.51244e-08
0.2100000E+01 -9.32113e-08
0.2102000E+01 -7.35846e-08
0.2104000E+01 -5.5004e-08
0.2106000E+01 -3.07464e-08
0.2108000E+01 2.88152e-08
0.2110000E+01 5.31162e-08
0.2112000E+01 1.91323e-08
0.2114000E+01 3.44912e-08
0.2116000E+01 1.1284e-08
0.2118000E+01 -7.93092e-08
0.2120000E+01 -7.95841e-08
0.2122000E+01 -8.54836e-08
0.2124000E+01 -9.71064e-08
0.2126000E+01 -1.09505e-07
0.2128000E+01 -2.6111e-08
0.2130000E+01 6.2373e-08
0.2132000E+01 2.47881e-08
0.2134000E+01 -4.23652e-08
0.2136000E+01 -2.42076e-08
0.2138000E+01 -3.57202e-08
0.2140000E+01 -6.14822e-08
0.2142000E+01 -2.4599e-08
0.2144000E+01 3.57463e-09
0.2146000E+01 7.18119e-08
0.2148000E+01 5.27099e-08
0.2150000E+01 4.48251e-08
0.2152000E+01 1.92641e-08
0.2154000E+01 -1.08843e-08
0.2156000E+01 -3.20371e-08
0.2158000E+01 -7.39555e-08
0.2160000E+01 -3.41077e-08
0.2162000E+01 2.20529e-08
0.2164000E+01 1.21552e-08
0.2166000E+01 2.04133e-08
0.2168000E+01 2.69043e-08
0.2170000E+01 6.89924e-10
0.2172000E+01 -1.80465e-08
0.2174000E+01 -3.82443e-08
0.2176000E+01 -4.17033e-08
0.2178000E+01 -7.66632e-08
0.2180000E+01 6.97183e-08
0.2182000E+01 6.23555e-08
0.2184000E+01 1.24361e-08
0.2186000E+01 -2.61486e-09
0.2188000E+01 7.46954e-10
0.2190000E+01 2.52654e-09
0.2192000E+01 2.5372e-08
0.2194000E+01 7.87555e-08
0.2196000E+01 8.56382e-08
0.2198000E+01 2.18514e-08
0.2200000E+01 -8.62464e-09
0.2202000E+01 -2.10083e-08
0.2204000E+01 -1.2876e-08
0.2206000E+01 -2.78482e-09
0.2208000E+01 4.99352e-08
0.2210000E+01 5.78149e-08
0.2212000E+01 3.23944e-08
0.2214000E+01 5.97577e-08
0.2216000E+01 3.56194e-08
0.2218000E+01 -1.1766e-09
0.2220000E+01 -8.34722e-09
0.2222000E+01 7.62254e-08
0.2224000E+01 1.37369e-07
0.2226000E+01 -4.1611e-09
0.2228000E+01 5.3916e-09
0.2230000E+01 9.96694e-09
0.2232000E+01 6.78798e-08
0.2234000E+01 1.60258e-07
0.2236000E+01 1.56075e-07
0.2238000E+01 1.09277e-07
0.2240000E+01 1.75522e-08
0.2242000E+01 7.50904e-08
0.2244000E+01 1.84551e-07
0.2246000E+01 6.89547e-08
0.2248000E+01 4.90754e-08
0.2250000E+01 6.39945e-08
0.2252000E+01 2.95771e-07
0.2254000E+01 1.46144e-07
0.2256000E+01 5.0479e-07
0.2258000E+01 8.03451e-07
0.2260000E+01 1.97046e-07
0.2262000E+01 -4.80455e-07
0.2264000E+01 -3.21264e-07
0.2266000E+01 -2.83395e-07
0.2268000E+01 -2.27356e-07
0.2270000E+01 -1.99781e-07
0.2272000E+01 -1.61903e-07
0.2274000E+01 -1.51873e-07
0.2276000E+01 -1.4756e-07
0.2278000E+01 -1.40193e-07
0.2280000E+01 -1.06672e-07
0.2282000E+01 -7.8425e-08
0.2284000E+01 -7.41929e-08
0.2286000E+01 -8.77586e-08
0.2288000E+01 -7.96437e-08
0.2290000E+01 -7.35785e-08
0.2292000E+01 -8.17273e-08
0.2294000E+01 -1.00377e-07
0.2296000E+01 -1.00522e-07
0.2298000E+01 -9.3975e-08
0.2300000E+01 -9.20541e-08
0.2302000E+01 -9.16366e-08
0.2304000E+01 -8.95241e-08
0.2306000E+01 -8.63988e-08
0.2308000E+01 -8.80056e-08
0.2310000E+01 -8.70371e-08
0.2312000E+01 -6.90065e-08
0.2314000E+01 -8.82785e-08
0.2316000E+01 -9.80563e-08
0.2318000E+01 -9.97887e-08
0.2320000E+01 -9.79684e-08
0.2322000E+01 -9.64659e-08
0.2324000E+01 -9.38958e-08
0.2326000E+01 -9.22309e-08
0.2328000E+01 -9.13346e-08
0.2330000E+01 -8.93505e-08
0.2332000E+01 -9.22295e-08
0.2334000E+01 -9.00467e-08
0.2336000E+01 -8.64071e-08
0.2338000E+01 -9.33652e-08
0.2340000E+01 -9.2734e-08
0.2342000E+01 -9.37896e-08
0.2344000E+01 -9.1363e-08
0.2346000E+01 -9.29215e-08
0.2348000E+01 -1.00466e-07
0.2350000E+01 -1.01596e-07
0.2352000E+01 -9.88303e-08
0.2354000E+01 -9.65444e-08
0.2356000E+01 -9.56861e-08
0.2358000E+01 -9.44067e-08
0.2360000E+01 -9.59471e-08
0.2362000E+01 -1.07458e-07
0.2364000E+01 -1.19072e-07
0.2366000E+01 -1.10741e-07
0.2368000E+01 -1.59723e-07
0.2370000E+01 -2.97892e-07
0.2372000E+01 -2.47087e-07
0.2374000E+01 -1.87887e-07
0.2376000E+01 -3.77293e-08
0.2378000E+01 -7.30797e-08
0.2380000E+01 -6.73869e-08
0.2382000E+01 -9.34907e-08
0.2384000E+01 -5.88712e-08
0.2386000E+01 -7.78367e-08
0.2388000E+01 -1.02126e-07
0.2390000E+01 -1.10746e-07
0.2392000E+01 -1.17776e-07
0.2394000E+01 -8.05121e-08
0.2396000E+01 -1.11674e-07
0.2398000E+01 -1.23667e-07
0.2400000E+01 -1.07331e-07
0.2402000E+01 -8.48623e-08
0.2404000E+01 -1.042e-07
0.2406000E+01 -6.88687e-08
0.2408000E+01 -9.08367e-08
0.2410000E+01 -8.51061e-08
0.2412000E+01 -5.40324e-08
0.2414000E+01 -7.95764e-08
0.2416000E+01 -8.08269e-08
0.2418000E+01 -8.20853e-08
0.2420000E+01 -6.47545e-08
0.2422000E+01 -9.24125e-08
0.2424000E+01 -9.39507e-08
0.2426000E+01 -9.07267e-08
0.2428000E+01 -9.8651e-08
0.2430000E+01 -9.25577e-08
0.2432000E+01 -8.87936e-08
0.2434000E+01 -8.43075e-08
0.2436000E+01 -8.07652e-08
0.2438000E+01 -8.56581e-08
0.2440000E+01 -8.9771e-08
0.2442000E+01 -9.1651e-08
0.2444000E+01 -9.23519e-08
0.2446000E+01 -8.60754e-08
0.2448000E+01 -8.42155e-08
0.2450000E+01 -8.54435e-08
0.2452000E+01 -8.37469e-08
0.2454000E+01 -8.06137e-08
0.2456000E+01 -8.74101e-08
0.2458000E+01 -7.85067e-08
0.2460000E+01 -7.66316e-08
0.2462000E+01 -1.9012e-07
0.2464000E+01 -1.76409e-07
0.2466000E+01 -8.06802e-08
0.2468000E+01 -8.84369e-08
0.2470000E+01 -1.02262e-07
0.2472000E+01 -1.72355e-08
0.2474000E+01 -6.56326e-08
0.2476000E+01 -9.18427e-08
0.2478000E+01 -8.16618e-08
0.2480000E+01 -4.64877e-08
0.2482000E+01 -8.02721e-08
0.2484000E+01 -6.86351e-08
0.2486000E+01 -8.38827e-08
0.2488000E+01 -7.22216e-08
0.2490000E+01 -5.44811e-08
0.2492000E+01 -7.09124e-08
0.2494000E+01 -7.54029e-08
0.2496000E+01 -6.94683e-08
0.2498000E+01 -8.01245e-08
0.2500000E+01 -2.30834e-08
0.2502000E+01 -7.34939e-08
0.2504000E+01 -6.27961e-08
0.2506000E+01 -6.4281e-08
0.2508000E+01 -6.91933e-08
0.2510000E+01 -7.19583e-08
0.2512000E+01 -6.51819e-08
0.2514000E+01 1.09616e-08
0.2516000E+01 -6.95746e-08
0.2518000E+01 -7.21866e-08
0.2520000E+01 -6.53536e-08
0.2522000E+01 -6.12342e-08
0.2524000E+01 -6.33901e-08
0.2526000E+01 -6.96741e-08
0.2528000E+01 -3.3793e-08
0.2530000E+01 -2.44111e-08
0.2532000E+01 -5.11943e-08
0.2534000E+01 -1.03298e-07
0.2536000E+01 -7.51607e-08
0.2538000E+01 -6.14159e-08
0.2540000E+01 -6.36339e-08
0.2542000E+01 -6.39869e-08
0.2544000E+01 -6.38365e-08
0.2546000E+01 -5.43027e-09
0.2548000E+01 -2.94286e-08
0.2550000E+01 -4.26576e-08
0.2552000E+01 -3.96858e-08
0.2554000E+01 -7.79021e-08
0.2556000E+01 -6.13794e-08
0.2558000E+01 -6.03798e-08
0.2560000E+01 -5.65111e-08
0.2562000E+01 -6.49439e-08
0.2564000E+01 -3.79115e-08
0.2566000E+01 -4.39872e-08
0.2568000E+01 -5.30549e-08
0.2570000E+01 -5.1901e-08
0.2572000E+01 -5.10182e-08
0.2574000E+01 -5.12726e-08
0.2576000E+01 -5.01986e-08
0.2578000E+01 -5.62081e-08
0.2580000E+01 -5.44059e-08
0.2582000E+01 -5.51889e-08
0.2584000E+01 -1.50175e-08
0.2586000E+01 -2.11205e-08
0.2588000E+01 -3.44416e-08
0.2590000E+01 -4.0045e-08
0.2592000E+01 -6.36287e-08
0.2594000E+01 -8.04374e-08
0.2596000E+01 -6.32957e-08
0.2598000E+01 -6.26284e-08
0.2600000E+01 -5.97934e-08
0.2602000E+01 -5.99202e-08
0.2604000E+01 -5.35191e-08
0.2606000E+01 -2.58789e-08
0.2608000E+01 -4.22319e-08
0.2610000E+01 -4.16925e-08
0.2612000E+01 -4.71439e-08
0.2614000E+01 -4.73846e-08
0.2616000E+01 -4.44213e-08
0.2618000E+01 -4.79084e-08
0.2620000E+01 -5.16301e-08
0.2622000E+01 -7.00747e-08
0.2624000E+01 -7.11167e-08
0.2626000E+01 -5.62095e-08
0.2628000E+01 -3.66691e-08
0.2630000E+01 -3.36096e-08
0.2632000E+01 -4.3134e-08
0.2634000E+01 -5.29445e-08
0.2636000E+01 -5.26009e-08
0.2638000E+01 -4.44137e-08
0.2640000E+01 -4.64931e-08
0.2642000E+01 -4.60366e-08
0.2644000E+01 -4.42402e-08
0.2646000E+01 -4.26617e-08
0.2648000E+01 -4.94974e-08
0.2650000E+01 -6.89839e-08
0.2652000E+01 -5.43872e-08
0.2654000E+01 -4.20595e-08
0.2656000E+01 -3.61758e-08
0.2658000E+01 -5.56499e-08
0.2660000E+01 -5.09789e-08
0.2662000E+01 -4.88521e-08
0.2664000E+01 -4.80867e-08
0.2666000E+01 -4.86409e-08
0.2668000E+01 -3.56634e-08
0.2670000E+01 -3.79364e-08
0.2672000E+01 -3.77354e-08
0.2674000E+01 -3.72021e-08
0.2676000E+01 -4.04853e-08
0.2678000E+01 -3.94558e-08
0.2680000E+01 -5.75805e-08
0.2682000E+01 -5.40493e-08
0.2684000E+01 -5.42492e-08
0.2686000E+01 -4.65773e-08
0.2688000E+01 -4.08927e-08
0.2690000E+01 -4.18233e-08
0.2692000E+01 -3.92144e-08
0.2694000E+01 -3.63626e-08
0.2696000E+01 -3.33461e-08
0.2698000E+01 -3.50402e-08
0.2700000E+01 -5.55384e-08
0.2702000E+01 -4.8657e-08
0.2704000E+01 -4.2103e-08
0.2706000E+01 -2.86583e-08
0.2708000E+01 -3.13555e-08
0.2710000E+01 -3.20136e-08
0.2712000E+01 -2.82655e-08
0.2714000E+01 -3.30827e-08
0.2716000E+01 -3.32982e-08
0.2718000E+01 -2.98223e-08
0.2720000E+01 -5.08512e-08
0.2722000E+01 -3.48348e-08
0.2724000E+01 -3.33182e-08
0.2726000E+01 -3.02064e-08
0.2728000E+01 -2.92643e-08
0.2730000E+01 -2.12325e-08
0.2732000E+01 -3.58131e-08
0.2734000E+01 -1.67024e-08
0.2736000E+01 -3.71858e-08
0.2738000E+01 -4.96084e-08
0.2740000E+01 -3.09902e-08
0.2742000E+01 -1.21615e-08
0.2744000E+01 -1.25434e-08
0.2746000E+01 -1.41526e-08
0.2748000E+01 -2.09967e-08
0.2750000E+01 -1.41034e-08
0.2752000E+01 -2.39016e-08
0.2754000E+01 -5.65472e-08
0.2756000E+01 -2.74406e-08
0.2758000E+01 -2.32599e-08
0.2760000E+01 -1.91623e-08
0.2762000E+01 -1.63187e-08
0.2764000E+01 -1.24106e-08
0.2766000E+01 -8.77007e-09
0.2768000E+01 -3.5447e-08
0.2770000E+01 -2.94134e-08
0.2772000E+01 -1.75713e-08
0.2774000E+01 -1.00211e-08
0.2776000E+01 -5.83218e-09
0.2778000E+01 -6.12418e-10
0.2780000E+01 -1.13047e-09
0.2782000E+01 -3.28796e-08
0.2784000E+01 -2.14748e-08
0.2786000E+01 -1.03469e-08
0.2788000E+01 -2.04604e-09
0.2790000E+01 3.55102e-09
0.2792000E+01 1.81901e-09
0.2794000E+01 -1.89789e-08
0.2796000E+01 -3.79775e-08
0.2798000E+01 -1.16462e-08
0.2800000E+01 -4.7367e-09
0.2802000E+01 6.04521e-11
0.2804000E+01 1.01317e-08
0.2806000E+01 -2.75945e-08
0.2808000E+01 -2.55461e-08
0.2810000E+01 2.42539e-09
0.2812000E+01 9.82341e-09
0.2814000E+01 1.0215e-08
0.2816000E+01 -2.05069e-08
0.2818000E+01 -7.27814e-09
0.2820000E+01 1.59588e-09
0.2822000E+01 6.57429e-09
0.2824000E+01 -1.44112e-09
0.2826000E+01 -4.08312e-08
0.2828000E+01 -2.4828e-10
0.2830000E+01 8.33333e-09
0.2832000E+01 -2.98522e-08
0.2834000E+01 -5.05152e-08
0.2836000E+01 -7.29918e-09
0.2838000E+01 -6.3038e-08
0.2840000E+01 -7.97008e-08
0.2842000E+01 -1.24978e-07
0.2844000E+01 -1.95666e-07
0.2846000E+01 -9.3113e-08
0.2848000E+01 7.06666e-07
0.2850000E+01 2.83805e-07
0.2852000E+01 1.8259e-07
0.2854000E+01 1.25753e-07
0.2856000E+01 1.4882e-07
0.2858000E+01 1.0369e-07
0.2860000E+01 8.69624e-08
0.2862000E+01 8.32761e-08
0.2864000E+01 9.55053e-08
0.2866000E+01 6.93302e-08
0.2868000E+01 7.36165e-08
0.2870000E+01 6.42182e-08
0.2872000E+01 7.0005e-08
0.2874000E+01 7.19718e-08
0.2876000E+01 6.98382e-08
0.2878000E+01 6.30952e-08
0.2880000E+01 6.32162e-08
0.2882000E+01 6.12907e-08
0.2884000E+01 6.47015e-08
0.2886000E+01 4.78676e-08
0.2888000E+01 4.8325e-08
0.2890000E+01 4.87908e-08
0.2892000E+01 4.93666e-08
0.2894000E+01 5.36292e-08
0.2896000E+01 5.7451e-08
0.2898000E+01 3.97775e-08
0.2900000E+01 3.62352e-08
0.2902000E+01 4.35693e-08
0.2904000E+01 4.33111e-08
0.2906000E+01 3.90678e-08
0.2908000E+01 5.37432e-08
0.2910000E+01 6.05384e-08
0.2912000E+01 5.51568e-08
0.2914000E+01 4.99513e-08
0.2916000E+01 4.56455e-08
0.2918000E+01 4.40179e-08
0.2920000E+01 4.28339e-08
0.2922000E+01 5.07714e-08
0.2924000E+01 4.52084e-08
0.2926000E+01 3.90409e-08
0.2928000E+01 3.96137e-08
0.2930000E+01 4.06194e-08
0.2932000E+01 4.29024e-08
0.2934000E+01 4.98909e-08
0.2936000E+01 4.18942e-08
0.2938000E+01 3.76937e-08
0.2940000E+01 3.25317e-07
0.2942000E+01 3.31957e-07
0.2944000E+01 2.87787e-08
0.2946000E+01 2.38484e-08
0.2948000E+01 2.27186e-08
0.2950000E+01 1.58801e-08
0.2952000E+01 2.16402e-08
0.2954000E+01 1.53152e-08
0.2956000E+01 1.95001e-08
0.2958000E+01 3.74492e-08
0.2960000E+01 2.02457e-08
0.2962000E+01 8.92919e-09
0.2964000E+01 4.83445e-09
0.2966000E+01 7.44097e-10
0.2968000E+01 1.52012e-08
0.2970000E+01 -7.52018e-09
0.2972000E+01 1.24267e-08
0.2974000E+01 4.80222e-08
0.2976000E+01 3.93589e-08
0.2978000E+01 3.72721e-08
0.2980000E+01 4.92001e-08
0.2982000E+01 3.57826e-08
0.2984000E+01 6.87007e-09
0.2986000E+01 -2.53924e-08
0.2988000E+01 -2.32626e-07
0.2990000E+01 2.7055e-07
0.2992000E+01 4.93617e-07
0.2994000E+01 -2.26775e-08
0.2996000E+01 -8.87712e-09
0.2998000E+01 2.31807e-08
0.3000000E+01 1.03663e-08
0.3002000E+01 1.70521e-08
0.3004000E+01 4.25583e-09
0.3006000E+01 5.33679e-09
0.3008000E+01 7.76782e-09
0.3010000E+01 5.94528e-09
0.3012000E+01 -3.78942e-09
0.3014000E+01 -1.10169e-08
0.3016000E+01 -1.16119e-08
0.3018000E+01 -1.06126e-08
0.3020000E+01 -1.63787e-08
0.3022000E+01 -2.0005e-08
0.3024000E+01 -1.83423e-08
0.3026000E+01 -1.76333e-08
0.3028000E+01 -2.15281e-08
0.3030000E+01 5.05978e-09
0.3032000E+01 3.38826e-08
0.3034000E+01 1.66515e-08
0.3036000E+01 7.13955e-09
0.3038000E+01 1.40336e-08
0.3040000E+01 3.24635e-09
0.3042000E+01 3.24146e-09
0.3044000E+01 1.37128e-09
0.3046000E+01 5.09337e-09
0.3048000E+01 -5.61222e-09
0.3050000E+01 -9.19406e-09
0.3052000E+01 -7.04508e-09
0.3054000E+01 -7.88648e-09
0.3056000E+01 -1.20597e-08
0.3058000E+01 -1.49443e-08
0.3060000E+01 -1.40099e-08
0.3062000E+01 -1.86107e-08
0.3064000E+01 -1.83774e-08
0.3066000E+01 -1.94069e-08
0.3068000E+01 -1.98558e-08
0.3070000E+01 -1.87121e-08
0.3072000E+01 -1.87148e-08
0.3074000E+01 -1.77591e-08
0.3076000E+01 2.20833e-08
0.3078000E+01 3.40967e-08
0.3080000E+01 1.91792e-08
0.3082000E+01 1.46155e-08
0.3084000E+01 5.71665e-09
0.3086000E+01 -1.38143e-10
0.3088000E+01 -1.51422e-09
0.3090000E+01 -3.43633e-09
0.3092000E+01 -8.52714e-09
0.3094000E+01 -6.84744e-09
0.3096000E+01 -1.56707e-08
0.3098000E+01 -7.55043e-09
0.3100000E+01 -3.56874e-09
0.3102000E+01 -6.33383e-09
0.3104000E+01 -1.13003e-08
0.3106000E+01 -1.6632e-08
0.3108000E+01 -8.18756e-09
0.3110000E+01 -1.3159e-08
0.3112000E+01 -1.97907e-08
0.3114000E+01 -1.85769e-08
0.3116000E+01 -2.95061e-09
0.3118000E+01 -1.31643e-08
0.3120000E+01 -1.20615e-08
0.3122000E+01 -1.13985e-08
0.3124000E+01 -2.19003e-08
0.3126000E+01 -2.67706e-08
0.3128000E+01 -3.04606e-08
0.3130000E+01 -2.61237e-08
0.3132000E+01 -2.02579e-08
0.3134000E+01 -2.27188e-08
0.3136000E+01 -1.32345e-08
0.3138000E+01 1.02754e-08
0.3140000E+01 -1.61637e-08
0.3142000E+01 -1.86382e-08
0.3144000E+01 -2.07635e-08
0.3146000E+01 -1.84195e-08
0.3148000E+01 -3.39647e-08
0.3150000E+01 -4.40627e-08
0.3152000E+01 -4.10933e-08
0.3154000E+01 -4.26951e-08
0.3156000E+01 -9.03236e-08
0.3158000E+01 -1.04197e-07
0.3160000E+01 -1.065e-07
0.3162000E+01 -3.21001e-07
0.3164000E+01 -2.16711e-07
0.3166000E+01 6.94223e-07
0.3168000E+01 2.91428e-08
0.3170000E+01 -9.41881e-09
0.3172000E+01 1.13016e-08
0.3174000E+01 1.78398e-08
0.3176000E+01 7.11426e-08
0.3178000E+01 5.32433e-08
0.3180000E+01 5.69006e-08
0.3182000E+01 7.90494e-08
0.3184000E+01 4.35295e-08
0.3186000E+01 6.76157e-08
0.3188000E+01 6.12193e-08
0.3190000E+01 7.14978e-08
0.3192000E+01 5.67495e-08
0.3194000E+01 4.38837e-08
0.3196000E+01 5.34191e-08
0.3198000E+01 6.07033e-08
0.3200000E+01 7.20674e-08
0.3202000E+01 8.62268e-08
0.3204000E+01 6.51783e-08
0.3206000E+01 6.43286e-08
0.3208000E+01 5.99931e-08
0.3210000E+01 6.10601e-08
0.3212000E+01 7.81705e-08
0.3214000E+01 1.03908e-07
0.3216000E+01 6.21941e-08
0.3218000E+01 5.42526e-08
0.3220000E+01 4.18962e-08
0.3222000E+01 5.65978e-08
0.3224000E+01 8.08129e-08
0.3226000E+01 7.5596e-08
0.3228000E+01 6.12966e-08
0.3230000E+01 3.41236e-08
0.3232000E+01 4.53491e-08
0.3234000E+01 7.62664e-08
0.3236000E+01 8.83041e-08
0.3238000E+01 6.99602e-08
0.3240000E+01 5.91195e-08
0.3242000E+01 5.6499e-08
0.3244000E+01 1.18977e-07
0.3246000E+01 5.83882e-08
0.3248000E+01 6.1406e-08
0.3250000E+01 8.874e-08
0.3252000E+01 1.36054e-07
0.3254000E+01 1.26412e-07
0.3256000E+01 1.04315e-07
0.3258000E+01 -3.66618e-09
0.3260000E+01 7.82086e-08
0.3262000E+01 3.8552e-08
0.3264000E+01 1.82617e-08
0.3266000E+01 1.96504e-07
0.3268000E+01 5.89349e-08
0.3270000E+01 6.77693e-08
0.3272000E+01 2.07961e-07
0.3274000E+01 2.21634e-07
0.3276000E+01 4.09005e-07
0.3278000E+01 -3.69915e-08
0.3280000E+01 -5.16736e-08
0.3282000E+01 2.87026e-07
0.3284000E+01 2.88011e-07
0.3286000E+01 7.25055e-07
0.3288000E+01 1.50713e-07
0.3290000E+01 7.71403e-07
0.3292000E+01 6.81916e-07
0.3294000E+01 4.46738e-07
0.3296000E+01 -9.99534e-08
0.3298000E+01 3.25105e-08
0.3300000E+01 -4.02204e-07
0.3302000E+01 -2.92395e-07
0.3304000E+01 -3.18227e-07
0.3306000E+01 -1.13449e-07
0.3308000E+01 -1.04244e-07
0.3310000E+01 -1.58912e-07
0.3312000E+01 -1.66229e-07
0.3314000E+01 -1.18211e-07
0.3316000E+01 -1.05335e-07
0.3318000E+01 -9.71531e-08
0.3320000E+01 -8.12837e-08
0.3322000E+01 -5.22979e-08
0.3324000E+01 -6.75545e-08
0.3326000E+01 -8.10278e-08
0.3328000E+01 -7.46885e-08
0.3330000E+01 -5.02697e-08
0.3332000E+01 -4.39311e-08
0.3334000E+01 -4.20807e-08
0.3336000E+01 -3.86805e-08
0.3338000E+01 -3.47449e-08
0.3340000E+01 -3.32283e-08
0.3342000E+01 -3.79867e-08
0.3344000E+01 -3.44466e-08
0.3346000E+01 -2.4396e-08
0.3348000E+01 -2.04441e-08
0.3350000E+01 -1.55461e-08
0.3352000E+01 -1.52385e-08
0.3354000E+01 -1.90835e-08
0.3356000E+01 -2.4658e-08
0.3358000E+01 -2.34724e-08
0.3360000E+01 -1.51211e-08
0.3362000E+01 -1.34119e-08
0.3364000E+01 -2.40511e-08
0.3366000E+01 -2.12017e-08
0.3368000E+01 -1.60812e-08
0.3370000E+01 -1.00946e-08
0.3372000E+01 -9.55261e-09
0.3374000E+01 -9.56766e-09
0.3376000E+01 -6.93881e-09
0.3378000E+01 -6.71986e-09
0.3380000E+01 -3.7668e-09
0.3382000E+01 -1.47444e-09
0.3384000E+01 -1.46242e-08
0.3386000E+01 -1.05717e-08
0.3388000E+01 -3.16122e-09
0.3390000E+01 -3.54137e-09
0.3392000E+01 -1.00785e-09
0.3394000E+01 1.30796e-09
0.3396000E+01 1.97741e-09
0.3398000E+01 -2.47108e-10
0.3400000E+01 4.07373e-09
0.3402000E+01 -5.39937e-09
0.3404000E+01 -5.08789e-09
0.3406000E+01 -4.98373e-09
0.3408000E+01 -5.90362e-09
0.3410000E+01 -2.14529e-09
0.3412000E+01 -4.00342e-10
0.3414000E+01 -4.15764e-10
0.3416000E+01 -2.13953e-09
0.3418000E+01 -2.32937e-09
0.3420000E+01 -1.49565e-08
0.3422000E+01 -1.08355e-08
0.3424000E+01 -9.90554e-09
0.3426000E+01 -6.53195e-09
0.3428000E+01 -2.76127e-09
0.3430000E+01 4.66088e-08
0.3432000E+01 3.41233e-09
0.3434000E+01 3.42801e-09
0.3436000E+01 -8.16061e-09
0.3438000E+01 -1.31923e-08
0.3440000E+01 -8.82986e-09
0.3442000E+01 -1.54087e-08
0.3444000E+01 -9.15639e-09
0.3446000E+01 -5.55827e-10
0.3448000E+01 1.48328e-09
0.3450000E+01 -1.61185e-09
0.3452000E+01 -2.21219e-08
0.3454000E+01 -1.46188e-08
0.3456000E+01 1.87835e-08
0.3458000E+01 1.61199e-08
0.3460000E+01 1.97215e-08
0.3462000E+01 4.45491e-09
0.3464000E+01 -2.3076e-09
0.3466000E+01 -2.49556e-08
0.3468000E+01 -2.47858e-08
0.3470000E+01 -1.56726e-08
0.3472000E+01 -5.68911e-09
0.3474000E+01 -1.05358e-08
0.3476000E+01 -6.94012e-09
0.3478000E+01 -1.8807e-08
0.3480000E+01 -9.73435e-09
0.3482000E+01 7.33907e-09
0.3484000E+01 -1.12068e-09
0.3486000E+01 8.79201e-09
0.3488000E+01 -7.17739e-09
0.3490000E+01 -1.49148e-08
0.3492000E+01 -2.34379e-08
0.3494000E+01 9.77558e-09
0.3496000E+01 -1.32281e-08
0.3498000E+01 -1.65708e-08
0.3500000E+01 5.96404e-09
0.3502000E+01 -1.41919e-08
0.3504000E+01 -2.05898e-09
0.3506000E+01 7.72991e-09
0.3508000E+01 2.33739e-08
0.3510000E+01 -1.21071e-08
0.3512000E+01 -3.35147e-08
0.3514000E+01 2.5119e-08
0.3516000E+01 8.72377e-09
0.3518000E+01 -5.5042e-09
0.3520000E+01 1.60441e-08
0.3522000E+01 2.84053e-08
0.3524000E+01 9.04786e-08
0.3526000E+01 6.80334e-08
0.3528000E+01 6.24794e-08
0.3530000E+01 5.32582e-08
0.3532000E+01 6.56884e-08
0.3534000E+01 6.53187e-08
0.3536000E+01 5.12959e-08
0.3538000E+01 6.3718e-08
0.3540000E+01 8.13467e-08
0.3542000E+01 9.96679e-08
0.3544000E+01 1.14226e-07
0.3546000E+01 1.27896e-07
0.3548000E+01 8.13501e-08
0.3550000E+01 8.96359e-08
0.3552000E+01 9.16051e-08
0.3554000E+01 1.2026e-07
0.3556000E+01 7.26203e-08
0.3558000E+01 7.47078e-08
0.3560000E+01 2.09802e-07
0.3562000E+01 1.33946e-07
0.3564000E+01 1.35908e-07
0.3566000E+01 1.18015e-07
0.3568000E+01 9.58949e-08
0.3570000E+01 9.69084e-08
0.3572000E+01 1.05059e-07
0.3574000E+01 3.0523e-07
0.3576000E+01 1.87171e-07
0.3578000E+01 1.5659e-07
0.3580000E+01 1.87837e-07
0.3582000E+01 1.65346e-07
0.3584000E+01 1.83536e-07
0.3586000E+01 4.20433e-07
0.3588000E+01 3.11371e-07
0.3590000E+01 4.37734e-07
0.3592000E+01 3.60039e-07
0.3594000E+01 9.64081e-07
0.3596000E+01 8.02264e-07
0.3598000E+01 3.02448e-06
0.3600000E+01 -4.06984e-06
0.3602000E+01 -1.12979e-06
0.3604000E+01 -7.42083e-07
0.3606000E+01 -4.85056e-07
0.3608000E+01 -3.87992e-07
0.3610000E+01 -2.77674e-07
0.3612000E+01 -2.73358e-07
0.3614000E+01 -2.65713e-07
0.3616000E+01 -1.57588e-07
0.3618000E+01 -1.57791e-07
0.3620000E+01 -1.84475e-07
0.3622000E+01 -1.84551e-07
0.3624000E+01 -1.21614e-07
0.3626000E+01 -1.45886e-07
0.3628000E+01 -1.69533e-07
0.3630000E+01 -2.27007e-07
0.3632000E+01 -1.02188e-07
0.3634000E+01 -9.31892e-08
0.3636000E+01 -1.17867e-07
0.3638000E+01 -1.61222e-07
0.3640000E+01 -8.1839e-08
0.3642000E+01 -6.21363e-08
0.3644000E+01 -3.13117e-08
0.3646000E+01 -7.75349e-08
0.3648000E+01 -1.2629e-07
0.3650000E+01 -8.43109e-08
0.3652000E+01 -7.7582e-08
0.3654000E+01 -9.05721e-08
0.3656000E+01 -1.02854e-07
0.3658000E+01 -1.10155e-07
0.3660000E+01 -6.52776e-08
0.3662000E+01 -5.36166e-08
0.3664000E+01 -6.97981e-08
0.3666000E+01 -7.61157e-08
0.3668000E+01 -7.31969e-08
0.3670000E+01 -1.16578e-08
0.3672000E+01 -5.34363e-08
0.3674000E+01 -5.63265e-08
0.3676000E+01 -5.17937e-08
0.3678000E+01 -5.77452e-08
0.3680000E+01 -7.26673e-08
0.3682000E+01 -5.67169e-08
0.3684000E+01 -5.3509e-08
0.3686000E+01 -5.47309e-08
0.3688000E+01 -5.99353e-08
0.3690000E+01 -5.83476e-08
0.3692000E+01 -7.22114e-08
0.3694000E+01 -4.32478e-08
0.3696000E+01 -4.36484e-08
0.3698000E+01 -3.77536e-08
0.3700000E+01 -2.8338e-08
0.3702000E+01 -3.17787e-08
0.3704000E+01 -5.56123e-08
0.3706000E+01 -3.55378e-08
0.3708000E+01 -4.01794e-08
0.3710000E+01 -4.03346e-08
0.3712000E+01 -4.76012e-08
0.3714000E+01 -5.05002e-08
0.3716000E+01 -5.2633e-08
0.3718000E+01 -3.72587e-08
0.3720000E+01 -3.91148e-08
0.3722000E+01 -3.66887e-08
0.3724000E+01 -3.44866e-08
0.3726000E+01 -3.46532e-08
0.3728000E+01 -3.47419e-08
0.3730000E+01 -2.67542e-08
0.3732000E+01 -2.56957e-08
0.3734000E+01 -2.49151e-08
0.3736000E+01 -2.86422e-08
0.3738000E+01 -3.06014e-08
0.3740000E+01 -3.19674e-08
0.3742000E+01 -4.25872e-08
0.3744000E+01 -3.36126e-08
0.3746000E+01 -3.28502e-08
0.3748000E+01 -3.3902e-08
0.3750000E+01 -3.33487e-08
0.3752000E+01 -3.22994e-08
0.3754000E+01 -3.68867e-08
0.3756000E+01 -2.99479e-08
0.3758000E+01 -3.33446e-08
0.3760000E+01 -2.40152e-08
0.3762000E+01 -2.56987e-08
0.3764000E+01 -2.52641e-08
0.3766000E+01 -2.53972e-08
0.3768000E+01 -2.03584e-08
0.3770000E+01 -1.65124e-08
0.3772000E+01 -1.3576e-08
0.3774000E+01 -2.03153e-08
0.3776000E+01 -2.47312e-08
0.3778000E+01 -2.66616e-08
0.3780000E+01 -2.99415e-08
0.3782000E+01 -2.45628e-08
0.3784000E+01 -2.69207e-08
0.3786000E+01 -2.28863e-08
0.3788000E+01 -2.53318e-08
0.3790000E+01 -2.67996e-08
0.3792000E+01 -2.66529e-08
0.3794000E+01 -2.59262e-08
0.3796000E+01 -2.53891e-08
0.3798000E+01 -2.48397e-08
0.3800000E+01 -2.48545e-08
0.3802000E+01 -2.8542e-08
0.3804000E+01 -8.42797e-09
0.3806000E+01 -1.17586e-08
0.3808000E+01 -1.27517e-08
0.3810000E+01 -1.74905e-08
0.3812000E+01 -1.69128e-08
0.3814000E+01 -1.14229e-08
0.3816000E+01 -1.73636e-08
0.3818000E+01 -1.72098e-08
0.3820000E+01 -1.54449e-08
0.3822000E+01 -2.00778e-08
0.3824000E+01 -1.72345e-08
0.3826000E+01 -1.23591e-08
0.3828000E+01 -2.29607e-08
0.3830000E+01 -2.18362e-08
0.3832000E+01 -9.16976e-09
0.3834000E+01 -2.00508e-08
0.3836000E+01 -9.9059e-09
0.3838000E+01 -2.24239e-08
0.3840000E+01 -1.64581e-08
0.3842000E+01 -3.23687e-08
0.3844000E+01 1.21073e-08
0.3846000E+01 -2.86225e-08
0.3848000E+01 -9.83042e-08
0.3850000E+01 4.21953e-09
0.3852000E+01 -8.20328e-09
0.3854000E+01 2.25567e-09
0.3856000E+01 -1.92196e-09
0.3858000E+01 -6.59813e-10
0.3860000E+01 -3.04933e-09
0.3862000E+01 -4.87411e-09
0.3864000E+01 -5.25749e-09
0.3866000E+01 -1.15394e-08
0.3868000E+01 -1.02223e-09
0.3870000E+01 3.29178e-09
0.3872000E+01 -1.03456e-09
0.3874000E+01 -1.26549e-09
0.3876000E+01 -1.13221e-09
0.3878000E+01 -6.40421e-10
0.3880000E+01 -2.11282e-09
0.3882000E+01 -3.75248e-09
0.3884000E+01 -1.11048e-08
0.3886000E+01 -5.71701e-09
0.3888000E+01 2.2227e-09
0.3890000E+01 2.4266e-09
0.3892000E+01 2.67497e-09
0.3894000E+01 2.98983e-09
0.3896000E+01 2.43247e-09
0.3898000E+01 -1.79692e-09
0.3900000E+01 -3.16843e-09
0.3902000E+01 1.04113e-08
0.3904000E+01 9.11754e-09
0.3906000E+01 1.90645e-08
0.3908000E+01 1.30419e-08
0.3910000E+01 1.02592e-08
0.3912000E+01 1.09739e-09
0.3914000E+01 8.77847e-09
0.3916000E+01 1.26569e-08
0.3918000E+01 1.00741e-08
0.3920000E+01 7.68149e-09
0.3922000E+01 6.74078e-09
0.3924000E+01 6.22714e-09
0.3926000E+01 2.41941e-09
0.3928000E+01 3.70243e-09
0.3930000E+01 5.84365e-09
0.3932000E+01 5.91805e-09
0.3934000E+01 3.70571e-09
0.3936000E+01 2.09298e-09
0.3938000E+01 1.75124e-09
0.3940000E+01 2.75279e-09
0.3942000E+01 1.84924e-09
0.3944000E+01 1.71756e-09
0.3946000E+01 -8.63764e-10
0.3948000E+01 -1.3236e-09
0.3950000E+01 -2.64085e-10
0.3952000E+01 -6.11815e-10
0.3954000E+01 -1.17552e-09
0.3956000E+01 -1.66694e-09
0.3958000E+01 -1.56937e-09
0.3960000E+01 5.36102e-10
0.3962000E+01 7.38301e-09
0.3964000E+01 4.08363e-09
0.3966000E+01 3.24066e-09
0.3968000E+01 2.56979e-09
0.3970000E+01 2.14844e-09
0.3972000E+01 2.18512e-09
0.3974000E+01 1.42005e-09
0.3976000E+01 1.62043e-09
0.3978000E+01 -6.1916e-09
0.3980000E+01 -3.72649e-09
0.3982000E+01 -2.86038e-09
0.3984000E+01 6.10091e-10
0.3986000E+01 1.07697e-09
0.3988000E+01 2.03645e-09
0.3990000E+01 2.22173e-09
0.3992000E+01 -3.71133e-09
0.3994000E+01 4.22649e-11
0.3996000E+01 -1.60173e-10
0.3998000E+01 -2.12487e-10
0.4000000E+01 9.44581e-10
