0.0000000E+00 0
0.2000000E-02 0
0.4000000E-02 0
0.6000000E-02 0
0.8000000E-02 0
0.1000000E-01 0
0.1200000E-01 0
0.1400000E-01 0
0.1600000E-01 0
0.1800000E-01 0
0.2000000E-01 0
0.2200000E-01 0
0.2400000E-01 0
0.2600000E-01 0
0.2800000E-01 0
0.3000000E-01 0
0.3200000E-01 0
0.3400000E-01 0
0.3600000E-01 0
0.3800000E-01 0
0.4000000E-01 0
0.4200000E-01 0
0.4400000E-01 0
0.4600000E-01 0
0.4800000E-01 0
0.5000000E-01 0
0.5200000E-01 0
0.5400000E-01 0
0.5600000E-01 0
0.5800000E-01 0
0.6000000E-01 0
0.6200000E-01 0
0.6400000E-01 0
0.6600000E-01 0
0.6800000E-01 0
0.7000000E-01 0
0.7200000E-01 0
0.7400000E-01 0
0.7600000E-01 0
0.7800000E-01 0
0.8000000E-01 0
0.8200000E-01 0
0.8400000E-01 0
0.8600000E-01 3.91266e-05
0.8800000E-01 3.49816e-05
0.9000000E-01 1.30273e-05
0.9200000E-01 3.34033e-06
0.9400000E-01 1.66122e-06
0.9600000E-01 4.2405e-07
0.9800000E-01 -7.12254e-07
0.1000000E+00 -1.29987e-06
0.1020000E+00 -1.13928e-06
0.1040000E+00 -5.43545e-07
0.1060000E+00 3.99202e-08
0.1080000E+00 -4.43493e-08
0.1100000E+00 -2.11482e-06
0.1120000E+00 -1.63755e-06
0.1140000E+00 -1.05796e-06
0.1160000E+00 -4.28191e-07
0.1180000E+00 2.05814e-07
0.1200000E+00 1.73743e-06
0.1220000E+00 -1.24884e-07
0.1240000E+00 -2.06733e-06
0.1260000E+00 -2.09895e-06
0.1280000E+00 -1.30014e-06
0.1300000E+00 -1.14461e-06
0.1320000E+00 -1.10911e-06
0.1340000E+00 -8.81643e-07
0.1360000E+00 -4.1041e-07
0.1380000E+00 -3.29706e-07
0.1400000E+00 -3.15735e-07
0.1420000E+00 -3.12005e-07
0.1440000E+00 -5.1303e-07
0.1460000E+00 -5.84489e-07
0.1480000E+00 -4.60972e-07
0.1500000E+00 -3.2746e-07
0.1520000E+00 -3.24023e-07
0.1540000E+00 -3.47338e-07
0.1560000E+00 -3.77087e-07
0.1580000E+00 -4.10579e-07
0.1600000E+00 -4.45189e-07
0.1620000E+00 -4.8524e-07
0.1640000E+00 -5.54594e-07
0.1660000E+00 -5.34239e-07
0.1680000E+00 -1.8179e-07
0.1700000E+00 -1.56484e-07
0.1720000E+00 -1.33579e-07
0.1740000E+00 -1.13102e-07
0.1760000E+00 -6.7239e-07
0.1780000E+00 -4.48621e-07
0.1800000E+00 -4.32684e-07
0.1820000E+00 -4.2993e-07
0.1840000E+00 -4.20502e-07
0.1860000E+00 -4.10249e-07
0.1880000E+00 -3.85605e-07
0.1900000E+00 -3.6831e-07
0.1920000E+00 -3.37461e-07
0.1940000E+00 -1.97445e-07
0.1960000E+00 -2.07786e-07
0.1980000E+00 -2.18062e-07
0.2000000E+00 -2.29015e-07
0.2020000E+00 -2.40653e-07
0.2040000E+00 -2.5299e-07
0.2060000E+00 -2.66036e-07
0.2080000E+00 -2.77955e-07
0.2100000E+00 -3.06085e-07
0.2120000E+00 -3.42357e-07
0.2140000E+00 -3.19739e-07
0.2160000E+00 -3.03375e-07
0.2180000E+00 -3.05535e-07
0.2200000E+00 -3.07579e-07
0.2220000E+00 -2.88578e-07
0.2240000E+00 -1.76592e-07
0.2260000E+00 -1.46633e-07
0.2280000E+00 -1.30699e-07
0.2300000E+00 -1.85683e-07
0.2320000E+00 -3.03893e-07
0.2340000E+00 -2.82602e-07
0.2360000E+00 -2.87355e-07
0.2380000E+00 -2.76927e-07
0.2400000E+00 -2.56349e-07
0.2420000E+00 -2.53626e-07
0.2440000E+00 -2.5042e-07
0.2460000E+00 -2.64699e-07
0.2480000E+00 -2.81619e-07
0.2500000E+00 -2.57202e-07
0.2520000E+00 -1.94306e-07
0.2540000E+00 -1.97148e-07
0.2560000E+00 -1.9994e-07
0.2580000E+00 -2.06684e-07
0.2600000E+00 -2.13931e-07
0.2620000E+00 -2.28018e-07
0.2640000E+00 -2.42108e-07
0.2660000E+00 -2.34917e-07
0.2680000E+00 -2.33717e-07
0.2700000E+00 -1.89868e-07
0.2720000E+00 -1.84774e-07
0.2740000E+00 -1.85616e-07
0.2760000E+00 -1.84504e-07
0.2780000E+00 -1.81871e-07
0.2800000E+00 -1.11378e-07
0.2820000E+00 -1.37868e-07
0.2840000E+00 -2.14998e-07
0.2860000E+00 -2.05899e-07
0.2880000E+00 -2.01994e-07
0.2900000E+00 -2.10231e-07
0.2920000E+00 -2.1412e-07
0.2940000E+00 -2.15791e-07
0.2960000E+00 -2.1736e-07
0.2980000E+00 -2.19686e-07
0.3000000E+00 -2.22081e-07
0.3020000E+00 -2.19648e-07
0.3040000E+00 -2.19076e-07
0.3060000E+00 -1.70575e-07
0.3080000E+00 -1.73451e-07
0.3100000E+00 -1.76426e-07
0.3120000E+00 -1.7943e-07
0.3140000E+00 -1.69793e-07
0.3160000E+00 -9.86034e-08
0.3180000E+00 -7.45685e-08
0.3200000E+00 -1.15069e-07
0.3220000E+00 -1.64736e-07
0.3240000E+00 -1.68718e-07
0.3260000E+00 -1.70906e-07
0.3280000E+00 -1.7315e-07
0.3300000E+00 -1.8554e-07
0.3320000E+00 -2.39256e-07
0.3340000E+00 -1.61899e-07
0.3360000E+00 -1.23939e-07
0.3380000E+00 -1.62102e-07
0.3400000E+00 -1.7274e-07
0.3420000E+00 -1.71074e-07
0.3440000E+00 -1.68836e-07
0.3460000E+00 -1.66416e-07
0.3480000E+00 -1.68744e-07
0.3500000E+00 -1.81819e-07
0.3520000E+00 -1.83076e-07
0.3540000E+00 -1.84284e-07
0.3560000E+00 -1.64214e-07
0.3580000E+00 -1.58868e-07
0.3600000E+00 -1.60766e-08
0.3620000E+00 -1.07424e-07
0.3640000E+00 -1.33941e-07
0.3660000E+00 -1.34373e-07
0.3680000E+00 -1.25281e-07
0.3700000E+00 -1.29711e-07
0.3720000E+00 -1.35026e-07
0.3740000E+00 -1.42285e-07
0.3760000E+00 -1.91066e-07
0.3780000E+00 -1.5494e-07
0.3800000E+00 -1.65437e-07
0.3820000E+00 -1.73624e-07
0.3840000E+00 -4.77663e-08
0.3860000E+00 -1.56508e-07
0.3880000E+00 -1.53258e-07
0.3900000E+00 -1.53474e-07
0.3920000E+00 -1.5286e-07
0.3940000E+00 -1.5426e-07
0.3960000E+00 -1.5935e-07
0.3980000E+00 -1.6e-07
0.4000000E+00 -1.60372e-07
0.4020000E+00 -1.07587e-07
0.4040000E+00 -7.53556e-08
0.4060000E+00 -7.61054e-08
0.4080000E+00 -7.73414e-08
0.4100000E+00 -7.85525e-08
0.4120000E+00 -9.10029e-08
0.4140000E+00 -1.48757e-07
0.4160000E+00 -1.48407e-07
0.4180000E+00 -1.50583e-07
0.4200000E+00 -1.49239e-07
0.4220000E+00 -1.52685e-07
0.4240000E+00 -1.48011e-07
0.4260000E+00 -1.26217e-07
0.4280000E+00 -1.19337e-07
0.4300000E+00 -1.23241e-07
0.4320000E+00 -1.28053e-07
0.4340000E+00 -1.37156e-07
0.4360000E+00 -1.36867e-07
0.4380000E+00 -1.3661e-07
0.4400000E+00 -1.35276e-07
0.4420000E+00 -1.35086e-07
0.4440000E+00 -1.40594e-07
0.4460000E+00 -9.48348e-08
0.4480000E+00 1.30358e-08
0.4500000E+00 -1.09797e-07
0.4520000E+00 -1.217e-07
0.4540000E+00 -1.2619e-07
0.4560000E+00 -1.22977e-07
0.4580000E+00 -1.21434e-07
0.4600000E+00 -1.21751e-07
0.4620000E+00 -1.21557e-07
0.4640000E+00 -1.22551e-07
0.4660000E+00 -1.07941e-07
0.4680000E+00 -1.08085e-07
0.4700000E+00 -1.0456e-07
0.4720000E+00 -1.17973e-07
0.4740000E+00 -1.21138e-07
0.4760000E+00 -1.21666e-07
0.4780000E+00 -1.23477e-07
0.4800000E+00 -1.35933e-07
0.4820000E+00 -1.62137e-07
0.4840000E+00 -1.58087e-07
0.4860000E+00 -7.91999e-08
0.4880000E+00 -1.02856e-07
0.4900000E+00 -6.11338e-08
0.4920000E+00 -6.79923e-08
0.4940000E+00 -7.91775e-08
0.4960000E+00 -9.66455e-08
0.4980000E+00 -9.38622e-08
0.5000000E+00 -8.69177e-08
0.5020000E+00 -9.37699e-08
0.5040000E+00 -9.58955e-08
0.5060000E+00 -9.47723e-08
0.5080000E+00 -1.12085e-07
0.5100000E+00 -1.5069e-07
0.5120000E+00 -1.33104e-07
0.5140000E+00 -1.33159e-07
0.5160000E+00 -1.12182e-07
0.5180000E+00 -1.11873e-07
0.5200000E+00 -1.14702e-07
0.5220000E+00 -1.14957e-07
0.5240000E+00 -1.17404e-07
0.5260000E+00 -1.17315e-07
0.5280000E+00 -1.15437e-07
0.5300000E+00 -1.1107e-07
0.5320000E+00 -2.6121e-08
0.5340000E+00 -4.50251e-08
0.5360000E+00 -9.5963e-08
0.5380000E+00 -1.04803e-07
0.5400000E+00 -1.03953e-07
0.5420000E+00 -9.87497e-08
0.5440000E+00 -8.3489e-08
0.5460000E+00 -8.79324e-08
0.5480000E+00 -9.13719e-08
0.5500000E+00 -9.01937e-08
0.5520000E+00 -9.01709e-08
0.5540000E+00 -1.50229e-07
0.5560000E+00 -1.16097e-07
0.5580000E+00 -1.07499e-07
0.5600000E+00 -1.08781e-07
0.5620000E+00 -1.17194e-07
0.5640000E+00 -1.15823e-07
0.5660000E+00 -1.14538e-07
0.5680000E+00 -9.05444e-08
0.5700000E+00 -6.30929e-08
0.5720000E+00 -1.46726e-07
0.5740000E+00 -8.17882e-08
0.5760000E+00 -4.44414e-08
0.5780000E+00 -4.99498e-08
0.5800000E+00 -7.26667e-08
0.5820000E+00 -7.45641e-08
0.5840000E+00 -7.81062e-08
0.5860000E+00 -1.21345e-07
0.5880000E+00 -9.05457e-08
0.5900000E+00 -1.06997e-07
0.5920000E+00 -1.02011e-07
0.5940000E+00 -8.35978e-08
0.5960000E+00 -6.49182e-08
0.5980000E+00 -2.21864e-07
0.6000000E+00 -1.04002e-07
0.6020000E+00 -1.13182e-07
0.6040000E+00 -1.19391e-07
0.6060000E+00 -1.14614e-07
0.6080000E+00 -1.32571e-07
0.6100000E+00 -1.27527e-07
0.6120000E+00 -1.02359e-07
0.6140000E+00 -9.88071e-08
0.6160000E+00 -1.17621e-07
0.6180000E+00 -2.00679e-07
0.6200000E+00 1.03179e-07
0.6220000E+00 -1.46036e-07
0.6240000E+00 -4.64133e-07
0.6260000E+00 -2.42386e-07
0.6280000E+00 -8.78644e-07
0.6300000E+00 -3.22521e-08
0.6320000E+00 1.27897e-06
0.6340000E+00 -6.23396e-07
0.6360000E+00 3.22884e-07
0.6380000E+00 -2.73107e-07
0.6400000E+00 -1.24106e-07
0.6420000E+00 -3.4784e-07
0.6440000E+00 -6.09672e-08
0.6460000E+00 -2.42684e-07
0.6480000E+00 -1.60247e-07
0.6500000E+00 -1.98313e-07
0.6520000E+00 -2.07998e-07
0.6540000E+00 7.31811e-08
0.6560000E+00 -1.59139e-07
0.6580000E+00 6.56608e-08
0.6600000E+00 -2.62322e-08
0.6620000E+00 -1.1291e-07
0.6640000E+00 -1.3006e-07
0.6660000E+00 -7.21594e-08
0.6680000E+00 3.17906e-08
0.6700000E+00 -1.4947e-07
0.6720000E+00 1.08137e-08
0.6740000E+00 -5.92539e-08
0.6760000E+00 -5.93206e-08
0.6780000E+00 -8.32061e-08
0.6800000E+00 -1.07056e-07
0.6820000E+00 -1.10585e-07
0.6840000E+00 -3.71046e-08
0.6860000E+00 -5.58017e-08
0.6880000E+00 -5.85779e-08
0.6900000E+00 -8.39984e-08
0.6920000E+00 -9.3376e-08
0.6940000E+00 -8.46126e-08
0.6960000E+00 -6.32225e-08
0.6980000E+00 1.67685e-08
0.7000000E+00 -5.86824e-08
0.7020000E+00 -6.54205e-08
0.7040000E+00 -6.31015e-08
0.7060000E+00 -2.69598e-08
0.7080000E+00 -4.09216e-08
0.7100000E+00 -4.95348e-08
0.7120000E+00 -7.4073e-08
0.7140000E+00 -6.89765e-08
0.7160000E+00 -6.72867e-08
0.7180000E+00 -8.04494e-08
0.7200000E+00 -7.68341e-08
0.7220000E+00 -7.69769e-08
0.7240000E+00 -7.69927e-08
0.7260000E+00 -7.45967e-08
0.7280000E+00 -7.46251e-08
0.7300000E+00 -5.13425e-08
0.7320000E+00 -5.77723e-08
0.7340000E+00 -5.86633e-08
0.7360000E+00 -3.83879e-08
0.7380000E+00 -8.78744e-08
0.7400000E+00 -4.25262e-08
0.7420000E+00 -5.20657e-08
0.7440000E+00 -5.60494e-08
0.7460000E+00 -6.05053e-08
0.7480000E+00 -6.25842e-08
0.7500000E+00 -6.34491e-08
0.7520000E+00 -6.22083e-08
0.7540000E+00 -6.43701e-08
0.7560000E+00 -6.25635e-08
0.7580000E+00 -5.36924e-08
0.7600000E+00 -5.05658e-08
0.7620000E+00 -5.56034e-08
0.7640000E+00 -5.84383e-08
0.7660000E+00 -5.86106e-08
0.7680000E+00 -1.01115e-07
0.7700000E+00 -7.93422e-08
0.7720000E+00 -7.6957e-08
0.7740000E+00 -7.66254e-08
0.7760000E+00 -4.75867e-08
0.7780000E+00 -2.42138e-08
0.7800000E+00 -4.57843e-08
0.7820000E+00 -5.23477e-08
0.7840000E+00 -5.23009e-08
0.7860000E+00 -5.23007e-08
0.7880000E+00 -5.5373e-08
0.7900000E+00 -4.82636e-08
0.7920000E+00 -4.37735e-08
0.7940000E+00 -4.76779e-08
0.7960000E+00 -5.03988e-08
0.7980000E+00 -5.33299e-08
0.8000000E+00 -5.50345e-08
0.8020000E+00 -8.70456e-08
0.8040000E+00 -8.57782e-08
0.8060000E+00 -7.1098e-08
0.8080000E+00 -7.13122e-08
0.8100000E+00 -7.23779e-08
0.8120000E+00 -7.16785e-08
0.8140000E+00 -5.53666e-08
0.8160000E+00 -1.89431e-08
0.8180000E+00 -3.33739e-08
0.8200000E+00 -4.66448e-08
0.8220000E+00 -4.66739e-08
0.8240000E+00 -4.68839e-08
0.8260000E+00 -3.97955e-08
0.8280000E+00 -5.09062e-08
0.8300000E+00 -5.48068e-08
0.8320000E+00 -5.75574e-08
0.8340000E+00 -5.4679e-08
0.8360000E+00 -5.30789e-08
0.8380000E+00 -4.9051e-08
0.8400000E+00 -8.83761e-08
0.8420000E+00 -7.14222e-08
0.8440000E+00 -6.4934e-08
0.8460000E+00 -6.57702e-08
0.8480000E+00 -6.39444e-08
0.8500000E+00 -6.43139e-08
0.8520000E+00 -5.66749e-08
0.8540000E+00 -3.26708e-08
0.8560000E+00 -2.60127e-08
0.8580000E+00 -2.8162e-08
0.8600000E+00 -3.95558e-08
0.8620000E+00 -4.55707e-08
0.8640000E+00 -4.14327e-08
0.8660000E+00 -4.6356e-08
0.8680000E+00 -4.72457e-08
0.8700000E+00 -4.78899e-08
0.8720000E+00 -4.82765e-08
0.8740000E+00 -4.93233e-08
0.8760000E+00 -5.04591e-08
0.8780000E+00 -5.11672e-08
0.8800000E+00 -5.32648e-08
0.8820000E+00 -7.20179e-08
0.8840000E+00 -7.09609e-08
0.8860000E+00 -6.70961e-08
0.8880000E+00 -6.57929e-08
0.8900000E+00 -6.10725e-08
0.8920000E+00 -3.3376e-08
0.8940000E+00 -2.2607e-08
0.8960000E+00 -5.33135e-08
0.8980000E+00 -4.58921e-08
0.9000000E+00 -4.00967e-08
0.9020000E+00 -3.87657e-08
0.9040000E+00 -3.84718e-08
0.9060000E+00 -4.16043e-08
0.9080000E+00 -4.53251e-08
0.9100000E+00 -4.72155e-08
0.9120000E+00 -4.80031e-08
0.9140000E+00 -4.92239e-08
0.9160000E+00 -4.99435e-08
0.9180000E+00 -3.75582e-08
0.9200000E+00 -4.81052e-08
0.9220000E+00 -4.85504e-08
0.9240000E+00 -4.92538e-08
0.9260000E+00 -6.22258e-08
0.9280000E+00 -4.9375e-08
0.9300000E+00 -2.23996e-08
0.9320000E+00 -2.30848e-08
0.9340000E+00 -3.29451e-08
0.9360000E+00 -3.91685e-08
0.9380000E+00 -4.50104e-08
0.9400000E+00 -4.66892e-08
0.9420000E+00 -4.73528e-08
0.9440000E+00 -4.81995e-08
0.9460000E+00 -4.80913e-08
0.9480000E+00 -4.38752e-08
0.9500000E+00 -4.4797e-08
0.9520000E+00 -4.61764e-08
0.9540000E+00 -4.94229e-08
0.9560000E+00 -4.74631e-08
0.9580000E+00 -4.34989e-08
0.9600000E+00 -4.82279e-08
0.9620000E+00 -4.92544e-08
0.9640000E+00 -4.44294e-08
0.9660000E+00 -1.49958e-08
0.9680000E+00 -3.91126e-09
0.9700000E+00 -1.99287e-08
0.9720000E+00 -4.76857e-08
0.9740000E+00 -3.84258e-08
0.9760000E+00 -3.86288e-08
0.9780000E+00 -3.93089e-08
0.9800000E+00 -3.17202e-08
0.9820000E+00 -3.80122e-08
0.9840000E+00 -3.88726e-08
0.9860000E+00 -4.09016e-08
0.9880000E+00 -4.27736e-08
0.9900000E+00 -4.30433e-08
0.9920000E+00 -4.45386e-08
0.9940000E+00 -4.5911e-08
0.9960000E+00 -4.70709e-08
0.9980000E+00 -4.75997e-08
0.1000000E+01 -4.85843e-08
0.1002000E+01 -2.1506e-08
0.1004000E+01 4.76848e-11
0.1006000E+01 -1.87288e-08
0.1008000E+01 -2.62663e-08
0.1010000E+01 -2.42279e-08
0.1012000E+01 -2.23272e-08
0.1014000E+01 -2.24991e-08
0.1016000E+01 -2.22624e-08
0.1018000E+01 -2.95027e-08
0.1020000E+01 -4.51761e-08
0.1022000E+01 -4.11031e-08
0.1024000E+01 -4.00538e-08
0.1026000E+01 -3.90568e-08
0.1028000E+01 -4.03188e-08
0.1030000E+01 -4.11036e-08
0.1032000E+01 -4.11546e-08
0.1034000E+01 -4.10944e-08
0.1036000E+01 -3.55341e-08
0.1038000E+01 -1.35581e-08
0.1040000E+01 4.24384e-09
0.1042000E+01 -2.72661e-09
0.1044000E+01 -1.25549e-08
0.1046000E+01 -1.89571e-08
0.1048000E+01 -2.42607e-08
0.1050000E+01 -2.50239e-08
0.1052000E+01 -2.61621e-08
0.1054000E+01 -2.70192e-08
0.1056000E+01 -2.79297e-08
0.1058000E+01 -2.91027e-08
0.1060000E+01 -3.17345e-08
0.1062000E+01 -3.43758e-08
0.1064000E+01 -3.59318e-08
0.1066000E+01 -3.70748e-08
0.1068000E+01 -3.80711e-08
0.1070000E+01 -4.02023e-08
0.1072000E+01 -1.92719e-08
0.1074000E+01 1.36451e-08
0.1076000E+01 1.8815e-08
0.1078000E+01 -9.1737e-09
0.1080000E+01 -7.27425e-09
0.1082000E+01 -1.08558e-08
0.1084000E+01 -1.13851e-08
0.1086000E+01 -1.71687e-08
0.1088000E+01 -2.29837e-08
0.1090000E+01 -2.58103e-08
0.1092000E+01 -2.79443e-08
0.1094000E+01 -2.80688e-08
0.1096000E+01 -2.83996e-08
0.1098000E+01 -2.92259e-08
0.1100000E+01 -2.9894e-08
0.1102000E+01 -3.04684e-08
0.1104000E+01 -3.1285e-08
0.1106000E+01 -2.15903e-08
0.1108000E+01 -6.20629e-10
0.1110000E+01 1.19391e-08
0.1112000E+01 4.74854e-09
0.1114000E+01 -3.66604e-09
0.1116000E+01 -1.22858e-08
0.1118000E+01 -1.5555e-08
0.1120000E+01 -1.73641e-08
0.1122000E+01 -2.34958e-08
0.1124000E+01 -2.23536e-08
0.1126000E+01 -1.33312e-08
0.1128000E+01 -9.29833e-09
0.1130000E+01 -1.57954e-08
0.1132000E+01 -2.02113e-08
0.1134000E+01 -2.29534e-08
0.1136000E+01 -2.41629e-08
0.1138000E+01 -2.53105e-08
0.1140000E+01 -2.66238e-08
0.1142000E+01 2.26115e-08
0.1144000E+01 3.64394e-08
0.1146000E+01 3.3786e-09
0.1148000E+01 1.53441e-09
0.1150000E+01 4.7395e-09
0.1152000E+01 4.87456e-10
0.1154000E+01 -2.70297e-09
0.1156000E+01 -9.59455e-09
0.1158000E+01 -1.35088e-08
0.1160000E+01 -1.49674e-08
0.1162000E+01 -1.64083e-08
0.1164000E+01 -1.76594e-08
0.1166000E+01 -1.85127e-08
0.1168000E+01 -1.94284e-08
0.1170000E+01 -2.03378e-08
0.1172000E+01 -2.11538e-08
0.1174000E+01 -5.95361e-09
0.1176000E+01 2.08685e-08
0.1178000E+01 3.32804e-08
0.1180000E+01 2.59712e-08
0.1182000E+01 1.51092e-08
0.1184000E+01 2.23699e-09
0.1186000E+01 5.40184e-10
0.1188000E+01 3.32133e-09
0.1190000E+01 1.50398e-09
0.1192000E+01 -2.43214e-09
0.1194000E+01 -4.45372e-09
0.1196000E+01 -6.40261e-09
0.1198000E+01 -8.51852e-09
0.1200000E+01 -1.15243e-08
0.1202000E+01 -1.43681e-08
0.1204000E+01 -1.81246e-08
0.1206000E+01 -1.91291e-08
0.1208000E+01 3.41861e-08
0.1210000E+01 4.89419e-08
0.1212000E+01 1.41551e-08
0.1214000E+01 1.30603e-08
0.1216000E+01 1.15999e-08
0.1218000E+01 7.85123e-09
0.1220000E+01 3.91197e-09
0.1222000E+01 -1.55662e-09
0.1224000E+01 -6.24034e-09
0.1226000E+01 -1.84498e-09
0.1228000E+01 -6.74878e-09
0.1230000E+01 -8.57692e-09
0.1232000E+01 -9.97823e-09
0.1234000E+01 -7.91511e-09
0.1236000E+01 -2.70451e-09
0.1238000E+01 1.21517e-09
0.1240000E+01 2.47028e-08
0.1242000E+01 5.22464e-08
0.1244000E+01 4.26691e-08
0.1246000E+01 2.42e-08
0.1248000E+01 1.09035e-08
0.1250000E+01 8.57736e-09
0.1252000E+01 7.25935e-09
0.1254000E+01 3.30879e-09
0.1256000E+01 3.41579e-10
0.1258000E+01 6.18571e-10
0.1260000E+01 -4.37123e-10
0.1262000E+01 -3.01194e-09
0.1264000E+01 -2.88639e-09
0.1266000E+01 -4.10431e-09
0.1268000E+01 -6.21819e-09
0.1270000E+01 -8.10077e-09
0.1272000E+01 5.74248e-08
0.1274000E+01 7.48673e-08
0.1276000E+01 3.16003e-08
0.1278000E+01 3.03606e-08
0.1280000E+01 2.92337e-08
0.1282000E+01 2.47835e-08
0.1284000E+01 1.70786e-08
0.1286000E+01 8.64685e-09
0.1288000E+01 8.57153e-09
0.1290000E+01 1.36046e-08
0.1292000E+01 8.72936e-09
0.1294000E+01 6.50728e-09
0.1296000E+01 4.87252e-09
0.1298000E+01 3.92016e-09
0.1300000E+01 -8.53206e-10
0.1302000E+01 2.6206e-08
0.1304000E+01 6.65112e-08
0.1306000E+01 7.54471e-08
0.1308000E+01 4.95336e-08
0.1310000E+01 2.07011e-08
0.1312000E+01 1.60263e-08
0.1314000E+01 1.48865e-08
0.1316000E+01 1.46704e-08
0.1318000E+01 1.37512e-08
0.1320000E+01 1.29001e-08
0.1322000E+01 9.23545e-09
0.1324000E+01 4.73296e-09
0.1326000E+01 1.3994e-09
0.1328000E+01 2.32204e-11
0.1330000E+01 -7.91989e-10
0.1332000E+01 2.34941e-08
0.1334000E+01 5.17345e-08
0.1336000E+01 7.95627e-08
0.1338000E+01 3.95581e-08
0.1340000E+01 3.80827e-08
0.1342000E+01 3.05091e-08
0.1344000E+01 2.76453e-08
0.1346000E+01 1.89554e-08
0.1348000E+01 1.6216e-08
0.1350000E+01 1.49131e-08
0.1352000E+01 1.29953e-08
0.1354000E+01 1.19484e-08
0.1356000E+01 1.11531e-08
0.1358000E+01 1.05305e-08
0.1360000E+01 9.60648e-09
0.1362000E+01 4.26737e-08
0.1364000E+01 9.16285e-08
0.1366000E+01 9.30128e-08
0.1368000E+01 5.82958e-08
0.1370000E+01 4.49333e-08
0.1372000E+01 3.78123e-08
0.1374000E+01 3.71027e-08
0.1376000E+01 3.27127e-08
0.1378000E+01 5.00747e-09
0.1380000E+01 -2.34319e-09
0.1382000E+01 4.20914e-09
0.1384000E+01 5.88039e-09
0.1386000E+01 6.64742e-09
0.1388000E+01 5.09792e-09
0.1390000E+01 1.11818e-08
0.1392000E+01 6.3531e-08
0.1394000E+01 9.5873e-08
0.1396000E+01 6.68108e-08
0.1398000E+01 5.22359e-08
0.1400000E+01 4.33188e-08
0.1402000E+01 3.71581e-08
0.1404000E+01 3.50338e-08
0.1406000E+01 3.03772e-08
0.1408000E+01 2.63053e-08
0.1410000E+01 2.51046e-08
0.1412000E+01 1.67416e-08
0.1414000E+01 1.36406e-08
0.1416000E+01 1.58316e-08
0.1418000E+01 1.3324e-08
0.1420000E+01 8.45109e-08
0.1422000E+01 1.0796e-07
0.1424000E+01 6.56506e-08
0.1426000E+01 6.73244e-08
0.1428000E+01 6.00327e-08
0.1430000E+01 4.99547e-08
0.1432000E+01 1.44302e-08
0.1434000E+01 2.00592e-09
0.1436000E+01 1.42511e-08
0.1438000E+01 1.68724e-08
0.1440000E+01 1.56533e-08
0.1442000E+01 5.97689e-09
0.1444000E+01 7.51566e-09
0.1446000E+01 1.57582e-08
0.1448000E+01 5.81491e-08
0.1450000E+01 1.06243e-07
0.1452000E+01 7.91141e-08
0.1454000E+01 4.75738e-08
0.1456000E+01 4.1403e-08
0.1458000E+01 4.07018e-08
0.1460000E+01 4.01676e-08
0.1462000E+01 4.00846e-08
0.1464000E+01 3.9314e-08
0.1466000E+01 3.71869e-08
0.1468000E+01 2.23361e-08
0.1470000E+01 2.27683e-08
0.1472000E+01 2.35242e-08
0.1474000E+01 5.14187e-08
0.1476000E+01 9.80619e-08
0.1478000E+01 8.40776e-08
0.1480000E+01 3.11934e-08
0.1482000E+01 3.52622e-08
0.1484000E+01 3.72754e-08
0.1486000E+01 3.53136e-08
0.1488000E+01 3.23723e-08
0.1490000E+01 2.34231e-08
0.1492000E+01 1.77258e-08
0.1494000E+01 2.06605e-08
0.1496000E+01 2.23668e-08
0.1498000E+01 1.91102e-08
0.1500000E+01 1.00981e-08
0.1502000E+01 9.2853e-08
0.1504000E+01 1.247e-07
0.1506000E+01 7.77936e-08
0.1508000E+01 8.03925e-08
0.1510000E+01 7.05067e-08
0.1512000E+01 4.96566e-08
0.1514000E+01 3.93191e-08
0.1516000E+01 4.20782e-08
0.1518000E+01 4.23309e-08
0.1520000E+01 1.74799e-08
0.1522000E+01 -5.70838e-09
0.1524000E+01 4.27609e-09
0.1526000E+01 1.51195e-08
0.1528000E+01 6.97279e-08
0.1530000E+01 1.06946e-07
0.1532000E+01 6.7187e-08
0.1534000E+01 4.61353e-08
0.1536000E+01 4.21085e-08
0.1538000E+01 4.17723e-08
0.1540000E+01 4.23385e-08
0.1542000E+01 4.19633e-08
0.1544000E+01 4.02496e-08
0.1546000E+01 3.74307e-08
0.1548000E+01 3.41872e-08
0.1550000E+01 1.29204e-08
0.1552000E+01 3.56171e-08
0.1554000E+01 8.87927e-08
0.1556000E+01 1.14862e-07
0.1558000E+01 6.58022e-08
0.1560000E+01 2.73752e-08
0.1562000E+01 2.93187e-08
0.1564000E+01 3.73938e-08
0.1566000E+01 3.50763e-08
0.1568000E+01 2.88674e-08
0.1570000E+01 3.05415e-08
0.1572000E+01 3.01719e-08
0.1574000E+01 2.89637e-08
0.1576000E+01 2.81032e-08
0.1578000E+01 8.46096e-08
0.1580000E+01 1.14356e-07
0.1582000E+01 9.31469e-08
0.1584000E+01 7.89887e-08
0.1586000E+01 7.24175e-08
0.1588000E+01 6.63606e-08
0.1590000E+01 5.88331e-08
0.1592000E+01 5.29417e-08
0.1594000E+01 1.70962e-08
0.1596000E+01 1.0785e-09
0.1598000E+01 -1.26653e-09
0.1600000E+01 4.57998e-09
0.1602000E+01 4.80925e-08
0.1604000E+01 6.36916e-08
0.1606000E+01 5.52631e-08
0.1608000E+01 6.98306e-08
0.1610000E+01 6.80293e-08
0.1612000E+01 6.90769e-08
0.1614000E+01 5.90939e-08
0.1616000E+01 5.79328e-08
0.1618000E+01 5.54473e-08
0.1620000E+01 5.43581e-08
0.1622000E+01 5.29617e-08
0.1624000E+01 4.87622e-08
0.1626000E+01 -6.69554e-09
0.1628000E+01 8.11463e-08
0.1630000E+01 8.70241e-08
0.1632000E+01 6.36469e-08
0.1634000E+01 5.92401e-08
0.1636000E+01 5.86187e-08
0.1638000E+01 5.00924e-08
0.1640000E+01 4.75106e-08
0.1642000E+01 3.04499e-08
0.1644000E+01 2.56525e-08
0.1646000E+01 1.17236e-08
0.1648000E+01 2.55514e-08
0.1650000E+01 7.63434e-08
0.1652000E+01 1.23518e-07
0.1654000E+01 9.81764e-08
0.1656000E+01 5.36923e-08
0.1658000E+01 2.87171e-08
0.1660000E+01 3.55555e-08
0.1662000E+01 3.24248e-08
0.1664000E+01 2.53038e-08
0.1666000E+01 2.36568e-08
0.1668000E+01 4.36872e-08
0.1670000E+01 4.15945e-08
0.1672000E+01 7.05064e-08
0.1674000E+01 1.20839e-07
0.1676000E+01 1.21885e-07
0.1678000E+01 9.10265e-08
0.1680000E+01 8.67661e-08
0.1682000E+01 8.56297e-08
0.1684000E+01 5.86847e-08
0.1686000E+01 3.7698e-08
0.1688000E+01 4.01903e-08
0.1690000E+01 3.01896e-08
0.1692000E+01 -2.17054e-08
0.1694000E+01 3.11034e-08
0.1696000E+01 9.98245e-08
0.1698000E+01 1.10544e-07
0.1700000E+01 8.49435e-08
0.1702000E+01 7.81126e-08
0.1704000E+01 7.28343e-08
0.1706000E+01 7.31733e-08
0.1708000E+01 7.16569e-08
0.1710000E+01 6.69197e-08
0.1712000E+01 3.7826e-08
0.1714000E+01 2.27809e-08
0.1716000E+01 6.16177e-08
0.1718000E+01 1.11954e-07
0.1720000E+01 1.01781e-07
0.1722000E+01 8.18532e-08
0.1724000E+01 7.67875e-08
0.1726000E+01 8.5122e-08
0.1728000E+01 7.96942e-08
0.1730000E+01 7.9674e-08
0.1732000E+01 8.25279e-08
0.1734000E+01 7.49718e-08
0.1736000E+01 1.26768e-08
0.1738000E+01 7.49127e-08
0.1740000E+01 1.03863e-07
0.1742000E+01 8.19075e-08
0.1744000E+01 8.48786e-08
0.1746000E+01 7.89207e-08
0.1748000E+01 7.02238e-08
0.1750000E+01 7.00158e-08
0.1752000E+01 6.99913e-08
0.1754000E+01 6.99173e-08
0.1756000E+01 7.10954e-08
0.1758000E+01 8.66276e-08
0.1760000E+01 1.19497e-07
0.1762000E+01 9.37679e-08
0.1764000E+01 9.55529e-08
0.1766000E+01 9.19544e-08
0.1768000E+01 8.90192e-08
0.1770000E+01 8.73161e-08
0.1772000E+01 9.10681e-08
0.1774000E+01 8.90453e-08
0.1776000E+01 1.86665e-08
0.1778000E+01 8.01618e-08
0.1780000E+01 1.45636e-07
0.1782000E+01 1.25925e-07
0.1784000E+01 1.04773e-07
0.1786000E+01 9.49119e-08
0.1788000E+01 9.39271e-08
0.1790000E+01 8.93573e-08
0.1792000E+01 8.91806e-08
0.1794000E+01 8.63382e-08
0.1796000E+01 7.85898e-08
0.1798000E+01 1.35294e-07
0.1800000E+01 1.63508e-07
0.1802000E+01 1.36291e-07
0.1804000E+01 1.2124e-07
0.1806000E+01 1.11118e-07
0.1808000E+01 1.14766e-07
0.1810000E+01 1.15852e-07
0.1812000E+01 8.9932e-08
0.1814000E+01 3.96716e-08
0.1816000E+01 8.96701e-08
0.1818000E+01 1.43602e-07
0.1820000E+01 1.34172e-07
0.1822000E+01 1.25646e-07
0.1824000E+01 1.31657e-07
0.1826000E+01 1.35755e-07
0.1828000E+01 1.28967e-07
0.1830000E+01 1.23599e-07
0.1832000E+01 1.2357e-07
0.1834000E+01 1.33097e-07
0.1836000E+01 1.73096e-07
0.1838000E+01 1.76285e-07
0.1840000E+01 1.60832e-07
0.1842000E+01 1.61437e-07
0.1844000E+01 1.76073e-07
0.1846000E+01 5.26235e-08
0.1848000E+01 1.09402e-07
0.1850000E+01 1.23629e-07
0.1852000E+01 1.53811e-07
0.1854000E+01 1.87095e-07
0.1856000E+01 1.75819e-07
0.1858000E+01 1.65923e-07
0.1860000E+01 1.72175e-07
0.1862000E+01 1.98102e-07
0.1864000E+01 1.95621e-07
0.1866000E+01 1.84815e-07
0.1868000E+01 1.81692e-07
0.1870000E+01 2.2987e-07
0.1872000E+01 1.5343e-07
0.1874000E+01 1.2948e-07
0.1876000E+01 1.53266e-07
0.1878000E+01 2.18054e-07
0.1880000E+01 2.27542e-07
0.1882000E+01 2.13568e-07
0.1884000E+01 2.21699e-07
0.1886000E+01 2.43458e-07
0.1888000E+01 2.43191e-07
0.1890000E+01 2.30093e-07
0.1892000E+01 1.39608e-07
0.1894000E+01 2.77828e-07
0.1896000E+01 2.61995e-07
0.1898000E+01 1.94523e-07
0.1900000E+01 2.24101e-07
0.1902000E+01 2.20334e-07
0.1904000E+01 2.1501e-07
0.1906000E+01 2.15868e-07
0.1908000E+01 2.96894e-07
0.1910000E+01 3.00176e-07
0.1912000E+01 2.37642e-07
0.1914000E+01 2.20641e-07
0.1916000E+01 2.24283e-07
0.1918000E+01 7.11126e-08
0.1920000E+01 1.05432e-07
0.1922000E+01 -9.31991e-10
0.1924000E+01 -8.4674e-07
0.1926000E+01 -1.39818e-07
0.1928000E+01 2.00806e-06
0.1930000E+01 2.00346e-06
0.1932000E+01 1.31831e-06
0.1934000E+01 1.44669e-06
0.1936000E+01 3.2694e-07
0.1938000E+01 1.62503e-06
0.1940000E+01 5.53662e-07
0.1942000E+01 1.60416e-06
0.1944000E+01 1.56689e-06
0.1946000E+01 2.46884e-06
0.1948000E+01 1.95589e-06
0.1950000E+01 2.78816e-06
0.1952000E+01 2.43599e-06
0.1954000E+01 1.0587e-05
0.1956000E+01 -4.58016e-07
0.1958000E+01 -1.26632e-05
0.1960000E+01 -4.68415e-06
0.1962000E+01 -4.41115e-06
0.1964000E+01 -1.46257e-06
0.1966000E+01 -5.1297e-07
0.1968000E+01 -1.28451e-06
0.1970000E+01 -1.70686e-06
0.1972000E+01 -2.50855e-06
0.1974000E+01 -2.01284e-06
0.1976000E+01 -4.31149e-07
0.1978000E+01 -4.19506e-07
0.1980000E+01 -1.95648e-06
0.1982000E+01 -2.00979e-06
0.1984000E+01 -7.02387e-07
0.1986000E+01 -4.41616e-07
0.1988000E+01 -8.42928e-07
0.1990000E+01 -1.99376e-07
0.1992000E+01 -7.32845e-07
0.1994000E+01 -1.99517e-07
0.1996000E+01 -2.53046e-07
0.1998000E+01 4.39424e-07
0.2000000E+01 -3.09252e-07
0.2002000E+01 -3.18304e-07
0.2004000E+01 -3.26055e-07
0.2006000E+01 -3.44026e-07
0.2008000E+01 -3.62752e-07
0.2010000E+01 -3.92022e-07
0.2012000E+01 -4.36719e-07
0.2014000E+01 -5.23585e-07
0.2016000E+01 -7.30717e-07
0.2018000E+01 -4.66266e-07
0.2020000E+01 -2.18073e-07
0.2022000E+01 -2.23147e-07
0.2024000E+01 -2.27927e-07
0.2026000E+01 -2.20742e-07
0.2028000E+01 -2.3804e-07
0.2030000E+01 -1.48209e-08
0.2032000E+01 5.72908e-07
0.2034000E+01 8.7919e-07
0.2036000E+01 -2.47457e-10
0.2038000E+01 -7.23271e-07
0.2040000E+01 -7.25646e-07
0.2042000E+01 -7.15146e-07
0.2044000E+01 -3.6158e-07
0.2046000E+01 -2.44044e-07
0.2048000E+01 -4.7963e-08
0.2050000E+01 4.20895e-07
0.2052000E+01 1.96903e-07
0.2054000E+01 -6.88708e-07
0.2056000E+01 -7.06416e-07
0.2058000E+01 -1.52711e-07
0.2060000E+01 1.38286e-08
0.2062000E+01 -8.73647e-09
0.2064000E+01 -1.04151e-07
0.2066000E+01 -7.10502e-07
0.2068000E+01 6.75622e-08
0.2070000E+01 -1.16029e-07
0.2072000E+01 -3.88117e-07
0.2074000E+01 -2.73459e-07
0.2076000E+01 -1.07195e-07
0.2078000E+01 3.64481e-08
0.2080000E+01 -6.79634e-08
0.2082000E+01 -5.82372e-08
0.2084000E+01 -3.30473e-07
0.2086000E+01 -2.26326e-07
0.2088000E+01 -2.11706e-07
0.2090000E+01 -2.20065e-07
0.2092000E+01 -7.49181e-08
0.2094000E+01 2.22874e-07
0.2096000E+01 1.11088e-07
0.2098000E+01 -9.26709e-08
0.2100000E+01 -1.80325e-07
0.2102000E+01 -1.59166e-07
0.2104000E+01 -1.3301e-07
0.2106000E+01 -8.80361e-08
0.2108000E+01 4.28707e-08
0.2110000E+01 9.43482e-08
0.2112000E+01 3.28985e-08
0.2114000E+01 6.63929e-08
0.2116000E+01 3.27105e-08
0.2118000E+01 -1.49067e-07
0.2120000E+01 -1.66239e-07
0.2122000E+01 -1.75648e-07
0.2124000E+01 -2.07421e-07
0.2126000E+01 -2.36023e-07
0.2128000E+01 -7.30031e-08
0.2130000E+01 1.20913e-07
0.2132000E+01 4.16436e-08
0.2134000E+01 -9.69842e-08
0.2136000E+01 -7.39718e-08
0.2138000E+01 -9.62394e-08
0.2140000E+01 -1.24841e-07
0.2142000E+01 -8.41371e-08
0.2144000E+01 9.83145e-09
0.2146000E+01 1.41793e-07
0.2148000E+01 1.08414e-07
0.2150000E+01 7.79628e-08
0.2152000E+01 6.82125e-09
0.2154000E+01 -4.67441e-08
0.2156000E+01 -9.70333e-08
0.2158000E+01 -1.86686e-07
0.2160000E+01 -9.62743e-08
0.2162000E+01 2.42873e-08
0.2164000E+01 2.09411e-08
0.2166000E+01 2.44902e-08
0.2168000E+01 3.1667e-08
0.2170000E+01 -1.78502e-08
0.2172000E+01 -7.53976e-08
0.2174000E+01 -1.09205e-07
0.2176000E+01 -1.1938e-07
0.2178000E+01 -1.81099e-07
0.2180000E+01 1.58578e-07
0.2182000E+01 1.11507e-07
0.2184000E+01 -2.05703e-08
0.2186000E+01 -3.68529e-08
0.2188000E+01 -3.42281e-08
0.2190000E+01 -3.37864e-08
0.2192000E+01 1.5179e-08
0.2194000E+01 1.51346e-07
0.2196000E+01 1.72908e-07
0.2198000E+01 2.39902e-08
0.2200000E+01 -4.05798e-08
0.2202000E+01 -9.10553e-08
0.2204000E+01 -8.11053e-08
0.2206000E+01 -5.85441e-08
0.2208000E+01 7.25402e-08
0.2210000E+01 9.84977e-08
0.2212000E+01 5.04011e-08
0.2214000E+01 9.22296e-08
0.2216000E+01 3.70794e-08
0.2218000E+01 -5.19007e-08
0.2220000E+01 -7.12598e-08
0.2222000E+01 1.18716e-07
0.2224000E+01 2.89102e-07
0.2226000E+01 -5.23019e-08
0.2228000E+01 -3.63799e-08
0.2230000E+01 -3.89271e-08
0.2232000E+01 1.10373e-07
0.2234000E+01 3.3311e-07
0.2236000E+01 3.21922e-07
0.2238000E+01 2.07665e-07
0.2240000E+01 -2.61808e-08
0.2242000E+01 1.10338e-07
0.2244000E+01 3.64538e-07
0.2246000E+01 1.29827e-07
0.2248000E+01 8.50205e-08
0.2250000E+01 9.02045e-08
0.2252000E+01 6.50981e-07
0.2254000E+01 2.25233e-07
0.2256000E+01 1.07675e-06
0.2258000E+01 1.80276e-06
0.2260000E+01 3.57123e-07
0.2262000E+01 -1.26698e-06
0.2264000E+01 -8.073e-07
0.2266000E+01 -7.13874e-07
0.2268000E+01 -5.87214e-07
0.2270000E+01 -5.0778e-07
0.2272000E+01 -4.21052e-07
0.2274000E+01 -3.939e-07
0.2276000E+01 -3.77484e-07
0.2278000E+01 -3.56725e-07
0.2280000E+01 -2.84867e-07
0.2282000E+01 -2.22033e-07
0.2284000E+01 -2.09293e-07
0.2286000E+01 -2.3425e-07
0.2288000E+01 -2.19116e-07
0.2290000E+01 -2.0682e-07
0.2292000E+01 -2.12626e-07
0.2294000E+01 -2.44053e-07
0.2296000E+01 -2.43871e-07
0.2298000E+01 -2.30681e-07
0.2300000E+01 -2.2285e-07
0.2302000E+01 -2.22231e-07
0.2304000E+01 -2.19345e-07
0.2306000E+01 -2.13701e-07
0.2308000E+01 -2.16409e-07
0.2310000E+01 -2.14583e-07
0.2312000E+01 -1.83122e-07
0.2314000E+01 -2.11167e-07
0.2316000E+01 -2.27563e-07
0.2318000E+01 -2.29647e-07
0.2320000E+01 -2.27384e-07
0.2322000E+01 -2.24313e-07
0.2324000E+01 -2.19239e-07
0.2326000E+01 -2.15905e-07
0.2328000E+01 -2.14114e-07
0.2330000E+01 -2.0897e-07
0.2332000E+01 -2.10112e-07
0.2334000E+01 -2.07678e-07
0.2336000E+01 -2.0315e-07
0.2338000E+01 -2.10154e-07
0.2340000E+01 -2.09341e-07
0.2342000E+01 -2.10885e-07
0.2344000E+01 -2.05235e-07
0.2346000E+01 -2.07928e-07
0.2348000E+01 -2.21682e-07
0.2350000E+01 -2.22661e-07
0.2352000E+01 -2.19081e-07
0.2354000E+01 -2.15858e-07
0.2356000E+01 -2.1494e-07
0.2358000E+01 -2.13611e-07
0.2360000E+01 -2.15764e-07
0.2362000E+01 -2.29582e-07
0.2364000E+01 -2.50361e-07
0.2366000E+01 -2.35222e-07
0.2368000E+01 -2.90522e-07
0.2370000E+01 -4.38965e-07
0.2372000E+01 -3.75573e-07
0.2374000E+01 -3.09954e-07
0.2376000E+01 -1.44896e-07
0.2378000E+01 -1.7788e-07
0.2380000E+01 -1.85587e-07
0.2382000E+01 -2.13606e-07
0.2384000E+01 -1.73345e-07
0.2386000E+01 -1.82017e-07
0.2388000E+01 -2.1258e-07
0.2390000E+01 -2.22076e-07
0.2392000E+01 -2.32531e-07
0.2394000E+01 -1.97298e-07
0.2396000E+01 -2.2758e-07
0.2398000E+01 -2.38928e-07
0.2400000E+01 -2.22498e-07
0.2402000E+01 -1.993e-07
0.2404000E+01 -2.1883e-07
0.2406000E+01 -1.87962e-07
0.2408000E+01 -2.03728e-07
0.2410000E+01 -1.96927e-07
0.2412000E+01 -1.63581e-07
0.2414000E+01 -1.85042e-07
0.2416000E+01 -1.8378e-07
0.2418000E+01 -1.78755e-07
0.2420000E+01 -1.53384e-07
0.2422000E+01 -1.92664e-07
0.2424000E+01 -1.98087e-07
0.2426000E+01 -1.94308e-07
0.2428000E+01 -1.98471e-07
0.2430000E+01 -1.93073e-07
0.2432000E+01 -1.8826e-07
0.2434000E+01 -1.85659e-07
0.2436000E+01 -1.81083e-07
0.2438000E+01 -1.91243e-07
0.2440000E+01 -1.87618e-07
0.2442000E+01 -1.90168e-07
0.2444000E+01 -1.89965e-07
0.2446000E+01 -1.81942e-07
0.2448000E+01 -1.78731e-07
0.2450000E+01 -1.79715e-07
0.2452000E+01 -1.76593e-07
0.2454000E+01 -1.71959e-07
0.2456000E+01 -1.73911e-07
0.2458000E+01 -1.65234e-07
0.2460000E+01 -1.59678e-07
0.2462000E+01 -3.4056e-07
0.2464000E+01 -3.44603e-07
0.2466000E+01 -1.46487e-07
0.2468000E+01 -1.78861e-07
0.2470000E+01 -1.95764e-07
0.2472000E+01 -5.28527e-08
0.2474000E+01 -1.37281e-07
0.2476000E+01 -1.86385e-07
0.2478000E+01 -1.68266e-07
0.2480000E+01 -1.09443e-07
0.2482000E+01 -1.70462e-07
0.2484000E+01 -1.49366e-07
0.2486000E+01 -1.77492e-07
0.2488000E+01 -1.52318e-07
0.2490000E+01 -1.21849e-07
0.2492000E+01 -1.54937e-07
0.2494000E+01 -1.58165e-07
0.2496000E+01 -1.51537e-07
0.2498000E+01 -1.68207e-07
0.2500000E+01 -4.71496e-08
0.2502000E+01 -1.50624e-07
0.2504000E+01 -1.34457e-07
0.2506000E+01 -1.37148e-07
0.2508000E+01 -1.47699e-07
0.2510000E+01 -1.57951e-07
0.2512000E+01 -1.47773e-07
0.2514000E+01 1.10696e-08
0.2516000E+01 -1.36694e-07
0.2518000E+01 -1.50004e-07
0.2520000E+01 -1.41413e-07
0.2522000E+01 -1.36399e-07
0.2524000E+01 -1.40868e-07
0.2526000E+01 -1.50863e-07
0.2528000E+01 -7.37337e-08
0.2530000E+01 -5.21681e-08
0.2532000E+01 -9.77165e-08
0.2534000E+01 -1.94337e-07
0.2536000E+01 -1.5142e-07
0.2538000E+01 -1.30118e-07
0.2540000E+01 -1.28594e-07
0.2542000E+01 -1.34264e-07
0.2544000E+01 -1.36425e-07
0.2546000E+01 -9.56815e-09
0.2548000E+01 -6.32118e-08
0.2550000E+01 -9.00738e-08
0.2552000E+01 -8.67461e-08
0.2554000E+01 -1.56749e-07
0.2556000E+01 -1.29379e-07
0.2558000E+01 -1.28086e-07
0.2560000E+01 -1.22292e-07
0.2562000E+01 -1.28644e-07
0.2564000E+01 -5.27971e-08
0.2566000E+01 -6.67313e-08
0.2568000E+01 -9.65651e-08
0.2570000E+01 -1.03473e-07
0.2572000E+01 -1.01608e-07
0.2574000E+01 -1.02738e-07
0.2576000E+01 -1.02555e-07
0.2578000E+01 -1.14395e-07
0.2580000E+01 -1.16956e-07
0.2582000E+01 -1.21808e-07
0.2584000E+01 -3.00785e-08
0.2586000E+01 -4.62234e-08
0.2588000E+01 -6.86521e-08
0.2590000E+01 -8.28926e-08
0.2592000E+01 -1.161e-07
0.2594000E+01 -1.35263e-07
0.2596000E+01 -1.14658e-07
0.2598000E+01 -1.1478e-07
0.2600000E+01 -1.14586e-07
0.2602000E+01 -1.16466e-07
0.2604000E+01 -1.03896e-07
0.2606000E+01 -4.20794e-08
0.2608000E+01 -8.2232e-08
0.2610000E+01 -8.29772e-08
0.2612000E+01 -9.21919e-08
0.2614000E+01 -9.48085e-08
0.2616000E+01 -8.87746e-08
0.2618000E+01 -1.01128e-07
0.2620000E+01 -1.15787e-07
0.2622000E+01 -1.20974e-07
0.2624000E+01 -1.27217e-07
0.2626000E+01 -1.0721e-07
0.2628000E+01 -5.59274e-08
0.2630000E+01 -5.46504e-08
0.2632000E+01 -8.82225e-08
0.2634000E+01 -1.16466e-07
0.2636000E+01 -1.06312e-07
0.2638000E+01 -9.13507e-08
0.2640000E+01 -9.80694e-08
0.2642000E+01 -9.63642e-08
0.2644000E+01 -9.2928e-08
0.2646000E+01 -9.00081e-08
0.2648000E+01 -1.11799e-07
0.2650000E+01 -1.29131e-07
0.2652000E+01 -8.32098e-08
0.2654000E+01 -6.87725e-08
0.2656000E+01 -6.58488e-08
0.2658000E+01 -9.97737e-08
0.2660000E+01 -9.40131e-08
0.2662000E+01 -9.14101e-08
0.2664000E+01 -1.06957e-07
0.2666000E+01 -1.09383e-07
0.2668000E+01 -9.02989e-08
0.2670000E+01 -8.76227e-08
0.2672000E+01 -8.68107e-08
0.2674000E+01 -8.68332e-08
0.2676000E+01 -8.81042e-08
0.2678000E+01 -5.58082e-08
0.2680000E+01 -9.85248e-08
0.2682000E+01 -1.12115e-07
0.2684000E+01 -1.03241e-07
0.2686000E+01 -9.5292e-08
0.2688000E+01 -8.85176e-08
0.2690000E+01 -8.87086e-08
0.2692000E+01 -8.44318e-08
0.2694000E+01 -7.84625e-08
0.2696000E+01 -7.62592e-08
0.2698000E+01 -7.98372e-08
0.2700000E+01 -1.23428e-07
0.2702000E+01 -1.21214e-07
0.2704000E+01 -7.64783e-08
0.2706000E+01 -6.34312e-08
0.2708000E+01 -7.03231e-08
0.2710000E+01 -7.13703e-08
0.2712000E+01 -6.93679e-08
0.2714000E+01 -7.30814e-08
0.2716000E+01 -7.32248e-08
0.2718000E+01 -7.59152e-08
0.2720000E+01 -1.12551e-07
0.2722000E+01 -8.70174e-08
0.2724000E+01 -9.34652e-08
0.2726000E+01 -8.07231e-08
0.2728000E+01 -7.94879e-08
0.2730000E+01 -5.53027e-08
0.2732000E+01 -5.70069e-08
0.2734000E+01 -4.10701e-08
0.2736000E+01 -8.38468e-08
0.2738000E+01 -1.08345e-07
0.2740000E+01 -7.51921e-08
0.2742000E+01 -5.6167e-08
0.2744000E+01 -5.57845e-08
0.2746000E+01 -6.05686e-08
0.2748000E+01 -7.42344e-08
0.2750000E+01 -5.8666e-08
0.2752000E+01 -7.54792e-08
0.2754000E+01 -1.39393e-07
0.2756000E+01 -8.49981e-08
0.2758000E+01 -5.77401e-08
0.2760000E+01 -4.36523e-08
0.2762000E+01 -5.10316e-08
0.2764000E+01 -4.65902e-08
0.2766000E+01 -4.19451e-08
0.2768000E+01 -9.61166e-08
0.2770000E+01 -8.76727e-08
0.2772000E+01 -7.23227e-08
0.2774000E+01 -6.36576e-08
0.2776000E+01 -5.45183e-08
0.2778000E+01 -4.59908e-08
0.2780000E+01 -4.57834e-08
0.2782000E+01 -1.14986e-07
0.2784000E+01 -9.15838e-08
0.2786000E+01 -5.38026e-08
0.2788000E+01 -3.50682e-08
0.2790000E+01 -3.22656e-08
0.2792000E+01 -3.77433e-08
0.2794000E+01 -8.62167e-08
0.2796000E+01 -1.32915e-07
0.2798000E+01 -7.56242e-08
0.2800000E+01 -6.14421e-08
0.2802000E+01 -5.67015e-08
0.2804000E+01 -3.7796e-08
0.2806000E+01 -1.26944e-07
0.2808000E+01 -1.11242e-07
0.2810000E+01 -7.24671e-08
0.2812000E+01 -5.54167e-08
0.2814000E+01 -4.52972e-08
0.2816000E+01 -1.21232e-07
0.2818000E+01 -1.03113e-07
0.2820000E+01 -8.99576e-08
0.2822000E+01 -8.01554e-08
0.2824000E+01 -1.05249e-07
0.2826000E+01 -2.14828e-07
0.2828000E+01 -1.13589e-07
0.2830000E+01 -1.08135e-07
0.2832000E+01 -2.3902e-07
0.2834000E+01 -3.00273e-07
0.2836000E+01 -1.87356e-07
0.2838000E+01 -4.15346e-07
0.2840000E+01 -4.68029e-07
0.2842000E+01 -7.23236e-07
0.2844000E+01 -1.18897e-06
0.2846000E+01 -7.76919e-07
0.2848000E+01 3.19555e-06
0.2850000E+01 1.14506e-06
0.2852000E+01 7.39992e-07
0.2854000E+01 4.37887e-07
0.2856000E+01 5.21103e-07
0.2858000E+01 3.82606e-07
0.2860000E+01 3.01537e-07
0.2862000E+01 2.59407e-07
0.2864000E+01 2.90992e-07
0.2866000E+01 2.16758e-07
0.2868000E+01 2.29824e-07
0.2870000E+01 1.8485e-07
0.2872000E+01 1.89348e-07
0.2874000E+01 1.84829e-07
0.2876000E+01 1.57979e-07
0.2878000E+01 1.55726e-07
0.2880000E+01 1.66627e-07
0.2882000E+01 1.44529e-07
0.2884000E+01 1.42788e-07
0.2886000E+01 1.02289e-07
0.2888000E+01 1.03255e-07
0.2890000E+01 1.03153e-07
0.2892000E+01 1.02716e-07
0.2894000E+01 1.18644e-07
0.2896000E+01 1.23426e-07
0.2898000E+01 7.25853e-08
0.2900000E+01 7.06596e-08
0.2902000E+01 7.67938e-08
0.2904000E+01 7.08803e-08
0.2906000E+01 6.53304e-08
0.2908000E+01 8.42921e-08
0.2910000E+01 9.09511e-08
0.2912000E+01 9.19098e-08
0.2914000E+01 7.91259e-08
0.2916000E+01 6.38429e-08
0.2918000E+01 5.90067e-08
0.2920000E+01 5.71422e-08
0.2922000E+01 6.82901e-08
0.2924000E+01 6.01705e-08
0.2926000E+01 4.95557e-08
0.2928000E+01 5.33731e-08
0.2930000E+01 5.50953e-08
0.2932000E+01 5.80561e-08
0.2934000E+01 5.81728e-08
0.2936000E+01 4.06289e-08
0.2938000E+01 3.5029e-08
0.2940000E+01 3.54114e-07
0.2942000E+01 3.55691e-07
0.2944000E+01 3.77981e-08
0.2946000E+01 4.90016e-08
0.2948000E+01 4.0181e-08
0.2950000E+01 3.07838e-08
0.2952000E+01 3.20038e-08
0.2954000E+01 2.96579e-08
0.2956000E+01 4.18382e-08
0.2958000E+01 6.56226e-08
0.2960000E+01 4.16941e-08
0.2962000E+01 2.59948e-08
0.2964000E+01 1.65446e-08
0.2966000E+01 1.38793e-08
0.2968000E+01 2.12469e-08
0.2970000E+01 -7.18575e-09
0.2972000E+01 1.85351e-08
0.2974000E+01 5.90564e-08
0.2976000E+01 4.39665e-08
0.2978000E+01 6.83479e-08
0.2980000E+01 1.05508e-07
0.2982000E+01 7.56484e-08
0.2984000E+01 1.90215e-08
0.2986000E+01 -4.58802e-08
0.2988000E+01 -5.66586e-07
0.2990000E+01 6.96015e-07
0.2992000E+01 1.19537e-06
0.2994000E+01 -7.16188e-09
0.2996000E+01 6.1994e-09
0.2998000E+01 3.20228e-08
0.3000000E+01 2.315e-08
0.3002000E+01 2.91175e-08
0.3004000E+01 1.9034e-08
0.3006000E+01 2.26712e-08
0.3008000E+01 2.1749e-08
0.3010000E+01 1.99165e-08
0.3012000E+01 1.3447e-08
0.3014000E+01 8.80965e-09
0.3016000E+01 8.53374e-09
0.3018000E+01 1.01297e-08
0.3020000E+01 5.06101e-09
0.3022000E+01 1.96784e-09
0.3024000E+01 3.76501e-09
0.3026000E+01 4.67016e-09
0.3028000E+01 -1.26278e-10
0.3030000E+01 2.23805e-08
0.3032000E+01 4.8017e-08
0.3034000E+01 3.37257e-08
0.3036000E+01 2.71819e-08
0.3038000E+01 3.33352e-08
0.3040000E+01 2.52681e-08
0.3042000E+01 3.08592e-08
0.3044000E+01 2.79372e-08
0.3046000E+01 2.81123e-08
0.3048000E+01 1.75745e-08
0.3050000E+01 1.49797e-08
0.3052000E+01 1.79253e-08
0.3054000E+01 1.67715e-08
0.3056000E+01 1.02772e-08
0.3058000E+01 9.30612e-09
0.3060000E+01 1.28131e-08
0.3062000E+01 7.30025e-09
0.3064000E+01 8.1458e-09
0.3066000E+01 9.16419e-09
0.3068000E+01 8.83763e-09
0.3070000E+01 9.42378e-09
0.3072000E+01 1.01088e-08
0.3074000E+01 1.0197e-08
0.3076000E+01 4.85409e-08
0.3078000E+01 5.80839e-08
0.3080000E+01 4.52434e-08
0.3082000E+01 4.20262e-08
0.3084000E+01 3.62124e-08
0.3086000E+01 3.18877e-08
0.3088000E+01 3.05728e-08
0.3090000E+01 3.00446e-08
0.3092000E+01 2.74639e-08
0.3094000E+01 2.30821e-08
0.3096000E+01 1.32373e-08
0.3098000E+01 2.22574e-08
0.3100000E+01 2.44757e-08
0.3102000E+01 2.32169e-08
0.3104000E+01 2.12558e-08
0.3106000E+01 1.05456e-08
0.3108000E+01 3.02808e-08
0.3110000E+01 2.09759e-08
0.3112000E+01 1.42499e-08
0.3114000E+01 1.68063e-08
0.3116000E+01 2.98951e-08
0.3118000E+01 2.31899e-08
0.3120000E+01 2.54715e-08
0.3122000E+01 2.5849e-08
0.3124000E+01 1.87207e-08
0.3126000E+01 1.48909e-08
0.3128000E+01 1.13625e-08
0.3130000E+01 1.71784e-08
0.3132000E+01 1.97699e-08
0.3134000E+01 1.74707e-08
0.3136000E+01 2.99555e-08
0.3138000E+01 5.60924e-08
0.3140000E+01 3.04662e-08
0.3142000E+01 2.83562e-08
0.3144000E+01 2.94425e-08
0.3146000E+01 3.23936e-08
0.3148000E+01 2.50205e-08
0.3150000E+01 1.50649e-08
0.3152000E+01 3.92911e-09
0.3154000E+01 1.29311e-08
0.3156000E+01 -1.31017e-08
0.3158000E+01 -2.36064e-08
0.3160000E+01 -2.24942e-08
0.3162000E+01 -1.35621e-07
0.3164000E+01 -1.4696e-08
0.3166000E+01 4.28651e-07
0.3168000E+01 5.08312e-08
0.3170000E+01 -8.53524e-08
0.3172000E+01 -5.16159e-09
0.3174000E+01 2.38058e-08
0.3176000E+01 1.00968e-07
0.3178000E+01 6.01904e-08
0.3180000E+01 7.77004e-08
0.3182000E+01 1.31525e-07
0.3184000E+01 5.66452e-08
0.3186000E+01 1.01309e-07
0.3188000E+01 9.22683e-08
0.3190000E+01 1.19961e-07
0.3192000E+01 9.91888e-08
0.3194000E+01 7.41946e-08
0.3196000E+01 8.40379e-08
0.3198000E+01 1.02307e-07
0.3200000E+01 1.08457e-07
0.3202000E+01 1.22934e-07
0.3204000E+01 8.65554e-08
0.3206000E+01 9.74928e-08
0.3208000E+01 9.78394e-08
0.3210000E+01 1.01761e-07
0.3212000E+01 1.14671e-07
0.3214000E+01 1.3177e-07
0.3216000E+01 8.17911e-08
0.3218000E+01 8.41185e-08
0.3220000E+01 7.61953e-08
0.3222000E+01 8.55859e-08
0.3224000E+01 1.05321e-07
0.3226000E+01 1.03611e-07
0.3228000E+01 9.33297e-08
0.3230000E+01 5.43226e-08
0.3232000E+01 7.34257e-08
0.3234000E+01 9.82189e-08
0.3236000E+01 1.01697e-07
0.3238000E+01 8.82136e-08
0.3240000E+01 8.35142e-08
0.3242000E+01 8.03252e-08
0.3244000E+01 1.36087e-07
0.3246000E+01 7.29496e-08
0.3248000E+01 7.17356e-08
0.3250000E+01 8.89728e-08
0.3252000E+01 1.35126e-07
0.3254000E+01 7.01501e-08
0.3256000E+01 1.43174e-07
0.3258000E+01 1.93981e-08
0.3260000E+01 1.3154e-07
0.3262000E+01 -2.01714e-07
0.3264000E+01 6.62098e-08
0.3266000E+01 2.02869e-07
0.3268000E+01 7.99145e-08
0.3270000E+01 8.69878e-08
0.3272000E+01 1.99242e-07
0.3274000E+01 2.07698e-07
0.3276000E+01 3.62101e-07
0.3278000E+01 -8.04728e-09
0.3280000E+01 -2.32346e-08
0.3282000E+01 2.54182e-07
0.3284000E+01 2.61038e-07
0.3286000E+01 6.40689e-07
0.3288000E+01 1.52799e-07
0.3290000E+01 6.86567e-07
0.3292000E+01 6.29827e-07
0.3294000E+01 4.80098e-07
0.3296000E+01 -9.09584e-08
0.3298000E+01 2.7663e-08
0.3300000E+01 -3.29228e-07
0.3302000E+01 -2.5331e-07
0.3304000E+01 -2.95051e-07
0.3306000E+01 -1.08475e-07
0.3308000E+01 -8.49846e-08
0.3310000E+01 -1.2461e-07
0.3312000E+01 -1.39442e-07
0.3314000E+01 -9.72252e-08
0.3316000E+01 -8.83092e-08
0.3318000E+01 -8.30971e-08
0.3320000E+01 -7.01518e-08
0.3322000E+01 -4.13447e-08
0.3324000E+01 -5.74019e-08
0.3326000E+01 -6.90067e-08
0.3328000E+01 -6.30492e-08
0.3330000E+01 -3.59515e-08
0.3332000E+01 -3.23357e-08
0.3334000E+01 -3.14235e-08
0.3336000E+01 -2.83619e-08
0.3338000E+01 -2.58167e-08
0.3340000E+01 -2.56254e-08
0.3342000E+01 -3.11802e-08
0.3344000E+01 -2.75466e-08
0.3346000E+01 -1.58256e-08
0.3348000E+01 -1.18292e-08
0.3350000E+01 -6.85527e-09
0.3352000E+01 -7.71358e-09
0.3354000E+01 -1.22366e-08
0.3356000E+01 -2.13547e-08
0.3358000E+01 -2.15713e-08
0.3360000E+01 -1.01706e-08
0.3362000E+01 -7.45808e-09
0.3364000E+01 -1.94394e-08
0.3366000E+01 -1.67597e-08
0.3368000E+01 -9.83065e-09
0.3370000E+01 -2.90623e-09
0.3372000E+01 -3.30535e-09
0.3374000E+01 -1.99814e-09
0.3376000E+01 -2.21376e-09
0.3378000E+01 -3.39823e-09
0.3380000E+01 -6.51108e-10
0.3382000E+01 8.70253e-10
0.3384000E+01 -1.33531e-08
0.3386000E+01 -8.62943e-09
0.3388000E+01 -6.25367e-10
0.3390000E+01 -1.25029e-09
0.3392000E+01 -1.09066e-08
0.3394000E+01 1.05346e-09
0.3396000E+01 2.09352e-09
0.3398000E+01 8.4273e-10
0.3400000E+01 7.54659e-09
0.3402000E+01 -4.10807e-09
0.3404000E+01 -4.27932e-09
0.3406000E+01 -5.66621e-09
0.3408000E+01 -7.58527e-09
0.3410000E+01 -3.13725e-09
0.3412000E+01 -2.00206e-09
0.3414000E+01 -2.21488e-09
0.3416000E+01 -4.62071e-09
0.3418000E+01 -5.55196e-09
0.3420000E+01 -1.78555e-08
0.3422000E+01 -1.41988e-08
0.3424000E+01 -1.47578e-08
0.3426000E+01 -8.13203e-09
0.3428000E+01 -3.98542e-09
0.3430000E+01 8.00538e-08
0.3432000E+01 8.71457e-10
0.3434000E+01 -2.9429e-10
0.3436000E+01 -1.25022e-08
0.3438000E+01 -1.83227e-08
0.3440000E+01 -1.4089e-08
0.3442000E+01 -2.34102e-08
0.3444000E+01 -1.75003e-08
0.3446000E+01 -7.69199e-09
0.3448000E+01 -4.37165e-09
0.3450000E+01 -8.66537e-09
0.3452000E+01 -2.88425e-08
0.3454000E+01 -2.06103e-08
0.3456000E+01 3.41916e-08
0.3458000E+01 2.45736e-08
0.3460000E+01 2.84478e-08
0.3462000E+01 1.00347e-09
0.3464000E+01 -8.96049e-09
0.3466000E+01 -3.30883e-08
0.3468000E+01 -3.43612e-08
0.3470000E+01 -2.40694e-08
0.3472000E+01 -1.38219e-08
0.3474000E+01 -1.99569e-08
0.3476000E+01 -1.61626e-08
0.3478000E+01 -2.77647e-08
0.3480000E+01 -2.21539e-09
0.3482000E+01 1.07525e-08
0.3484000E+01 -9.73809e-10
0.3486000E+01 1.00945e-08
0.3488000E+01 -9.45861e-09
0.3490000E+01 -1.71552e-08
0.3492000E+01 -2.27844e-08
0.3494000E+01 1.68547e-08
0.3496000E+01 -2.09695e-08
0.3498000E+01 -2.47377e-08
0.3500000E+01 -5.00176e-10
0.3502000E+01 -1.32057e-08
0.3504000E+01 6.37791e-09
0.3506000E+01 1.15166e-08
0.3508000E+01 2.50823e-08
0.3510000E+01 -1.5254e-08
0.3512000E+01 -3.54004e-08
0.3514000E+01 2.42428e-08
0.3516000E+01 7.48752e-09
0.3518000E+01 -5.13825e-09
0.3520000E+01 1.77373e-08
0.3522000E+01 3.345e-08
0.3524000E+01 1.25835e-07
0.3526000E+01 8.75134e-08
0.3528000E+01 7.03077e-08
0.3530000E+01 5.74813e-08
0.3532000E+01 6.47912e-08
0.3534000E+01 6.51595e-08
0.3536000E+01 5.06146e-08
0.3538000E+01 6.15789e-08
0.3540000E+01 7.86604e-08
0.3542000E+01 1.15586e-07
0.3544000E+01 1.29711e-07
0.3546000E+01 1.33947e-07
0.3548000E+01 8.42791e-08
0.3550000E+01 8.68611e-08
0.3552000E+01 8.54074e-08
0.3554000E+01 1.11987e-07
0.3556000E+01 6.82525e-08
0.3558000E+01 7.47236e-08
0.3560000E+01 2.59366e-07
0.3562000E+01 1.39931e-07
0.3564000E+01 1.32933e-07
0.3566000E+01 1.13725e-07
0.3568000E+01 8.86928e-08
0.3570000E+01 9.00661e-08
0.3572000E+01 9.66663e-08
0.3574000E+01 3.48354e-07
0.3576000E+01 2.01212e-07
0.3578000E+01 1.60237e-07
0.3580000E+01 1.84778e-07
0.3582000E+01 1.61847e-07
0.3584000E+01 1.79943e-07
0.3586000E+01 4.83789e-07
0.3588000E+01 3.25341e-07
0.3590000E+01 4.60329e-07
0.3592000E+01 3.73932e-07
0.3594000E+01 1.13047e-06
0.3596000E+01 8.33603e-07
0.3598000E+01 3.43595e-06
0.3600000E+01 -4.8745e-06
0.3602000E+01 -1.2773e-06
0.3604000E+01 -8.62336e-07
0.3606000E+01 -5.38565e-07
0.3608000E+01 -4.46038e-07
0.3610000E+01 -3.32959e-07
0.3612000E+01 -3.21264e-07
0.3614000E+01 -3.14384e-07
0.3616000E+01 -1.91316e-07
0.3618000E+01 -1.96186e-07
0.3620000E+01 -2.25313e-07
0.3622000E+01 -2.47724e-07
0.3624000E+01 -1.51986e-07
0.3626000E+01 -1.79866e-07
0.3628000E+01 -2.06782e-07
0.3630000E+01 -2.79956e-07
0.3632000E+01 -1.25597e-07
0.3634000E+01 -1.18916e-07
0.3636000E+01 -1.48481e-07
0.3638000E+01 -2.07076e-07
0.3640000E+01 -1.09346e-07
0.3642000E+01 -9.45897e-08
0.3644000E+01 -6.87206e-08
0.3646000E+01 -1.07917e-07
0.3648000E+01 -1.67132e-07
0.3650000E+01 -1.0869e-07
0.3652000E+01 -9.53478e-08
0.3654000E+01 -1.14709e-07
0.3656000E+01 -1.29472e-07
0.3658000E+01 -1.4549e-07
0.3660000E+01 -8.79181e-08
0.3662000E+01 -7.34818e-08
0.3664000E+01 -9.47053e-08
0.3666000E+01 -1.03468e-07
0.3668000E+01 -9.97369e-08
0.3670000E+01 -4.1611e-08
0.3672000E+01 -7.35883e-08
0.3674000E+01 -7.64556e-08
0.3676000E+01 -7.31703e-08
0.3678000E+01 -7.95849e-08
0.3680000E+01 -9.37852e-08
0.3682000E+01 -7.51969e-08
0.3684000E+01 -7.20787e-08
0.3686000E+01 -7.46914e-08
0.3688000E+01 -8.40929e-08
0.3690000E+01 -8.06538e-08
0.3692000E+01 -1.0057e-07
0.3694000E+01 -6.41296e-08
0.3696000E+01 -6.5147e-08
0.3698000E+01 -6.06705e-08
0.3700000E+01 -5.42771e-08
0.3702000E+01 -5.71655e-08
0.3704000E+01 -8.39761e-08
0.3706000E+01 -5.1284e-08
0.3708000E+01 -5.81779e-08
0.3710000E+01 -5.82209e-08
0.3712000E+01 -6.69723e-08
0.3714000E+01 -7.06957e-08
0.3716000E+01 -7.55821e-08
0.3718000E+01 -5.57681e-08
0.3720000E+01 -5.87196e-08
0.3722000E+01 -5.55519e-08
0.3724000E+01 -5.32205e-08
0.3726000E+01 -5.3713e-08
0.3728000E+01 -5.25203e-08
0.3730000E+01 -4.19199e-08
0.3732000E+01 -4.42523e-08
0.3734000E+01 -4.41487e-08
0.3736000E+01 -4.87847e-08
0.3738000E+01 -4.977e-08
0.3740000E+01 -5.13389e-08
0.3742000E+01 -6.68102e-08
0.3744000E+01 -5.1395e-08
0.3746000E+01 -5.05331e-08
0.3748000E+01 -5.13821e-08
0.3750000E+01 -5.02749e-08
0.3752000E+01 -4.80453e-08
0.3754000E+01 -5.58485e-08
0.3756000E+01 -4.45511e-08
0.3758000E+01 -5.01863e-08
0.3760000E+01 -4.09772e-08
0.3762000E+01 -4.18458e-08
0.3764000E+01 -4.22636e-08
0.3766000E+01 -4.34349e-08
0.3768000E+01 -3.82278e-08
0.3770000E+01 -3.34893e-08
0.3772000E+01 -2.83068e-08
0.3774000E+01 -3.72107e-08
0.3776000E+01 -4.18372e-08
0.3778000E+01 -4.37885e-08
0.3780000E+01 -4.86361e-08
0.3782000E+01 -4.01186e-08
0.3784000E+01 -4.51433e-08
0.3786000E+01 -3.86933e-08
0.3788000E+01 -4.24222e-08
0.3790000E+01 -4.46423e-08
0.3792000E+01 -4.38152e-08
0.3794000E+01 -4.16898e-08
0.3796000E+01 -4.06429e-08
0.3798000E+01 -4.02076e-08
0.3800000E+01 -4.03161e-08
0.3802000E+01 -4.54184e-08
0.3804000E+01 -2.32658e-08
0.3806000E+01 -2.70871e-08
0.3808000E+01 -2.60339e-08
0.3810000E+01 -3.31611e-08
0.3812000E+01 -3.28313e-08
0.3814000E+01 -2.40766e-08
0.3816000E+01 -3.41384e-08
0.3818000E+01 -3.20788e-08
0.3820000E+01 -2.91523e-08
0.3822000E+01 -3.75574e-08
0.3824000E+01 -3.26209e-08
0.3826000E+01 -2.41642e-08
0.3828000E+01 -4.24792e-08
0.3830000E+01 -4.02243e-08
0.3832000E+01 -1.6614e-08
0.3834000E+01 -3.54967e-08
0.3836000E+01 -1.54379e-08
0.3838000E+01 -3.82358e-08
0.3840000E+01 -2.98258e-08
0.3842000E+01 -7.31426e-08
0.3844000E+01 3.09704e-08
0.3846000E+01 3.49505e-08
0.3848000E+01 -9.15778e-08
0.3850000E+01 2.91381e-08
0.3852000E+01 -2.19347e-08
0.3854000E+01 -1.18705e-08
0.3856000E+01 -1.46815e-08
0.3858000E+01 -1.31319e-08
0.3860000E+01 -1.82322e-08
0.3862000E+01 -2.13023e-08
0.3864000E+01 -2.12801e-08
0.3866000E+01 -3.16662e-08
0.3868000E+01 -1.37686e-08
0.3870000E+01 -6.56632e-09
0.3872000E+01 -1.30297e-08
0.3874000E+01 -1.37893e-08
0.3876000E+01 -1.25704e-08
0.3878000E+01 -1.30384e-08
0.3880000E+01 -1.60089e-08
0.3882000E+01 -1.93936e-08
0.3884000E+01 -3.17773e-08
0.3886000E+01 -2.24233e-08
0.3888000E+01 -7.78744e-09
0.3890000E+01 -7.27994e-09
0.3892000E+01 -7.50518e-09
0.3894000E+01 -8.27418e-09
0.3896000E+01 -9.41037e-09
0.3898000E+01 -1.81761e-08
0.3900000E+01 -2.07002e-08
0.3902000E+01 7.13519e-09
0.3904000E+01 6.11539e-09
0.3906000E+01 1.30754e-08
0.3908000E+01 6.59146e-09
0.3910000E+01 2.41165e-09
0.3912000E+01 -1.60224e-08
0.3914000E+01 3.50658e-09
0.3916000E+01 1.56145e-08
0.3918000E+01 1.23416e-08
0.3920000E+01 6.21061e-09
0.3922000E+01 4.28566e-09
0.3924000E+01 3.82176e-09
0.3926000E+01 -6.06025e-09
0.3928000E+01 -1.60151e-09
0.3930000E+01 7.59388e-09
0.3932000E+01 7.30796e-09
0.3934000E+01 4.35891e-09
0.3936000E+01 -4.72077e-10
0.3938000E+01 -1.34166e-09
0.3940000E+01 3.28242e-10
0.3942000E+01 -6.58064e-10
0.3944000E+01 -2.38403e-09
0.3946000E+01 -6.43518e-09
0.3948000E+01 -5.81725e-09
0.3950000E+01 -3.09471e-09
0.3952000E+01 -4.31001e-09
0.3954000E+01 -7.83425e-09
0.3956000E+01 -9.82218e-09
0.3958000E+01 -9.7067e-09
0.3960000E+01 -5.61366e-09
0.3962000E+01 -1.84578e-09
0.3964000E+01 -2.77106e-09
0.3966000E+01 -2.66975e-09
0.3968000E+01 -3.77185e-09
0.3970000E+01 -3.94311e-09
0.3972000E+01 -2.83886e-09
0.3974000E+01 -3.47795e-09
0.3976000E+01 -1.18979e-09
0.3978000E+01 -3.55874e-08
0.3980000E+01 -2.23297e-08
0.3982000E+01 -1.68087e-08
0.3984000E+01 -4.60861e-09
0.3986000E+01 -6.69098e-09
0.3988000E+01 -7.64762e-10
0.3990000E+01 1.37442e-09
0.3992000E+01 -2.80462e-08
0.3994000E+01 -9.75732e-09
0.3996000E+01 -7.61369e-09
0.3998000E+01 -6.67578e-09
0.4000000E+01 -1.07665e-09
