0.0000000E+00 0
0.2000000E-02 0
0.4000000E-02 0
0.6000000E-02 0
0.8000000E-02 0
0.1000000E-01 0
0.1200000E-01 0
0.1400000E-01 0
0.1600000E-01 0
0.1800000E-01 0
0.2000000E-01 0
0.2200000E-01 0
0.2400000E-01 0
0.2600000E-01 0
0.2800000E-01 0
0.3000000E-01 0
0.3200000E-01 0
0.3400000E-01 0
0.3600000E-01 0
0.3800000E-01 0
0.4000000E-01 0
0.4200000E-01 0
0.4400000E-01 0
0.4600000E-01 0
0.4800000E-01 0
0.5000000E-01 0
0.5200000E-01 0
0.5400000E-01 0
0.5600000E-01 0
0.5800000E-01 0
0.6000000E-01 0
0.6200000E-01 0
0.6400000E-01 0
0.6600000E-01 0
0.6800000E-01 0
0.7000000E-01 0
0.7200000E-01 0
0.7400000E-01 0
0.7600000E-01 0
0.7800000E-01 0
0.8000000E-01 0
0.8200000E-01 0
0.8400000E-01 0
0.8600000E-01 8.03759e-06
0.8800000E-01 6.8686e-06
0.9000000E-01 2.55661e-06
0.9200000E-01 6.67716e-07
0.9400000E-01 3.33812e-07
0.9600000E-01 8.05516e-08
0.9800000E-01 -1.54844e-07
0.1000000E+00 -2.75655e-07
0.1020000E+00 -2.31874e-07
0.1040000E+00 -8.73844e-08
0.1060000E+00 5.94517e-08
0.1080000E+00 1.18149e-07
0.1100000E+00 -1.15435e-07
0.1120000E+00 -1.62539e-08
0.1140000E+00 7.76225e-08
0.1160000E+00 1.753e-07
0.1180000E+00 3.54488e-07
0.1200000E+00 1.05171e-06
0.1220000E+00 1.41439e-07
0.1240000E+00 -7.64118e-07
0.1260000E+00 -7.41559e-07
0.1280000E+00 -4.39733e-07
0.1300000E+00 -3.66643e-07
0.1320000E+00 -3.32452e-07
0.1340000E+00 -2.14817e-07
0.1360000E+00 -6.33303e-09
0.1380000E+00 2.57329e-08
0.1400000E+00 2.81383e-08
0.1420000E+00 2.94327e-08
0.1440000E+00 1.2863e-08
0.1460000E+00 3.29286e-09
0.1480000E+00 1.06006e-08
0.1500000E+00 2.0328e-08
0.1520000E+00 1.52382e-08
0.1540000E+00 7.10938e-09
0.1560000E+00 -1.71739e-09
0.1580000E+00 -1.04603e-08
0.1600000E+00 -1.89546e-08
0.1620000E+00 -2.86263e-08
0.1640000E+00 -3.55455e-08
0.1660000E+00 1.3659e-08
0.1680000E+00 1.62358e-07
0.1700000E+00 2.19798e-07
0.1720000E+00 2.73073e-07
0.1740000E+00 3.22195e-07
0.1760000E+00 -3.58689e-07
0.1780000E+00 -1.84719e-07
0.1800000E+00 -1.63058e-07
0.1820000E+00 -1.56817e-07
0.1840000E+00 -1.49925e-07
0.1860000E+00 -1.42748e-07
0.1880000E+00 -1.22279e-07
0.1900000E+00 -1.00448e-07
0.1920000E+00 -6.24793e-08
0.1940000E+00 8.80073e-08
0.1960000E+00 7.76966e-08
0.1980000E+00 6.46822e-08
0.2000000E+00 5.10279e-08
0.2020000E+00 3.67072e-08
0.2040000E+00 2.16915e-08
0.2060000E+00 5.94929e-09
0.2080000E+00 -1.00925e-08
0.2100000E+00 -2.49928e-08
0.2120000E+00 -2.28747e-08
0.2140000E+00 -8.25474e-09
0.2160000E+00 6.35445e-09
0.2180000E+00 1.86481e-08
0.2200000E+00 2.98084e-08
0.2220000E+00 5.39504e-08
0.2240000E+00 1.43086e-07
0.2260000E+00 1.74804e-07
0.2280000E+00 2.04887e-07
0.2300000E+00 1.0243e-07
0.2320000E+00 -1.91786e-07
0.2340000E+00 -1.41094e-07
0.2360000E+00 -1.30106e-07
0.2380000E+00 -1.0774e-07
0.2400000E+00 -7.73118e-08
0.2420000E+00 -7.43131e-08
0.2440000E+00 -7.11665e-08
0.2460000E+00 -6.87825e-08
0.2480000E+00 -6.64237e-08
0.2500000E+00 -1.70151e-08
0.2520000E+00 8.7696e-08
0.2540000E+00 7.49307e-08
0.2560000E+00 6.06909e-08
0.2580000E+00 4.29958e-08
0.2600000E+00 2.47414e-08
0.2620000E+00 6.8845e-09
0.2640000E+00 -1.49248e-09
0.2660000E+00 7.34981e-09
0.2680000E+00 1.53023e-08
0.2700000E+00 2.50985e-08
0.2720000E+00 3.37773e-08
0.2740000E+00 4.27581e-08
0.2760000E+00 5.1794e-08
0.2780000E+00 6.05752e-08
0.2800000E+00 1.53089e-07
0.2820000E+00 8.24333e-08
0.2840000E+00 -1.09811e-07
0.2860000E+00 -7.00098e-08
0.2880000E+00 -5.88896e-08
0.2900000E+00 -6.20285e-08
0.2920000E+00 -6.00487e-08
0.2940000E+00 -5.7837e-08
0.2960000E+00 -5.55176e-08
0.2980000E+00 -5.32821e-08
0.3000000E+00 -5.14787e-08
0.3020000E+00 -4.28616e-08
0.3040000E+00 -3.80131e-08
0.3060000E+00 8.65181e-08
0.3080000E+00 7.55878e-08
0.3100000E+00 6.45627e-08
0.3120000E+00 5.34318e-08
0.3140000E+00 4.55276e-08
0.3160000E+00 4.35629e-08
0.3180000E+00 3.94072e-08
0.3200000E+00 4.02771e-08
0.3220000E+00 4.73148e-08
0.3240000E+00 5.47946e-08
0.3260000E+00 6.27902e-08
0.3280000E+00 7.10884e-08
0.3300000E+00 1.94462e-08
0.3320000E+00 -3.01734e-07
0.3340000E+00 -8.35558e-08
0.3360000E+00 1.38557e-07
0.3380000E+00 5.19149e-09
0.3400000E+00 -4.79855e-08
0.3420000E+00 -4.5545e-08
0.3440000E+00 -4.31633e-08
0.3460000E+00 -3.57146e-08
0.3480000E+00 -2.53573e-08
0.3500000E+00 -2.3713e-08
0.3520000E+00 -2.13495e-08
0.3540000E+00 -1.88665e-08
0.3560000E+00 5.79685e-08
0.3580000E+00 8.09529e-08
0.3600000E+00 8.36183e-08
0.3620000E+00 7.71802e-08
0.3640000E+00 7.44733e-08
0.3660000E+00 7.39869e-08
0.3680000E+00 7.84149e-08
0.3700000E+00 8.19964e-08
0.3720000E+00 8.42077e-08
0.3740000E+00 3.9578e-08
0.3760000E+00 -3.59031e-07
0.3780000E+00 -1.2333e-07
0.3800000E+00 -1.17416e-07
0.3820000E+00 -1.11537e-07
0.3840000E+00 4.74698e-07
0.3860000E+00 -3.82156e-08
0.3880000E+00 -1.72081e-08
0.3900000E+00 -1.41295e-08
0.3920000E+00 -1.07221e-08
0.3940000E+00 -7.28935e-09
0.3960000E+00 -3.91477e-09
0.3980000E+00 -4.35108e-11
0.4000000E+00 3.97651e-09
0.4020000E+00 1.02461e-08
0.4040000E+00 1.06367e-07
0.4060000E+00 1.15887e-07
0.4080000E+00 1.23067e-07
0.4100000E+00 1.30476e-07
0.4120000E+00 1.37385e-07
0.4140000E+00 -1.18483e-07
0.4160000E+00 -1.08649e-07
0.4180000E+00 -1.11417e-07
0.4200000E+00 -1.09835e-07
0.4220000E+00 -1.08765e-07
0.4240000E+00 -7.54323e-08
0.4260000E+00 6.84999e-08
0.4280000E+00 1.02701e-07
0.4300000E+00 6.96402e-08
0.4320000E+00 3.41362e-08
0.4340000E+00 7.55701e-09
0.4360000E+00 1.31754e-08
0.4380000E+00 1.89902e-08
0.4400000E+00 3.04569e-08
0.4420000E+00 3.77343e-08
0.4440000E+00 4.39431e-08
0.4460000E+00 5.24779e-08
0.4480000E+00 2.04297e-07
0.4500000E+00 -1.21348e-07
0.4520000E+00 -7.80564e-08
0.4540000E+00 -1.01764e-07
0.4560000E+00 -6.91044e-08
0.4580000E+00 -5.03625e-08
0.4600000E+00 -4.80324e-08
0.4620000E+00 -4.41866e-08
0.4640000E+00 -3.21195e-08
0.4660000E+00 7.17161e-08
0.4680000E+00 6.48396e-08
0.4700000E+00 6.77799e-08
0.4720000E+00 7.35973e-08
0.4740000E+00 7.36056e-08
0.4760000E+00 7.38426e-08
0.4780000E+00 7.37657e-08
0.4800000E+00 -2.28019e-08
0.4820000E+00 -2.64526e-07
0.4840000E+00 -2.37733e-07
0.4860000E+00 3.98454e-07
0.4880000E+00 -3.88085e-08
0.4900000E+00 -3.25472e-08
0.4920000E+00 -2.5933e-08
0.4940000E+00 -2.18669e-08
0.4960000E+00 -1.79605e-08
0.4980000E+00 3.44821e-10
0.5000000E+00 6.61044e-08
0.5020000E+00 1.24529e-07
0.5040000E+00 1.39754e-07
0.5060000E+00 1.55054e-07
0.5080000E+00 1.31466e-08
0.5100000E+00 -2.91793e-07
0.5120000E+00 -1.22675e-07
0.5140000E+00 -1.16461e-07
0.5160000E+00 3.97577e-08
0.5180000E+00 5.43788e-08
0.5200000E+00 4.01612e-08
0.5220000E+00 4.31835e-08
0.5240000E+00 2.48258e-08
0.5260000E+00 2.67639e-08
0.5280000E+00 3.7183e-08
0.5300000E+00 4.76734e-08
0.5320000E+00 1.75896e-07
0.5340000E+00 -1.1445e-07
0.5360000E+00 -1.01606e-07
0.5380000E+00 -9.62843e-08
0.5400000E+00 -8.76204e-08
0.5420000E+00 -4.18387e-08
0.5440000E+00 8.87234e-08
0.5460000E+00 9.24801e-08
0.5480000E+00 9.62941e-08
0.5500000E+00 1.00595e-07
0.5520000E+00 1.04918e-07
0.5540000E+00 -3.58433e-07
0.5560000E+00 -8.65327e-08
0.5580000E+00 6.73704e-09
0.5600000E+00 1.84762e-08
0.5620000E+00 -3.12101e-08
0.5640000E+00 -1.7044e-08
0.5660000E+00 -2.51167e-09
0.5680000E+00 2.00211e-07
0.5700000E+00 3.77271e-07
0.5720000E+00 -3.01351e-07
0.5740000E+00 -2.2882e-07
0.5760000E+00 2.50053e-08
0.5780000E+00 5.1616e-08
0.5800000E+00 4.41707e-08
0.5820000E+00 3.68952e-08
0.5840000E+00 2.99144e-08
0.5860000E+00 -1.63425e-07
0.5880000E+00 7.39723e-09
0.5900000E+00 -1.03405e-07
0.5920000E+00 -6.81257e-08
0.5940000E+00 1.07259e-07
0.5960000E+00 2.03729e-07
0.5980000E+00 -7.22958e-07
0.6000000E+00 -1.40302e-08
0.6020000E+00 -5.75557e-08
0.6040000E+00 -9.42739e-08
0.6060000E+00 -7.49259e-08
0.6080000E+00 -2.80907e-07
0.6100000E+00 -9.657e-08
0.6120000E+00 1.85958e-08
0.6140000E+00 -1.56895e-09
0.6160000E+00 -3.8396e-07
0.6180000E+00 -4.05557e-07
0.6200000E+00 3.02479e-07
0.6220000E+00 -1.9239e-07
0.6240000E+00 -8.78446e-07
0.6260000E+00 -3.09561e-07
0.6280000E+00 -1.16559e-06
0.6300000E+00 9.70033e-08
0.6320000E+00 1.92053e-06
0.6340000E+00 -6.97279e-07
0.6360000E+00 6.76197e-07
0.6380000E+00 -1.96161e-07
0.6400000E+00 -5.05295e-08
0.6420000E+00 -3.73389e-07
0.6440000E+00 1.16733e-07
0.6460000E+00 -1.19605e-07
0.6480000E+00 -6.39703e-08
0.6500000E+00 -1.42151e-07
0.6520000E+00 -1.67797e-07
0.6540000E+00 2.41799e-07
0.6560000E+00 -6.78596e-08
0.6580000E+00 1.54631e-07
0.6600000E+00 2.73838e-08
0.6620000E+00 -7.10677e-08
0.6640000E+00 -7.92673e-08
0.6660000E+00 1.11305e-08
0.6680000E+00 1.75279e-07
0.6700000E+00 -7.22443e-08
0.6720000E+00 9.92362e-08
0.6740000E+00 3.04547e-08
0.6760000E+00 2.9341e-08
0.6780000E+00 -6.62618e-09
0.6800000E+00 -3.62737e-08
0.6820000E+00 -4.27244e-08
0.6840000E+00 7.78902e-08
0.6860000E+00 4.3903e-08
0.6880000E+00 4.32312e-08
0.6900000E+00 1.46492e-08
0.6920000E+00 -7.49054e-09
0.6940000E+00 3.00509e-09
0.6960000E+00 6.08683e-09
0.6980000E+00 1.04286e-08
0.7000000E+00 9.21133e-09
0.7020000E+00 -2.75864e-09
0.7040000E+00 1.19775e-09
0.7060000E+00 6.41635e-08
0.7080000E+00 3.89794e-08
0.7100000E+00 2.36588e-08
0.7120000E+00 5.07278e-09
0.7140000E+00 1.00791e-08
0.7160000E+00 1.33655e-08
0.7180000E+00 -7.35072e-09
0.7200000E+00 -2.10938e-09
0.7220000E+00 -2.72119e-09
0.7240000E+00 -2.40373e-09
0.7260000E+00 2.43664e-10
0.7280000E+00 9.60719e-10
0.7300000E+00 4.41224e-08
0.7320000E+00 2.7975e-08
0.7340000E+00 2.58303e-08
0.7360000E+00 2.15012e-08
0.7380000E+00 -3.96242e-08
0.7400000E+00 1.89768e-09
0.7420000E+00 2.15558e-09
0.7440000E+00 4.90172e-09
0.7460000E+00 6.42181e-09
0.7480000E+00 4.96392e-09
0.7500000E+00 2.74144e-09
0.7520000E+00 3.69551e-09
0.7540000E+00 2.52328e-09
0.7560000E+00 4.00285e-09
0.7580000E+00 2.25238e-08
0.7600000E+00 2.96721e-08
0.7620000E+00 2.00384e-08
0.7640000E+00 1.75475e-08
0.7660000E+00 1.80269e-08
0.7680000E+00 -2.49986e-08
0.7700000E+00 -4.84199e-09
0.7720000E+00 -1.86764e-09
0.7740000E+00 -2.09975e-09
0.7760000E+00 -4.38819e-10
0.7780000E+00 3.88126e-09
0.7800000E+00 3.30804e-09
0.7820000E+00 2.46868e-09
0.7840000E+00 2.12907e-09
0.7860000E+00 2.59143e-09
0.7880000E+00 2.96057e-09
0.7900000E+00 1.79022e-08
0.7920000E+00 2.35595e-08
0.7940000E+00 1.64673e-08
0.7960000E+00 1.29602e-08
0.7980000E+00 1.25614e-08
0.8000000E+00 1.20089e-08
0.8020000E+00 -2.23247e-08
0.8040000E+00 -2.12777e-08
0.8060000E+00 -5.49872e-09
0.8080000E+00 -5.00112e-09
0.8100000E+00 -5.14618e-09
0.8120000E+00 -3.64449e-09
0.8140000E+00 4.6827e-09
0.8160000E+00 3.59278e-09
0.8180000E+00 3.04628e-09
0.8200000E+00 2.40492e-09
0.8220000E+00 2.53197e-09
0.8240000E+00 2.47769e-09
0.8260000E+00 2.0358e-08
0.8280000E+00 8.27342e-09
0.8300000E+00 8.02692e-09
0.8320000E+00 6.00096e-09
0.8340000E+00 5.86037e-09
0.8360000E+00 8.10944e-09
0.8380000E+00 1.18655e-08
0.8400000E+00 -3.38723e-08
0.8420000E+00 -1.4169e-08
0.8440000E+00 -7.67897e-09
0.8460000E+00 -8.12314e-09
0.8480000E+00 -5.26847e-09
0.8500000E+00 -5.13461e-09
0.8520000E+00 -3.63528e-09
0.8540000E+00 -1.57771e-09
0.8560000E+00 -1.09445e-09
0.8580000E+00 -1.06444e-09
0.8600000E+00 -1.58798e-09
0.8620000E+00 3.38827e-09
0.8640000E+00 1.16283e-08
0.8660000E+00 4.96014e-09
0.8680000E+00 4.15694e-09
0.8700000E+00 4.16304e-09
0.8720000E+00 3.74083e-09
0.8740000E+00 3.01688e-09
0.8760000E+00 2.52505e-09
0.8780000E+00 2.59389e-09
0.8800000E+00 2.70407e-09
0.8820000E+00 -1.9191e-08
0.8840000E+00 -1.6722e-08
0.8860000E+00 -1.18323e-08
0.8880000E+00 -9.18582e-09
0.8900000E+00 -2.82288e-09
0.8920000E+00 -6.42267e-10
0.8940000E+00 -8.45638e-10
0.8960000E+00 -4.75198e-09
0.8980000E+00 -4.09709e-09
0.9000000E+00 -3.71238e-09
0.9020000E+00 -1.90636e-09
0.9040000E+00 9.38707e-10
0.9060000E+00 -1.56264e-09
0.9080000E+00 -2.1106e-09
0.9100000E+00 -2.23982e-09
0.9120000E+00 -2.45292e-09
0.9140000E+00 -2.68547e-09
0.9160000E+00 -2.90518e-09
0.9180000E+00 1.30239e-08
0.9200000E+00 7.40455e-10
0.9220000E+00 9.53951e-10
0.9240000E+00 9.94662e-10
0.9260000E+00 -1.56273e-08
0.9280000E+00 -1.51221e-08
0.9300000E+00 -8.52121e-09
0.9320000E+00 -8.45156e-09
0.9340000E+00 -9.13921e-09
0.9360000E+00 -9.68523e-09
0.9380000E+00 -9.78356e-09
0.9400000E+00 -8.60281e-09
0.9420000E+00 -8.7179e-09
0.9440000E+00 -8.83268e-09
0.9460000E+00 -5.88007e-09
0.9480000E+00 -5.89376e-10
0.9500000E+00 -1.44219e-09
0.9520000E+00 -1.93247e-09
0.9540000E+00 -5.2292e-09
0.9560000E+00 -5.27219e-09
0.9580000E+00 -5.07615e-09
0.9600000E+00 -5.39786e-09
0.9620000E+00 -5.56859e-09
0.9640000E+00 -5.43501e-09
0.9660000E+00 -3.53441e-09
0.9680000E+00 -2.86007e-09
0.9700000E+00 -3.71939e-09
0.9720000E+00 -3.3844e-08
0.9740000E+00 -1.90227e-08
0.9760000E+00 -1.4925e-08
0.9780000E+00 -1.29162e-08
0.9800000E+00 -2.40018e-09
0.9820000E+00 -1.01702e-08
0.9840000E+00 -9.89843e-09
0.9860000E+00 -9.05041e-09
0.9880000E+00 -9.35462e-09
0.9900000E+00 -7.9261e-09
0.9920000E+00 -9.3949e-09
0.9940000E+00 -9.84196e-09
0.9960000E+00 -1.01106e-08
0.9980000E+00 -9.96602e-09
0.1000000E+01 -1.00052e-08
0.1002000E+01 -8.42717e-09
0.1004000E+01 -7.3407e-09
0.1006000E+01 -8.46479e-09
0.1008000E+01 -9.00827e-09
0.1010000E+01 -5.89165e-09
0.1012000E+01 -1.49222e-09
0.1014000E+01 -3.93952e-09
0.1016000E+01 -4.47478e-09
0.1018000E+01 -6.8543e-09
0.1020000E+01 -2.75617e-08
0.1022000E+01 -1.91602e-08
0.1024000E+01 -1.64257e-08
0.1026000E+01 -1.41464e-08
0.1028000E+01 -1.52986e-08
0.1030000E+01 -1.57841e-08
0.1032000E+01 -1.48863e-08
0.1034000E+01 -1.42232e-08
0.1036000E+01 -1.35744e-08
0.1038000E+01 -1.18694e-08
0.1040000E+01 -1.14994e-08
0.1042000E+01 -1.20523e-08
0.1044000E+01 -7.47143e-09
0.1046000E+01 -5.71388e-09
0.1048000E+01 -9.54465e-09
0.1050000E+01 -9.81665e-09
0.1052000E+01 -1.0494e-08
0.1054000E+01 -1.07872e-08
0.1056000E+01 -1.08475e-08
0.1058000E+01 -1.12998e-08
0.1060000E+01 -1.20676e-08
0.1062000E+01 -1.21872e-08
0.1064000E+01 -1.23018e-08
0.1066000E+01 -1.23926e-08
0.1068000E+01 -1.24889e-08
0.1070000E+01 -2.54087e-08
0.1072000E+01 -2.04922e-08
0.1074000E+01 -1.73166e-08
0.1076000E+01 -1.49458e-08
0.1078000E+01 -1.23887e-08
0.1080000E+01 -9.06593e-09
0.1082000E+01 -1.2735e-08
0.1084000E+01 -1.18488e-08
0.1086000E+01 -1.27811e-08
0.1088000E+01 -1.43262e-08
0.1090000E+01 -1.60234e-08
0.1092000E+01 -1.76949e-08
0.1094000E+01 -1.6226e-08
0.1096000E+01 -1.6047e-08
0.1098000E+01 -1.61487e-08
0.1100000E+01 -1.61051e-08
0.1102000E+01 -1.60054e-08
0.1104000E+01 -1.6405e-08
0.1106000E+01 -1.60369e-08
0.1108000E+01 -1.51905e-08
0.1110000E+01 -1.47062e-08
0.1112000E+01 -1.50745e-08
0.1114000E+01 -9.39829e-09
0.1116000E+01 -8.61141e-09
0.1118000E+01 -1.25846e-08
0.1120000E+01 -1.36918e-08
0.1122000E+01 -2.26471e-08
0.1124000E+01 -2.01139e-08
0.1126000E+01 -1.81775e-08
0.1128000E+01 -1.72489e-08
0.1130000E+01 -1.82693e-08
0.1132000E+01 -1.86095e-08
0.1134000E+01 -1.78872e-08
0.1136000E+01 -1.80429e-08
0.1138000E+01 -1.8316e-08
0.1140000E+01 -1.84911e-08
0.1142000E+01 -1.66541e-08
0.1144000E+01 -1.62051e-08
0.1146000E+01 -1.74933e-08
0.1148000E+01 -1.8801e-08
0.1150000E+01 -1.50574e-08
0.1152000E+01 -1.78516e-08
0.1154000E+01 -1.72053e-08
0.1156000E+01 -1.73152e-08
0.1158000E+01 -1.74268e-08
0.1160000E+01 -1.85828e-08
0.1162000E+01 -1.87241e-08
0.1164000E+01 -1.87626e-08
0.1166000E+01 -1.88519e-08
0.1168000E+01 -1.8873e-08
0.1170000E+01 -1.89314e-08
0.1172000E+01 -1.90139e-08
0.1174000E+01 -2.17537e-08
0.1176000E+01 -2.17424e-08
0.1178000E+01 -2.084e-08
0.1180000E+01 -2.0265e-08
0.1182000E+01 -2.06626e-08
0.1184000E+01 -2.10633e-08
0.1186000E+01 -2.01401e-08
0.1188000E+01 -1.4257e-08
0.1190000E+01 -1.45003e-08
0.1192000E+01 -1.85557e-08
0.1194000E+01 -1.90915e-08
0.1196000E+01 -1.92058e-08
0.1198000E+01 -1.93397e-08
0.1200000E+01 -1.97637e-08
0.1202000E+01 -1.99778e-08
0.1204000E+01 -2.69911e-08
0.1206000E+01 -2.59803e-08
0.1208000E+01 -2.40094e-08
0.1210000E+01 -2.19466e-08
0.1212000E+01 -2.28033e-08
0.1214000E+01 -2.29252e-08
0.1216000E+01 -2.29599e-08
0.1218000E+01 -2.27573e-08
0.1220000E+01 -2.26784e-08
0.1222000E+01 -2.28949e-08
0.1224000E+01 -2.34326e-08
0.1226000E+01 -1.62669e-08
0.1228000E+01 -2.21074e-08
0.1230000E+01 -2.24309e-08
0.1232000E+01 -2.23381e-08
0.1234000E+01 -2.21077e-08
0.1236000E+01 -2.25916e-08
0.1238000E+01 -2.27049e-08
0.1240000E+01 -2.22109e-08
0.1242000E+01 -2.15468e-08
0.1244000E+01 -2.18393e-08
0.1246000E+01 -2.24153e-08
0.1248000E+01 -2.26713e-08
0.1250000E+01 -2.28322e-08
0.1252000E+01 -2.32072e-08
0.1254000E+01 -3.08761e-08
0.1256000E+01 -3.64257e-08
0.1258000E+01 -3.10661e-08
0.1260000E+01 -2.86286e-08
0.1262000E+01 -2.80582e-08
0.1264000E+01 -2.42027e-08
0.1266000E+01 -2.30312e-08
0.1268000E+01 -2.39685e-08
0.1270000E+01 -2.47459e-08
0.1272000E+01 -2.37783e-08
0.1274000E+01 -2.36193e-08
0.1276000E+01 -2.48572e-08
0.1278000E+01 -2.50442e-08
0.1280000E+01 -2.497e-08
0.1282000E+01 -2.49264e-08
0.1284000E+01 -2.44675e-08
0.1286000E+01 -2.56083e-08
0.1288000E+01 -2.56857e-08
0.1290000E+01 -2.5585e-08
0.1292000E+01 -2.58192e-08
0.1294000E+01 -2.58971e-08
0.1296000E+01 -2.6117e-08
0.1298000E+01 -2.61303e-08
0.1300000E+01 -3.68367e-08
0.1302000E+01 -4.39786e-08
0.1304000E+01 -3.03265e-08
0.1306000E+01 -2.80681e-08
0.1308000E+01 -2.91854e-08
0.1310000E+01 -3.07415e-08
0.1312000E+01 -3.05606e-08
0.1314000E+01 -2.98456e-08
0.1316000E+01 -2.96656e-08
0.1318000E+01 -2.95614e-08
0.1320000E+01 -2.95027e-08
0.1322000E+01 -2.95925e-08
0.1324000E+01 -2.9574e-08
0.1326000E+01 -2.94974e-08
0.1328000E+01 -2.93704e-08
0.1330000E+01 -2.92213e-08
0.1332000E+01 -2.91392e-08
0.1334000E+01 -2.87683e-08
0.1336000E+01 -2.84486e-08
0.1338000E+01 -2.74339e-08
0.1340000E+01 -2.79e-08
0.1342000E+01 -4.71899e-08
0.1344000E+01 -4.08809e-08
0.1346000E+01 -3.714e-08
0.1348000E+01 -3.46731e-08
0.1350000E+01 -3.38637e-08
0.1352000E+01 -3.43168e-08
0.1354000E+01 -3.37128e-08
0.1356000E+01 -3.35395e-08
0.1358000E+01 -3.26811e-08
0.1360000E+01 -3.24492e-08
0.1362000E+01 -3.21723e-08
0.1364000E+01 -3.17034e-08
0.1366000E+01 -3.12997e-08
0.1368000E+01 -3.15786e-08
0.1370000E+01 -3.13482e-08
0.1372000E+01 -3.09145e-08
0.1374000E+01 -3.08831e-08
0.1376000E+01 -3.10585e-08
0.1378000E+01 -4.24531e-08
0.1380000E+01 -6.1811e-08
0.1382000E+01 -4.82677e-08
0.1384000E+01 -4.24329e-08
0.1386000E+01 -3.87762e-08
0.1388000E+01 -3.87259e-08
0.1390000E+01 -3.74092e-08
0.1392000E+01 -3.65437e-08
0.1394000E+01 -3.22266e-08
0.1396000E+01 -3.38921e-08
0.1398000E+01 -3.4194e-08
0.1400000E+01 -3.40774e-08
0.1402000E+01 -3.39206e-08
0.1404000E+01 -3.39282e-08
0.1406000E+01 -3.41343e-08
0.1408000E+01 -3.37428e-08
0.1410000E+01 -3.30002e-08
0.1412000E+01 -6.11809e-08
0.1414000E+01 -6.85814e-08
0.1416000E+01 -5.03496e-08
0.1418000E+01 -5.02175e-08
0.1420000E+01 -4.66105e-08
0.1422000E+01 -4.23924e-08
0.1424000E+01 -4.1367e-08
0.1426000E+01 -3.70184e-08
0.1428000E+01 -3.91631e-08
0.1430000E+01 -3.85077e-08
0.1432000E+01 -3.72512e-08
0.1434000E+01 -3.73308e-08
0.1436000E+01 -3.69394e-08
0.1438000E+01 -3.67424e-08
0.1440000E+01 -4.13667e-08
0.1442000E+01 -7.86726e-08
0.1444000E+01 -6.6591e-08
0.1446000E+01 -5.378e-08
0.1448000E+01 -4.83438e-08
0.1450000E+01 -4.40834e-08
0.1452000E+01 -4.30275e-08
0.1454000E+01 -4.29659e-08
0.1456000E+01 -4.2863e-08
0.1458000E+01 -4.25401e-08
0.1460000E+01 -4.05791e-08
0.1462000E+01 -3.85648e-08
0.1464000E+01 -3.78673e-08
0.1466000E+01 -3.47555e-08
0.1468000E+01 -7.88714e-08
0.1470000E+01 -7.05029e-08
0.1472000E+01 -6.15646e-08
0.1474000E+01 -5.38205e-08
0.1476000E+01 -5.02719e-08
0.1478000E+01 -4.84347e-08
0.1480000E+01 -4.58753e-08
0.1482000E+01 -4.46867e-08
0.1484000E+01 -4.26163e-08
0.1486000E+01 -4.19765e-08
0.1488000E+01 -4.15246e-08
0.1490000E+01 -6.61333e-08
0.1492000E+01 -9.06359e-08
0.1494000E+01 -7.37569e-08
0.1496000E+01 -6.08564e-08
0.1498000E+01 -5.27668e-08
0.1500000E+01 -5.22874e-08
0.1502000E+01 -5.13594e-08
0.1504000E+01 -4.12348e-08
0.1506000E+01 -3.92548e-08
0.1508000E+01 -3.58285e-08
0.1510000E+01 -3.68422e-08
0.1512000E+01 -7.87538e-08
0.1514000E+01 -9.36286e-08
0.1516000E+01 -6.13527e-08
0.1518000E+01 -5.49176e-08
0.1520000E+01 -5.05079e-08
0.1522000E+01 -4.68593e-08
0.1524000E+01 -4.34044e-08
0.1526000E+01 -4.26074e-08
0.1528000E+01 -4.03908e-08
0.1530000E+01 -4.31967e-08
0.1532000E+01 -8.613e-08
0.1534000E+01 -7.37992e-08
0.1536000E+01 -5.64131e-08
0.1538000E+01 -5.33691e-08
0.1540000E+01 -4.61514e-08
0.1542000E+01 -4.10066e-08
0.1544000E+01 -3.94241e-08
0.1546000E+01 -3.83351e-08
0.1548000E+01 -3.44519e-08
0.1550000E+01 -7.74142e-08
0.1552000E+01 -6.38034e-08
0.1554000E+01 -5.1857e-08
0.1556000E+01 -4.21818e-08
0.1558000E+01 -3.62257e-08
0.1560000E+01 -3.6211e-08
0.1562000E+01 -3.15169e-08
0.1564000E+01 -2.66416e-08
0.1566000E+01 -5.57727e-08
0.1568000E+01 -6.6929e-08
0.1570000E+01 -4.27404e-08
0.1572000E+01 -3.77885e-08
0.1574000E+01 -3.30733e-08
0.1576000E+01 -2.74062e-08
0.1578000E+01 -2.40806e-08
0.1580000E+01 -2.25168e-08
0.1582000E+01 -4.30635e-08
0.1584000E+01 -5.48435e-08
0.1586000E+01 -3.4656e-08
0.1588000E+01 -2.50413e-08
0.1590000E+01 -2.18276e-08
0.1592000E+01 -2.02017e-08
0.1594000E+01 -1.6828e-08
0.1596000E+01 -1.4888e-08
0.1598000E+01 -2.7919e-08
0.1600000E+01 -3.15479e-08
0.1602000E+01 -1.74054e-08
0.1604000E+01 -1.26256e-08
0.1606000E+01 -1.25658e-08
0.1608000E+01 -8.65459e-09
0.1610000E+01 -6.33052e-09
0.1612000E+01 1.36096e-12
0.1614000E+01 -1.07972e-08
0.1616000E+01 -1.34815e-08
0.1618000E+01 -6.82063e-09
0.1620000E+01 -5.62232e-09
0.1622000E+01 -2.74101e-09
0.1624000E+01 -8.9471e-10
0.1626000E+01 -5.36335e-09
0.1628000E+01 9.31945e-09
0.1630000E+01 5.02023e-09
0.1632000E+01 6.45005e-10
0.1634000E+01 3.96695e-09
0.1636000E+01 5.66688e-09
0.1638000E+01 4.92637e-09
0.1640000E+01 6.05143e-09
0.1642000E+01 7.33703e-09
0.1644000E+01 7.39931e-09
0.1646000E+01 8.54487e-09
0.1648000E+01 6.91176e-09
0.1650000E+01 9.28042e-09
0.1652000E+01 1.0944e-08
0.1654000E+01 1.88284e-08
0.1656000E+01 2.16641e-08
0.1658000E+01 1.74591e-08
0.1660000E+01 1.65405e-08
0.1662000E+01 1.48999e-08
0.1664000E+01 1.50679e-08
0.1666000E+01 1.87352e-08
0.1668000E+01 1.99716e-08
0.1670000E+01 1.89483e-08
0.1672000E+01 1.93149e-08
0.1674000E+01 1.97164e-08
0.1676000E+01 2.03336e-08
0.1678000E+01 2.00157e-08
0.1680000E+01 2.93733e-08
0.1682000E+01 3.08987e-08
0.1684000E+01 2.95091e-08
0.1686000E+01 2.59284e-08
0.1688000E+01 2.41238e-08
0.1690000E+01 2.17818e-08
0.1692000E+01 1.93638e-08
0.1694000E+01 2.22241e-08
0.1696000E+01 2.34361e-08
0.1698000E+01 2.3142e-08
0.1700000E+01 2.2704e-08
0.1702000E+01 2.53987e-08
0.1704000E+01 2.77599e-08
0.1706000E+01 3.18789e-08
0.1708000E+01 3.14887e-08
0.1710000E+01 2.99578e-08
0.1712000E+01 3.10911e-08
0.1714000E+01 2.94102e-08
0.1716000E+01 2.74983e-08
0.1718000E+01 2.80382e-08
0.1720000E+01 3.04039e-08
0.1722000E+01 2.6446e-08
0.1724000E+01 2.83747e-08
0.1726000E+01 2.97727e-08
0.1728000E+01 2.78654e-08
0.1730000E+01 2.68321e-08
0.1732000E+01 2.95149e-08
0.1734000E+01 3.10379e-08
0.1736000E+01 2.69535e-08
0.1738000E+01 2.74277e-08
0.1740000E+01 2.70398e-08
0.1742000E+01 2.70414e-08
0.1744000E+01 2.8216e-08
0.1746000E+01 4.72046e-08
0.1748000E+01 3.31883e-08
0.1750000E+01 2.94101e-08
0.1752000E+01 2.80273e-08
0.1754000E+01 2.6763e-08
0.1756000E+01 2.61837e-08
0.1758000E+01 2.42583e-08
0.1760000E+01 2.94722e-08
0.1762000E+01 2.96165e-08
0.1764000E+01 2.79835e-08
0.1766000E+01 2.73255e-08
0.1768000E+01 2.66655e-08
0.1770000E+01 2.69674e-08
0.1772000E+01 3.47168e-08
0.1774000E+01 3.01448e-08
0.1776000E+01 2.71397e-08
0.1778000E+01 3.74809e-08
0.1780000E+01 3.90846e-08
0.1782000E+01 3.56526e-08
0.1784000E+01 3.77782e-08
0.1786000E+01 2.93879e-08
0.1788000E+01 2.85551e-08
0.1790000E+01 2.87073e-08
0.1792000E+01 2.74319e-08
0.1794000E+01 2.69311e-08
0.1796000E+01 2.60937e-08
0.1798000E+01 3.1105e-08
0.1800000E+01 3.06663e-08
0.1802000E+01 2.93923e-08
0.1804000E+01 2.90868e-08
0.1806000E+01 2.87782e-08
0.1808000E+01 2.89028e-08
0.1810000E+01 3.00107e-08
0.1812000E+01 3.64351e-08
0.1814000E+01 3.14355e-08
0.1816000E+01 3.14982e-08
0.1818000E+01 3.2307e-08
0.1820000E+01 3.19495e-08
0.1822000E+01 3.42007e-08
0.1824000E+01 3.45738e-08
0.1826000E+01 3.57603e-08
0.1828000E+01 3.68588e-08
0.1830000E+01 3.25345e-08
0.1832000E+01 3.07293e-08
0.1834000E+01 3.07048e-08
0.1836000E+01 3.1067e-08
0.1838000E+01 3.17104e-08
0.1840000E+01 3.21569e-08
0.1842000E+01 3.2329e-08
0.1844000E+01 3.28363e-08
0.1846000E+01 3.32494e-08
0.1848000E+01 3.55818e-08
0.1850000E+01 3.47716e-08
0.1852000E+01 3.46128e-08
0.1854000E+01 3.53571e-08
0.1856000E+01 3.61042e-08
0.1858000E+01 3.53972e-08
0.1860000E+01 3.51569e-08
0.1862000E+01 3.56888e-08
0.1864000E+01 3.57832e-08
0.1866000E+01 3.5937e-08
0.1868000E+01 3.66222e-08
0.1870000E+01 3.8518e-08
0.1872000E+01 3.52854e-08
0.1874000E+01 3.87852e-08
0.1876000E+01 3.91427e-08
0.1878000E+01 4.02353e-08
0.1880000E+01 3.90414e-08
0.1882000E+01 4.30606e-08
0.1884000E+01 4.3727e-08
0.1886000E+01 4.3084e-08
0.1888000E+01 4.39054e-08
0.1890000E+01 4.45425e-08
0.1892000E+01 4.12091e-08
0.1894000E+01 4.80942e-08
0.1896000E+01 4.70097e-08
0.1898000E+01 4.46401e-08
0.1900000E+01 4.54038e-08
0.1902000E+01 4.59309e-08
0.1904000E+01 4.85153e-08
0.1906000E+01 4.97682e-08
0.1908000E+01 5.52287e-08
0.1910000E+01 5.57431e-08
0.1912000E+01 5.57387e-08
0.1914000E+01 5.77099e-08
0.1916000E+01 5.88747e-08
0.1918000E+01 6.92659e-08
0.1920000E+01 7.66657e-08
0.1922000E+01 8.5996e-08
0.1924000E+01 1.29881e-07
0.1926000E+01 1.04027e-07
0.1928000E+01 -5.18793e-08
0.1930000E+01 4.99576e-08
0.1932000E+01 9.988e-09
0.1934000E+01 1.72393e-08
0.1936000E+01 1.03855e-07
0.1938000E+01 2.54586e-08
0.1940000E+01 7.41058e-08
0.1942000E+01 5.44377e-08
0.1944000E+01 1.41856e-07
0.1946000E+01 1.2426e-07
0.1948000E+01 1.0663e-07
0.1950000E+01 1.52054e-07
0.1952000E+01 1.4538e-07
0.1954000E+01 6.04419e-07
0.1956000E+01 -2.4361e-08
0.1958000E+01 -6.41515e-07
0.1960000E+01 -2.08605e-07
0.1962000E+01 -2.19893e-07
0.1964000E+01 -6.83794e-08
0.1966000E+01 -4.31157e-08
0.1968000E+01 -4.94314e-08
0.1970000E+01 -6.23211e-08
0.1972000E+01 -7.4954e-08
0.1974000E+01 -1.12623e-07
0.1976000E+01 -1.38807e-08
0.1978000E+01 -1.52427e-08
0.1980000E+01 -7.72609e-08
0.1982000E+01 -4.50892e-08
0.1984000E+01 -5.01265e-08
0.1986000E+01 -1.50145e-08
0.1988000E+01 6.83711e-09
0.1990000E+01 -1.43975e-08
0.1992000E+01 -3.53783e-08
0.1994000E+01 4.22128e-08
0.1996000E+01 -3.17351e-08
0.1998000E+01 -3.79267e-08
0.2000000E+01 2.30455e-09
0.2002000E+01 1.42434e-09
0.2004000E+01 5.0024e-10
0.2006000E+01 1.09103e-10
0.2008000E+01 -6.8529e-10
0.2010000E+01 -1.77844e-09
0.2012000E+01 -2.76346e-09
0.2014000E+01 -4.94465e-09
0.2016000E+01 -9.83326e-09
0.2018000E+01 -2.66939e-09
0.2020000E+01 4.78155e-09
0.2022000E+01 4.28742e-09
0.2024000E+01 3.44999e-09
0.2026000E+01 4.7012e-09
0.2028000E+01 3.45439e-09
0.2030000E+01 1.07406e-08
0.2032000E+01 3.78698e-08
0.2034000E+01 7.22485e-08
0.2036000E+01 1.25228e-07
0.2038000E+01 -1.2579e-08
0.2040000E+01 -5.97768e-08
0.2042000E+01 -7.61833e-08
0.2044000E+01 -2.77451e-08
0.2046000E+01 -1.48693e-08
0.2048000E+01 8.57692e-09
0.2050000E+01 3.26817e-08
0.2052000E+01 2.31577e-08
0.2054000E+01 -3.16075e-08
0.2056000E+01 -3.62633e-08
0.2058000E+01 -6.26584e-09
0.2060000E+01 3.1876e-09
0.2062000E+01 1.43678e-09
0.2064000E+01 2.33259e-10
0.2066000E+01 -1.92205e-08
0.2068000E+01 -4.78217e-09
0.2070000E+01 -1.33613e-08
0.2072000E+01 -2.88619e-08
0.2074000E+01 -5.56087e-09
0.2076000E+01 -6.48506e-09
0.2078000E+01 4.27272e-10
0.2080000E+01 1.30136e-09
0.2082000E+01 -3.88102e-10
0.2084000E+01 -1.64654e-08
0.2086000E+01 -1.64942e-08
0.2088000E+01 -1.6161e-08
0.2090000E+01 -1.69055e-08
0.2092000E+01 -7.70352e-09
0.2094000E+01 5.76658e-09
0.2096000E+01 -5.43096e-09
0.2098000E+01 -6.58597e-09
0.2100000E+01 -8.51845e-09
0.2102000E+01 -8.10898e-09
0.2104000E+01 -7.36705e-09
0.2106000E+01 -5.27381e-09
0.2108000E+01 8.20606e-10
0.2110000E+01 2.4841e-09
0.2112000E+01 -4.90664e-09
0.2114000E+01 -1.8822e-09
0.2116000E+01 -2.96297e-09
0.2118000E+01 -1.448e-08
0.2120000E+01 -1.66427e-08
0.2122000E+01 -1.85251e-08
0.2124000E+01 -2.2762e-08
0.2126000E+01 -1.31851e-08
0.2128000E+01 -1.13303e-09
0.2130000E+01 6.0381e-09
0.2132000E+01 -2.13556e-09
0.2134000E+01 -1.34295e-08
0.2136000E+01 -1.14785e-08
0.2138000E+01 -1.06453e-08
0.2140000E+01 -1.15095e-08
0.2142000E+01 -1.1635e-08
0.2144000E+01 -9.26297e-09
0.2146000E+01 1.35868e-09
0.2148000E+01 -3.59476e-09
0.2150000E+01 -5.46209e-09
0.2152000E+01 -3.00086e-09
0.2154000E+01 -7.03345e-09
0.2156000E+01 -9.98542e-09
0.2158000E+01 -1.5934e-08
0.2160000E+01 -1.06804e-08
0.2162000E+01 -1.89911e-09
0.2164000E+01 -3.63923e-09
0.2166000E+01 -6.07997e-09
0.2168000E+01 -5.12182e-09
0.2170000E+01 -6.71499e-09
0.2172000E+01 -9.61964e-09
0.2174000E+01 -1.68685e-08
0.2176000E+01 -1.83121e-08
0.2178000E+01 -9.50546e-09
0.2180000E+01 1.65184e-08
0.2182000E+01 7.95927e-09
0.2184000E+01 -1.61215e-09
0.2186000E+01 -6.66488e-09
0.2188000E+01 -6.19936e-09
0.2190000E+01 -6.86398e-09
0.2192000E+01 -4.60401e-09
0.2194000E+01 4.16466e-09
0.2196000E+01 1.08566e-08
0.2198000E+01 -2.39325e-09
0.2200000E+01 -7.00031e-09
0.2202000E+01 -3.62382e-09
0.2204000E+01 -3.2923e-09
0.2206000E+01 -5.08308e-09
0.2208000E+01 -3.39688e-10
0.2210000E+01 8.15308e-10
0.2212000E+01 3.87693e-09
0.2214000E+01 8.48315e-09
0.2216000E+01 -1.33296e-10
0.2218000E+01 -6.65936e-09
0.2220000E+01 -8.63878e-09
0.2222000E+01 8.70755e-09
0.2224000E+01 1.97246e-08
0.2226000E+01 1.07559e-10
0.2228000E+01 3.5196e-10
0.2230000E+01 4.72019e-09
0.2232000E+01 9.42933e-09
0.2234000E+01 1.88548e-08
0.2236000E+01 1.58294e-08
0.2238000E+01 1.1893e-08
0.2240000E+01 3.31398e-09
0.2242000E+01 3.88039e-09
0.2244000E+01 1.42643e-08
0.2246000E+01 3.11208e-09
0.2248000E+01 5.13628e-09
0.2250000E+01 -4.37754e-10
0.2252000E+01 2.96749e-08
0.2254000E+01 1.44103e-08
0.2256000E+01 4.69787e-08
0.2258000E+01 7.86395e-08
0.2260000E+01 1.9276e-08
0.2262000E+01 -4.96988e-08
0.2264000E+01 -2.98929e-08
0.2266000E+01 -2.47724e-08
0.2268000E+01 -1.67711e-08
0.2270000E+01 -1.63251e-08
0.2272000E+01 -1.35046e-08
0.2274000E+01 -1.22893e-08
0.2276000E+01 -1.20408e-08
0.2278000E+01 -1.09221e-08
0.2280000E+01 -5.85744e-09
0.2282000E+01 -3.9997e-09
0.2284000E+01 -3.76481e-09
0.2286000E+01 -1.28791e-09
0.2288000E+01 1.60464e-09
0.2290000E+01 2.1767e-09
0.2292000E+01 8.47627e-10
0.2294000E+01 2.56126e-10
0.2296000E+01 8.66115e-10
0.2298000E+01 4.42147e-10
0.2300000E+01 -8.87002e-10
0.2302000E+01 -5.28718e-10
0.2304000E+01 2.24835e-10
0.2306000E+01 1.5304e-09
0.2308000E+01 1.72921e-09
0.2310000E+01 1.00484e-09
0.2312000E+01 4.1163e-09
0.2314000E+01 2.0618e-09
0.2316000E+01 6.12372e-11
0.2318000E+01 -2.67139e-10
0.2320000E+01 1.06298e-09
0.2322000E+01 1.82343e-09
0.2324000E+01 2.67568e-09
0.2326000E+01 3.52908e-09
0.2328000E+01 3.96493e-09
0.2330000E+01 4.63237e-09
0.2332000E+01 2.71951e-09
0.2334000E+01 2.43259e-09
0.2336000E+01 3.99355e-09
0.2338000E+01 3.08495e-09
0.2340000E+01 3.51666e-09
0.2342000E+01 3.51205e-09
0.2344000E+01 3.56457e-09
0.2346000E+01 4.17303e-09
0.2348000E+01 2.45325e-09
0.2350000E+01 2.03977e-09
0.2352000E+01 3.28105e-09
0.2354000E+01 4.33305e-09
0.2356000E+01 5.03462e-09
0.2358000E+01 5.5181e-09
0.2360000E+01 4.00648e-09
0.2362000E+01 1.99805e-09
0.2364000E+01 3.02969e-09
0.2366000E+01 3.04445e-09
0.2368000E+01 -1.73883e-10
0.2370000E+01 -1.09332e-08
0.2372000E+01 -1.26221e-08
0.2374000E+01 -7.00936e-09
0.2376000E+01 5.14626e-09
0.2378000E+01 1.62316e-09
0.2380000E+01 5.09544e-09
0.2382000E+01 1.78963e-08
0.2384000E+01 -1.60583e-08
0.2386000E+01 -1.95919e-09
0.2388000E+01 -4.97831e-09
0.2390000E+01 -4.92401e-09
0.2392000E+01 -7.26444e-09
0.2394000E+01 1.62062e-09
0.2396000E+01 -2.04363e-09
0.2398000E+01 -4.21173e-09
0.2400000E+01 -2.31057e-09
0.2402000E+01 2.57931e-10
0.2404000E+01 -1.6224e-09
0.2406000E+01 1.60555e-08
0.2408000E+01 4.09826e-09
0.2410000E+01 6.40768e-09
0.2412000E+01 1.31952e-08
0.2414000E+01 5.01445e-09
0.2416000E+01 5.18361e-09
0.2418000E+01 3.43066e-09
0.2420000E+01 1.03966e-08
0.2422000E+01 1.29388e-09
0.2424000E+01 1.92682e-09
0.2426000E+01 3.12426e-09
0.2428000E+01 -1.25787e-09
0.2430000E+01 1.90166e-09
0.2432000E+01 1.90497e-09
0.2434000E+01 3.63646e-09
0.2436000E+01 3.77846e-09
0.2438000E+01 5.31705e-09
0.2440000E+01 5.54693e-10
0.2442000E+01 1.47246e-09
0.2444000E+01 6.15173e-10
0.2446000E+01 2.95438e-09
0.2448000E+01 3.44942e-09
0.2450000E+01 2.74158e-09
0.2452000E+01 2.91054e-09
0.2454000E+01 3.33072e-09
0.2456000E+01 -1.70523e-09
0.2458000E+01 1.52455e-09
0.2460000E+01 2.08238e-09
0.2462000E+01 5.72023e-09
0.2464000E+01 1.24596e-09
0.2466000E+01 1.38051e-08
0.2468000E+01 4.64047e-09
0.2470000E+01 8.39116e-09
0.2472000E+01 4.4927e-09
0.2474000E+01 2.63807e-09
0.2476000E+01 4.35518e-09
0.2478000E+01 8.3004e-09
0.2480000E+01 -5.80075e-09
0.2482000E+01 1.95603e-09
0.2484000E+01 5.2123e-09
0.2486000E+01 5.53632e-09
0.2488000E+01 6.91527e-09
0.2490000E+01 -2.10751e-09
0.2492000E+01 1.89585e-09
0.2494000E+01 4.09562e-10
0.2496000E+01 3.37773e-09
0.2498000E+01 3.19542e-09
0.2500000E+01 7.15737e-09
0.2502000E+01 -4.7393e-09
0.2504000E+01 2.3942e-09
0.2506000E+01 3.84916e-09
0.2508000E+01 2.07983e-09
0.2510000E+01 2.65099e-09
0.2512000E+01 4.24468e-09
0.2514000E+01 8.91219e-09
0.2516000E+01 -4.82778e-09
0.2518000E+01 -1.00325e-09
0.2520000E+01 3.16999e-10
0.2522000E+01 2.49672e-09
0.2524000E+01 2.44153e-09
0.2526000E+01 1.31921e-09
0.2528000E+01 4.16086e-09
0.2530000E+01 5.09064e-09
0.2532000E+01 3.03131e-09
0.2534000E+01 -9.91817e-09
0.2536000E+01 -2.07293e-09
0.2538000E+01 1.53779e-09
0.2540000E+01 -1.81716e-09
0.2542000E+01 5.1761e-10
0.2544000E+01 2.06043e-09
0.2546000E+01 8.00129e-09
0.2548000E+01 6.45917e-09
0.2550000E+01 4.23495e-09
0.2552000E+01 5.14341e-09
0.2554000E+01 -3.92656e-09
0.2556000E+01 1.10454e-09
0.2558000E+01 1.45608e-09
0.2560000E+01 2.45736e-09
0.2562000E+01 1.05309e-09
0.2564000E+01 2.64357e-09
0.2566000E+01 2.89801e-10
0.2568000E+01 -7.33545e-10
0.2570000E+01 1.0609e-09
0.2572000E+01 2.8851e-09
0.2574000E+01 3.23178e-09
0.2576000E+01 4.87094e-09
0.2578000E+01 4.09777e-09
0.2580000E+01 2.16937e-09
0.2582000E+01 1.11464e-09
0.2584000E+01 8.10703e-09
0.2586000E+01 1.04773e-08
0.2588000E+01 8.51591e-09
0.2590000E+01 6.83378e-09
0.2592000E+01 -1.26882e-10
0.2594000E+01 -8.99628e-09
0.2596000E+01 -9.93232e-10
0.2598000E+01 2.6135e-09
0.2600000E+01 3.62851e-09
0.2602000E+01 3.04027e-09
0.2604000E+01 3.78442e-09
0.2606000E+01 3.95484e-09
0.2608000E+01 4.16291e-09
0.2610000E+01 4.72685e-09
0.2612000E+01 5.06645e-09
0.2614000E+01 5.04464e-09
0.2616000E+01 9.28964e-09
0.2618000E+01 5.23809e-09
0.2620000E+01 -1.15792e-09
0.2622000E+01 -1.26307e-09
0.2624000E+01 -4.47772e-09
0.2626000E+01 4.80404e-09
0.2628000E+01 5.92755e-09
0.2630000E+01 7.69366e-09
0.2632000E+01 1.18124e-10
0.2634000E+01 -6.58123e-09
0.2636000E+01 3.15799e-09
0.2638000E+01 6.48562e-09
0.2640000E+01 5.17898e-09
0.2642000E+01 5.21008e-09
0.2644000E+01 5.78673e-09
0.2646000E+01 8.61697e-09
0.2648000E+01 -5.44757e-10
0.2650000E+01 -3.49275e-09
0.2652000E+01 -2.81275e-09
0.2654000E+01 1.35835e-09
0.2656000E+01 3.87185e-09
0.2658000E+01 5.93803e-09
0.2660000E+01 4.78872e-09
0.2662000E+01 5.69084e-09
0.2664000E+01 -6.06268e-09
0.2666000E+01 -4.54465e-09
0.2668000E+01 8.35241e-10
0.2670000E+01 6.97583e-09
0.2672000E+01 6.58389e-09
0.2674000E+01 6.06606e-09
0.2676000E+01 5.38127e-09
0.2678000E+01 6.08865e-09
0.2680000E+01 5.68526e-09
0.2682000E+01 -4.08807e-09
0.2684000E+01 -4.07783e-09
0.2686000E+01 -5.11935e-10
0.2688000E+01 1.25339e-09
0.2690000E+01 -9.58939e-11
0.2692000E+01 1.09411e-09
0.2694000E+01 6.88188e-09
0.2696000E+01 5.97916e-09
0.2698000E+01 5.99802e-09
0.2700000E+01 -4.79475e-10
0.2702000E+01 -1.17079e-08
0.2704000E+01 -5.0225e-09
0.2706000E+01 8.61412e-10
0.2708000E+01 5.30746e-09
0.2710000E+01 5.54686e-09
0.2712000E+01 7.10816e-09
0.2714000E+01 5.0073e-09
0.2716000E+01 2.75703e-09
0.2718000E+01 6.12851e-09
0.2720000E+01 3.025e-09
0.2722000E+01 1.28925e-09
0.2724000E+01 -1.07998e-08
0.2726000E+01 -1.79818e-09
0.2728000E+01 -1.78535e-09
0.2730000E+01 4.21332e-10
0.2732000E+01 -1.83757e-09
0.2734000E+01 2.48012e-09
0.2736000E+01 3.36514e-09
0.2738000E+01 5.72143e-09
0.2740000E+01 4.05168e-09
0.2742000E+01 1.05884e-08
0.2744000E+01 1.17832e-08
0.2746000E+01 -2.84e-09
0.2748000E+01 -1.74064e-08
0.2750000E+01 -6.18815e-09
0.2752000E+01 1.79892e-09
0.2754000E+01 -2.03143e-09
0.2756000E+01 1.51794e-10
0.2758000E+01 4.46307e-10
0.2760000E+01 1.06159e-09
0.2762000E+01 1.42882e-09
0.2764000E+01 1.82785e-09
0.2766000E+01 1.19482e-09
0.2768000E+01 9.20771e-09
0.2770000E+01 5.69e-09
0.2772000E+01 -9.00377e-10
0.2774000E+01 -1.5449e-08
0.2776000E+01 -4.95049e-09
0.2778000E+01 -5.46745e-09
0.2780000E+01 -2.79741e-09
0.2782000E+01 -4.89251e-09
0.2784000E+01 1.2758e-10
0.2786000E+01 2.14936e-09
0.2788000E+01 3.50318e-09
0.2790000E+01 1.4566e-09
0.2792000E+01 1.10818e-09
0.2794000E+01 -1.37632e-09
0.2796000E+01 -3.36314e-09
0.2798000E+01 -1.56576e-09
0.2800000E+01 -1.56301e-09
0.2802000E+01 -7.87884e-09
0.2804000E+01 -1.08619e-08
0.2806000E+01 -1.20329e-08
0.2808000E+01 -1.52919e-08
0.2810000E+01 -1.22835e-08
0.2812000E+01 -8.77428e-09
0.2814000E+01 -8.99723e-09
0.2816000E+01 -1.21879e-08
0.2818000E+01 -7.00943e-09
0.2820000E+01 -7.81644e-09
0.2822000E+01 -9.55109e-09
0.2824000E+01 -1.3982e-08
0.2826000E+01 -2.34438e-08
0.2828000E+01 -1.61071e-08
0.2830000E+01 -2.12481e-08
0.2832000E+01 -3.41539e-08
0.2834000E+01 -5.57347e-08
0.2836000E+01 -4.63706e-08
0.2838000E+01 -7.05316e-08
0.2840000E+01 -8.27104e-08
0.2842000E+01 -1.24882e-07
0.2844000E+01 -2.02611e-07
0.2846000E+01 -1.4104e-07
0.2848000E+01 4.56533e-07
0.2850000E+01 1.6082e-07
0.2852000E+01 1.05907e-07
0.2854000E+01 6.42034e-08
0.2856000E+01 8.9115e-08
0.2858000E+01 6.97462e-08
0.2860000E+01 5.70873e-08
0.2862000E+01 5.19683e-08
0.2864000E+01 6.26777e-08
0.2866000E+01 4.87219e-08
0.2868000E+01 3.75451e-08
0.2870000E+01 3.23777e-08
0.2872000E+01 3.95259e-08
0.2874000E+01 5.12382e-08
0.2876000E+01 4.03132e-08
0.2878000E+01 4.27892e-08
0.2880000E+01 4.7505e-08
0.2882000E+01 4.60808e-08
0.2884000E+01 5.17679e-08
0.2886000E+01 3.84823e-08
0.2888000E+01 3.93902e-08
0.2890000E+01 4.15837e-08
0.2892000E+01 4.88929e-08
0.2894000E+01 5.68356e-08
0.2896000E+01 6.31179e-08
0.2898000E+01 4.57858e-08
0.2900000E+01 4.35437e-08
0.2902000E+01 4.53683e-08
0.2904000E+01 3.49433e-08
0.2906000E+01 2.39432e-08
0.2908000E+01 3.89005e-08
0.2910000E+01 4.07933e-08
0.2912000E+01 5.1895e-08
0.2914000E+01 4.41767e-08
0.2916000E+01 4.24759e-08
0.2918000E+01 4.42547e-08
0.2920000E+01 4.58039e-08
0.2922000E+01 5.31264e-08
0.2924000E+01 4.48232e-08
0.2926000E+01 4.1437e-08
0.2928000E+01 4.12702e-08
0.2930000E+01 4.41962e-08
0.2932000E+01 5.09133e-08
0.2934000E+01 5.20143e-08
0.2936000E+01 4.99807e-08
0.2938000E+01 4.71363e-08
0.2940000E+01 6.65502e-08
0.2942000E+01 6.66983e-08
0.2944000E+01 2.47839e-08
0.2946000E+01 2.00786e-08
0.2948000E+01 2.89603e-08
0.2950000E+01 3.26282e-08
0.2952000E+01 3.95742e-08
0.2954000E+01 2.79547e-08
0.2956000E+01 3.5728e-08
0.2958000E+01 4.2197e-08
0.2960000E+01 3.41146e-08
0.2962000E+01 2.89269e-08
0.2964000E+01 2.77882e-08
0.2966000E+01 2.87577e-08
0.2968000E+01 2.94603e-08
0.2970000E+01 3.79613e-08
0.2972000E+01 4.10094e-08
0.2974000E+01 4.42913e-08
0.2976000E+01 3.69847e-08
0.2978000E+01 3.5027e-08
0.2980000E+01 4.0425e-08
0.2982000E+01 3.78306e-08
0.2984000E+01 2.78327e-08
0.2986000E+01 1.68533e-08
0.2988000E+01 2.46743e-08
0.2990000E+01 1.84755e-08
0.2992000E+01 1.42982e-08
0.2994000E+01 1.9963e-08
0.2996000E+01 2.32381e-08
0.2998000E+01 3.4134e-08
0.3000000E+01 2.92395e-08
0.3002000E+01 2.73431e-08
0.3004000E+01 2.58944e-08
0.3006000E+01 2.721e-08
0.3008000E+01 3.90267e-08
0.3010000E+01 3.56286e-08
0.3012000E+01 2.87053e-08
0.3014000E+01 2.47876e-08
0.3016000E+01 2.51219e-08
0.3018000E+01 2.60002e-08
0.3020000E+01 2.32299e-08
0.3022000E+01 2.1736e-08
0.3024000E+01 2.34525e-08
0.3026000E+01 3.02807e-08
0.3028000E+01 3.37976e-08
0.3030000E+01 2.15256e-08
0.3032000E+01 2.03646e-08
0.3034000E+01 2.03571e-08
0.3036000E+01 1.85112e-08
0.3038000E+01 1.91823e-08
0.3040000E+01 1.82218e-08
0.3042000E+01 1.8056e-08
0.3044000E+01 1.63571e-08
0.3046000E+01 3.9321e-08
0.3048000E+01 2.54622e-08
0.3050000E+01 2.36944e-08
0.3052000E+01 2.28192e-08
0.3054000E+01 2.26842e-08
0.3056000E+01 2.16146e-08
0.3058000E+01 2.01029e-08
0.3060000E+01 1.9675e-08
0.3062000E+01 2.11235e-08
0.3064000E+01 2.99092e-08
0.3066000E+01 2.73734e-08
0.3068000E+01 2.53542e-08
0.3070000E+01 2.76393e-08
0.3072000E+01 2.51892e-08
0.3074000E+01 2.47555e-08
0.3076000E+01 1.18048e-08
0.3078000E+01 2.70077e-09
0.3080000E+01 1.85802e-08
0.3082000E+01 3.16295e-08
0.3084000E+01 2.64952e-08
0.3086000E+01 1.9416e-08
0.3088000E+01 1.9175e-08
0.3090000E+01 1.71245e-08
0.3092000E+01 1.32686e-08
0.3094000E+01 1.81758e-08
0.3096000E+01 1.55323e-08
0.3098000E+01 3.16939e-08
0.3100000E+01 3.73131e-08
0.3102000E+01 2.90612e-08
0.3104000E+01 2.45011e-08
0.3106000E+01 2.42757e-08
0.3108000E+01 2.77272e-08
0.3110000E+01 2.49024e-08
0.3112000E+01 2.00039e-08
0.3114000E+01 2.75175e-08
0.3116000E+01 3.49481e-08
0.3118000E+01 3.22781e-08
0.3120000E+01 3.12865e-08
0.3122000E+01 2.80239e-08
0.3124000E+01 -1.53497e-09
0.3126000E+01 -1.83322e-09
0.3128000E+01 1.63048e-09
0.3130000E+01 9.27474e-09
0.3132000E+01 3.31632e-08
0.3134000E+01 2.05866e-08
0.3136000E+01 2.5518e-08
0.3138000E+01 2.85188e-08
0.3140000E+01 1.92015e-08
0.3142000E+01 1.83815e-08
0.3144000E+01 1.75493e-08
0.3146000E+01 3.31827e-08
0.3148000E+01 3.56675e-08
0.3150000E+01 2.50598e-08
0.3152000E+01 2.80184e-08
0.3154000E+01 2.90002e-08
0.3156000E+01 2.31546e-08
0.3158000E+01 1.51505e-08
0.3160000E+01 3.20414e-08
0.3162000E+01 3.66077e-08
0.3164000E+01 3.30284e-08
0.3166000E+01 4.61795e-08
0.3168000E+01 2.98157e-08
0.3170000E+01 -7.58032e-09
0.3172000E+01 -2.74508e-08
0.3174000E+01 -1.95254e-08
0.3176000E+01 2.03166e-08
0.3178000E+01 6.07239e-09
0.3180000E+01 1.64649e-09
0.3182000E+01 1.63374e-08
0.3184000E+01 1.29081e-08
0.3186000E+01 1.26688e-08
0.3188000E+01 2.17816e-08
0.3190000E+01 3.458e-08
0.3192000E+01 2.64156e-08
0.3194000E+01 2.14076e-08
0.3196000E+01 2.39851e-08
0.3198000E+01 2.08866e-08
0.3200000E+01 2.41921e-08
0.3202000E+01 4.42309e-08
0.3204000E+01 4.48734e-08
0.3206000E+01 3.30802e-08
0.3208000E+01 2.41826e-08
0.3210000E+01 2.39468e-08
0.3212000E+01 2.77143e-08
0.3214000E+01 7.07407e-08
0.3216000E+01 4.25883e-08
0.3218000E+01 3.0758e-09
0.3220000E+01 -3.25415e-08
0.3222000E+01 -7.86131e-09
0.3224000E+01 2.63332e-08
0.3226000E+01 2.55809e-08
0.3228000E+01 1.16891e-08
0.3230000E+01 7.7489e-09
0.3232000E+01 1.0991e-08
0.3234000E+01 3.70859e-08
0.3236000E+01 5.56855e-08
0.3238000E+01 3.39504e-08
0.3240000E+01 1.96988e-08
0.3242000E+01 1.69273e-08
0.3244000E+01 7.71848e-08
0.3246000E+01 2.76321e-08
0.3248000E+01 2.73517e-08
0.3250000E+01 5.13614e-08
0.3252000E+01 8.94934e-08
0.3254000E+01 5.29058e-08
0.3256000E+01 6.92233e-08
0.3258000E+01 -5.89431e-08
0.3260000E+01 5.81697e-09
0.3262000E+01 -8.10712e-08
0.3264000E+01 -1.91177e-08
0.3266000E+01 7.33372e-08
0.3268000E+01 1.17325e-08
0.3270000E+01 2.79992e-08
0.3272000E+01 9.46655e-08
0.3274000E+01 1.00309e-07
0.3276000E+01 1.8708e-07
0.3278000E+01 -6.04209e-08
0.3280000E+01 -9.29493e-08
0.3282000E+01 4.67144e-08
0.3284000E+01 8.73859e-08
0.3286000E+01 2.42834e-07
0.3288000E+01 -6.07652e-08
0.3290000E+01 1.29005e-07
0.3292000E+01 5.53308e-08
0.3294000E+01 -3.48912e-08
0.3296000E+01 -9.02811e-08
0.3298000E+01 -1.10731e-07
0.3300000E+01 -4.50183e-08
0.3302000E+01 -6.76807e-08
0.3304000E+01 -9.42625e-08
0.3306000E+01 -6.01279e-08
0.3308000E+01 -2.63014e-08
0.3310000E+01 -1.3743e-08
0.3312000E+01 -2.86965e-08
0.3314000E+01 -2.1687e-08
0.3316000E+01 -2.61659e-08
0.3318000E+01 -3.09485e-08
0.3320000E+01 -2.72448e-08
0.3322000E+01 -1.57974e-08
0.3324000E+01 -1.60828e-08
0.3326000E+01 -1.40842e-08
0.3328000E+01 -1.59312e-08
0.3330000E+01 -9.15639e-09
0.3332000E+01 -9.25662e-09
0.3334000E+01 -1.13044e-08
0.3336000E+01 -1.03744e-08
0.3338000E+01 -8.46545e-09
0.3340000E+01 -1.03459e-08
0.3342000E+01 -1.20449e-08
0.3344000E+01 -9.3744e-09
0.3346000E+01 -4.07021e-09
0.3348000E+01 -5.00431e-10
0.3350000E+01 6.67832e-10
0.3352000E+01 4.59328e-10
0.3354000E+01 -3.73588e-09
0.3356000E+01 -9.02111e-09
0.3358000E+01 -7.74601e-09
0.3360000E+01 -1.19512e-09
0.3362000E+01 -1.76039e-10
0.3364000E+01 -4.79814e-09
0.3366000E+01 -2.73881e-09
0.3368000E+01 -1.21663e-09
0.3370000E+01 -1.0115e-09
0.3372000E+01 -3.97279e-10
0.3374000E+01 2.00572e-10
0.3376000E+01 1.48523e-09
0.3378000E+01 2.56906e-09
0.3380000E+01 3.80457e-09
0.3382000E+01 3.28754e-09
0.3384000E+01 -1.01089e-09
0.3386000E+01 2.26602e-09
0.3388000E+01 5.17808e-09
0.3390000E+01 3.75574e-09
0.3392000E+01 4.37694e-10
0.3394000E+01 4.7931e-09
0.3396000E+01 4.7043e-09
0.3398000E+01 3.64732e-09
0.3400000E+01 3.48231e-09
0.3402000E+01 -1.816e-09
0.3404000E+01 3.35524e-09
0.3406000E+01 4.59603e-09
0.3408000E+01 6.71037e-09
0.3410000E+01 7.34707e-09
0.3412000E+01 7.94452e-09
0.3414000E+01 8.33591e-09
0.3416000E+01 9.14785e-09
0.3418000E+01 8.51198e-09
0.3420000E+01 3.90034e-09
0.3422000E+01 6.93303e-09
0.3424000E+01 8.44257e-09
0.3426000E+01 1.0174e-08
0.3428000E+01 9.98109e-09
0.3430000E+01 1.02766e-08
0.3432000E+01 1.13924e-08
0.3434000E+01 1.23347e-08
0.3436000E+01 8.24507e-09
0.3438000E+01 7.29559e-09
0.3440000E+01 1.05727e-08
0.3442000E+01 8.48177e-09
0.3444000E+01 7.72819e-09
0.3446000E+01 1.07178e-08
0.3448000E+01 1.10737e-08
0.3450000E+01 1.14659e-08
0.3452000E+01 3.30461e-09
0.3454000E+01 7.96521e-09
0.3456000E+01 1.02348e-08
0.3458000E+01 1.24991e-08
0.3460000E+01 1.30811e-08
0.3462000E+01 1.3489e-08
0.3464000E+01 1.33132e-08
0.3466000E+01 2.84574e-09
0.3468000E+01 7.391e-09
0.3470000E+01 1.05268e-08
0.3472000E+01 1.25633e-08
0.3474000E+01 1.20455e-08
0.3476000E+01 1.39046e-08
0.3478000E+01 1.02413e-08
0.3480000E+01 2.90885e-09
0.3482000E+01 1.01484e-08
0.3484000E+01 1.11997e-08
0.3486000E+01 1.46124e-08
0.3488000E+01 1.2485e-08
0.3490000E+01 6.41804e-09
0.3492000E+01 -1.55713e-10
0.3494000E+01 1.25177e-08
0.3496000E+01 1.19486e-08
0.3498000E+01 8.61375e-09
0.3500000E+01 1.53162e-08
0.3502000E+01 2.53576e-09
0.3504000E+01 4.38081e-09
0.3506000E+01 1.00654e-08
0.3508000E+01 1.7017e-08
0.3510000E+01 6.59621e-09
0.3512000E+01 -4.73389e-09
0.3514000E+01 1.74603e-08
0.3516000E+01 1.35979e-08
0.3518000E+01 7.08655e-09
0.3520000E+01 1.3599e-08
0.3522000E+01 1.94425e-08
0.3524000E+01 1.92519e-08
0.3526000E+01 2.17837e-08
0.3528000E+01 2.57012e-08
0.3530000E+01 2.46668e-08
0.3532000E+01 2.91756e-08
0.3534000E+01 3.01511e-08
0.3536000E+01 2.77177e-08
0.3538000E+01 3.23641e-08
0.3540000E+01 3.92839e-08
0.3542000E+01 3.54163e-08
0.3544000E+01 3.66446e-08
0.3546000E+01 4.76561e-08
0.3548000E+01 3.60033e-08
0.3550000E+01 3.76733e-08
0.3552000E+01 4.1539e-08
0.3554000E+01 4.98728e-08
0.3556000E+01 3.7019e-08
0.3558000E+01 3.74831e-08
0.3560000E+01 4.55992e-08
0.3562000E+01 4.71215e-08
0.3564000E+01 5.43768e-08
0.3566000E+01 4.37089e-08
0.3568000E+01 4.19632e-08
0.3570000E+01 4.38434e-08
0.3572000E+01 4.74038e-08
0.3574000E+01 6.85351e-08
0.3576000E+01 5.47765e-08
0.3578000E+01 5.27033e-08
0.3580000E+01 5.90696e-08
0.3582000E+01 5.63152e-08
0.3584000E+01 5.97104e-08
0.3586000E+01 7.92176e-08
0.3588000E+01 8.18884e-08
0.3590000E+01 1.00879e-07
0.3592000E+01 8.52646e-08
0.3594000E+01 1.39825e-07
0.3596000E+01 1.51172e-07
0.3598000E+01 4.41559e-07
0.3600000E+01 -5.56801e-07
0.3602000E+01 -1.07627e-07
0.3604000E+01 -4.95828e-08
0.3606000E+01 -3.61895e-08
0.3608000E+01 -1.48836e-08
0.3610000E+01 -3.55197e-10
0.3612000E+01 -5.67638e-09
0.3614000E+01 2.51126e-09
0.3616000E+01 1.43702e-08
0.3618000E+01 1.38088e-08
0.3620000E+01 9.82249e-09
0.3622000E+01 2.37859e-08
0.3624000E+01 1.88544e-08
0.3626000E+01 1.34497e-08
0.3628000E+01 1.07491e-08
0.3630000E+01 5.66436e-09
0.3632000E+01 1.80843e-08
0.3634000E+01 2.10402e-08
0.3636000E+01 1.70957e-08
0.3638000E+01 1.42373e-08
0.3640000E+01 2.32599e-08
0.3642000E+01 2.93696e-08
0.3644000E+01 3.98061e-08
0.3646000E+01 2.43404e-08
0.3648000E+01 1.8571e-08
0.3650000E+01 1.98635e-08
0.3652000E+01 2.03146e-08
0.3654000E+01 1.99239e-08
0.3656000E+01 1.70077e-08
0.3658000E+01 2.01099e-08
0.3660000E+01 2.31304e-08
0.3662000E+01 2.38936e-08
0.3664000E+01 2.2721e-08
0.3666000E+01 2.30464e-08
0.3668000E+01 2.34831e-08
0.3670000E+01 4.00776e-08
0.3672000E+01 2.53414e-08
0.3674000E+01 2.35705e-08
0.3676000E+01 2.31292e-08
0.3678000E+01 2.2726e-08
0.3680000E+01 2.3666e-08
0.3682000E+01 2.50766e-08
0.3684000E+01 2.50347e-08
0.3686000E+01 2.41531e-08
0.3688000E+01 2.31722e-08
0.3690000E+01 2.3899e-08
0.3692000E+01 2.26732e-08
0.3694000E+01 2.56218e-08
0.3696000E+01 2.60516e-08
0.3698000E+01 2.81273e-08
0.3700000E+01 3.12285e-08
0.3702000E+01 3.0097e-08
0.3704000E+01 2.61347e-08
0.3706000E+01 2.93578e-08
0.3708000E+01 2.96224e-08
0.3710000E+01 2.74702e-08
0.3712000E+01 2.62776e-08
0.3714000E+01 2.53693e-08
0.3716000E+01 2.53472e-08
0.3718000E+01 2.53799e-08
0.3720000E+01 2.53347e-08
0.3722000E+01 2.57939e-08
0.3724000E+01 2.61261e-08
0.3726000E+01 2.67335e-08
0.3728000E+01 2.66509e-08
0.3730000E+01 2.44744e-08
0.3732000E+01 2.87526e-08
0.3734000E+01 3.09839e-08
0.3736000E+01 2.94544e-08
0.3738000E+01 3.19609e-08
0.3740000E+01 2.90951e-08
0.3742000E+01 2.82248e-08
0.3744000E+01 2.72815e-08
0.3746000E+01 2.72891e-08
0.3748000E+01 2.62646e-08
0.3750000E+01 2.6369e-08
0.3752000E+01 2.62048e-08
0.3754000E+01 2.51199e-08
0.3756000E+01 2.96761e-08
0.3758000E+01 2.68365e-08
0.3760000E+01 2.67559e-08
0.3762000E+01 2.6965e-08
0.3764000E+01 2.69955e-08
0.3766000E+01 2.69432e-08
0.3768000E+01 3.33305e-08
0.3770000E+01 2.94055e-08
0.3772000E+01 2.9728e-08
0.3774000E+01 2.85093e-08
0.3776000E+01 2.7696e-08
0.3778000E+01 2.96005e-08
0.3780000E+01 2.95801e-08
0.3782000E+01 2.77716e-08
0.3784000E+01 2.70225e-08
0.3786000E+01 2.7521e-08
0.3788000E+01 2.71096e-08
0.3790000E+01 2.488e-08
0.3792000E+01 2.34854e-08
0.3794000E+01 2.52526e-08
0.3796000E+01 2.87829e-08
0.3798000E+01 2.55497e-08
0.3800000E+01 2.7848e-08
0.3802000E+01 2.62955e-08
0.3804000E+01 2.62241e-08
0.3806000E+01 2.68217e-08
0.3808000E+01 2.67877e-08
0.3810000E+01 2.58261e-08
0.3812000E+01 2.62582e-08
0.3814000E+01 2.54532e-08
0.3816000E+01 2.44346e-08
0.3818000E+01 2.48999e-08
0.3820000E+01 3.43551e-08
0.3822000E+01 3.08443e-08
0.3824000E+01 2.68457e-08
0.3826000E+01 2.62621e-08
0.3828000E+01 2.49903e-08
0.3830000E+01 2.40385e-08
0.3832000E+01 2.37394e-08
0.3834000E+01 2.32635e-08
0.3836000E+01 2.32522e-08
0.3838000E+01 2.25946e-08
0.3840000E+01 2.27149e-08
0.3842000E+01 2.94834e-08
0.3844000E+01 2.66615e-08
0.3846000E+01 2.46251e-08
0.3848000E+01 2.0622e-08
0.3850000E+01 2.37534e-08
0.3852000E+01 2.15674e-08
0.3854000E+01 1.98692e-08
0.3856000E+01 2.00008e-08
0.3858000E+01 2.16903e-08
0.3860000E+01 1.96062e-08
0.3862000E+01 2.12728e-08
0.3864000E+01 2.63871e-08
0.3866000E+01 1.95059e-08
0.3868000E+01 2.18313e-08
0.3870000E+01 2.20322e-08
0.3872000E+01 1.98093e-08
0.3874000E+01 1.81068e-08
0.3876000E+01 1.90276e-08
0.3878000E+01 1.62157e-08
0.3880000E+01 1.60719e-08
0.3882000E+01 2.20107e-08
0.3884000E+01 1.87614e-08
0.3886000E+01 1.61304e-08
0.3888000E+01 1.64966e-08
0.3890000E+01 1.53174e-08
0.3892000E+01 1.43349e-08
0.3894000E+01 1.36649e-08
0.3896000E+01 1.26665e-08
0.3898000E+01 2.08003e-08
0.3900000E+01 1.43805e-08
0.3902000E+01 1.28023e-08
0.3904000E+01 1.1366e-08
0.3906000E+01 9.8028e-09
0.3908000E+01 8.79118e-09
0.3910000E+01 7.22231e-09
0.3912000E+01 7.9086e-09
0.3914000E+01 1.41168e-08
0.3916000E+01 5.78051e-09
0.3918000E+01 3.94699e-09
0.3920000E+01 7.9004e-09
0.3922000E+01 6.4276e-09
0.3924000E+01 3.05494e-09
0.3926000E+01 2.39372e-09
0.3928000E+01 1.38295e-08
0.3930000E+01 7.39376e-09
0.3932000E+01 5.92125e-09
0.3934000E+01 3.65393e-09
0.3936000E+01 5.73662e-09
0.3938000E+01 4.84942e-09
0.3940000E+01 1.87308e-08
0.3942000E+01 5.49453e-09
0.3944000E+01 7.44467e-09
0.3946000E+01 6.76988e-09
0.3948000E+01 5.24323e-09
0.3950000E+01 3.39142e-09
0.3952000E+01 9.08919e-09
0.3954000E+01 4.30748e-09
0.3956000E+01 2.3375e-09
0.3958000E+01 2.12809e-09
0.3960000E+01 2.29977e-09
0.3962000E+01 9.05315e-09
0.3964000E+01 5.88612e-09
0.3966000E+01 7.09159e-09
0.3968000E+01 5.65875e-09
0.3970000E+01 1.13779e-08
0.3972000E+01 8.69615e-09
0.3974000E+01 6.91706e-09
0.3976000E+01 7.69938e-09
0.3978000E+01 -1.29303e-08
0.3980000E+01 -1.68743e-09
0.3982000E+01 -5.05404e-09
0.3984000E+01 2.98855e-09
0.3986000E+01 2.15279e-08
0.3988000E+01 8.13452e-09
0.3990000E+01 8.64025e-09
0.3992000E+01 -4.37973e-09
0.3994000E+01 6.64995e-10
0.3996000E+01 1.50146e-09
0.3998000E+01 9.30876e-09
0.4000000E+01 5.61211e-09
