0.0000000E+00 0
0.2000000E-02 0
0.4000000E-02 0
0.6000000E-02 0
0.8000000E-02 0
0.1000000E-01 0
0.1200000E-01 0
0.1400000E-01 0
0.1600000E-01 0
0.1800000E-01 0
0.2000000E-01 0
0.2200000E-01 0
0.2400000E-01 0
0.2600000E-01 0
0.2800000E-01 0
0.3000000E-01 0
0.3200000E-01 0
0.3400000E-01 0
0.3600000E-01 0
0.3800000E-01 0
0.4000000E-01 0
0.4200000E-01 0
0.4400000E-01 0
0.4600000E-01 0
0.4800000E-01 0
0.5000000E-01 0
0.5200000E-01 0
0.5400000E-01 0
0.5600000E-01 0
0.5800000E-01 0
0.6000000E-01 0
0.6200000E-01 0
0.6400000E-01 0
0.6600000E-01 0
0.6800000E-01 0
0.7000000E-01 0
0.7200000E-01 0
0.7400000E-01 0
0.7600000E-01 0
0.7800000E-01 0
0.8000000E-01 0
0.8200000E-01 0
0.8400000E-01 0
0.8600000E-01 6.22908e-05
0.8800000E-01 5.61649e-05
0.9000000E-01 2.1135e-05
0.9200000E-01 5.2601e-06
0.9400000E-01 2.56312e-06
0.9600000E-01 6.03897e-07
0.9800000E-01 -1.20173e-06
0.1000000E+00 -2.14287e-06
0.1020000E+00 -1.88901e-06
0.1040000E+00 -9.3448e-07
0.1060000E+00 1.02708e-08
0.1080000E+00 -1.54431e-08
0.1100000E+00 -2.98954e-06
0.1120000E+00 -2.28216e-06
0.1140000E+00 -1.44581e-06
0.1160000E+00 -5.33451e-07
0.1180000E+00 5.92922e-07
0.1200000E+00 3.89713e-06
0.1220000E+00 4.78472e-07
0.1240000E+00 -3.25735e-06
0.1260000E+00 -3.23395e-06
0.1280000E+00 -2.15491e-06
0.1300000E+00 -2.02358e-06
0.1320000E+00 -2.05961e-06
0.1340000E+00 -1.59512e-06
0.1360000E+00 -4.41153e-07
0.1380000E+00 -2.49191e-07
0.1400000E+00 -2.31974e-07
0.1420000E+00 -2.32968e-07
0.1440000E+00 -5.30828e-07
0.1460000E+00 -6.55764e-07
0.1480000E+00 -5.1529e-07
0.1500000E+00 -3.716e-07
0.1520000E+00 -3.99668e-07
0.1540000E+00 -4.70228e-07
0.1560000E+00 -5.52617e-07
0.1580000E+00 -6.43673e-07
0.1600000E+00 -7.40668e-07
0.1620000E+00 -8.49311e-07
0.1640000E+00 -1.04488e-06
0.1660000E+00 -9.82933e-07
0.1680000E+00 -2.56478e-08
0.1700000E+00 8.02088e-08
0.1720000E+00 1.80454e-07
0.1740000E+00 2.75204e-07
0.1760000E+00 -1.07446e-06
0.1780000E+00 -7.60505e-07
0.1800000E+00 -7.16882e-07
0.1820000E+00 -7.13118e-07
0.1840000E+00 -7.00327e-07
0.1860000E+00 -6.86907e-07
0.1880000E+00 -6.62732e-07
0.1900000E+00 -6.62549e-07
0.1920000E+00 -5.64698e-07
0.1940000E+00 -3.37245e-08
0.1960000E+00 -7.84403e-08
0.1980000E+00 -1.26049e-07
0.2000000E+00 -1.77352e-07
0.2020000E+00 -2.32428e-07
0.2040000E+00 -2.91354e-07
0.2060000E+00 -3.54213e-07
0.2080000E+00 -4.19403e-07
0.2100000E+00 -5.29258e-07
0.2120000E+00 -6.03795e-07
0.2140000E+00 -5.48627e-07
0.2160000E+00 -5.06078e-07
0.2180000E+00 -5.07311e-07
0.2200000E+00 -5.13621e-07
0.2220000E+00 -4.473e-07
0.2240000E+00 -5.08178e-08
0.2260000E+00 1.81497e-08
0.2280000E+00 6.76102e-08
0.2300000E+00 -8.0568e-08
0.2320000E+00 -5.03142e-07
0.2340000E+00 -4.79979e-07
0.2360000E+00 -4.69479e-07
0.2380000E+00 -4.42879e-07
0.2400000E+00 -4.1703e-07
0.2420000E+00 -4.21748e-07
0.2440000E+00 -4.26095e-07
0.2460000E+00 -4.52466e-07
0.2480000E+00 -4.83782e-07
0.2500000E+00 -3.7023e-07
0.2520000E+00 -8.30186e-08
0.2540000E+00 -1.17376e-07
0.2560000E+00 -1.57218e-07
0.2580000E+00 -2.03704e-07
0.2600000E+00 -2.53268e-07
0.2620000E+00 -3.08556e-07
0.2640000E+00 -3.60094e-07
0.2660000E+00 -3.38224e-07
0.2680000E+00 -3.35829e-07
0.2700000E+00 -2.76005e-07
0.2720000E+00 -2.6761e-07
0.2740000E+00 -2.69659e-07
0.2760000E+00 -2.71043e-07
0.2780000E+00 -2.69345e-07
0.2800000E+00 2.95773e-08
0.2820000E+00 -4.75334e-08
0.2840000E+00 -2.9775e-07
0.2860000E+00 -2.39967e-07
0.2880000E+00 -2.67013e-07
0.2900000E+00 -3.12359e-07
0.2920000E+00 -3.21471e-07
0.2940000E+00 -3.28232e-07
0.2960000E+00 -3.35041e-07
0.2980000E+00 -3.42774e-07
0.3000000E+00 -3.50465e-07
0.3020000E+00 -3.53596e-07
0.3040000E+00 -3.61419e-07
0.3060000E+00 -9.66854e-08
0.3080000E+00 -1.21054e-07
0.3100000E+00 -1.46748e-07
0.3120000E+00 -1.73691e-07
0.3140000E+00 -1.76336e-07
0.3160000E+00 -8.93163e-08
0.3180000E+00 -6.99104e-08
0.3200000E+00 -1.30369e-07
0.3220000E+00 -1.91783e-07
0.3240000E+00 -1.96364e-07
0.3260000E+00 -1.99405e-07
0.3280000E+00 -2.02618e-07
0.3300000E+00 -2.69617e-07
0.3320000E+00 -5.85067e-07
0.3340000E+00 -1.59882e-07
0.3360000E+00 7.77244e-08
0.3380000E+00 -1.59159e-07
0.3400000E+00 -2.38026e-07
0.3420000E+00 -2.36868e-07
0.3440000E+00 -2.35323e-07
0.3460000E+00 -2.32321e-07
0.3480000E+00 -2.36444e-07
0.3500000E+00 -2.56462e-07
0.3520000E+00 -2.63173e-07
0.3540000E+00 -2.7003e-07
0.3560000E+00 -1.41447e-07
0.3580000E+00 -1.07142e-07
0.3600000E+00 5.97437e-08
0.3620000E+00 -5.98243e-08
0.3640000E+00 -1.04045e-07
0.3660000E+00 -1.16421e-07
0.3680000E+00 -9.0881e-08
0.3700000E+00 -1.04842e-07
0.3720000E+00 -1.16963e-07
0.3740000E+00 -1.69946e-07
0.3760000E+00 -5.11633e-07
0.3780000E+00 -3.00273e-07
0.3800000E+00 -3.0953e-07
0.3820000E+00 -3.1518e-07
0.3840000E+00 5.47307e-07
0.3860000E+00 -1.93289e-07
0.3880000E+00 -1.83396e-07
0.3900000E+00 -1.84938e-07
0.3920000E+00 -1.85793e-07
0.3940000E+00 -1.889e-07
0.3960000E+00 -1.96249e-07
0.3980000E+00 -1.99027e-07
0.4000000E+00 -2.01352e-07
0.4020000E+00 -1.38896e-07
0.4040000E+00 1.34608e-08
0.4060000E+00 1.27087e-08
0.4080000E+00 1.06932e-08
0.4100000E+00 8.46314e-09
0.4120000E+00 -7.70662e-09
0.4140000E+00 -2.57885e-07
0.4160000E+00 -2.6374e-07
0.4180000E+00 -2.69439e-07
0.4200000E+00 -2.45381e-07
0.4220000E+00 -2.54981e-07
0.4240000E+00 -2.33127e-07
0.4260000E+00 -7.15642e-08
0.4280000E+00 -2.43424e-08
0.4300000E+00 -5.62119e-08
0.4320000E+00 -9.3144e-08
0.4340000E+00 -1.43367e-07
0.4360000E+00 -1.41882e-07
0.4380000E+00 -1.40416e-07
0.4400000E+00 -1.3676e-07
0.4420000E+00 -1.36428e-07
0.4440000E+00 -1.42727e-07
0.4460000E+00 -8.80222e-08
0.4480000E+00 1.86571e-07
0.4500000E+00 -1.74759e-07
0.4520000E+00 -1.80484e-07
0.4540000E+00 -2.02299e-07
0.4560000E+00 -1.8033e-07
0.4580000E+00 -1.70997e-07
0.4600000E+00 -1.72253e-07
0.4620000E+00 -1.73206e-07
0.4640000E+00 -1.67463e-07
0.4660000E+00 -5.90278e-08
0.4680000E+00 -6.72109e-08
0.4700000E+00 -4.50065e-08
0.4720000E+00 -6.55102e-08
0.4740000E+00 -7.37945e-08
0.4760000E+00 -7.78912e-08
0.4780000E+00 -8.58118e-08
0.4800000E+00 -1.68119e-07
0.4820000E+00 -3.51637e-07
0.4840000E+00 -3.24814e-07
0.4860000E+00 2.47633e-07
0.4880000E+00 -1.25093e-07
0.4900000E+00 -7.48328e-08
0.4920000E+00 -8.00574e-08
0.4940000E+00 -9.09584e-08
0.4960000E+00 -1.10039e-07
0.4980000E+00 -1.00195e-07
0.5000000E+00 -4.25884e-08
0.5020000E+00 -6.61171e-09
0.5040000E+00 -2.0076e-09
0.5060000E+00 5.73655e-09
0.5080000E+00 -1.11607e-07
0.5100000E+00 -3.4032e-07
0.5120000E+00 -2.21827e-07
0.5140000E+00 -2.19962e-07
0.5160000E+00 -6.56612e-08
0.5180000E+00 -6.04293e-08
0.5200000E+00 -7.32427e-08
0.5220000E+00 -7.85982e-08
0.5240000E+00 -9.65752e-08
0.5260000E+00 -9.7926e-08
0.5280000E+00 -9.20092e-08
0.5300000E+00 -8.38832e-08
0.5320000E+00 9.71992e-08
0.5340000E+00 -1.0311e-07
0.5360000E+00 -1.48726e-07
0.5380000E+00 -1.54193e-07
0.5400000E+00 -1.48234e-07
0.5420000E+00 -1.19679e-07
0.5440000E+00 -1.95841e-08
0.5460000E+00 -2.31603e-08
0.5480000E+00 -2.59876e-08
0.5500000E+00 -2.3677e-08
0.5520000E+00 -2.31573e-08
0.5540000E+00 -3.73167e-07
0.5560000E+00 -1.59967e-07
0.5580000E+00 -7.76001e-08
0.5600000E+00 -8.00463e-08
0.5620000E+00 -1.19327e-07
0.5640000E+00 -1.10648e-07
0.5660000E+00 -1.00892e-07
0.5680000E+00 3.87812e-08
0.5700000E+00 1.83982e-07
0.5720000E+00 -3.14522e-07
0.5740000E+00 -1.98847e-07
0.5760000E+00 -1.422e-08
0.5780000E+00 -5.32069e-09
0.5800000E+00 -3.48072e-08
0.5820000E+00 -4.15456e-08
0.5840000E+00 -4.9879e-08
0.5860000E+00 -2.15888e-07
0.5880000E+00 -4.7239e-08
0.5900000E+00 -1.30989e-07
0.5920000E+00 -1.06198e-07
0.5940000E+00 -1.04101e-08
0.5960000E+00 7.58125e-08
0.5980000E+00 -6.10952e-07
0.6000000E+00 -9.92221e-08
0.6020000E+00 -1.34675e-07
0.6040000E+00 -1.65921e-07
0.6060000E+00 -1.48938e-07
0.6080000E+00 -1.68353e-07
0.6100000E+00 -1.76425e-07
0.6120000E+00 -7.72518e-08
0.6140000E+00 -7.37477e-08
0.6160000E+00 -3.50059e-07
0.6180000E+00 -5.31449e-07
0.6200000E+00 5.56127e-07
0.6220000E+00 -2.48856e-07
0.6240000E+00 -1.11032e-06
0.6260000E+00 -4.22161e-07
0.6280000E+00 -1.87028e-06
0.6300000E+00 1.47416e-07
0.6320000E+00 2.97801e-06
0.6340000E+00 -1.07981e-06
0.6360000E+00 8.58593e-07
0.6380000E+00 -3.53046e-07
0.6400000E+00 -7.61166e-08
0.6420000E+00 -5.1574e-07
0.6440000E+00 6.93167e-08
0.6460000E+00 -2.81185e-07
0.6480000E+00 -1.43898e-07
0.6500000E+00 -2.23915e-07
0.6520000E+00 -2.44988e-07
0.6540000E+00 2.89745e-07
0.6560000E+00 -1.6299e-07
0.6580000E+00 2.27614e-07
0.6600000E+00 5.49675e-08
0.6620000E+00 -1.00223e-07
0.6640000E+00 -1.22728e-07
0.6660000E+00 -6.98091e-09
0.6680000E+00 1.88906e-07
0.6700000E+00 -1.43608e-07
0.6720000E+00 1.37012e-07
0.6740000E+00 1.28199e-08
0.6760000E+00 1.15738e-08
0.6780000E+00 -3.30395e-08
0.6800000E+00 -7.70109e-08
0.6820000E+00 -8.32108e-08
0.6840000E+00 5.39489e-08
0.6860000E+00 2.02152e-08
0.6880000E+00 1.63263e-08
0.6900000E+00 -3.01597e-08
0.6920000E+00 -4.83194e-08
0.6940000E+00 -3.36475e-08
0.6960000E+00 -1.10529e-08
0.6980000E+00 7.19123e-08
0.7000000E+00 -4.74498e-09
0.7020000E+00 -1.74415e-08
0.7040000E+00 -1.28496e-08
0.7060000E+00 5.41444e-08
0.7080000E+00 2.82916e-08
0.7100000E+00 1.27711e-08
0.7120000E+00 -2.81843e-08
0.7140000E+00 -1.87744e-08
0.7160000E+00 -1.56386e-08
0.7180000E+00 -3.95179e-08
0.7200000E+00 -3.3306e-08
0.7220000E+00 -3.39857e-08
0.7240000E+00 -3.41047e-08
0.7260000E+00 -3.05266e-08
0.7280000E+00 -3.06861e-08
0.7300000E+00 1.22692e-08
0.7320000E+00 6.81609e-10
0.7340000E+00 -1.20981e-09
0.7360000E+00 1.81015e-08
0.7380000E+00 -6.90776e-08
0.7400000E+00 1.61995e-09
0.7420000E+00 -8.64806e-09
0.7440000E+00 -1.17273e-08
0.7460000E+00 -1.63153e-08
0.7480000E+00 -1.89608e-08
0.7500000E+00 -2.08043e-08
0.7520000E+00 -1.85671e-08
0.7540000E+00 -2.2677e-08
0.7560000E+00 -2.00941e-08
0.7580000E+00 -2.84132e-09
0.7600000E+00 2.90965e-09
0.7620000E+00 -6.03254e-09
0.7640000E+00 -1.02313e-08
0.7660000E+00 -9.99079e-09
0.7680000E+00 -7.48204e-08
0.7700000E+00 -4.20888e-08
0.7720000E+00 -3.91303e-08
0.7740000E+00 -3.94431e-08
0.7760000E+00 -8.09495e-09
0.7780000E+00 1.81723e-08
0.7800000E+00 -5.56185e-09
0.7820000E+00 -1.31866e-08
0.7840000E+00 -1.34114e-08
0.7860000E+00 -1.34161e-08
0.7880000E+00 -1.66899e-08
0.7900000E+00 -3.18288e-09
0.7920000E+00 5.03465e-09
0.7940000E+00 -2.33649e-09
0.7960000E+00 -7.04764e-09
0.7980000E+00 -1.08256e-08
0.8000000E+00 -1.32835e-08
0.8020000E+00 -5.97698e-08
0.8040000E+00 -5.83387e-08
0.8060000E+00 -3.76552e-08
0.8080000E+00 -3.83005e-08
0.8100000E+00 -4.01345e-08
0.8120000E+00 -3.91112e-08
0.8140000E+00 -1.64934e-08
0.8160000E+00 2.14023e-08
0.8180000E+00 5.06805e-09
0.8200000E+00 -9.76373e-09
0.8220000E+00 -9.95535e-09
0.8240000E+00 -1.08764e-08
0.8260000E+00 3.71207e-09
0.8280000E+00 -1.36578e-08
0.8300000E+00 -1.83408e-08
0.8320000E+00 -2.18331e-08
0.8340000E+00 -1.9253e-08
0.8360000E+00 -1.63876e-08
0.8380000E+00 -9.77969e-09
0.8400000E+00 -6.40997e-08
0.8420000E+00 -4.21189e-08
0.8440000E+00 -3.4096e-08
0.8460000E+00 -3.56703e-08
0.8480000E+00 -3.30397e-08
0.8500000E+00 -3.37714e-08
0.8520000E+00 -2.53826e-08
0.8540000E+00 1.43352e-09
0.8560000E+00 8.67774e-09
0.8580000E+00 6.01009e-09
0.8600000E+00 -7.19356e-09
0.8620000E+00 -1.17102e-08
0.8640000E+00 -2.5505e-09
0.8660000E+00 -1.19606e-08
0.8680000E+00 -1.34822e-08
0.8700000E+00 -1.46159e-08
0.8720000E+00 -1.52581e-08
0.8740000E+00 -1.70007e-08
0.8760000E+00 -1.88094e-08
0.8780000E+00 -1.99041e-08
0.8800000E+00 -2.25672e-08
0.8820000E+00 -4.71059e-08
0.8840000E+00 -4.57364e-08
0.8860000E+00 -4.1292e-08
0.8880000E+00 -3.96143e-08
0.8900000E+00 -3.03361e-08
0.8920000E+00 1.32692e-09
0.8940000E+00 1.27083e-08
0.8960000E+00 -2.35294e-08
0.8980000E+00 -1.5726e-08
0.9000000E+00 -1.00149e-08
0.9020000E+00 -8.23791e-09
0.9040000E+00 -7.46636e-09
0.9060000E+00 -1.17805e-08
0.9080000E+00 -1.67097e-08
0.9100000E+00 -1.91959e-08
0.9120000E+00 -2.04353e-08
0.9140000E+00 -2.21481e-08
0.9160000E+00 -2.31969e-08
0.9180000E+00 5.0864e-10
0.9200000E+00 -1.90922e-08
0.9220000E+00 -1.98311e-08
0.9240000E+00 -2.09325e-08
0.9260000E+00 -3.68006e-08
0.9280000E+00 -2.19992e-08
0.9300000E+00 9.32388e-09
0.9320000E+00 8.09362e-09
0.9340000E+00 -3.63766e-09
0.9360000E+00 -1.12013e-08
0.9380000E+00 -1.84114e-08
0.9400000E+00 -2.06491e-08
0.9420000E+00 -2.17292e-08
0.9440000E+00 -2.30314e-08
0.9460000E+00 -2.24493e-08
0.9480000E+00 -1.40084e-08
0.9500000E+00 -1.53291e-08
0.9520000E+00 -1.76124e-08
0.9540000E+00 -2.34367e-08
0.9560000E+00 -2.15471e-08
0.9580000E+00 -1.75412e-08
0.9600000E+00 -2.311e-08
0.9620000E+00 -2.45297e-08
0.9640000E+00 -1.90407e-08
0.9660000E+00 1.56065e-08
0.9680000E+00 2.86735e-08
0.9700000E+00 8.91292e-09
0.9720000E+00 -2.25721e-08
0.9740000E+00 -1.26805e-08
0.9760000E+00 -1.30801e-08
0.9780000E+00 -1.38864e-08
0.9800000E+00 1.32903e-09
0.9820000E+00 -1.05616e-08
0.9840000E+00 -1.17609e-08
0.9860000E+00 -1.45928e-08
0.9880000E+00 -1.71082e-08
0.9900000E+00 -1.74126e-08
0.9920000E+00 -1.99418e-08
0.9940000E+00 -2.20344e-08
0.9960000E+00 -2.36349e-08
0.9980000E+00 -2.44971e-08
0.1000000E+01 -2.59821e-08
0.1002000E+01 6.39326e-09
0.1004000E+01 3.22715e-08
0.1006000E+01 9.43997e-09
0.1008000E+01 2.13778e-10
0.1010000E+01 4.33099e-09
0.1012000E+01 9.34934e-09
0.1014000E+01 6.97666e-09
0.1016000E+01 5.9797e-09
0.1018000E+01 -3.5089e-09
0.1020000E+01 -1.99207e-08
0.1022000E+01 -1.61651e-08
0.1024000E+01 -1.51513e-08
0.1026000E+01 -1.44433e-08
0.1028000E+01 -1.57609e-08
0.1030000E+01 -1.68162e-08
0.1032000E+01 -1.73505e-08
0.1034000E+01 -1.78023e-08
0.1036000E+01 -1.12071e-08
0.1038000E+01 1.54398e-08
0.1040000E+01 3.69793e-08
0.1042000E+01 2.82754e-08
0.1044000E+01 1.93786e-08
0.1046000E+01 1.25712e-08
0.1048000E+01 4.01311e-09
0.1050000E+01 2.81093e-09
0.1052000E+01 8.59516e-10
0.1054000E+01 -5.37194e-10
0.1056000E+01 -1.78147e-09
0.1058000E+01 -3.51005e-09
0.1060000E+01 -7.20158e-09
0.1062000E+01 -1.07165e-08
0.1064000E+01 -1.28782e-08
0.1066000E+01 -1.45518e-08
0.1068000E+01 -1.60295e-08
0.1070000E+01 -1.67956e-08
0.1072000E+01 7.90686e-09
0.1074000E+01 4.91151e-08
0.1076000E+01 5.53186e-08
0.1078000E+01 2.28228e-08
0.1080000E+01 2.78307e-08
0.1082000E+01 2.06634e-08
0.1084000E+01 1.99028e-08
0.1086000E+01 1.216e-08
0.1088000E+01 4.42674e-09
0.1090000E+01 1.29913e-09
0.1092000E+01 -1.0965e-09
0.1094000E+01 -2.05352e-09
0.1096000E+01 -2.71873e-09
0.1098000E+01 -3.89443e-09
0.1100000E+01 -4.9506e-09
0.1102000E+01 -6.02236e-09
0.1104000E+01 -7.35389e-09
0.1106000E+01 4.67863e-09
0.1108000E+01 3.09863e-08
0.1110000E+01 4.67955e-08
0.1112000E+01 3.75806e-08
0.1114000E+01 3.05949e-08
0.1116000E+01 2.01225e-08
0.1118000E+01 1.39584e-08
0.1120000E+01 1.08394e-08
0.1122000E+01 5.40037e-09
0.1124000E+01 6.28886e-09
0.1126000E+01 1.64588e-08
0.1128000E+01 2.08072e-08
0.1130000E+01 1.27022e-08
0.1132000E+01 7.12015e-09
0.1134000E+01 3.40207e-09
0.1136000E+01 1.70272e-09
0.1138000E+01 2.17516e-10
0.1140000E+01 -1.60571e-09
0.1142000E+01 6.16239e-08
0.1144000E+01 7.9572e-08
0.1146000E+01 3.70288e-08
0.1148000E+01 3.51049e-08
0.1150000E+01 4.52991e-08
0.1152000E+01 3.65456e-08
0.1154000E+01 3.19973e-08
0.1156000E+01 2.29463e-08
0.1158000E+01 1.76605e-08
0.1160000E+01 1.51378e-08
0.1162000E+01 1.27988e-08
0.1164000E+01 1.09801e-08
0.1166000E+01 9.70482e-09
0.1168000E+01 8.33417e-09
0.1170000E+01 6.97111e-09
0.1172000E+01 5.71282e-09
0.1174000E+01 2.64974e-08
0.1176000E+01 6.17474e-08
0.1178000E+01 7.79905e-08
0.1180000E+01 6.76659e-08
0.1182000E+01 5.24662e-08
0.1184000E+01 3.6116e-08
0.1186000E+01 3.44406e-08
0.1188000E+01 4.18999e-08
0.1190000E+01 3.95989e-08
0.1192000E+01 3.20643e-08
0.1194000E+01 2.92212e-08
0.1196000E+01 2.66714e-08
0.1198000E+01 2.38594e-08
0.1200000E+01 1.97972e-08
0.1202000E+01 1.59414e-08
0.1204000E+01 1.31045e-08
0.1206000E+01 1.10994e-08
0.1208000E+01 8.16337e-08
0.1210000E+01 1.00657e-07
0.1212000E+01 5.43385e-08
0.1214000E+01 5.28313e-08
0.1216000E+01 5.08098e-08
0.1218000E+01 4.55911e-08
0.1220000E+01 4.02134e-08
0.1222000E+01 3.28251e-08
0.1224000E+01 2.64015e-08
0.1226000E+01 3.68723e-08
0.1228000E+01 2.84252e-08
0.1230000E+01 2.61859e-08
0.1232000E+01 2.42129e-08
0.1234000E+01 2.60652e-08
0.1236000E+01 3.17858e-08
0.1238000E+01 3.70844e-08
0.1240000E+01 6.92341e-08
0.1242000E+01 1.06581e-07
0.1244000E+01 9.37452e-08
0.1246000E+01 6.90264e-08
0.1248000E+01 5.0944e-08
0.1250000E+01 4.77169e-08
0.1252000E+01 4.58396e-08
0.1254000E+01 4.33311e-08
0.1256000E+01 4.12498e-08
0.1258000E+01 3.9504e-08
0.1260000E+01 3.70877e-08
0.1262000E+01 3.32314e-08
0.1264000E+01 3.59677e-08
0.1266000E+01 3.53715e-08
0.1268000E+01 3.08052e-08
0.1270000E+01 2.71056e-08
0.1272000E+01 1.16778e-07
0.1274000E+01 1.40849e-07
0.1276000E+01 8.14506e-08
0.1278000E+01 7.96313e-08
0.1280000E+01 7.80259e-08
0.1282000E+01 7.16399e-08
0.1284000E+01 6.07216e-08
0.1286000E+01 4.97185e-08
0.1288000E+01 4.93907e-08
0.1290000E+01 5.54514e-08
0.1292000E+01 4.93163e-08
0.1294000E+01 4.6316e-08
0.1296000E+01 4.41406e-08
0.1298000E+01 4.27126e-08
0.1300000E+01 3.99468e-08
0.1302000E+01 8.0252e-08
0.1304000E+01 1.37554e-07
0.1306000E+01 1.48409e-07
0.1308000E+01 1.10738e-07
0.1310000E+01 7.02472e-08
0.1312000E+01 6.4053e-08
0.1314000E+01 6.21281e-08
0.1316000E+01 6.11379e-08
0.1318000E+01 5.96665e-08
0.1320000E+01 5.82138e-08
0.1322000E+01 5.28386e-08
0.1324000E+01 4.63993e-08
0.1326000E+01 4.15571e-08
0.1328000E+01 3.93339e-08
0.1330000E+01 3.7868e-08
0.1332000E+01 7.20587e-08
0.1334000E+01 1.12079e-07
0.1336000E+01 1.51654e-07
0.1338000E+01 9.42722e-08
0.1340000E+01 9.27193e-08
0.1342000E+01 8.8352e-08
0.1344000E+01 8.72917e-08
0.1346000E+01 7.18177e-08
0.1348000E+01 6.7082e-08
0.1350000E+01 6.43145e-08
0.1352000E+01 6.07906e-08
0.1354000E+01 5.88723e-08
0.1356000E+01 5.754e-08
0.1358000E+01 5.6096e-08
0.1360000E+01 5.4527e-08
0.1362000E+01 1.02012e-07
0.1364000E+01 1.72524e-07
0.1366000E+01 1.74503e-07
0.1368000E+01 1.24522e-07
0.1370000E+01 1.05061e-07
0.1372000E+01 9.44702e-08
0.1374000E+01 9.33024e-08
0.1376000E+01 8.72643e-08
0.1378000E+01 5.26361e-08
0.1380000E+01 4.74179e-08
0.1382000E+01 5.15214e-08
0.1384000E+01 5.50769e-08
0.1386000E+01 5.61438e-08
0.1388000E+01 5.0974e-08
0.1390000E+01 5.88599e-08
0.1392000E+01 1.34925e-07
0.1394000E+01 1.80061e-07
0.1396000E+01 1.38926e-07
0.1398000E+01 1.17226e-07
0.1400000E+01 1.04162e-07
0.1402000E+01 9.52079e-08
0.1404000E+01 9.20909e-08
0.1406000E+01 8.53437e-08
0.1408000E+01 7.90921e-08
0.1410000E+01 7.68045e-08
0.1412000E+01 7.2462e-08
0.1414000E+01 6.9546e-08
0.1416000E+01 6.73236e-08
0.1418000E+01 6.33849e-08
0.1420000E+01 1.67794e-07
0.1422000E+01 2.01499e-07
0.1424000E+01 1.39585e-07
0.1426000E+01 1.44989e-07
0.1428000E+01 1.32177e-07
0.1430000E+01 1.16513e-07
0.1432000E+01 6.51325e-08
0.1434000E+01 4.64562e-08
0.1436000E+01 6.28207e-08
0.1438000E+01 6.58777e-08
0.1440000E+01 6.47433e-08
0.1442000E+01 5.92947e-08
0.1444000E+01 5.77741e-08
0.1446000E+01 6.63785e-08
0.1448000E+01 1.28087e-07
0.1450000E+01 1.99504e-07
0.1452000E+01 1.58673e-07
0.1454000E+01 1.11172e-07
0.1456000E+01 1.01507e-07
0.1458000E+01 1.0027e-07
0.1460000E+01 9.88303e-08
0.1462000E+01 9.76778e-08
0.1464000E+01 9.5876e-08
0.1466000E+01 9.53164e-08
0.1468000E+01 8.11794e-08
0.1470000E+01 7.96224e-08
0.1472000E+01 7.72999e-08
0.1474000E+01 1.1751e-07
0.1476000E+01 1.8796e-07
0.1478000E+01 1.68006e-07
0.1480000E+01 8.79705e-08
0.1482000E+01 9.20969e-08
0.1484000E+01 9.32875e-08
0.1486000E+01 8.963e-08
0.1488000E+01 8.45402e-08
0.1490000E+01 7.45599e-08
0.1492000E+01 6.90849e-08
0.1494000E+01 6.9581e-08
0.1496000E+01 6.93598e-08
0.1498000E+01 6.31284e-08
0.1500000E+01 5.05243e-08
0.1502000E+01 1.7678e-07
0.1504000E+01 2.21001e-07
0.1506000E+01 1.49317e-07
0.1508000E+01 1.56913e-07
0.1510000E+01 1.40131e-07
0.1512000E+01 1.12348e-07
0.1514000E+01 9.70567e-08
0.1516000E+01 9.63378e-08
0.1518000E+01 9.53609e-08
0.1520000E+01 5.72669e-08
0.1522000E+01 2.14282e-08
0.1524000E+01 3.48441e-08
0.1526000E+01 5.02205e-08
0.1528000E+01 1.34856e-07
0.1530000E+01 1.92825e-07
0.1532000E+01 1.32921e-07
0.1534000E+01 9.78915e-08
0.1536000E+01 8.93088e-08
0.1538000E+01 8.80137e-08
0.1540000E+01 8.78567e-08
0.1542000E+01 8.59605e-08
0.1544000E+01 8.2571e-08
0.1546000E+01 7.75581e-08
0.1548000E+01 7.60346e-08
0.1550000E+01 4.70628e-08
0.1552000E+01 7.83753e-08
0.1554000E+01 1.61525e-07
0.1556000E+01 2.02147e-07
0.1558000E+01 1.20992e-07
0.1560000E+01 6.14541e-08
0.1562000E+01 6.29029e-08
0.1564000E+01 7.48967e-08
0.1566000E+01 6.91179e-08
0.1568000E+01 5.76756e-08
0.1570000E+01 6.06403e-08
0.1572000E+01 5.93431e-08
0.1574000E+01 5.63871e-08
0.1576000E+01 5.48668e-08
0.1578000E+01 1.45663e-07
0.1580000E+01 1.93493e-07
0.1582000E+01 1.58224e-07
0.1584000E+01 1.3384e-07
0.1586000E+01 1.24393e-07
0.1588000E+01 1.1962e-07
0.1590000E+01 1.07261e-07
0.1592000E+01 9.65304e-08
0.1594000E+01 4.14671e-08
0.1596000E+01 1.49569e-08
0.1598000E+01 1.34866e-08
0.1600000E+01 2.00199e-08
0.1602000E+01 8.91358e-08
0.1604000E+01 1.05497e-07
0.1606000E+01 8.39628e-08
0.1608000E+01 1.25514e-07
0.1610000E+01 1.25031e-07
0.1612000E+01 1.25933e-07
0.1614000E+01 1.06506e-07
0.1616000E+01 1.0768e-07
0.1618000E+01 1.0301e-07
0.1620000E+01 1.01566e-07
0.1622000E+01 9.95882e-08
0.1624000E+01 9.13821e-08
0.1626000E+01 -2.9799e-08
0.1628000E+01 1.47368e-07
0.1630000E+01 1.55729e-07
0.1632000E+01 1.17763e-07
0.1634000E+01 1.1236e-07
0.1636000E+01 1.12421e-07
0.1638000E+01 9.58021e-08
0.1640000E+01 9.19271e-08
0.1642000E+01 5.33672e-08
0.1644000E+01 4.38127e-08
0.1646000E+01 5.05529e-08
0.1648000E+01 6.65648e-08
0.1650000E+01 1.50637e-07
0.1652000E+01 2.28505e-07
0.1654000E+01 1.83924e-07
0.1656000E+01 1.09427e-07
0.1658000E+01 6.93588e-08
0.1660000E+01 8.03202e-08
0.1662000E+01 6.80568e-08
0.1664000E+01 5.41096e-08
0.1666000E+01 4.65582e-08
0.1668000E+01 9.25476e-08
0.1670000E+01 9.06719e-08
0.1672000E+01 1.39281e-07
0.1674000E+01 2.25145e-07
0.1676000E+01 2.26963e-07
0.1678000E+01 1.74349e-07
0.1680000E+01 1.65639e-07
0.1682000E+01 1.65289e-07
0.1684000E+01 1.22777e-07
0.1686000E+01 8.70339e-08
0.1688000E+01 8.90287e-08
0.1690000E+01 7.04507e-08
0.1692000E+01 -2.84725e-09
0.1694000E+01 8.48113e-08
0.1696000E+01 2.025e-07
0.1698000E+01 2.19268e-07
0.1700000E+01 1.73731e-07
0.1702000E+01 1.61864e-07
0.1704000E+01 1.53831e-07
0.1706000E+01 1.52492e-07
0.1708000E+01 1.49562e-07
0.1710000E+01 1.42566e-07
0.1712000E+01 9.46644e-08
0.1714000E+01 6.84032e-08
0.1716000E+01 1.33132e-07
0.1718000E+01 2.17784e-07
0.1720000E+01 1.96519e-07
0.1722000E+01 1.59174e-07
0.1724000E+01 1.50837e-07
0.1726000E+01 1.73163e-07
0.1728000E+01 1.62846e-07
0.1730000E+01 1.62309e-07
0.1732000E+01 1.65832e-07
0.1734000E+01 1.56588e-07
0.1736000E+01 7.28595e-08
0.1738000E+01 1.70018e-07
0.1740000E+01 2.18172e-07
0.1742000E+01 1.76024e-07
0.1744000E+01 1.81691e-07
0.1746000E+01 1.83614e-07
0.1748000E+01 1.53629e-07
0.1750000E+01 1.50534e-07
0.1752000E+01 1.49778e-07
0.1754000E+01 1.48798e-07
0.1756000E+01 1.49425e-07
0.1758000E+01 1.69204e-07
0.1760000E+01 2.37689e-07
0.1762000E+01 1.91105e-07
0.1764000E+01 1.94437e-07
0.1766000E+01 1.87445e-07
0.1768000E+01 1.81755e-07
0.1770000E+01 1.78441e-07
0.1772000E+01 1.81276e-07
0.1774000E+01 1.79878e-07
0.1776000E+01 9.26969e-08
0.1778000E+01 1.94942e-07
0.1780000E+01 3.05298e-07
0.1782000E+01 2.64839e-07
0.1784000E+01 2.26016e-07
0.1786000E+01 2.01091e-07
0.1788000E+01 1.95739e-07
0.1790000E+01 1.86131e-07
0.1792000E+01 1.84316e-07
0.1794000E+01 1.76795e-07
0.1796000E+01 1.59794e-07
0.1798000E+01 2.70999e-07
0.1800000E+01 3.21499e-07
0.1802000E+01 2.7052e-07
0.1804000E+01 2.42823e-07
0.1806000E+01 2.24048e-07
0.1808000E+01 2.30412e-07
0.1810000E+01 2.32903e-07
0.1812000E+01 2.08445e-07
0.1814000E+01 1.44712e-07
0.1816000E+01 2.13952e-07
0.1818000E+01 3.01506e-07
0.1820000E+01 2.84029e-07
0.1822000E+01 2.61664e-07
0.1824000E+01 2.68177e-07
0.1826000E+01 2.76611e-07
0.1828000E+01 2.65338e-07
0.1830000E+01 2.50809e-07
0.1832000E+01 2.47981e-07
0.1834000E+01 2.65364e-07
0.1836000E+01 3.38489e-07
0.1838000E+01 3.4641e-07
0.1840000E+01 3.20045e-07
0.1842000E+01 3.20336e-07
0.1844000E+01 3.48205e-07
0.1846000E+01 2.08818e-07
0.1848000E+01 2.6503e-07
0.1850000E+01 2.791e-07
0.1852000E+01 3.27899e-07
0.1854000E+01 3.88482e-07
0.1856000E+01 3.62001e-07
0.1858000E+01 3.40794e-07
0.1860000E+01 3.52293e-07
0.1862000E+01 4.00678e-07
0.1864000E+01 3.96166e-07
0.1866000E+01 3.75181e-07
0.1868000E+01 3.69028e-07
0.1870000E+01 4.61093e-07
0.1872000E+01 3.79218e-07
0.1874000E+01 3.32038e-07
0.1876000E+01 3.54456e-07
0.1878000E+01 4.52268e-07
0.1880000E+01 4.6826e-07
0.1882000E+01 4.42999e-07
0.1884000E+01 4.53778e-07
0.1886000E+01 4.96946e-07
0.1888000E+01 4.99707e-07
0.1890000E+01 4.76616e-07
0.1892000E+01 3.73077e-07
0.1894000E+01 5.65971e-07
0.1896000E+01 5.42671e-07
0.1898000E+01 4.5562e-07
0.1900000E+01 4.93491e-07
0.1902000E+01 5.07984e-07
0.1904000E+01 5.04991e-07
0.1906000E+01 5.07207e-07
0.1908000E+01 6.63644e-07
0.1910000E+01 6.89528e-07
0.1912000E+01 5.76526e-07
0.1914000E+01 5.60149e-07
0.1916000E+01 5.37664e-07
0.1918000E+01 2.9228e-07
0.1920000E+01 3.8439e-07
0.1922000E+01 2.21936e-07
0.1924000E+01 -1.23898e-06
0.1926000E+01 -2.16161e-08
0.1928000E+01 3.68983e-06
0.1930000E+01 3.67992e-06
0.1932000E+01 2.55676e-06
0.1934000E+01 2.8383e-06
0.1936000E+01 9.33913e-07
0.1938000E+01 3.06601e-06
0.1940000E+01 1.27728e-06
0.1942000E+01 3.21558e-06
0.1944000E+01 3.46877e-06
0.1946000E+01 5.41509e-06
0.1948000E+01 4.03842e-06
0.1950000E+01 5.74765e-06
0.1952000E+01 5.12109e-06
0.1954000E+01 2.24126e-05
0.1956000E+01 -8.99304e-07
0.1958000E+01 -2.65037e-05
0.1960000E+01 -9.63098e-06
0.1962000E+01 -9.40169e-06
0.1964000E+01 -3.08349e-06
0.1966000E+01 -1.01531e-06
0.1968000E+01 -2.74026e-06
0.1970000E+01 -3.59201e-06
0.1972000E+01 -5.1369e-06
0.1974000E+01 -4.10594e-06
0.1976000E+01 -9.87408e-07
0.1978000E+01 -9.50081e-07
0.1980000E+01 -4.07381e-06
0.1982000E+01 -4.21214e-06
0.1984000E+01 -1.55249e-06
0.1986000E+01 -8.94002e-07
0.1988000E+01 -1.52666e-06
0.1990000E+01 -8.12915e-07
0.1992000E+01 -1.64342e-06
0.1994000E+01 -4.12336e-07
0.1996000E+01 -4.6525e-07
0.1998000E+01 2.80167e-07
0.2000000E+01 -5.76699e-07
0.2002000E+01 -5.97728e-07
0.2004000E+01 -6.21661e-07
0.2006000E+01 -6.60738e-07
0.2008000E+01 -7.00775e-07
0.2010000E+01 -7.66485e-07
0.2012000E+01 -8.60291e-07
0.2014000E+01 -1.04447e-06
0.2016000E+01 -1.48004e-06
0.2018000E+01 -9.27923e-07
0.2020000E+01 -4.09727e-07
0.2022000E+01 -4.22583e-07
0.2024000E+01 -4.33868e-07
0.2026000E+01 -4.18786e-07
0.2028000E+01 -4.42969e-07
0.2030000E+01 -1.61649e-08
0.2032000E+01 1.08062e-06
0.2034000E+01 1.64388e-06
0.2036000E+01 -5.23708e-08
0.2038000E+01 -1.42968e-06
0.2040000E+01 -1.38756e-06
0.2042000E+01 -1.34109e-06
0.2044000E+01 -7.19882e-07
0.2046000E+01 -5.08358e-07
0.2048000E+01 -1.23098e-07
0.2050000E+01 8.23424e-07
0.2052000E+01 3.79051e-07
0.2054000E+01 -1.36609e-06
0.2056000E+01 -1.39465e-06
0.2058000E+01 -3.14703e-07
0.2060000E+01 1.33962e-08
0.2062000E+01 -3.54558e-08
0.2064000E+01 -1.8502e-07
0.2066000E+01 -1.06475e-06
0.2068000E+01 7.27838e-08
0.2070000E+01 -2.26059e-07
0.2072000E+01 -7.38215e-07
0.2074000E+01 -5.2132e-07
0.2076000E+01 -1.75166e-07
0.2078000E+01 6.65061e-08
0.2080000E+01 -1.03667e-07
0.2082000E+01 -1.20569e-07
0.2084000E+01 -6.74859e-07
0.2086000E+01 -4.99304e-07
0.2088000E+01 -4.37721e-07
0.2090000E+01 -4.63318e-07
0.2092000E+01 -1.73836e-07
0.2094000E+01 4.25802e-07
0.2096000E+01 1.94021e-07
0.2098000E+01 -2.16881e-07
0.2100000E+01 -3.60919e-07
0.2102000E+01 -3.43352e-07
0.2104000E+01 -3.17838e-07
0.2106000E+01 -2.36422e-07
0.2108000E+01 3.02302e-08
0.2110000E+01 1.30835e-07
0.2112000E+01 4.65762e-08
0.2114000E+01 9.36404e-08
0.2116000E+01 3.0561e-08
0.2118000E+01 -3.26357e-07
0.2120000E+01 -3.77327e-07
0.2122000E+01 -3.79796e-07
0.2124000E+01 -4.49072e-07
0.2126000E+01 -5.26834e-07
0.2128000E+01 -2.14355e-07
0.2130000E+01 1.80069e-07
0.2132000E+01 2.606e-08
0.2134000E+01 -2.39551e-07
0.2136000E+01 -2.15112e-07
0.2138000E+01 -2.50184e-07
0.2140000E+01 -2.83666e-07
0.2142000E+01 -2.44498e-07
0.2144000E+01 -3.34991e-08
0.2146000E+01 2.18772e-07
0.2148000E+01 1.55737e-07
0.2150000E+01 8.20733e-08
0.2152000E+01 -7.60018e-08
0.2154000E+01 -1.70132e-07
0.2156000E+01 -2.75381e-07
0.2158000E+01 -4.47846e-07
0.2160000E+01 -2.59685e-07
0.2162000E+01 -2.49085e-08
0.2164000E+01 -2.59858e-08
0.2166000E+01 -3.00611e-08
0.2168000E+01 -2.09848e-08
0.2170000E+01 -1.1161e-07
0.2172000E+01 -2.40277e-07
0.2174000E+01 -2.98825e-07
0.2176000E+01 -3.207e-07
0.2178000E+01 -4.16676e-07
0.2180000E+01 2.59219e-07
0.2182000E+01 1.39247e-07
0.2184000E+01 -1.43584e-07
0.2186000E+01 -1.61299e-07
0.2188000E+01 -1.59066e-07
0.2190000E+01 -1.61291e-07
0.2192000E+01 -6.45644e-08
0.2194000E+01 2.2638e-07
0.2196000E+01 2.73312e-07
0.2198000E+01 -3.07104e-08
0.2200000E+01 -1.57481e-07
0.2202000E+01 -2.78336e-07
0.2204000E+01 -2.67986e-07
0.2206000E+01 -2.22237e-07
0.2208000E+01 4.84152e-08
0.2210000E+01 1.09084e-07
0.2212000E+01 2.51389e-08
0.2214000E+01 8.72963e-08
0.2216000E+01 -2.71215e-08
0.2218000E+01 -2.05807e-07
0.2220000E+01 -2.45029e-07
0.2222000E+01 1.33432e-07
0.2224000E+01 4.91942e-07
0.2226000E+01 -1.98251e-07
0.2228000E+01 -1.7919e-07
0.2230000E+01 -1.9132e-07
0.2232000E+01 1.15659e-07
0.2234000E+01 5.55788e-07
0.2236000E+01 5.20999e-07
0.2238000E+01 2.81602e-07
0.2240000E+01 -1.96649e-07
0.2242000E+01 6.25916e-08
0.2244000E+01 5.56413e-07
0.2246000E+01 1.77507e-07
0.2248000E+01 5.37895e-08
0.2250000E+01 5.29971e-08
0.2252000E+01 1.09792e-06
0.2254000E+01 2.05403e-07
0.2256000E+01 1.788e-06
0.2258000E+01 3.1545e-06
0.2260000E+01 4.88244e-07
0.2262000E+01 -2.42664e-06
0.2264000E+01 -1.58319e-06
0.2266000E+01 -1.40389e-06
0.2268000E+01 -1.16691e-06
0.2270000E+01 -1.01301e-06
0.2272000E+01 -8.53385e-07
0.2274000E+01 -7.9672e-07
0.2276000E+01 -7.56891e-07
0.2278000E+01 -7.12058e-07
0.2280000E+01 -5.87347e-07
0.2282000E+01 -4.728e-07
0.2284000E+01 -4.4389e-07
0.2286000E+01 -4.77691e-07
0.2288000E+01 -4.4698e-07
0.2290000E+01 -4.23761e-07
0.2292000E+01 -4.23486e-07
0.2294000E+01 -4.72351e-07
0.2296000E+01 -4.70633e-07
0.2298000E+01 -4.4643e-07
0.2300000E+01 -4.2723e-07
0.2302000E+01 -4.23349e-07
0.2304000E+01 -4.16863e-07
0.2306000E+01 -4.05182e-07
0.2308000E+01 -4.06913e-07
0.2310000E+01 -4.01049e-07
0.2312000E+01 -3.54139e-07
0.2314000E+01 -3.92759e-07
0.2316000E+01 -4.17702e-07
0.2318000E+01 -4.1856e-07
0.2320000E+01 -4.1332e-07
0.2322000E+01 -4.06e-07
0.2324000E+01 -3.95578e-07
0.2326000E+01 -3.88192e-07
0.2328000E+01 -3.8369e-07
0.2330000E+01 -3.72133e-07
0.2332000E+01 -3.6938e-07
0.2334000E+01 -3.65463e-07
0.2336000E+01 -3.57953e-07
0.2338000E+01 -3.63e-07
0.2340000E+01 -3.60368e-07
0.2342000E+01 -3.60592e-07
0.2344000E+01 -3.4818e-07
0.2346000E+01 -3.54638e-07
0.2348000E+01 -3.75609e-07
0.2350000E+01 -3.76162e-07
0.2352000E+01 -3.69926e-07
0.2354000E+01 -3.6398e-07
0.2356000E+01 -3.61851e-07
0.2358000E+01 -3.59586e-07
0.2360000E+01 -3.61837e-07
0.2362000E+01 -3.7708e-07
0.2364000E+01 -4.1003e-07
0.2366000E+01 -3.83407e-07
0.2368000E+01 -4.10957e-07
0.2370000E+01 -5.11867e-07
0.2372000E+01 -4.55248e-07
0.2374000E+01 -4.10152e-07
0.2376000E+01 -2.78337e-07
0.2378000E+01 -3.00193e-07
0.2380000E+01 -3.08457e-07
0.2382000E+01 -3.42919e-07
0.2384000E+01 -3.05127e-07
0.2386000E+01 -3.02905e-07
0.2388000E+01 -3.32661e-07
0.2390000E+01 -3.41088e-07
0.2392000E+01 -3.51994e-07
0.2394000E+01 -3.34187e-07
0.2396000E+01 -3.52942e-07
0.2398000E+01 -3.59381e-07
0.2400000E+01 -3.49254e-07
0.2402000E+01 -3.33626e-07
0.2404000E+01 -3.45599e-07
0.2406000E+01 -3.27119e-07
0.2408000E+01 -3.30239e-07
0.2410000E+01 -3.22158e-07
0.2412000E+01 -2.94887e-07
0.2414000E+01 -3.06265e-07
0.2416000E+01 -3.00757e-07
0.2418000E+01 -2.86088e-07
0.2420000E+01 -2.42957e-07
0.2422000E+01 -3.00763e-07
0.2424000E+01 -3.14084e-07
0.2426000E+01 -3.10394e-07
0.2428000E+01 -3.09467e-07
0.2430000E+01 -3.04814e-07
0.2432000E+01 -3.00181e-07
0.2434000E+01 -3.02405e-07
0.2436000E+01 -2.95566e-07
0.2438000E+01 -3.13053e-07
0.2440000E+01 -2.98761e-07
0.2442000E+01 -3.00814e-07
0.2444000E+01 -2.98253e-07
0.2446000E+01 -2.89405e-07
0.2448000E+01 -2.84874e-07
0.2450000E+01 -2.84738e-07
0.2452000E+01 -2.79418e-07
0.2454000E+01 -2.73137e-07
0.2456000E+01 -2.67013e-07
0.2458000E+01 -2.60096e-07
0.2460000E+01 -2.48378e-07
0.2462000E+01 -5.77164e-07
0.2464000E+01 -5.8449e-07
0.2466000E+01 -2.51118e-07
0.2468000E+01 -3.08793e-07
0.2470000E+01 -3.36322e-07
0.2472000E+01 -8.86458e-08
0.2474000E+01 -2.37414e-07
0.2476000E+01 -3.22132e-07
0.2478000E+01 -2.94125e-07
0.2480000E+01 -1.83805e-07
0.2482000E+01 -2.96529e-07
0.2484000E+01 -2.62727e-07
0.2486000E+01 -3.10098e-07
0.2488000E+01 -2.60644e-07
0.2490000E+01 -2.06711e-07
0.2492000E+01 -2.70414e-07
0.2494000E+01 -2.71986e-07
0.2496000E+01 -2.65958e-07
0.2498000E+01 -2.89663e-07
0.2500000E+01 -5.85412e-08
0.2502000E+01 -2.49101e-07
0.2504000E+01 -2.27596e-07
0.2506000E+01 -2.28715e-07
0.2508000E+01 -2.51516e-07
0.2510000E+01 -2.75923e-07
0.2512000E+01 -2.60881e-07
0.2514000E+01 3.6741e-08
0.2516000E+01 -2.21873e-07
0.2518000E+01 -2.52658e-07
0.2520000E+01 -2.43289e-07
0.2522000E+01 -2.35741e-07
0.2524000E+01 -2.43725e-07
0.2526000E+01 -2.60027e-07
0.2528000E+01 -1.13336e-07
0.2530000E+01 -7.05486e-08
0.2532000E+01 -1.43832e-07
0.2534000E+01 -3.14031e-07
0.2536000E+01 -2.49874e-07
0.2538000E+01 -2.17046e-07
0.2540000E+01 -2.11761e-07
0.2542000E+01 -2.23418e-07
0.2544000E+01 -2.28478e-07
0.2546000E+01 1.50279e-08
0.2548000E+01 -8.77711e-08
0.2550000E+01 -1.3987e-07
0.2552000E+01 -1.36325e-07
0.2554000E+01 -2.59928e-07
0.2556000E+01 -2.15124e-07
0.2558000E+01 -2.13406e-07
0.2560000E+01 -2.04716e-07
0.2562000E+01 -2.04607e-07
0.2564000E+01 -4.22293e-08
0.2566000E+01 -7.2431e-08
0.2568000E+01 -1.39914e-07
0.2570000E+01 -1.5998e-07
0.2572000E+01 -1.54863e-07
0.2574000E+01 -1.57507e-07
0.2576000E+01 -1.58316e-07
0.2578000E+01 -1.80111e-07
0.2580000E+01 -1.92688e-07
0.2582000E+01 -2.05159e-07
0.2584000E+01 -2.47282e-08
0.2586000E+01 -5.49116e-08
0.2588000E+01 -9.38495e-08
0.2590000E+01 -1.24046e-07
0.2592000E+01 -1.70001e-07
0.2594000E+01 -1.94815e-07
0.2596000E+01 -1.68248e-07
0.2598000E+01 -1.68212e-07
0.2600000E+01 -1.73185e-07
0.2602000E+01 -1.7912e-07
0.2604000E+01 -1.57349e-07
0.2606000E+01 -3.96722e-08
0.2608000E+01 -1.19092e-07
0.2610000E+01 -1.21521e-07
0.2612000E+01 -1.35597e-07
0.2614000E+01 -1.43352e-07
0.2616000E+01 -1.29416e-07
0.2618000E+01 -1.5988e-07
0.2620000E+01 -1.98496e-07
0.2622000E+01 -1.68454e-07
0.2624000E+01 -1.91477e-07
0.2626000E+01 -1.61892e-07
0.2628000E+01 -5.71615e-08
0.2630000E+01 -5.83387e-08
0.2632000E+01 -1.39897e-07
0.2634000E+01 -2.03674e-07
0.2636000E+01 -1.66562e-07
0.2638000E+01 -1.40429e-07
0.2640000E+01 -1.56368e-07
0.2642000E+01 -1.52566e-07
0.2644000E+01 -1.47623e-07
0.2646000E+01 -1.40362e-07
0.2648000E+01 -1.95326e-07
0.2650000E+01 -2.01713e-07
0.2652000E+01 -1.02072e-07
0.2654000E+01 -8.54216e-08
0.2656000E+01 -8.70494e-08
0.2658000E+01 -1.40661e-07
0.2660000E+01 -1.37372e-07
0.2662000E+01 -1.34677e-07
0.2664000E+01 -1.90437e-07
0.2666000E+01 -1.94267e-07
0.2668000E+01 -1.6598e-07
0.2670000E+01 -1.49462e-07
0.2672000E+01 -1.47739e-07
0.2674000E+01 -1.49327e-07
0.2676000E+01 -1.45931e-07
0.2678000E+01 -5.36605e-08
0.2680000E+01 -1.32775e-07
0.2682000E+01 -1.8991e-07
0.2684000E+01 -1.66206e-07
0.2686000E+01 -1.57463e-07
0.2688000E+01 -1.47362e-07
0.2690000E+01 -1.50361e-07
0.2692000E+01 -1.44117e-07
0.2694000E+01 -1.3052e-07
0.2696000E+01 -1.3185e-07
0.2698000E+01 -1.37834e-07
0.2700000E+01 -2.1695e-07
0.2702000E+01 -2.37352e-07
0.2704000E+01 -1.1788e-07
0.2706000E+01 -1.08715e-07
0.2708000E+01 -1.20553e-07
0.2710000E+01 -1.22469e-07
0.2712000E+01 -1.24509e-07
0.2714000E+01 -1.25891e-07
0.2716000E+01 -1.27827e-07
0.2718000E+01 -1.35459e-07
0.2720000E+01 -1.96344e-07
0.2722000E+01 -1.67376e-07
0.2724000E+01 -1.98855e-07
0.2726000E+01 -1.63072e-07
0.2728000E+01 -1.62776e-07
0.2730000E+01 -1.0999e-07
0.2732000E+01 -8.23859e-08
0.2734000E+01 -7.75481e-08
0.2736000E+01 -1.48123e-07
0.2738000E+01 -1.85992e-07
0.2740000E+01 -1.40801e-07
0.2742000E+01 -1.26527e-07
0.2744000E+01 -1.23506e-07
0.2746000E+01 -1.43183e-07
0.2748000E+01 -1.83283e-07
0.2750000E+01 -1.46299e-07
0.2752000E+01 -1.64878e-07
0.2754000E+01 -2.68983e-07
0.2756000E+01 -1.83952e-07
0.2758000E+01 -1.16868e-07
0.2760000E+01 -8.56799e-08
0.2762000E+01 -1.1415e-07
0.2764000E+01 -1.11459e-07
0.2766000E+01 -1.10213e-07
0.2768000E+01 -1.95111e-07
0.2770000E+01 -1.88794e-07
0.2772000E+01 -1.77981e-07
0.2774000E+01 -1.84992e-07
0.2776000E+01 -1.61058e-07
0.2778000E+01 -1.49726e-07
0.2780000E+01 -1.42093e-07
0.2782000E+01 -2.60056e-07
0.2784000E+01 -2.21355e-07
0.2786000E+01 -1.40721e-07
0.2788000E+01 -1.07469e-07
0.2790000E+01 -1.25554e-07
0.2792000E+01 -1.36558e-07
0.2794000E+01 -2.21823e-07
0.2796000E+01 -3.07266e-07
0.2798000E+01 -2.10597e-07
0.2800000E+01 -1.88567e-07
0.2802000E+01 -1.96347e-07
0.2804000E+01 -1.67112e-07
0.2806000E+01 -3.32779e-07
0.2808000E+01 -3.05396e-07
0.2810000E+01 -2.62735e-07
0.2812000E+01 -2.24832e-07
0.2814000E+01 -1.96493e-07
0.2816000E+01 -3.3428e-07
0.2818000E+01 -3.13192e-07
0.2820000E+01 -3.13884e-07
0.2822000E+01 -3.07012e-07
0.2824000E+01 -3.57123e-07
0.2826000E+01 -5.80064e-07
0.2828000E+01 -3.85921e-07
0.2830000E+01 -4.16217e-07
0.2832000E+01 -7.15693e-07
0.2834000E+01 -8.48452e-07
0.2836000E+01 -6.34927e-07
0.2838000E+01 -1.2225e-06
0.2840000E+01 -1.33599e-06
0.2842000E+01 -2.04367e-06
0.2844000E+01 -3.36014e-06
0.2846000E+01 -2.31319e-06
0.2848000E+01 8.17061e-06
0.2850000E+01 2.81534e-06
0.2852000E+01 1.83423e-06
0.2854000E+01 1.01411e-06
0.2856000E+01 1.24319e-06
0.2858000E+01 9.48455e-07
0.2860000E+01 7.27989e-07
0.2862000E+01 5.98526e-07
0.2864000E+01 6.82255e-07
0.2866000E+01 5.16763e-07
0.2868000E+01 5.47254e-07
0.2870000E+01 4.2123e-07
0.2872000E+01 4.2715e-07
0.2874000E+01 4.18602e-07
0.2876000E+01 3.3553e-07
0.2878000E+01 3.56371e-07
0.2880000E+01 4.05259e-07
0.2882000E+01 3.37173e-07
0.2884000E+01 3.29635e-07
0.2886000E+01 2.29712e-07
0.2888000E+01 2.35079e-07
0.2890000E+01 2.41026e-07
0.2892000E+01 2.56876e-07
0.2894000E+01 3.07976e-07
0.2896000E+01 3.2398e-07
0.2898000E+01 1.7708e-07
0.2900000E+01 1.82162e-07
0.2902000E+01 1.8704e-07
0.2904000E+01 1.64471e-07
0.2906000E+01 1.52116e-07
0.2908000E+01 1.88196e-07
0.2910000E+01 1.91231e-07
0.2912000E+01 2.20699e-07
0.2914000E+01 1.88153e-07
0.2916000E+01 1.43381e-07
0.2918000E+01 1.36234e-07
0.2920000E+01 1.36623e-07
0.2922000E+01 1.73225e-07
0.2924000E+01 1.45313e-07
0.2926000E+01 1.2476e-07
0.2928000E+01 1.34565e-07
0.2930000E+01 1.40345e-07
0.2932000E+01 1.51159e-07
0.2934000E+01 1.37441e-07
0.2936000E+01 1.00599e-07
0.2938000E+01 8.83344e-08
0.2940000E+01 3.59684e-07
0.2942000E+01 3.79035e-07
0.2944000E+01 1.06289e-07
0.2946000E+01 1.13905e-07
0.2948000E+01 1.12112e-07
0.2950000E+01 1.01479e-07
0.2952000E+01 1.04498e-07
0.2954000E+01 9.99277e-08
0.2956000E+01 1.18762e-07
0.2958000E+01 1.46537e-07
0.2960000E+01 1.1789e-07
0.2962000E+01 9.93062e-08
0.2964000E+01 8.19972e-08
0.2966000E+01 8.53638e-08
0.2968000E+01 7.25388e-08
0.2970000E+01 4.25128e-08
0.2972000E+01 6.1106e-08
0.2974000E+01 8.62189e-08
0.2976000E+01 6.70538e-08
0.2978000E+01 1.63222e-07
0.2980000E+01 2.53626e-07
0.2982000E+01 1.93926e-07
0.2984000E+01 7.73094e-08
0.2986000E+01 -7.82768e-08
0.2988000E+01 -1.25096e-06
0.2990000E+01 1.55278e-06
0.2992000E+01 2.68231e-06
0.2994000E+01 4.59837e-08
0.2996000E+01 5.29322e-08
0.2998000E+01 6.27245e-08
0.3000000E+01 6.08412e-08
0.3002000E+01 6.20249e-08
0.3004000E+01 6.16495e-08
0.3006000E+01 7.21359e-08
0.3008000E+01 6.88083e-08
0.3010000E+01 6.62103e-08
0.3012000E+01 6.62628e-08
0.3014000E+01 6.49325e-08
0.3016000E+01 6.49389e-08
0.3018000E+01 6.74581e-08
0.3020000E+01 6.10024e-08
0.3022000E+01 5.61497e-08
0.3024000E+01 6.27036e-08
0.3026000E+01 6.99001e-08
0.3028000E+01 6.56549e-08
0.3030000E+01 5.17202e-08
0.3032000E+01 5.60144e-08
0.3034000E+01 5.85852e-08
0.3036000E+01 6.11831e-08
0.3038000E+01 6.62746e-08
0.3040000E+01 6.51317e-08
0.3042000E+01 7.97694e-08
0.3044000E+01 6.99268e-08
0.3046000E+01 8.54584e-08
0.3048000E+01 7.05442e-08
0.3050000E+01 7.02372e-08
0.3052000E+01 7.04249e-08
0.3054000E+01 6.54731e-08
0.3056000E+01 5.68803e-08
0.3058000E+01 5.99235e-08
0.3060000E+01 6.75286e-08
0.3062000E+01 6.19449e-08
0.3064000E+01 6.77072e-08
0.3066000E+01 6.90478e-08
0.3068000E+01 7.18533e-08
0.3070000E+01 7.74948e-08
0.3072000E+01 7.66078e-08
0.3074000E+01 7.00249e-08
0.3076000E+01 7.69676e-08
0.3078000E+01 6.48412e-08
0.3080000E+01 7.83721e-08
0.3082000E+01 8.97743e-08
0.3084000E+01 9.03355e-08
0.3086000E+01 8.6002e-08
0.3088000E+01 8.49823e-08
0.3090000E+01 8.21111e-08
0.3092000E+01 7.21008e-08
0.3094000E+01 7.0142e-08
0.3096000E+01 6.11235e-08
0.3098000E+01 8.30775e-08
0.3100000E+01 8.59475e-08
0.3102000E+01 8.31087e-08
0.3104000E+01 8.40059e-08
0.3106000E+01 6.59842e-08
0.3108000E+01 1.066e-07
0.3110000E+01 8.0841e-08
0.3112000E+01 6.8116e-08
0.3114000E+01 8.19721e-08
0.3116000E+01 9.29991e-08
0.3118000E+01 8.76666e-08
0.3120000E+01 9.56522e-08
0.3122000E+01 9.97332e-08
0.3124000E+01 7.50451e-08
0.3126000E+01 6.50202e-08
0.3128000E+01 6.66289e-08
0.3130000E+01 8.47735e-08
0.3132000E+01 9.88426e-08
0.3134000E+01 8.79882e-08
0.3136000E+01 1.01326e-07
0.3138000E+01 1.00649e-07
0.3140000E+01 8.25106e-08
0.3142000E+01 9.48144e-08
0.3144000E+01 1.00091e-07
0.3146000E+01 1.13218e-07
0.3148000E+01 9.62975e-08
0.3150000E+01 8.80703e-08
0.3152000E+01 7.75258e-08
0.3154000E+01 1.01092e-07
0.3156000E+01 6.4472e-08
0.3158000E+01 5.41502e-08
0.3160000E+01 8.95559e-08
0.3162000E+01 1.14656e-08
0.3164000E+01 7.51874e-08
0.3166000E+01 4.11198e-07
0.3168000E+01 1.2907e-07
0.3170000E+01 -1.34986e-07
0.3172000E+01 9.13493e-09
0.3174000E+01 5.14844e-08
0.3176000E+01 1.86066e-07
0.3178000E+01 8.54017e-08
0.3180000E+01 1.19675e-07
0.3182000E+01 2.27064e-07
0.3184000E+01 1.03763e-07
0.3186000E+01 1.79972e-07
0.3188000E+01 1.64427e-07
0.3190000E+01 2.06056e-07
0.3192000E+01 1.67791e-07
0.3194000E+01 1.24302e-07
0.3196000E+01 1.33305e-07
0.3198000E+01 1.56974e-07
0.3200000E+01 1.61827e-07
0.3202000E+01 1.92673e-07
0.3204000E+01 1.38011e-07
0.3206000E+01 1.5013e-07
0.3208000E+01 1.48337e-07
0.3210000E+01 1.52857e-07
0.3212000E+01 1.50563e-07
0.3214000E+01 1.9833e-07
0.3216000E+01 1.22005e-07
0.3218000E+01 1.11575e-07
0.3220000E+01 9.06218e-08
0.3222000E+01 1.15525e-07
0.3224000E+01 1.52372e-07
0.3226000E+01 1.46052e-07
0.3228000E+01 1.15994e-07
0.3230000E+01 6.49333e-08
0.3232000E+01 9.80496e-08
0.3234000E+01 1.41279e-07
0.3236000E+01 1.47888e-07
0.3238000E+01 1.21369e-07
0.3240000E+01 1.15793e-07
0.3242000E+01 1.00208e-07
0.3244000E+01 1.96417e-07
0.3246000E+01 8.98682e-08
0.3248000E+01 6.66014e-08
0.3250000E+01 9.22246e-08
0.3252000E+01 1.92821e-07
0.3254000E+01 -1.5061e-07
0.3256000E+01 2.8943e-07
0.3258000E+01 -4.3216e-08
0.3260000E+01 2.52592e-07
0.3262000E+01 -1.02337e-06
0.3264000E+01 1.45587e-07
0.3266000E+01 3.31563e-07
0.3268000E+01 1.11317e-07
0.3270000E+01 1.16239e-07
0.3272000E+01 2.84703e-07
0.3274000E+01 2.87426e-07
0.3276000E+01 5.12793e-07
0.3278000E+01 -4.15776e-08
0.3280000E+01 -7.18953e-08
0.3282000E+01 3.28422e-07
0.3284000E+01 3.25098e-07
0.3286000E+01 8.30919e-07
0.3288000E+01 1.63296e-07
0.3290000E+01 8.34399e-07
0.3292000E+01 7.58926e-07
0.3294000E+01 5.43016e-07
0.3296000E+01 -1.68649e-07
0.3298000E+01 -6.43729e-09
0.3300000E+01 -4.40678e-07
0.3302000E+01 -3.39215e-07
0.3304000E+01 -3.93086e-07
0.3306000E+01 -1.56994e-07
0.3308000E+01 -1.27826e-07
0.3310000E+01 -1.83303e-07
0.3312000E+01 -2.01011e-07
0.3314000E+01 -1.44101e-07
0.3316000E+01 -1.31078e-07
0.3318000E+01 -1.2022e-07
0.3320000E+01 -1.07228e-07
0.3322000E+01 -7.11773e-08
0.3324000E+01 -9.27612e-08
0.3326000E+01 -1.1541e-07
0.3328000E+01 -1.06361e-07
0.3330000E+01 -6.593e-08
0.3332000E+01 -5.78993e-08
0.3334000E+01 -5.83444e-08
0.3336000E+01 -5.22957e-08
0.3338000E+01 -4.88305e-08
0.3340000E+01 -5.08829e-08
0.3342000E+01 -5.85404e-08
0.3344000E+01 -5.3389e-08
0.3346000E+01 -3.91074e-08
0.3348000E+01 -3.13142e-08
0.3350000E+01 -2.40587e-08
0.3352000E+01 -2.6745e-08
0.3354000E+01 -3.37556e-08
0.3356000E+01 -5.04428e-08
0.3358000E+01 -5.06807e-08
0.3360000E+01 -3.0152e-08
0.3362000E+01 -2.52147e-08
0.3364000E+01 -4.26934e-08
0.3366000E+01 -3.86323e-08
0.3368000E+01 -2.80859e-08
0.3370000E+01 -2.24059e-08
0.3372000E+01 -2.02411e-08
0.3374000E+01 -1.97891e-08
0.3376000E+01 -1.73024e-08
0.3378000E+01 -1.82053e-08
0.3380000E+01 -1.48597e-08
0.3382000E+01 -1.46817e-08
0.3384000E+01 -3.31974e-08
0.3386000E+01 -2.39687e-08
0.3388000E+01 -1.51723e-08
0.3390000E+01 -1.42381e-08
0.3392000E+01 -9.41216e-08
0.3394000E+01 -2.31233e-08
0.3396000E+01 -2.87154e-08
0.3398000E+01 -2.17716e-08
0.3400000E+01 -1.46898e-08
0.3402000E+01 -3.76372e-08
0.3404000E+01 -2.82477e-08
0.3406000E+01 -3.00791e-08
0.3408000E+01 -2.94066e-08
0.3410000E+01 -2.37816e-08
0.3412000E+01 -2.24823e-08
0.3414000E+01 -2.3488e-08
0.3416000E+01 -2.50864e-08
0.3418000E+01 -2.65613e-08
0.3420000E+01 -4.45594e-08
0.3422000E+01 -3.8167e-08
0.3424000E+01 -3.51708e-08
0.3426000E+01 -2.41257e-08
0.3428000E+01 -2.026e-08
0.3430000E+01 9.41074e-08
0.3432000E+01 -1.78705e-08
0.3434000E+01 -1.94257e-08
0.3436000E+01 -3.49197e-08
0.3438000E+01 -4.16799e-08
0.3440000E+01 -3.50332e-08
0.3442000E+01 -4.59901e-08
0.3444000E+01 -4.01951e-08
0.3446000E+01 -2.82171e-08
0.3448000E+01 -2.30484e-08
0.3450000E+01 -2.81037e-08
0.3452000E+01 -5.33573e-08
0.3454000E+01 -4.15353e-08
0.3456000E+01 3.10544e-08
0.3458000E+01 1.92036e-08
0.3460000E+01 2.51551e-08
0.3462000E+01 -1.53336e-08
0.3464000E+01 -2.84467e-08
0.3466000E+01 -5.86376e-08
0.3468000E+01 -6.08084e-08
0.3470000E+01 -4.89911e-08
0.3472000E+01 -3.43594e-08
0.3474000E+01 -4.04847e-08
0.3476000E+01 -3.53884e-08
0.3478000E+01 -4.83805e-08
0.3480000E+01 -1.53227e-08
0.3482000E+01 7.62672e-11
0.3484000E+01 -1.19953e-08
0.3486000E+01 2.03326e-09
0.3488000E+01 -2.00882e-08
0.3490000E+01 -2.95761e-08
0.3492000E+01 -3.51541e-08
0.3494000E+01 2.07518e-08
0.3496000E+01 -3.58844e-08
0.3498000E+01 -4.03727e-08
0.3500000E+01 -9.75259e-09
0.3502000E+01 -2.368e-08
0.3504000E+01 8.67715e-11
0.3506000E+01 6.56371e-09
0.3508000E+01 2.44378e-08
0.3510000E+01 -2.44539e-08
0.3512000E+01 -4.50734e-08
0.3514000E+01 2.49112e-08
0.3516000E+01 5.2395e-09
0.3518000E+01 -7.25772e-09
0.3520000E+01 2.04817e-08
0.3522000E+01 4.32987e-08
0.3524000E+01 1.53514e-07
0.3526000E+01 1.11201e-07
0.3528000E+01 8.37675e-08
0.3530000E+01 6.82548e-08
0.3532000E+01 7.42339e-08
0.3534000E+01 7.31022e-08
0.3536000E+01 5.62372e-08
0.3538000E+01 6.69644e-08
0.3540000E+01 8.65006e-08
0.3542000E+01 1.36734e-07
0.3544000E+01 1.419e-07
0.3546000E+01 1.41487e-07
0.3548000E+01 8.89621e-08
0.3550000E+01 9.04758e-08
0.3552000E+01 8.36464e-08
0.3554000E+01 1.08384e-07
0.3556000E+01 6.73273e-08
0.3558000E+01 8.18538e-08
0.3560000E+01 2.90535e-07
0.3562000E+01 1.39729e-07
0.3564000E+01 1.2829e-07
0.3566000E+01 1.12773e-07
0.3568000E+01 8.40635e-08
0.3570000E+01 8.39896e-08
0.3572000E+01 8.87642e-08
0.3574000E+01 3.60402e-07
0.3576000E+01 2.01337e-07
0.3578000E+01 1.63746e-07
0.3580000E+01 1.88125e-07
0.3582000E+01 1.61956e-07
0.3584000E+01 1.80678e-07
0.3586000E+01 5.14731e-07
0.3588000E+01 3.31068e-07
0.3590000E+01 4.87325e-07
0.3592000E+01 4.04072e-07
0.3594000E+01 1.23046e-06
0.3596000E+01 8.91896e-07
0.3598000E+01 3.79635e-06
0.3600000E+01 -5.44775e-06
0.3602000E+01 -1.42654e-06
0.3604000E+01 -9.69219e-07
0.3606000E+01 -5.96897e-07
0.3608000E+01 -4.97899e-07
0.3610000E+01 -3.72037e-07
0.3612000E+01 -3.56697e-07
0.3614000E+01 -3.5238e-07
0.3616000E+01 -2.16616e-07
0.3618000E+01 -2.20838e-07
0.3620000E+01 -2.52744e-07
0.3622000E+01 -2.88314e-07
0.3624000E+01 -1.70624e-07
0.3626000E+01 -1.99629e-07
0.3628000E+01 -2.31035e-07
0.3630000E+01 -3.13731e-07
0.3632000E+01 -1.41762e-07
0.3634000E+01 -1.33718e-07
0.3636000E+01 -1.67379e-07
0.3638000E+01 -2.35939e-07
0.3640000E+01 -1.29548e-07
0.3642000E+01 -1.21448e-07
0.3644000E+01 -1.00702e-07
0.3646000E+01 -1.26061e-07
0.3648000E+01 -1.88963e-07
0.3650000E+01 -1.22416e-07
0.3652000E+01 -9.92415e-08
0.3654000E+01 -1.26764e-07
0.3656000E+01 -1.46646e-07
0.3658000E+01 -1.67078e-07
0.3660000E+01 -1.01501e-07
0.3662000E+01 -8.44678e-08
0.3664000E+01 -1.10589e-07
0.3666000E+01 -1.20662e-07
0.3668000E+01 -1.16479e-07
0.3670000E+01 -6.74277e-08
0.3672000E+01 -8.4791e-08
0.3674000E+01 -8.75078e-08
0.3676000E+01 -8.44592e-08
0.3678000E+01 -9.14874e-08
0.3680000E+01 -9.76456e-08
0.3682000E+01 -8.34238e-08
0.3684000E+01 -8.08482e-08
0.3686000E+01 -8.62483e-08
0.3688000E+01 -1.01645e-07
0.3690000E+01 -9.64064e-08
0.3692000E+01 -1.20798e-07
0.3694000E+01 -7.78153e-08
0.3696000E+01 -7.98655e-08
0.3698000E+01 -7.65003e-08
0.3700000E+01 -7.44726e-08
0.3702000E+01 -7.72781e-08
0.3704000E+01 -1.03915e-07
0.3706000E+01 -5.93168e-08
0.3708000E+01 -6.48203e-08
0.3710000E+01 -6.67372e-08
0.3712000E+01 -7.7998e-08
0.3714000E+01 -8.28304e-08
0.3716000E+01 -9.00595e-08
0.3718000E+01 -6.80074e-08
0.3720000E+01 -7.09932e-08
0.3722000E+01 -6.74643e-08
0.3724000E+01 -6.49452e-08
0.3726000E+01 -6.51183e-08
0.3728000E+01 -6.13119e-08
0.3730000E+01 -4.90602e-08
0.3732000E+01 -5.46028e-08
0.3734000E+01 -5.47169e-08
0.3736000E+01 -6.06573e-08
0.3738000E+01 -6.08331e-08
0.3740000E+01 -6.30202e-08
0.3742000E+01 -8.24087e-08
0.3744000E+01 -6.27109e-08
0.3746000E+01 -6.14648e-08
0.3748000E+01 -6.25726e-08
0.3750000E+01 -6.08985e-08
0.3752000E+01 -5.69156e-08
0.3754000E+01 -6.81286e-08
0.3756000E+01 -4.94794e-08
0.3758000E+01 -6.10608e-08
0.3760000E+01 -5.37085e-08
0.3762000E+01 -4.9808e-08
0.3764000E+01 -5.18617e-08
0.3766000E+01 -5.48974e-08
0.3768000E+01 -4.97194e-08
0.3770000E+01 -4.38647e-08
0.3772000E+01 -3.51554e-08
0.3774000E+01 -4.68005e-08
0.3776000E+01 -5.28595e-08
0.3778000E+01 -5.34804e-08
0.3780000E+01 -5.87252e-08
0.3782000E+01 -4.81812e-08
0.3784000E+01 -5.48337e-08
0.3786000E+01 -4.51237e-08
0.3788000E+01 -5.08428e-08
0.3790000E+01 -5.45369e-08
0.3792000E+01 -5.31031e-08
0.3794000E+01 -5.09262e-08
0.3796000E+01 -4.968e-08
0.3798000E+01 -5.06972e-08
0.3800000E+01 -5.05027e-08
0.3802000E+01 -5.95272e-08
0.3804000E+01 -3.43919e-08
0.3806000E+01 -3.46845e-08
0.3808000E+01 -3.01911e-08
0.3810000E+01 -4.25672e-08
0.3812000E+01 -4.21008e-08
0.3814000E+01 -3.03067e-08
0.3816000E+01 -4.51744e-08
0.3818000E+01 -4.0394e-08
0.3820000E+01 -3.28159e-08
0.3822000E+01 -4.38392e-08
0.3824000E+01 -4.03395e-08
0.3826000E+01 -2.88636e-08
0.3828000E+01 -5.84514e-08
0.3830000E+01 -5.44197e-08
0.3832000E+01 -1.2877e-08
0.3834000E+01 -4.01245e-08
0.3836000E+01 -1.22831e-08
0.3838000E+01 -4.76775e-08
0.3840000E+01 -3.80768e-08
0.3842000E+01 -1.06322e-07
0.3844000E+01 5.51743e-08
0.3846000E+01 6.93159e-08
0.3848000E+01 -1.33813e-07
0.3850000E+01 4.90218e-08
0.3852000E+01 -3.02716e-08
0.3854000E+01 -2.29749e-08
0.3856000E+01 -2.40061e-08
0.3858000E+01 -2.21863e-08
0.3860000E+01 -3.11175e-08
0.3862000E+01 -3.54337e-08
0.3864000E+01 -3.3153e-08
0.3866000E+01 -5.36696e-08
0.3868000E+01 -1.9271e-08
0.3870000E+01 -8.87574e-09
0.3872000E+01 -1.82909e-08
0.3874000E+01 -2.05189e-08
0.3876000E+01 -1.88429e-08
0.3878000E+01 -1.96117e-08
0.3880000E+01 -2.58361e-08
0.3882000E+01 -3.27042e-08
0.3884000E+01 -5.3831e-08
0.3886000E+01 -3.79314e-08
0.3888000E+01 -9.57783e-09
0.3890000E+01 -9.59282e-09
0.3892000E+01 -1.0441e-08
0.3894000E+01 -1.30223e-08
0.3896000E+01 -1.54834e-08
0.3898000E+01 -3.38518e-08
0.3900000E+01 -3.98532e-08
0.3902000E+01 1.60994e-08
0.3904000E+01 1.51453e-08
0.3906000E+01 1.52075e-08
0.3908000E+01 8.78274e-09
0.3910000E+01 1.44836e-09
0.3912000E+01 -3.6975e-08
0.3914000E+01 7.27972e-09
0.3916000E+01 3.69919e-08
0.3918000E+01 3.2518e-08
0.3920000E+01 1.76315e-08
0.3922000E+01 1.40808e-08
0.3924000E+01 1.44783e-08
0.3926000E+01 -8.05092e-09
0.3928000E+01 8.35215e-10
0.3930000E+01 2.4698e-08
0.3932000E+01 2.30021e-08
0.3934000E+01 1.98885e-08
0.3936000E+01 7.03179e-09
0.3938000E+01 5.40948e-09
0.3940000E+01 9.06424e-09
0.3942000E+01 8.64165e-09
0.3944000E+01 3.09161e-09
0.3946000E+01 -3.27348e-09
0.3948000E+01 -7.48154e-10
0.3950000E+01 4.54973e-09
0.3952000E+01 2.08584e-09
0.3954000E+01 -9.41856e-09
0.3956000E+01 -1.47136e-08
0.3958000E+01 -1.39181e-08
0.3960000E+01 -6.27349e-09
0.3962000E+01 -8.54499e-09
0.3964000E+01 -4.53712e-09
0.3966000E+01 -1.50687e-09
0.3968000E+01 -3.24865e-09
0.3970000E+01 -2.166e-09
0.3972000E+01 1.38105e-09
0.3974000E+01 7.27377e-11
0.3976000E+01 5.73897e-09
0.3978000E+01 -8.72238e-08
0.3980000E+01 -4.991e-08
0.3982000E+01 -3.43096e-08
0.3984000E+01 -2.84296e-09
0.3986000E+01 -9.1814e-09
0.3988000E+01 7.15325e-09
0.3990000E+01 1.34642e-08
0.3992000E+01 -6.75508e-08
0.3994000E+01 -1.87415e-08
0.3996000E+01 -1.27004e-08
0.3998000E+01 -8.58167e-09
0.4000000E+01 6.39611e-09
