0.0000000E+00 0
0.2000000E-02 0
0.4000000E-02 0
0.6000000E-02 0
0.8000000E-02 0
0.1000000E-01 0
0.1200000E-01 0
0.1400000E-01 0
0.1600000E-01 0
0.1800000E-01 0
0.2000000E-01 0
0.2200000E-01 0
0.2400000E-01 0
0.2600000E-01 0
0.2800000E-01 0
0.3000000E-01 0
0.3200000E-01 0
0.3400000E-01 0
0.3600000E-01 0
0.3800000E-01 0
0.4000000E-01 0
0.4200000E-01 0
0.4400000E-01 0
0.4600000E-01 0
0.4800000E-01 0
0.5000000E-01 0
0.5200000E-01 0
0.5400000E-01 0
0.5600000E-01 0
0.5800000E-01 0
0.6000000E-01 0
0.6200000E-01 0
0.6400000E-01 0
0.6600000E-01 0
0.6800000E-01 0
0.7000000E-01 0
0.7200000E-01 0
0.7400000E-01 0
0.7600000E-01 0
0.7800000E-01 0
0.8000000E-01 0
0.8200000E-01 0
0.8400000E-01 0
0.8600000E-01 -1.76984e-06
0.8800000E-01 -4.43575e-06
0.9000000E-01 -3.35612e-06
0.9200000E-01 -1.07445e-06
0.9400000E-01 -7.82153e-07
0.9600000E-01 -7.01229e-07
0.9800000E-01 -6.30006e-07
0.1000000E+00 -5.03965e-07
0.1020000E+00 -3.16894e-07
0.1040000E+00 -1.1917e-07
0.1060000E+00 7.06105e-08
0.1080000E+00 3.03432e-08
0.1100000E+00 -6.34441e-07
0.1120000E+00 -3.73202e-07
0.1140000E+00 6.85525e-09
0.1160000E+00 4.11892e-07
0.1180000E+00 3.07662e-07
0.1200000E+00 1.39272e-06
0.1220000E+00 6.74822e-07
0.1240000E+00 -7.65497e-07
0.1260000E+00 -8.15188e-07
0.1280000E+00 -3.53841e-07
0.1300000E+00 -2.49124e-07
0.1320000E+00 -2.13948e-07
0.1340000E+00 -9.0651e-08
0.1360000E+00 1.56828e-07
0.1380000E+00 1.82407e-07
0.1400000E+00 1.68596e-07
0.1420000E+00 1.48988e-07
0.1440000E+00 6.1944e-08
0.1460000E+00 4.3729e-08
0.1480000E+00 1.04716e-07
0.1500000E+00 1.62545e-07
0.1520000E+00 1.61621e-07
0.1540000E+00 1.56683e-07
0.1560000E+00 1.19569e-07
0.1580000E+00 7.72504e-08
0.1600000E+00 5.53753e-08
0.1620000E+00 3.00296e-08
0.1640000E+00 4.1363e-07
0.1660000E+00 7.10938e-07
0.1680000E+00 4.93117e-07
0.1700000E+00 6.91454e-07
0.1720000E+00 8.79919e-07
0.1740000E+00 1.05921e-06
0.1760000E+00 -2.23578e-07
0.1780000E+00 -1.4894e-08
0.1800000E+00 1.89438e-08
0.1820000E+00 1.65919e-08
0.1840000E+00 1.6249e-08
0.1860000E+00 1.5653e-08
0.1880000E+00 2.84778e-08
0.1900000E+00 4.11362e-08
0.1920000E+00 9.73823e-08
0.1940000E+00 4.44901e-07
0.1960000E+00 3.90263e-07
0.1980000E+00 3.39073e-07
0.2000000E+00 2.85048e-07
0.2020000E+00 2.28063e-07
0.2040000E+00 1.67984e-07
0.2060000E+00 1.04663e-07
0.2080000E+00 3.85492e-08
0.2100000E+00 1.04135e-07
0.2120000E+00 2.38195e-07
0.2140000E+00 2.67619e-07
0.2160000E+00 2.69366e-07
0.2180000E+00 2.56155e-07
0.2200000E+00 2.79344e-07
0.2220000E+00 3.19067e-07
0.2240000E+00 4.72143e-07
0.2260000E+00 5.75137e-07
0.2280000E+00 6.7282e-07
0.2300000E+00 4.96875e-07
0.2320000E+00 -1.12733e-07
0.2340000E+00 -5.6839e-08
0.2360000E+00 -4.64137e-08
0.2380000E+00 -1.24815e-08
0.2400000E+00 2.6256e-08
0.2420000E+00 2.26832e-08
0.2440000E+00 2.11106e-08
0.2460000E+00 1.19774e-08
0.2480000E+00 1.72206e-09
0.2500000E+00 1.18196e-07
0.2520000E+00 3.8243e-07
0.2540000E+00 3.30887e-07
0.2560000E+00 2.73801e-07
0.2580000E+00 2.09807e-07
0.2600000E+00 1.4282e-07
0.2620000E+00 2.30331e-07
0.2640000E+00 2.10526e-07
0.2660000E+00 1.91609e-07
0.2680000E+00 2.03882e-07
0.2700000E+00 2.4329e-07
0.2720000E+00 2.57143e-07
0.2740000E+00 2.65454e-07
0.2760000E+00 2.78179e-07
0.2780000E+00 2.93937e-07
0.2800000E+00 4.99541e-07
0.2820000E+00 3.5987e-07
0.2840000E+00 -4.27699e-08
0.2860000E+00 5.94536e-08
0.2880000E+00 5.68998e-08
0.2900000E+00 1.89279e-08
0.2920000E+00 1.38988e-08
0.2940000E+00 9.90677e-09
0.2960000E+00 6.03529e-09
0.2980000E+00 2.03754e-09
0.3000000E+00 -3.3857e-10
0.3020000E+00 8.05517e-09
0.3040000E+00 8.76632e-09
0.3060000E+00 3.23699e-07
0.3080000E+00 2.86059e-07
0.3100000E+00 2.46988e-07
0.3120000E+00 2.08496e-07
0.3140000E+00 2.79419e-07
0.3160000E+00 3.14976e-07
0.3180000E+00 2.91095e-07
0.3200000E+00 2.59967e-07
0.3220000E+00 2.43924e-07
0.3240000E+00 2.55269e-07
0.3260000E+00 2.66836e-07
0.3280000E+00 2.78837e-07
0.3300000E+00 1.60167e-07
0.3320000E+00 -5.17106e-07
0.3340000E+00 -2.0806e-08
0.3360000E+00 4.79041e-07
0.3380000E+00 1.62766e-07
0.3400000E+00 3.07458e-08
0.3420000E+00 3.2405e-08
0.3440000E+00 3.39582e-08
0.3460000E+00 4.32531e-08
0.3480000E+00 5.31302e-08
0.3500000E+00 4.48011e-08
0.3520000E+00 4.20791e-08
0.3540000E+00 3.94103e-08
0.3560000E+00 2.2123e-07
0.3580000E+00 2.69516e-07
0.3600000E+00 3.60565e-07
0.3620000E+00 2.88141e-07
0.3640000E+00 2.5102e-07
0.3660000E+00 2.77902e-07
0.3680000E+00 3.30691e-07
0.3700000E+00 2.96391e-07
0.3720000E+00 2.93475e-07
0.3740000E+00 1.94337e-07
0.3760000E+00 -6.08862e-07
0.3780000E+00 -1.39806e-07
0.3800000E+00 -1.39135e-07
0.3820000E+00 -1.34424e-07
0.3840000E+00 1.21293e-06
0.3860000E+00 4.03377e-08
0.3880000E+00 7.20792e-08
0.3900000E+00 7.387e-08
0.3920000E+00 7.60542e-08
0.3940000E+00 7.77107e-08
0.3960000E+00 7.80699e-08
0.3980000E+00 8.05221e-08
0.4000000E+00 8.36852e-08
0.4020000E+00 1.30025e-07
0.4040000E+00 3.55949e-07
0.4060000E+00 3.67081e-07
0.4080000E+00 3.74804e-07
0.4100000E+00 3.82907e-07
0.4120000E+00 3.81076e-07
0.4140000E+00 -1.49846e-07
0.4160000E+00 -1.42531e-07
0.4180000E+00 -1.41283e-07
0.4200000E+00 -7.81567e-08
0.4220000E+00 -1.07958e-07
0.4240000E+00 -5.24841e-08
0.4260000E+00 2.58714e-07
0.4280000E+00 3.28813e-07
0.4300000E+00 2.47353e-07
0.4320000E+00 1.63725e-07
0.4340000E+00 1.06597e-07
0.4360000E+00 1.14195e-07
0.4380000E+00 1.22074e-07
0.4400000E+00 1.37992e-07
0.4420000E+00 1.46537e-07
0.4440000E+00 1.51463e-07
0.4460000E+00 2.03991e-07
0.4480000E+00 5.73394e-07
0.4500000E+00 -1.13372e-07
0.4520000E+00 -5.22091e-08
0.4540000E+00 -1.00359e-07
0.4560000E+00 -4.34016e-08
0.4580000E+00 -1.32191e-08
0.4600000E+00 -1.26445e-08
0.4620000E+00 -1.04215e-08
0.4640000E+00 7.84437e-09
0.4660000E+00 2.17927e-07
0.4680000E+00 1.98274e-07
0.4700000E+00 2.63774e-07
0.4720000E+00 2.36909e-07
0.4740000E+00 2.24972e-07
0.4760000E+00 2.19201e-07
0.4780000E+00 2.17254e-07
0.4800000E+00 2.60433e-08
0.4820000E+00 -4.261e-07
0.4840000E+00 -3.739e-07
0.4860000E+00 8.60181e-07
0.4880000E+00 2.64859e-08
0.4900000E+00 6.71105e-08
0.4920000E+00 7.26133e-08
0.4940000E+00 6.87714e-08
0.4960000E+00 6.04354e-08
0.4980000E+00 8.96709e-08
0.5000000E+00 2.11319e-07
0.5020000E+00 3.10145e-07
0.5040000E+00 3.30621e-07
0.5060000E+00 3.53237e-07
0.5080000E+00 8.41097e-08
0.5100000E+00 -4.61926e-07
0.5120000E+00 -1.65557e-07
0.5140000E+00 -1.57873e-07
0.5160000E+00 1.74738e-07
0.5180000E+00 1.88781e-07
0.5200000E+00 1.5619e-07
0.5220000E+00 1.49605e-07
0.5240000E+00 1.12721e-07
0.5260000E+00 1.15881e-07
0.5280000E+00 1.32493e-07
0.5300000E+00 1.52218e-07
0.5320000E+00 4.25468e-07
0.5340000E+00 -7.43715e-08
0.5360000E+00 -8.35877e-08
0.5380000E+00 -8.25858e-08
0.5400000E+00 -6.8597e-08
0.5420000E+00 6.9359e-09
0.5440000E+00 2.33697e-07
0.5460000E+00 2.33283e-07
0.5480000E+00 2.33209e-07
0.5500000E+00 2.37221e-07
0.5520000E+00 2.3961e-07
0.5540000E+00 -5.49927e-07
0.5560000E+00 -7.80508e-08
0.5580000E+00 9.56241e-08
0.5600000E+00 1.03144e-07
0.5620000E+00 1.63374e-08
0.5640000E+00 3.84221e-08
0.5660000E+00 6.25868e-08
0.5680000E+00 4.00303e-07
0.5700000E+00 6.88257e-07
0.5720000E+00 -4.26299e-07
0.5740000E+00 -2.74911e-07
0.5760000E+00 1.52693e-07
0.5780000E+00 1.8742e-07
0.5800000E+00 1.58878e-07
0.5820000E+00 1.43912e-07
0.5840000E+00 1.27949e-07
0.5860000E+00 -1.91705e-07
0.5880000E+00 8.71036e-08
0.5900000E+00 -9.85577e-08
0.5920000E+00 -4.25382e-08
0.5940000E+00 2.62197e-07
0.5960000E+00 4.08257e-07
0.5980000E+00 -1.10434e-06
0.6000000E+00 7.00447e-08
0.6020000E+00 3.5286e-09
0.6040000E+00 -5.1991e-08
0.6060000E+00 -1.85558e-08
0.6080000E+00 -5.50421e-07
0.6100000E+00 -4.19507e-08
0.6120000E+00 1.40521e-07
0.6140000E+00 1.06584e-07
0.6160000E+00 -4.01992e-07
0.6180000E+00 -2.38918e-07
0.6200000E+00 9.52818e-08
0.6220000E+00 -1.34573e-07
0.6240000E+00 -7.98992e-07
0.6260000E+00 -3.56078e-07
0.6280000E+00 -1.14252e-06
0.6300000E+00 1.21852e-07
0.6320000E+00 2.10259e-06
0.6340000E+00 -9.70979e-07
0.6360000E+00 9.41521e-07
0.6380000E+00 -3.11466e-07
0.6400000E+00 -6.20619e-08
0.6420000E+00 -5.09778e-07
0.6440000E+00 8.21265e-08
0.6460000E+00 -2.22928e-07
0.6480000E+00 -1.03074e-07
0.6500000E+00 -2.0062e-07
0.6520000E+00 -2.31922e-07
0.6540000E+00 3.3576e-07
0.6560000E+00 -1.2459e-07
0.6580000E+00 2.82564e-07
0.6600000E+00 9.09362e-08
0.6620000E+00 -7.8045e-08
0.6640000E+00 -1.00176e-07
0.6660000E+00 2.63672e-08
0.6680000E+00 2.96505e-07
0.6700000E+00 -1.10082e-07
0.6720000E+00 1.88834e-07
0.6740000E+00 7.91428e-08
0.6760000E+00 7.95005e-08
0.6780000E+00 1.96128e-08
0.6800000E+00 -3.50419e-08
0.6820000E+00 -4.3907e-08
0.6840000E+00 1.56914e-07
0.6860000E+00 1.00751e-07
0.6880000E+00 9.8808e-08
0.6900000E+00 5.13606e-08
0.6920000E+00 1.56387e-08
0.6940000E+00 3.58237e-08
0.6960000E+00 6.15284e-08
0.6980000E+00 9.03328e-08
0.7000000E+00 6.06866e-08
0.7020000E+00 3.91102e-08
0.7040000E+00 4.31745e-08
0.7060000E+00 1.52587e-07
0.7080000E+00 1.1099e-07
0.7100000E+00 8.97823e-08
0.7120000E+00 5.73368e-08
0.7140000E+00 6.26304e-08
0.7160000E+00 6.59982e-08
0.7180000E+00 2.48051e-08
0.7200000E+00 3.72614e-08
0.7220000E+00 3.64015e-08
0.7240000E+00 3.69184e-08
0.7260000E+00 4.12747e-08
0.7280000E+00 4.13856e-08
0.7300000E+00 1.27862e-07
0.7320000E+00 9.38932e-08
0.7340000E+00 8.84581e-08
0.7360000E+00 9.97589e-08
0.7380000E+00 5.38254e-09
0.7400000E+00 8.24402e-08
0.7420000E+00 7.39181e-08
0.7440000E+00 6.9186e-08
0.7460000E+00 6.69686e-08
0.7480000E+00 6.32654e-08
0.7500000E+00 5.86055e-08
0.7520000E+00 6.03877e-08
0.7540000E+00 5.80944e-08
0.7560000E+00 6.08655e-08
0.7580000E+00 9.6738e-08
0.7600000E+00 1.09314e-07
0.7620000E+00 9.21487e-08
0.7640000E+00 8.54637e-08
0.7660000E+00 8.60371e-08
0.7680000E+00 6.61161e-09
0.7700000E+00 4.18194e-08
0.7720000E+00 4.45018e-08
0.7740000E+00 4.55454e-08
0.7760000E+00 7.80181e-08
0.7780000E+00 1.06489e-07
0.7800000E+00 8.53069e-08
0.7820000E+00 7.4503e-08
0.7840000E+00 7.43747e-08
0.7860000E+00 7.46073e-08
0.7880000E+00 7.12954e-08
0.7900000E+00 1.00603e-07
0.7920000E+00 1.11586e-07
0.7940000E+00 9.61748e-08
0.7960000E+00 8.91367e-08
0.7980000E+00 8.59193e-08
0.8000000E+00 8.34117e-08
0.8020000E+00 2.22745e-08
0.8040000E+00 2.37982e-08
0.8060000E+00 5.10051e-08
0.8080000E+00 5.06836e-08
0.8100000E+00 4.90624e-08
0.8120000E+00 5.1064e-08
0.8140000E+00 8.33933e-08
0.8160000E+00 1.20727e-07
0.8180000E+00 1.15154e-07
0.8200000E+00 8.7564e-08
0.8220000E+00 8.73959e-08
0.8240000E+00 8.69599e-08
0.8260000E+00 1.22999e-07
0.8280000E+00 9.48778e-08
0.8300000E+00 8.98186e-08
0.8320000E+00 8.21523e-08
0.8340000E+00 7.976e-08
0.8360000E+00 8.26332e-08
0.8380000E+00 9.05888e-08
0.8400000E+00 1.20777e-08
0.8420000E+00 4.35365e-08
0.8440000E+00 5.37929e-08
0.8460000E+00 5.18519e-08
0.8480000E+00 5.64208e-08
0.8500000E+00 5.56908e-08
0.8520000E+00 7.21296e-08
0.8540000E+00 1.03938e-07
0.8560000E+00 1.18292e-07
0.8580000E+00 1.13997e-07
0.8600000E+00 9.81469e-08
0.8620000E+00 9.55799e-08
0.8640000E+00 1.12271e-07
0.8660000E+00 9.42745e-08
0.8680000E+00 9.11508e-08
0.8700000E+00 9.01202e-08
0.8720000E+00 8.87464e-08
0.8740000E+00 8.6464e-08
0.8760000E+00 8.44476e-08
0.8780000E+00 8.35478e-08
0.8800000E+00 8.15299e-08
0.8820000E+00 4.31515e-08
0.8840000E+00 4.5029e-08
0.8860000E+00 5.07614e-08
0.8880000E+00 5.44733e-08
0.8900000E+00 7.10786e-08
0.8920000E+00 1.3716e-07
0.8940000E+00 1.51829e-07
0.8960000E+00 8.19509e-08
0.8980000E+00 8.06592e-08
0.9000000E+00 9.01285e-08
0.9020000E+00 9.55502e-08
0.9040000E+00 1.02727e-07
0.9060000E+00 9.05773e-08
0.9080000E+00 8.16572e-08
0.9100000E+00 7.8472e-08
0.9120000E+00 7.70432e-08
0.9140000E+00 7.51751e-08
0.9160000E+00 7.32919e-08
0.9180000E+00 1.16255e-07
0.9200000E+00 8.16887e-08
0.9220000E+00 8.1121e-08
0.9240000E+00 8.00985e-08
0.9260000E+00 5.41549e-08
0.9280000E+00 8.63259e-08
0.9300000E+00 1.3425e-07
0.9320000E+00 1.33199e-07
0.9340000E+00 1.11854e-07
0.9360000E+00 9.37799e-08
0.9380000E+00 8.48679e-08
0.9400000E+00 8.18786e-08
0.9420000E+00 8.08077e-08
0.9440000E+00 7.95947e-08
0.9460000E+00 8.88109e-08
0.9480000E+00 1.03216e-07
0.9500000E+00 9.91588e-08
0.9520000E+00 9.3732e-08
0.9540000E+00 8.15943e-08
0.9560000E+00 6.331e-08
0.9580000E+00 5.63832e-08
0.9600000E+00 6.25803e-08
0.9620000E+00 6.33025e-08
0.9640000E+00 7.93808e-08
0.9660000E+00 1.35056e-07
0.9680000E+00 1.60686e-07
0.9700000E+00 1.26449e-07
0.9720000E+00 7.11339e-08
0.9740000E+00 8.85459e-08
0.9760000E+00 8.63992e-08
0.9780000E+00 8.25362e-08
0.9800000E+00 1.13773e-07
0.9820000E+00 8.9064e-08
0.9840000E+00 8.69331e-08
0.9860000E+00 8.3694e-08
0.9880000E+00 8.02004e-08
0.9900000E+00 8.36015e-08
0.9920000E+00 7.87897e-08
0.9940000E+00 7.60593e-08
0.9960000E+00 7.36686e-08
0.9980000E+00 7.05658e-08
0.1000000E+01 6.71075e-08
0.1002000E+01 1.39475e-07
0.1004000E+01 1.79326e-07
0.1006000E+01 1.41517e-07
0.1008000E+01 1.16535e-07
0.1010000E+01 1.2514e-07
0.1012000E+01 1.35151e-07
0.1014000E+01 1.02221e-07
0.1016000E+01 8.74566e-08
0.1018000E+01 8.83394e-08
0.1020000E+01 5.88908e-08
0.1022000E+01 6.56436e-08
0.1024000E+01 6.97848e-08
0.1026000E+01 7.14877e-08
0.1028000E+01 6.96952e-08
0.1030000E+01 6.80291e-08
0.1032000E+01 6.70189e-08
0.1034000E+01 6.55605e-08
0.1036000E+01 8.16017e-08
0.1038000E+01 1.35521e-07
0.1040000E+01 1.78844e-07
0.1042000E+01 1.60671e-07
0.1044000E+01 1.48226e-07
0.1046000E+01 1.32127e-07
0.1048000E+01 1.09792e-07
0.1050000E+01 1.07677e-07
0.1052000E+01 1.04071e-07
0.1054000E+01 1.01709e-07
0.1056000E+01 1.00002e-07
0.1058000E+01 9.75187e-08
0.1060000E+01 9.17737e-08
0.1062000E+01 8.716e-08
0.1064000E+01 8.21262e-08
0.1066000E+01 7.71517e-08
0.1068000E+01 7.40997e-08
0.1070000E+01 4.48609e-08
0.1072000E+01 7.47216e-08
0.1074000E+01 1.69666e-07
0.1076000E+01 2.00123e-07
0.1078000E+01 1.31765e-07
0.1080000E+01 1.4496e-07
0.1082000E+01 1.29441e-07
0.1084000E+01 1.30127e-07
0.1086000E+01 1.17273e-07
0.1088000E+01 9.90482e-08
0.1090000E+01 9.12894e-08
0.1092000E+01 8.75711e-08
0.1094000E+01 8.52987e-08
0.1096000E+01 8.26477e-08
0.1098000E+01 8.0266e-08
0.1100000E+01 7.86504e-08
0.1102000E+01 7.68024e-08
0.1104000E+01 7.42686e-08
0.1106000E+01 9.9733e-08
0.1108000E+01 1.53101e-07
0.1110000E+01 1.86879e-07
0.1112000E+01 1.65603e-07
0.1114000E+01 1.52155e-07
0.1116000E+01 1.3027e-07
0.1118000E+01 1.15892e-07
0.1120000E+01 1.09915e-07
0.1122000E+01 9.99355e-08
0.1124000E+01 1.01162e-07
0.1126000E+01 8.86149e-08
0.1128000E+01 8.07894e-08
0.1130000E+01 8.00593e-08
0.1132000E+01 7.3449e-08
0.1134000E+01 7.16516e-08
0.1136000E+01 6.9657e-08
0.1138000E+01 6.75264e-08
0.1140000E+01 6.57609e-08
0.1142000E+01 1.96861e-07
0.1144000E+01 2.33227e-07
0.1146000E+01 1.4406e-07
0.1148000E+01 1.40984e-07
0.1150000E+01 1.66115e-07
0.1152000E+01 1.45812e-07
0.1154000E+01 1.32891e-07
0.1156000E+01 1.13889e-07
0.1158000E+01 1.04234e-07
0.1160000E+01 9.80626e-08
0.1162000E+01 9.42773e-08
0.1164000E+01 9.16149e-08
0.1166000E+01 8.96032e-08
0.1168000E+01 8.75268e-08
0.1170000E+01 8.54964e-08
0.1172000E+01 8.34668e-08
0.1174000E+01 1.24412e-07
0.1176000E+01 1.9515e-07
0.1178000E+01 2.28251e-07
0.1180000E+01 1.80626e-07
0.1182000E+01 1.23527e-07
0.1184000E+01 1.07667e-07
0.1186000E+01 1.11205e-07
0.1188000E+01 1.33231e-07
0.1190000E+01 1.31657e-07
0.1192000E+01 1.14475e-07
0.1194000E+01 1.09229e-07
0.1196000E+01 1.03231e-07
0.1198000E+01 9.7088e-08
0.1200000E+01 9.05427e-08
0.1202000E+01 8.46022e-08
0.1204000E+01 7.64483e-08
0.1206000E+01 7.17324e-08
0.1208000E+01 2.07215e-07
0.1210000E+01 2.46714e-07
0.1212000E+01 1.5572e-07
0.1214000E+01 1.53554e-07
0.1216000E+01 1.50897e-07
0.1218000E+01 1.39416e-07
0.1220000E+01 1.23653e-07
0.1222000E+01 1.07634e-07
0.1224000E+01 9.70889e-08
0.1226000E+01 1.24873e-07
0.1228000E+01 1.04677e-07
0.1230000E+01 1.01536e-07
0.1232000E+01 9.87299e-08
0.1234000E+01 8.81082e-08
0.1236000E+01 7.86552e-08
0.1238000E+01 8.97512e-08
0.1240000E+01 1.61303e-07
0.1242000E+01 2.35483e-07
0.1244000E+01 2.09132e-07
0.1246000E+01 1.58287e-07
0.1248000E+01 1.24616e-07
0.1250000E+01 1.19297e-07
0.1252000E+01 1.1614e-07
0.1254000E+01 1.08279e-07
0.1256000E+01 1.02296e-07
0.1258000E+01 1.02035e-07
0.1260000E+01 9.65646e-08
0.1262000E+01 8.88813e-08
0.1264000E+01 9.97539e-08
0.1266000E+01 1.01008e-07
0.1268000E+01 9.00215e-08
0.1270000E+01 8.13782e-08
0.1272000E+01 2.47185e-07
0.1274000E+01 2.94755e-07
0.1276000E+01 1.83701e-07
0.1278000E+01 1.80487e-07
0.1280000E+01 1.77973e-07
0.1282000E+01 1.63771e-07
0.1284000E+01 1.3804e-07
0.1286000E+01 1.17848e-07
0.1288000E+01 1.07892e-07
0.1290000E+01 1.03718e-07
0.1292000E+01 9.98822e-08
0.1294000E+01 9.83076e-08
0.1296000E+01 9.55825e-08
0.1298000E+01 9.28018e-08
0.1300000E+01 8.09964e-08
0.1302000E+01 1.47284e-07
0.1304000E+01 2.67374e-07
0.1306000E+01 2.86409e-07
0.1308000E+01 2.12329e-07
0.1310000E+01 1.41519e-07
0.1312000E+01 1.34364e-07
0.1314000E+01 1.30665e-07
0.1316000E+01 1.26216e-07
0.1318000E+01 1.225e-07
0.1320000E+01 1.19534e-07
0.1322000E+01 1.08642e-07
0.1324000E+01 9.50336e-08
0.1326000E+01 8.64275e-08
0.1328000E+01 8.26559e-08
0.1330000E+01 7.88013e-08
0.1332000E+01 1.3648e-07
0.1334000E+01 2.2834e-07
0.1336000E+01 2.80804e-07
0.1338000E+01 1.77484e-07
0.1340000E+01 1.74663e-07
0.1342000E+01 1.46641e-07
0.1344000E+01 1.48345e-07
0.1346000E+01 1.22975e-07
0.1348000E+01 1.14007e-07
0.1350000E+01 1.09098e-07
0.1352000E+01 1.02074e-07
0.1354000E+01 9.87158e-08
0.1356000E+01 9.56089e-08
0.1358000E+01 9.30809e-08
0.1360000E+01 9.03347e-08
0.1362000E+01 1.724e-07
0.1364000E+01 2.98238e-07
0.1366000E+01 2.98872e-07
0.1368000E+01 2.12405e-07
0.1370000E+01 1.74325e-07
0.1372000E+01 1.53671e-07
0.1374000E+01 1.51089e-07
0.1376000E+01 1.41885e-07
0.1378000E+01 9.55578e-08
0.1380000E+01 6.93101e-08
0.1382000E+01 8.07027e-08
0.1384000E+01 9.03966e-08
0.1386000E+01 9.10517e-08
0.1388000E+01 7.89147e-08
0.1390000E+01 9.14331e-08
0.1392000E+01 2.23334e-07
0.1394000E+01 3.00656e-07
0.1396000E+01 2.26077e-07
0.1398000E+01 1.83608e-07
0.1400000E+01 1.60892e-07
0.1402000E+01 1.47196e-07
0.1404000E+01 1.42093e-07
0.1406000E+01 1.28007e-07
0.1408000E+01 1.136e-07
0.1410000E+01 1.08348e-07
0.1412000E+01 7.70119e-08
0.1414000E+01 6.43806e-08
0.1416000E+01 7.51065e-08
0.1418000E+01 6.88959e-08
0.1420000E+01 2.40355e-07
0.1422000E+01 3.00769e-07
0.1424000E+01 2.01392e-07
0.1426000E+01 2.14499e-07
0.1428000E+01 1.87161e-07
0.1430000E+01 1.60311e-07
0.1432000E+01 9.82063e-08
0.1434000E+01 7.23862e-08
0.1436000E+01 8.8967e-08
0.1438000E+01 9.0277e-08
0.1440000E+01 8.14899e-08
0.1442000E+01 3.98768e-08
0.1444000E+01 4.60268e-08
0.1446000E+01 7.35809e-08
0.1448000E+01 1.854e-07
0.1450000E+01 2.96916e-07
0.1452000E+01 2.28525e-07
0.1454000E+01 1.49701e-07
0.1456000E+01 1.30258e-07
0.1458000E+01 1.26704e-07
0.1460000E+01 1.25456e-07
0.1462000E+01 1.23755e-07
0.1464000E+01 1.18991e-07
0.1466000E+01 1.21416e-07
0.1468000E+01 5.66213e-08
0.1470000E+01 5.8909e-08
0.1472000E+01 6.10714e-08
0.1474000E+01 1.27433e-07
0.1476000E+01 2.45136e-07
0.1478000E+01 2.2666e-07
0.1480000E+01 1.15356e-07
0.1482000E+01 1.15833e-07
0.1484000E+01 1.13382e-07
0.1486000E+01 1.05877e-07
0.1488000E+01 9.38706e-08
0.1490000E+01 5.0941e-08
0.1492000E+01 1.99211e-08
0.1494000E+01 3.47145e-08
0.1496000E+01 4.61722e-08
0.1498000E+01 5.91814e-08
0.1500000E+01 5.46952e-08
0.1502000E+01 2.28975e-07
0.1504000E+01 2.96819e-07
0.1506000E+01 1.89945e-07
0.1508000E+01 2.02988e-07
0.1510000E+01 1.73151e-07
0.1512000E+01 8.40684e-08
0.1514000E+01 4.25059e-08
0.1516000E+01 7.29178e-08
0.1518000E+01 7.74198e-08
0.1520000E+01 3.5349e-08
0.1522000E+01 6.84141e-10
0.1524000E+01 1.70525e-08
0.1526000E+01 3.38247e-08
0.1528000E+01 1.582e-07
0.1530000E+01 2.37687e-07
0.1532000E+01 1.04081e-07
0.1534000E+01 6.24454e-08
0.1536000E+01 6.58637e-08
0.1538000E+01 6.63838e-08
0.1540000E+01 7.28837e-08
0.1542000E+01 7.45868e-08
0.1544000E+01 7.10854e-08
0.1546000E+01 6.34007e-08
0.1548000E+01 8.02685e-08
0.1550000E+01 1.63908e-08
0.1552000E+01 5.69065e-08
0.1554000E+01 1.82349e-07
0.1556000E+01 2.45858e-07
0.1558000E+01 1.37487e-07
0.1560000E+01 6.26596e-08
0.1562000E+01 6.67534e-08
0.1564000E+01 8.35682e-08
0.1566000E+01 3.75445e-08
0.1568000E+01 5.9044e-09
0.1570000E+01 3.57031e-08
0.1572000E+01 3.79677e-08
0.1574000E+01 3.70876e-08
0.1576000E+01 4.04073e-08
0.1578000E+01 1.67887e-07
0.1580000E+01 2.37608e-07
0.1582000E+01 1.57523e-07
0.1584000E+01 1.09261e-07
0.1586000E+01 1.20105e-07
0.1588000E+01 1.27173e-07
0.1590000E+01 1.11791e-07
0.1592000E+01 9.77713e-08
0.1594000E+01 4.33255e-08
0.1596000E+01 1.60942e-08
0.1598000E+01 3.15468e-08
0.1600000E+01 3.05592e-08
0.1602000E+01 1.11214e-07
0.1604000E+01 1.2388e-07
0.1606000E+01 1.13227e-07
0.1608000E+01 1.6174e-07
0.1610000E+01 1.61871e-07
0.1612000E+01 1.6011e-07
0.1614000E+01 1.25224e-07
0.1616000E+01 1.2481e-07
0.1618000E+01 1.25415e-07
0.1620000E+01 1.24939e-07
0.1622000E+01 1.25419e-07
0.1624000E+01 1.15987e-07
0.1626000E+01 -2.21734e-08
0.1628000E+01 2.195e-07
0.1630000E+01 2.2123e-07
0.1632000E+01 1.62813e-07
0.1634000E+01 1.56247e-07
0.1636000E+01 1.57364e-07
0.1638000E+01 1.35394e-07
0.1640000E+01 1.32416e-07
0.1642000E+01 8.83841e-08
0.1644000E+01 7.55172e-08
0.1646000E+01 1.41963e-07
0.1648000E+01 1.41271e-07
0.1650000E+01 2.42427e-07
0.1652000E+01 3.40421e-07
0.1654000E+01 2.83789e-07
0.1656000E+01 1.88816e-07
0.1658000E+01 1.38913e-07
0.1660000E+01 1.48446e-07
0.1662000E+01 1.28187e-07
0.1664000E+01 1.09407e-07
0.1666000E+01 9.51023e-08
0.1668000E+01 1.51021e-07
0.1670000E+01 1.48925e-07
0.1672000E+01 2.10348e-07
0.1674000E+01 3.26536e-07
0.1676000E+01 3.27956e-07
0.1678000E+01 2.54662e-07
0.1680000E+01 2.4921e-07
0.1682000E+01 2.50275e-07
0.1684000E+01 2.01211e-07
0.1686000E+01 1.54653e-07
0.1688000E+01 1.5051e-07
0.1690000E+01 1.33668e-07
0.1692000E+01 1.07383e-07
0.1694000E+01 1.9278e-07
0.1696000E+01 3.32101e-07
0.1698000E+01 3.46786e-07
0.1700000E+01 2.75837e-07
0.1702000E+01 2.58314e-07
0.1704000E+01 2.47074e-07
0.1706000E+01 2.4277e-07
0.1708000E+01 2.33978e-07
0.1710000E+01 2.22631e-07
0.1712000E+01 1.71195e-07
0.1714000E+01 1.38794e-07
0.1716000E+01 2.16855e-07
0.1718000E+01 3.22051e-07
0.1720000E+01 2.936e-07
0.1722000E+01 2.40704e-07
0.1724000E+01 2.30992e-07
0.1726000E+01 2.53593e-07
0.1728000E+01 2.34741e-07
0.1730000E+01 2.30391e-07
0.1732000E+01 2.33861e-07
0.1734000E+01 2.47766e-07
0.1736000E+01 2.09073e-07
0.1738000E+01 3.04497e-07
0.1740000E+01 3.53998e-07
0.1742000E+01 2.80576e-07
0.1744000E+01 2.82716e-07
0.1746000E+01 3.08391e-07
0.1748000E+01 2.41065e-07
0.1750000E+01 2.28054e-07
0.1752000E+01 2.23712e-07
0.1754000E+01 2.19173e-07
0.1756000E+01 2.15208e-07
0.1758000E+01 2.42738e-07
0.1760000E+01 3.31932e-07
0.1762000E+01 2.71846e-07
0.1764000E+01 2.72156e-07
0.1766000E+01 2.57491e-07
0.1768000E+01 2.46033e-07
0.1770000E+01 2.40668e-07
0.1772000E+01 2.45097e-07
0.1774000E+01 2.40448e-07
0.1776000E+01 2.3086e-07
0.1778000E+01 3.39593e-07
0.1780000E+01 4.58063e-07
0.1782000E+01 3.94393e-07
0.1784000E+01 3.40256e-07
0.1786000E+01 2.87463e-07
0.1788000E+01 2.72089e-07
0.1790000E+01 2.57085e-07
0.1792000E+01 2.49136e-07
0.1794000E+01 2.35025e-07
0.1796000E+01 2.09978e-07
0.1798000E+01 3.54865e-07
0.1800000E+01 4.17235e-07
0.1802000E+01 3.45212e-07
0.1804000E+01 3.07399e-07
0.1806000E+01 2.8322e-07
0.1808000E+01 2.8846e-07
0.1810000E+01 2.90238e-07
0.1812000E+01 3.13342e-07
0.1814000E+01 2.95098e-07
0.1816000E+01 3.26225e-07
0.1818000E+01 4.1145e-07
0.1820000E+01 3.86971e-07
0.1822000E+01 3.44784e-07
0.1824000E+01 3.39301e-07
0.1826000E+01 3.47516e-07
0.1828000E+01 3.33725e-07
0.1830000E+01 3.05076e-07
0.1832000E+01 2.9455e-07
0.1834000E+01 3.1715e-07
0.1836000E+01 4.10833e-07
0.1838000E+01 4.19325e-07
0.1840000E+01 3.80574e-07
0.1842000E+01 3.73666e-07
0.1844000E+01 4.01855e-07
0.1846000E+01 3.95909e-07
0.1848000E+01 3.78232e-07
0.1850000E+01 3.68356e-07
0.1852000E+01 4.13753e-07
0.1854000E+01 4.84645e-07
0.1856000E+01 4.38234e-07
0.1858000E+01 4.021e-07
0.1860000E+01 4.1006e-07
0.1862000E+01 4.6324e-07
0.1864000E+01 4.5994e-07
0.1866000E+01 4.33938e-07
0.1868000E+01 4.2671e-07
0.1870000E+01 5.37637e-07
0.1872000E+01 5.40365e-07
0.1874000E+01 4.82689e-07
0.1876000E+01 4.73778e-07
0.1878000E+01 5.45746e-07
0.1880000E+01 5.58963e-07
0.1882000E+01 5.32367e-07
0.1884000E+01 5.30315e-07
0.1886000E+01 5.81765e-07
0.1888000E+01 5.97145e-07
0.1890000E+01 5.69713e-07
0.1892000E+01 5.67197e-07
0.1894000E+01 6.96146e-07
0.1896000E+01 6.88783e-07
0.1898000E+01 6.518e-07
0.1900000E+01 6.72185e-07
0.1902000E+01 6.93175e-07
0.1904000E+01 6.94901e-07
0.1906000E+01 7.41238e-07
0.1908000E+01 9.432e-07
0.1910000E+01 1.0332e-06
0.1912000E+01 9.23784e-07
0.1914000E+01 9.31611e-07
0.1916000E+01 9.74873e-07
0.1918000E+01 1.12082e-06
0.1920000E+01 1.35175e-06
0.1922000E+01 1.56499e-06
0.1924000E+01 2.78001e-06
0.1926000E+01 1.21571e-06
0.1928000E+01 -1.24717e-06
0.1930000E+01 5.95412e-07
0.1932000E+01 6.63611e-07
0.1934000E+01 5.88141e-07
0.1936000E+01 6.73304e-07
0.1938000E+01 9.06847e-07
0.1940000E+01 2.58453e-06
0.1942000E+01 1.16073e-06
0.1944000E+01 3.01449e-06
0.1946000E+01 3.7607e-06
0.1948000E+01 2.65671e-06
0.1950000E+01 4.38572e-06
0.1952000E+01 3.5049e-06
0.1954000E+01 1.75162e-05
0.1956000E+01 -2.44535e-06
0.1958000E+01 -2.06337e-05
0.1960000E+01 -7.65968e-06
0.1962000E+01 -8.09755e-06
0.1964000E+01 -2.78876e-06
0.1966000E+01 -1.72639e-06
0.1968000E+01 -2.4274e-06
0.1970000E+01 -2.74326e-06
0.1972000E+01 -3.6453e-06
0.1974000E+01 -3.57138e-06
0.1976000E+01 -1.34713e-06
0.1978000E+01 -1.23557e-06
0.1980000E+01 -3.98654e-06
0.1982000E+01 -3.33031e-06
0.1984000E+01 -1.40689e-06
0.1986000E+01 -6.98078e-07
0.1988000E+01 -9.63759e-07
0.1990000E+01 -1.19255e-06
0.1992000E+01 -1.4297e-06
0.1994000E+01 -3.45727e-07
0.1996000E+01 -3.94136e-07
0.1998000E+01 -3.33355e-07
0.2000000E+01 -3.95005e-07
0.2002000E+01 -4.11235e-07
0.2004000E+01 -4.3168e-07
0.2006000E+01 -4.6046e-07
0.2008000E+01 -4.89863e-07
0.2010000E+01 -5.3778e-07
0.2012000E+01 -6.05307e-07
0.2014000E+01 -7.39038e-07
0.2016000E+01 -1.05219e-06
0.2018000E+01 -6.5907e-07
0.2020000E+01 -2.77297e-07
0.2022000E+01 -2.88695e-07
0.2024000E+01 -2.98866e-07
0.2026000E+01 -2.83539e-07
0.2028000E+01 -2.95469e-07
0.2030000E+01 6.37075e-07
0.2032000E+01 2.67478e-06
0.2034000E+01 5.45452e-06
0.2036000E+01 2.99003e-06
0.2038000E+01 -1.71668e-06
0.2040000E+01 -1.53913e-06
0.2042000E+01 -8.28742e-07
0.2044000E+01 -2.07828e-07
0.2046000E+01 -4.90102e-07
0.2048000E+01 3.48712e-07
0.2050000E+01 1.02606e-06
0.2052000E+01 3.43965e-07
0.2054000E+01 -1.18764e-06
0.2056000E+01 -1.08506e-06
0.2058000E+01 -2.94981e-07
0.2060000E+01 5.63623e-08
0.2062000E+01 1.20508e-07
0.2064000E+01 9.32885e-08
0.2066000E+01 -2.25347e-07
0.2068000E+01 -7.36755e-09
0.2070000E+01 -1.77365e-07
0.2072000E+01 -7.04477e-07
0.2074000E+01 -5.023e-07
0.2076000E+01 -7.25877e-09
0.2078000E+01 7.04049e-08
0.2080000E+01 2.54773e-08
0.2082000E+01 -9.01313e-08
0.2084000E+01 -5.38977e-07
0.2086000E+01 -4.97842e-07
0.2088000E+01 -3.85479e-07
0.2090000E+01 -3.76658e-07
0.2092000E+01 -4.09603e-08
0.2094000E+01 3.22687e-07
0.2096000E+01 1.38259e-07
0.2098000E+01 -1.93801e-07
0.2100000E+01 -2.96726e-07
0.2102000E+01 -2.97666e-07
0.2104000E+01 -2.93574e-07
0.2106000E+01 -2.07704e-07
0.2108000E+01 -9.97745e-09
0.2110000E+01 7.56859e-08
0.2112000E+01 3.25678e-08
0.2114000E+01 4.08581e-08
0.2116000E+01 -2.22031e-09
0.2118000E+01 -2.8483e-07
0.2120000E+01 -3.65393e-07
0.2122000E+01 -3.33102e-07
0.2124000E+01 -3.82862e-07
0.2126000E+01 -4.76188e-07
0.2128000E+01 -2.54403e-07
0.2130000E+01 8.91136e-08
0.2132000E+01 -2.29206e-08
0.2134000E+01 -2.36001e-07
0.2136000E+01 -2.23444e-07
0.2138000E+01 -2.26752e-07
0.2140000E+01 -2.23008e-07
0.2142000E+01 -2.35149e-07
0.2144000E+01 -7.22045e-08
0.2146000E+01 1.11704e-07
0.2148000E+01 5.66018e-08
0.2150000E+01 -8.04733e-09
0.2152000E+01 -1.13386e-07
0.2154000E+01 -1.95504e-07
0.2156000E+01 -3.082e-07
0.2158000E+01 -4.17119e-07
0.2160000E+01 -2.4129e-07
0.2162000E+01 -8.60279e-08
0.2164000E+01 -8.84518e-08
0.2166000E+01 -1.04874e-07
0.2168000E+01 -9.70074e-08
0.2170000E+01 -1.55824e-07
0.2172000E+01 -2.36326e-07
0.2174000E+01 -2.93037e-07
0.2176000E+01 -3.10461e-07
0.2178000E+01 -2.96963e-07
0.2180000E+01 3.41784e-08
0.2182000E+01 8.89689e-08
0.2184000E+01 -1.7519e-07
0.2186000E+01 -1.89076e-07
0.2188000E+01 -1.86388e-07
0.2190000E+01 -1.882e-07
0.2192000E+01 -1.05001e-07
0.2194000E+01 5.62398e-08
0.2196000E+01 1.39598e-07
0.2198000E+01 -8.19336e-08
0.2200000E+01 -2.04246e-07
0.2202000E+01 -2.69413e-07
0.2204000E+01 -2.72871e-07
0.2206000E+01 -2.2562e-07
0.2208000E+01 -7.85943e-08
0.2210000E+01 -9.5713e-09
0.2212000E+01 -2.4349e-08
0.2214000E+01 -6.48838e-09
0.2216000E+01 -1.05218e-07
0.2218000E+01 -2.20982e-07
0.2220000E+01 -2.5416e-07
0.2222000E+01 1.37649e-07
0.2224000E+01 1.73218e-07
0.2226000E+01 -1.79134e-07
0.2228000E+01 -1.76767e-07
0.2230000E+01 -1.87518e-07
0.2232000E+01 2.24954e-08
0.2234000E+01 2.58064e-07
0.2236000E+01 2.60964e-07
0.2238000E+01 1.00272e-07
0.2240000E+01 -1.87973e-07
0.2242000E+01 -8.80399e-08
0.2244000E+01 2.2046e-07
0.2246000E+01 1.83354e-08
0.2248000E+01 -4.54758e-08
0.2250000E+01 -2.9831e-09
0.2252000E+01 3.28828e-07
0.2254000E+01 3.10968e-07
0.2256000E+01 9.27333e-07
0.2258000E+01 1.89134e-06
0.2260000E+01 3.04596e-08
0.2262000E+01 -1.49469e-06
0.2264000E+01 -1.05582e-06
0.2266000E+01 -9.23055e-07
0.2268000E+01 -7.60716e-07
0.2270000E+01 -6.81578e-07
0.2272000E+01 -5.76271e-07
0.2274000E+01 -5.41378e-07
0.2276000E+01 -5.16655e-07
0.2278000E+01 -4.83999e-07
0.2280000E+01 -4.07855e-07
0.2282000E+01 -3.4194e-07
0.2284000E+01 -3.25714e-07
0.2286000E+01 -3.25262e-07
0.2288000E+01 -2.96136e-07
0.2290000E+01 -2.81911e-07
0.2292000E+01 -2.76268e-07
0.2294000E+01 -2.92662e-07
0.2296000E+01 -2.87695e-07
0.2298000E+01 -2.76891e-07
0.2300000E+01 -2.68938e-07
0.2302000E+01 -2.63974e-07
0.2304000E+01 -2.57765e-07
0.2306000E+01 -2.49216e-07
0.2308000E+01 -2.46525e-07
0.2310000E+01 -2.42457e-07
0.2312000E+01 -2.1661e-07
0.2314000E+01 -2.31551e-07
0.2316000E+01 -2.48273e-07
0.2318000E+01 -2.47815e-07
0.2320000E+01 -2.39811e-07
0.2322000E+01 -2.33087e-07
0.2324000E+01 -2.246e-07
0.2326000E+01 -2.17633e-07
0.2328000E+01 -2.13587e-07
0.2330000E+01 -2.04697e-07
0.2332000E+01 -2.05316e-07
0.2334000E+01 -2.03119e-07
0.2336000E+01 -1.9457e-07
0.2338000E+01 -1.94787e-07
0.2340000E+01 -1.90204e-07
0.2342000E+01 -1.88039e-07
0.2344000E+01 -1.79528e-07
0.2346000E+01 -1.81278e-07
0.2348000E+01 -1.8963e-07
0.2350000E+01 -1.94309e-07
0.2352000E+01 -1.87306e-07
0.2354000E+01 -1.81242e-07
0.2356000E+01 -1.77542e-07
0.2358000E+01 -1.75085e-07
0.2360000E+01 -1.80424e-07
0.2362000E+01 -1.85142e-07
0.2364000E+01 -1.90568e-07
0.2366000E+01 -1.79132e-07
0.2368000E+01 -1.76957e-07
0.2370000E+01 -1.85846e-07
0.2372000E+01 -1.81842e-07
0.2374000E+01 -1.73457e-07
0.2376000E+01 -1.41336e-07
0.2378000E+01 -1.47438e-07
0.2380000E+01 -1.39364e-07
0.2382000E+01 -1.47734e-07
0.2384000E+01 -1.74125e-07
0.2386000E+01 -1.49681e-07
0.2388000E+01 -1.60432e-07
0.2390000E+01 -1.61686e-07
0.2392000E+01 -1.67954e-07
0.2394000E+01 -1.65424e-07
0.2396000E+01 -1.66036e-07
0.2398000E+01 -1.67156e-07
0.2400000E+01 -1.67045e-07
0.2402000E+01 -1.66251e-07
0.2404000E+01 -1.65764e-07
0.2406000E+01 -1.54103e-07
0.2408000E+01 -1.58364e-07
0.2410000E+01 -1.52865e-07
0.2412000E+01 -1.41743e-07
0.2414000E+01 -1.42836e-07
0.2416000E+01 -1.39038e-07
0.2418000E+01 -1.32356e-07
0.2420000E+01 -8.9488e-08
0.2422000E+01 -1.2861e-07
0.2424000E+01 -1.43984e-07
0.2426000E+01 -1.42983e-07
0.2428000E+01 -1.4599e-07
0.2430000E+01 -1.40852e-07
0.2432000E+01 -1.39269e-07
0.2434000E+01 -1.40116e-07
0.2436000E+01 -1.37435e-07
0.2438000E+01 -1.42532e-07
0.2440000E+01 -1.39236e-07
0.2442000E+01 -1.37927e-07
0.2444000E+01 -1.36904e-07
0.2446000E+01 -1.31996e-07
0.2448000E+01 -1.28915e-07
0.2450000E+01 -1.28012e-07
0.2452000E+01 -1.25506e-07
0.2454000E+01 -1.20964e-07
0.2456000E+01 -1.19448e-07
0.2458000E+01 -1.14361e-07
0.2460000E+01 -1.06481e-07
0.2462000E+01 -2.08563e-07
0.2464000E+01 -2.69269e-07
0.2466000E+01 -5.0966e-08
0.2468000E+01 -1.34245e-07
0.2470000E+01 -1.20077e-07
0.2472000E+01 -6.16238e-08
0.2474000E+01 -1.09119e-07
0.2476000E+01 -1.34112e-07
0.2478000E+01 -1.13217e-07
0.2480000E+01 -1.17192e-07
0.2482000E+01 -1.31145e-07
0.2484000E+01 -1.12438e-07
0.2486000E+01 -1.26597e-07
0.2488000E+01 -1.00249e-07
0.2490000E+01 -1.05814e-07
0.2492000E+01 -1.1847e-07
0.2494000E+01 -1.16656e-07
0.2496000E+01 -1.12498e-07
0.2498000E+01 -1.19103e-07
0.2500000E+01 -1.85243e-08
0.2502000E+01 -1.09108e-07
0.2504000E+01 -8.88146e-08
0.2506000E+01 -7.54901e-08
0.2508000E+01 -9.36174e-08
0.2510000E+01 -1.17718e-07
0.2512000E+01 -1.05413e-07
0.2514000E+01 2.42235e-08
0.2516000E+01 -9.49121e-08
0.2518000E+01 -1.04286e-07
0.2520000E+01 -1.00247e-07
0.2522000E+01 -9.19967e-08
0.2524000E+01 -9.47107e-08
0.2526000E+01 -1.01193e-07
0.2528000E+01 -4.0213e-08
0.2530000E+01 -1.47097e-08
0.2532000E+01 -4.33289e-08
0.2534000E+01 -1.30283e-07
0.2536000E+01 -9.41383e-08
0.2538000E+01 -7.78292e-08
0.2540000E+01 -7.91724e-08
0.2542000E+01 -7.95593e-08
0.2544000E+01 -7.49905e-08
0.2546000E+01 4.07394e-08
0.2548000E+01 -1.12173e-08
0.2550000E+01 -3.89627e-08
0.2552000E+01 -3.60272e-08
0.2554000E+01 -9.68237e-08
0.2556000E+01 -7.07582e-08
0.2558000E+01 -7.00504e-08
0.2560000E+01 -7.0064e-08
0.2562000E+01 -6.51797e-08
0.2564000E+01 7.55555e-09
0.2566000E+01 -1.45998e-09
0.2568000E+01 -3.62918e-08
0.2570000E+01 -4.7491e-08
0.2572000E+01 -4.09558e-08
0.2574000E+01 -3.97646e-08
0.2576000E+01 -3.20241e-08
0.2578000E+01 -3.7793e-08
0.2580000E+01 -5.31271e-08
0.2582000E+01 -6.51589e-08
0.2584000E+01 2.11319e-08
0.2586000E+01 2.32673e-08
0.2588000E+01 1.09509e-09
0.2590000E+01 -1.55089e-08
0.2592000E+01 -4.48699e-08
0.2594000E+01 -6.59726e-08
0.2596000E+01 -4.63158e-08
0.2598000E+01 -3.50592e-08
0.2600000E+01 -3.6882e-08
0.2602000E+01 -3.92451e-08
0.2604000E+01 -3.04505e-08
0.2606000E+01 1.35758e-08
0.2608000E+01 -2.06344e-08
0.2610000E+01 -1.88982e-08
0.2612000E+01 -2.1804e-08
0.2614000E+01 -2.58311e-08
0.2616000E+01 -6.38306e-09
0.2618000E+01 -3.20327e-08
0.2620000E+01 -6.78695e-08
0.2622000E+01 -3.59716e-08
0.2624000E+01 -6.00751e-08
0.2626000E+01 -3.107e-08
0.2628000E+01 1.45094e-08
0.2630000E+01 1.70712e-08
0.2632000E+01 -3.97327e-08
0.2634000E+01 -8.62806e-08
0.2636000E+01 -4.41784e-08
0.2638000E+01 -2.33449e-08
0.2640000E+01 -3.4153e-08
0.2642000E+01 -3.27505e-08
0.2644000E+01 -3.06244e-08
0.2646000E+01 -1.93229e-08
0.2648000E+01 -6.44945e-08
0.2650000E+01 -6.5933e-08
0.2652000E+01 -1.78457e-08
0.2654000E+01 -7.68458e-09
0.2656000E+01 -1.03083e-09
0.2658000E+01 -1.6442e-08
0.2660000E+01 -2.2497e-08
0.2662000E+01 -2.31556e-08
0.2664000E+01 -7.87563e-08
0.2666000E+01 -8.25231e-08
0.2668000E+01 -5.95464e-08
0.2670000E+01 -3.30136e-08
0.2672000E+01 -3.3149e-08
0.2674000E+01 -3.64653e-08
0.2676000E+01 -3.41009e-08
0.2678000E+01 1.35701e-08
0.2680000E+01 -1.8555e-08
0.2682000E+01 -7.10762e-08
0.2684000E+01 -5.35279e-08
0.2686000E+01 -4.71191e-08
0.2688000E+01 -3.85646e-08
0.2690000E+01 -4.74494e-08
0.2692000E+01 -4.42519e-08
0.2694000E+01 -2.46909e-08
0.2696000E+01 -2.82766e-08
0.2698000E+01 -3.60883e-08
0.2700000E+01 -8.03626e-08
0.2702000E+01 -1.14519e-07
0.2704000E+01 -4.39538e-08
0.2706000E+01 -3.48688e-08
0.2708000E+01 -2.78713e-08
0.2710000E+01 -2.74621e-08
0.2712000E+01 -2.92539e-08
0.2714000E+01 -3.11305e-08
0.2716000E+01 -3.7209e-08
0.2718000E+01 -3.08367e-08
0.2720000E+01 -6.28935e-08
0.2722000E+01 -5.75682e-08
0.2724000E+01 -9.73746e-08
0.2726000E+01 -6.4603e-08
0.2728000E+01 -6.55094e-08
0.2730000E+01 -3.91594e-08
0.2732000E+01 -2.42052e-08
0.2734000E+01 -2.2673e-08
0.2736000E+01 -4.3038e-08
0.2738000E+01 -5.17142e-08
0.2740000E+01 -4.44332e-08
0.2742000E+01 -3.60026e-08
0.2744000E+01 -3.0854e-08
0.2746000E+01 -6.27179e-08
0.2748000E+01 -1.10709e-07
0.2750000E+01 -7.43882e-08
0.2752000E+01 -6.15944e-08
0.2754000E+01 -1.05416e-07
0.2756000E+01 -7.56068e-08
0.2758000E+01 -4.34309e-08
0.2760000E+01 -2.93164e-08
0.2762000E+01 -4.44408e-08
0.2764000E+01 -4.39432e-08
0.2766000E+01 -4.69596e-08
0.2768000E+01 -6.55442e-08
0.2770000E+01 -6.99673e-08
0.2772000E+01 -7.8958e-08
0.2774000E+01 -1.15389e-07
0.2776000E+01 -8.71215e-08
0.2778000E+01 -8.42269e-08
0.2780000E+01 -7.32642e-08
0.2782000E+01 -1.2205e-07
0.2784000E+01 -9.58135e-08
0.2786000E+01 -5.78998e-08
0.2788000E+01 -4.49849e-08
0.2790000E+01 -6.7459e-08
0.2792000E+01 -7.01651e-08
0.2794000E+01 -1.0262e-07
0.2796000E+01 -1.41393e-07
0.2798000E+01 -1.04276e-07
0.2800000E+01 -9.45507e-08
0.2802000E+01 -1.10189e-07
0.2804000E+01 -1.05432e-07
0.2806000E+01 -1.82441e-07
0.2808000E+01 -1.69942e-07
0.2810000E+01 -1.60419e-07
0.2812000E+01 -1.37092e-07
0.2814000E+01 -1.22976e-07
0.2816000E+01 -1.8405e-07
0.2818000E+01 -1.71371e-07
0.2820000E+01 -1.80244e-07
0.2822000E+01 -1.81966e-07
0.2824000E+01 -2.05555e-07
0.2826000E+01 -3.24452e-07
0.2828000E+01 -2.29518e-07
0.2830000E+01 -2.62583e-07
0.2832000E+01 -4.11362e-07
0.2834000E+01 -5.01479e-07
0.2836000E+01 -3.99779e-07
0.2838000E+01 -7.33818e-07
0.2840000E+01 -7.90824e-07
0.2842000E+01 -1.16015e-06
0.2844000E+01 -2.02566e-06
0.2846000E+01 -2.23668e-06
0.2848000E+01 4.63753e-06
0.2850000E+01 1.61926e-06
0.2852000E+01 1.05833e-06
0.2854000E+01 5.76415e-07
0.2856000E+01 7.57574e-07
0.2858000E+01 5.65578e-07
0.2860000E+01 4.26919e-07
0.2862000E+01 3.64027e-07
0.2864000E+01 4.34923e-07
0.2866000E+01 3.21602e-07
0.2868000E+01 3.35757e-07
0.2870000E+01 2.54424e-07
0.2872000E+01 2.68367e-07
0.2874000E+01 2.83377e-07
0.2876000E+01 2.21583e-07
0.2878000E+01 2.35099e-07
0.2880000E+01 2.75253e-07
0.2882000E+01 2.2977e-07
0.2884000E+01 2.46819e-07
0.2886000E+01 1.68264e-07
0.2888000E+01 1.72225e-07
0.2890000E+01 1.80681e-07
0.2892000E+01 2.08339e-07
0.2894000E+01 2.46215e-07
0.2896000E+01 2.75122e-07
0.2898000E+01 1.6544e-07
0.2900000E+01 1.63712e-07
0.2902000E+01 1.66787e-07
0.2904000E+01 1.43533e-07
0.2906000E+01 1.25308e-07
0.2908000E+01 1.59493e-07
0.2910000E+01 1.51887e-07
0.2912000E+01 1.90165e-07
0.2914000E+01 1.7329e-07
0.2916000E+01 1.40873e-07
0.2918000E+01 1.42051e-07
0.2920000E+01 1.45593e-07
0.2922000E+01 1.7806e-07
0.2924000E+01 1.43008e-07
0.2926000E+01 1.28446e-07
0.2928000E+01 1.34419e-07
0.2930000E+01 1.43151e-07
0.2932000E+01 1.59281e-07
0.2934000E+01 1.55721e-07
0.2936000E+01 1.37116e-07
0.2938000E+01 1.2526e-07
0.2940000E+01 2.94362e-07
0.2942000E+01 3.27563e-07
0.2944000E+01 1.34058e-07
0.2946000E+01 1.15451e-07
0.2948000E+01 1.2351e-07
0.2950000E+01 1.31212e-07
0.2952000E+01 1.54616e-07
0.2954000E+01 1.37542e-07
0.2956000E+01 1.32389e-07
0.2958000E+01 1.48625e-07
0.2960000E+01 1.38764e-07
0.2962000E+01 1.22564e-07
0.2964000E+01 1.07663e-07
0.2966000E+01 1.1542e-07
0.2968000E+01 1.09741e-07
0.2970000E+01 1.23042e-07
0.2972000E+01 1.24275e-07
0.2974000E+01 1.13275e-07
0.2976000E+01 8.77013e-08
0.2978000E+01 1.35686e-07
0.2980000E+01 1.84389e-07
0.2982000E+01 1.58986e-07
0.2984000E+01 1.02418e-07
0.2986000E+01 6.07828e-08
0.2988000E+01 -3.3899e-07
0.2990000E+01 6.55706e-07
0.2992000E+01 9.17442e-07
0.2994000E+01 8.93788e-08
0.2996000E+01 9.04084e-08
0.2998000E+01 8.28354e-08
0.3000000E+01 8.39435e-08
0.3002000E+01 8.43712e-08
0.3004000E+01 7.90111e-08
0.3006000E+01 8.19146e-08
0.3008000E+01 9.85539e-08
0.3010000E+01 9.76805e-08
0.3012000E+01 9.50551e-08
0.3014000E+01 9.40401e-08
0.3016000E+01 9.13336e-08
0.3018000E+01 9.38068e-08
0.3020000E+01 8.46506e-08
0.3022000E+01 7.76656e-08
0.3024000E+01 8.62971e-08
0.3026000E+01 9.99121e-08
0.3028000E+01 1.04506e-07
0.3030000E+01 6.82783e-08
0.3032000E+01 5.45003e-08
0.3034000E+01 6.35646e-08
0.3036000E+01 6.5787e-08
0.3038000E+01 7.10584e-08
0.3040000E+01 6.55936e-08
0.3042000E+01 6.93781e-08
0.3044000E+01 6.04958e-08
0.3046000E+01 9.85862e-08
0.3048000E+01 7.77509e-08
0.3050000E+01 7.85206e-08
0.3052000E+01 7.5861e-08
0.3054000E+01 7.14698e-08
0.3056000E+01 6.91985e-08
0.3058000E+01 7.29582e-08
0.3060000E+01 7.53273e-08
0.3062000E+01 7.69051e-08
0.3064000E+01 8.85669e-08
0.3066000E+01 8.36024e-08
0.3068000E+01 8.67824e-08
0.3070000E+01 9.17851e-08
0.3072000E+01 8.76636e-08
0.3074000E+01 7.61062e-08
0.3076000E+01 5.1038e-08
0.3078000E+01 2.02542e-08
0.3080000E+01 5.76714e-08
0.3082000E+01 8.19758e-08
0.3084000E+01 7.8775e-08
0.3086000E+01 6.96183e-08
0.3088000E+01 6.88871e-08
0.3090000E+01 6.23197e-08
0.3092000E+01 4.41117e-08
0.3094000E+01 5.94313e-08
0.3096000E+01 5.54589e-08
0.3098000E+01 8.69611e-08
0.3100000E+01 8.95413e-08
0.3102000E+01 7.75373e-08
0.3104000E+01 7.8467e-08
0.3106000E+01 7.41574e-08
0.3108000E+01 9.23727e-08
0.3110000E+01 6.93102e-08
0.3112000E+01 5.67392e-08
0.3114000E+01 7.43749e-08
0.3116000E+01 8.69943e-08
0.3118000E+01 7.82272e-08
0.3120000E+01 8.78604e-08
0.3122000E+01 8.84217e-08
0.3124000E+01 4.31651e-08
0.3126000E+01 3.30422e-08
0.3128000E+01 4.01804e-08
0.3130000E+01 6.21518e-08
0.3132000E+01 8.82289e-08
0.3134000E+01 6.84624e-08
0.3136000E+01 6.89974e-08
0.3138000E+01 4.75848e-08
0.3140000E+01 4.36139e-08
0.3142000E+01 5.91162e-08
0.3144000E+01 5.90673e-08
0.3146000E+01 8.04828e-08
0.3148000E+01 5.29454e-08
0.3150000E+01 5.0189e-08
0.3152000E+01 7.88565e-08
0.3154000E+01 8.07682e-08
0.3156000E+01 3.08759e-08
0.3158000E+01 1.32097e-08
0.3160000E+01 5.94326e-08
0.3162000E+01 -6.40674e-08
0.3164000E+01 -1.01521e-07
0.3166000E+01 5.06463e-07
0.3168000E+01 1.17226e-07
0.3170000E+01 -1.48519e-07
0.3172000E+01 -6.50362e-08
0.3174000E+01 7.78954e-09
0.3176000E+01 9.584e-08
0.3178000E+01 6.54006e-08
0.3180000E+01 4.90244e-08
0.3182000E+01 1.29844e-07
0.3184000E+01 8.12637e-08
0.3186000E+01 1.18839e-07
0.3188000E+01 1.03842e-07
0.3190000E+01 1.21851e-07
0.3192000E+01 1.01824e-07
0.3194000E+01 7.91567e-08
0.3196000E+01 9.05832e-08
0.3198000E+01 9.38259e-08
0.3200000E+01 1.02434e-07
0.3202000E+01 1.28767e-07
0.3204000E+01 1.08413e-07
0.3206000E+01 9.73249e-08
0.3208000E+01 8.50893e-08
0.3210000E+01 8.13806e-08
0.3212000E+01 7.09093e-08
0.3214000E+01 1.40509e-07
0.3216000E+01 1.12524e-07
0.3218000E+01 5.04115e-08
0.3220000E+01 4.25018e-09
0.3222000E+01 4.24991e-08
0.3224000E+01 8.58905e-08
0.3226000E+01 7.36281e-08
0.3228000E+01 6.22379e-08
0.3230000E+01 5.06435e-08
0.3232000E+01 6.08105e-08
0.3234000E+01 9.46123e-08
0.3236000E+01 1.18103e-07
0.3238000E+01 8.08028e-08
0.3240000E+01 1.09007e-07
0.3242000E+01 8.44672e-08
0.3244000E+01 1.67725e-07
0.3246000E+01 7.32333e-08
0.3248000E+01 7.99474e-08
0.3250000E+01 1.57554e-07
0.3252000E+01 3.74673e-06
0.3254000E+01 1.87349e-07
0.3256000E+01 6.54325e-07
0.3258000E+01 9.15044e-08
0.3260000E+01 9.16818e-07
0.3262000E+01 -1.88334e-06
0.3264000E+01 -9.2504e-07
0.3266000E+01 -2.52375e-07
0.3268000E+01 -2.38151e-07
0.3270000E+01 -2.02919e-07
0.3272000E+01 -2.13928e-08
0.3274000E+01 5.48216e-09
0.3276000E+01 1.71363e-07
0.3278000E+01 -2.07195e-07
0.3280000E+01 -2.59519e-07
0.3282000E+01 1.3545e-08
0.3284000E+01 5.77169e-08
0.3286000E+01 3.74028e-07
0.3288000E+01 -1.21017e-07
0.3290000E+01 2.08875e-07
0.3292000E+01 2.73526e-07
0.3294000E+01 3.79725e-07
0.3296000E+01 -3.27751e-07
0.3298000E+01 -2.11435e-07
0.3300000E+01 -2.23777e-07
0.3302000E+01 -2.37589e-07
0.3304000E+01 -2.68473e-07
0.3306000E+01 -1.82342e-07
0.3308000E+01 -1.3533e-07
0.3310000E+01 -1.06142e-07
0.3312000E+01 -1.22133e-07
0.3314000E+01 -1.12689e-07
0.3316000E+01 -1.23656e-07
0.3318000E+01 -1.22874e-07
0.3320000E+01 -1.16904e-07
0.3322000E+01 -9.36008e-08
0.3324000E+01 -9.08089e-08
0.3326000E+01 -7.6042e-08
0.3328000E+01 -8.25917e-08
0.3330000E+01 -7.63055e-08
0.3332000E+01 -6.69488e-08
0.3334000E+01 -7.15898e-08
0.3336000E+01 -7.21806e-08
0.3338000E+01 -6.76205e-08
0.3340000E+01 -6.52018e-08
0.3342000E+01 -6.86647e-08
0.3344000E+01 -6.45323e-08
0.3346000E+01 -5.48494e-08
0.3348000E+01 -4.97087e-08
0.3350000E+01 -4.6186e-08
0.3352000E+01 -4.79491e-08
0.3354000E+01 -5.12264e-08
0.3356000E+01 -6.15806e-08
0.3358000E+01 -6.28259e-08
0.3360000E+01 -5.00701e-08
0.3362000E+01 -4.98546e-08
0.3364000E+01 -6.46278e-08
0.3366000E+01 -5.71939e-08
0.3368000E+01 -5.25818e-08
0.3370000E+01 -4.25665e-08
0.3372000E+01 -4.44932e-08
0.3374000E+01 -5.2437e-08
0.3376000E+01 -4.11189e-08
0.3378000E+01 -4.08703e-08
0.3380000E+01 -3.74766e-08
0.3382000E+01 -4.12764e-08
0.3384000E+01 -3.69777e-08
0.3386000E+01 -3.84086e-08
0.3388000E+01 -3.16378e-08
0.3390000E+01 -3.79679e-08
0.3392000E+01 -2.47886e-07
0.3394000E+01 -6.29631e-08
0.3396000E+01 -8.84288e-08
0.3398000E+01 -5.35941e-08
0.3400000E+01 -5.34407e-08
0.3402000E+01 -8.00339e-08
0.3404000E+01 -5.60773e-08
0.3406000E+01 -4.70324e-08
0.3408000E+01 -4.28882e-08
0.3410000E+01 -3.91279e-08
0.3412000E+01 -3.4132e-08
0.3414000E+01 -3.55161e-08
0.3416000E+01 -3.36e-08
0.3418000E+01 -3.54906e-08
0.3420000E+01 -5.74603e-08
0.3422000E+01 -5.11183e-08
0.3424000E+01 -3.84348e-08
0.3426000E+01 -3.06955e-08
0.3428000E+01 -3.32617e-08
0.3430000E+01 1.76663e-09
0.3432000E+01 -3.0128e-08
0.3434000E+01 -3.0415e-08
0.3436000E+01 -4.22628e-08
0.3438000E+01 -4.76555e-08
0.3440000E+01 -3.68003e-08
0.3442000E+01 -4.19374e-08
0.3444000E+01 -3.88045e-08
0.3446000E+01 -3.24689e-08
0.3448000E+01 -2.72155e-08
0.3450000E+01 -2.91031e-08
0.3452000E+01 -5.3973e-08
0.3454000E+01 -4.17496e-08
0.3456000E+01 -2.0924e-08
0.3458000E+01 -1.995e-08
0.3460000E+01 -1.89222e-08
0.3462000E+01 -3.13917e-08
0.3464000E+01 -3.24576e-08
0.3466000E+01 -6.50123e-08
0.3468000E+01 -5.77594e-08
0.3470000E+01 -5.25428e-08
0.3472000E+01 -3.93167e-08
0.3474000E+01 -3.92247e-08
0.3476000E+01 -3.39034e-08
0.3478000E+01 -4.60012e-08
0.3480000E+01 -5.37856e-08
0.3482000E+01 -3.36044e-08
0.3484000E+01 -3.42375e-08
0.3486000E+01 -2.29214e-08
0.3488000E+01 -3.31208e-08
0.3490000E+01 -4.56215e-08
0.3492000E+01 -6.27932e-08
0.3494000E+01 -2.07661e-08
0.3496000E+01 -3.98941e-08
0.3498000E+01 -4.28453e-08
0.3500000E+01 -2.12879e-08
0.3502000E+01 -5.25462e-08
0.3504000E+01 -4.49978e-08
0.3506000E+01 -2.76206e-08
0.3508000E+01 -1.00481e-08
0.3510000E+01 -4.61759e-08
0.3512000E+01 -7.07198e-08
0.3514000E+01 -9.91951e-09
0.3516000E+01 -2.43308e-08
0.3518000E+01 -3.7438e-08
0.3520000E+01 -1.73756e-08
0.3522000E+01 -3.06422e-09
0.3524000E+01 2.50981e-08
0.3526000E+01 2.38639e-08
0.3528000E+01 2.46435e-08
0.3530000E+01 1.97103e-08
0.3532000E+01 2.91694e-08
0.3534000E+01 2.91731e-08
0.3536000E+01 1.94731e-08
0.3538000E+01 3.14825e-08
0.3540000E+01 5.0249e-08
0.3542000E+01 5.26428e-08
0.3544000E+01 4.82272e-08
0.3546000E+01 7.11073e-08
0.3548000E+01 3.49517e-08
0.3550000E+01 3.586e-08
0.3552000E+01 3.83479e-08
0.3554000E+01 6.30954e-08
0.3556000E+01 2.77649e-08
0.3558000E+01 3.04153e-08
0.3560000E+01 8.87404e-08
0.3562000E+01 5.63023e-08
0.3564000E+01 6.29376e-08
0.3566000E+01 3.63184e-08
0.3568000E+01 2.88949e-08
0.3570000E+01 3.22923e-08
0.3572000E+01 3.76671e-08
0.3574000E+01 1.23661e-07
0.3576000E+01 6.37458e-08
0.3578000E+01 5.46499e-08
0.3580000E+01 6.54994e-08
0.3582000E+01 5.66996e-08
0.3584000E+01 5.9045e-08
0.3586000E+01 1.50539e-07
0.3588000E+01 1.18912e-07
0.3590000E+01 1.54647e-07
0.3592000E+01 1.18721e-07
0.3594000E+01 3.45356e-07
0.3596000E+01 2.3532e-07
0.3598000E+01 1.14989e-06
0.3600000E+01 -1.93509e-06
0.3602000E+01 -3.51078e-07
0.3604000E+01 -2.21178e-07
0.3606000E+01 -1.44094e-07
0.3608000E+01 -1.1355e-07
0.3610000E+01 -7.18501e-08
0.3612000E+01 -7.47524e-08
0.3614000E+01 -6.35994e-08
0.3616000E+01 -3.08961e-08
0.3618000E+01 -3.93447e-08
0.3620000E+01 -4.76526e-08
0.3622000E+01 -3.21486e-08
0.3624000E+01 -1.99801e-08
0.3626000E+01 -3.83387e-08
0.3628000E+01 -4.86339e-08
0.3630000E+01 -7.48736e-08
0.3632000E+01 -3.00623e-08
0.3634000E+01 -2.62018e-08
0.3636000E+01 -3.08795e-08
0.3638000E+01 -4.999e-08
0.3640000E+01 -9.58607e-09
0.3642000E+01 2.41289e-09
0.3644000E+01 2.06467e-08
0.3646000E+01 -1.27822e-08
0.3648000E+01 -3.65844e-08
0.3650000E+01 -2.3806e-08
0.3652000E+01 -1.34061e-08
0.3654000E+01 -1.40886e-08
0.3656000E+01 -2.43744e-08
0.3658000E+01 -2.7417e-08
0.3660000E+01 -1.13119e-08
0.3662000E+01 -8.25964e-09
0.3664000E+01 -1.74481e-08
0.3666000E+01 -1.9011e-08
0.3668000E+01 -1.34756e-08
0.3670000E+01 2.70754e-08
0.3672000E+01 -1.98266e-09
0.3674000E+01 -9.23085e-09
0.3676000E+01 -9.13285e-09
0.3678000E+01 -1.37249e-08
0.3680000E+01 -5.53423e-09
0.3682000E+01 2.49687e-10
0.3684000E+01 -7.56834e-10
0.3686000E+01 -6.86567e-09
0.3688000E+01 -1.85364e-08
0.3690000E+01 -1.31291e-08
0.3692000E+01 -2.18165e-08
0.3694000E+01 -6.53103e-09
0.3696000E+01 -7.60374e-09
0.3698000E+01 -2.86992e-09
0.3700000E+01 3.08637e-09
0.3702000E+01 8.64214e-10
0.3704000E+01 -1.56147e-08
0.3706000E+01 -2.8276e-09
0.3708000E+01 4.97321e-09
0.3710000E+01 -2.16765e-11
0.3712000E+01 -6.99631e-09
0.3714000E+01 -4.42653e-09
0.3716000E+01 -4.84483e-09
0.3718000E+01 2.02073e-10
0.3720000E+01 -2.93181e-09
0.3722000E+01 -2.07515e-09
0.3724000E+01 -2.92316e-09
0.3726000E+01 -3.24436e-09
0.3728000E+01 -5.80167e-10
0.3730000E+01 1.32999e-09
0.3732000E+01 8.39501e-09
0.3734000E+01 1.40453e-08
0.3736000E+01 6.81398e-09
0.3738000E+01 2.42616e-09
0.3740000E+01 -2.51078e-10
0.3742000E+01 -6.64353e-09
0.3744000E+01 -1.94719e-09
0.3746000E+01 -2.01734e-09
0.3748000E+01 -4.23425e-09
0.3750000E+01 -7.85023e-09
0.3752000E+01 -1.03877e-08
0.3754000E+01 -1.2865e-08
0.3756000E+01 1.14711e-08
0.3758000E+01 -1.27325e-09
0.3760000E+01 4.28789e-09
0.3762000E+01 7.75697e-09
0.3764000E+01 6.37832e-09
0.3766000E+01 4.93841e-09
0.3768000E+01 8.72863e-09
0.3770000E+01 6.8014e-09
0.3772000E+01 6.59139e-09
0.3774000E+01 3.2008e-09
0.3776000E+01 4.1998e-09
0.3778000E+01 9.76406e-09
0.3780000E+01 8.03271e-09
0.3782000E+01 5.91997e-09
0.3784000E+01 -2.15292e-09
0.3786000E+01 2.92694e-09
0.3788000E+01 5.87959e-10
0.3790000E+01 -5.34997e-09
0.3792000E+01 -5.06636e-09
0.3794000E+01 -2.4024e-10
0.3796000E+01 2.07184e-09
0.3798000E+01 -3.80796e-09
0.3800000E+01 -2.51037e-09
0.3802000E+01 -5.73521e-09
0.3804000E+01 7.5892e-09
0.3806000E+01 7.04151e-09
0.3808000E+01 1.15142e-08
0.3810000E+01 1.04567e-08
0.3812000E+01 9.63862e-09
0.3814000E+01 1.14399e-08
0.3816000E+01 2.91538e-09
0.3818000E+01 5.35438e-09
0.3820000E+01 1.32106e-08
0.3822000E+01 1.1886e-08
0.3824000E+01 7.53524e-09
0.3826000E+01 5.84336e-09
0.3828000E+01 -1.26182e-08
0.3830000E+01 -1.25342e-08
0.3832000E+01 1.14703e-08
0.3834000E+01 6.41735e-09
0.3836000E+01 1.76257e-08
0.3838000E+01 2.15454e-09
0.3840000E+01 2.99154e-09
0.3842000E+01 -4.16777e-08
0.3844000E+01 5.14504e-08
0.3846000E+01 1.97636e-07
0.3848000E+01 1.33566e-07
0.3850000E+01 7.61832e-08
0.3852000E+01 9.80196e-10
0.3854000E+01 5.11021e-09
0.3856000E+01 2.89553e-09
0.3858000E+01 4.90291e-09
0.3860000E+01 -2.39429e-09
0.3862000E+01 -2.98812e-09
0.3864000E+01 2.76175e-09
0.3866000E+01 -1.08595e-08
0.3868000E+01 3.97888e-09
0.3870000E+01 7.719e-09
0.3872000E+01 1.5946e-09
0.3874000E+01 -3.06004e-09
0.3876000E+01 1.69471e-09
0.3878000E+01 -3.60815e-09
0.3880000E+01 -6.14684e-09
0.3882000E+01 -5.71574e-09
0.3884000E+01 -1.1225e-08
0.3886000E+01 -9.50827e-09
0.3888000E+01 -1.13564e-09
0.3890000E+01 -3.18615e-09
0.3892000E+01 -5.45179e-09
0.3894000E+01 -6.62306e-09
0.3896000E+01 -9.09049e-09
0.3898000E+01 -6.38988e-09
0.3900000E+01 -1.53974e-08
0.3902000E+01 -2.8605e-09
0.3904000E+01 -2.96733e-09
0.3906000E+01 -3.05034e-09
0.3908000E+01 -7.72727e-09
0.3910000E+01 -1.24644e-08
0.3912000E+01 -1.81885e-08
0.3914000E+01 -2.70231e-09
0.3916000E+01 -6.60057e-09
0.3918000E+01 -8.73783e-09
0.3920000E+01 -4.44785e-09
0.3922000E+01 -7.92447e-09
0.3924000E+01 -1.32026e-08
0.3926000E+01 -1.92875e-08
0.3928000E+01 -6.25828e-09
0.3930000E+01 -4.62079e-09
0.3932000E+01 -6.99929e-09
0.3934000E+01 -1.35759e-08
0.3936000E+01 -9.5865e-09
0.3938000E+01 -1.20238e-08
0.3940000E+01 -6.34287e-10
0.3942000E+01 -1.33539e-08
0.3944000E+01 -1.00621e-08
0.3946000E+01 -7.97251e-09
0.3948000E+01 -9.76556e-09
0.3950000E+01 -1.2665e-08
0.3952000E+01 -8.95864e-09
0.3954000E+01 -1.53748e-08
0.3956000E+01 -2.00198e-08
0.3958000E+01 -2.00546e-08
0.3960000E+01 -1.6143e-08
0.3962000E+01 -1.13638e-08
0.3964000E+01 -7.07458e-09
0.3966000E+01 -3.06931e-09
0.3968000E+01 -6.08294e-09
0.3970000E+01 7.69265e-10
0.3972000E+01 1.25315e-09
0.3974000E+01 -2.49256e-09
0.3976000E+01 4.93707e-09
0.3978000E+01 -7.95777e-08
0.3980000E+01 -4.22596e-08
0.3982000E+01 -3.20454e-08
0.3984000E+01 -5.98879e-09
0.3986000E+01 4.6716e-09
0.3988000E+01 9.39311e-09
0.3990000E+01 1.48329e-08
0.3992000E+01 -5.72969e-08
0.3994000E+01 -1.61638e-08
0.3996000E+01 -1.30881e-08
0.3998000E+01 -1.74517e-09
0.4000000E+01 6.71779e-09
