0.0000000E+00 0
0.2000000E-02 0
0.4000000E-02 0
0.6000000E-02 0
0.8000000E-02 0
0.1000000E-01 0
0.1200000E-01 0
0.1400000E-01 0
0.1600000E-01 0
0.1800000E-01 0
0.2000000E-01 0
0.2200000E-01 0
0.2400000E-01 0
0.2600000E-01 0
0.2800000E-01 0
0.3000000E-01 0
0.3200000E-01 0
0.3400000E-01 0
0.3600000E-01 0
0.3800000E-01 0
0.4000000E-01 0
0.4200000E-01 0
0.4400000E-01 0
0.4600000E-01 0
0.4800000E-01 0
0.5000000E-01 0
0.5200000E-01 0
0.5400000E-01 0
0.5600000E-01 0
0.5800000E-01 0
0.6000000E-01 0
0.6200000E-01 0
0.6400000E-01 0
0.6600000E-01 0
0.6800000E-01 0
0.7000000E-01 0
0.7200000E-01 0
0.7400000E-01 0
0.7600000E-01 0
0.7800000E-01 0
0.8000000E-01 0
0.8200000E-01 0
0.8400000E-01 0
0.8600000E-01 3.49484e-05
0.8800000E-01 3.1276e-05
0.9000000E-01 1.20706e-05
0.9200000E-01 2.82898e-06
0.9400000E-01 1.3036e-06
0.9600000E-01 2.14085e-07
0.9800000E-01 -8.00813e-07
0.1000000E+00 -1.33308e-06
0.1020000E+00 -1.17356e-06
0.1040000E+00 -5.87571e-07
0.1060000E+00 1.48822e-08
0.1080000E+00 2.62537e-07
0.1100000E+00 -6.87164e-07
0.1120000E+00 -3.14171e-07
0.1140000E+00 4.23687e-08
0.1160000E+00 4.13309e-07
0.1180000E+00 1.29554e-06
0.1200000E+00 4.73065e-06
0.1220000E+00 1.01952e-06
0.1240000E+00 -2.8429e-06
0.1260000E+00 -2.72309e-06
0.1280000E+00 -1.84041e-06
0.1300000E+00 -1.73343e-06
0.1320000E+00 -1.75462e-06
0.1340000E+00 -1.23339e-06
0.1360000E+00 1.51903e-08
0.1380000E+00 2.1638e-07
0.1400000E+00 2.26239e-07
0.1420000E+00 2.26131e-07
0.1440000E+00 1.35206e-07
0.1460000E+00 7.37423e-08
0.1480000E+00 7.9566e-08
0.1500000E+00 8.04827e-08
0.1520000E+00 2.8221e-08
0.1540000E+00 -3.98548e-08
0.1560000E+00 -1.24573e-07
0.1580000E+00 -2.15709e-07
0.1600000E+00 -3.03848e-07
0.1620000E+00 -4.01134e-07
0.1640000E+00 -6.02937e-07
0.1660000E+00 -4.63676e-07
0.1680000E+00 6.22941e-07
0.1700000E+00 8.41161e-07
0.1720000E+00 1.0437e-06
0.1740000E+00 1.23092e-06
0.1760000E+00 -1.23686e-06
0.1780000E+00 -7.44303e-07
0.1800000E+00 -6.64678e-07
0.1820000E+00 -6.5063e-07
0.1840000E+00 -6.34224e-07
0.1860000E+00 -6.17848e-07
0.1880000E+00 -5.74725e-07
0.1900000E+00 -5.46446e-07
0.1920000E+00 -3.78745e-07
0.1940000E+00 4.51549e-07
0.1960000E+00 3.79863e-07
0.1980000E+00 3.04332e-07
0.2000000E+00 2.24439e-07
0.2020000E+00 1.39985e-07
0.2040000E+00 5.07547e-08
0.2060000E+00 -4.34928e-08
0.2080000E+00 -1.42377e-07
0.2100000E+00 -2.87712e-07
0.2120000E+00 -3.42416e-07
0.2140000E+00 -2.74918e-07
0.2160000E+00 -2.09887e-07
0.2180000E+00 -1.76384e-07
0.2200000E+00 -1.57395e-07
0.2220000E+00 -4.26374e-08
0.2240000E+00 5.18898e-07
0.2260000E+00 6.21566e-07
0.2280000E+00 7.19622e-07
0.2300000E+00 3.73183e-07
0.2320000E+00 -6.52537e-07
0.2340000E+00 -5.36514e-07
0.2360000E+00 -4.94762e-07
0.2380000E+00 -4.25138e-07
0.2400000E+00 -3.50966e-07
0.2420000E+00 -3.55689e-07
0.2440000E+00 -3.60801e-07
0.2460000E+00 -3.69216e-07
0.2480000E+00 -3.79631e-07
0.2500000E+00 -1.55586e-07
0.2520000E+00 3.6455e-07
0.2540000E+00 2.95981e-07
0.2560000E+00 2.17987e-07
0.2580000E+00 1.29299e-07
0.2600000E+00 3.71556e-08
0.2620000E+00 -7.48224e-08
0.2640000E+00 -1.42334e-07
0.2660000E+00 -1.0052e-07
0.2680000E+00 -8.29796e-08
0.2700000E+00 -5.52382e-08
0.2720000E+00 -3.48486e-08
0.2740000E+00 -1.71874e-08
0.2760000E+00 -2.30634e-09
0.2780000E+00 1.21301e-08
0.2800000E+00 5.16831e-07
0.2820000E+00 2.95997e-07
0.2840000E+00 -3.35122e-07
0.2860000E+00 -1.91702e-07
0.2880000E+00 -2.0601e-07
0.2900000E+00 -2.56192e-07
0.2920000E+00 -2.58856e-07
0.2940000E+00 -2.61137e-07
0.2960000E+00 -2.63485e-07
0.2980000E+00 -2.66321e-07
0.3000000E+00 -2.7003e-07
0.3020000E+00 -2.58271e-07
0.3040000E+00 -2.59128e-07
0.3060000E+00 2.91619e-07
0.3080000E+00 2.39498e-07
0.3100000E+00 1.85867e-07
0.3120000E+00 1.30858e-07
0.3140000E+00 7.86517e-08
0.3160000E+00 7.43037e-08
0.3180000E+00 5.56818e-08
0.3200000E+00 4.0452e-08
0.3220000E+00 5.15877e-08
0.3240000E+00 6.54405e-08
0.3260000E+00 7.97166e-08
0.3280000E+00 9.44203e-08
0.3300000E+00 -8.34645e-08
0.3320000E+00 -1.09128e-06
0.3340000E+00 -1.59321e-07
0.3360000E+00 5.50656e-07
0.3380000E+00 9.25752e-09
0.3400000E+00 -1.87693e-07
0.3420000E+00 -1.8465e-07
0.3440000E+00 -1.82239e-07
0.3460000E+00 -1.67218e-07
0.3480000E+00 -1.47857e-07
0.3500000E+00 -1.51983e-07
0.3520000E+00 -1.55308e-07
0.3540000E+00 -1.58786e-07
0.3560000E+00 1.4201e-07
0.3580000E+00 2.25683e-07
0.3600000E+00 2.237e-07
0.3620000E+00 1.94175e-07
0.3640000E+00 1.71053e-07
0.3660000E+00 1.44458e-07
0.3680000E+00 1.65605e-07
0.3700000E+00 1.65664e-07
0.3720000E+00 1.59554e-07
0.3740000E+00 1.25626e-08
0.3760000E+00 -1.14307e-06
0.3780000E+00 -4.57656e-07
0.3800000E+00 -4.44017e-07
0.3820000E+00 -4.2924e-07
0.3840000E+00 1.73012e-06
0.3860000E+00 -1.35699e-07
0.3880000E+00 -8.56552e-08
0.3900000E+00 -8.24271e-08
0.3920000E+00 -7.89094e-08
0.3940000E+00 -7.54102e-08
0.3960000E+00 -7.21096e-08
0.3980000E+00 -6.84507e-08
0.4000000E+00 -6.45519e-08
0.4020000E+00 -5.44797e-08
0.4040000E+00 2.8679e-07
0.4060000E+00 3.01593e-07
0.4080000E+00 3.10181e-07
0.4100000E+00 3.18817e-07
0.4120000E+00 3.25456e-07
0.4140000E+00 -3.80839e-07
0.4160000E+00 -3.66486e-07
0.4180000E+00 -3.79875e-07
0.4200000E+00 -3.5866e-07
0.4220000E+00 -3.61981e-07
0.4240000E+00 -2.77937e-07
0.4260000E+00 1.70024e-07
0.4280000E+00 2.88088e-07
0.4300000E+00 1.93449e-07
0.4320000E+00 8.74479e-08
0.4340000E+00 -2.04948e-08
0.4360000E+00 -1.0218e-08
0.4380000E+00 3.15629e-10
0.4400000E+00 2.30675e-08
0.4420000E+00 3.49646e-08
0.4440000E+00 4.44136e-08
0.4460000E+00 5.89721e-08
0.4480000E+00 5.22605e-07
0.4500000E+00 -3.23499e-07
0.4520000E+00 -2.36191e-07
0.4540000E+00 -2.98642e-07
0.4560000E+00 -2.18971e-07
0.4580000E+00 -1.76731e-07
0.4600000E+00 -1.74508e-07
0.4620000E+00 -1.69594e-07
0.4640000E+00 -1.407e-07
0.4660000E+00 1.51778e-07
0.4680000E+00 1.2812e-07
0.4700000E+00 1.43391e-07
0.4720000E+00 1.52154e-07
0.4740000E+00 1.46193e-07
0.4760000E+00 1.41127e-07
0.4780000E+00 1.29817e-07
0.4800000E+00 -1.09068e-07
0.4820000E+00 -6.88541e-07
0.4840000E+00 -6.21831e-07
0.4860000E+00 1.0127e-06
0.4880000E+00 -1.21881e-07
0.4900000E+00 -1.09954e-07
0.4920000E+00 -9.64211e-08
0.4940000E+00 -8.83731e-08
0.4960000E+00 -8.12637e-08
0.4980000E+00 -4.32757e-08
0.5000000E+00 1.1985e-07
0.5020000E+00 2.59211e-07
0.5040000E+00 2.85104e-07
0.5060000E+00 3.09978e-07
0.5080000E+00 -1.4433e-08
0.5100000E+00 -6.81496e-07
0.5120000E+00 -3.12573e-07
0.5140000E+00 -3.00554e-07
0.5160000E+00 6.90358e-08
0.5180000E+00 9.79616e-08
0.5200000E+00 6.84776e-08
0.5220000E+00 7.05461e-08
0.5240000E+00 2.59715e-08
0.5260000E+00 2.55163e-08
0.5280000E+00 4.60419e-08
0.5300000E+00 6.4971e-08
0.5320000E+00 3.38519e-07
0.5340000E+00 -2.60116e-07
0.5360000E+00 -2.30431e-07
0.5380000E+00 -2.18012e-07
0.5400000E+00 -1.99712e-07
0.5420000E+00 -1.07907e-07
0.5440000E+00 1.53164e-07
0.5460000E+00 1.56747e-07
0.5480000E+00 1.60025e-07
0.5500000E+00 1.63905e-07
0.5520000E+00 1.6744e-07
0.5540000E+00 -6.94742e-07
0.5560000E+00 -1.91987e-07
0.5580000E+00 -9.2464e-09
0.5600000E+00 1.90747e-08
0.5620000E+00 -7.07159e-08
0.5640000E+00 -4.41951e-08
0.5660000E+00 -1.68269e-08
0.5680000E+00 3.30812e-07
0.5700000E+00 6.23173e-07
0.5720000E+00 -5.23115e-07
0.5740000E+00 -3.99045e-07
0.5760000E+00 2.75337e-08
0.5780000E+00 7.05081e-08
0.5800000E+00 5.93942e-08
0.5820000E+00 4.81572e-08
0.5840000E+00 3.76393e-08
0.5860000E+00 -2.63732e-07
0.5880000E+00 -4.43097e-09
0.5900000E+00 -1.57957e-07
0.5920000E+00 -9.91267e-08
0.5940000E+00 1.49165e-07
0.5960000E+00 2.90137e-07
0.5980000E+00 -1.00226e-06
0.6000000E+00 -1.28138e-08
0.6020000E+00 -6.71486e-08
0.6040000E+00 -1.09536e-07
0.6060000E+00 -6.76843e-08
0.6080000E+00 -3.73944e-07
0.6100000E+00 -1.12735e-07
0.6120000E+00 4.78391e-08
0.6140000E+00 3.7636e-08
0.6160000E+00 -3.84885e-07
0.6180000E+00 -3.34963e-07
0.6200000E+00 2.73623e-07
0.6220000E+00 -1.36251e-07
0.6240000E+00 -5.86105e-07
0.6260000E+00 -2.3533e-07
0.6280000E+00 -9.28259e-07
0.6300000E+00 1.5619e-07
0.6320000E+00 1.52746e-06
0.6340000E+00 -5.7048e-07
0.6360000E+00 5.55154e-07
0.6380000E+00 -1.73452e-07
0.6400000E+00 7.71974e-09
0.6420000E+00 -2.35185e-07
0.6440000E+00 4.96524e-08
0.6460000E+00 -1.42225e-07
0.6480000E+00 -4.38235e-08
0.6500000E+00 -8.44481e-08
0.6520000E+00 -9.21665e-08
0.6540000E+00 1.94145e-07
0.6560000E+00 -1.01221e-07
0.6580000E+00 1.72358e-07
0.6600000E+00 6.34324e-08
0.6620000E+00 -4.11256e-08
0.6640000E+00 -4.95879e-08
0.6660000E+00 2.37614e-08
0.6680000E+00 1.5413e-07
0.6700000E+00 -7.04702e-08
0.6720000E+00 1.30376e-07
0.6740000E+00 5.05498e-08
0.6760000E+00 5.14621e-08
0.6780000E+00 1.98245e-08
0.6800000E+00 -1.46602e-08
0.6820000E+00 -1.78402e-08
0.6840000E+00 7.31889e-08
0.6860000E+00 5.02905e-08
0.6880000E+00 4.76634e-08
0.6900000E+00 2.23364e-08
0.6920000E+00 8.76682e-09
0.6940000E+00 2.21025e-08
0.6960000E+00 2.51963e-08
0.6980000E+00 2.83799e-08
0.7000000E+00 3.14633e-08
0.7020000E+00 1.99162e-08
0.7040000E+00 2.06395e-08
0.7060000E+00 6.62043e-08
0.7080000E+00 4.87618e-08
0.7100000E+00 4.02165e-08
0.7120000E+00 1.47465e-08
0.7140000E+00 2.27499e-08
0.7160000E+00 2.82757e-08
0.7180000E+00 5.72242e-09
0.7200000E+00 1.30377e-08
0.7220000E+00 1.30559e-08
0.7240000E+00 1.43844e-08
0.7260000E+00 1.84435e-08
0.7280000E+00 1.9175e-08
0.7300000E+00 5.47545e-08
0.7320000E+00 4.48883e-08
0.7340000E+00 4.13493e-08
0.7360000E+00 3.90139e-08
0.7380000E+00 -5.09718e-08
0.7400000E+00 1.23568e-08
0.7420000E+00 1.31671e-08
0.7440000E+00 1.7209e-08
0.7460000E+00 1.9718e-08
0.7480000E+00 2.08574e-08
0.7500000E+00 1.90912e-08
0.7520000E+00 2.1981e-08
0.7540000E+00 2.03785e-08
0.7560000E+00 2.29034e-08
0.7580000E+00 3.71987e-08
0.7600000E+00 4.12646e-08
0.7620000E+00 3.72346e-08
0.7640000E+00 3.5603e-08
0.7660000E+00 3.78711e-08
0.7680000E+00 -2.79303e-08
0.7700000E+00 4.88839e-09
0.7720000E+00 9.10021e-09
0.7740000E+00 9.19575e-09
0.7760000E+00 1.08479e-08
0.7780000E+00 1.59923e-08
0.7800000E+00 1.61417e-08
0.7820000E+00 1.61322e-08
0.7840000E+00 1.6811e-08
0.7860000E+00 1.81728e-08
0.7880000E+00 1.96552e-08
0.7900000E+00 3.30982e-08
0.7920000E+00 4.02279e-08
0.7940000E+00 3.44974e-08
0.7960000E+00 3.12303e-08
0.7980000E+00 3.05871e-08
0.8000000E+00 2.99155e-08
0.8020000E+00 -2.41513e-08
0.8040000E+00 -2.09608e-08
0.8060000E+00 4.95544e-09
0.8080000E+00 5.3074e-09
0.8100000E+00 4.66946e-09
0.8120000E+00 7.25288e-09
0.8140000E+00 2.17388e-08
0.8160000E+00 1.66685e-08
0.8180000E+00 1.64607e-08
0.8200000E+00 1.71066e-08
0.8220000E+00 1.77447e-08
0.8240000E+00 1.87598e-08
0.8260000E+00 3.36371e-08
0.8280000E+00 2.36149e-08
0.8300000E+00 2.33709e-08
0.8320000E+00 2.30047e-08
0.8340000E+00 2.30254e-08
0.8360000E+00 2.73975e-08
0.8380000E+00 3.44985e-08
0.8400000E+00 -4.0433e-08
0.8420000E+00 -8.75313e-09
0.8440000E+00 2.16514e-09
0.8460000E+00 1.15884e-09
0.8480000E+00 6.14054e-09
0.8500000E+00 6.18998e-09
0.8520000E+00 7.78928e-09
0.8540000E+00 9.62731e-09
0.8560000E+00 1.00725e-08
0.8580000E+00 1.04669e-08
0.8600000E+00 1.05668e-08
0.8620000E+00 1.72058e-08
0.8640000E+00 2.98378e-08
0.8660000E+00 2.10477e-08
0.8680000E+00 2.03922e-08
0.8700000E+00 1.99782e-08
0.8720000E+00 2.04949e-08
0.8740000E+00 1.94014e-08
0.8760000E+00 1.84742e-08
0.8780000E+00 1.85856e-08
0.8800000E+00 1.89421e-08
0.8820000E+00 -1.76208e-08
0.8840000E+00 -1.3131e-08
0.8860000E+00 -4.94883e-09
0.8880000E+00 -3.52654e-10
0.8900000E+00 1.35868e-08
0.8920000E+00 1.55745e-08
0.8940000E+00 1.4268e-08
0.8960000E+00 9.89881e-09
0.8980000E+00 9.77664e-09
0.9000000E+00 9.10248e-09
0.9020000E+00 1.03591e-08
0.9040000E+00 1.19587e-08
0.9060000E+00 1.0632e-08
0.9080000E+00 1.03202e-08
0.9100000E+00 1.00277e-08
0.9120000E+00 9.7668e-09
0.9140000E+00 9.77621e-09
0.9160000E+00 1.00223e-08
0.9180000E+00 4.70897e-08
0.9200000E+00 1.85933e-08
0.9220000E+00 1.89224e-08
0.9240000E+00 1.88534e-08
0.9260000E+00 -9.00871e-09
0.9280000E+00 -8.75956e-09
0.9300000E+00 1.22922e-09
0.9320000E+00 1.18946e-09
0.9340000E+00 4.18486e-10
0.9360000E+00 -3.62462e-10
0.9380000E+00 -5.06756e-10
0.9400000E+00 1.4591e-09
0.9420000E+00 1.25026e-09
0.9440000E+00 9.94332e-10
0.9460000E+00 2.79453e-09
0.9480000E+00 1.7926e-08
0.9500000E+00 1.73907e-08
0.9520000E+00 1.64387e-08
0.9540000E+00 8.262e-09
0.9560000E+00 8.06065e-09
0.9580000E+00 7.97954e-09
0.9600000E+00 7.90275e-09
0.9620000E+00 8.35858e-09
0.9640000E+00 9.42422e-09
0.9660000E+00 1.08231e-08
0.9680000E+00 1.16012e-08
0.9700000E+00 1.01063e-08
0.9720000E+00 -3.91041e-08
0.9740000E+00 -1.5282e-08
0.9760000E+00 -7.8411e-09
0.9780000E+00 -3.88754e-09
0.9800000E+00 2.39387e-08
0.9820000E+00 3.63355e-09
0.9840000E+00 3.93802e-09
0.9860000E+00 4.95866e-09
0.9880000E+00 4.36079e-09
0.9900000E+00 4.65075e-09
0.9920000E+00 2.14822e-09
0.9940000E+00 7.35398e-10
0.9960000E+00 6.91598e-10
0.9980000E+00 1.24886e-09
0.1000000E+01 9.01817e-10
0.1002000E+01 2.87768e-09
0.1004000E+01 4.39515e-09
0.1006000E+01 2.92358e-09
0.1008000E+01 2.44704e-09
0.1010000E+01 1.10529e-08
0.1012000E+01 2.36423e-08
0.1014000E+01 1.65697e-08
0.1016000E+01 1.43278e-08
0.1018000E+01 8.47304e-09
0.1020000E+01 -2.48145e-08
0.1022000E+01 -1.15437e-08
0.1024000E+01 -6.67279e-09
0.1026000E+01 -3.18814e-09
0.1028000E+01 -3.71229e-09
0.1030000E+01 -4.17888e-09
0.1032000E+01 -3.68452e-09
0.1034000E+01 -3.7476e-09
0.1036000E+01 -3.46108e-09
0.1038000E+01 -1.92157e-09
0.1040000E+01 -3.7132e-10
0.1042000E+01 -1.45828e-09
0.1044000E+01 1.31567e-08
0.1046000E+01 1.89177e-08
0.1048000E+01 8.08e-09
0.1050000E+01 7.22898e-09
0.1052000E+01 5.19702e-09
0.1054000E+01 4.28652e-09
0.1056000E+01 4.29708e-09
0.1058000E+01 3.23099e-09
0.1060000E+01 1.10819e-09
0.1062000E+01 5.6468e-10
0.1064000E+01 9.67247e-11
0.1066000E+01 -3.48025e-10
0.1068000E+01 -7.72761e-10
0.1070000E+01 -2.12723e-08
0.1072000E+01 -1.33338e-08
0.1074000E+01 -6.37035e-09
0.1076000E+01 -2.21499e-09
0.1078000E+01 7.03172e-09
0.1080000E+01 1.83559e-08
0.1082000E+01 6.12783e-09
0.1084000E+01 7.14106e-09
0.1086000E+01 3.77027e-09
0.1088000E+01 5.5305e-10
0.1090000E+01 -1.46214e-09
0.1092000E+01 -3.64851e-09
0.1094000E+01 -2.49965e-09
0.1096000E+01 -2.34368e-09
0.1098000E+01 -2.63318e-09
0.1100000E+01 -2.89669e-09
0.1102000E+01 -3.34769e-09
0.1104000E+01 -4.57593e-09
0.1106000E+01 -3.58093e-09
0.1108000E+01 -1.05082e-09
0.1110000E+01 4.61013e-10
0.1112000E+01 -5.5241e-10
0.1114000E+01 1.80122e-08
0.1116000E+01 2.02919e-08
0.1118000E+01 7.97779e-09
0.1120000E+01 4.2414e-09
0.1122000E+01 -9.26919e-09
0.1124000E+01 -5.18386e-09
0.1126000E+01 -2.45659e-09
0.1128000E+01 -1.46633e-09
0.1130000E+01 -4.0311e-09
0.1132000E+01 -4.93013e-09
0.1134000E+01 -4.64561e-09
0.1136000E+01 -5.35652e-09
0.1138000E+01 -5.65747e-09
0.1140000E+01 -6.1596e-09
0.1142000E+01 1.40531e-09
0.1144000E+01 3.74732e-09
0.1146000E+01 -1.19763e-09
0.1148000E+01 -2.96248e-09
0.1150000E+01 1.81594e-08
0.1152000E+01 4.8774e-09
0.1154000E+01 5.4019e-09
0.1156000E+01 4.37638e-09
0.1158000E+01 3.2237e-09
0.1160000E+01 -6.46981e-10
0.1162000E+01 -1.71461e-09
0.1164000E+01 -2.07735e-09
0.1166000E+01 -2.53111e-09
0.1168000E+01 -3.00503e-09
0.1170000E+01 -3.51343e-09
0.1172000E+01 -4.02218e-09
0.1174000E+01 -5.74043e-09
0.1176000E+01 -2.10071e-09
0.1178000E+01 1.12573e-09
0.1180000E+01 3.643e-10
0.1182000E+01 -2.81938e-09
0.1184000E+01 -4.72337e-09
0.1186000E+01 -2.12956e-09
0.1188000E+01 1.91211e-08
0.1190000E+01 1.84483e-08
0.1192000E+01 4.25831e-09
0.1194000E+01 2.46326e-09
0.1196000E+01 2.01271e-09
0.1198000E+01 1.4823e-09
0.1200000E+01 8.93056e-11
0.1202000E+01 -8.48594e-10
0.1204000E+01 -1.23369e-08
0.1206000E+01 -1.18032e-08
0.1208000E+01 -2.32201e-10
0.1210000E+01 5.38132e-09
0.1212000E+01 -1.58885e-09
0.1214000E+01 -1.98748e-09
0.1216000E+01 -2.26843e-09
0.1218000E+01 -2.59193e-09
0.1220000E+01 -3.34378e-09
0.1222000E+01 -4.78869e-09
0.1224000E+01 -6.52532e-09
0.1226000E+01 1.99442e-08
0.1228000E+01 2.28943e-09
0.1230000E+01 1.78657e-09
0.1232000E+01 1.60073e-09
0.1234000E+01 5.6035e-10
0.1236000E+01 -1.8976e-09
0.1238000E+01 -1.40991e-09
0.1240000E+01 4.78344e-09
0.1242000E+01 1.16302e-08
0.1244000E+01 9.5017e-09
0.1246000E+01 5.22658e-09
0.1248000E+01 2.19389e-09
0.1250000E+01 1.35844e-09
0.1252000E+01 9.16393e-11
0.1254000E+01 -1.29619e-08
0.1256000E+01 -2.2487e-08
0.1258000E+01 -1.42159e-08
0.1260000E+01 -1.08482e-08
0.1262000E+01 -1.06022e-08
0.1264000E+01 3.79313e-09
0.1266000E+01 8.3846e-09
0.1268000E+01 2.38045e-09
0.1270000E+01 -2.00118e-09
0.1272000E+01 1.41863e-08
0.1274000E+01 1.87472e-08
0.1276000E+01 6.47419e-09
0.1278000E+01 5.56863e-09
0.1280000E+01 5.4331e-09
0.1282000E+01 4.0236e-09
0.1284000E+01 2.46417e-09
0.1286000E+01 -7.0459e-10
0.1288000E+01 -1.21203e-09
0.1290000E+01 -1.16317e-09
0.1292000E+01 -1.81307e-09
0.1294000E+01 -2.34527e-09
0.1296000E+01 -3.0646e-09
0.1298000E+01 -3.42618e-09
0.1300000E+01 -2.26269e-08
0.1302000E+01 -2.75144e-08
0.1304000E+01 1.79039e-08
0.1306000E+01 2.22858e-08
0.1308000E+01 1.02772e-08
0.1310000E+01 -2.69695e-10
0.1312000E+01 -6.35264e-10
0.1314000E+01 -5.09764e-10
0.1316000E+01 -1.67107e-09
0.1318000E+01 -2.11112e-09
0.1320000E+01 -2.65125e-09
0.1322000E+01 -4.33206e-09
0.1324000E+01 -5.86299e-09
0.1326000E+01 -7.02864e-09
0.1328000E+01 -7.52629e-09
0.1330000E+01 -7.91057e-09
0.1332000E+01 -9.00002e-10
0.1334000E+01 8.91024e-09
0.1336000E+01 1.79936e-08
0.1338000E+01 6.57184e-09
0.1340000E+01 6.19813e-09
0.1342000E+01 -3.01659e-08
0.1344000E+01 -9.40666e-09
0.1346000E+01 -9.53446e-09
0.1348000E+01 -6.09771e-09
0.1350000E+01 -6.1857e-09
0.1352000E+01 -9.50158e-09
0.1354000E+01 -9.42278e-09
0.1356000E+01 -9.62209e-09
0.1358000E+01 -8.55107e-09
0.1360000E+01 -8.65691e-09
0.1362000E+01 2.9688e-09
0.1364000E+01 2.07015e-08
0.1366000E+01 2.20994e-08
0.1368000E+01 9.87691e-09
0.1370000E+01 5.66327e-09
0.1372000E+01 3.92626e-09
0.1374000E+01 3.5886e-09
0.1376000E+01 2.40229e-09
0.1378000E+01 -2.33918e-08
0.1380000E+01 -6.27966e-08
0.1382000E+01 -3.83533e-08
0.1384000E+01 -2.17653e-08
0.1386000E+01 -1.24416e-08
0.1388000E+01 -1.85181e-08
0.1390000E+01 -1.52813e-08
0.1392000E+01 5.52251e-09
0.1394000E+01 2.21998e-08
0.1396000E+01 1.06414e-08
0.1398000E+01 3.89777e-09
0.1400000E+01 7.33872e-10
0.1402000E+01 -1.16444e-09
0.1404000E+01 -2.00303e-09
0.1406000E+01 -4.12872e-09
0.1408000E+01 -5.1052e-09
0.1410000E+01 -4.43006e-09
0.1412000E+01 -6.12712e-08
0.1414000E+01 -7.73233e-08
0.1416000E+01 -4.26629e-08
0.1418000E+01 -4.39088e-08
0.1420000E+01 -8.07206e-09
0.1422000E+01 9.7533e-09
0.1424000E+01 -3.36202e-09
0.1426000E+01 1.362e-08
0.1428000E+01 1.52369e-09
0.1430000E+01 -2.11596e-09
0.1432000E+01 -1.04738e-08
0.1434000E+01 -1.59634e-08
0.1436000E+01 -1.36875e-08
0.1438000E+01 -1.37354e-08
0.1440000E+01 -2.42629e-08
0.1442000E+01 -1.02017e-07
0.1444000E+01 -7.90983e-08
0.1446000E+01 -5.11853e-08
0.1448000E+01 -2.50907e-08
0.1450000E+01 4.3984e-09
0.1452000E+01 -3.99373e-09
0.1454000E+01 -1.77196e-08
0.1456000E+01 -2.08979e-08
0.1458000E+01 -2.07001e-08
0.1460000E+01 -1.75011e-08
0.1462000E+01 -1.40297e-08
0.1464000E+01 -1.35974e-08
0.1466000E+01 -2.12614e-09
0.1468000E+01 -9.98203e-08
0.1470000E+01 -8.3874e-08
0.1472000E+01 -6.77353e-08
0.1474000E+01 -4.07175e-08
0.1476000E+01 -1.16468e-08
0.1478000E+01 -1.06266e-08
0.1480000E+01 -2.73464e-08
0.1482000E+01 -2.63742e-08
0.1484000E+01 -2.41362e-08
0.1486000E+01 -2.48382e-08
0.1488000E+01 -2.64311e-08
0.1490000E+01 -8.24932e-08
0.1492000E+01 -1.37323e-07
0.1494000E+01 -1.02509e-07
0.1496000E+01 -7.6223e-08
0.1498000E+01 -6.07033e-08
0.1500000E+01 -6.1788e-08
0.1502000E+01 -2.15496e-08
0.1504000E+01 6.67439e-09
0.1506000E+01 -8.41998e-09
0.1508000E+01 8.08368e-09
0.1510000E+01 -1.92443e-09
0.1512000E+01 -1.03363e-07
0.1514000E+01 -1.41705e-07
0.1516000E+01 -7.30044e-08
0.1518000E+01 -6.00118e-08
0.1520000E+01 -6.02201e-08
0.1522000E+01 -6.22563e-08
0.1524000E+01 -5.29158e-08
0.1526000E+01 -4.82714e-08
0.1528000E+01 -1.60663e-08
0.1530000E+01 -3.45476e-09
0.1532000E+01 -1.18879e-07
0.1534000E+01 -1.04444e-07
0.1536000E+01 -6.98602e-08
0.1538000E+01 -6.43557e-08
0.1540000E+01 -4.92901e-08
0.1542000E+01 -3.90243e-08
0.1544000E+01 -3.70868e-08
0.1546000E+01 -3.67935e-08
0.1548000E+01 -2.35369e-08
0.1550000E+01 -1.26152e-07
0.1552000E+01 -8.99124e-08
0.1554000E+01 -3.57373e-08
0.1556000E+01 -1.19546e-09
0.1558000E+01 -2.05374e-08
0.1560000E+01 -3.6831e-08
0.1562000E+01 -2.73605e-08
0.1564000E+01 -1.29327e-08
0.1566000E+01 -8.2528e-08
0.1568000E+01 -1.12261e-07
0.1570000E+01 -5.63355e-08
0.1572000E+01 -4.63591e-08
0.1574000E+01 -3.72735e-08
0.1576000E+01 -2.54405e-08
0.1578000E+01 1.29637e-08
0.1580000E+01 3.29955e-08
0.1582000E+01 -2.57042e-08
0.1584000E+01 -6.1643e-08
0.1586000E+01 -1.90624e-08
0.1588000E+01 6.71244e-09
0.1590000E+01 8.64782e-09
0.1592000E+01 6.47861e-09
0.1594000E+01 -1.56827e-09
0.1596000E+01 -6.0562e-09
0.1598000E+01 -3.06688e-08
0.1600000E+01 -3.87202e-08
0.1602000E+01 1.28416e-08
0.1604000E+01 1.72019e-08
0.1606000E+01 2.4764e-09
0.1608000E+01 4.67364e-08
0.1610000E+01 5.44598e-08
0.1612000E+01 6.62315e-08
0.1614000E+01 3.41978e-08
0.1616000E+01 3.31463e-08
0.1618000E+01 4.54155e-08
0.1620000E+01 4.82137e-08
0.1622000E+01 5.4024e-08
0.1624000E+01 5.35467e-08
0.1626000E+01 -3.42362e-08
0.1628000E+01 1.05914e-07
0.1630000E+01 9.7852e-08
0.1632000E+01 7.36755e-08
0.1634000E+01 8.00489e-08
0.1636000E+01 8.46179e-08
0.1638000E+01 7.29841e-08
0.1640000E+01 7.44868e-08
0.1642000E+01 5.25167e-08
0.1644000E+01 4.73914e-08
0.1646000E+01 8.59091e-08
0.1648000E+01 8.09636e-08
0.1650000E+01 1.17098e-07
0.1652000E+01 1.49368e-07
0.1654000E+01 1.51305e-07
0.1656000E+01 1.31502e-07
0.1658000E+01 1.07392e-07
0.1660000E+01 1.08201e-07
0.1662000E+01 9.08819e-08
0.1664000E+01 8.32493e-08
0.1666000E+01 8.11151e-08
0.1668000E+01 1.16584e-07
0.1670000E+01 1.15577e-07
0.1672000E+01 1.35288e-07
0.1674000E+01 1.70626e-07
0.1676000E+01 1.72328e-07
0.1678000E+01 1.50396e-07
0.1680000E+01 1.70613e-07
0.1682000E+01 1.75149e-07
0.1684000E+01 1.57293e-07
0.1686000E+01 1.35387e-07
0.1688000E+01 1.29202e-07
0.1690000E+01 1.13804e-07
0.1692000E+01 9.46828e-08
0.1694000E+01 1.35511e-07
0.1696000E+01 1.86393e-07
0.1698000E+01 1.90973e-07
0.1700000E+01 1.69914e-07
0.1702000E+01 1.7038e-07
0.1704000E+01 1.72347e-07
0.1706000E+01 1.8262e-07
0.1708000E+01 1.79961e-07
0.1710000E+01 1.72425e-07
0.1712000E+01 1.56738e-07
0.1714000E+01 1.42775e-07
0.1716000E+01 1.62732e-07
0.1718000E+01 1.95709e-07
0.1720000E+01 1.86873e-07
0.1722000E+01 1.60793e-07
0.1724000E+01 1.6206e-07
0.1726000E+01 1.83776e-07
0.1728000E+01 1.74739e-07
0.1730000E+01 1.71992e-07
0.1732000E+01 1.80354e-07
0.1734000E+01 1.8507e-07
0.1736000E+01 1.63423e-07
0.1738000E+01 1.94144e-07
0.1740000E+01 2.10921e-07
0.1742000E+01 1.88928e-07
0.1744000E+01 1.9245e-07
0.1746000E+01 2.3679e-07
0.1748000E+01 1.88084e-07
0.1750000E+01 1.77359e-07
0.1752000E+01 1.73803e-07
0.1754000E+01 1.70423e-07
0.1756000E+01 1.68433e-07
0.1758000E+01 1.64288e-07
0.1760000E+01 2.18374e-07
0.1762000E+01 1.98862e-07
0.1764000E+01 1.95681e-07
0.1766000E+01 1.90336e-07
0.1768000E+01 1.85777e-07
0.1770000E+01 1.84426e-07
0.1772000E+01 1.93752e-07
0.1774000E+01 1.87997e-07
0.1776000E+01 1.78734e-07
0.1778000E+01 2.33589e-07
0.1780000E+01 2.78365e-07
0.1782000E+01 2.50425e-07
0.1784000E+01 2.35793e-07
0.1786000E+01 2.05294e-07
0.1788000E+01 1.99156e-07
0.1790000E+01 1.94706e-07
0.1792000E+01 1.89668e-07
0.1794000E+01 1.82785e-07
0.1796000E+01 1.70037e-07
0.1798000E+01 2.37398e-07
0.1800000E+01 2.58449e-07
0.1802000E+01 2.32174e-07
0.1804000E+01 2.19398e-07
0.1806000E+01 2.10563e-07
0.1808000E+01 2.13272e-07
0.1810000E+01 2.1653e-07
0.1812000E+01 2.3389e-07
0.1814000E+01 2.1969e-07
0.1816000E+01 2.33077e-07
0.1818000E+01 2.65408e-07
0.1820000E+01 2.56392e-07
0.1822000E+01 2.43826e-07
0.1824000E+01 2.43326e-07
0.1826000E+01 2.4946e-07
0.1828000E+01 2.46942e-07
0.1830000E+01 2.30324e-07
0.1832000E+01 2.24113e-07
0.1834000E+01 2.31514e-07
0.1836000E+01 2.64094e-07
0.1838000E+01 2.71073e-07
0.1840000E+01 2.62507e-07
0.1842000E+01 2.62202e-07
0.1844000E+01 2.75671e-07
0.1846000E+01 2.79984e-07
0.1848000E+01 2.72958e-07
0.1850000E+01 2.68492e-07
0.1852000E+01 2.85503e-07
0.1854000E+01 3.13418e-07
0.1856000E+01 2.97467e-07
0.1858000E+01 2.84356e-07
0.1860000E+01 2.89062e-07
0.1862000E+01 3.11561e-07
0.1864000E+01 3.09898e-07
0.1866000E+01 3.00179e-07
0.1868000E+01 2.98295e-07
0.1870000E+01 3.44691e-07
0.1872000E+01 3.46509e-07
0.1874000E+01 3.27792e-07
0.1876000E+01 3.23187e-07
0.1878000E+01 3.52206e-07
0.1880000E+01 3.56585e-07
0.1882000E+01 3.52258e-07
0.1884000E+01 3.55476e-07
0.1886000E+01 3.7823e-07
0.1888000E+01 3.83103e-07
0.1890000E+01 3.72958e-07
0.1892000E+01 3.70034e-07
0.1894000E+01 4.26638e-07
0.1896000E+01 4.23363e-07
0.1898000E+01 4.04908e-07
0.1900000E+01 4.05731e-07
0.1902000E+01 4.22571e-07
0.1904000E+01 4.24268e-07
0.1906000E+01 4.25777e-07
0.1908000E+01 4.99118e-07
0.1910000E+01 5.21613e-07
0.1912000E+01 4.69041e-07
0.1914000E+01 4.66433e-07
0.1916000E+01 4.38888e-07
0.1918000E+01 3.51098e-07
0.1920000E+01 4.10298e-07
0.1922000E+01 3.506e-07
0.1924000E+01 -2.17152e-07
0.1926000E+01 1.98742e-07
0.1928000E+01 1.73575e-06
0.1930000E+01 1.8019e-06
0.1932000E+01 1.37967e-06
0.1934000E+01 1.49683e-06
0.1936000E+01 6.28821e-07
0.1938000E+01 1.58149e-06
0.1940000E+01 9.17645e-07
0.1942000E+01 1.68963e-06
0.1944000E+01 2.14498e-06
0.1946000E+01 3.47933e-06
0.1948000E+01 2.14505e-06
0.1950000E+01 3.00709e-06
0.1952000E+01 2.74971e-06
0.1954000E+01 1.20101e-05
0.1956000E+01 -4.24322e-07
0.1958000E+01 -1.3886e-05
0.1960000E+01 -5.02105e-06
0.1962000E+01 -5.05628e-06
0.1964000E+01 -1.66219e-06
0.1966000E+01 -3.8631e-07
0.1968000E+01 -1.54577e-06
0.1970000E+01 -1.99997e-06
0.1972000E+01 -2.73888e-06
0.1974000E+01 -2.07918e-06
0.1976000E+01 -5.18333e-07
0.1978000E+01 -4.83723e-07
0.1980000E+01 -2.01005e-06
0.1982000E+01 -2.25005e-06
0.1984000E+01 -8.45585e-07
0.1986000E+01 -4.3189e-07
0.1988000E+01 -7.56451e-07
0.1990000E+01 -4.65131e-07
0.1992000E+01 -8.50869e-07
0.1994000E+01 -1.62232e-07
0.1996000E+01 -2.93869e-07
0.1998000E+01 1.72812e-07
0.2000000E+01 -2.2673e-07
0.2002000E+01 -2.40083e-07
0.2004000E+01 -2.55775e-07
0.2006000E+01 -2.72622e-07
0.2008000E+01 -2.919e-07
0.2010000E+01 -3.28243e-07
0.2012000E+01 -3.71265e-07
0.2014000E+01 -4.6104e-07
0.2016000E+01 -6.70795e-07
0.2018000E+01 -4.02346e-07
0.2020000E+01 -1.52215e-07
0.2022000E+01 -1.60373e-07
0.2024000E+01 -1.67344e-07
0.2026000E+01 -1.57527e-07
0.2028000E+01 -1.67371e-07
0.2030000E+01 7.09593e-08
0.2032000E+01 6.44074e-07
0.2034000E+01 9.52672e-07
0.2036000E+01 5.23536e-08
0.2038000E+01 -6.70894e-07
0.2040000E+01 -6.53608e-07
0.2042000E+01 -5.7871e-07
0.2044000E+01 -3.06287e-07
0.2046000E+01 -2.02025e-07
0.2048000E+01 1.37394e-08
0.2050000E+01 4.66375e-07
0.2052000E+01 2.17571e-07
0.2054000E+01 -7.00297e-07
0.2056000E+01 -7.17681e-07
0.2058000E+01 -1.45518e-07
0.2060000E+01 3.80106e-08
0.2062000E+01 1.35039e-08
0.2064000E+01 -3.52279e-08
0.2066000E+01 -2.98276e-07
0.2068000E+01 4.29331e-08
0.2070000E+01 -9.39525e-08
0.2072000E+01 -3.61326e-07
0.2074000E+01 -2.82701e-07
0.2076000E+01 -4.14525e-08
0.2078000E+01 6.2528e-08
0.2080000E+01 -7.81739e-09
0.2082000E+01 -3.85937e-08
0.2084000E+01 -3.41983e-07
0.2086000E+01 -2.91562e-07
0.2088000E+01 -2.44801e-07
0.2090000E+01 -2.64477e-07
0.2092000E+01 -8.95593e-08
0.2094000E+01 2.65467e-07
0.2096000E+01 1.33592e-07
0.2098000E+01 -1.23422e-07
0.2100000E+01 -2.12281e-07
0.2102000E+01 -2.14105e-07
0.2104000E+01 -2.09133e-07
0.2106000E+01 -1.61759e-07
0.2108000E+01 2.40487e-09
0.2110000E+01 6.28259e-08
0.2112000E+01 1.34703e-08
0.2114000E+01 3.12257e-08
0.2116000E+01 9.32988e-09
0.2118000E+01 -1.68911e-07
0.2120000E+01 -2.05699e-07
0.2122000E+01 -2.09696e-07
0.2124000E+01 -2.58095e-07
0.2126000E+01 -3.32099e-07
0.2128000E+01 -1.36899e-07
0.2130000E+01 1.08026e-07
0.2132000E+01 -1.0134e-08
0.2134000E+01 -1.70913e-07
0.2136000E+01 -1.53063e-07
0.2138000E+01 -1.48995e-07
0.2140000E+01 -1.61439e-07
0.2142000E+01 -1.59139e-07
0.2144000E+01 -5.6321e-08
0.2146000E+01 1.06767e-07
0.2148000E+01 6.74584e-08
0.2150000E+01 3.04623e-08
0.2152000E+01 -7.19213e-08
0.2154000E+01 -1.52151e-07
0.2156000E+01 -2.04006e-07
0.2158000E+01 -2.77343e-07
0.2160000E+01 -1.5783e-07
0.2162000E+01 -1.95543e-08
0.2164000E+01 -3.96711e-08
0.2166000E+01 -4.65443e-08
0.2168000E+01 -3.96374e-08
0.2170000E+01 -7.10893e-08
0.2172000E+01 -1.35611e-07
0.2174000E+01 -1.87893e-07
0.2176000E+01 -2.00918e-07
0.2178000E+01 -2.24655e-07
0.2180000E+01 1.50943e-07
0.2182000E+01 6.51934e-08
0.2184000E+01 -1.00428e-07
0.2186000E+01 -1.20797e-07
0.2188000E+01 -1.16859e-07
0.2190000E+01 -1.17444e-07
0.2192000E+01 -6.47627e-08
0.2194000E+01 1.03779e-07
0.2196000E+01 1.50042e-07
0.2198000E+01 -1.2431e-08
0.2200000E+01 -9.54818e-08
0.2202000E+01 -1.77802e-07
0.2204000E+01 -1.8102e-07
0.2206000E+01 -1.51514e-07
0.2208000E+01 -6.01567e-09
0.2210000E+01 3.22205e-08
0.2212000E+01 1.2053e-08
0.2214000E+01 3.68615e-08
0.2216000E+01 -4.12489e-08
0.2218000E+01 -1.3053e-07
0.2220000E+01 -1.49637e-07
0.2222000E+01 3.95905e-08
0.2224000E+01 2.18975e-07
0.2226000E+01 -1.19816e-07
0.2228000E+01 -1.18607e-07
0.2230000E+01 -1.11488e-07
0.2232000E+01 3.4768e-08
0.2234000E+01 2.45453e-07
0.2236000E+01 2.21644e-07
0.2238000E+01 8.82954e-08
0.2240000E+01 -1.68797e-07
0.2242000E+01 -6.12134e-08
0.2244000E+01 1.74191e-07
0.2246000E+01 6.26049e-08
0.2248000E+01 -1.16726e-08
0.2250000E+01 -1.38667e-08
0.2252000E+01 3.936e-07
0.2254000E+01 -3.69811e-08
0.2256000E+01 6.13663e-07
0.2258000E+01 1.22611e-06
0.2260000E+01 7.85655e-08
0.2262000E+01 -1.03185e-06
0.2264000E+01 -6.69515e-07
0.2266000E+01 -5.86794e-07
0.2268000E+01 -4.79855e-07
0.2270000E+01 -4.21641e-07
0.2272000E+01 -3.59398e-07
0.2274000E+01 -3.32637e-07
0.2276000E+01 -3.11197e-07
0.2278000E+01 -2.89084e-07
0.2280000E+01 -2.4287e-07
0.2282000E+01 -2.01255e-07
0.2284000E+01 -1.85567e-07
0.2286000E+01 -1.77707e-07
0.2288000E+01 -1.55963e-07
0.2290000E+01 -1.45472e-07
0.2292000E+01 -1.45479e-07
0.2294000E+01 -1.56227e-07
0.2296000E+01 -1.53664e-07
0.2298000E+01 -1.46542e-07
0.2300000E+01 -1.41996e-07
0.2302000E+01 -1.36574e-07
0.2304000E+01 -1.30516e-07
0.2306000E+01 -1.21893e-07
0.2308000E+01 -1.19563e-07
0.2310000E+01 -1.16673e-07
0.2312000E+01 -1.00446e-07
0.2314000E+01 -1.13929e-07
0.2316000E+01 -1.2543e-07
0.2318000E+01 -1.24999e-07
0.2320000E+01 -1.17579e-07
0.2322000E+01 -1.11669e-07
0.2324000E+01 -1.04886e-07
0.2326000E+01 -9.94454e-08
0.2328000E+01 -9.6195e-08
0.2330000E+01 -9.06327e-08
0.2332000E+01 -9.3332e-08
0.2334000E+01 -9.16243e-08
0.2336000E+01 -8.36302e-08
0.2338000E+01 -8.49712e-08
0.2340000E+01 -8.15461e-08
0.2342000E+01 -7.97712e-08
0.2344000E+01 -7.43788e-08
0.2346000E+01 -7.75784e-08
0.2348000E+01 -8.66945e-08
0.2350000E+01 -8.72854e-08
0.2352000E+01 -8.13432e-08
0.2354000E+01 -7.60004e-08
0.2356000E+01 -7.29514e-08
0.2358000E+01 -7.08826e-08
0.2360000E+01 -7.47299e-08
0.2362000E+01 -8.21368e-08
0.2364000E+01 -8.54655e-08
0.2366000E+01 -7.71035e-08
0.2368000E+01 -7.50467e-08
0.2370000E+01 -8.5394e-08
0.2372000E+01 -8.58756e-08
0.2374000E+01 -7.79194e-08
0.2376000E+01 -4.96996e-08
0.2378000E+01 -5.99707e-08
0.2380000E+01 -4.67514e-08
0.2382000E+01 -4.86171e-08
0.2384000E+01 -7.46734e-08
0.2386000E+01 -6.36327e-08
0.2388000E+01 -7.50373e-08
0.2390000E+01 -7.49779e-08
0.2392000E+01 -7.7211e-08
0.2394000E+01 -6.96592e-08
0.2396000E+01 -7.40669e-08
0.2398000E+01 -7.70103e-08
0.2400000E+01 -7.52706e-08
0.2402000E+01 -7.30232e-08
0.2404000E+01 -7.40959e-08
0.2406000E+01 -4.99949e-08
0.2408000E+01 -6.44739e-08
0.2410000E+01 -5.92605e-08
0.2412000E+01 -4.79725e-08
0.2414000E+01 -6.01679e-08
0.2416000E+01 -5.81557e-08
0.2418000E+01 -5.66121e-08
0.2420000E+01 -2.14729e-08
0.2422000E+01 -5.78724e-08
0.2424000E+01 -6.46874e-08
0.2426000E+01 -6.31026e-08
0.2428000E+01 -7.05472e-08
0.2430000E+01 -6.35655e-08
0.2432000E+01 -6.37051e-08
0.2434000E+01 -6.33064e-08
0.2436000E+01 -6.05805e-08
0.2438000E+01 -6.1123e-08
0.2440000E+01 -6.66389e-08
0.2442000E+01 -6.49095e-08
0.2444000E+01 -6.5524e-08
0.2446000E+01 -6.0702e-08
0.2448000E+01 -5.90937e-08
0.2450000E+01 -5.92822e-08
0.2452000E+01 -5.74651e-08
0.2454000E+01 -5.48949e-08
0.2456000E+01 -5.93714e-08
0.2458000E+01 -5.30198e-08
0.2460000E+01 -4.81099e-08
0.2462000E+01 -1.66186e-07
0.2464000E+01 -1.72981e-07
0.2466000E+01 -5.66026e-08
0.2468000E+01 -9.25772e-08
0.2470000E+01 -9.25003e-08
0.2472000E+01 -2.24534e-08
0.2474000E+01 -7.41147e-08
0.2476000E+01 -9.50953e-08
0.2478000E+01 -7.95792e-08
0.2480000E+01 -7.02752e-08
0.2482000E+01 -9.16693e-08
0.2484000E+01 -7.63889e-08
0.2486000E+01 -8.86999e-08
0.2488000E+01 -6.62071e-08
0.2490000E+01 -6.87715e-08
0.2492000E+01 -8.35124e-08
0.2494000E+01 -8.53958e-08
0.2496000E+01 -7.97095e-08
0.2498000E+01 -8.45891e-08
0.2500000E+01 4.14009e-09
0.2502000E+01 -8.48006e-08
0.2504000E+01 -6.54553e-08
0.2506000E+01 -5.69385e-08
0.2508000E+01 -7.28542e-08
0.2510000E+01 -8.2641e-08
0.2512000E+01 -7.55483e-08
0.2514000E+01 3.55231e-08
0.2516000E+01 -7.63816e-08
0.2518000E+01 -7.9911e-08
0.2520000E+01 -7.71043e-08
0.2522000E+01 -6.93712e-08
0.2524000E+01 -7.19269e-08
0.2526000E+01 -7.98463e-08
0.2528000E+01 -2.29248e-08
0.2530000E+01 -5.40876e-09
0.2532000E+01 -3.15343e-08
0.2534000E+01 -1.16019e-07
0.2536000E+01 -8.18706e-08
0.2538000E+01 -6.4184e-08
0.2540000E+01 -7.0181e-08
0.2542000E+01 -6.68041e-08
0.2544000E+01 -6.52662e-08
0.2546000E+01 3.2549e-08
0.2548000E+01 -5.2978e-09
0.2550000E+01 -3.24867e-08
0.2552000E+01 -3.02136e-08
0.2554000E+01 -9.24641e-08
0.2556000E+01 -6.80448e-08
0.2558000E+01 -6.6738e-08
0.2560000E+01 -6.20697e-08
0.2562000E+01 -6.15093e-08
0.2564000E+01 2.41507e-09
0.2566000E+01 -1.57726e-08
0.2568000E+01 -4.35015e-08
0.2570000E+01 -4.58788e-08
0.2572000E+01 -4.0143e-08
0.2574000E+01 -4.07914e-08
0.2576000E+01 -3.93239e-08
0.2578000E+01 -5.14414e-08
0.2580000E+01 -5.78321e-08
0.2582000E+01 -6.19512e-08
0.2584000E+01 1.4336e-08
0.2586000E+01 1.0078e-08
0.2588000E+01 -1.56981e-08
0.2590000E+01 -2.89019e-08
0.2592000E+01 -5.00632e-08
0.2594000E+01 -7.2479e-08
0.2596000E+01 -5.42141e-08
0.2598000E+01 -4.93695e-08
0.2600000E+01 -4.92888e-08
0.2602000E+01 -5.40074e-08
0.2604000E+01 -4.70645e-08
0.2606000E+01 -2.78902e-09
0.2608000E+01 -3.25053e-08
0.2610000E+01 -3.10402e-08
0.2612000E+01 -3.48574e-08
0.2614000E+01 -3.88656e-08
0.2616000E+01 -2.95322e-08
0.2618000E+01 -4.50497e-08
0.2620000E+01 -6.64936e-08
0.2622000E+01 -4.77046e-08
0.2624000E+01 -7.16323e-08
0.2626000E+01 -5.24573e-08
0.2628000E+01 -1.21207e-08
0.2630000E+01 -8.97085e-09
0.2632000E+01 -4.94905e-08
0.2634000E+01 -7.94852e-08
0.2636000E+01 -5.21048e-08
0.2638000E+01 -4.09047e-08
0.2640000E+01 -4.88208e-08
0.2642000E+01 -4.69332e-08
0.2644000E+01 -4.68791e-08
0.2646000E+01 -4.07232e-08
0.2648000E+01 -7.41081e-08
0.2650000E+01 -7.58079e-08
0.2652000E+01 -3.89349e-08
0.2654000E+01 -2.77489e-08
0.2656000E+01 -2.21766e-08
0.2658000E+01 -4.42041e-08
0.2660000E+01 -4.72059e-08
0.2662000E+01 -4.62266e-08
0.2664000E+01 -8.10086e-08
0.2666000E+01 -8.04616e-08
0.2668000E+01 -6.57275e-08
0.2670000E+01 -5.48703e-08
0.2672000E+01 -5.3743e-08
0.2674000E+01 -5.47876e-08
0.2676000E+01 -5.32368e-08
0.2678000E+01 -1.51625e-08
0.2680000E+01 -3.93055e-08
0.2682000E+01 -7.75861e-08
0.2684000E+01 -7.207e-08
0.2686000E+01 -6.38744e-08
0.2688000E+01 -5.4335e-08
0.2690000E+01 -6.36828e-08
0.2692000E+01 -6.17592e-08
0.2694000E+01 -5.38878e-08
0.2696000E+01 -5.51402e-08
0.2698000E+01 -5.6509e-08
0.2700000E+01 -8.56299e-08
0.2702000E+01 -1.10053e-07
0.2704000E+01 -5.57888e-08
0.2706000E+01 -4.90932e-08
0.2708000E+01 -5.2297e-08
0.2710000E+01 -5.35235e-08
0.2712000E+01 -5.16739e-08
0.2714000E+01 -5.47679e-08
0.2716000E+01 -5.96151e-08
0.2718000E+01 -4.88201e-08
0.2720000E+01 -7.77266e-08
0.2722000E+01 -8.01795e-08
0.2724000E+01 -1.05104e-07
0.2726000E+01 -8.25176e-08
0.2728000E+01 -8.38506e-08
0.2730000E+01 -6.16866e-08
0.2732000E+01 -5.23534e-08
0.2734000E+01 -4.5824e-08
0.2736000E+01 -6.44949e-08
0.2738000E+01 -7.30783e-08
0.2740000E+01 -6.70932e-08
0.2742000E+01 -5.70917e-08
0.2744000E+01 -5.26651e-08
0.2746000E+01 -7.4494e-08
0.2748000E+01 -1.15049e-07
0.2750000E+01 -8.92984e-08
0.2752000E+01 -8.73874e-08
0.2754000E+01 -1.19273e-07
0.2756000E+01 -9.3825e-08
0.2758000E+01 -7.05079e-08
0.2760000E+01 -5.8261e-08
0.2762000E+01 -7.01626e-08
0.2764000E+01 -7.06225e-08
0.2766000E+01 -7.52192e-08
0.2768000E+01 -9.41165e-08
0.2770000E+01 -9.47202e-08
0.2772000E+01 -9.95857e-08
0.2774000E+01 -1.22371e-07
0.2776000E+01 -1.04579e-07
0.2778000E+01 -1.03259e-07
0.2780000E+01 -9.1244e-08
0.2782000E+01 -1.25054e-07
0.2784000E+01 -1.14961e-07
0.2786000E+01 -8.74407e-08
0.2788000E+01 -7.60505e-08
0.2790000E+01 -9.74389e-08
0.2792000E+01 -1.01265e-07
0.2794000E+01 -1.25983e-07
0.2796000E+01 -1.52312e-07
0.2798000E+01 -1.25933e-07
0.2800000E+01 -1.20801e-07
0.2802000E+01 -1.40444e-07
0.2804000E+01 -1.2946e-07
0.2806000E+01 -1.87078e-07
0.2808000E+01 -1.93192e-07
0.2810000E+01 -1.83522e-07
0.2812000E+01 -1.6091e-07
0.2814000E+01 -1.49614e-07
0.2816000E+01 -1.9051e-07
0.2818000E+01 -1.82491e-07
0.2820000E+01 -2.02762e-07
0.2822000E+01 -2.12937e-07
0.2824000E+01 -2.28942e-07
0.2826000E+01 -3.15686e-07
0.2828000E+01 -2.44173e-07
0.2830000E+01 -2.85683e-07
0.2832000E+01 -4.15079e-07
0.2834000E+01 -4.74117e-07
0.2836000E+01 -4.03686e-07
0.2838000E+01 -7.08349e-07
0.2840000E+01 -7.53602e-07
0.2842000E+01 -1.12747e-06
0.2844000E+01 -1.80639e-06
0.2846000E+01 -1.22739e-06
0.2848000E+01 3.9324e-06
0.2850000E+01 1.31225e-06
0.2852000E+01 8.54236e-07
0.2854000E+01 4.41829e-07
0.2856000E+01 5.83445e-07
0.2858000E+01 4.58629e-07
0.2860000E+01 3.45578e-07
0.2862000E+01 2.79268e-07
0.2864000E+01 3.38271e-07
0.2866000E+01 2.52864e-07
0.2868000E+01 2.65791e-07
0.2870000E+01 1.99785e-07
0.2872000E+01 2.10047e-07
0.2874000E+01 2.12986e-07
0.2876000E+01 1.69422e-07
0.2878000E+01 1.88638e-07
0.2880000E+01 2.25495e-07
0.2882000E+01 1.92878e-07
0.2884000E+01 1.99782e-07
0.2886000E+01 1.31891e-07
0.2888000E+01 1.37984e-07
0.2890000E+01 1.48675e-07
0.2892000E+01 1.75933e-07
0.2894000E+01 2.10383e-07
0.2896000E+01 2.31093e-07
0.2898000E+01 1.28897e-07
0.2900000E+01 1.31993e-07
0.2902000E+01 1.38389e-07
0.2904000E+01 1.24224e-07
0.2906000E+01 1.11818e-07
0.2908000E+01 1.43037e-07
0.2910000E+01 1.43352e-07
0.2912000E+01 1.62359e-07
0.2914000E+01 1.46658e-07
0.2916000E+01 1.19052e-07
0.2918000E+01 1.2076e-07
0.2920000E+01 1.25592e-07
0.2922000E+01 1.67799e-07
0.2924000E+01 1.33059e-07
0.2926000E+01 1.1796e-07
0.2928000E+01 1.2152e-07
0.2930000E+01 1.26337e-07
0.2932000E+01 1.36507e-07
0.2934000E+01 1.34561e-07
0.2936000E+01 1.191e-07
0.2938000E+01 1.0872e-07
0.2940000E+01 2.00702e-07
0.2942000E+01 2.16483e-07
0.2944000E+01 1.08717e-07
0.2946000E+01 1.04345e-07
0.2948000E+01 1.16006e-07
0.2950000E+01 1.05e-07
0.2952000E+01 1.13325e-07
0.2954000E+01 1.12404e-07
0.2956000E+01 1.15504e-07
0.2958000E+01 1.21527e-07
0.2960000E+01 1.10997e-07
0.2962000E+01 9.87757e-08
0.2964000E+01 9.08228e-08
0.2966000E+01 1.0443e-07
0.2968000E+01 9.71579e-08
0.2970000E+01 9.62362e-08
0.2972000E+01 9.53925e-08
0.2974000E+01 7.94614e-08
0.2976000E+01 6.90158e-08
0.2978000E+01 1.15257e-07
0.2980000E+01 1.63026e-07
0.2982000E+01 1.43632e-07
0.2984000E+01 8.56297e-08
0.2986000E+01 1.45541e-08
0.2988000E+01 -4.44181e-07
0.2990000E+01 6.152e-07
0.2992000E+01 1.10281e-06
0.2994000E+01 5.65877e-08
0.2996000E+01 5.83971e-08
0.2998000E+01 5.79806e-08
0.3000000E+01 5.57849e-08
0.3002000E+01 5.70417e-08
0.3004000E+01 5.53234e-08
0.3006000E+01 6.54124e-08
0.3008000E+01 6.47979e-08
0.3010000E+01 6.26878e-08
0.3012000E+01 6.11405e-08
0.3014000E+01 6.08091e-08
0.3016000E+01 5.92127e-08
0.3018000E+01 5.99291e-08
0.3020000E+01 5.1698e-08
0.3022000E+01 4.18924e-08
0.3024000E+01 5.18196e-08
0.3026000E+01 6.02488e-08
0.3028000E+01 5.6788e-08
0.3030000E+01 3.05898e-08
0.3032000E+01 2.72566e-08
0.3034000E+01 3.42335e-08
0.3036000E+01 3.46511e-08
0.3038000E+01 4.25545e-08
0.3040000E+01 3.80041e-08
0.3042000E+01 4.50812e-08
0.3044000E+01 3.22904e-08
0.3046000E+01 5.63414e-08
0.3048000E+01 4.43227e-08
0.3050000E+01 4.50995e-08
0.3052000E+01 4.44176e-08
0.3054000E+01 4.06134e-08
0.3056000E+01 3.58327e-08
0.3058000E+01 3.55184e-08
0.3060000E+01 3.88605e-08
0.3062000E+01 3.45084e-08
0.3064000E+01 3.55409e-08
0.3066000E+01 3.12047e-08
0.3068000E+01 3.91942e-08
0.3070000E+01 5.0173e-08
0.3072000E+01 4.835e-08
0.3074000E+01 4.10335e-08
0.3076000E+01 3.28369e-08
0.3078000E+01 5.29227e-09
0.3080000E+01 2.86358e-08
0.3082000E+01 3.98824e-08
0.3084000E+01 3.97666e-08
0.3086000E+01 3.41688e-08
0.3088000E+01 3.32196e-08
0.3090000E+01 2.66944e-08
0.3092000E+01 7.38754e-09
0.3094000E+01 2.65439e-08
0.3096000E+01 2.05036e-08
0.3098000E+01 3.85485e-08
0.3100000E+01 3.97706e-08
0.3102000E+01 3.79501e-08
0.3104000E+01 3.74912e-08
0.3106000E+01 2.8811e-08
0.3108000E+01 5.7877e-08
0.3110000E+01 3.43644e-08
0.3112000E+01 2.02229e-08
0.3114000E+01 3.04876e-08
0.3116000E+01 4.10041e-08
0.3118000E+01 2.66194e-08
0.3120000E+01 3.81403e-08
0.3122000E+01 5.02503e-08
0.3124000E+01 1.24293e-08
0.3126000E+01 -2.42127e-09
0.3128000E+01 -1.61869e-10
0.3130000E+01 1.78994e-08
0.3132000E+01 3.46114e-08
0.3134000E+01 2.38607e-08
0.3136000E+01 3.29562e-08
0.3138000E+01 1.45959e-08
0.3140000E+01 1.95046e-09
0.3142000E+01 1.90415e-08
0.3144000E+01 1.86435e-08
0.3146000E+01 3.11389e-08
0.3148000E+01 -1.17735e-08
0.3150000E+01 -4.41932e-09
0.3152000E+01 1.66889e-08
0.3154000E+01 2.41159e-08
0.3156000E+01 -4.81342e-08
0.3158000E+01 -6.27875e-08
0.3160000E+01 -1.67595e-08
0.3162000E+01 -2.39065e-07
0.3164000E+01 -2.78545e-07
0.3166000E+01 7.48372e-07
0.3168000E+01 1.05446e-07
0.3170000E+01 -2.41288e-08
0.3172000E+01 -6.22301e-11
0.3174000E+01 1.79533e-08
0.3176000E+01 8.84576e-08
0.3178000E+01 4.69492e-08
0.3180000E+01 3.78879e-08
0.3182000E+01 9.61179e-08
0.3184000E+01 6.03137e-08
0.3186000E+01 1.0517e-07
0.3188000E+01 9.15633e-08
0.3190000E+01 8.88293e-08
0.3192000E+01 7.153e-08
0.3194000E+01 5.38155e-08
0.3196000E+01 5.41012e-08
0.3198000E+01 5.7761e-08
0.3200000E+01 6.56783e-08
0.3202000E+01 9.33143e-08
0.3204000E+01 7.95573e-08
0.3206000E+01 6.98161e-08
0.3208000E+01 6.4811e-08
0.3210000E+01 6.17132e-08
0.3212000E+01 5.09095e-08
0.3214000E+01 1.14447e-07
0.3216000E+01 8.52063e-08
0.3218000E+01 3.01344e-08
0.3220000E+01 -1.07205e-08
0.3222000E+01 2.96239e-08
0.3224000E+01 7.47372e-08
0.3226000E+01 6.39638e-08
0.3228000E+01 3.84025e-08
0.3230000E+01 2.10986e-08
0.3232000E+01 3.32014e-08
0.3234000E+01 7.98352e-08
0.3236000E+01 1.05404e-07
0.3238000E+01 6.75177e-08
0.3240000E+01 5.22845e-08
0.3242000E+01 3.33595e-08
0.3244000E+01 1.56052e-07
0.3246000E+01 5.22931e-08
0.3248000E+01 2.34824e-08
0.3250000E+01 6.76866e-08
0.3252000E+01 2.5585e-07
0.3254000E+01 -1.7182e-07
0.3256000E+01 2.69334e-07
0.3258000E+01 -9.66926e-08
0.3260000E+01 2.00769e-07
0.3262000E+01 -9.06941e-07
0.3264000E+01 1.47823e-08
0.3266000E+01 2.65407e-07
0.3268000E+01 5.58804e-08
0.3270000E+01 6.91368e-08
0.3272000E+01 2.62227e-07
0.3274000E+01 2.74675e-07
0.3276000E+01 5.46782e-07
0.3278000E+01 -1.09087e-07
0.3280000E+01 -1.62809e-07
0.3282000E+01 3.10245e-07
0.3284000E+01 3.3726e-07
0.3286000E+01 9.10061e-07
0.3288000E+01 8.18611e-08
0.3290000E+01 8.73038e-07
0.3292000E+01 7.2511e-07
0.3294000E+01 4.16315e-07
0.3296000E+01 -2.07082e-07
0.3298000E+01 -6.9096e-08
0.3300000E+01 -5.01675e-07
0.3302000E+01 -3.88773e-07
0.3304000E+01 -4.39454e-07
0.3306000E+01 -1.96445e-07
0.3308000E+01 -1.71409e-07
0.3310000E+01 -2.35353e-07
0.3312000E+01 -2.53176e-07
0.3314000E+01 -1.91215e-07
0.3316000E+01 -1.76502e-07
0.3318000E+01 -1.65386e-07
0.3320000E+01 -1.51394e-07
0.3322000E+01 -1.14473e-07
0.3324000E+01 -1.31017e-07
0.3326000E+01 -1.54733e-07
0.3328000E+01 -1.49597e-07
0.3330000E+01 -1.14083e-07
0.3332000E+01 -9.67697e-08
0.3334000E+01 -9.84401e-08
0.3336000E+01 -9.23096e-08
0.3338000E+01 -8.44976e-08
0.3340000E+01 -8.4955e-08
0.3342000E+01 -9.16691e-08
0.3344000E+01 -8.76231e-08
0.3346000E+01 -7.55651e-08
0.3348000E+01 -6.47949e-08
0.3350000E+01 -5.87223e-08
0.3352000E+01 -5.99211e-08
0.3354000E+01 -6.73439e-08
0.3356000E+01 -8.05048e-08
0.3358000E+01 -7.74179e-08
0.3360000E+01 -5.92559e-08
0.3362000E+01 -5.60608e-08
0.3364000E+01 -7.2925e-08
0.3366000E+01 -6.66184e-08
0.3368000E+01 -6.05107e-08
0.3370000E+01 -5.99883e-08
0.3372000E+01 -5.26612e-08
0.3374000E+01 -5.83514e-08
0.3376000E+01 -4.49538e-08
0.3378000E+01 -4.15062e-08
0.3380000E+01 -3.86767e-08
0.3382000E+01 -3.97264e-08
0.3384000E+01 -5.5605e-08
0.3386000E+01 -4.35593e-08
0.3388000E+01 -3.55416e-08
0.3390000E+01 -3.34468e-08
0.3392000E+01 -1.20718e-07
0.3394000E+01 -4.5821e-08
0.3396000E+01 -5.63127e-08
0.3398000E+01 -4.79431e-08
0.3400000E+01 -4.93585e-08
0.3402000E+01 -7.28872e-08
0.3404000E+01 -5.50185e-08
0.3406000E+01 -5.22053e-08
0.3408000E+01 -4.34213e-08
0.3410000E+01 -4.08562e-08
0.3412000E+01 -3.99829e-08
0.3414000E+01 -4.1609e-08
0.3416000E+01 -4.02818e-08
0.3418000E+01 -4.25004e-08
0.3420000E+01 -6.58803e-08
0.3422000E+01 -5.47467e-08
0.3424000E+01 -4.2341e-08
0.3426000E+01 -3.74915e-08
0.3428000E+01 -3.69442e-08
0.3430000E+01 -2.14593e-08
0.3432000E+01 -3.46968e-08
0.3434000E+01 -3.25934e-08
0.3436000E+01 -4.78646e-08
0.3438000E+01 -5.24424e-08
0.3440000E+01 -4.26112e-08
0.3442000E+01 -4.803e-08
0.3444000E+01 -4.26808e-08
0.3446000E+01 -3.49918e-08
0.3448000E+01 -2.94297e-08
0.3450000E+01 -3.07063e-08
0.3452000E+01 -6.06659e-08
0.3454000E+01 -4.9269e-08
0.3456000E+01 -3.81748e-08
0.3458000E+01 -2.95586e-08
0.3460000E+01 -2.57211e-08
0.3462000E+01 -3.31499e-08
0.3464000E+01 -3.64417e-08
0.3466000E+01 -7.05525e-08
0.3468000E+01 -6.29026e-08
0.3470000E+01 -5.62571e-08
0.3472000E+01 -4.13335e-08
0.3474000E+01 -4.06294e-08
0.3476000E+01 -3.53527e-08
0.3478000E+01 -4.93272e-08
0.3480000E+01 -7.06728e-08
0.3482000E+01 -4.31091e-08
0.3484000E+01 -4.11069e-08
0.3486000E+01 -2.79665e-08
0.3488000E+01 -3.87526e-08
0.3490000E+01 -5.60274e-08
0.3492000E+01 -7.21836e-08
0.3494000E+01 -2.53296e-08
0.3496000E+01 -4.15749e-08
0.3498000E+01 -4.51705e-08
0.3500000E+01 -2.00325e-08
0.3502000E+01 -6.30572e-08
0.3504000E+01 -6.13649e-08
0.3506000E+01 -3.84682e-08
0.3508000E+01 -1.27626e-08
0.3510000E+01 -5.18286e-08
0.3512000E+01 -8.342e-08
0.3514000E+01 -9.15192e-09
0.3516000E+01 -2.60064e-08
0.3518000E+01 -4.36995e-08
0.3520000E+01 -1.97308e-08
0.3522000E+01 -2.00396e-09
0.3524000E+01 6.21527e-09
0.3526000E+01 1.96071e-08
0.3528000E+01 2.61362e-08
0.3530000E+01 1.87714e-08
0.3532000E+01 3.3901e-08
0.3534000E+01 3.46491e-08
0.3536000E+01 2.20311e-08
0.3538000E+01 3.83073e-08
0.3540000E+01 6.36599e-08
0.3542000E+01 5.39794e-08
0.3544000E+01 4.5399e-08
0.3546000E+01 7.93884e-08
0.3548000E+01 3.74486e-08
0.3550000E+01 4.04883e-08
0.3552000E+01 5.21815e-08
0.3554000E+01 8.4234e-08
0.3556000E+01 3.77509e-08
0.3558000E+01 4.19339e-08
0.3560000E+01 6.47394e-08
0.3562000E+01 6.0684e-08
0.3564000E+01 7.97848e-08
0.3566000E+01 3.99438e-08
0.3568000E+01 3.57549e-08
0.3570000E+01 4.02513e-08
0.3572000E+01 4.92512e-08
0.3574000E+01 1.02489e-07
0.3576000E+01 5.90447e-08
0.3578000E+01 5.87628e-08
0.3580000E+01 7.30127e-08
0.3582000E+01 6.66968e-08
0.3584000E+01 7.42518e-08
0.3586000E+01 1.12673e-07
0.3588000E+01 1.26772e-07
0.3590000E+01 1.46559e-07
0.3592000E+01 1.23925e-07
0.3594000E+01 2.1099e-07
0.3596000E+01 2.29515e-07
0.3598000E+01 7.56719e-07
0.3600000E+01 -1.06591e-06
0.3602000E+01 -2.35827e-07
0.3604000E+01 -1.19024e-07
0.3606000E+01 -1.13746e-07
0.3608000E+01 -7.79967e-08
0.3610000E+01 -3.36457e-08
0.3612000E+01 -3.66256e-08
0.3614000E+01 -3.22562e-08
0.3616000E+01 -1.04823e-08
0.3618000E+01 -7.48362e-09
0.3620000E+01 -9.71868e-09
0.3622000E+01 2.59833e-08
0.3624000E+01 -1.23206e-09
0.3626000E+01 -1.85959e-08
0.3628000E+01 -2.68129e-08
0.3630000E+01 -3.89264e-08
0.3632000E+01 -1.5011e-08
0.3634000E+01 -1.03057e-08
0.3636000E+01 -1.34501e-08
0.3638000E+01 -2.20114e-08
0.3640000E+01 9.48661e-09
0.3642000E+01 3.45524e-08
0.3644000E+01 5.64979e-08
0.3646000E+01 7.90985e-09
0.3648000E+01 -8.33772e-09
0.3650000E+01 -4.70525e-09
0.3652000E+01 2.06164e-09
0.3654000E+01 -8.36389e-10
0.3656000E+01 -9.27704e-09
0.3658000E+01 -8.20024e-09
0.3660000E+01 -8.26432e-10
0.3662000E+01 2.12903e-09
0.3664000E+01 -2.91814e-09
0.3666000E+01 -2.11283e-09
0.3668000E+01 2.57647e-09
0.3670000E+01 4.97483e-08
0.3672000E+01 1.27554e-08
0.3674000E+01 3.00326e-09
0.3676000E+01 3.71483e-09
0.3678000E+01 6.789e-10
0.3680000E+01 8.724e-09
0.3682000E+01 7.19676e-09
0.3684000E+01 6.06072e-09
0.3686000E+01 1.60634e-09
0.3688000E+01 -3.10768e-09
0.3690000E+01 -1.53339e-09
0.3692000E+01 -2.55188e-09
0.3694000E+01 5.02942e-09
0.3696000E+01 5.88619e-09
0.3698000E+01 1.3845e-08
0.3700000E+01 2.32645e-08
0.3702000E+01 1.89844e-08
0.3704000E+01 5.09088e-09
0.3706000E+01 6.54773e-09
0.3708000E+01 1.28259e-08
0.3710000E+01 7.77011e-09
0.3712000E+01 3.88482e-09
0.3714000E+01 1.4272e-09
0.3716000E+01 1.84009e-09
0.3718000E+01 5.48493e-09
0.3720000E+01 4.14022e-09
0.3722000E+01 4.53415e-09
0.3724000E+01 5.50511e-09
0.3726000E+01 8.24628e-09
0.3728000E+01 1.13939e-08
0.3730000E+01 1.26822e-08
0.3732000E+01 1.89768e-08
0.3734000E+01 2.36349e-08
0.3736000E+01 1.81723e-08
0.3738000E+01 1.04063e-08
0.3740000E+01 7.91478e-09
0.3742000E+01 3.90624e-09
0.3744000E+01 4.21341e-09
0.3746000E+01 4.32945e-09
0.3748000E+01 1.94053e-09
0.3750000E+01 1.63863e-09
0.3752000E+01 2.54542e-09
0.3754000E+01 9.44996e-10
0.3756000E+01 1.43329e-08
0.3758000E+01 4.07653e-09
0.3760000E+01 1.01388e-08
0.3762000E+01 1.30093e-08
0.3764000E+01 1.15565e-08
0.3766000E+01 1.04571e-08
0.3768000E+01 9.97922e-09
0.3770000E+01 1.25684e-08
0.3772000E+01 1.51094e-08
0.3774000E+01 1.22974e-08
0.3776000E+01 8.48952e-09
0.3778000E+01 1.11908e-08
0.3780000E+01 1.11382e-08
0.3782000E+01 8.5978e-09
0.3784000E+01 8.14621e-09
0.3786000E+01 1.07284e-08
0.3788000E+01 8.80032e-09
0.3790000E+01 6.3174e-09
0.3792000E+01 5.29324e-09
0.3794000E+01 3.95579e-09
0.3796000E+01 1.33311e-09
0.3798000E+01 6.46073e-10
0.3800000E+01 4.42418e-09
0.3802000E+01 -1.31649e-09
0.3804000E+01 1.4776e-08
0.3806000E+01 1.53024e-08
0.3808000E+01 1.73172e-08
0.3810000E+01 9.01397e-09
0.3812000E+01 9.53209e-09
0.3814000E+01 1.19836e-08
0.3816000E+01 7.52573e-09
0.3818000E+01 9.33242e-09
0.3820000E+01 1.28121e-08
0.3822000E+01 1.54893e-08
0.3824000E+01 9.02977e-09
0.3826000E+01 1.00441e-08
0.3828000E+01 1.82861e-09
0.3830000E+01 1.48855e-09
0.3832000E+01 1.47597e-08
0.3834000E+01 1.02011e-08
0.3836000E+01 1.24064e-08
0.3838000E+01 3.195e-09
0.3840000E+01 5.33501e-09
0.3842000E+01 -6.46703e-09
0.3844000E+01 1.83206e-08
0.3846000E+01 4.17194e-10
0.3848000E+01 -4.85878e-08
0.3850000E+01 1.03674e-08
0.3852000E+01 1.69196e-09
0.3854000E+01 8.07924e-09
0.3856000E+01 5.42772e-09
0.3858000E+01 8.3221e-09
0.3860000E+01 1.97868e-09
0.3862000E+01 -1.21006e-09
0.3864000E+01 5.80657e-10
0.3866000E+01 -1.03431e-08
0.3868000E+01 8.47703e-09
0.3870000E+01 1.15293e-08
0.3872000E+01 7.10029e-09
0.3874000E+01 5.37852e-09
0.3876000E+01 6.4477e-09
0.3878000E+01 4.20919e-09
0.3880000E+01 7.29725e-10
0.3882000E+01 -6.182e-09
0.3884000E+01 -1.20959e-08
0.3886000E+01 -6.01949e-09
0.3888000E+01 8.21062e-09
0.3890000E+01 6.96955e-09
0.3892000E+01 6.09011e-09
0.3894000E+01 5.75108e-09
0.3896000E+01 4.26239e-09
0.3898000E+01 -8.26135e-09
0.3900000E+01 -1.0577e-08
0.3902000E+01 1.41444e-08
0.3904000E+01 1.34969e-08
0.3906000E+01 1.82344e-08
0.3908000E+01 1.31132e-08
0.3910000E+01 8.81383e-09
0.3912000E+01 -8.68997e-09
0.3914000E+01 7.10749e-09
0.3916000E+01 2.13623e-08
0.3918000E+01 2.05139e-08
0.3920000E+01 1.63143e-08
0.3922000E+01 1.38831e-08
0.3924000E+01 1.39742e-08
0.3926000E+01 3.2329e-09
0.3928000E+01 2.81471e-09
0.3930000E+01 1.63975e-08
0.3932000E+01 1.57595e-08
0.3934000E+01 1.44687e-08
0.3936000E+01 9.52989e-09
0.3938000E+01 9.02764e-09
0.3940000E+01 5.54129e-09
0.3942000E+01 9.71798e-09
0.3944000E+01 8.97167e-09
0.3946000E+01 7.72456e-09
0.3948000E+01 9.03125e-09
0.3950000E+01 9.68585e-09
0.3952000E+01 4.707e-09
0.3954000E+01 9.11654e-10
0.3956000E+01 -1.55639e-09
0.3958000E+01 -2.94068e-10
0.3960000E+01 3.24003e-09
0.3962000E+01 2.01982e-09
0.3964000E+01 6.05855e-09
0.3966000E+01 9.12906e-09
0.3968000E+01 8.63048e-09
0.3970000E+01 7.87337e-09
0.3972000E+01 1.05566e-08
0.3974000E+01 7.55984e-09
0.3976000E+01 1.14169e-08
0.3978000E+01 -3.98819e-08
0.3980000E+01 -2.14237e-08
0.3982000E+01 -1.10009e-08
0.3984000E+01 6.23885e-09
0.3986000E+01 -4.29085e-09
0.3988000E+01 1.29064e-08
0.3990000E+01 1.67823e-08
0.3992000E+01 -2.87359e-08
0.3994000E+01 -2.02033e-09
0.3996000E+01 -1.18582e-09
0.3998000E+01 -7.44747e-10
0.4000000E+01 8.33825e-09
