0.0000000E+00 0
0.2000000E-02 0
0.4000000E-02 0
0.6000000E-02 0
0.8000000E-02 0
0.1000000E-01 0
0.1200000E-01 0
0.1400000E-01 0
0.1600000E-01 0
0.1800000E-01 0
0.2000000E-01 0
0.2200000E-01 0
0.2400000E-01 0
0.2600000E-01 0
0.2800000E-01 0
0.3000000E-01 0
0.3200000E-01 0
0.3400000E-01 0
0.3600000E-01 0
0.3800000E-01 0
0.4000000E-01 0
0.4200000E-01 0
0.4400000E-01 0
0.4600000E-01 0
0.4800000E-01 0
0.5000000E-01 0
0.5200000E-01 0
0.5400000E-01 0
0.5600000E-01 0
0.5800000E-01 0
0.6000000E-01 0
0.6200000E-01 0
0.6400000E-01 0
0.6600000E-01 0
0.6800000E-01 0
0.7000000E-01 0
0.7200000E-01 0
0.7400000E-01 0
0.7600000E-01 0
0.7800000E-01 0
0.8000000E-01 0
0.8200000E-01 0
0.8400000E-01 0
0.8600000E-01 -9.40262e-06
0.8800000E-01 -8.81475e-06
0.9000000E-01 -4.10192e-06
0.9200000E-01 -1.37897e-06
0.9400000E-01 -9.78461e-07
0.9600000E-01 -7.3311e-07
0.9800000E-01 -4.69309e-07
0.1000000E+00 -1.12562e-07
0.1020000E+00 7.6679e-08
0.1040000E+00 9.87983e-10
0.1060000E+00 -1.18715e-07
0.1080000E+00 -2.47398e-07
0.1100000E+00 -2.66569e-07
0.1120000E+00 -5.58932e-08
0.1140000E+00 2.16424e-07
0.1160000E+00 3.78356e-07
0.1180000E+00 2.05844e-07
0.1200000E+00 2.7676e-07
0.1220000E+00 -5.37901e-08
0.1240000E+00 -3.28677e-07
0.1260000E+00 -3.37096e-07
0.1280000E+00 -1.46902e-07
0.1300000E+00 -5.47039e-08
0.1320000E+00 2.00322e-08
0.1340000E+00 5.96129e-08
0.1360000E+00 3.62812e-08
0.1380000E+00 3.4235e-08
0.1400000E+00 4.18924e-08
0.1420000E+00 5.67921e-08
0.1440000E+00 5.47067e-08
0.1460000E+00 7.4549e-08
0.1480000E+00 1.21079e-07
0.1500000E+00 1.49199e-07
0.1520000E+00 1.48377e-07
0.1540000E+00 1.73409e-07
0.1560000E+00 1.90725e-07
0.1580000E+00 1.97227e-07
0.1600000E+00 2.01619e-07
0.1620000E+00 2.04527e-07
0.1640000E+00 2.62455e-07
0.1660000E+00 3.13504e-07
0.1680000E+00 2.36852e-07
0.1700000E+00 2.94884e-07
0.1720000E+00 3.5102e-07
0.1740000E+00 4.04889e-07
0.1760000E+00 -7.616e-08
0.1780000E+00 2.8717e-08
0.1800000E+00 5.04521e-08
0.1820000E+00 6.22071e-08
0.1840000E+00 7.49664e-08
0.1860000E+00 8.25821e-08
0.1880000E+00 1.00571e-07
0.1900000E+00 1.23039e-07
0.1920000E+00 1.1767e-07
0.1940000E+00 1.42089e-07
0.1960000E+00 1.42595e-07
0.1980000E+00 1.3286e-07
0.2000000E+00 1.23313e-07
0.2020000E+00 1.13936e-07
0.2040000E+00 1.04709e-07
0.2060000E+00 9.5614e-08
0.2080000E+00 8.69975e-08
0.2100000E+00 1.09957e-07
0.2120000E+00 1.43272e-07
0.2140000E+00 1.52396e-07
0.2160000E+00 1.65666e-07
0.2180000E+00 1.91835e-07
0.2200000E+00 2.17826e-07
0.2220000E+00 2.34938e-07
0.2240000E+00 2.29791e-07
0.2260000E+00 2.76374e-07
0.2280000E+00 3.14973e-07
0.2300000E+00 2.28168e-07
0.2320000E+00 -5.06577e-08
0.2340000E+00 -6.63735e-09
0.2360000E+00 -2.05683e-09
0.2380000E+00 1.19663e-08
0.2400000E+00 4.11968e-08
0.2420000E+00 4.79393e-08
0.2440000E+00 5.50929e-08
0.2460000E+00 5.95132e-08
0.2480000E+00 6.41946e-08
0.2500000E+00 9.24295e-08
0.2520000E+00 1.49786e-07
0.2540000E+00 1.34318e-07
0.2560000E+00 1.18232e-07
0.2580000E+00 1.00406e-07
0.2600000E+00 8.30294e-08
0.2620000E+00 8.68538e-08
0.2640000E+00 1.00732e-07
0.2660000E+00 1.02265e-07
0.2680000E+00 1.13659e-07
0.2700000E+00 1.44023e-07
0.2720000E+00 1.58025e-07
0.2740000E+00 1.74117e-07
0.2760000E+00 1.90432e-07
0.2780000E+00 2.07051e-07
0.2800000E+00 2.21532e-07
0.2820000E+00 1.4642e-07
0.2840000E+00 -5.37412e-08
0.2860000E+00 -1.2607e-08
0.2880000E+00 5.58605e-09
0.2900000E+00 7.74026e-09
0.2920000E+00 1.11749e-08
0.2940000E+00 1.55625e-08
0.2960000E+00 2.02773e-08
0.2980000E+00 2.54757e-08
0.3000000E+00 3.07746e-08
0.3020000E+00 4.22972e-08
0.3040000E+00 5.05983e-08
0.3060000E+00 1.28792e-07
0.3080000E+00 1.16719e-07
0.3100000E+00 1.04993e-07
0.3120000E+00 9.3887e-08
0.3140000E+00 1.08873e-07
0.3160000E+00 1.33681e-07
0.3180000E+00 1.32535e-07
0.3200000E+00 1.34854e-07
0.3220000E+00 1.34988e-07
0.3240000E+00 1.4669e-07
0.3260000E+00 1.59064e-07
0.3280000E+00 1.71986e-07
0.3300000E+00 1.23335e-07
0.3320000E+00 -2.23076e-07
0.3340000E+00 -1.02274e-07
0.3360000E+00 1.37319e-07
0.3380000E+00 4.0781e-08
0.3400000E+00 -2.74056e-09
0.3420000E+00 1.25919e-09
0.3440000E+00 5.36337e-09
0.3460000E+00 1.50436e-08
0.3480000E+00 2.78727e-08
0.3500000E+00 3.09489e-08
0.3520000E+00 3.60406e-08
0.3540000E+00 4.14871e-08
0.3560000E+00 9.49095e-08
0.3580000E+00 1.05403e-07
0.3600000E+00 1.56891e-07
0.3620000E+00 1.36842e-07
0.3640000E+00 1.19461e-07
0.3660000E+00 1.32614e-07
0.3680000E+00 1.43298e-07
0.3700000E+00 1.47157e-07
0.3720000E+00 1.55853e-07
0.3740000E+00 1.16975e-07
0.3760000E+00 -3.2956e-07
0.3780000E+00 -6.57153e-08
0.3800000E+00 -5.63314e-08
0.3820000E+00 -4.80926e-08
0.3840000E+00 3.80867e-07
0.3860000E+00 -9.98713e-09
0.3880000E+00 1.37286e-08
0.3900000E+00 1.89137e-08
0.3920000E+00 2.45453e-08
0.3940000E+00 3.03004e-08
0.3960000E+00 3.61709e-08
0.3980000E+00 4.32538e-08
0.4000000E+00 5.03755e-08
0.4020000E+00 7.71482e-08
0.4040000E+00 1.39312e-07
0.4060000E+00 1.53303e-07
0.4080000E+00 1.65246e-07
0.4100000E+00 1.77767e-07
0.4120000E+00 1.83509e-07
0.4140000E+00 -8.94703e-08
0.4160000E+00 -8.60442e-08
0.4180000E+00 -8.24685e-08
0.4200000E+00 -6.31878e-08
0.4220000E+00 -6.53899e-08
0.4240000E+00 -2.51651e-08
0.4260000E+00 1.06152e-07
0.4280000E+00 1.0898e-07
0.4300000E+00 6.58568e-08
0.4320000E+00 2.46266e-08
0.4340000E+00 3.43988e-08
0.4360000E+00 4.31617e-08
0.4380000E+00 5.2309e-08
0.4400000E+00 6.79629e-08
0.4420000E+00 7.92662e-08
0.4440000E+00 8.94909e-08
0.4460000E+00 1.20823e-07
0.4480000E+00 2.21599e-07
0.4500000E+00 -1.45468e-07
0.4520000E+00 -6.95884e-08
0.4540000E+00 -8.98056e-08
0.4560000E+00 -5.02726e-08
0.4580000E+00 -2.6066e-08
0.4600000E+00 -2.04319e-08
0.4620000E+00 -1.29563e-08
0.4640000E+00 -3.06918e-09
0.4660000E+00 6.65175e-08
0.4680000E+00 5.92567e-08
0.4700000E+00 1.02662e-07
0.4720000E+00 9.19124e-08
0.4740000E+00 9.31272e-08
0.4760000E+00 9.55915e-08
0.4780000E+00 1.13048e-07
0.4800000E+00 2.23071e-08
0.4820000E+00 -2.50565e-07
0.4840000E+00 -2.19471e-07
0.4860000E+00 2.76815e-07
0.4880000E+00 -2.71051e-08
0.4900000E+00 -8.08892e-09
0.4920000E+00 3.35003e-09
0.4940000E+00 8.0756e-09
0.4960000E+00 1.02571e-08
0.4980000E+00 3.53492e-08
0.5000000E+00 7.10975e-08
0.5020000E+00 1.04898e-07
0.5040000E+00 1.28156e-07
0.5060000E+00 1.52668e-07
0.5080000E+00 3.6537e-08
0.5100000E+00 -3.16842e-07
0.5120000E+00 -1.21504e-07
0.5140000E+00 -1.09665e-07
0.5160000E+00 6.37969e-08
0.5180000E+00 5.31485e-08
0.5200000E+00 2.65625e-08
0.5220000E+00 2.88577e-08
0.5240000E+00 2.90339e-08
0.5260000E+00 5.18477e-08
0.5280000E+00 6.77163e-08
0.5300000E+00 8.61653e-08
0.5320000E+00 1.30983e-07
0.5340000E+00 -1.04726e-07
0.5360000E+00 -9.5463e-08
0.5380000E+00 -8.82456e-08
0.5400000E+00 -7.51589e-08
0.5420000E+00 -1.63735e-08
0.5440000E+00 3.19158e-08
0.5460000E+00 4.05163e-08
0.5480000E+00 4.98605e-08
0.5500000E+00 5.91117e-08
0.5520000E+00 7.32928e-08
0.5540000E+00 -3.68224e-07
0.5560000E+00 -8.35265e-08
0.5580000E+00 -1.53126e-08
0.5600000E+00 -3.07804e-08
0.5620000E+00 -3.55704e-09
0.5640000E+00 2.04171e-08
0.5660000E+00 4.33938e-08
0.5680000E+00 -1.38157e-08
0.5700000E+00 2.47599e-07
0.5720000E+00 -2.69749e-07
0.5740000E+00 -1.88662e-07
0.5760000E+00 -5.22197e-08
0.5780000E+00 -5.5457e-08
0.5800000E+00 -6.1242e-08
0.5820000E+00 -6.24501e-08
0.5840000E+00 -6.21795e-08
0.5860000E+00 -2.58562e-07
0.5880000E+00 3.6068e-08
0.5900000E+00 4.33515e-08
0.5920000E+00 8.80267e-08
0.5940000E+00 -1.57596e-07
0.5960000E+00 -7.58456e-10
0.5980000E+00 -3.83751e-07
0.6000000E+00 -2.25963e-07
0.6020000E+00 -2.75131e-07
0.6040000E+00 -3.12827e-07
0.6060000E+00 -2.83637e-07
0.6080000E+00 8.41474e-07
0.6100000E+00 -4.11909e-07
0.6120000E+00 -3.16801e-07
0.6140000E+00 -2.16918e-07
0.6160000E+00 -7.40053e-07
0.6180000E+00 -1.42504e-06
0.6200000E+00 2.5845e-06
0.6220000E+00 -6.21971e-07
0.6240000E+00 -2.19499e-06
0.6260000E+00 -7.96619e-07
0.6280000E+00 -2.94646e-06
0.6300000E+00 6.89924e-07
0.6320000E+00 5.27622e-06
0.6340000E+00 -1.67004e-06
0.6360000E+00 1.90919e-06
0.6380000E+00 -3.46079e-07
0.6400000E+00 5.55596e-08
0.6420000E+00 -7.41651e-07
0.6440000E+00 2.74293e-07
0.6460000E+00 -2.91133e-07
0.6480000E+00 -6.59549e-08
0.6500000E+00 -2.42936e-07
0.6520000E+00 -2.98159e-07
0.6540000E+00 6.10473e-07
0.6560000E+00 -1.68207e-07
0.6580000E+00 5.45041e-07
0.6600000E+00 1.74651e-07
0.6620000E+00 -1.06134e-07
0.6640000E+00 -1.21359e-07
0.6660000E+00 8.31821e-08
0.6680000E+00 4.97445e-07
0.6700000E+00 -1.64109e-07
0.6720000E+00 4.66788e-07
0.6740000E+00 1.67239e-07
0.6760000E+00 1.62771e-07
0.6780000E+00 3.92391e-08
0.6800000E+00 -4.47851e-08
0.6820000E+00 -5.70217e-08
0.6840000E+00 2.6417e-07
0.6860000E+00 1.68617e-07
0.6880000E+00 1.68731e-07
0.6900000E+00 1.67752e-07
0.6920000E+00 4.40108e-08
0.6940000E+00 8.06902e-08
0.6960000E+00 8.75555e-08
0.6980000E+00 9.23508e-08
0.7000000E+00 8.48876e-08
0.7020000E+00 3.81019e-08
0.7040000E+00 4.01702e-08
0.7060000E+00 2.14916e-07
0.7080000E+00 1.47853e-07
0.7100000E+00 1.10321e-07
0.7120000E+00 1.60114e-07
0.7140000E+00 1.21032e-07
0.7160000E+00 1.14284e-07
0.7180000E+00 2.61069e-08
0.7200000E+00 5.75972e-08
0.7220000E+00 5.72207e-08
0.7240000E+00 5.73342e-08
0.7260000E+00 5.96551e-08
0.7280000E+00 6.12648e-08
0.7300000E+00 1.92987e-07
0.7320000E+00 1.31191e-07
0.7340000E+00 1.0903e-07
0.7360000E+00 1.00656e-07
0.7380000E+00 8.53851e-08
0.7400000E+00 9.25791e-08
0.7420000E+00 9.01247e-08
0.7440000E+00 8.78558e-08
0.7460000E+00 8.71836e-08
0.7480000E+00 8.28928e-08
0.7500000E+00 6.70535e-08
0.7520000E+00 5.17215e-08
0.7540000E+00 6.19991e-08
0.7560000E+00 6.35989e-08
0.7580000E+00 1.21787e-07
0.7600000E+00 1.41697e-07
0.7620000E+00 1.13885e-07
0.7640000E+00 1.04391e-07
0.7660000E+00 1.05004e-07
0.7680000E+00 6.81056e-08
0.7700000E+00 6.41054e-08
0.7720000E+00 6.09997e-08
0.7740000E+00 6.65947e-08
0.7760000E+00 7.18035e-08
0.7780000E+00 7.91981e-08
0.7800000E+00 7.64109e-08
0.7820000E+00 7.30347e-08
0.7840000E+00 7.20624e-08
0.7860000E+00 7.25782e-08
0.7880000E+00 7.27129e-08
0.7900000E+00 1.12209e-07
0.7920000E+00 1.17388e-07
0.7940000E+00 9.80661e-08
0.7960000E+00 9.12694e-08
0.7980000E+00 9.0188e-08
0.8000000E+00 8.8825e-08
0.8020000E+00 5.37328e-08
0.8040000E+00 5.00741e-08
0.8060000E+00 6.57112e-08
0.8080000E+00 6.59048e-08
0.8100000E+00 6.5234e-08
0.8120000E+00 6.62335e-08
0.8140000E+00 6.47583e-08
0.8160000E+00 7.47528e-08
0.8180000E+00 7.46952e-08
0.8200000E+00 7.01121e-08
0.8220000E+00 7.02004e-08
0.8240000E+00 6.98169e-08
0.8260000E+00 1.31397e-07
0.8280000E+00 9.11935e-08
0.8300000E+00 8.98154e-08
0.8320000E+00 8.28574e-08
0.8340000E+00 8.05771e-08
0.8360000E+00 8.12482e-08
0.8380000E+00 8.08634e-08
0.8400000E+00 2.98298e-08
0.8420000E+00 5.15162e-08
0.8440000E+00 5.72502e-08
0.8460000E+00 5.70332e-08
0.8480000E+00 6.00713e-08
0.8500000E+00 6.00084e-08
0.8520000E+00 6.37111e-08
0.8540000E+00 6.91858e-08
0.8560000E+00 7.17079e-08
0.8580000E+00 7.10786e-08
0.8600000E+00 6.83679e-08
0.8620000E+00 8.3368e-08
0.8640000E+00 9.32227e-08
0.8660000E+00 8.18652e-08
0.8680000E+00 7.71695e-08
0.8700000E+00 7.65777e-08
0.8720000E+00 7.45785e-08
0.8740000E+00 7.33674e-08
0.8760000E+00 7.24062e-08
0.8780000E+00 7.22261e-08
0.8800000E+00 7.17772e-08
0.8820000E+00 4.47888e-08
0.8840000E+00 4.68918e-08
0.8860000E+00 5.14945e-08
0.8880000E+00 5.43818e-08
0.8900000E+00 5.92112e-08
0.8920000E+00 7.09942e-08
0.8940000E+00 7.26365e-08
0.8960000E+00 6.07234e-08
0.8980000E+00 6.10056e-08
0.9000000E+00 6.08365e-08
0.9020000E+00 6.86564e-08
0.9040000E+00 8.3856e-08
0.9060000E+00 7.15115e-08
0.9080000E+00 6.67797e-08
0.9100000E+00 6.5932e-08
0.9120000E+00 6.52963e-08
0.9140000E+00 6.41589e-08
0.9160000E+00 6.23153e-08
0.9180000E+00 8.61702e-08
0.9200000E+00 6.56172e-08
0.9220000E+00 6.57216e-08
0.9240000E+00 6.55505e-08
0.9260000E+00 4.5198e-08
0.9280000E+00 5.00986e-08
0.9300000E+00 6.22197e-08
0.9320000E+00 6.21405e-08
0.9340000E+00 5.86861e-08
0.9360000E+00 5.5416e-08
0.9380000E+00 5.382e-08
0.9400000E+00 5.43119e-08
0.9420000E+00 5.38976e-08
0.9440000E+00 5.34508e-08
0.9460000E+00 7.04795e-08
0.9480000E+00 6.98028e-08
0.9500000E+00 6.60837e-08
0.9520000E+00 6.41535e-08
0.9540000E+00 5.92851e-08
0.9560000E+00 5.63054e-08
0.9580000E+00 5.51573e-08
0.9600000E+00 5.49542e-08
0.9620000E+00 5.43523e-08
0.9640000E+00 5.6604e-08
0.9660000E+00 6.61469e-08
0.9680000E+00 7.06791e-08
0.9700000E+00 6.46904e-08
0.9720000E+00 2.71862e-08
0.9740000E+00 4.34228e-08
0.9760000E+00 4.70013e-08
0.9780000E+00 4.72967e-08
0.9800000E+00 6.35098e-08
0.9820000E+00 5.09146e-08
0.9840000E+00 5.08289e-08
0.9860000E+00 5.08913e-08
0.9880000E+00 4.98515e-08
0.9900000E+00 5.90596e-08
0.9920000E+00 5.37027e-08
0.9940000E+00 5.23331e-08
0.9960000E+00 5.06579e-08
0.9980000E+00 4.90612e-08
0.1000000E+01 4.82029e-08
0.1002000E+01 6.09455e-08
0.1004000E+01 6.72115e-08
0.1006000E+01 6.04889e-08
0.1008000E+01 5.58981e-08
0.1010000E+01 6.12924e-08
0.1012000E+01 6.63492e-08
0.1014000E+01 5.9218e-08
0.1016000E+01 5.59144e-08
0.1018000E+01 5.28649e-08
0.1020000E+01 2.81921e-08
0.1022000E+01 3.72241e-08
0.1024000E+01 4.03483e-08
0.1026000E+01 4.25432e-08
0.1028000E+01 4.08032e-08
0.1030000E+01 3.99127e-08
0.1032000E+01 4.06283e-08
0.1034000E+01 4.0804e-08
0.1036000E+01 4.57204e-08
0.1038000E+01 5.8493e-08
0.1040000E+01 6.35802e-08
0.1042000E+01 5.93705e-08
0.1044000E+01 6.08679e-08
0.1046000E+01 6.07184e-08
0.1048000E+01 5.25833e-08
0.1050000E+01 5.1654e-08
0.1052000E+01 5.03472e-08
0.1054000E+01 4.93517e-08
0.1056000E+01 4.87863e-08
0.1058000E+01 4.69294e-08
0.1060000E+01 4.46372e-08
0.1062000E+01 4.38376e-08
0.1064000E+01 4.28801e-08
0.1066000E+01 4.19204e-08
0.1068000E+01 4.12216e-08
0.1070000E+01 2.45454e-08
0.1072000E+01 3.46319e-08
0.1074000E+01 5.24971e-08
0.1076000E+01 6.0205e-08
0.1078000E+01 5.29979e-08
0.1080000E+01 5.77708e-08
0.1082000E+01 5.12199e-08
0.1084000E+01 5.41803e-08
0.1086000E+01 5.23303e-08
0.1088000E+01 4.55177e-08
0.1090000E+01 4.12647e-08
0.1092000E+01 3.85179e-08
0.1094000E+01 3.93322e-08
0.1096000E+01 3.88039e-08
0.1098000E+01 3.8088e-08
0.1100000E+01 3.75056e-08
0.1102000E+01 3.70931e-08
0.1104000E+01 3.59504e-08
0.1106000E+01 4.0441e-08
0.1108000E+01 5.01095e-08
0.1110000E+01 5.62249e-08
0.1112000E+01 5.20155e-08
0.1114000E+01 5.69124e-08
0.1116000E+01 5.43426e-08
0.1118000E+01 4.63418e-08
0.1120000E+01 4.3841e-08
0.1122000E+01 3.30577e-08
0.1124000E+01 3.66492e-08
0.1126000E+01 3.64593e-08
0.1128000E+01 3.58851e-08
0.1130000E+01 3.42964e-08
0.1132000E+01 3.2556e-08
0.1134000E+01 3.51125e-08
0.1136000E+01 3.41563e-08
0.1138000E+01 3.19566e-08
0.1140000E+01 3.02765e-08
0.1142000E+01 5.55535e-08
0.1144000E+01 6.26129e-08
0.1146000E+01 4.51125e-08
0.1148000E+01 4.30057e-08
0.1150000E+01 5.47534e-08
0.1152000E+01 4.56173e-08
0.1154000E+01 4.38317e-08
0.1156000E+01 4.01907e-08
0.1158000E+01 3.80241e-08
0.1160000E+01 3.51019e-08
0.1162000E+01 3.40307e-08
0.1164000E+01 3.32818e-08
0.1166000E+01 3.26628e-08
0.1168000E+01 3.21116e-08
0.1170000E+01 3.15126e-08
0.1172000E+01 3.08763e-08
0.1174000E+01 3.62784e-08
0.1176000E+01 4.94905e-08
0.1178000E+01 5.64253e-08
0.1180000E+01 4.83361e-08
0.1182000E+01 3.70218e-08
0.1184000E+01 3.50529e-08
0.1186000E+01 3.67072e-08
0.1188000E+01 4.78645e-08
0.1190000E+01 4.70918e-08
0.1192000E+01 3.81487e-08
0.1194000E+01 3.61609e-08
0.1196000E+01 3.47046e-08
0.1198000E+01 3.3292e-08
0.1200000E+01 3.1329e-08
0.1202000E+01 2.97027e-08
0.1204000E+01 2.06069e-08
0.1206000E+01 2.04727e-08
0.1208000E+01 4.81561e-08
0.1210000E+01 5.78848e-08
0.1212000E+01 3.95526e-08
0.1214000E+01 3.88594e-08
0.1216000E+01 3.81387e-08
0.1218000E+01 3.60693e-08
0.1220000E+01 3.30816e-08
0.1222000E+01 2.96395e-08
0.1224000E+01 2.54239e-08
0.1226000E+01 4.0404e-08
0.1228000E+01 3.03249e-08
0.1230000E+01 2.9468e-08
0.1232000E+01 2.89577e-08
0.1234000E+01 2.76813e-08
0.1236000E+01 2.54899e-08
0.1238000E+01 2.67057e-08
0.1240000E+01 4.13923e-08
0.1242000E+01 5.63903e-08
0.1244000E+01 5.07744e-08
0.1246000E+01 3.97565e-08
0.1248000E+01 3.25383e-08
0.1250000E+01 3.11445e-08
0.1252000E+01 2.99012e-08
0.1254000E+01 2.0027e-08
0.1256000E+01 1.28607e-08
0.1258000E+01 1.8479e-08
0.1260000E+01 1.98631e-08
0.1262000E+01 1.88223e-08
0.1264000E+01 2.61817e-08
0.1266000E+01 2.80679e-08
0.1268000E+01 2.4378e-08
0.1270000E+01 2.11309e-08
0.1272000E+01 5.50896e-08
0.1274000E+01 6.50887e-08
0.1276000E+01 4.13734e-08
0.1278000E+01 4.04689e-08
0.1280000E+01 3.99614e-08
0.1282000E+01 3.7097e-08
0.1284000E+01 3.19873e-08
0.1286000E+01 2.75333e-08
0.1288000E+01 2.53615e-08
0.1290000E+01 2.41537e-08
0.1292000E+01 2.32224e-08
0.1294000E+01 2.25968e-08
0.1296000E+01 2.17421e-08
0.1298000E+01 2.1044e-08
0.1300000E+01 7.29169e-09
0.1302000E+01 1.33307e-08
0.1304000E+01 5.53943e-08
0.1306000E+01 6.14025e-08
0.1308000E+01 4.20478e-08
0.1310000E+01 2.35655e-08
0.1312000E+01 2.22516e-08
0.1314000E+01 2.28759e-08
0.1316000E+01 2.24192e-08
0.1318000E+01 2.19027e-08
0.1320000E+01 2.13727e-08
0.1322000E+01 1.90465e-08
0.1324000E+01 1.61106e-08
0.1326000E+01 1.43854e-08
0.1328000E+01 1.35664e-08
0.1330000E+01 1.27812e-08
0.1332000E+01 2.49429e-08
0.1334000E+01 4.76126e-08
0.1336000E+01 5.62411e-08
0.1338000E+01 3.50436e-08
0.1340000E+01 3.43161e-08
0.1342000E+01 8.90934e-09
0.1344000E+01 1.63345e-08
0.1346000E+01 1.50624e-08
0.1348000E+01 1.57058e-08
0.1350000E+01 1.5068e-08
0.1352000E+01 1.27019e-08
0.1354000E+01 1.25213e-08
0.1356000E+01 1.19097e-08
0.1358000E+01 1.20404e-08
0.1360000E+01 1.15398e-08
0.1362000E+01 2.92346e-08
0.1364000E+01 5.8397e-08
0.1366000E+01 5.86668e-08
0.1368000E+01 3.91147e-08
0.1370000E+01 3.06671e-08
0.1372000E+01 2.66175e-08
0.1374000E+01 2.60273e-08
0.1376000E+01 2.30162e-08
0.1378000E+01 -2.04312e-09
0.1380000E+01 -2.84662e-08
0.1382000E+01 -1.09081e-08
0.1384000E+01 -1.12291e-09
0.1386000E+01 2.99539e-09
0.1388000E+01 -4.35128e-10
0.1390000E+01 3.53835e-09
0.1392000E+01 3.4379e-08
0.1394000E+01 5.46836e-08
0.1396000E+01 3.71103e-08
0.1398000E+01 2.76007e-08
0.1400000E+01 2.28036e-08
0.1402000E+01 2.00408e-08
0.1404000E+01 1.88751e-08
0.1406000E+01 1.55312e-08
0.1408000E+01 1.25625e-08
0.1410000E+01 1.19928e-08
0.1412000E+01 -2.37224e-08
0.1414000E+01 -3.42749e-08
0.1416000E+01 -1.33652e-08
0.1418000E+01 -1.47268e-08
0.1420000E+01 2.67063e-08
0.1422000E+01 4.51125e-08
0.1424000E+01 2.45763e-08
0.1426000E+01 3.32124e-08
0.1428000E+01 2.39602e-08
0.1430000E+01 1.75635e-08
0.1432000E+01 2.45282e-09
0.1434000E+01 -5.3635e-09
0.1436000E+01 2.33182e-11
0.1438000E+01 8.36093e-10
0.1440000E+01 -5.8707e-09
0.1442000E+01 -5.34117e-08
0.1444000E+01 -3.97604e-08
0.1446000E+01 -2.11593e-08
0.1448000E+01 9.43016e-09
0.1450000E+01 3.90803e-08
0.1452000E+01 2.49858e-08
0.1454000E+01 6.80764e-09
0.1456000E+01 2.52666e-09
0.1458000E+01 2.17102e-09
0.1460000E+01 3.85449e-09
0.1462000E+01 5.23018e-09
0.1464000E+01 4.63493e-09
0.1466000E+01 9.63257e-09
0.1468000E+01 -5.12866e-08
0.1470000E+01 -4.19475e-08
0.1472000E+01 -3.30147e-08
0.1474000E+01 -1.03507e-08
0.1476000E+01 2.22117e-08
0.1478000E+01 1.63556e-08
0.1480000E+01 -8.39777e-09
0.1482000E+01 -6.34431e-09
0.1484000E+01 -4.43801e-09
0.1486000E+01 -5.44869e-09
0.1488000E+01 -7.73691e-09
0.1490000E+01 -4.24701e-08
0.1492000E+01 -7.61606e-08
0.1494000E+01 -5.52933e-08
0.1496000E+01 -3.95833e-08
0.1498000E+01 -2.9062e-08
0.1500000E+01 -2.96391e-08
0.1502000E+01 1.05373e-08
0.1504000E+01 3.44369e-08
0.1506000E+01 1.33978e-08
0.1508000E+01 2.12267e-08
0.1510000E+01 1.30639e-08
0.1512000E+01 -5.12549e-08
0.1514000E+01 -7.67002e-08
0.1516000E+01 -3.66835e-08
0.1518000E+01 -2.92783e-08
0.1520000E+01 -3.61897e-08
0.1522000E+01 -4.10626e-08
0.1524000E+01 -3.37498e-08
0.1526000E+01 -2.90888e-08
0.1528000E+01 2.64411e-09
0.1530000E+01 1.81046e-08
0.1532000E+01 -5.93932e-08
0.1534000E+01 -5.60238e-08
0.1536000E+01 -3.75394e-08
0.1538000E+01 -3.45039e-08
0.1540000E+01 -2.5625e-08
0.1542000E+01 -2.03401e-08
0.1544000E+01 -1.99142e-08
0.1546000E+01 -2.08553e-08
0.1548000E+01 -1.30738e-08
0.1550000E+01 -7.34385e-08
0.1552000E+01 -4.99182e-08
0.1554000E+01 -7.57918e-09
0.1556000E+01 1.71321e-08
0.1558000E+01 -5.30126e-09
0.1560000E+01 -2.26347e-08
0.1562000E+01 -1.71057e-08
0.1564000E+01 -7.73013e-09
0.1566000E+01 -4.97794e-08
0.1568000E+01 -6.98191e-08
0.1570000E+01 -3.70624e-08
0.1572000E+01 -3.17103e-08
0.1574000E+01 -2.73923e-08
0.1576000E+01 -2.07474e-08
0.1578000E+01 1.17575e-08
0.1580000E+01 3.36204e-08
0.1582000E+01 -1.07799e-08
0.1584000E+01 -3.39849e-08
0.1586000E+01 -1.03737e-08
0.1588000E+01 2.22536e-09
0.1590000E+01 1.9894e-09
0.1592000E+01 -8.00178e-11
0.1594000E+01 -8.81916e-09
0.1596000E+01 -1.36293e-08
0.1598000E+01 -2.4464e-08
0.1600000E+01 -2.8652e-08
0.1602000E+01 5.65273e-09
0.1604000E+01 1.9157e-08
0.1606000E+01 6.16055e-10
0.1608000E+01 2.62317e-08
0.1610000E+01 2.93131e-08
0.1612000E+01 3.39077e-08
0.1614000E+01 1.18891e-08
0.1616000E+01 1.04914e-08
0.1618000E+01 1.71214e-08
0.1620000E+01 1.80073e-08
0.1622000E+01 2.07535e-08
0.1624000E+01 1.96846e-08
0.1626000E+01 -3.54965e-08
0.1628000E+01 5.4894e-08
0.1630000E+01 4.86441e-08
0.1632000E+01 3.13268e-08
0.1634000E+01 3.34624e-08
0.1636000E+01 3.56805e-08
0.1638000E+01 2.82407e-08
0.1640000E+01 2.82747e-08
0.1642000E+01 1.23226e-08
0.1644000E+01 8.72329e-09
0.1646000E+01 3.62994e-08
0.1648000E+01 3.17626e-08
0.1650000E+01 5.81438e-08
0.1652000E+01 8.25144e-08
0.1654000E+01 7.60622e-08
0.1656000E+01 5.65803e-08
0.1658000E+01 4.0989e-08
0.1660000E+01 4.21438e-08
0.1662000E+01 3.13965e-08
0.1664000E+01 2.55408e-08
0.1666000E+01 2.28648e-08
0.1668000E+01 4.45245e-08
0.1670000E+01 4.34861e-08
0.1672000E+01 5.72727e-08
0.1674000E+01 8.55593e-08
0.1676000E+01 8.53705e-08
0.1678000E+01 6.77621e-08
0.1680000E+01 7.5601e-08
0.1682000E+01 7.7517e-08
0.1684000E+01 6.62034e-08
0.1686000E+01 5.06715e-08
0.1688000E+01 4.59171e-08
0.1690000E+01 3.74309e-08
0.1692000E+01 2.87284e-08
0.1694000E+01 5.30624e-08
0.1696000E+01 8.9507e-08
0.1698000E+01 9.00104e-08
0.1700000E+01 7.29584e-08
0.1702000E+01 7.17577e-08
0.1704000E+01 7.23342e-08
0.1706000E+01 7.44634e-08
0.1708000E+01 7.18043e-08
0.1710000E+01 6.82042e-08
0.1712000E+01 5.87827e-08
0.1714000E+01 4.91633e-08
0.1716000E+01 6.20966e-08
0.1718000E+01 8.80743e-08
0.1720000E+01 7.78489e-08
0.1722000E+01 5.96433e-08
0.1724000E+01 5.92254e-08
0.1726000E+01 7.09742e-08
0.1728000E+01 6.38849e-08
0.1730000E+01 6.12586e-08
0.1732000E+01 6.38253e-08
0.1734000E+01 6.74435e-08
0.1736000E+01 5.86501e-08
0.1738000E+01 7.79721e-08
0.1740000E+01 8.79564e-08
0.1742000E+01 7.14687e-08
0.1744000E+01 7.36862e-08
0.1746000E+01 1.08935e-07
0.1748000E+01 6.90615e-08
0.1750000E+01 6.00617e-08
0.1752000E+01 5.66662e-08
0.1754000E+01 5.3258e-08
0.1756000E+01 5.08655e-08
0.1758000E+01 4.75369e-08
0.1760000E+01 8.09022e-08
0.1762000E+01 6.73876e-08
0.1764000E+01 6.51689e-08
0.1766000E+01 6.05205e-08
0.1768000E+01 5.66906e-08
0.1770000E+01 5.53956e-08
0.1772000E+01 6.20496e-08
0.1774000E+01 5.72635e-08
0.1776000E+01 5.58186e-08
0.1778000E+01 9.28459e-08
0.1780000E+01 1.20503e-07
0.1782000E+01 9.92245e-08
0.1784000E+01 9.13906e-08
0.1786000E+01 6.5133e-08
0.1788000E+01 5.85415e-08
0.1790000E+01 5.4607e-08
0.1792000E+01 5.08071e-08
0.1794000E+01 4.51691e-08
0.1796000E+01 3.59421e-08
0.1798000E+01 7.75555e-08
0.1800000E+01 8.95174e-08
0.1802000E+01 7.2145e-08
0.1804000E+01 6.33821e-08
0.1806000E+01 5.74337e-08
0.1808000E+01 5.80562e-08
0.1810000E+01 5.96414e-08
0.1812000E+01 7.67074e-08
0.1814000E+01 6.80489e-08
0.1816000E+01 7.13365e-08
0.1818000E+01 8.74173e-08
0.1820000E+01 8.11291e-08
0.1822000E+01 7.23041e-08
0.1824000E+01 7.02545e-08
0.1826000E+01 7.4171e-08
0.1828000E+01 7.37718e-08
0.1830000E+01 5.96034e-08
0.1832000E+01 5.32425e-08
0.1834000E+01 5.60124e-08
0.1836000E+01 7.26144e-08
0.1838000E+01 7.63523e-08
0.1840000E+01 7.10314e-08
0.1842000E+01 6.90321e-08
0.1844000E+01 7.42752e-08
0.1846000E+01 8.5213e-08
0.1848000E+01 7.87346e-08
0.1850000E+01 7.35012e-08
0.1852000E+01 8.01448e-08
0.1854000E+01 9.36387e-08
0.1856000E+01 8.47023e-08
0.1858000E+01 7.61245e-08
0.1860000E+01 7.60137e-08
0.1862000E+01 8.53397e-08
0.1864000E+01 8.42996e-08
0.1866000E+01 7.91693e-08
0.1868000E+01 7.80744e-08
0.1870000E+01 1.00175e-07
0.1872000E+01 1.01074e-07
0.1874000E+01 9.26275e-08
0.1876000E+01 8.95642e-08
0.1878000E+01 9.85747e-08
0.1880000E+01 9.7761e-08
0.1882000E+01 1.01494e-07
0.1884000E+01 1.02217e-07
0.1886000E+01 1.08929e-07
0.1888000E+01 1.11848e-07
0.1890000E+01 1.07026e-07
0.1892000E+01 1.07973e-07
0.1894000E+01 1.31399e-07
0.1896000E+01 1.29901e-07
0.1898000E+01 1.23517e-07
0.1900000E+01 1.24174e-07
0.1902000E+01 1.27254e-07
0.1904000E+01 1.28915e-07
0.1906000E+01 1.36227e-07
0.1908000E+01 1.71133e-07
0.1910000E+01 1.83657e-07
0.1912000E+01 1.6559e-07
0.1914000E+01 1.69819e-07
0.1916000E+01 1.70848e-07
0.1918000E+01 1.91852e-07
0.1920000E+01 2.29292e-07
0.1922000E+01 2.61033e-07
0.1924000E+01 3.11844e-07
0.1926000E+01 3.22297e-07
0.1928000E+01 -5.62269e-09
0.1930000E+01 2.41937e-07
0.1932000E+01 1.20053e-07
0.1934000E+01 1.91936e-07
0.1936000E+01 3.35504e-07
0.1938000E+01 1.89053e-07
0.1940000E+01 3.63073e-07
0.1942000E+01 3.09629e-07
0.1944000E+01 5.34705e-07
0.1946000E+01 5.75771e-07
0.1948000E+01 5.68453e-07
0.1950000E+01 8.28576e-07
0.1952000E+01 7.27805e-07
0.1954000E+01 3.02649e-06
0.1956000E+01 -1.57967e-07
0.1958000E+01 -3.38187e-06
0.1960000E+01 -1.22627e-06
0.1962000E+01 -1.27903e-06
0.1964000E+01 -4.16241e-07
0.1966000E+01 -2.34248e-07
0.1968000E+01 -2.84839e-07
0.1970000E+01 -3.72006e-07
0.1972000E+01 -5.3146e-07
0.1974000E+01 -5.15451e-07
0.1976000E+01 -1.5723e-07
0.1978000E+01 -1.55844e-07
0.1980000E+01 -4.88408e-07
0.1982000E+01 -3.68757e-07
0.1984000E+01 -1.90163e-07
0.1986000E+01 -1.21276e-07
0.1988000E+01 -1.20074e-07
0.1990000E+01 -1.75971e-07
0.1992000E+01 -2.15626e-07
0.1994000E+01 -3.89455e-08
0.1996000E+01 -8.14857e-08
0.1998000E+01 -8.11988e-08
0.2000000E+01 -5.80687e-08
0.2002000E+01 -6.0323e-08
0.2004000E+01 -6.41534e-08
0.2006000E+01 -6.77475e-08
0.2008000E+01 -7.13326e-08
0.2010000E+01 -7.65031e-08
0.2012000E+01 -8.38327e-08
0.2014000E+01 -9.7877e-08
0.2016000E+01 -1.30957e-07
0.2018000E+01 -8.59752e-08
0.2020000E+01 -4.38421e-08
0.2022000E+01 -4.68331e-08
0.2024000E+01 -5.03048e-08
0.2026000E+01 -4.36359e-08
0.2028000E+01 -4.39368e-08
0.2030000E+01 5.90444e-08
0.2032000E+01 3.96684e-07
0.2034000E+01 6.8771e-07
0.2036000E+01 2.39875e-07
0.2038000E+01 -4.44683e-07
0.2040000E+01 -1.97552e-07
0.2042000E+01 -7.16307e-08
0.2044000E+01 -3.38234e-08
0.2046000E+01 -8.54548e-08
0.2048000E+01 7.23015e-08
0.2050000E+01 2.33652e-07
0.2052000E+01 1.67689e-07
0.2054000E+01 -1.8302e-07
0.2056000E+01 -1.92698e-07
0.2058000E+01 -3.03581e-08
0.2060000E+01 1.2019e-08
0.2062000E+01 6.80576e-09
0.2064000E+01 3.74592e-09
0.2066000E+01 -4.64192e-08
0.2068000E+01 -3.61771e-08
0.2070000E+01 -4.93622e-08
0.2072000E+01 -7.71986e-08
0.2074000E+01 3.8089e-08
0.2076000E+01 1.20786e-08
0.2078000E+01 3.16638e-08
0.2080000E+01 4.82226e-08
0.2082000E+01 2.98185e-08
0.2084000E+01 -6.17059e-08
0.2086000E+01 -6.2517e-08
0.2088000E+01 -5.53137e-08
0.2090000E+01 -6.06962e-08
0.2092000E+01 -1.2762e-08
0.2094000E+01 5.23797e-08
0.2096000E+01 -4.46243e-09
0.2098000E+01 -1.47656e-08
0.2100000E+01 -6.47852e-09
0.2102000E+01 -7.65859e-09
0.2104000E+01 -9.55149e-09
0.2106000E+01 -1.08209e-09
0.2108000E+01 2.53698e-08
0.2110000E+01 3.26019e-08
0.2112000E+01 2.59545e-08
0.2114000E+01 2.7847e-08
0.2116000E+01 2.56992e-08
0.2118000E+01 -3.80954e-08
0.2120000E+01 -5.71062e-08
0.2122000E+01 -5.00049e-08
0.2124000E+01 -6.34995e-08
0.2126000E+01 -3.59891e-08
0.2128000E+01 1.22217e-08
0.2130000E+01 4.80691e-08
0.2132000E+01 1.87195e-08
0.2134000E+01 -2.05424e-08
0.2136000E+01 -1.96343e-08
0.2138000E+01 -2.00495e-08
0.2140000E+01 -2.27585e-08
0.2142000E+01 -2.54772e-08
0.2144000E+01 -3.64853e-10
0.2146000E+01 2.87618e-08
0.2148000E+01 9.88183e-09
0.2150000E+01 -5.60052e-09
0.2152000E+01 1.11636e-09
0.2154000E+01 4.35708e-09
0.2156000E+01 -1.68522e-08
0.2158000E+01 -4.96491e-08
0.2160000E+01 -2.67796e-08
0.2162000E+01 -2.84658e-10
0.2164000E+01 -6.80354e-10
0.2166000E+01 -8.10127e-09
0.2168000E+01 -5.78916e-09
0.2170000E+01 -1.56595e-08
0.2172000E+01 -3.42555e-08
0.2174000E+01 -4.98286e-08
0.2176000E+01 -5.47906e-08
0.2178000E+01 -2.28074e-08
0.2180000E+01 6.58329e-08
0.2182000E+01 3.50902e-08
0.2184000E+01 -9.83088e-09
0.2186000E+01 -1.6715e-08
0.2188000E+01 -1.68339e-08
0.2190000E+01 -1.98056e-08
0.2192000E+01 -9.4433e-09
0.2194000E+01 2.53378e-08
0.2196000E+01 4.1107e-08
0.2198000E+01 -1.81507e-08
0.2200000E+01 -2.94049e-08
0.2202000E+01 -1.87674e-08
0.2204000E+01 -1.67369e-08
0.2206000E+01 -2.24393e-08
0.2208000E+01 -1.45925e-09
0.2210000E+01 7.11093e-09
0.2212000E+01 1.40658e-08
0.2214000E+01 2.34477e-08
0.2216000E+01 -4.32372e-09
0.2218000E+01 -3.33964e-08
0.2220000E+01 -4.27056e-08
0.2222000E+01 3.42768e-08
0.2224000E+01 7.97986e-08
0.2226000E+01 -2.9958e-09
0.2228000E+01 -2.47799e-09
0.2230000E+01 -1.48568e-09
0.2232000E+01 3.00962e-08
0.2234000E+01 7.50662e-08
0.2236000E+01 7.25343e-08
0.2238000E+01 5.92752e-08
0.2240000E+01 1.60829e-08
0.2242000E+01 2.09625e-08
0.2244000E+01 6.84411e-08
0.2246000E+01 1.63786e-08
0.2248000E+01 1.63529e-08
0.2250000E+01 -2.196e-08
0.2252000E+01 1.39824e-07
0.2254000E+01 1.02731e-07
0.2256000E+01 2.77696e-07
0.2258000E+01 4.58685e-07
0.2260000E+01 6.59525e-08
0.2262000E+01 -3.60955e-07
0.2264000E+01 -2.30328e-07
0.2266000E+01 -1.97068e-07
0.2268000E+01 -1.54684e-07
0.2270000E+01 -1.3696e-07
0.2272000E+01 -1.13301e-07
0.2274000E+01 -1.04221e-07
0.2276000E+01 -9.86611e-08
0.2278000E+01 -9.15761e-08
0.2280000E+01 -6.95421e-08
0.2282000E+01 -5.40984e-08
0.2284000E+01 -5.18366e-08
0.2286000E+01 -4.71225e-08
0.2288000E+01 -3.6878e-08
0.2290000E+01 -3.42948e-08
0.2292000E+01 -3.36986e-08
0.2294000E+01 -3.63641e-08
0.2296000E+01 -3.30868e-08
0.2298000E+01 -3.13212e-08
0.2300000E+01 -3.6573e-08
0.2302000E+01 -3.61504e-08
0.2304000E+01 -3.39581e-08
0.2306000E+01 -2.89622e-08
0.2308000E+01 -2.59982e-08
0.2310000E+01 -2.71316e-08
0.2312000E+01 -1.88439e-08
0.2314000E+01 -2.28121e-08
0.2316000E+01 -3.03531e-08
0.2318000E+01 -3.1184e-08
0.2320000E+01 -2.67345e-08
0.2322000E+01 -2.38627e-08
0.2324000E+01 -2.0639e-08
0.2326000E+01 -1.66669e-08
0.2328000E+01 -1.36396e-08
0.2330000E+01 -1.13196e-08
0.2332000E+01 -1.70643e-08
0.2334000E+01 -1.87513e-08
0.2336000E+01 -1.25227e-08
0.2338000E+01 -1.13696e-08
0.2340000E+01 -8.51989e-09
0.2342000E+01 -7.30733e-09
0.2344000E+01 -4.90663e-09
0.2346000E+01 -4.3585e-09
0.2348000E+01 -1.24677e-08
0.2350000E+01 -1.18223e-08
0.2352000E+01 -6.57247e-09
0.2354000E+01 -1.88706e-09
0.2356000E+01 1.64031e-09
0.2358000E+01 3.78844e-09
0.2360000E+01 -3.87092e-09
0.2362000E+01 -7.97666e-09
0.2364000E+01 -2.00635e-09
0.2366000E+01 4.92975e-10
0.2368000E+01 5.35632e-09
0.2370000E+01 9.7753e-09
0.2372000E+01 -5.03081e-09
0.2374000E+01 -5.84531e-09
0.2376000E+01 1.16492e-08
0.2378000E+01 1.2199e-08
0.2380000E+01 5.55597e-10
0.2382000E+01 1.10853e-08
0.2384000E+01 5.52819e-08
0.2386000E+01 6.73037e-08
0.2388000E+01 2.95388e-08
0.2390000E+01 3.13017e-08
0.2392000E+01 2.48869e-08
0.2394000E+01 2.04287e-08
0.2396000E+01 1.69883e-08
0.2398000E+01 1.59426e-08
0.2400000E+01 1.62861e-08
0.2402000E+01 1.67533e-08
0.2404000E+01 1.51543e-08
0.2406000E+01 2.50685e-08
0.2408000E+01 1.88156e-08
0.2410000E+01 1.85204e-08
0.2412000E+01 2.21255e-08
0.2414000E+01 1.80231e-08
0.2416000E+01 2.02474e-08
0.2418000E+01 2.28354e-08
0.2420000E+01 3.30451e-08
0.2422000E+01 1.88903e-08
0.2424000E+01 1.69941e-08
0.2426000E+01 1.83402e-08
0.2428000E+01 1.73753e-08
0.2430000E+01 1.94474e-08
0.2432000E+01 1.90854e-08
0.2434000E+01 1.85773e-08
0.2436000E+01 1.53189e-08
0.2438000E+01 1.63222e-08
0.2440000E+01 1.63374e-08
0.2442000E+01 1.69558e-08
0.2444000E+01 1.66025e-08
0.2446000E+01 1.92455e-08
0.2448000E+01 2.00818e-08
0.2450000E+01 1.8238e-08
0.2452000E+01 1.92909e-08
0.2454000E+01 2.08547e-08
0.2456000E+01 1.9296e-08
0.2458000E+01 2.14151e-08
0.2460000E+01 2.30406e-08
0.2462000E+01 1.22328e-08
0.2464000E+01 -2.94035e-08
0.2466000E+01 4.66218e-08
0.2468000E+01 1.1378e-08
0.2470000E+01 2.39961e-08
0.2472000E+01 1.96282e-08
0.2474000E+01 1.57535e-08
0.2476000E+01 1.42217e-08
0.2478000E+01 2.30606e-08
0.2480000E+01 -3.75908e-09
0.2482000E+01 9.70315e-09
0.2484000E+01 1.73112e-08
0.2486000E+01 1.59093e-08
0.2488000E+01 2.23068e-08
0.2490000E+01 7.1058e-09
0.2492000E+01 1.24755e-08
0.2494000E+01 1.42071e-08
0.2496000E+01 1.70423e-08
0.2498000E+01 1.51539e-08
0.2500000E+01 3.76004e-08
0.2502000E+01 5.91963e-09
0.2504000E+01 2.02665e-08
0.2506000E+01 2.43725e-08
0.2508000E+01 2.12266e-08
0.2510000E+01 1.74804e-08
0.2512000E+01 1.93904e-08
0.2514000E+01 4.70235e-08
0.2516000E+01 1.50903e-08
0.2518000E+01 1.80834e-08
0.2520000E+01 1.86279e-08
0.2522000E+01 2.23954e-08
0.2524000E+01 2.21992e-08
0.2526000E+01 2.09108e-08
0.2528000E+01 3.41069e-08
0.2530000E+01 3.94507e-08
0.2532000E+01 3.57734e-08
0.2534000E+01 9.72344e-09
0.2536000E+01 2.16913e-08
0.2538000E+01 2.6532e-08
0.2540000E+01 2.38512e-08
0.2542000E+01 2.44404e-08
0.2544000E+01 2.76684e-08
0.2546000E+01 5.55501e-08
0.2548000E+01 4.51915e-08
0.2550000E+01 3.95874e-08
0.2552000E+01 4.13257e-08
0.2554000E+01 2.28187e-08
0.2556000E+01 3.0408e-08
0.2558000E+01 3.13693e-08
0.2560000E+01 3.27299e-08
0.2562000E+01 3.45e-08
0.2564000E+01 5.25793e-08
0.2566000E+01 5.3712e-08
0.2568000E+01 4.05737e-08
0.2570000E+01 3.33763e-08
0.2572000E+01 3.87689e-08
0.2574000E+01 4.05487e-08
0.2576000E+01 4.83234e-08
0.2578000E+01 5.33184e-08
0.2580000E+01 3.45106e-08
0.2582000E+01 2.10414e-08
0.2584000E+01 4.97251e-08
0.2586000E+01 6.03056e-08
0.2588000E+01 6.41072e-08
0.2590000E+01 5.49809e-08
0.2592000E+01 3.43895e-08
0.2594000E+01 9.40484e-09
0.2596000E+01 3.48726e-08
0.2598000E+01 4.94191e-08
0.2600000E+01 4.49294e-08
0.2602000E+01 4.22298e-08
0.2604000E+01 4.6942e-08
0.2606000E+01 3.78634e-08
0.2608000E+01 3.95863e-08
0.2610000E+01 3.94631e-08
0.2612000E+01 4.28679e-08
0.2614000E+01 4.26378e-08
0.2616000E+01 6.32042e-08
0.2618000E+01 4.00753e-08
0.2620000E+01 3.65155e-09
0.2622000E+01 2.67481e-08
0.2624000E+01 2.11953e-08
0.2626000E+01 4.93487e-08
0.2628000E+01 5.67819e-08
0.2630000E+01 5.86437e-08
0.2632000E+01 1.70471e-08
0.2634000E+01 -1.66568e-08
0.2636000E+01 2.7136e-08
0.2638000E+01 4.24253e-08
0.2640000E+01 3.68166e-08
0.2642000E+01 3.75655e-08
0.2644000E+01 3.99611e-08
0.2646000E+01 5.10418e-08
0.2648000E+01 8.61019e-09
0.2650000E+01 1.06529e-08
0.2652000E+01 2.46559e-08
0.2654000E+01 3.17951e-08
0.2656000E+01 3.42905e-08
0.2658000E+01 5.01961e-08
0.2660000E+01 4.48235e-08
0.2662000E+01 4.55324e-08
0.2664000E+01 -1.23093e-08
0.2666000E+01 -7.65644e-09
0.2668000E+01 7.49511e-09
0.2670000E+01 3.69624e-08
0.2672000E+01 3.54039e-08
0.2674000E+01 3.22573e-08
0.2676000E+01 3.19574e-08
0.2678000E+01 4.43614e-08
0.2680000E+01 3.87252e-08
0.2682000E+01 -5.6185e-09
0.2684000E+01 8.10749e-09
0.2686000E+01 1.46135e-08
0.2688000E+01 1.68053e-08
0.2690000E+01 1.59939e-08
0.2692000E+01 1.96323e-08
0.2694000E+01 4.14158e-08
0.2696000E+01 3.68219e-08
0.2698000E+01 3.22884e-08
0.2700000E+01 9.55362e-09
0.2702000E+01 -3.50488e-08
0.2704000E+01 -7.67373e-10
0.2706000E+01 9.12319e-09
0.2708000E+01 2.77683e-08
0.2710000E+01 2.95598e-08
0.2712000E+01 2.74897e-08
0.2714000E+01 2.59281e-08
0.2716000E+01 2.24444e-08
0.2718000E+01 2.63709e-08
0.2720000E+01 2.00039e-08
0.2722000E+01 1.53228e-08
0.2724000E+01 -2.69026e-08
0.2726000E+01 4.37586e-09
0.2728000E+01 4.56983e-09
0.2730000E+01 1.33347e-08
0.2732000E+01 1.6878e-08
0.2734000E+01 1.61183e-08
0.2736000E+01 2.0353e-08
0.2738000E+01 2.7895e-08
0.2740000E+01 2.32228e-08
0.2742000E+01 2.83394e-08
0.2744000E+01 3.08263e-08
0.2746000E+01 -6.8812e-09
0.2748000E+01 -4.64735e-08
0.2750000E+01 -1.2621e-08
0.2752000E+01 1.26879e-08
0.2754000E+01 1.23856e-10
0.2756000E+01 5.75941e-09
0.2758000E+01 1.4025e-08
0.2760000E+01 1.68371e-08
0.2762000E+01 1.396e-08
0.2764000E+01 1.48022e-08
0.2766000E+01 1.48317e-08
0.2768000E+01 3.3095e-08
0.2770000E+01 2.02551e-08
0.2772000E+01 9.76704e-10
0.2774000E+01 -4.2332e-08
0.2776000E+01 -1.12156e-08
0.2778000E+01 -1.02999e-08
0.2780000E+01 -3.76233e-09
0.2782000E+01 -1.36914e-08
0.2784000E+01 2.52613e-09
0.2786000E+01 1.3324e-08
0.2788000E+01 1.65422e-08
0.2790000E+01 9.15093e-09
0.2792000E+01 9.01873e-09
0.2794000E+01 3.22646e-10
0.2796000E+01 -8.16182e-09
0.2798000E+01 6.38414e-10
0.2800000E+01 2.10761e-09
0.2802000E+01 -1.4521e-08
0.2804000E+01 -2.33209e-08
0.2806000E+01 -3.01319e-08
0.2808000E+01 -2.79765e-08
0.2810000E+01 -2.54817e-08
0.2812000E+01 -1.82661e-08
0.2814000E+01 -1.60754e-08
0.2816000E+01 -3.06175e-08
0.2818000E+01 -2.16574e-08
0.2820000E+01 -1.64053e-08
0.2822000E+01 -1.67834e-08
0.2824000E+01 -3.07323e-08
0.2826000E+01 -6.05893e-08
0.2828000E+01 -3.70229e-08
0.2830000E+01 -4.49616e-08
0.2832000E+01 -8.57678e-08
0.2834000E+01 -1.42928e-07
0.2836000E+01 -1.07518e-07
0.2838000E+01 -1.69018e-07
0.2840000E+01 -1.98757e-07
0.2842000E+01 -3.07543e-07
0.2844000E+01 -5.23836e-07
0.2846000E+01 -4.0783e-07
0.2848000E+01 1.25182e-06
0.2850000E+01 4.49075e-07
0.2852000E+01 2.94804e-07
0.2854000E+01 1.79487e-07
0.2856000E+01 2.32842e-07
0.2858000E+01 1.80596e-07
0.2860000E+01 1.46086e-07
0.2862000E+01 1.28064e-07
0.2864000E+01 1.47118e-07
0.2866000E+01 1.16524e-07
0.2868000E+01 8.70688e-08
0.2870000E+01 7.45504e-08
0.2872000E+01 8.61946e-08
0.2874000E+01 1.09988e-07
0.2876000E+01 8.12046e-08
0.2878000E+01 8.71195e-08
0.2880000E+01 9.54691e-08
0.2882000E+01 8.77981e-08
0.2884000E+01 9.42433e-08
0.2886000E+01 7.26937e-08
0.2888000E+01 7.40367e-08
0.2890000E+01 7.63676e-08
0.2892000E+01 8.93117e-08
0.2894000E+01 1.04258e-07
0.2896000E+01 1.12649e-07
0.2898000E+01 8.19366e-08
0.2900000E+01 7.84162e-08
0.2902000E+01 7.84802e-08
0.2904000E+01 5.35377e-08
0.2906000E+01 2.90057e-08
0.2908000E+01 5.46594e-08
0.2910000E+01 5.54863e-08
0.2912000E+01 8.5277e-08
0.2914000E+01 6.80131e-08
0.2916000E+01 6.42194e-08
0.2918000E+01 6.68247e-08
0.2920000E+01 6.96851e-08
0.2922000E+01 7.80614e-08
0.2924000E+01 6.74744e-08
0.2926000E+01 6.13114e-08
0.2928000E+01 6.14616e-08
0.2930000E+01 6.71015e-08
0.2932000E+01 7.93772e-08
0.2934000E+01 7.82605e-08
0.2936000E+01 7.21981e-08
0.2938000E+01 6.80986e-08
0.2940000E+01 8.20856e-08
0.2942000E+01 8.79183e-08
0.2944000E+01 3.86945e-08
0.2946000E+01 2.53036e-08
0.2948000E+01 3.88919e-08
0.2950000E+01 4.9589e-08
0.2952000E+01 6.51594e-08
0.2954000E+01 5.21437e-08
0.2956000E+01 5.57992e-08
0.2958000E+01 6.37576e-08
0.2960000E+01 5.6929e-08
0.2962000E+01 4.9058e-08
0.2964000E+01 4.6193e-08
0.2966000E+01 5.00803e-08
0.2968000E+01 4.62904e-08
0.2970000E+01 7.12066e-08
0.2972000E+01 7.35094e-08
0.2974000E+01 6.51692e-08
0.2976000E+01 5.07574e-08
0.2978000E+01 5.2567e-08
0.2980000E+01 6.71487e-08
0.2982000E+01 6.179e-08
0.2984000E+01 4.62501e-08
0.2986000E+01 3.46473e-08
0.2988000E+01 5.44845e-08
0.2990000E+01 2.52779e-08
0.2992000E+01 1.16795e-08
0.2994000E+01 3.9739e-08
0.2996000E+01 4.0893e-08
0.2998000E+01 4.06446e-08
0.3000000E+01 4.08269e-08
0.3002000E+01 3.93856e-08
0.3004000E+01 3.97501e-08
0.3006000E+01 4.35858e-08
0.3008000E+01 6.51722e-08
0.3010000E+01 5.82705e-08
0.3012000E+01 5.00881e-08
0.3014000E+01 4.85082e-08
0.3016000E+01 4.77734e-08
0.3018000E+01 4.88515e-08
0.3020000E+01 4.44183e-08
0.3022000E+01 4.20213e-08
0.3024000E+01 4.49021e-08
0.3026000E+01 5.877e-08
0.3028000E+01 6.68471e-08
0.3030000E+01 3.23125e-08
0.3032000E+01 1.77705e-08
0.3034000E+01 2.52254e-08
0.3036000E+01 2.67227e-08
0.3038000E+01 3.0217e-08
0.3040000E+01 2.98113e-08
0.3042000E+01 3.10759e-08
0.3044000E+01 2.79846e-08
0.3046000E+01 6.99028e-08
0.3048000E+01 4.46627e-08
0.3050000E+01 4.38611e-08
0.3052000E+01 4.22105e-08
0.3054000E+01 4.18003e-08
0.3056000E+01 4.08591e-08
0.3058000E+01 4.02736e-08
0.3060000E+01 3.93755e-08
0.3062000E+01 4.2946e-08
0.3064000E+01 5.91084e-08
0.3066000E+01 5.48954e-08
0.3068000E+01 5.0364e-08
0.3070000E+01 5.42008e-08
0.3072000E+01 4.87895e-08
0.3074000E+01 4.66908e-08
0.3076000E+01 1.5371e-08
0.3078000E+01 -8.37324e-09
0.3080000E+01 2.47729e-08
0.3082000E+01 5.14346e-08
0.3084000E+01 4.51328e-08
0.3086000E+01 3.42725e-08
0.3088000E+01 3.41456e-08
0.3090000E+01 3.09778e-08
0.3092000E+01 2.53974e-08
0.3094000E+01 3.14816e-08
0.3096000E+01 3.04989e-08
0.3098000E+01 5.77819e-08
0.3100000E+01 6.05552e-08
0.3102000E+01 4.51027e-08
0.3104000E+01 4.38694e-08
0.3106000E+01 4.43067e-08
0.3108000E+01 4.90535e-08
0.3110000E+01 4.26378e-08
0.3112000E+01 3.65789e-08
0.3114000E+01 5.02666e-08
0.3116000E+01 6.24769e-08
0.3118000E+01 5.87573e-08
0.3120000E+01 5.92447e-08
0.3122000E+01 5.14427e-08
0.3124000E+01 9.05065e-10
0.3126000E+01 2.67335e-09
0.3128000E+01 1.17223e-08
0.3130000E+01 2.32188e-08
0.3132000E+01 6.38915e-08
0.3134000E+01 3.49956e-08
0.3136000E+01 3.6121e-08
0.3138000E+01 3.26445e-08
0.3140000E+01 3.04271e-08
0.3142000E+01 3.19624e-08
0.3144000E+01 3.1312e-08
0.3146000E+01 5.42303e-08
0.3148000E+01 5.73498e-08
0.3150000E+01 4.12619e-08
0.3152000E+01 4.72595e-08
0.3154000E+01 4.89856e-08
0.3156000E+01 4.02256e-08
0.3158000E+01 3.24414e-08
0.3160000E+01 5.24956e-08
0.3162000E+01 6.8768e-08
0.3164000E+01 6.63415e-08
0.3166000E+01 7.08587e-08
0.3168000E+01 5.0261e-08
0.3170000E+01 -1.28716e-07
0.3172000E+01 -8.78439e-08
0.3174000E+01 -3.15756e-08
0.3176000E+01 3.77593e-08
0.3178000E+01 2.47238e-08
0.3180000E+01 7.98607e-09
0.3182000E+01 3.98847e-08
0.3184000E+01 2.40864e-08
0.3186000E+01 3.27071e-08
0.3188000E+01 3.99235e-08
0.3190000E+01 6.16987e-08
0.3192000E+01 4.75192e-08
0.3194000E+01 3.66457e-08
0.3196000E+01 4.13984e-08
0.3198000E+01 3.8635e-08
0.3200000E+01 4.40238e-08
0.3202000E+01 7.06673e-08
0.3204000E+01 6.76807e-08
0.3206000E+01 4.98681e-08
0.3208000E+01 3.67464e-08
0.3210000E+01 3.6402e-08
0.3212000E+01 3.42356e-08
0.3214000E+01 1.04212e-07
0.3216000E+01 6.05363e-08
0.3218000E+01 5.38507e-09
0.3220000E+01 -5.06447e-08
0.3222000E+01 -1.60611e-08
0.3224000E+01 3.30982e-08
0.3226000E+01 2.95016e-08
0.3228000E+01 1.19029e-08
0.3230000E+01 6.77398e-09
0.3232000E+01 1.13403e-08
0.3234000E+01 4.55645e-08
0.3236000E+01 6.71892e-08
0.3238000E+01 3.67082e-08
0.3240000E+01 3.00141e-08
0.3242000E+01 2.00667e-08
0.3244000E+01 1.02122e-07
0.3246000E+01 2.76704e-08
0.3248000E+01 2.68249e-08
0.3250000E+01 6.05279e-08
0.3252000E+01 1.2578e-07
0.3254000E+01 3.30265e-08
0.3256000E+01 1.05855e-07
0.3258000E+01 -9.27761e-08
0.3260000E+01 5.98714e-08
0.3262000E+01 -2.45258e-07
0.3264000E+01 -8.16489e-08
0.3266000E+01 6.63542e-08
0.3268000E+01 -1.69036e-08
0.3270000E+01 6.4565e-09
0.3272000E+01 8.28989e-08
0.3274000E+01 8.63036e-08
0.3276000E+01 1.6889e-07
0.3278000E+01 -9.80255e-08
0.3280000E+01 -1.15904e-07
0.3282000E+01 2.80236e-08
0.3284000E+01 5.83445e-08
0.3286000E+01 2.22044e-07
0.3288000E+01 -1.39188e-07
0.3290000E+01 8.19061e-08
0.3292000E+01 1.76997e-08
0.3294000E+01 1.83987e-09
0.3296000E+01 -8.28248e-08
0.3298000E+01 -1.48013e-07
0.3300000E+01 -5.87794e-08
0.3302000E+01 -7.63345e-08
0.3304000E+01 -9.02089e-08
0.3306000E+01 -5.75038e-08
0.3308000E+01 -3.88718e-08
0.3310000E+01 -2.98745e-08
0.3312000E+01 -3.9315e-08
0.3314000E+01 -3.12867e-08
0.3316000E+01 -3.35394e-08
0.3318000E+01 -3.65882e-08
0.3320000E+01 -3.57667e-08
0.3322000E+01 -2.74327e-08
0.3324000E+01 -2.84644e-08
0.3326000E+01 -2.01133e-08
0.3328000E+01 -2.5119e-08
0.3330000E+01 -1.95937e-08
0.3332000E+01 -1.99398e-08
0.3334000E+01 -2.15737e-08
0.3336000E+01 -1.92216e-08
0.3338000E+01 -1.6401e-08
0.3340000E+01 -1.94894e-08
0.3342000E+01 -2.13913e-08
0.3344000E+01 -1.96378e-08
0.3346000E+01 -1.55463e-08
0.3348000E+01 -1.31305e-08
0.3350000E+01 -1.15035e-08
0.3352000E+01 -1.30023e-08
0.3354000E+01 -1.63645e-08
0.3356000E+01 -1.77568e-08
0.3358000E+01 -1.91701e-08
0.3360000E+01 -1.28256e-08
0.3362000E+01 -9.96647e-09
0.3364000E+01 -1.56575e-08
0.3366000E+01 -1.3987e-08
0.3368000E+01 -1.26705e-08
0.3370000E+01 -1.46146e-08
0.3372000E+01 -1.29318e-08
0.3374000E+01 -1.21573e-08
0.3376000E+01 -1.1275e-08
0.3378000E+01 -1.05343e-08
0.3380000E+01 -9.32395e-09
0.3382000E+01 -1.03993e-08
0.3384000E+01 -1.71187e-08
0.3386000E+01 -1.31165e-08
0.3388000E+01 -1.14709e-08
0.3390000E+01 -1.35263e-08
0.3392000E+01 -1.64026e-08
0.3394000E+01 -1.1119e-08
0.3396000E+01 -1.00132e-08
0.3398000E+01 -9.93216e-09
0.3400000E+01 -9.5756e-09
0.3402000E+01 -1.41321e-08
0.3404000E+01 -1.06693e-08
0.3406000E+01 -9.32823e-09
0.3408000E+01 -7.87291e-09
0.3410000E+01 -4.40094e-09
0.3412000E+01 -4.41435e-09
0.3414000E+01 -3.87881e-09
0.3416000E+01 -2.56183e-09
0.3418000E+01 -3.59035e-09
0.3420000E+01 -8.76533e-09
0.3422000E+01 -4.53589e-09
0.3424000E+01 -2.94765e-09
0.3426000E+01 -1.85928e-10
0.3428000E+01 -1.68332e-09
0.3430000E+01 6.90135e-09
0.3432000E+01 -1.16864e-09
0.3434000E+01 -3.98825e-10
0.3436000E+01 -5.3603e-09
0.3438000E+01 -6.92767e-09
0.3440000E+01 -2.53353e-09
0.3442000E+01 -5.15341e-09
0.3444000E+01 -4.62292e-09
0.3446000E+01 -1.82397e-09
0.3448000E+01 -1.83666e-09
0.3450000E+01 -1.43971e-09
0.3452000E+01 -1.09432e-08
0.3454000E+01 -5.55294e-09
0.3456000E+01 2.78269e-09
0.3458000E+01 4.282e-09
0.3460000E+01 4.51978e-09
0.3462000E+01 1.11425e-09
0.3464000E+01 1.67804e-10
0.3466000E+01 -1.12919e-08
0.3468000E+01 -8.61586e-09
0.3470000E+01 -5.34948e-09
0.3472000E+01 -2.47252e-09
0.3474000E+01 -3.3857e-09
0.3476000E+01 -1.26644e-09
0.3478000E+01 -5.70359e-09
0.3480000E+01 -1.06758e-08
0.3482000E+01 -2.81435e-09
0.3484000E+01 -1.88917e-09
0.3486000E+01 1.18608e-09
0.3488000E+01 -1.10032e-09
0.3490000E+01 -8.61032e-09
0.3492000E+01 -1.57978e-08
0.3494000E+01 2.33418e-09
0.3496000E+01 -3.36157e-09
0.3498000E+01 -6.24805e-09
0.3500000E+01 1.56902e-09
0.3502000E+01 -1.27814e-08
0.3504000E+01 -9.87208e-09
0.3506000E+01 -3.67151e-09
0.3508000E+01 5.37224e-09
0.3510000E+01 -1.05943e-08
0.3512000E+01 -2.23443e-08
0.3514000E+01 4.90867e-09
0.3516000E+01 -6.22845e-11
0.3518000E+01 -7.58808e-09
0.3520000E+01 9.39838e-10
0.3522000E+01 9.35243e-09
0.3524000E+01 1.40138e-08
0.3526000E+01 1.58129e-08
0.3528000E+01 1.7679e-08
0.3530000E+01 1.63706e-08
0.3532000E+01 2.18056e-08
0.3534000E+01 2.30075e-08
0.3536000E+01 1.94127e-08
0.3538000E+01 2.51993e-08
0.3540000E+01 3.35191e-08
0.3542000E+01 3.06956e-08
0.3544000E+01 3.22745e-08
0.3546000E+01 4.44025e-08
0.3548000E+01 2.95906e-08
0.3550000E+01 3.09372e-08
0.3552000E+01 3.28487e-08
0.3554000E+01 4.47183e-08
0.3556000E+01 2.92853e-08
0.3558000E+01 3.15317e-08
0.3560000E+01 4.6658e-08
0.3562000E+01 4.09522e-08
0.3564000E+01 4.93672e-08
0.3566000E+01 3.60474e-08
0.3568000E+01 3.35736e-08
0.3570000E+01 3.59116e-08
0.3572000E+01 4.0048e-08
0.3574000E+01 6.89988e-08
0.3576000E+01 5.05568e-08
0.3578000E+01 4.69852e-08
0.3580000E+01 5.31121e-08
0.3582000E+01 4.99091e-08
0.3584000E+01 5.50942e-08
0.3586000E+01 8.19576e-08
0.3588000E+01 8.11732e-08
0.3590000E+01 1.02117e-07
0.3592000E+01 8.71179e-08
0.3594000E+01 1.53358e-07
0.3596000E+01 1.55967e-07
0.3598000E+01 5.07318e-07
0.3600000E+01 -6.82229e-07
0.3602000E+01 -1.43427e-07
0.3604000E+01 -7.34721e-08
0.3606000E+01 -5.52811e-08
0.3608000E+01 -3.21002e-08
0.3610000E+01 -1.40739e-08
0.3612000E+01 -1.62661e-08
0.3614000E+01 -1.0175e-08
0.3616000E+01 3.70948e-09
0.3618000E+01 4.47004e-09
0.3620000E+01 1.07002e-09
0.3622000E+01 1.38977e-08
0.3624000E+01 9.6165e-09
0.3626000E+01 3.11108e-09
0.3628000E+01 -1.41027e-10
0.3630000E+01 -5.51413e-09
0.3632000E+01 1.07819e-08
0.3634000E+01 1.30802e-08
0.3636000E+01 7.80216e-09
0.3638000E+01 2.2574e-09
0.3640000E+01 1.34227e-08
0.3642000E+01 1.98486e-08
0.3644000E+01 3.14355e-08
0.3646000E+01 1.47261e-08
0.3648000E+01 6.86262e-09
0.3650000E+01 1.06889e-08
0.3652000E+01 1.44078e-08
0.3654000E+01 1.17904e-08
0.3656000E+01 7.58828e-09
0.3658000E+01 9.51832e-09
0.3660000E+01 1.43573e-08
0.3662000E+01 1.6106e-08
0.3664000E+01 1.3942e-08
0.3666000E+01 1.39677e-08
0.3668000E+01 1.51249e-08
0.3670000E+01 4.12703e-08
0.3672000E+01 1.97749e-08
0.3674000E+01 1.74907e-08
0.3676000E+01 1.68526e-08
0.3678000E+01 1.59706e-08
0.3680000E+01 1.89883e-08
0.3682000E+01 1.95675e-08
0.3684000E+01 1.8992e-08
0.3686000E+01 1.73095e-08
0.3688000E+01 1.24381e-08
0.3690000E+01 1.4901e-08
0.3692000E+01 1.25272e-08
0.3694000E+01 1.68661e-08
0.3696000E+01 1.77506e-08
0.3698000E+01 2.03094e-08
0.3700000E+01 2.31632e-08
0.3702000E+01 2.14919e-08
0.3704000E+01 1.66271e-08
0.3706000E+01 2.8816e-08
0.3708000E+01 2.76227e-08
0.3710000E+01 2.27218e-08
0.3712000E+01 2.10898e-08
0.3714000E+01 1.84278e-08
0.3716000E+01 1.72555e-08
0.3718000E+01 1.87608e-08
0.3720000E+01 1.86963e-08
0.3722000E+01 1.93604e-08
0.3724000E+01 1.98845e-08
0.3726000E+01 2.05987e-08
0.3728000E+01 2.11392e-08
0.3730000E+01 2.01933e-08
0.3732000E+01 2.42077e-08
0.3734000E+01 2.52282e-08
0.3736000E+01 2.20998e-08
0.3738000E+01 3.20619e-08
0.3740000E+01 2.47799e-08
0.3742000E+01 2.23867e-08
0.3744000E+01 2.14867e-08
0.3746000E+01 2.165e-08
0.3748000E+01 2.00407e-08
0.3750000E+01 2.06373e-08
0.3752000E+01 2.05895e-08
0.3754000E+01 1.80285e-08
0.3756000E+01 2.61126e-08
0.3758000E+01 2.10737e-08
0.3760000E+01 2.07586e-08
0.3762000E+01 2.08514e-08
0.3764000E+01 2.0526e-08
0.3766000E+01 2.01261e-08
0.3768000E+01 3.62337e-08
0.3770000E+01 2.60323e-08
0.3772000E+01 2.74417e-08
0.3774000E+01 2.32398e-08
0.3776000E+01 2.09274e-08
0.3778000E+01 2.44741e-08
0.3780000E+01 2.40851e-08
0.3782000E+01 2.21541e-08
0.3784000E+01 1.77005e-08
0.3786000E+01 2.04957e-08
0.3788000E+01 1.96687e-08
0.3790000E+01 1.79668e-08
0.3792000E+01 1.69082e-08
0.3794000E+01 1.84908e-08
0.3796000E+01 2.84652e-08
0.3798000E+01 2.05338e-08
0.3800000E+01 2.47283e-08
0.3802000E+01 2.04372e-08
0.3804000E+01 2.06169e-08
0.3806000E+01 2.15424e-08
0.3808000E+01 2.15012e-08
0.3810000E+01 1.9187e-08
0.3812000E+01 1.9564e-08
0.3814000E+01 1.88044e-08
0.3816000E+01 1.62996e-08
0.3818000E+01 1.71569e-08
0.3820000E+01 4.02711e-08
0.3822000E+01 2.92886e-08
0.3824000E+01 2.20033e-08
0.3826000E+01 2.21451e-08
0.3828000E+01 1.9381e-08
0.3830000E+01 1.77536e-08
0.3832000E+01 1.71759e-08
0.3834000E+01 1.21638e-08
0.3836000E+01 1.4335e-08
0.3838000E+01 1.22025e-08
0.3840000E+01 1.42493e-08
0.3842000E+01 3.23491e-08
0.3844000E+01 2.74404e-08
0.3846000E+01 3.51694e-10
0.3848000E+01 -2.11572e-08
0.3850000E+01 1.44985e-08
0.3852000E+01 1.55264e-08
0.3854000E+01 1.4464e-08
0.3856000E+01 1.4347e-08
0.3858000E+01 1.55631e-08
0.3860000E+01 1.21818e-08
0.3862000E+01 1.67072e-08
0.3864000E+01 2.85816e-08
0.3866000E+01 1.38509e-08
0.3868000E+01 1.76497e-08
0.3870000E+01 1.80749e-08
0.3872000E+01 1.34384e-08
0.3874000E+01 9.48467e-09
0.3876000E+01 1.13388e-08
0.3878000E+01 6.56331e-09
0.3880000E+01 6.98792e-09
0.3882000E+01 2.37938e-08
0.3884000E+01 1.37658e-08
0.3886000E+01 7.78628e-09
0.3888000E+01 8.57293e-09
0.3890000E+01 6.54009e-09
0.3892000E+01 4.77169e-09
0.3894000E+01 2.89905e-09
0.3896000E+01 9.14229e-10
0.3898000E+01 2.32548e-08
0.3900000E+01 7.47346e-09
0.3902000E+01 4.20648e-09
0.3904000E+01 1.11846e-09
0.3906000E+01 -3.33208e-09
0.3908000E+01 -5.57975e-09
0.3910000E+01 -9.53099e-09
0.3912000E+01 -7.85008e-09
0.3914000E+01 9.36804e-09
0.3916000E+01 -8.94036e-09
0.3918000E+01 -1.41886e-08
0.3920000E+01 -7.1797e-09
0.3922000E+01 -9.73705e-09
0.3924000E+01 -1.78639e-08
0.3926000E+01 -2.07902e-08
0.3928000E+01 9.43512e-09
0.3930000E+01 -6.27887e-09
0.3932000E+01 -1.0791e-08
0.3934000E+01 -1.65532e-08
0.3936000E+01 -1.17263e-08
0.3938000E+01 -1.41805e-08
0.3940000E+01 2.29213e-08
0.3942000E+01 -1.12862e-08
0.3944000E+01 -7.8681e-09
0.3946000E+01 -1.04259e-08
0.3948000E+01 -1.42443e-08
0.3950000E+01 -1.64856e-08
0.3952000E+01 5.4774e-10
0.3954000E+01 -1.3443e-08
0.3956000E+01 -1.87583e-08
0.3958000E+01 -1.95602e-08
0.3960000E+01 -1.87659e-08
0.3962000E+01 1.35597e-09
0.3964000E+01 -8.6458e-09
0.3966000E+01 -6.47405e-09
0.3968000E+01 -9.76772e-09
0.3970000E+01 5.38968e-09
0.3972000E+01 -9.54831e-10
0.3974000E+01 -3.39687e-09
0.3976000E+01 -2.87445e-09
0.3978000E+01 -5.68358e-08
0.3980000E+01 -2.43783e-08
0.3982000E+01 -3.19138e-08
0.3984000E+01 -1.27586e-08
0.3986000E+01 3.88584e-08
0.3988000E+01 6.00882e-10
0.3990000E+01 1.63262e-09
0.3992000E+01 -3.45209e-08
0.3994000E+01 -1.99083e-08
0.3996000E+01 -1.6075e-08
0.3998000E+01 5.67643e-09
0.4000000E+01 -2.85759e-09
