0.0000000E+00 0
0.2000000E-02 0
0.4000000E-02 0
0.6000000E-02 0
0.8000000E-02 0
0.1000000E-01 0
0.1200000E-01 0
0.1400000E-01 0
0.1600000E-01 0
0.1800000E-01 0
0.2000000E-01 0
0.2200000E-01 0
0.2400000E-01 0
0.2600000E-01 0
0.2800000E-01 0
0.3000000E-01 0
0.3200000E-01 0
0.3400000E-01 0
0.3600000E-01 0
0.3800000E-01 0
0.4000000E-01 0
0.4200000E-01 0
0.4400000E-01 0
0.4600000E-01 0
0.4800000E-01 0
0.5000000E-01 0
0.5200000E-01 0
0.5400000E-01 0
0.5600000E-01 0
0.5800000E-01 0
0.6000000E-01 0
0.6200000E-01 0
0.6400000E-01 0
0.6600000E-01 0
0.6800000E-01 0
0.7000000E-01 0
0.7200000E-01 0
0.7400000E-01 0
0.7600000E-01 0
0.7800000E-01 0
0.8000000E-01 0
0.8200000E-01 0
0.8400000E-01 0
0.8600000E-01 5.89839e-05
0.8800000E-01 5.37969e-05
0.9000000E-01 2.04845e-05
0.9200000E-01 5.145e-06
0.9400000E-01 2.57577e-06
0.9600000E-01 7.36822e-07
0.9800000E-01 -9.56151e-07
0.1000000E+00 -1.85954e-06
0.1020000E+00 -1.65751e-06
0.1040000E+00 -7.94981e-07
0.1060000E+00 5.89443e-08
0.1080000E+00 1.84088e-08
0.1100000E+00 -2.74545e-06
0.1120000E+00 -2.02897e-06
0.1140000E+00 -1.21388e-06
0.1160000E+00 -3.40305e-07
0.1180000E+00 8.49415e-07
0.1200000E+00 4.19484e-06
0.1220000E+00 6.19197e-07
0.1240000E+00 -3.14449e-06
0.1260000E+00 -3.11692e-06
0.1280000E+00 -2.05836e-06
0.1300000E+00 -1.93599e-06
0.1320000E+00 -1.9783e-06
0.1340000E+00 -1.50159e-06
0.1360000E+00 -3.08662e-07
0.1380000E+00 -1.11638e-07
0.1400000E+00 -9.59478e-08
0.1420000E+00 -9.4127e-08
0.1440000E+00 -3.74349e-07
0.1460000E+00 -4.90877e-07
0.1480000E+00 -3.55488e-07
0.1500000E+00 -2.1948e-07
0.1520000E+00 -2.51781e-07
0.1540000E+00 -3.22061e-07
0.1560000E+00 -4.07657e-07
0.1580000E+00 -5.02275e-07
0.1600000E+00 -6.00091e-07
0.1620000E+00 -7.09407e-07
0.1640000E+00 -9.98967e-07
0.1660000E+00 -9.8546e-07
0.1680000E+00 1.20275e-07
0.1700000E+00 2.1421e-07
0.1720000E+00 3.0265e-07
0.1740000E+00 3.85719e-07
0.1760000E+00 -9.86119e-07
0.1780000E+00 -6.75278e-07
0.1800000E+00 -6.31852e-07
0.1820000E+00 -6.28726e-07
0.1840000E+00 -6.16845e-07
0.1860000E+00 -6.04437e-07
0.1880000E+00 -5.80309e-07
0.1900000E+00 -5.80404e-07
0.1920000E+00 -4.82026e-07
0.1940000E+00 7.75957e-08
0.1960000E+00 3.21288e-08
0.1980000E+00 -1.56992e-08
0.2000000E+00 -6.72127e-08
0.2020000E+00 -1.22488e-07
0.2040000E+00 -1.81605e-07
0.2060000E+00 -2.44643e-07
0.2080000E+00 -3.10018e-07
0.2100000E+00 -4.50442e-07
0.2120000E+00 -5.60687e-07
0.2140000E+00 -5.06251e-07
0.2160000E+00 -4.57525e-07
0.2180000E+00 -4.50253e-07
0.2200000E+00 -4.5826e-07
0.2220000E+00 -3.85813e-07
0.2240000E+00 4.8172e-08
0.2260000E+00 1.11617e-07
0.2280000E+00 1.56059e-07
0.2300000E+00 1.84173e-09
0.2320000E+00 -4.30668e-07
0.2340000E+00 -4.12795e-07
0.2360000E+00 -4.03124e-07
0.2380000E+00 -3.76061e-07
0.2400000E+00 -3.50621e-07
0.2420000E+00 -3.55996e-07
0.2440000E+00 -3.61458e-07
0.2460000E+00 -3.88774e-07
0.2480000E+00 -4.20724e-07
0.2500000E+00 -3.00923e-07
0.2520000E+00 3.42593e-09
0.2540000E+00 -3.08286e-08
0.2560000E+00 -7.06436e-08
0.2580000E+00 -1.17164e-07
0.2600000E+00 -1.66813e-07
0.2620000E+00 -2.56843e-07
0.2640000E+00 -3.14529e-07
0.2660000E+00 -2.83754e-07
0.2680000E+00 -2.81974e-07
0.2700000E+00 -2.23533e-07
0.2720000E+00 -2.15729e-07
0.2740000E+00 -2.17294e-07
0.2760000E+00 -2.19524e-07
0.2780000E+00 -2.19477e-07
0.2800000E+00 1.08326e-07
0.2820000E+00 2.85446e-08
0.2840000E+00 -2.29422e-07
0.2860000E+00 -1.74035e-07
0.2880000E+00 -2.0704e-07
0.2900000E+00 -2.54819e-07
0.2920000E+00 -2.64363e-07
0.2940000E+00 -2.71583e-07
0.2960000E+00 -2.78864e-07
0.2980000E+00 -2.87024e-07
0.3000000E+00 -2.95156e-07
0.3020000E+00 -2.98797e-07
0.3040000E+00 -3.07245e-07
0.3060000E+00 -2.44033e-08
0.3080000E+00 -4.92556e-08
0.3100000E+00 -7.55301e-08
0.3120000E+00 -1.03465e-07
0.3140000E+00 -1.27281e-07
0.3160000E+00 -4.14888e-08
0.3180000E+00 -1.91452e-08
0.3200000E+00 -7.97224e-08
0.3220000E+00 -1.41827e-07
0.3240000E+00 -1.47178e-07
0.3260000E+00 -1.51077e-07
0.3280000E+00 -1.55165e-07
0.3300000E+00 -2.24814e-07
0.3320000E+00 -5.48646e-07
0.3340000E+00 -8.43108e-08
0.3360000E+00 1.55639e-07
0.3380000E+00 -1.02077e-07
0.3400000E+00 -1.8529e-07
0.3420000E+00 -1.84569e-07
0.3440000E+00 -1.83482e-07
0.3460000E+00 -1.8093e-07
0.3480000E+00 -1.85575e-07
0.3500000E+00 -2.06172e-07
0.3520000E+00 -2.13492e-07
0.3540000E+00 -2.2098e-07
0.3560000E+00 -8.17465e-08
0.3580000E+00 -4.4348e-08
0.3600000E+00 1.23871e-07
0.3620000E+00 2.53406e-09
0.3640000E+00 -4.34454e-08
0.3660000E+00 -6.65145e-08
0.3680000E+00 -4.78819e-08
0.3700000E+00 -5.62824e-08
0.3720000E+00 -6.97887e-08
0.3740000E+00 -1.26169e-07
0.3760000E+00 -4.78838e-07
0.3780000E+00 -2.60597e-07
0.3800000E+00 -2.69716e-07
0.3820000E+00 -2.75585e-07
0.3840000E+00 6.66181e-07
0.3860000E+00 -1.43901e-07
0.3880000E+00 -1.34204e-07
0.3900000E+00 -1.36166e-07
0.3920000E+00 -1.3746e-07
0.3940000E+00 -1.41035e-07
0.3960000E+00 -1.48837e-07
0.3980000E+00 -1.5212e-07
0.4000000E+00 -1.55048e-07
0.4020000E+00 -9.16238e-08
0.4040000E+00 7.54274e-08
0.4060000E+00 7.37061e-08
0.4080000E+00 7.06093e-08
0.4100000E+00 6.72047e-08
0.4120000E+00 4.92667e-08
0.4140000E+00 -2.10946e-07
0.4160000E+00 -2.18637e-07
0.4180000E+00 -2.27776e-07
0.4200000E+00 -2.12459e-07
0.4220000E+00 -2.17831e-07
0.4240000E+00 -1.95194e-07
0.4260000E+00 -2.00851e-08
0.4280000E+00 3.36336e-08
0.4300000E+00 1.61713e-09
0.4320000E+00 -3.72164e-08
0.4340000E+00 -9.69705e-08
0.4360000E+00 -9.59176e-08
0.4380000E+00 -9.48985e-08
0.4400000E+00 -9.16867e-08
0.4420000E+00 -9.186e-08
0.4440000E+00 -9.88029e-08
0.4460000E+00 -4.18877e-08
0.4480000E+00 2.57434e-07
0.4500000E+00 -1.23212e-07
0.4520000E+00 -1.34934e-07
0.4540000E+00 -1.58448e-07
0.4560000E+00 -1.35788e-07
0.4580000E+00 -1.26515e-07
0.4600000E+00 -1.28183e-07
0.4620000E+00 -1.29557e-07
0.4640000E+00 -1.2325e-07
0.4660000E+00 -2.21857e-09
0.4680000E+00 -1.12087e-08
0.4700000E+00 -1.44598e-09
0.4720000E+00 -1.72896e-08
0.4740000E+00 -2.52791e-08
0.4760000E+00 -3.0108e-08
0.4780000E+00 -4.14731e-08
0.4800000E+00 -1.29138e-07
0.4820000E+00 -3.24736e-07
0.4840000E+00 -2.96579e-07
0.4860000E+00 3.42284e-07
0.4880000E+00 -8.06567e-08
0.4900000E+00 -2.82784e-08
0.4920000E+00 -3.38492e-08
0.4940000E+00 -4.58568e-08
0.4960000E+00 -6.61847e-08
0.4980000E+00 -5.64059e-08
0.5000000E+00 1.04376e-08
0.5020000E+00 5.27898e-08
0.5040000E+00 5.64652e-08
0.5060000E+00 6.32016e-08
0.5080000E+00 -6.5141e-08
0.5100000E+00 -3.10754e-07
0.5120000E+00 -1.84938e-07
0.5140000E+00 -1.83476e-07
0.5160000E+00 -1.87527e-08
0.5180000E+00 -1.08737e-08
0.5200000E+00 -2.35138e-08
0.5220000E+00 -2.91753e-08
0.5240000E+00 -5.1297e-08
0.5260000E+00 -5.58088e-08
0.5280000E+00 -5.01772e-08
0.5300000E+00 -4.1888e-08
0.5320000E+00 1.67684e-07
0.5340000E+00 -6.22716e-08
0.5360000E+00 -1.10219e-07
0.5380000E+00 -1.16549e-07
0.5400000E+00 -1.10487e-07
0.5420000E+00 -8.06404e-08
0.5440000E+00 4.03676e-08
0.5460000E+00 3.58362e-08
0.5480000E+00 3.18343e-08
0.5500000E+00 3.30684e-08
0.5520000E+00 3.21616e-08
0.5540000E+00 -3.59941e-07
0.5560000E+00 -1.26441e-07
0.5580000E+00 -3.15833e-08
0.5600000E+00 -2.94321e-08
0.5620000E+00 -8.28797e-08
0.5640000E+00 -7.426e-08
0.5660000E+00 -6.43421e-08
0.5680000E+00 1.23684e-07
0.5700000E+00 2.77766e-07
0.5720000E+00 -3.05466e-07
0.5740000E+00 -1.79254e-07
0.5760000E+00 4.40101e-08
0.5780000E+00 5.83137e-08
0.5800000E+00 2.55726e-08
0.5820000E+00 1.67321e-08
0.5840000E+00 5.83234e-09
0.5860000E+00 -1.82203e-07
0.5880000E+00 -3.79806e-09
0.5900000E+00 -1.14781e-07
0.5920000E+00 -8.72752e-08
0.5940000E+00 7.34933e-08
0.5960000E+00 1.66718e-07
0.5980000E+00 -7.18838e-07
0.6000000E+00 -3.90226e-08
0.6020000E+00 -8.05277e-08
0.6040000E+00 -1.17993e-07
0.6060000E+00 -1.02139e-07
0.6080000E+00 -3.26522e-07
0.6100000E+00 -1.16606e-07
0.6120000E+00 2.15777e-09
0.6140000E+00 -1.02345e-08
0.6160000E+00 -3.50693e-07
0.6180000E+00 -4.18976e-07
0.6200000E+00 3.73155e-07
0.6220000E+00 -2.11532e-07
0.6240000E+00 -1.13649e-06
0.6260000E+00 -4.47174e-07
0.6280000E+00 -1.8459e-06
0.6300000E+00 1.26289e-07
0.6320000E+00 3.11029e-06
0.6340000E+00 -1.2784e-06
0.6360000E+00 1.09157e-06
0.6380000E+00 -4.18132e-07
0.6400000E+00 -1.0843e-07
0.6420000E+00 -6.61506e-07
0.6440000E+00 9.41486e-08
0.6460000E+00 -3.13953e-07
0.6480000E+00 -1.64512e-07
0.6500000E+00 -2.76249e-07
0.6520000E+00 -3.11565e-07
0.6540000E+00 3.73148e-07
0.6560000E+00 -1.7224e-07
0.6580000E+00 2.93498e-07
0.6600000E+00 7.52325e-08
0.6620000E+00 -1.14418e-07
0.6640000E+00 -1.42409e-07
0.6660000E+00 1.27855e-09
0.6680000E+00 2.74555e-07
0.6700000E+00 -1.5852e-07
0.6720000E+00 1.68745e-07
0.6740000E+00 4.01118e-08
0.6760000E+00 3.91759e-08
0.6780000E+00 -2.17984e-08
0.6800000E+00 -7.74815e-08
0.6820000E+00 -8.70211e-08
0.6840000E+00 1.08152e-07
0.6860000E+00 5.54013e-08
0.6880000E+00 5.14809e-08
0.6900000E+00 7.09345e-10
0.6920000E+00 -3.3143e-08
0.6940000E+00 -1.38274e-08
0.6960000E+00 1.33337e-08
0.6980000E+00 9.73631e-08
0.7000000E+00 1.76856e-08
0.7020000E+00 -1.97275e-09
0.7040000E+00 3.01168e-09
0.7060000E+00 1.0115e-07
0.7080000E+00 6.33411e-08
0.7100000E+00 4.16268e-08
0.7120000E+00 6.89175e-09
0.7140000E+00 1.16217e-08
0.7160000E+00 1.40705e-08
0.7180000E+00 -2.20066e-08
0.7200000E+00 -1.18102e-08
0.7220000E+00 -1.28028e-08
0.7240000E+00 -1.31924e-08
0.7260000E+00 -9.52955e-09
0.7280000E+00 -9.8431e-09
0.7300000E+00 5.70076e-08
0.7320000E+00 3.28412e-08
0.7340000E+00 2.79935e-08
0.7360000E+00 4.76143e-08
0.7380000E+00 -3.60948e-08
0.7400000E+00 3.38858e-08
0.7420000E+00 2.24792e-08
0.7440000E+00 1.77558e-08
0.7460000E+00 1.25026e-08
0.7480000E+00 8.50576e-09
0.7500000E+00 4.48358e-09
0.7520000E+00 4.67296e-09
0.7540000E+00 1.85687e-09
0.7560000E+00 4.44926e-09
0.7580000E+00 3.09288e-08
0.7600000E+00 4.00357e-08
0.7620000E+00 2.61967e-08
0.7640000E+00 2.02141e-08
0.7660000E+00 2.00667e-08
0.7680000E+00 -4.63201e-08
0.7700000E+00 -1.59843e-08
0.7720000E+00 -1.3768e-08
0.7740000E+00 -1.32199e-08
0.7760000E+00 2.24016e-08
0.7780000E+00 5.20775e-08
0.7800000E+00 2.56167e-08
0.7820000E+00 1.60357e-08
0.7840000E+00 1.55181e-08
0.7860000E+00 1.53238e-08
0.7880000E+00 1.14052e-08
0.7900000E+00 3.0933e-08
0.7920000E+00 3.93845e-08
0.7940000E+00 2.88502e-08
0.7960000E+00 2.31774e-08
0.7980000E+00 1.90558e-08
0.8000000E+00 1.62605e-08
0.8020000E+00 -3.13655e-08
0.8040000E+00 -3.05874e-08
0.8060000E+00 -9.75055e-09
0.8080000E+00 -1.04276e-08
0.8100000E+00 -1.23741e-08
0.8120000E+00 -1.14742e-08
0.8140000E+00 1.22986e-08
0.8160000E+00 5.61043e-08
0.8180000E+00 3.99084e-08
0.8200000E+00 2.08158e-08
0.8220000E+00 2.04871e-08
0.8240000E+00 1.94791e-08
0.8260000E+00 4.19093e-08
0.8280000E+00 1.93327e-08
0.8300000E+00 1.41153e-08
0.8320000E+00 9.10197e-09
0.8340000E+00 1.09211e-08
0.8360000E+00 1.3205e-08
0.8380000E+00 1.92108e-08
0.8400000E+00 -3.63093e-08
0.8420000E+00 -1.39583e-08
0.8440000E+00 -6.06974e-09
0.8460000E+00 -7.69119e-09
0.8480000E+00 -5.1159e-09
0.8500000E+00 -5.92996e-09
0.8520000E+00 4.69405e-09
0.8540000E+00 3.50516e-08
0.8560000E+00 4.42743e-08
0.8580000E+00 4.09261e-08
0.8600000E+00 2.57888e-08
0.8620000E+00 2.10839e-08
0.8640000E+00 3.08382e-08
0.8660000E+00 1.99751e-08
0.8680000E+00 1.7791e-08
0.8700000E+00 1.65891e-08
0.8720000E+00 1.54718e-08
0.8740000E+00 1.35534e-08
0.8760000E+00 1.16288e-08
0.8780000E+00 1.04199e-08
0.8800000E+00 7.50655e-09
0.8820000E+00 -1.78329e-08
0.8840000E+00 -1.67503e-08
0.8860000E+00 -1.25241e-08
0.8880000E+00 -1.08849e-08
0.8900000E+00 -1.8352e-09
0.8920000E+00 3.84103e-08
0.8940000E+00 5.16302e-08
0.8960000E+00 7.90101e-09
0.8980000E+00 1.52379e-08
0.9000000E+00 2.15906e-08
0.9020000E+00 2.42417e-08
0.9040000E+00 2.69546e-08
0.9060000E+00 2.03633e-08
0.9080000E+00 1.41899e-08
0.9100000E+00 1.13479e-08
0.9120000E+00 9.96192e-09
0.9140000E+00 7.98992e-09
0.9160000E+00 6.54492e-09
0.9180000E+00 3.02224e-08
0.9200000E+00 1.03547e-08
0.9220000E+00 9.55175e-09
0.9240000E+00 8.36409e-09
0.9260000E+00 -7.8587e-09
0.9280000E+00 1.08984e-08
0.9300000E+00 4.64147e-08
0.9320000E+00 4.51178e-08
0.9340000E+00 3.10899e-08
0.9360000E+00 2.14183e-08
0.9380000E+00 1.33436e-08
0.9400000E+00 1.06041e-08
0.9420000E+00 9.44907e-09
0.9440000E+00 8.06847e-09
0.9460000E+00 1.08018e-08
0.9480000E+00 1.81746e-08
0.9500000E+00 1.61711e-08
0.9520000E+00 1.33707e-08
0.9540000E+00 7.23816e-09
0.9560000E+00 7.16718e-09
0.9580000E+00 1.02513e-08
0.9600000E+00 5.34895e-09
0.9620000E+00 3.9307e-09
0.9640000E+00 1.12245e-08
0.9660000E+00 5.13828e-08
0.9680000E+00 6.71673e-08
0.9700000E+00 4.39703e-08
0.9720000E+00 1.04973e-08
0.9740000E+00 2.03243e-08
0.9760000E+00 1.90153e-08
0.9780000E+00 1.73675e-08
0.9800000E+00 3.24785e-08
0.9820000E+00 2.03541e-08
0.9840000E+00 1.8904e-08
0.9860000E+00 1.57351e-08
0.9880000E+00 1.2928e-08
0.9900000E+00 1.36026e-08
0.9920000E+00 1.06764e-08
0.9940000E+00 8.48601e-09
0.9960000E+00 6.58546e-09
0.9980000E+00 5.24695e-09
0.1000000E+01 3.45138e-09
0.1002000E+01 4.34417e-08
0.1004000E+01 7.2694e-08
0.1006000E+01 4.64128e-08
0.1008000E+01 3.44956e-08
0.1010000E+01 3.85082e-08
0.1012000E+01 4.29805e-08
0.1014000E+01 3.78845e-08
0.1016000E+01 3.55577e-08
0.1018000E+01 2.69701e-08
0.1020000E+01 9.94432e-09
0.1022000E+01 1.34269e-08
0.1024000E+01 1.4484e-08
0.1026000E+01 1.51331e-08
0.1028000E+01 1.36905e-08
0.1030000E+01 1.25205e-08
0.1032000E+01 1.18751e-08
0.1034000E+01 1.13151e-08
0.1036000E+01 1.96316e-08
0.1038000E+01 5.15322e-08
0.1040000E+01 7.69369e-08
0.1042000E+01 6.64929e-08
0.1044000E+01 5.48079e-08
0.1046000E+01 4.57823e-08
0.1048000E+01 3.61392e-08
0.1050000E+01 3.4829e-08
0.1052000E+01 3.27786e-08
0.1054000E+01 3.12718e-08
0.1056000E+01 2.98779e-08
0.1058000E+01 2.80372e-08
0.1060000E+01 2.40582e-08
0.1062000E+01 2.02451e-08
0.1064000E+01 1.76673e-08
0.1066000E+01 1.55684e-08
0.1068000E+01 1.38707e-08
0.1070000E+01 1.11981e-08
0.1072000E+01 3.77758e-08
0.1074000E+01 8.69163e-08
0.1076000E+01 9.61151e-08
0.1078000E+01 5.64153e-08
0.1080000E+01 6.13677e-08
0.1082000E+01 5.4124e-08
0.1084000E+01 5.35355e-08
0.1086000E+01 4.51772e-08
0.1088000E+01 3.59465e-08
0.1090000E+01 3.21723e-08
0.1092000E+01 2.96053e-08
0.1094000E+01 2.84082e-08
0.1096000E+01 2.74788e-08
0.1098000E+01 2.61269e-08
0.1100000E+01 2.49762e-08
0.1102000E+01 2.38251e-08
0.1104000E+01 2.23998e-08
0.1106000E+01 3.65459e-08
0.1108000E+01 6.7104e-08
0.1110000E+01 8.56445e-08
0.1112000E+01 7.46555e-08
0.1114000E+01 6.4736e-08
0.1116000E+01 5.22174e-08
0.1118000E+01 4.59444e-08
0.1120000E+01 4.27188e-08
0.1122000E+01 3.71509e-08
0.1124000E+01 3.78894e-08
0.1126000E+01 4.61667e-08
0.1128000E+01 4.95043e-08
0.1130000E+01 4.19175e-08
0.1132000E+01 3.59832e-08
0.1134000E+01 3.24428e-08
0.1136000E+01 3.06851e-08
0.1138000E+01 2.89992e-08
0.1140000E+01 2.71412e-08
0.1142000E+01 1.00212e-07
0.1144000E+01 1.2077e-07
0.1146000E+01 7.15426e-08
0.1148000E+01 6.94735e-08
0.1150000E+01 7.95494e-08
0.1152000E+01 7.04533e-08
0.1154000E+01 6.48163e-08
0.1156000E+01 5.43861e-08
0.1158000E+01 4.84806e-08
0.1160000E+01 4.57996e-08
0.1162000E+01 4.3336e-08
0.1164000E+01 4.13924e-08
0.1166000E+01 4.00366e-08
0.1168000E+01 3.85867e-08
0.1170000E+01 3.71479e-08
0.1172000E+01 3.58119e-08
0.1174000E+01 5.95598e-08
0.1176000E+01 9.9694e-08
0.1178000E+01 1.18158e-07
0.1180000E+01 1.03713e-07
0.1182000E+01 8.38936e-08
0.1184000E+01 6.71347e-08
0.1186000E+01 6.57149e-08
0.1188000E+01 7.30905e-08
0.1190000E+01 7.08242e-08
0.1192000E+01 6.32264e-08
0.1194000E+01 6.01795e-08
0.1196000E+01 5.7217e-08
0.1198000E+01 5.40127e-08
0.1200000E+01 4.96521e-08
0.1202000E+01 4.55192e-08
0.1204000E+01 4.25166e-08
0.1206000E+01 4.02363e-08
0.1208000E+01 1.19143e-07
0.1210000E+01 1.40621e-07
0.1212000E+01 8.86481e-08
0.1214000E+01 8.70658e-08
0.1216000E+01 8.49466e-08
0.1218000E+01 7.89869e-08
0.1220000E+01 7.24576e-08
0.1222000E+01 6.40663e-08
0.1224000E+01 5.71434e-08
0.1226000E+01 6.75151e-08
0.1228000E+01 5.89489e-08
0.1230000E+01 5.6569e-08
0.1232000E+01 5.44847e-08
0.1234000E+01 5.53506e-08
0.1236000E+01 6.00683e-08
0.1238000E+01 6.60871e-08
0.1240000E+01 1.02729e-07
0.1242000E+01 1.44396e-07
0.1244000E+01 1.29995e-07
0.1246000E+01 1.02236e-07
0.1248000E+01 8.23148e-08
0.1250000E+01 7.88798e-08
0.1252000E+01 7.69425e-08
0.1254000E+01 7.43659e-08
0.1256000E+01 7.22187e-08
0.1258000E+01 7.03106e-08
0.1260000E+01 6.7454e-08
0.1262000E+01 6.3163e-08
0.1264000E+01 6.56401e-08
0.1266000E+01 6.48316e-08
0.1268000E+01 6.00859e-08
0.1270000E+01 5.62096e-08
0.1272000E+01 1.54628e-07
0.1274000E+01 1.81332e-07
0.1276000E+01 1.16229e-07
0.1278000E+01 1.14335e-07
0.1280000E+01 1.12651e-07
0.1282000E+01 1.05502e-07
0.1284000E+01 9.3029e-08
0.1286000E+01 8.10523e-08
0.1288000E+01 7.98347e-08
0.1290000E+01 8.51502e-08
0.1292000E+01 7.91429e-08
0.1294000E+01 7.62896e-08
0.1296000E+01 7.409e-08
0.1298000E+01 7.25714e-08
0.1300000E+01 6.96485e-08
0.1302000E+01 1.13279e-07
0.1304000E+01 1.75069e-07
0.1306000E+01 1.86874e-07
0.1308000E+01 1.45794e-07
0.1310000E+01 1.02203e-07
0.1312000E+01 9.57915e-08
0.1314000E+01 9.37357e-08
0.1316000E+01 9.26079e-08
0.1318000E+01 9.09975e-08
0.1320000E+01 8.94925e-08
0.1322000E+01 8.36601e-08
0.1324000E+01 7.65505e-08
0.1326000E+01 7.13838e-08
0.1328000E+01 6.90702e-08
0.1330000E+01 6.74444e-08
0.1332000E+01 1.04122e-07
0.1334000E+01 1.49266e-07
0.1336000E+01 1.90196e-07
0.1338000E+01 1.28286e-07
0.1340000E+01 1.26615e-07
0.1342000E+01 1.21284e-07
0.1344000E+01 1.19092e-07
0.1346000E+01 1.02834e-07
0.1348000E+01 9.75617e-08
0.1350000E+01 9.46904e-08
0.1352000E+01 9.10869e-08
0.1354000E+01 8.90841e-08
0.1356000E+01 8.76307e-08
0.1358000E+01 8.61023e-08
0.1360000E+01 8.44686e-08
0.1362000E+01 1.35282e-07
0.1364000E+01 2.11042e-07
0.1366000E+01 2.12888e-07
0.1368000E+01 1.59521e-07
0.1370000E+01 1.38353e-07
0.1372000E+01 1.2685e-07
0.1374000E+01 1.25596e-07
0.1376000E+01 1.19236e-07
0.1378000E+01 8.37048e-08
0.1380000E+01 7.80753e-08
0.1382000E+01 8.23342e-08
0.1384000E+01 8.55814e-08
0.1386000E+01 8.61824e-08
0.1388000E+01 8.09802e-08
0.1390000E+01 8.93692e-08
0.1392000E+01 1.70512e-07
0.1394000E+01 2.18545e-07
0.1396000E+01 1.74455e-07
0.1398000E+01 1.51044e-07
0.1400000E+01 1.37166e-07
0.1402000E+01 1.27827e-07
0.1404000E+01 1.24595e-07
0.1406000E+01 1.17241e-07
0.1408000E+01 1.10279e-07
0.1410000E+01 1.07753e-07
0.1412000E+01 1.03158e-07
0.1414000E+01 1.00024e-07
0.1416000E+01 9.76605e-08
0.1418000E+01 9.35794e-08
0.1420000E+01 2.03494e-07
0.1422000E+01 2.39202e-07
0.1424000E+01 1.73888e-07
0.1426000E+01 1.78936e-07
0.1428000E+01 1.65523e-07
0.1430000E+01 1.48933e-07
0.1432000E+01 9.6129e-08
0.1434000E+01 7.6901e-08
0.1436000E+01 9.37304e-08
0.1438000E+01 9.68489e-08
0.1440000E+01 9.56075e-08
0.1442000E+01 8.99146e-08
0.1444000E+01 8.83991e-08
0.1446000E+01 9.78106e-08
0.1448000E+01 1.63597e-07
0.1450000E+01 2.37962e-07
0.1452000E+01 1.94737e-07
0.1454000E+01 1.4471e-07
0.1456000E+01 1.34296e-07
0.1458000E+01 1.32881e-07
0.1460000E+01 1.314e-07
0.1462000E+01 1.3016e-07
0.1464000E+01 1.28141e-07
0.1466000E+01 1.27055e-07
0.1468000E+01 1.12187e-07
0.1470000E+01 1.10512e-07
0.1472000E+01 1.08098e-07
0.1474000E+01 1.49865e-07
0.1476000E+01 2.23781e-07
0.1478000E+01 2.03489e-07
0.1480000E+01 1.20614e-07
0.1482000E+01 1.24799e-07
0.1484000E+01 1.25882e-07
0.1486000E+01 1.21992e-07
0.1488000E+01 1.16415e-07
0.1490000E+01 1.0595e-07
0.1492000E+01 1.00219e-07
0.1494000E+01 1.00816e-07
0.1496000E+01 1.00636e-07
0.1498000E+01 9.57686e-08
0.1500000E+01 8.40124e-08
0.1502000E+01 2.13599e-07
0.1504000E+01 2.59234e-07
0.1506000E+01 1.84522e-07
0.1508000E+01 1.9154e-07
0.1510000E+01 1.74112e-07
0.1512000E+01 1.45034e-07
0.1514000E+01 1.28946e-07
0.1516000E+01 1.28156e-07
0.1518000E+01 1.27157e-07
0.1520000E+01 8.81553e-08
0.1522000E+01 5.21442e-08
0.1524000E+01 6.57695e-08
0.1526000E+01 8.13875e-08
0.1528000E+01 1.68843e-07
0.1530000E+01 2.28701e-07
0.1532000E+01 1.66607e-07
0.1534000E+01 1.30404e-07
0.1536000E+01 1.21401e-07
0.1538000E+01 1.20065e-07
0.1540000E+01 1.19922e-07
0.1542000E+01 1.18018e-07
0.1544000E+01 1.14573e-07
0.1546000E+01 1.09305e-07
0.1548000E+01 1.08985e-07
0.1550000E+01 8.09939e-08
0.1552000E+01 1.11996e-07
0.1554000E+01 1.97034e-07
0.1556000E+01 2.38455e-07
0.1558000E+01 1.55046e-07
0.1560000E+01 9.42452e-08
0.1562000E+01 9.57483e-08
0.1564000E+01 1.07762e-07
0.1566000E+01 1.01389e-07
0.1568000E+01 8.93442e-08
0.1570000E+01 9.2386e-08
0.1572000E+01 9.09795e-08
0.1574000E+01 8.78691e-08
0.1576000E+01 8.6264e-08
0.1578000E+01 1.79429e-07
0.1580000E+01 2.28739e-07
0.1582000E+01 1.91536e-07
0.1584000E+01 1.66388e-07
0.1586000E+01 1.56827e-07
0.1588000E+01 1.51529e-07
0.1590000E+01 1.38733e-07
0.1592000E+01 1.27789e-07
0.1594000E+01 7.2208e-08
0.1596000E+01 4.55177e-08
0.1598000E+01 4.76713e-08
0.1600000E+01 5.38135e-08
0.1602000E+01 1.21525e-07
0.1604000E+01 1.373e-07
0.1606000E+01 1.18946e-07
0.1608000E+01 1.58821e-07
0.1610000E+01 1.58032e-07
0.1612000E+01 1.58282e-07
0.1614000E+01 1.39121e-07
0.1616000E+01 1.40112e-07
0.1618000E+01 1.35635e-07
0.1620000E+01 1.34248e-07
0.1622000E+01 1.32331e-07
0.1624000E+01 1.24235e-07
0.1626000E+01 6.43749e-09
0.1628000E+01 1.82766e-07
0.1630000E+01 1.9113e-07
0.1632000E+01 1.52246e-07
0.1634000E+01 1.46574e-07
0.1636000E+01 1.46681e-07
0.1638000E+01 1.3031e-07
0.1640000E+01 1.26556e-07
0.1642000E+01 8.90843e-08
0.1644000E+01 7.98281e-08
0.1646000E+01 9.03693e-08
0.1648000E+01 1.05595e-07
0.1650000E+01 1.89597e-07
0.1652000E+01 2.6812e-07
0.1654000E+01 2.22754e-07
0.1656000E+01 1.46912e-07
0.1658000E+01 1.06465e-07
0.1660000E+01 1.17598e-07
0.1662000E+01 1.05972e-07
0.1664000E+01 9.2185e-08
0.1666000E+01 8.45163e-08
0.1668000E+01 1.29563e-07
0.1670000E+01 1.27748e-07
0.1672000E+01 1.76925e-07
0.1674000E+01 2.64302e-07
0.1676000E+01 2.66177e-07
0.1678000E+01 2.12736e-07
0.1680000E+01 2.04259e-07
0.1682000E+01 2.03934e-07
0.1684000E+01 1.61264e-07
0.1686000E+01 1.25378e-07
0.1688000E+01 1.27509e-07
0.1690000E+01 1.10586e-07
0.1692000E+01 4.35597e-08
0.1694000E+01 1.2932e-07
0.1696000E+01 2.46415e-07
0.1698000E+01 2.62684e-07
0.1700000E+01 2.15924e-07
0.1702000E+01 2.03686e-07
0.1704000E+01 1.95441e-07
0.1706000E+01 1.94189e-07
0.1708000E+01 1.90984e-07
0.1710000E+01 1.83813e-07
0.1712000E+01 1.35999e-07
0.1714000E+01 1.09909e-07
0.1716000E+01 1.75451e-07
0.1718000E+01 2.60881e-07
0.1720000E+01 2.39526e-07
0.1722000E+01 2.02362e-07
0.1724000E+01 1.94248e-07
0.1726000E+01 2.15609e-07
0.1728000E+01 2.05154e-07
0.1730000E+01 2.04604e-07
0.1732000E+01 2.08441e-07
0.1734000E+01 2.03213e-07
0.1736000E+01 1.25024e-07
0.1738000E+01 2.19419e-07
0.1740000E+01 2.66776e-07
0.1742000E+01 2.23185e-07
0.1744000E+01 2.28447e-07
0.1746000E+01 2.31041e-07
0.1748000E+01 2.00168e-07
0.1750000E+01 1.96819e-07
0.1752000E+01 1.96181e-07
0.1754000E+01 1.95319e-07
0.1756000E+01 1.95895e-07
0.1758000E+01 2.16928e-07
0.1760000E+01 2.84857e-07
0.1762000E+01 2.38327e-07
0.1764000E+01 2.41785e-07
0.1766000E+01 2.34693e-07
0.1768000E+01 2.2904e-07
0.1770000E+01 2.2603e-07
0.1772000E+01 2.29218e-07
0.1774000E+01 2.27995e-07
0.1776000E+01 1.51307e-07
0.1778000E+01 2.51415e-07
0.1780000E+01 3.59898e-07
0.1782000E+01 3.18421e-07
0.1784000E+01 2.79108e-07
0.1786000E+01 2.53415e-07
0.1788000E+01 2.47982e-07
0.1790000E+01 2.38598e-07
0.1792000E+01 2.3667e-07
0.1794000E+01 2.29267e-07
0.1796000E+01 2.12663e-07
0.1798000E+01 3.23868e-07
0.1800000E+01 3.74746e-07
0.1802000E+01 3.23489e-07
0.1804000E+01 2.95878e-07
0.1806000E+01 2.77484e-07
0.1808000E+01 2.84309e-07
0.1810000E+01 2.87176e-07
0.1812000E+01 2.69425e-07
0.1814000E+01 2.13153e-07
0.1816000E+01 2.76205e-07
0.1818000E+01 3.61704e-07
0.1820000E+01 3.4415e-07
0.1822000E+01 3.21075e-07
0.1824000E+01 3.2699e-07
0.1826000E+01 3.35984e-07
0.1828000E+01 3.25124e-07
0.1830000E+01 3.10427e-07
0.1832000E+01 3.07881e-07
0.1834000E+01 3.26034e-07
0.1836000E+01 4.00014e-07
0.1838000E+01 4.08032e-07
0.1840000E+01 3.81659e-07
0.1842000E+01 3.82177e-07
0.1844000E+01 4.10601e-07
0.1846000E+01 2.89401e-07
0.1848000E+01 3.37764e-07
0.1850000E+01 3.49679e-07
0.1852000E+01 3.97381e-07
0.1854000E+01 4.58111e-07
0.1856000E+01 4.3094e-07
0.1858000E+01 4.09829e-07
0.1860000E+01 4.21762e-07
0.1862000E+01 4.70979e-07
0.1864000E+01 4.6767e-07
0.1866000E+01 4.47521e-07
0.1868000E+01 4.42436e-07
0.1870000E+01 5.35445e-07
0.1872000E+01 4.67734e-07
0.1874000E+01 4.21828e-07
0.1876000E+01 4.40337e-07
0.1878000E+01 5.34532e-07
0.1880000E+01 5.514e-07
0.1882000E+01 5.26778e-07
0.1884000E+01 5.37252e-07
0.1886000E+01 5.81775e-07
0.1888000E+01 5.87749e-07
0.1890000E+01 5.66999e-07
0.1892000E+01 4.78733e-07
0.1894000E+01 6.59148e-07
0.1896000E+01 6.40866e-07
0.1898000E+01 5.6115e-07
0.1900000E+01 6.04326e-07
0.1902000E+01 6.21128e-07
0.1904000E+01 6.25284e-07
0.1906000E+01 6.3726e-07
0.1908000E+01 8.01502e-07
0.1910000E+01 8.42256e-07
0.1912000E+01 7.36181e-07
0.1914000E+01 7.30152e-07
0.1916000E+01 7.2267e-07
0.1918000E+01 5.41956e-07
0.1920000E+01 6.65756e-07
0.1922000E+01 5.81192e-07
0.1924000E+01 -4.37731e-07
0.1926000E+01 3.55252e-07
0.1928000E+01 2.9834e-06
0.1930000E+01 3.34626e-06
0.1932000E+01 2.3096e-06
0.1934000E+01 2.61262e-06
0.1936000E+01 1.08911e-06
0.1938000E+01 2.82447e-06
0.1940000E+01 1.51043e-06
0.1942000E+01 3.05091e-06
0.1944000E+01 3.60905e-06
0.1946000E+01 5.49207e-06
0.1948000E+01 4.00623e-06
0.1950000E+01 5.76026e-06
0.1952000E+01 5.15257e-06
0.1954000E+01 2.26647e-05
0.1956000E+01 -8.73507e-07
0.1958000E+01 -2.66635e-05
0.1960000E+01 -9.68767e-06
0.1962000E+01 -9.60534e-06
0.1964000E+01 -3.1203e-06
0.1966000E+01 -1.04603e-06
0.1968000E+01 -2.77419e-06
0.1970000E+01 -3.58942e-06
0.1972000E+01 -5.07093e-06
0.1974000E+01 -4.12197e-06
0.1976000E+01 -1.02419e-06
0.1978000E+01 -1.00513e-06
0.1980000E+01 -4.13101e-06
0.1982000E+01 -4.2179e-06
0.1984000E+01 -1.59248e-06
0.1986000E+01 -8.85754e-07
0.1988000E+01 -1.45634e-06
0.1990000E+01 -9.76611e-07
0.1992000E+01 -1.71827e-06
0.1994000E+01 -3.99152e-07
0.1996000E+01 -4.51673e-07
0.1998000E+01 1.19528e-07
0.2000000E+01 -5.64077e-07
0.2002000E+01 -5.85716e-07
0.2004000E+01 -6.10235e-07
0.2006000E+01 -6.50224e-07
0.2008000E+01 -6.91269e-07
0.2010000E+01 -7.585e-07
0.2012000E+01 -8.54447e-07
0.2014000E+01 -1.04256e-06
0.2016000E+01 -1.48743e-06
0.2018000E+01 -9.24252e-07
0.2020000E+01 -3.96576e-07
0.2022000E+01 -4.09509e-07
0.2024000E+01 -4.20773e-07
0.2026000E+01 -4.06369e-07
0.2028000E+01 -4.31861e-07
0.2030000E+01 2.83914e-08
0.2032000E+01 1.19945e-06
0.2034000E+01 2.00099e-06
0.2036000E+01 6.32421e-07
0.2038000E+01 -1.37438e-06
0.2040000E+01 -1.64567e-06
0.2042000E+01 -1.62501e-06
0.2044000E+01 -8.6002e-07
0.2046000E+01 -6.1901e-07
0.2048000E+01 -1.77169e-07
0.2050000E+01 7.70281e-07
0.2052000E+01 3.17737e-07
0.2054000E+01 -1.41385e-06
0.2056000E+01 -1.42785e-06
0.2058000E+01 -3.57239e-07
0.2060000E+01 -1.63582e-08
0.2062000E+01 -5.4404e-08
0.2064000E+01 -7.77735e-09
0.2066000E+01 -7.59014e-07
0.2068000E+01 -5.47332e-08
0.2070000E+01 -2.44382e-07
0.2072000E+01 -8.64896e-07
0.2074000E+01 -6.02065e-07
0.2076000E+01 -2.14117e-07
0.2078000E+01 -2.4051e-08
0.2080000E+01 -1.31591e-07
0.2082000E+01 -1.77638e-07
0.2084000E+01 -7.30599e-07
0.2086000E+01 -5.84241e-07
0.2088000E+01 -4.86656e-07
0.2090000E+01 -5.01191e-07
0.2092000E+01 -2.08448e-07
0.2094000E+01 3.65446e-07
0.2096000E+01 1.3424e-07
0.2098000E+01 -2.64273e-07
0.2100000E+01 -3.91653e-07
0.2102000E+01 -3.72088e-07
0.2104000E+01 -3.51629e-07
0.2106000E+01 -2.70011e-07
0.2108000E+01 -9.45659e-09
0.2110000E+01 8.86162e-08
0.2112000E+01 2.631e-08
0.2114000E+01 6.19722e-08
0.2116000E+01 -2.48665e-08
0.2118000E+01 -3.97697e-07
0.2120000E+01 -4.38372e-07
0.2122000E+01 -4.29617e-07
0.2124000E+01 -4.92607e-07
0.2126000E+01 -5.6867e-07
0.2128000E+01 -2.67051e-07
0.2130000E+01 1.19726e-07
0.2132000E+01 -1.66421e-08
0.2134000E+01 -2.71268e-07
0.2136000E+01 -2.50929e-07
0.2138000E+01 -2.88118e-07
0.2140000E+01 -3.24733e-07
0.2142000E+01 -2.81459e-07
0.2144000E+01 -7.59109e-08
0.2146000E+01 1.68297e-07
0.2148000E+01 1.04906e-07
0.2150000E+01 3.10738e-08
0.2152000E+01 -1.15974e-07
0.2154000E+01 -1.99553e-07
0.2156000E+01 -3.0599e-07
0.2158000E+01 -4.80013e-07
0.2160000E+01 -2.96386e-07
0.2162000E+01 -7.30313e-08
0.2164000E+01 -7.58324e-08
0.2166000E+01 -7.54888e-08
0.2168000E+01 -6.5984e-08
0.2170000E+01 -1.681e-07
0.2172000E+01 -2.95387e-07
0.2174000E+01 -3.43674e-07
0.2176000E+01 -3.63562e-07
0.2178000E+01 -4.55681e-07
0.2180000E+01 1.78294e-07
0.2182000E+01 8.61716e-08
0.2184000E+01 -1.88084e-07
0.2186000E+01 -2.02875e-07
0.2188000E+01 -1.9988e-07
0.2190000E+01 -2.01719e-07
0.2192000E+01 -1.05055e-07
0.2194000E+01 1.71585e-07
0.2196000E+01 2.09512e-07
0.2198000E+01 -9.13683e-08
0.2200000E+01 -2.11425e-07
0.2202000E+01 -3.14665e-07
0.2204000E+01 -3.02115e-07
0.2206000E+01 -2.58165e-07
0.2208000E+01 -2.33531e-09
0.2210000E+01 5.51251e-08
0.2212000E+01 -3.49967e-08
0.2214000E+01 2.91347e-08
0.2216000E+01 -7.86295e-08
0.2218000E+01 -2.50987e-07
0.2220000E+01 -2.88018e-07
0.2222000E+01 1.00392e-07
0.2224000E+01 4.19434e-07
0.2226000E+01 -2.46444e-07
0.2228000E+01 -2.32242e-07
0.2230000E+01 -2.44663e-07
0.2232000E+01 5.4943e-08
0.2234000E+01 4.70232e-07
0.2236000E+01 4.28114e-07
0.2238000E+01 1.91896e-07
0.2240000E+01 -2.47758e-07
0.2242000E+01 -6.80605e-09
0.2244000E+01 4.6359e-07
0.2246000E+01 1.14177e-07
0.2248000E+01 -4.40751e-08
0.2250000E+01 -1.04951e-08
0.2252000E+01 9.24253e-07
0.2254000E+01 1.35836e-07
0.2256000E+01 1.55821e-06
0.2258000E+01 2.78089e-06
0.2260000E+01 3.88848e-07
0.2262000E+01 -2.13649e-06
0.2264000E+01 -1.51335e-06
0.2266000E+01 -1.34998e-06
0.2268000E+01 -1.12757e-06
0.2270000E+01 -9.92671e-07
0.2272000E+01 -8.41255e-07
0.2274000E+01 -7.87385e-07
0.2276000E+01 -7.49617e-07
0.2278000E+01 -7.06304e-07
0.2280000E+01 -5.88864e-07
0.2282000E+01 -4.77635e-07
0.2284000E+01 -4.49863e-07
0.2286000E+01 -4.86182e-07
0.2288000E+01 -4.55086e-07
0.2290000E+01 -4.32209e-07
0.2292000E+01 -4.32181e-07
0.2294000E+01 -4.86859e-07
0.2296000E+01 -4.8558e-07
0.2298000E+01 -4.58924e-07
0.2300000E+01 -4.3778e-07
0.2302000E+01 -4.32835e-07
0.2304000E+01 -4.25177e-07
0.2306000E+01 -4.13249e-07
0.2308000E+01 -4.14046e-07
0.2310000E+01 -4.06438e-07
0.2312000E+01 -3.6217e-07
0.2314000E+01 -4.01597e-07
0.2316000E+01 -4.25743e-07
0.2318000E+01 -4.26021e-07
0.2320000E+01 -4.2057e-07
0.2322000E+01 -4.13049e-07
0.2324000E+01 -4.02558e-07
0.2326000E+01 -3.9498e-07
0.2328000E+01 -3.90101e-07
0.2330000E+01 -3.78152e-07
0.2332000E+01 -3.7464e-07
0.2334000E+01 -3.69834e-07
0.2336000E+01 -3.62124e-07
0.2338000E+01 -3.67221e-07
0.2340000E+01 -3.64354e-07
0.2342000E+01 -3.63806e-07
0.2344000E+01 -3.50361e-07
0.2346000E+01 -3.58693e-07
0.2348000E+01 -3.78019e-07
0.2350000E+01 -3.79127e-07
0.2352000E+01 -3.72551e-07
0.2354000E+01 -3.6642e-07
0.2356000E+01 -3.6406e-07
0.2358000E+01 -3.61449e-07
0.2360000E+01 -3.63062e-07
0.2362000E+01 -3.7851e-07
0.2364000E+01 -4.16873e-07
0.2366000E+01 -3.87155e-07
0.2368000E+01 -4.07099e-07
0.2370000E+01 -5.04356e-07
0.2372000E+01 -4.47417e-07
0.2374000E+01 -4.04884e-07
0.2376000E+01 -2.73328e-07
0.2378000E+01 -2.94458e-07
0.2380000E+01 -2.93802e-07
0.2382000E+01 -3.31018e-07
0.2384000E+01 -2.96368e-07
0.2386000E+01 -3.00827e-07
0.2388000E+01 -3.27034e-07
0.2390000E+01 -3.36177e-07
0.2392000E+01 -3.45761e-07
0.2394000E+01 -3.29841e-07
0.2396000E+01 -3.48131e-07
0.2398000E+01 -3.54749e-07
0.2400000E+01 -3.44625e-07
0.2402000E+01 -3.29128e-07
0.2404000E+01 -3.41014e-07
0.2406000E+01 -3.22538e-07
0.2408000E+01 -3.25394e-07
0.2410000E+01 -3.1725e-07
0.2412000E+01 -2.90485e-07
0.2414000E+01 -3.03361e-07
0.2416000E+01 -2.97996e-07
0.2418000E+01 -2.83166e-07
0.2420000E+01 -2.40402e-07
0.2422000E+01 -2.97753e-07
0.2424000E+01 -3.11149e-07
0.2426000E+01 -3.07507e-07
0.2428000E+01 -3.06876e-07
0.2430000E+01 -3.02243e-07
0.2432000E+01 -2.9778e-07
0.2434000E+01 -3.00563e-07
0.2436000E+01 -2.92542e-07
0.2438000E+01 -3.13364e-07
0.2440000E+01 -2.98183e-07
0.2442000E+01 -2.9987e-07
0.2444000E+01 -2.95869e-07
0.2446000E+01 -2.87599e-07
0.2448000E+01 -2.83341e-07
0.2450000E+01 -2.82777e-07
0.2452000E+01 -2.77146e-07
0.2454000E+01 -2.71252e-07
0.2456000E+01 -2.64818e-07
0.2458000E+01 -2.57889e-07
0.2460000E+01 -2.46113e-07
0.2462000E+01 -6.12252e-07
0.2464000E+01 -5.80638e-07
0.2466000E+01 -2.87857e-07
0.2468000E+01 -3.14358e-07
0.2470000E+01 -3.60802e-07
0.2472000E+01 -7.16976e-08
0.2474000E+01 -2.3935e-07
0.2476000E+01 -3.31837e-07
0.2478000E+01 -3.10124e-07
0.2480000E+01 -1.55463e-07
0.2482000E+01 -2.97376e-07
0.2484000E+01 -2.67121e-07
0.2486000E+01 -3.18328e-07
0.2488000E+01 -2.67883e-07
0.2490000E+01 -1.92134e-07
0.2492000E+01 -2.69141e-07
0.2494000E+01 -2.73345e-07
0.2496000E+01 -2.69682e-07
0.2498000E+01 -2.94494e-07
0.2500000E+01 -4.99365e-08
0.2502000E+01 -2.37192e-07
0.2504000E+01 -2.25695e-07
0.2506000E+01 -2.28062e-07
0.2508000E+01 -2.51215e-07
0.2510000E+01 -2.77617e-07
0.2512000E+01 -2.62556e-07
0.2514000E+01 5.13638e-08
0.2516000E+01 -2.16024e-07
0.2518000E+01 -2.50411e-07
0.2520000E+01 -2.41224e-07
0.2522000E+01 -2.34068e-07
0.2524000E+01 -2.42323e-07
0.2526000E+01 -2.59529e-07
0.2528000E+01 -1.06257e-07
0.2530000E+01 -6.13396e-08
0.2532000E+01 -1.37871e-07
0.2534000E+01 -3.06389e-07
0.2536000E+01 -2.45268e-07
0.2538000E+01 -2.13396e-07
0.2540000E+01 -2.08339e-07
0.2542000E+01 -2.20545e-07
0.2544000E+01 -2.25778e-07
0.2546000E+01 2.92456e-08
0.2548000E+01 -7.87289e-08
0.2550000E+01 -1.32498e-07
0.2552000E+01 -1.29059e-07
0.2554000E+01 -2.52575e-07
0.2556000E+01 -2.0869e-07
0.2558000E+01 -2.07286e-07
0.2560000E+01 -1.98698e-07
0.2562000E+01 -1.98832e-07
0.2564000E+01 -2.76252e-08
0.2566000E+01 -5.95558e-08
0.2568000E+01 -1.29879e-07
0.2570000E+01 -1.51033e-07
0.2572000E+01 -1.46267e-07
0.2574000E+01 -1.49269e-07
0.2576000E+01 -1.49619e-07
0.2578000E+01 -1.69937e-07
0.2580000E+01 -1.84228e-07
0.2582000E+01 -1.98228e-07
0.2584000E+01 -1.00838e-08
0.2586000E+01 -4.22599e-08
0.2588000E+01 -7.93718e-08
0.2590000E+01 -1.12152e-07
0.2592000E+01 -1.59731e-07
0.2594000E+01 -1.86916e-07
0.2596000E+01 -1.57436e-07
0.2598000E+01 -1.57509e-07
0.2600000E+01 -1.63495e-07
0.2602000E+01 -1.69259e-07
0.2604000E+01 -1.46417e-07
0.2606000E+01 -2.31259e-08
0.2608000E+01 -1.04812e-07
0.2610000E+01 -1.08706e-07
0.2612000E+01 -1.238e-07
0.2614000E+01 -1.322e-07
0.2616000E+01 -1.14527e-07
0.2618000E+01 -1.47436e-07
0.2620000E+01 -1.9098e-07
0.2622000E+01 -1.58965e-07
0.2624000E+01 -1.82265e-07
0.2626000E+01 -1.48303e-07
0.2628000E+01 -4.03229e-08
0.2630000E+01 -4.16348e-08
0.2632000E+01 -1.2867e-07
0.2634000E+01 -1.97481e-07
0.2636000E+01 -1.54286e-07
0.2638000E+01 -1.26295e-07
0.2640000E+01 -1.4406e-07
0.2642000E+01 -1.40947e-07
0.2644000E+01 -1.35847e-07
0.2646000E+01 -1.2662e-07
0.2648000E+01 -1.85211e-07
0.2650000E+01 -1.9212e-07
0.2652000E+01 -8.89278e-08
0.2654000E+01 -7.20166e-08
0.2656000E+01 -7.47193e-08
0.2658000E+01 -1.24963e-07
0.2660000E+01 -1.23078e-07
0.2662000E+01 -1.20842e-07
0.2664000E+01 -1.84544e-07
0.2666000E+01 -1.86922e-07
0.2668000E+01 -1.57461e-07
0.2670000E+01 -1.35246e-07
0.2672000E+01 -1.34845e-07
0.2674000E+01 -1.37119e-07
0.2676000E+01 -1.34604e-07
0.2678000E+01 -3.84355e-08
0.2680000E+01 -1.20572e-07
0.2682000E+01 -1.81885e-07
0.2684000E+01 -1.56996e-07
0.2686000E+01 -1.48539e-07
0.2688000E+01 -1.38377e-07
0.2690000E+01 -1.4104e-07
0.2692000E+01 -1.34594e-07
0.2694000E+01 -1.1579e-07
0.2696000E+01 -1.17424e-07
0.2698000E+01 -1.25496e-07
0.2700000E+01 -2.08533e-07
0.2702000E+01 -2.35932e-07
0.2704000E+01 -1.09642e-07
0.2706000E+01 -9.97505e-08
0.2708000E+01 -1.07742e-07
0.2710000E+01 -1.09404e-07
0.2712000E+01 -1.13508e-07
0.2714000E+01 -1.15968e-07
0.2716000E+01 -1.17889e-07
0.2718000E+01 -1.26908e-07
0.2720000E+01 -1.89121e-07
0.2722000E+01 -1.57105e-07
0.2724000E+01 -1.94956e-07
0.2726000E+01 -1.56185e-07
0.2728000E+01 -1.56326e-07
0.2730000E+01 -1.01312e-07
0.2732000E+01 -7.18241e-08
0.2734000E+01 -6.86594e-08
0.2736000E+01 -1.38308e-07
0.2738000E+01 -1.74745e-07
0.2740000E+01 -1.30756e-07
0.2742000E+01 -1.16852e-07
0.2744000E+01 -1.14919e-07
0.2746000E+01 -1.3986e-07
0.2748000E+01 -1.84256e-07
0.2750000E+01 -1.42321e-07
0.2752000E+01 -1.56068e-07
0.2754000E+01 -2.63382e-07
0.2756000E+01 -1.77574e-07
0.2758000E+01 -1.08389e-07
0.2760000E+01 -7.63219e-08
0.2762000E+01 -1.06393e-07
0.2764000E+01 -1.04185e-07
0.2766000E+01 -1.0344e-07
0.2768000E+01 -1.84956e-07
0.2770000E+01 -1.82412e-07
0.2772000E+01 -1.74516e-07
0.2774000E+01 -1.86821e-07
0.2776000E+01 -1.58651e-07
0.2778000E+01 -1.47069e-07
0.2780000E+01 -1.38849e-07
0.2782000E+01 -2.59899e-07
0.2784000E+01 -2.16634e-07
0.2786000E+01 -1.31724e-07
0.2788000E+01 -9.86431e-08
0.2790000E+01 -1.20232e-07
0.2792000E+01 -1.32312e-07
0.2794000E+01 -2.20894e-07
0.2796000E+01 -3.09021e-07
0.2798000E+01 -2.09161e-07
0.2800000E+01 -1.86014e-07
0.2802000E+01 -1.92573e-07
0.2804000E+01 -1.67042e-07
0.2806000E+01 -3.37335e-07
0.2808000E+01 -3.1035e-07
0.2810000E+01 -2.65468e-07
0.2812000E+01 -2.26486e-07
0.2814000E+01 -1.97382e-07
0.2816000E+01 -3.39381e-07
0.2818000E+01 -3.16332e-07
0.2820000E+01 -3.16531e-07
0.2822000E+01 -3.11207e-07
0.2824000E+01 -3.64218e-07
0.2826000E+01 -5.93367e-07
0.2828000E+01 -3.93625e-07
0.2830000E+01 -4.28373e-07
0.2832000E+01 -7.42592e-07
0.2834000E+01 -8.82094e-07
0.2836000E+01 -6.56955e-07
0.2838000E+01 -1.26502e-06
0.2840000E+01 -1.38927e-06
0.2842000E+01 -2.1398e-06
0.2844000E+01 -3.49753e-06
0.2846000E+01 -2.2426e-06
0.2848000E+01 8.52206e-06
0.2850000E+01 2.93098e-06
0.2852000E+01 1.91724e-06
0.2854000E+01 1.06169e-06
0.2856000E+01 1.29937e-06
0.2858000E+01 1.00564e-06
0.2860000E+01 7.7331e-07
0.2862000E+01 6.27834e-07
0.2864000E+01 7.13009e-07
0.2866000E+01 5.47852e-07
0.2868000E+01 5.7435e-07
0.2870000E+01 4.42772e-07
0.2872000E+01 4.47987e-07
0.2874000E+01 4.46973e-07
0.2876000E+01 3.61234e-07
0.2878000E+01 3.82683e-07
0.2880000E+01 4.33578e-07
0.2882000E+01 3.62009e-07
0.2884000E+01 3.48389e-07
0.2886000E+01 2.46546e-07
0.2888000E+01 2.52202e-07
0.2890000E+01 2.5868e-07
0.2892000E+01 2.78791e-07
0.2894000E+01 3.36857e-07
0.2896000E+01 3.49378e-07
0.2898000E+01 1.93224e-07
0.2900000E+01 1.98692e-07
0.2902000E+01 2.0443e-07
0.2904000E+01 1.77813e-07
0.2906000E+01 1.63452e-07
0.2908000E+01 2.04076e-07
0.2910000E+01 2.08388e-07
0.2912000E+01 2.49945e-07
0.2914000E+01 2.11786e-07
0.2916000E+01 1.60306e-07
0.2918000E+01 1.51925e-07
0.2920000E+01 1.51214e-07
0.2922000E+01 1.87522e-07
0.2924000E+01 1.59737e-07
0.2926000E+01 1.39771e-07
0.2928000E+01 1.5056e-07
0.2930000E+01 1.5944e-07
0.2932000E+01 1.76141e-07
0.2934000E+01 1.59901e-07
0.2936000E+01 1.17391e-07
0.2938000E+01 1.02521e-07
0.2940000E+01 4.07003e-07
0.2942000E+01 4.36073e-07
0.2944000E+01 1.18326e-07
0.2946000E+01 1.14788e-07
0.2948000E+01 1.16386e-07
0.2950000E+01 1.12575e-07
0.2952000E+01 1.22224e-07
0.2954000E+01 1.09711e-07
0.2956000E+01 1.23045e-07
0.2958000E+01 1.49634e-07
0.2960000E+01 1.23201e-07
0.2962000E+01 1.08406e-07
0.2964000E+01 8.96803e-08
0.2966000E+01 8.33701e-08
0.2968000E+01 7.3724e-08
0.2970000E+01 3.7236e-08
0.2972000E+01 5.73946e-08
0.2974000E+01 8.47433e-08
0.2976000E+01 8.02313e-08
0.2978000E+01 1.87651e-07
0.2980000E+01 2.80404e-07
0.2982000E+01 2.17927e-07
0.2984000E+01 8.55481e-08
0.2986000E+01 -1.28457e-07
0.2988000E+01 -1.50898e-06
0.2990000E+01 1.79438e-06
0.2992000E+01 3.26658e-06
0.2994000E+01 5.09571e-08
0.2996000E+01 5.78427e-08
0.2998000E+01 6.89403e-08
0.3000000E+01 6.67933e-08
0.3002000E+01 6.80499e-08
0.3004000E+01 6.56595e-08
0.3006000E+01 7.32317e-08
0.3008000E+01 7.842e-08
0.3010000E+01 7.65781e-08
0.3012000E+01 7.361e-08
0.3014000E+01 7.14681e-08
0.3016000E+01 7.1073e-08
0.3018000E+01 7.36212e-08
0.3020000E+01 6.58684e-08
0.3022000E+01 6.12471e-08
0.3024000E+01 6.76594e-08
0.3026000E+01 7.8729e-08
0.3028000E+01 7.75993e-08
0.3030000E+01 6.01515e-08
0.3032000E+01 6.19052e-08
0.3034000E+01 6.40253e-08
0.3036000E+01 6.68269e-08
0.3038000E+01 7.21501e-08
0.3040000E+01 6.94793e-08
0.3042000E+01 8.04325e-08
0.3044000E+01 7.2442e-08
0.3046000E+01 9.83313e-08
0.3048000E+01 7.81123e-08
0.3050000E+01 7.71991e-08
0.3052000E+01 7.65282e-08
0.3054000E+01 7.07216e-08
0.3056000E+01 6.31871e-08
0.3058000E+01 6.64824e-08
0.3060000E+01 7.3715e-08
0.3062000E+01 7.02984e-08
0.3064000E+01 8.14047e-08
0.3066000E+01 8.22664e-08
0.3068000E+01 8.22851e-08
0.3070000E+01 8.70817e-08
0.3072000E+01 8.51438e-08
0.3074000E+01 7.64007e-08
0.3076000E+01 7.64717e-08
0.3078000E+01 6.54513e-08
0.3080000E+01 8.53733e-08
0.3082000E+01 1.03601e-07
0.3084000E+01 1.01607e-07
0.3086000E+01 9.4753e-08
0.3088000E+01 9.36881e-08
0.3090000E+01 8.96301e-08
0.3092000E+01 7.84954e-08
0.3094000E+01 7.62208e-08
0.3096000E+01 6.73608e-08
0.3098000E+01 9.81341e-08
0.3100000E+01 1.02792e-07
0.3102000E+01 9.36114e-08
0.3104000E+01 9.44976e-08
0.3106000E+01 7.63275e-08
0.3108000E+01 1.11172e-07
0.3110000E+01 8.61424e-08
0.3112000E+01 7.28701e-08
0.3114000E+01 9.1358e-08
0.3116000E+01 1.06739e-07
0.3118000E+01 1.01595e-07
0.3120000E+01 1.07905e-07
0.3122000E+01 1.08489e-07
0.3124000E+01 7.97195e-08
0.3126000E+01 6.92634e-08
0.3128000E+01 7.15816e-08
0.3130000E+01 9.40335e-08
0.3132000E+01 1.15626e-07
0.3134000E+01 9.94977e-08
0.3136000E+01 1.07799e-07
0.3138000E+01 1.02777e-07
0.3140000E+01 8.72033e-08
0.3142000E+01 1.00829e-07
0.3144000E+01 1.05139e-07
0.3146000E+01 1.24324e-07
0.3148000E+01 1.10721e-07
0.3150000E+01 9.67937e-08
0.3152000E+01 8.91273e-08
0.3154000E+01 1.10871e-07
0.3156000E+01 6.94004e-08
0.3158000E+01 5.85256e-08
0.3160000E+01 9.83787e-08
0.3162000E+01 1.50352e-08
0.3164000E+01 7.99647e-08
0.3166000E+01 4.4906e-07
0.3168000E+01 1.35806e-07
0.3170000E+01 -4.29426e-08
0.3172000E+01 7.41646e-08
0.3174000E+01 7.60136e-08
0.3176000E+01 2.27129e-07
0.3178000E+01 9.27773e-08
0.3180000E+01 1.44833e-07
0.3182000E+01 2.49331e-07
0.3184000E+01 1.21166e-07
0.3186000E+01 1.85577e-07
0.3188000E+01 1.76915e-07
0.3190000E+01 2.23744e-07
0.3192000E+01 1.75903e-07
0.3194000E+01 1.31082e-07
0.3196000E+01 1.45596e-07
0.3198000E+01 1.63472e-07
0.3200000E+01 1.75829e-07
0.3202000E+01 2.12718e-07
0.3204000E+01 1.52828e-07
0.3206000E+01 1.58666e-07
0.3208000E+01 1.48793e-07
0.3210000E+01 1.50868e-07
0.3212000E+01 1.52785e-07
0.3214000E+01 2.17847e-07
0.3216000E+01 1.24873e-07
0.3218000E+01 1.13936e-07
0.3220000E+01 9.07129e-08
0.3222000E+01 1.21269e-07
0.3224000E+01 1.66991e-07
0.3226000E+01 1.55843e-07
0.3228000E+01 1.13682e-07
0.3230000E+01 6.0662e-08
0.3232000E+01 9.73501e-08
0.3234000E+01 1.52162e-07
0.3236000E+01 1.65044e-07
0.3238000E+01 1.31619e-07
0.3240000E+01 1.26922e-07
0.3242000E+01 1.05588e-07
0.3244000E+01 2.08609e-07
0.3246000E+01 9.09278e-08
0.3248000E+01 7.35289e-08
0.3250000E+01 1.13804e-07
0.3252000E+01 2.86856e-07
0.3254000E+01 -1.10932e-07
0.3256000E+01 3.21227e-07
0.3258000E+01 -4.23224e-08
0.3260000E+01 3.19748e-07
0.3262000E+01 -1.05088e-06
0.3264000E+01 7.60476e-08
0.3266000E+01 3.47288e-07
0.3268000E+01 9.49673e-08
0.3270000E+01 9.79881e-08
0.3272000E+01 3.06906e-07
0.3274000E+01 3.11123e-07
0.3276000E+01 5.77216e-07
0.3278000E+01 -6.43738e-08
0.3280000E+01 -9.27226e-08
0.3282000E+01 3.82939e-07
0.3284000E+01 3.62178e-07
0.3286000E+01 9.31343e-07
0.3288000E+01 1.8103e-07
0.3290000E+01 9.43654e-07
0.3292000E+01 8.36379e-07
0.3294000E+01 5.17636e-07
0.3296000E+01 -1.69851e-07
0.3298000E+01 1.0909e-08
0.3300000E+01 -5.3131e-07
0.3302000E+01 -3.8815e-07
0.3304000E+01 -4.27237e-07
0.3306000E+01 -1.58346e-07
0.3308000E+01 -1.44871e-07
0.3310000E+01 -2.21328e-07
0.3312000E+01 -2.31903e-07
0.3314000E+01 -1.65763e-07
0.3316000E+01 -1.46522e-07
0.3318000E+01 -1.30585e-07
0.3320000E+01 -1.14659e-07
0.3322000E+01 -7.69799e-08
0.3324000E+01 -1.01575e-07
0.3326000E+01 -1.29968e-07
0.3328000E+01 -1.19096e-07
0.3330000E+01 -7.55948e-08
0.3332000E+01 -6.63092e-08
0.3334000E+01 -6.50597e-08
0.3336000E+01 -5.75858e-08
0.3338000E+01 -5.37786e-08
0.3340000E+01 -5.58165e-08
0.3342000E+01 -6.36712e-08
0.3344000E+01 -5.77379e-08
0.3346000E+01 -4.39635e-08
0.3348000E+01 -3.6381e-08
0.3350000E+01 -2.80287e-08
0.3352000E+01 -3.04408e-08
0.3354000E+01 -3.71399e-08
0.3356000E+01 -5.27603e-08
0.3358000E+01 -5.25065e-08
0.3360000E+01 -3.2293e-08
0.3362000E+01 -2.69259e-08
0.3364000E+01 -4.46121e-08
0.3366000E+01 -4.08707e-08
0.3368000E+01 -2.96994e-08
0.3370000E+01 -2.39635e-08
0.3372000E+01 -2.16202e-08
0.3374000E+01 -2.07542e-08
0.3376000E+01 -1.81892e-08
0.3378000E+01 -1.90687e-08
0.3380000E+01 -1.47138e-08
0.3382000E+01 -1.32409e-08
0.3384000E+01 -3.29233e-08
0.3386000E+01 -2.43656e-08
0.3388000E+01 -1.59329e-08
0.3390000E+01 -1.50628e-08
0.3392000E+01 -9.05349e-08
0.3394000E+01 -2.18833e-08
0.3396000E+01 -2.6371e-08
0.3398000E+01 -1.95008e-08
0.3400000E+01 -1.16388e-08
0.3402000E+01 -3.40042e-08
0.3404000E+01 -2.64846e-08
0.3406000E+01 -2.85411e-08
0.3408000E+01 -2.94238e-08
0.3410000E+01 -2.32459e-08
0.3412000E+01 -2.10522e-08
0.3414000E+01 -2.14753e-08
0.3416000E+01 -2.30552e-08
0.3418000E+01 -2.36212e-08
0.3420000E+01 -4.17841e-08
0.3422000E+01 -3.54057e-08
0.3424000E+01 -3.28269e-08
0.3426000E+01 -2.18663e-08
0.3428000E+01 -1.7602e-08
0.3430000E+01 1.02852e-07
0.3432000E+01 -1.47757e-08
0.3434000E+01 -1.63965e-08
0.3436000E+01 -3.22184e-08
0.3438000E+01 -3.88555e-08
0.3440000E+01 -3.27292e-08
0.3442000E+01 -4.31427e-08
0.3444000E+01 -3.70088e-08
0.3446000E+01 -2.3988e-08
0.3448000E+01 -2.01773e-08
0.3450000E+01 -2.51633e-08
0.3452000E+01 -5.06496e-08
0.3454000E+01 -3.7518e-08
0.3456000E+01 3.89625e-08
0.3458000E+01 2.67302e-08
0.3460000E+01 3.41558e-08
0.3462000E+01 -8.83525e-09
0.3464000E+01 -2.34761e-08
0.3466000E+01 -5.25368e-08
0.3468000E+01 -5.70905e-08
0.3470000E+01 -4.48016e-08
0.3472000E+01 -2.89272e-08
0.3474000E+01 -3.56813e-08
0.3476000E+01 -3.04637e-08
0.3478000E+01 -4.35582e-08
0.3480000E+01 -7.17617e-09
0.3482000E+01 9.03976e-09
0.3484000E+01 -4.44346e-09
0.3486000E+01 8.52648e-09
0.3488000E+01 -1.36038e-08
0.3490000E+01 -2.08255e-08
0.3492000E+01 -2.52032e-08
0.3494000E+01 3.18109e-08
0.3496000E+01 -2.90577e-08
0.3498000E+01 -3.38892e-08
0.3500000E+01 -1.7704e-09
0.3502000E+01 -1.41642e-08
0.3504000E+01 1.05736e-08
0.3506000E+01 1.62151e-08
0.3508000E+01 3.49287e-08
0.3510000E+01 -1.4252e-08
0.3512000E+01 -3.26704e-08
0.3514000E+01 3.70719e-08
0.3516000E+01 1.61306e-08
0.3518000E+01 3.45324e-09
0.3520000E+01 3.20909e-08
0.3522000E+01 5.47119e-08
0.3524000E+01 1.69953e-07
0.3526000E+01 1.27088e-07
0.3528000E+01 9.7489e-08
0.3530000E+01 8.23537e-08
0.3532000E+01 9.04101e-08
0.3534000E+01 8.70533e-08
0.3536000E+01 6.8821e-08
0.3538000E+01 7.92883e-08
0.3540000E+01 9.83854e-08
0.3542000E+01 1.52149e-07
0.3544000E+01 1.59611e-07
0.3546000E+01 1.56691e-07
0.3548000E+01 1.0408e-07
0.3550000E+01 1.11047e-07
0.3552000E+01 1.00191e-07
0.3554000E+01 1.23992e-07
0.3556000E+01 8.14252e-08
0.3558000E+01 9.80847e-08
0.3560000E+01 3.16856e-07
0.3562000E+01 1.58115e-07
0.3564000E+01 1.46032e-07
0.3566000E+01 1.40255e-07
0.3568000E+01 1.0685e-07
0.3570000E+01 1.04391e-07
0.3572000E+01 1.09279e-07
0.3574000E+01 3.96011e-07
0.3576000E+01 2.31059e-07
0.3578000E+01 1.95955e-07
0.3580000E+01 2.31117e-07
0.3582000E+01 1.98337e-07
0.3584000E+01 2.22209e-07
0.3586000E+01 5.76812e-07
0.3588000E+01 3.83055e-07
0.3590000E+01 5.74499e-07
0.3592000E+01 4.88749e-07
0.3594000E+01 1.36832e-06
0.3596000E+01 1.07894e-06
0.3598000E+01 4.27432e-06
0.3600000E+01 -5.80559e-06
0.3602000E+01 -1.6534e-06
0.3604000E+01 -1.11744e-06
0.3606000E+01 -7.03649e-07
0.3608000E+01 -5.78272e-07
0.3610000E+01 -4.23665e-07
0.3612000E+01 -4.10264e-07
0.3614000E+01 -4.09378e-07
0.3616000E+01 -2.50454e-07
0.3618000E+01 -2.48755e-07
0.3620000E+01 -2.88013e-07
0.3622000E+01 -3.24653e-07
0.3624000E+01 -1.95015e-07
0.3626000E+01 -2.23852e-07
0.3628000E+01 -2.60949e-07
0.3630000E+01 -3.50704e-07
0.3632000E+01 -1.60039e-07
0.3634000E+01 -1.47244e-07
0.3636000E+01 -1.8723e-07
0.3638000E+01 -2.60956e-07
0.3640000E+01 -1.48906e-07
0.3642000E+01 -1.41638e-07
0.3644000E+01 -1.16974e-07
0.3646000E+01 -1.38917e-07
0.3648000E+01 -2.06319e-07
0.3650000E+01 -1.35438e-07
0.3652000E+01 -1.11086e-07
0.3654000E+01 -1.44144e-07
0.3656000E+01 -1.66566e-07
0.3658000E+01 -1.85339e-07
0.3660000E+01 -1.12015e-07
0.3662000E+01 -9.22524e-08
0.3664000E+01 -1.21548e-07
0.3666000E+01 -1.32799e-07
0.3668000E+01 -1.29958e-07
0.3670000E+01 -7.92184e-08
0.3672000E+01 -9.53859e-08
0.3674000E+01 -9.61031e-08
0.3676000E+01 -9.04758e-08
0.3678000E+01 -9.85633e-08
0.3680000E+01 -1.08384e-07
0.3682000E+01 -9.52916e-08
0.3684000E+01 -9.11339e-08
0.3686000E+01 -9.56474e-08
0.3688000E+01 -1.1203e-07
0.3690000E+01 -1.0694e-07
0.3692000E+01 -1.32813e-07
0.3694000E+01 -8.48032e-08
0.3696000E+01 -8.7744e-08
0.3698000E+01 -8.41078e-08
0.3700000E+01 -8.20218e-08
0.3702000E+01 -8.50215e-08
0.3704000E+01 -1.12035e-07
0.3706000E+01 -6.27846e-08
0.3708000E+01 -7.10067e-08
0.3710000E+01 -7.29424e-08
0.3712000E+01 -8.71994e-08
0.3714000E+01 -9.15668e-08
0.3716000E+01 -9.91537e-08
0.3718000E+01 -7.46409e-08
0.3720000E+01 -7.59551e-08
0.3722000E+01 -7.20056e-08
0.3724000E+01 -6.88578e-08
0.3726000E+01 -6.96808e-08
0.3728000E+01 -6.63882e-08
0.3730000E+01 -5.27903e-08
0.3732000E+01 -6.03797e-08
0.3734000E+01 -6.27255e-08
0.3736000E+01 -6.80538e-08
0.3738000E+01 -6.58336e-08
0.3740000E+01 -6.72666e-08
0.3742000E+01 -8.77373e-08
0.3744000E+01 -6.75135e-08
0.3746000E+01 -6.51983e-08
0.3748000E+01 -6.58881e-08
0.3750000E+01 -6.35916e-08
0.3752000E+01 -5.9499e-08
0.3754000E+01 -7.22268e-08
0.3756000E+01 -5.4639e-08
0.3758000E+01 -6.51764e-08
0.3760000E+01 -5.88257e-08
0.3762000E+01 -5.4946e-08
0.3764000E+01 -5.63666e-08
0.3766000E+01 -5.90586e-08
0.3768000E+01 -5.11776e-08
0.3770000E+01 -4.36238e-08
0.3772000E+01 -3.33041e-08
0.3774000E+01 -4.83221e-08
0.3776000E+01 -5.76758e-08
0.3778000E+01 -5.92503e-08
0.3780000E+01 -6.46518e-08
0.3782000E+01 -5.15524e-08
0.3784000E+01 -5.7472e-08
0.3786000E+01 -4.58754e-08
0.3788000E+01 -5.21574e-08
0.3790000E+01 -5.49907e-08
0.3792000E+01 -5.32941e-08
0.3794000E+01 -5.32442e-08
0.3796000E+01 -5.12482e-08
0.3798000E+01 -5.17588e-08
0.3800000E+01 -5.05708e-08
0.3802000E+01 -6.19303e-08
0.3804000E+01 -3.60216e-08
0.3806000E+01 -3.43918e-08
0.3808000E+01 -3.01313e-08
0.3810000E+01 -4.46358e-08
0.3812000E+01 -4.43223e-08
0.3814000E+01 -3.14718e-08
0.3816000E+01 -4.63451e-08
0.3818000E+01 -4.21844e-08
0.3820000E+01 -3.1666e-08
0.3822000E+01 -4.27139e-08
0.3824000E+01 -3.84802e-08
0.3826000E+01 -2.57126e-08
0.3828000E+01 -5.67465e-08
0.3830000E+01 -5.26266e-08
0.3832000E+01 -9.16476e-09
0.3834000E+01 -4.16267e-08
0.3836000E+01 -1.53437e-08
0.3838000E+01 -5.37099e-08
0.3840000E+01 -3.84483e-08
0.3842000E+01 -8.612e-08
0.3844000E+01 4.91747e-08
0.3846000E+01 -6.94827e-08
0.3848000E+01 -3.03939e-07
0.3850000E+01 1.3104e-08
0.3852000E+01 -2.49218e-08
0.3854000E+01 -1.79564e-08
0.3856000E+01 -1.93331e-08
0.3858000E+01 -1.92074e-08
0.3860000E+01 -2.57901e-08
0.3862000E+01 -2.87252e-08
0.3864000E+01 -2.59601e-08
0.3866000E+01 -5.00861e-08
0.3868000E+01 -1.08771e-08
0.3870000E+01 -1.55232e-10
0.3872000E+01 -9.91839e-09
0.3874000E+01 -1.23422e-08
0.3876000E+01 -1.27482e-08
0.3878000E+01 -1.05514e-08
0.3880000E+01 -1.73056e-08
0.3882000E+01 -2.26371e-08
0.3884000E+01 -4.95367e-08
0.3886000E+01 -3.14477e-08
0.3888000E+01 1.54299e-09
0.3890000E+01 1.51172e-09
0.3892000E+01 1.64414e-09
0.3894000E+01 -9.46672e-10
0.3896000E+01 -3.58853e-09
0.3898000E+01 -2.31401e-08
0.3900000E+01 -3.1053e-08
0.3902000E+01 3.47577e-08
0.3904000E+01 3.307e-08
0.3906000E+01 3.26752e-08
0.3908000E+01 2.64279e-08
0.3910000E+01 1.78811e-08
0.3912000E+01 -3.08938e-08
0.3914000E+01 2.54884e-08
0.3916000E+01 6.32078e-08
0.3918000E+01 5.64957e-08
0.3920000E+01 3.45969e-08
0.3922000E+01 3.15945e-08
0.3924000E+01 3.41566e-08
0.3926000E+01 6.7348e-09
0.3928000E+01 1.73863e-08
0.3930000E+01 4.54134e-08
0.3932000E+01 4.30026e-08
0.3934000E+01 4.10053e-08
0.3936000E+01 2.19767e-08
0.3938000E+01 2.06192e-08
0.3940000E+01 2.91298e-08
0.3942000E+01 2.8061e-08
0.3944000E+01 1.86637e-08
0.3946000E+01 9.00263e-09
0.3948000E+01 1.19507e-08
0.3950000E+01 1.99916e-08
0.3952000E+01 2.10921e-08
0.3954000E+01 4.34305e-09
0.3956000E+01 -1.85134e-09
0.3958000E+01 -8.73318e-10
0.3960000E+01 7.32128e-09
0.3962000E+01 8.67267e-09
0.3964000E+01 9.33558e-09
0.3966000E+01 1.14533e-08
0.3968000E+01 9.39527e-09
0.3970000E+01 1.21925e-08
0.3972000E+01 1.57788e-08
0.3974000E+01 1.48509e-08
0.3976000E+01 1.88644e-08
0.3978000E+01 -7.93751e-08
0.3980000E+01 -3.84156e-08
0.3982000E+01 -2.32553e-08
0.3984000E+01 1.00596e-08
0.3986000E+01 1.00178e-08
0.3988000E+01 2.10713e-08
0.3990000E+01 2.72591e-08
0.3992000E+01 -5.7756e-08
0.3994000E+01 -6.77614e-09
0.3996000E+01 -3.89631e-11
0.3998000E+01 6.51909e-09
0.4000000E+01 2.1529e-08
