0.0000000E+00 0
0.2000000E-02 0
0.4000000E-02 0
0.6000000E-02 0
0.8000000E-02 0
0.1000000E-01 0
0.1200000E-01 0
0.1400000E-01 0
0.1600000E-01 0
0.1800000E-01 0
0.2000000E-01 0
0.2200000E-01 0
0.2400000E-01 0
0.2600000E-01 0
0.2800000E-01 0
0.3000000E-01 0
0.3200000E-01 0
0.3400000E-01 0
0.3600000E-01 0
0.3800000E-01 0
0.4000000E-01 0
0.4200000E-01 0
0.4400000E-01 0
0.4600000E-01 0
0.4800000E-01 0
0.5000000E-01 0
0.5200000E-01 0
0.5400000E-01 0
0.5600000E-01 0
0.5800000E-01 0
0.6000000E-01 0
0.6200000E-01 0
0.6400000E-01 0
0.6600000E-01 0
0.6800000E-01 0
0.7000000E-01 0
0.7200000E-01 0
0.7400000E-01 0
0.7600000E-01 0
0.7800000E-01 0
0.8000000E-01 0
0.8200000E-01 0
0.8400000E-01 0
0.8600000E-01 -1.09732e-06
0.8800000E-01 -3.07256e-06
0.9000000E-01 -2.37044e-06
0.9200000E-01 -7.35895e-07
0.9400000E-01 -5.23103e-07
0.9600000E-01 -4.65848e-07
0.9800000E-01 -4.13117e-07
0.1000000E+00 -3.17134e-07
0.1020000E+00 -1.80764e-07
0.1040000E+00 -4.46961e-08
0.1060000E+00 7.4999e-08
0.1080000E+00 -5.88718e-08
0.1100000E+00 -8.44189e-07
0.1120000E+00 -6.16208e-07
0.1140000E+00 -2.60291e-07
0.1160000E+00 1.20973e-07
0.1180000E+00 1.64614e-08
0.1200000E+00 5.17092e-07
0.1220000E+00 4.27422e-07
0.1240000E+00 -3.07172e-07
0.1260000E+00 -4.27139e-07
0.1280000E+00 -9.83191e-08
0.1300000E+00 -5.13575e-08
0.1320000E+00 -6.84669e-08
0.1340000E+00 -5.22829e-08
0.1360000E+00 2.89336e-08
0.1380000E+00 3.25493e-08
0.1400000E+00 2.04381e-08
0.1420000E+00 6.93196e-10
0.1440000E+00 -1.09552e-07
0.1460000E+00 -1.27751e-07
0.1480000E+00 -3.9629e-08
0.1500000E+00 4.88559e-08
0.1520000E+00 5.37471e-08
0.1540000E+00 5.1265e-08
0.1560000E+00 2.54368e-08
0.1580000E+00 -5.64215e-09
0.1600000E+00 -2.37804e-08
0.1620000E+00 -4.57716e-08
0.1640000E+00 2.09316e-07
0.1660000E+00 3.5834e-07
0.1680000E+00 1.51926e-07
0.1700000E+00 2.19603e-07
0.1720000E+00 2.85634e-07
0.1740000E+00 3.50466e-07
0.1760000E+00 -1.59328e-08
0.1780000E+00 7.02101e-08
0.1800000E+00 6.8959e-08
0.1820000E+00 5.71284e-08
0.1840000E+00 4.91605e-08
0.1860000E+00 4.36611e-08
0.1880000E+00 4.55248e-08
0.1900000E+00 4.70122e-08
0.1920000E+00 4.44685e-08
0.1940000E+00 1.38656e-07
0.1960000E+00 1.2108e-07
0.1980000E+00 1.05576e-07
0.2000000E+00 8.85345e-08
0.2020000E+00 6.99261e-08
0.2040000E+00 4.9721e-08
0.2060000E+00 2.78899e-08
0.2080000E+00 5.59806e-09
0.2100000E+00 4.99072e-08
0.2120000E+00 1.05292e-07
0.2140000E+00 1.15659e-07
0.2160000E+00 1.05405e-07
0.2180000E+00 7.89952e-08
0.2200000E+00 7.74162e-08
0.2220000E+00 8.08261e-08
0.2240000E+00 1.18497e-07
0.2260000E+00 1.58529e-07
0.2280000E+00 1.88428e-07
0.2300000E+00 1.56539e-07
0.2320000E+00 4.33627e-08
0.2340000E+00 4.50159e-08
0.2360000E+00 3.26503e-08
0.2380000E+00 3.71747e-08
0.2400000E+00 4.52738e-08
0.2420000E+00 4.26553e-08
0.2440000E+00 4.14905e-08
0.2460000E+00 2.57355e-08
0.2480000E+00 9.18682e-09
0.2500000E+00 3.05222e-08
0.2520000E+00 8.70507e-08
0.2540000E+00 7.77298e-08
0.2560000E+00 6.73083e-08
0.2580000E+00 5.33863e-08
0.2600000E+00 3.79898e-08
0.2620000E+00 9.04543e-08
0.2640000E+00 7.91778e-08
0.2660000E+00 6.58105e-08
0.2680000E+00 6.57338e-08
0.2700000E+00 1.07717e-07
0.2720000E+00 1.09291e-07
0.2740000E+00 1.04224e-07
0.2760000E+00 1.02542e-07
0.2780000E+00 1.0282e-07
0.2800000E+00 1.48412e-07
0.2820000E+00 1.21875e-07
0.2840000E+00 3.90855e-08
0.2860000E+00 5.52094e-08
0.2880000E+00 5.44891e-08
0.2900000E+00 3.97828e-08
0.2920000E+00 3.42344e-08
0.2940000E+00 3.04419e-08
0.2960000E+00 2.66984e-08
0.2980000E+00 2.24977e-08
0.3000000E+00 1.93934e-08
0.3020000E+00 2.00304e-08
0.3040000E+00 1.88196e-08
0.3060000E+00 7.55997e-08
0.3080000E+00 6.9473e-08
0.3100000E+00 6.27892e-08
0.3120000E+00 5.62962e-08
0.3140000E+00 9.93977e-08
0.3160000E+00 1.82042e-07
0.3180000E+00 1.96434e-07
0.3200000E+00 1.46373e-07
0.3220000E+00 8.77599e-08
0.3240000E+00 8.41593e-08
0.3260000E+00 8.13537e-08
0.3280000E+00 7.84317e-08
0.3300000E+00 5.97437e-08
0.3320000E+00 -2.14435e-08
0.3340000E+00 5.68319e-08
0.3360000E+00 1.20514e-07
0.3380000E+00 7.34948e-08
0.3400000E+00 5.47501e-08
0.3420000E+00 5.5169e-08
0.3440000E+00 5.59926e-08
0.3460000E+00 5.67687e-08
0.3480000E+00 5.22998e-08
0.3500000E+00 3.65323e-08
0.3520000E+00 3.38162e-08
0.3540000E+00 3.1091e-08
0.3560000E+00 5.81775e-08
0.3580000E+00 6.4686e-08
0.3600000E+00 2.66185e-07
0.3620000E+00 1.42204e-07
0.3640000E+00 9.73701e-08
0.3660000E+00 1.06886e-07
0.3680000E+00 1.25193e-07
0.3700000E+00 1.10416e-07
0.3720000E+00 1.04314e-07
0.3740000E+00 9.20051e-08
0.3760000E+00 1.02575e-08
0.3780000E+00 6.07224e-08
0.3800000E+00 4.51304e-08
0.3820000E+00 3.31183e-08
0.3840000E+00 2.18736e-07
0.3860000E+00 5.74475e-08
0.3880000E+00 5.88266e-08
0.3900000E+00 5.75154e-08
0.3920000E+00 5.68868e-08
0.3940000E+00 5.42197e-08
0.3960000E+00 4.78023e-08
0.3980000E+00 4.62429e-08
0.4000000E+00 4.49561e-08
0.4020000E+00 1.30528e-07
0.4040000E+00 1.82856e-07
0.4060000E+00 1.80423e-07
0.4080000E+00 1.77874e-07
0.4100000E+00 1.75476e-07
0.4120000E+00 1.5364e-07
0.4140000E+00 5.91764e-08
0.4160000E+00 5.3246e-08
0.4180000E+00 5.15349e-08
0.4200000E+00 6.18044e-08
0.4220000E+00 5.1877e-08
0.4240000E+00 5.57089e-08
0.4260000E+00 9.30046e-08
0.4280000E+00 1.01875e-07
0.4300000E+00 9.14323e-08
0.4320000E+00 8.08866e-08
0.4340000E+00 6.87834e-08
0.4360000E+00 6.82218e-08
0.4380000E+00 6.76054e-08
0.4400000E+00 6.76736e-08
0.4420000E+00 6.65854e-08
0.4440000E+00 5.80214e-08
0.4460000E+00 1.52584e-07
0.4480000E+00 3.3636e-07
0.4500000E+00 1.19012e-07
0.4520000E+00 9.34302e-08
0.4540000E+00 8.52852e-08
0.4560000E+00 8.89334e-08
0.4580000E+00 8.96875e-08
0.4600000E+00 8.76338e-08
0.4620000E+00 8.58873e-08
0.4640000E+00 8.25124e-08
0.4660000E+00 1.07471e-07
0.4680000E+00 1.05292e-07
0.4700000E+00 1.16474e-07
0.4720000E+00 9.15608e-08
0.4740000E+00 8.42984e-08
0.4760000E+00 8.18618e-08
0.4780000E+00 7.89591e-08
0.4800000E+00 5.54076e-08
0.4820000E+00 5.90802e-09
0.4840000E+00 1.18213e-08
0.4860000E+00 1.56795e-07
0.4880000E+00 1.21434e-07
0.4900000E+00 2.05011e-07
0.4920000E+00 1.9072e-07
0.4940000E+00 1.6288e-07
0.4960000E+00 1.27934e-07
0.4980000E+00 1.31428e-07
0.5000000E+00 1.4253e-07
0.5020000E+00 1.28814e-07
0.5040000E+00 1.22457e-07
0.5060000E+00 1.23619e-07
0.5080000E+00 8.96021e-08
0.5100000E+00 1.9364e-08
0.5120000E+00 4.86348e-08
0.5140000E+00 4.72573e-08
0.5160000E+00 8.99715e-08
0.5180000E+00 8.93185e-08
0.5200000E+00 8.20113e-08
0.5220000E+00 7.88254e-08
0.5240000E+00 7.27369e-08
0.5260000E+00 7.17439e-08
0.5280000E+00 7.3196e-08
0.5300000E+00 8.54798e-08
0.5320000E+00 2.63457e-07
0.5340000E+00 2.35689e-07
0.5360000E+00 1.2989e-07
0.5380000E+00 1.02755e-07
0.5400000E+00 1.02346e-07
0.5420000E+00 1.089e-07
0.5440000E+00 1.37394e-07
0.5460000E+00 1.27511e-07
0.5480000E+00 1.19227e-07
0.5500000E+00 1.20317e-07
0.5520000E+00 1.18873e-07
0.5540000E+00 5.04777e-09
0.5560000E+00 6.6728e-08
0.5580000E+00 8.22885e-08
0.5600000E+00 7.78507e-08
0.5620000E+00 6.001e-08
0.5640000E+00 6.13537e-08
0.5660000E+00 6.29704e-08
0.5680000E+00 1.13834e-07
0.5700000E+00 1.61607e-07
0.5720000E+00 1.63978e-08
0.5740000E+00 1.5211e-07
0.5760000E+00 2.32392e-07
0.5780000E+00 2.1076e-07
0.5800000E+00 1.59791e-07
0.5820000E+00 1.53986e-07
0.5840000E+00 1.40895e-07
0.5860000E+00 5.49844e-08
0.5880000E+00 1.02268e-07
0.5900000E+00 6.49968e-08
0.5920000E+00 7.3039e-08
0.5940000E+00 1.25548e-07
0.5960000E+00 1.54892e-07
0.5980000E+00 -1.74281e-07
0.6000000E+00 8.07774e-08
0.6020000E+00 6.16924e-08
0.6040000E+00 4.6522e-08
0.6060000E+00 5.10992e-08
0.6080000E+00 -1.12356e-07
0.6100000E+00 4.00764e-08
0.6120000E+00 8.28844e-08
0.6140000E+00 9.25217e-08
0.6160000E+00 1.05229e-07
0.6180000E+00 9.1426e-08
0.6200000E+00 1.11523e-07
0.6220000E+00 3.00833e-08
0.6240000E+00 -3.24829e-07
0.6260000E+00 -1.42156e-07
0.6280000E+00 -6.76113e-07
0.6300000E+00 6.31883e-08
0.6320000E+00 1.34774e-06
0.6340000E+00 -7.02467e-07
0.6360000E+00 6.06452e-07
0.6380000E+00 -2.57296e-07
0.6400000E+00 -7.44404e-08
0.6420000E+00 -3.89365e-07
0.6440000E+00 3.47036e-09
0.6460000E+00 -2.11619e-07
0.6480000E+00 -1.08005e-07
0.6500000E+00 -1.69697e-07
0.6520000E+00 -1.91913e-07
0.6540000E+00 2.06744e-07
0.6560000E+00 -6.27848e-08
0.6580000E+00 2.57598e-07
0.6600000E+00 1.2985e-07
0.6620000E+00 2.52e-09
0.6640000E+00 -4.14493e-08
0.6660000E+00 2.08213e-08
0.6680000E+00 1.93298e-07
0.6700000E+00 -7.7913e-08
0.6720000E+00 1.2272e-07
0.6740000E+00 4.96937e-08
0.6760000E+00 4.97774e-08
0.6780000E+00 1.10598e-08
0.6800000E+00 -2.50891e-08
0.6820000E+00 -3.22016e-08
0.6840000E+00 9.27291e-08
0.6860000E+00 5.50964e-08
0.6880000E+00 5.00811e-08
0.6900000E+00 1.69861e-08
0.6920000E+00 -7.86333e-09
0.6940000E+00 4.03909e-09
0.6960000E+00 9.49061e-08
0.6980000E+00 1.99287e-07
0.7000000E+00 6.711e-08
0.7020000E+00 5.33019e-08
0.7040000E+00 5.42447e-08
0.7060000E+00 1.18245e-07
0.7080000E+00 9.24648e-08
0.7100000E+00 7.87629e-08
0.7120000E+00 5.50535e-08
0.7140000E+00 4.7867e-08
0.7160000E+00 4.17741e-08
0.7180000E+00 1.62955e-08
0.7200000E+00 2.27543e-08
0.7220000E+00 2.13976e-08
0.7240000E+00 2.0113e-08
0.7260000E+00 2.11882e-08
0.7280000E+00 1.89006e-08
0.7300000E+00 6.61249e-08
0.7320000E+00 4.55835e-08
0.7340000E+00 4.28665e-08
0.7360000E+00 1.05095e-07
0.7380000E+00 9.82145e-08
0.7400000E+00 1.44453e-07
0.7420000E+00 1.10743e-07
0.7440000E+00 7.88633e-08
0.7460000E+00 6.38329e-08
0.7480000E+00 5.46591e-08
0.7500000E+00 5.12364e-08
0.7520000E+00 5.07142e-08
0.7540000E+00 4.83555e-08
0.7560000E+00 4.91433e-08
0.7580000E+00 6.60133e-08
0.7600000E+00 7.14592e-08
0.7620000E+00 5.74322e-08
0.7640000E+00 4.73584e-08
0.7660000E+00 4.27743e-08
0.7680000E+00 -4.33157e-09
0.7700000E+00 1.28064e-08
0.7720000E+00 1.12821e-08
0.7740000E+00 1.38017e-08
0.7760000E+00 1.07588e-07
0.7780000E+00 1.76535e-07
0.7800000E+00 1.1127e-07
0.7820000E+00 8.14673e-08
0.7840000E+00 8.08237e-08
0.7860000E+00 7.7955e-08
0.7880000E+00 6.4469e-08
0.7900000E+00 6.99567e-08
0.7920000E+00 7.37967e-08
0.7940000E+00 6.48955e-08
0.7960000E+00 5.90128e-08
0.7980000E+00 5.16182e-08
0.8000000E+00 4.67986e-08
0.8020000E+00 1.34337e-08
0.8040000E+00 1.33056e-08
0.8060000E+00 2.68186e-08
0.8080000E+00 2.54663e-08
0.8100000E+00 2.31523e-08
0.8120000E+00 2.22955e-08
0.8140000E+00 6.94712e-08
0.8160000E+00 1.8284e-07
0.8180000E+00 1.66755e-07
0.8200000E+00 9.23211e-08
0.8220000E+00 9.03264e-08
0.8240000E+00 8.86338e-08
0.8260000E+00 1.00339e-07
0.8280000E+00 7.69656e-08
0.8300000E+00 6.33291e-08
0.8320000E+00 4.827e-08
0.8340000E+00 4.37493e-08
0.8360000E+00 3.97431e-08
0.8380000E+00 4.07557e-08
0.8400000E+00 4.84314e-10
0.8420000E+00 1.66926e-08
0.8440000E+00 2.28384e-08
0.8460000E+00 2.06485e-08
0.8480000E+00 2.11722e-08
0.8500000E+00 1.94269e-08
0.8520000E+00 5.56262e-08
0.8540000E+00 1.28212e-07
0.8560000E+00 1.60395e-07
0.8580000E+00 1.4862e-07
0.8600000E+00 1.11043e-07
0.8620000E+00 7.97257e-08
0.8640000E+00 7.41476e-08
0.8660000E+00 6.3621e-08
0.8680000E+00 5.99984e-08
0.8700000E+00 5.81545e-08
0.8720000E+00 5.61155e-08
0.8740000E+00 5.36967e-08
0.8760000E+00 5.12085e-08
0.8780000E+00 4.90407e-08
0.8800000E+00 4.41063e-08
0.8820000E+00 2.12546e-08
0.8840000E+00 1.7893e-08
0.8860000E+00 1.85785e-08
0.8880000E+00 1.87651e-08
0.8900000E+00 2.33409e-08
0.8920000E+00 1.60653e-07
0.8940000E+00 1.95471e-07
0.8960000E+00 4.79771e-08
0.8980000E+00 4.4006e-08
0.9000000E+00 7.072e-08
0.9020000E+00 7.63773e-08
0.9040000E+00 7.57849e-08
0.9060000E+00 6.09361e-08
0.9080000E+00 4.53564e-08
0.9100000E+00 3.93873e-08
0.9120000E+00 3.72079e-08
0.9140000E+00 3.4169e-08
0.9160000E+00 3.11209e-08
0.9180000E+00 4.39008e-08
0.9200000E+00 3.00529e-08
0.9220000E+00 2.8474e-08
0.9240000E+00 2.66425e-08
0.9260000E+00 1.33975e-08
0.9280000E+00 7.576e-08
0.9300000E+00 1.56461e-07
0.9320000E+00 1.53989e-07
0.9340000E+00 1.12241e-07
0.9360000E+00 7.77533e-08
0.9380000E+00 6.09294e-08
0.9400000E+00 5.27372e-08
0.9420000E+00 5.10768e-08
0.9440000E+00 4.92075e-08
0.9460000E+00 5.16308e-08
0.9480000E+00 5.47352e-08
0.9500000E+00 4.9915e-08
0.9520000E+00 4.24543e-08
0.9540000E+00 3.41087e-08
0.9560000E+00 -7.07389e-09
0.9580000E+00 -2.15932e-08
0.9600000E+00 -4.57499e-09
0.9620000E+00 -1.53771e-09
0.9640000E+00 2.77751e-08
0.9660000E+00 1.25762e-07
0.9680000E+00 1.69596e-07
0.9700000E+00 1.11206e-07
0.9720000E+00 6.6748e-08
0.9740000E+00 7.13569e-08
0.9760000E+00 5.88047e-08
0.9780000E+00 4.64991e-08
0.9800000E+00 5.38939e-08
0.9820000E+00 4.37049e-08
0.9840000E+00 3.94231e-08
0.9860000E+00 3.30723e-08
0.9880000E+00 2.80135e-08
0.9900000E+00 2.81315e-08
0.9920000E+00 2.50926e-08
0.9940000E+00 2.23039e-08
0.9960000E+00 1.92258e-08
0.9980000E+00 1.40791e-08
0.1000000E+01 8.67411e-09
0.1002000E+01 1.2552e-07
0.1004000E+01 1.88992e-07
0.1006000E+01 1.2738e-07
0.1008000E+01 8.65823e-08
0.1010000E+01 8.69211e-08
0.1012000E+01 8.22965e-08
0.1014000E+01 3.28398e-08
0.1016000E+01 1.07161e-08
0.1018000E+01 2.50563e-08
0.1020000E+01 7.83386e-09
0.1022000E+01 7.3873e-09
0.1024000E+01 1.00486e-08
0.1026000E+01 1.0161e-08
0.1028000E+01 8.27617e-09
0.1030000E+01 6.50831e-09
0.1032000E+01 4.54142e-09
0.1034000E+01 2.98022e-09
0.1036000E+01 2.65906e-08
0.1038000E+01 1.04776e-07
0.1040000E+01 1.7029e-07
0.1042000E+01 1.4292e-07
0.1044000E+01 1.02301e-07
0.1046000E+01 6.97782e-08
0.1048000E+01 5.01891e-08
0.1050000E+01 4.77835e-08
0.1052000E+01 4.50508e-08
0.1054000E+01 4.26526e-08
0.1056000E+01 4.00315e-08
0.1058000E+01 3.7424e-08
0.1060000E+01 3.13719e-08
0.1062000E+01 2.51902e-08
0.1064000E+01 1.81743e-08
0.1066000E+01 1.12347e-08
0.1068000E+01 7.19501e-09
0.1070000E+01 -2.65612e-08
0.1072000E+01 7.17548e-09
0.1074000E+01 1.39832e-07
0.1076000E+01 1.80529e-07
0.1078000E+01 7.02264e-08
0.1080000E+01 7.29994e-08
0.1082000E+01 6.76302e-08
0.1084000E+01 6.64975e-08
0.1086000E+01 5.03681e-08
0.1088000E+01 2.95691e-08
0.1090000E+01 2.03561e-08
0.1092000E+01 1.69882e-08
0.1094000E+01 1.37192e-08
0.1096000E+01 1.00837e-08
0.1098000E+01 7.02967e-09
0.1100000E+01 5.15271e-09
0.1102000E+01 3.30594e-09
0.1104000E+01 1.25437e-09
0.1106000E+01 3.48049e-08
0.1108000E+01 1.04333e-07
0.1110000E+01 1.47513e-07
0.1112000E+01 1.19187e-07
0.1114000E+01 7.76195e-08
0.1116000E+01 4.53224e-08
0.1118000E+01 4.00305e-08
0.1120000E+01 3.64921e-08
0.1122000E+01 3.00275e-08
0.1124000E+01 2.86278e-08
0.1126000E+01 5.9239e-09
0.1128000E+01 -6.68441e-09
0.1130000E+01 -2.22063e-09
0.1132000E+01 -9.14177e-09
0.1134000E+01 -1.27647e-08
0.1136000E+01 -1.40141e-08
0.1138000E+01 -1.54477e-08
0.1140000E+01 -1.70617e-08
0.1142000E+01 1.42808e-07
0.1144000E+01 1.86111e-07
0.1146000E+01 7.68275e-08
0.1148000E+01 7.35734e-08
0.1150000E+01 7.82366e-08
0.1152000E+01 6.82401e-08
0.1154000E+01 5.19967e-08
0.1156000E+01 2.89754e-08
0.1158000E+01 1.79627e-08
0.1160000E+01 1.41513e-08
0.1162000E+01 1.08719e-08
0.1164000E+01 7.96353e-09
0.1166000E+01 5.91078e-09
0.1168000E+01 3.78344e-09
0.1170000E+01 1.81012e-09
0.1172000E+01 -1.499e-10
0.1174000E+01 4.8541e-08
0.1176000E+01 1.29959e-07
0.1178000E+01 1.66125e-07
0.1180000E+01 1.05946e-07
0.1182000E+01 3.83034e-08
0.1184000E+01 2.06266e-08
0.1186000E+01 2.32739e-08
0.1188000E+01 2.82593e-08
0.1190000E+01 2.73237e-08
0.1192000E+01 2.16841e-08
0.1194000E+01 1.71851e-08
0.1196000E+01 1.06583e-08
0.1198000E+01 3.90608e-09
0.1200000E+01 -2.68778e-09
0.1202000E+01 -8.90417e-09
0.1204000E+01 -1.25895e-08
0.1206000E+01 -1.76341e-08
0.1208000E+01 1.297e-07
0.1210000E+01 1.71223e-07
0.1212000E+01 7.14407e-08
0.1214000E+01 6.90696e-08
0.1216000E+01 6.60709e-08
0.1218000E+01 5.32482e-08
0.1220000E+01 3.57529e-08
0.1222000E+01 1.8389e-08
0.1224000E+01 7.63688e-09
0.1226000E+01 1.26501e-08
0.1228000E+01 5.37893e-09
0.1230000E+01 1.65083e-09
0.1232000E+01 -1.43069e-09
0.1234000E+01 -1.44287e-08
0.1236000E+01 -2.45962e-08
0.1238000E+01 -1.1528e-08
0.1240000E+01 6.39617e-08
0.1242000E+01 1.41506e-07
0.1244000E+01 1.13813e-07
0.1246000E+01 6.03194e-08
0.1248000E+01 2.55768e-08
0.1250000E+01 2.05137e-08
0.1252000E+01 1.81572e-08
0.1254000E+01 1.53081e-08
0.1256000E+01 1.2965e-08
0.1258000E+01 9.63751e-09
0.1260000E+01 2.62723e-09
0.1262000E+01 -5.51146e-09
0.1264000E+01 -7.45025e-09
0.1266000E+01 -1.0921e-08
0.1268000E+01 -1.6279e-08
0.1270000E+01 -2.11889e-08
0.1272000E+01 1.4511e-07
0.1274000E+01 1.92115e-07
0.1276000E+01 8.14913e-08
0.1278000E+01 7.86556e-08
0.1280000E+01 7.59373e-08
0.1282000E+01 6.19547e-08
0.1284000E+01 3.60207e-08
0.1286000E+01 1.51251e-08
0.1288000E+01 3.31909e-09
0.1290000E+01 -1.04812e-09
0.1292000E+01 -4.43503e-09
0.1294000E+01 -4.81692e-09
0.1296000E+01 -6.89014e-09
0.1298000E+01 -9.28784e-09
0.1300000E+01 -1.35775e-08
0.1302000E+01 5.4874e-08
0.1304000E+01 1.47039e-07
0.1306000E+01 1.6575e-07
0.1308000E+01 9.92113e-08
0.1310000E+01 3.31224e-08
0.1312000E+01 2.46754e-08
0.1314000E+01 2.11697e-08
0.1316000E+01 1.8368e-08
0.1318000E+01 1.51051e-08
0.1320000E+01 1.28249e-08
0.1322000E+01 3.02411e-09
0.1324000E+01 -9.76108e-09
0.1326000E+01 -1.76268e-08
0.1328000E+01 -2.07766e-08
0.1330000E+01 -2.40337e-08
0.1332000E+01 3.00478e-08
0.1334000E+01 1.14933e-07
0.1336000E+01 1.62968e-07
0.1338000E+01 6.68762e-08
0.1340000E+01 6.34655e-08
0.1342000E+01 4.83531e-08
0.1344000E+01 3.30923e-08
0.1346000E+01 1.32518e-08
0.1348000E+01 3.49267e-09
0.1350000E+01 -4.11239e-12
0.1352000E+01 -3.77242e-09
0.1354000E+01 -6.4935e-09
0.1356000E+01 -9.10998e-09
0.1358000E+01 -1.15055e-08
0.1360000E+01 -1.37588e-08
0.1362000E+01 6.02226e-08
0.1364000E+01 1.72744e-07
0.1366000E+01 1.72302e-07
0.1368000E+01 9.42986e-08
0.1370000E+01 5.98321e-08
0.1372000E+01 4.11333e-08
0.1374000E+01 3.91931e-08
0.1376000E+01 2.95069e-08
0.1378000E+01 -9.35034e-09
0.1380000E+01 -1.77431e-08
0.1382000E+01 -1.35608e-08
0.1384000E+01 -1.53528e-08
0.1386000E+01 -1.96616e-08
0.1388000E+01 -2.40658e-08
0.1390000E+01 -1.26548e-08
0.1392000E+01 1.03002e-07
0.1394000E+01 1.7114e-07
0.1396000E+01 1.05171e-07
0.1398000E+01 6.85976e-08
0.1400000E+01 4.8362e-08
0.1402000E+01 3.61968e-08
0.1404000E+01 3.18782e-08
0.1406000E+01 1.95689e-08
0.1408000E+01 6.73459e-09
0.1410000E+01 1.91751e-09
0.1412000E+01 -3.99772e-09
0.1414000E+01 -8.48239e-09
0.1416000E+01 -1.23486e-08
0.1418000E+01 -1.73227e-08
0.1420000E+01 1.27225e-07
0.1422000E+01 1.75644e-07
0.1424000E+01 8.69293e-08
0.1426000E+01 8.58669e-08
0.1428000E+01 6.92875e-08
0.1430000E+01 4.64131e-08
0.1432000E+01 -1.25974e-08
0.1434000E+01 -3.37129e-08
0.1436000E+01 -1.5175e-08
0.1438000E+01 -1.24794e-08
0.1440000E+01 -1.55942e-08
0.1442000E+01 -2.09631e-08
0.1444000E+01 -2.31248e-08
0.1446000E+01 -7.45795e-09
0.1448000E+01 8.75304e-08
0.1450000E+01 1.77755e-07
0.1452000E+01 1.17191e-07
0.1454000E+01 5.0302e-08
0.1456000E+01 3.39976e-08
0.1458000E+01 3.06187e-08
0.1460000E+01 2.84267e-08
0.1462000E+01 2.60065e-08
0.1464000E+01 2.17586e-08
0.1466000E+01 1.42121e-08
0.1468000E+01 -1.52331e-09
0.1470000E+01 -4.83192e-09
0.1472000E+01 -8.10354e-09
0.1474000E+01 4.16139e-08
0.1476000E+01 1.36367e-07
0.1478000E+01 1.14875e-07
0.1480000E+01 1.71766e-08
0.1482000E+01 2.08421e-08
0.1484000E+01 2.03494e-08
0.1486000E+01 1.44892e-08
0.1488000E+01 5.08423e-09
0.1490000E+01 -6.45088e-09
0.1492000E+01 -1.02385e-08
0.1494000E+01 -1.04632e-08
0.1496000E+01 -1.14111e-08
0.1498000E+01 -2.14782e-09
0.1500000E+01 -5.0749e-09
0.1502000E+01 1.36352e-07
0.1504000E+01 1.89152e-07
0.1506000E+01 9.49459e-08
0.1508000E+01 9.31431e-08
0.1510000E+01 7.26432e-08
0.1512000E+01 4.14171e-08
0.1514000E+01 2.26531e-08
0.1516000E+01 1.73968e-08
0.1518000E+01 1.56002e-08
0.1520000E+01 -2.5227e-08
0.1522000E+01 -6.03835e-08
0.1524000E+01 -4.67759e-08
0.1526000E+01 -3.08424e-08
0.1528000E+01 7.05332e-08
0.1530000E+01 1.40159e-07
0.1532000E+01 7.45539e-08
0.1534000E+01 3.00622e-08
0.1536000E+01 1.58596e-08
0.1538000E+01 1.40283e-08
0.1540000E+01 1.28736e-08
0.1542000E+01 1.0249e-08
0.1544000E+01 6.52191e-09
0.1546000E+01 -3.82853e-10
0.1548000E+01 8.99283e-09
0.1550000E+01 3.48359e-09
0.1552000E+01 2.56436e-08
0.1554000E+01 1.15901e-07
0.1556000E+01 1.58185e-07
0.1558000E+01 6.59747e-08
0.1560000E+01 -4.24849e-10
0.1562000E+01 2.88016e-10
0.1564000E+01 9.75649e-09
0.1566000E+01 7.39403e-09
0.1568000E+01 -4.43303e-09
0.1570000E+01 -7.11164e-09
0.1572000E+01 -1.01005e-08
0.1574000E+01 -1.51013e-08
0.1576000E+01 -1.84687e-08
0.1578000E+01 8.34431e-08
0.1580000E+01 1.39688e-07
0.1582000E+01 9.94637e-08
0.1584000E+01 7.48506e-08
0.1586000E+01 5.98033e-08
0.1588000E+01 4.67781e-08
0.1590000E+01 3.17231e-08
0.1592000E+01 2.07507e-08
0.1594000E+01 -3.34575e-08
0.1596000E+01 -5.80082e-08
0.1598000E+01 -1.97768e-08
0.1600000E+01 -5.46066e-09
0.1602000E+01 4.45541e-08
0.1604000E+01 7.13898e-08
0.1606000E+01 6.0206e-08
0.1608000E+01 6.78227e-08
0.1610000E+01 6.07172e-08
0.1612000E+01 5.20518e-08
0.1614000E+01 3.48259e-08
0.1616000E+01 3.23994e-08
0.1618000E+01 2.58567e-08
0.1620000E+01 2.28847e-08
0.1622000E+01 1.88912e-08
0.1624000E+01 1.08663e-08
0.1626000E+01 -5.50226e-08
0.1628000E+01 7.4599e-08
0.1630000E+01 8.26437e-08
0.1632000E+01 4.00354e-08
0.1634000E+01 2.91858e-08
0.1636000E+01 2.713e-08
0.1638000E+01 1.47304e-08
0.1640000E+01 1.0286e-08
0.1642000E+01 -1.37029e-08
0.1644000E+01 -2.06109e-08
0.1646000E+01 8.49648e-09
0.1648000E+01 1.73802e-08
0.1650000E+01 8.90148e-08
0.1652000E+01 1.62276e-07
0.1654000E+01 1.10339e-07
0.1656000E+01 2.99446e-08
0.1658000E+01 -7.76228e-09
0.1660000E+01 1.89938e-09
0.1662000E+01 -2.12501e-09
0.1664000E+01 -1.43777e-08
0.1666000E+01 -2.27181e-08
0.1668000E+01 2.42479e-09
0.1670000E+01 1.58041e-10
0.1672000E+01 4.55695e-08
0.1674000E+01 1.33212e-07
0.1676000E+01 1.33502e-07
0.1678000E+01 7.80185e-08
0.1680000E+01 6.44474e-08
0.1682000E+01 6.15357e-08
0.1684000E+01 2.17661e-08
0.1686000E+01 -1.02916e-08
0.1688000E+01 -8.4104e-09
0.1690000E+01 -1.04923e-08
0.1692000E+01 -2.65599e-08
0.1694000E+01 3.18325e-08
0.1696000E+01 1.28646e-07
0.1698000E+01 1.39379e-07
0.1700000E+01 8.67588e-08
0.1702000E+01 6.98533e-08
0.1704000E+01 5.74703e-08
0.1706000E+01 5.08787e-08
0.1708000E+01 4.40377e-08
0.1710000E+01 3.58313e-08
0.1712000E+01 -6.47914e-09
0.1714000E+01 -2.86138e-08
0.1716000E+01 3.43263e-08
0.1718000E+01 1.14445e-07
0.1720000E+01 9.62022e-08
0.1722000E+01 6.43302e-08
0.1724000E+01 5.42228e-08
0.1726000E+01 5.89695e-08
0.1728000E+01 4.7607e-08
0.1730000E+01 4.55243e-08
0.1732000E+01 4.62461e-08
0.1734000E+01 6.52821e-08
0.1736000E+01 3.1279e-08
0.1738000E+01 1.00178e-07
0.1740000E+01 1.35493e-07
0.1742000E+01 8.31341e-08
0.1744000E+01 8.20123e-08
0.1746000E+01 7.03448e-08
0.1748000E+01 4.70323e-08
0.1750000E+01 4.30249e-08
0.1752000E+01 4.19035e-08
0.1754000E+01 4.05805e-08
0.1756000E+01 3.89215e-08
0.1758000E+01 6.89265e-08
0.1760000E+01 1.15467e-07
0.1762000E+01 7.28724e-08
0.1764000E+01 7.53812e-08
0.1766000E+01 6.60081e-08
0.1768000E+01 5.90257e-08
0.1770000E+01 5.56623e-08
0.1772000E+01 5.79722e-08
0.1774000E+01 5.54612e-08
0.1776000E+01 4.49066e-08
0.1778000E+01 1.12994e-07
0.1780000E+01 1.93851e-07
0.1782000E+01 1.53702e-07
0.1784000E+01 1.11762e-07
0.1786000E+01 8.73716e-08
0.1788000E+01 7.98646e-08
0.1790000E+01 6.98905e-08
0.1792000E+01 6.59386e-08
0.1794000E+01 5.80353e-08
0.1796000E+01 4.42183e-08
0.1798000E+01 1.33117e-07
0.1800000E+01 1.77936e-07
0.1802000E+01 1.29143e-07
0.1804000E+01 1.02871e-07
0.1806000E+01 8.67442e-08
0.1808000E+01 9.11321e-08
0.1810000E+01 9.10962e-08
0.1812000E+01 1.02489e-07
0.1814000E+01 9.099e-08
0.1816000E+01 1.10839e-07
0.1818000E+01 1.72346e-07
0.1820000E+01 1.54979e-07
0.1822000E+01 1.2734e-07
0.1824000E+01 1.24571e-07
0.1826000E+01 1.28176e-07
0.1828000E+01 1.16141e-07
0.1830000E+01 1.02846e-07
0.1832000E+01 9.8936e-08
0.1834000E+01 1.15302e-07
0.1836000E+01 1.81327e-07
0.1838000E+01 1.84713e-07
0.1840000E+01 1.55008e-07
0.1842000E+01 1.50423e-07
0.1844000E+01 1.69759e-07
0.1846000E+01 1.37758e-07
0.1848000E+01 1.43381e-07
0.1850000E+01 1.39865e-07
0.1852000E+01 1.71943e-07
0.1854000E+01 2.20029e-07
0.1856000E+01 1.88724e-07
0.1858000E+01 1.65343e-07
0.1860000E+01 1.70934e-07
0.1862000E+01 2.0752e-07
0.1864000E+01 2.05535e-07
0.1866000E+01 1.87863e-07
0.1868000E+01 1.82378e-07
0.1870000E+01 2.55891e-07
0.1872000E+01 2.52108e-07
0.1874000E+01 2.13011e-07
0.1876000E+01 2.05524e-07
0.1878000E+01 2.59095e-07
0.1880000E+01 2.69123e-07
0.1882000E+01 2.44185e-07
0.1884000E+01 2.42082e-07
0.1886000E+01 2.75988e-07
0.1888000E+01 2.85435e-07
0.1890000E+01 2.66577e-07
0.1892000E+01 2.51341e-07
0.1894000E+01 3.37572e-07
0.1896000E+01 3.30196e-07
0.1898000E+01 2.91209e-07
0.1900000E+01 3.25916e-07
0.1902000E+01 3.31417e-07
0.1904000E+01 3.41752e-07
0.1906000E+01 3.76618e-07
0.1908000E+01 5.11367e-07
0.1910000E+01 5.81392e-07
0.1912000E+01 5.07642e-07
0.1914000E+01 5.12183e-07
0.1916000E+01 5.49617e-07
0.1918000E+01 6.7639e-07
0.1920000E+01 8.35286e-07
0.1922000E+01 9.99331e-07
0.1924000E+01 2.0061e-06
0.1926000E+01 7.18331e-07
0.1928000E+01 -1.33775e-06
0.1930000E+01 1.51444e-07
0.1932000E+01 1.48697e-07
0.1934000E+01 7.85582e-08
0.1936000E+01 1.66799e-07
0.1938000E+01 3.72556e-07
0.1940000E+01 1.76615e-06
0.1942000E+01 4.62218e-07
0.1944000E+01 1.7481e-06
0.1946000E+01 2.15879e-06
0.1948000E+01 1.5818e-06
0.1950000E+01 2.84774e-06
0.1952000E+01 2.14745e-06
0.1954000E+01 1.1733e-05
0.1956000E+01 -1.85356e-06
0.1958000E+01 -1.42748e-05
0.1960000E+01 -5.43049e-06
0.1962000E+01 -5.68085e-06
0.1964000E+01 -2.00763e-06
0.1966000E+01 -1.31489e-06
0.1968000E+01 -1.73809e-06
0.1970000E+01 -1.88787e-06
0.1972000E+01 -2.49188e-06
0.1974000E+01 -2.56043e-06
0.1976000E+01 -1.01465e-06
0.1978000E+01 -9.55567e-07
0.1980000E+01 -2.92975e-06
0.1982000E+01 -2.32514e-06
0.1984000E+01 -9.79249e-07
0.1986000E+01 -5.18007e-07
0.1988000E+01 -7.52965e-07
0.1990000E+01 -8.43307e-07
0.1992000E+01 -1.03651e-06
0.1994000E+01 -2.70426e-07
0.1996000E+01 -3.20775e-07
0.1998000E+01 -2.60508e-07
0.2000000E+01 -3.68695e-07
0.2002000E+01 -3.77915e-07
0.2004000E+01 -3.87588e-07
0.2006000E+01 -4.08257e-07
0.2008000E+01 -4.2864e-07
0.2010000E+01 -4.59066e-07
0.2012000E+01 -5.07678e-07
0.2014000E+01 -6.01331e-07
0.2016000E+01 -8.23083e-07
0.2018000E+01 -5.42762e-07
0.2020000E+01 -2.70564e-07
0.2022000E+01 -2.76855e-07
0.2024000E+01 -2.82953e-07
0.2026000E+01 -2.7277e-07
0.2028000E+01 -2.85524e-07
0.2030000E+01 4.47048e-07
0.2032000E+01 2.06527e-06
0.2034000E+01 4.30833e-06
0.2036000E+01 2.44748e-06
0.2038000E+01 -1.36307e-06
0.2040000E+01 -1.321e-06
0.2042000E+01 -7.92211e-07
0.2044000E+01 -2.50743e-07
0.2046000E+01 -4.63567e-07
0.2048000E+01 1.92584e-07
0.2050000E+01 6.89725e-07
0.2052000E+01 1.80696e-07
0.2054000E+01 -9.5934e-07
0.2056000E+01 -8.76678e-07
0.2058000E+01 -2.86899e-07
0.2060000E+01 -2.47684e-08
0.2062000E+01 3.13838e-08
0.2064000E+01 2.7574e-08
0.2066000E+01 -3.43875e-07
0.2068000E+01 -5.49104e-08
0.2070000E+01 -2.03331e-07
0.2072000E+01 -6.13034e-07
0.2074000E+01 -4.40411e-07
0.2076000E+01 -9.91013e-08
0.2078000E+01 -2.75022e-08
0.2080000E+01 -7.7597e-08
0.2082000E+01 -1.40919e-07
0.2084000E+01 -4.45983e-07
0.2086000E+01 -3.94912e-07
0.2088000E+01 -3.30762e-07
0.2090000E+01 -3.17011e-07
0.2092000E+01 -8.70863e-08
0.2094000E+01 1.5645e-07
0.2096000E+01 3.39722e-08
0.2098000E+01 -1.92642e-07
0.2100000E+01 -2.65799e-07
0.2102000E+01 -2.56867e-07
0.2104000E+01 -2.42507e-07
0.2106000E+01 -1.8031e-07
0.2108000E+01 -4.66423e-08
0.2110000E+01 1.25691e-08
0.2112000E+01 -2.59724e-08
0.2114000E+01 -1.20069e-08
0.2116000E+01 -4.87539e-08
0.2118000E+01 -2.50678e-07
0.2120000E+01 -3.01816e-07
0.2122000E+01 -2.81769e-07
0.2124000E+01 -3.12785e-07
0.2126000E+01 -3.59378e-07
0.2128000E+01 -2.05345e-07
0.2130000E+01 2.62469e-08
0.2132000E+01 -4.76075e-08
0.2134000E+01 -1.97243e-07
0.2136000E+01 -1.80602e-07
0.2138000E+01 -1.88871e-07
0.2140000E+01 -1.84334e-07
0.2142000E+01 -1.85954e-07
0.2144000E+01 -7.1007e-08
0.2146000E+01 5.98219e-08
0.2148000E+01 2.24039e-08
0.2150000E+01 -2.04485e-08
0.2152000E+01 -8.86048e-08
0.2154000E+01 -1.43685e-07
0.2156000E+01 -2.25995e-07
0.2158000E+01 -3.06165e-07
0.2160000E+01 -1.82305e-07
0.2162000E+01 -6.88125e-08
0.2164000E+01 -6.54457e-08
0.2166000E+01 -7.6958e-08
0.2168000E+01 -7.05317e-08
0.2170000E+01 -1.23472e-07
0.2172000E+01 -1.79333e-07
0.2174000E+01 -2.15569e-07
0.2176000E+01 -2.26749e-07
0.2178000E+01 -2.18337e-07
0.2180000E+01 2.03258e-08
0.2182000E+01 7.0195e-08
0.2184000E+01 -1.16361e-07
0.2186000E+01 -1.28142e-07
0.2188000E+01 -1.25892e-07
0.2190000E+01 -1.25495e-07
0.2192000E+01 -6.39893e-08
0.2194000E+01 5.15512e-08
0.2196000E+01 1.16721e-07
0.2198000E+01 -4.67051e-08
0.2200000E+01 -1.38641e-07
0.2202000E+01 -1.84747e-07
0.2204000E+01 -1.82522e-07
0.2206000E+01 -1.46733e-07
0.2208000E+01 -3.64731e-08
0.2210000E+01 1.66539e-08
0.2212000E+01 1.08421e-08
0.2214000E+01 2.16484e-08
0.2216000E+01 -5.06741e-08
0.2218000E+01 -1.42493e-07
0.2220000E+01 -1.70687e-07
0.2222000E+01 1.34089e-07
0.2224000E+01 1.60206e-07
0.2226000E+01 -1.02143e-07
0.2228000E+01 -9.49707e-08
0.2230000E+01 -1.14984e-07
0.2232000E+01 5.23442e-08
0.2234000E+01 2.4658e-07
0.2236000E+01 2.68864e-07
0.2238000E+01 1.6008e-07
0.2240000E+01 -6.53454e-08
0.2242000E+01 2.3951e-08
0.2244000E+01 2.77419e-07
0.2246000E+01 3.12477e-08
0.2248000E+01 1.05115e-08
0.2250000E+01 5.32247e-08
0.2252000E+01 3.8827e-07
0.2254000E+01 4.39895e-07
0.2256000E+01 1.02311e-06
0.2258000E+01 1.87231e-06
0.2260000E+01 1.20296e-07
0.2262000E+01 -1.34416e-06
0.2264000E+01 -9.44602e-07
0.2266000E+01 -8.28012e-07
0.2268000E+01 -6.85123e-07
0.2270000E+01 -6.11164e-07
0.2272000E+01 -5.10547e-07
0.2274000E+01 -4.8403e-07
0.2276000E+01 -4.69383e-07
0.2278000E+01 -4.43719e-07
0.2280000E+01 -3.6262e-07
0.2282000E+01 -2.96804e-07
0.2284000E+01 -2.86444e-07
0.2286000E+01 -3.01968e-07
0.2288000E+01 -2.8175e-07
0.2290000E+01 -2.69893e-07
0.2292000E+01 -2.68917e-07
0.2294000E+01 -2.92198e-07
0.2296000E+01 -2.89014e-07
0.2298000E+01 -2.77482e-07
0.2300000E+01 -2.71357e-07
0.2302000E+01 -2.7059e-07
0.2304000E+01 -2.6746e-07
0.2306000E+01 -2.62301e-07
0.2308000E+01 -2.63499e-07
0.2310000E+01 -2.62295e-07
0.2312000E+01 -2.28458e-07
0.2314000E+01 -2.48083e-07
0.2316000E+01 -2.65727e-07
0.2318000E+01 -2.67203e-07
0.2320000E+01 -2.63109e-07
0.2322000E+01 -2.59101e-07
0.2324000E+01 -2.52976e-07
0.2326000E+01 -2.48201e-07
0.2328000E+01 -2.45739e-07
0.2330000E+01 -2.39186e-07
0.2332000E+01 -2.40108e-07
0.2334000E+01 -2.38133e-07
0.2336000E+01 -2.32116e-07
0.2338000E+01 -2.35387e-07
0.2340000E+01 -2.33069e-07
0.2342000E+01 -2.3361e-07
0.2344000E+01 -2.27063e-07
0.2346000E+01 -2.25346e-07
0.2348000E+01 -2.35045e-07
0.2350000E+01 -2.3984e-07
0.2352000E+01 -2.34615e-07
0.2354000E+01 -2.30242e-07
0.2356000E+01 -2.27967e-07
0.2358000E+01 -2.26227e-07
0.2360000E+01 -2.31325e-07
0.2362000E+01 -2.38491e-07
0.2364000E+01 -2.49169e-07
0.2366000E+01 -2.36735e-07
0.2368000E+01 -3.0581e-07
0.2370000E+01 -4.37517e-07
0.2372000E+01 -3.84924e-07
0.2374000E+01 -3.14897e-07
0.2376000E+01 -1.5793e-07
0.2378000E+01 -1.65728e-07
0.2380000E+01 -1.88429e-07
0.2382000E+01 -1.71597e-07
0.2384000E+01 -2.36047e-07
0.2386000E+01 -2.11099e-07
0.2388000E+01 -2.21481e-07
0.2390000E+01 -2.31204e-07
0.2392000E+01 -2.50821e-07
0.2394000E+01 -2.2752e-07
0.2396000E+01 -2.42157e-07
0.2398000E+01 -2.53225e-07
0.2400000E+01 -2.39666e-07
0.2402000E+01 -2.22522e-07
0.2404000E+01 -2.38325e-07
0.2406000E+01 -2.183e-07
0.2408000E+01 -2.29551e-07
0.2410000E+01 -2.24537e-07
0.2412000E+01 -1.99692e-07
0.2414000E+01 -2.05041e-07
0.2416000E+01 -2.02693e-07
0.2418000E+01 -1.98146e-07
0.2420000E+01 -1.67404e-07
0.2422000E+01 -2.04295e-07
0.2424000E+01 -2.15889e-07
0.2426000E+01 -2.13646e-07
0.2428000E+01 -2.16831e-07
0.2430000E+01 -2.12563e-07
0.2432000E+01 -2.07492e-07
0.2434000E+01 -2.06544e-07
0.2436000E+01 -2.03716e-07
0.2438000E+01 -2.1161e-07
0.2440000E+01 -2.05893e-07
0.2442000E+01 -2.0735e-07
0.2444000E+01 -2.07655e-07
0.2446000E+01 -2.00856e-07
0.2448000E+01 -1.97028e-07
0.2450000E+01 -1.96876e-07
0.2452000E+01 -1.94517e-07
0.2454000E+01 -1.89344e-07
0.2456000E+01 -1.87824e-07
0.2458000E+01 -1.81164e-07
0.2460000E+01 -1.74326e-07
0.2462000E+01 -2.24736e-07
0.2464000E+01 -2.91322e-07
0.2466000E+01 -8.3192e-08
0.2468000E+01 -1.56817e-07
0.2470000E+01 -1.48371e-07
0.2472000E+01 -8.86487e-08
0.2474000E+01 -1.32167e-07
0.2476000E+01 -1.60887e-07
0.2478000E+01 -1.42489e-07
0.2480000E+01 -1.38414e-07
0.2482000E+01 -1.57644e-07
0.2484000E+01 -1.39695e-07
0.2486000E+01 -1.56765e-07
0.2488000E+01 -1.36657e-07
0.2490000E+01 -1.32998e-07
0.2492000E+01 -1.46779e-07
0.2494000E+01 -1.45754e-07
0.2496000E+01 -1.41524e-07
0.2498000E+01 -1.5286e-07
0.2500000E+01 -6.75918e-08
0.2502000E+01 -1.44234e-07
0.2504000E+01 -1.26992e-07
0.2506000E+01 -1.20962e-07
0.2508000E+01 -1.31501e-07
0.2510000E+01 -1.51135e-07
0.2512000E+01 -1.37356e-07
0.2514000E+01 -1.87264e-08
0.2516000E+01 -1.2711e-07
0.2518000E+01 -1.37921e-07
0.2520000E+01 -1.33004e-07
0.2522000E+01 -1.26432e-07
0.2524000E+01 -1.29249e-07
0.2526000E+01 -1.35559e-07
0.2528000E+01 -8.25165e-08
0.2530000E+01 -5.93682e-08
0.2532000E+01 -9.34123e-08
0.2534000E+01 -1.69629e-07
0.2536000E+01 -1.33021e-07
0.2538000E+01 -1.18641e-07
0.2540000E+01 -1.15801e-07
0.2542000E+01 -1.18431e-07
0.2544000E+01 -1.1724e-07
0.2546000E+01 -1.38511e-08
0.2548000E+01 -6.32212e-08
0.2550000E+01 -8.29524e-08
0.2552000E+01 -7.93975e-08
0.2554000E+01 -1.32826e-07
0.2556000E+01 -1.09642e-07
0.2558000E+01 -1.09081e-07
0.2560000E+01 -1.09554e-07
0.2562000E+01 -1.10926e-07
0.2564000E+01 -5.18975e-08
0.2566000E+01 -5.44287e-08
0.2568000E+01 -8.0102e-08
0.2570000E+01 -9.12546e-08
0.2572000E+01 -8.86927e-08
0.2574000E+01 -8.71418e-08
0.2576000E+01 -8.14924e-08
0.2578000E+01 -8.63472e-08
0.2580000E+01 -9.5894e-08
0.2582000E+01 -1.0609e-07
0.2584000E+01 -2.99507e-08
0.2586000E+01 -3.27162e-08
0.2588000E+01 -5.04492e-08
0.2590000E+01 -6.32571e-08
0.2592000E+01 -9.65914e-08
0.2594000E+01 -1.14685e-07
0.2596000E+01 -9.58349e-08
0.2598000E+01 -8.74217e-08
0.2600000E+01 -8.85597e-08
0.2602000E+01 -8.83966e-08
0.2604000E+01 -7.84115e-08
0.2606000E+01 -3.46344e-08
0.2608000E+01 -6.83335e-08
0.2610000E+01 -6.71544e-08
0.2612000E+01 -7.17016e-08
0.2614000E+01 -7.40034e-08
0.2616000E+01 -6.09341e-08
0.2618000E+01 -7.89474e-08
0.2620000E+01 -1.02492e-07
0.2622000E+01 -9.69663e-08
0.2624000E+01 -1.05113e-07
0.2626000E+01 -7.95887e-08
0.2628000E+01 -3.62361e-08
0.2630000E+01 -3.46393e-08
0.2632000E+01 -7.5371e-08
0.2634000E+01 -1.10129e-07
0.2636000E+01 -8.98377e-08
0.2638000E+01 -7.01748e-08
0.2640000E+01 -7.76587e-08
0.2642000E+01 -7.58421e-08
0.2644000E+01 -7.20339e-08
0.2646000E+01 -6.55532e-08
0.2648000E+01 -9.51516e-08
0.2650000E+01 -1.09306e-07
0.2652000E+01 -6.56264e-08
0.2654000E+01 -5.31438e-08
0.2656000E+01 -4.70391e-08
0.2658000E+01 -6.92688e-08
0.2660000E+01 -6.743e-08
0.2662000E+01 -6.67031e-08
0.2664000E+01 -9.77588e-08
0.2666000E+01 -1.04405e-07
0.2668000E+01 -8.05573e-08
0.2670000E+01 -6.73043e-08
0.2672000E+01 -6.69131e-08
0.2674000E+01 -6.88837e-08
0.2676000E+01 -6.90516e-08
0.2678000E+01 -3.57497e-08
0.2680000E+01 -7.15942e-08
0.2682000E+01 -9.84331e-08
0.2684000E+01 -8.23185e-08
0.2686000E+01 -7.62715e-08
0.2688000E+01 -6.99678e-08
0.2690000E+01 -7.18019e-08
0.2692000E+01 -6.78778e-08
0.2694000E+01 -5.54486e-08
0.2696000E+01 -5.55373e-08
0.2698000E+01 -6.3824e-08
0.2700000E+01 -1.08254e-07
0.2702000E+01 -1.15658e-07
0.2704000E+01 -6.59905e-08
0.2706000E+01 -5.18228e-08
0.2708000E+01 -5.18458e-08
0.2710000E+01 -5.22844e-08
0.2712000E+01 -5.26188e-08
0.2714000E+01 -5.53592e-08
0.2716000E+01 -5.8193e-08
0.2718000E+01 -5.70233e-08
0.2720000E+01 -8.93226e-08
0.2722000E+01 -6.97687e-08
0.2724000E+01 -8.7776e-08
0.2726000E+01 -6.81288e-08
0.2728000E+01 -6.69506e-08
0.2730000E+01 -4.3412e-08
0.2732000E+01 -3.98651e-08
0.2734000E+01 -3.04786e-08
0.2736000E+01 -6.30638e-08
0.2738000E+01 -8.1871e-08
0.2740000E+01 -5.8008e-08
0.2742000E+01 -4.26192e-08
0.2744000E+01 -4.2069e-08
0.2746000E+01 -5.56715e-08
0.2748000E+01 -7.80866e-08
0.2750000E+01 -5.59463e-08
0.2752000E+01 -5.9646e-08
0.2754000E+01 -1.15572e-07
0.2756000E+01 -7.27953e-08
0.2758000E+01 -4.38284e-08
0.2760000E+01 -3.02829e-08
0.2762000E+01 -3.95446e-08
0.2764000E+01 -3.58209e-08
0.2766000E+01 -3.2768e-08
0.2768000E+01 -7.57481e-08
0.2770000E+01 -7.03256e-08
0.2772000E+01 -6.23913e-08
0.2774000E+01 -7.01336e-08
0.2776000E+01 -5.37688e-08
0.2778000E+01 -4.62079e-08
0.2780000E+01 -4.39759e-08
0.2782000E+01 -1.07977e-07
0.2784000E+01 -7.93532e-08
0.2786000E+01 -4.26407e-08
0.2788000E+01 -2.6489e-08
0.2790000E+01 -2.94252e-08
0.2792000E+01 -3.38356e-08
0.2794000E+01 -7.40503e-08
0.2796000E+01 -1.20407e-07
0.2798000E+01 -7.02494e-08
0.2800000E+01 -5.66024e-08
0.2802000E+01 -5.58369e-08
0.2804000E+01 -4.28703e-08
0.2806000E+01 -1.34036e-07
0.2808000E+01 -1.09732e-07
0.2810000E+01 -8.00186e-08
0.2812000E+01 -6.34936e-08
0.2814000E+01 -5.22018e-08
0.2816000E+01 -1.27085e-07
0.2818000E+01 -1.1116e-07
0.2820000E+01 -1.00021e-07
0.2822000E+01 -9.06952e-08
0.2824000E+01 -1.14911e-07
0.2826000E+01 -2.35013e-07
0.2828000E+01 -1.31631e-07
0.2830000E+01 -1.33686e-07
0.2832000E+01 -2.67215e-07
0.2834000E+01 -3.41974e-07
0.2836000E+01 -2.30899e-07
0.2838000E+01 -4.85466e-07
0.2840000E+01 -5.413e-07
0.2842000E+01 -8.13488e-07
0.2844000E+01 -1.44629e-06
0.2846000E+01 -1.60515e-06
0.2848000E+01 3.75948e-06
0.2850000E+01 1.36129e-06
0.2852000E+01 8.78512e-07
0.2854000E+01 5.1506e-07
0.2856000E+01 6.39467e-07
0.2858000E+01 4.60021e-07
0.2860000E+01 3.58772e-07
0.2862000E+01 3.15151e-07
0.2864000E+01 3.61713e-07
0.2866000E+01 2.66425e-07
0.2868000E+01 2.80973e-07
0.2870000E+01 2.23812e-07
0.2872000E+01 2.30456e-07
0.2874000E+01 2.32413e-07
0.2876000E+01 1.91747e-07
0.2878000E+01 1.91472e-07
0.2880000E+01 2.10096e-07
0.2882000E+01 1.78519e-07
0.2884000E+01 1.85391e-07
0.2886000E+01 1.32613e-07
0.2888000E+01 1.33731e-07
0.2890000E+01 1.35052e-07
0.2892000E+01 1.41056e-07
0.2894000E+01 1.62166e-07
0.2896000E+01 1.75721e-07
0.2898000E+01 1.10686e-07
0.2900000E+01 1.06754e-07
0.2902000E+01 1.09636e-07
0.2904000E+01 9.85662e-08
0.2906000E+01 8.91901e-08
0.2908000E+01 1.09044e-07
0.2910000E+01 1.07714e-07
0.2912000E+01 1.21816e-07
0.2914000E+01 1.0963e-07
0.2916000E+01 8.95871e-08
0.2918000E+01 8.64852e-08
0.2920000E+01 8.63529e-08
0.2922000E+01 9.86422e-08
0.2924000E+01 8.29792e-08
0.2926000E+01 7.17099e-08
0.2928000E+01 7.71027e-08
0.2930000E+01 8.12678e-08
0.2932000E+01 8.78653e-08
0.2934000E+01 8.53242e-08
0.2936000E+01 6.90324e-08
0.2938000E+01 6.29614e-08
0.2940000E+01 8.18341e-07
0.2942000E+01 8.68234e-07
0.2944000E+01 9.88477e-08
0.2946000E+01 2.29709e-08
0.2948000E+01 2.11623e-08
0.2950000E+01 3.86417e-08
0.2952000E+01 8.28488e-08
0.2954000E+01 7.15125e-08
0.2956000E+01 1.26139e-08
0.2958000E+01 4.10282e-08
0.2960000E+01 4.63083e-08
0.2962000E+01 3.4472e-08
0.2964000E+01 2.88304e-08
0.2966000E+01 3.10434e-08
0.2968000E+01 3.07552e-08
0.2970000E+01 2.08668e-08
0.2972000E+01 2.5126e-08
0.2974000E+01 4.11881e-08
0.2976000E+01 2.11836e-08
0.2978000E+01 4.86645e-08
0.2980000E+01 8.74157e-08
0.2982000E+01 6.66507e-08
0.2984000E+01 2.02741e-08
0.2986000E+01 5.05073e-09
0.2988000E+01 -3.35334e-07
0.2990000E+01 5.34639e-07
0.2992000E+01 7.28022e-07
0.2994000E+01 2.36185e-10
0.2996000E+01 1.09259e-08
0.2998000E+01 1.43403e-08
0.3000000E+01 1.5116e-08
0.3002000E+01 2.09435e-08
0.3004000E+01 1.32217e-08
0.3006000E+01 1.57422e-08
0.3008000E+01 2.38357e-08
0.3010000E+01 2.3768e-08
0.3012000E+01 2.11056e-08
0.3014000E+01 1.95096e-08
0.3016000E+01 1.71811e-08
0.3018000E+01 1.97631e-08
0.3020000E+01 7.37031e-09
0.3022000E+01 3.92568e-09
0.3024000E+01 9.51878e-09
0.3026000E+01 1.63473e-08
0.3028000E+01 1.71325e-08
0.3030000E+01 2.13479e-08
0.3032000E+01 3.11823e-08
0.3034000E+01 2.61251e-08
0.3036000E+01 2.32919e-08
0.3038000E+01 2.68561e-08
0.3040000E+01 2.08575e-08
0.3042000E+01 2.58094e-08
0.3044000E+01 2.25311e-08
0.3046000E+01 3.2354e-08
0.3048000E+01 2.04578e-08
0.3050000E+01 2.03995e-08
0.3052000E+01 2.05916e-08
0.3054000E+01 1.58554e-08
0.3056000E+01 1.45815e-08
0.3058000E+01 1.83543e-08
0.3060000E+01 2.12968e-08
0.3062000E+01 2.0141e-08
0.3064000E+01 2.53802e-08
0.3066000E+01 2.54208e-08
0.3068000E+01 2.46598e-08
0.3070000E+01 2.49294e-08
0.3072000E+01 2.48087e-08
0.3074000E+01 2.10237e-08
0.3076000E+01 3.68011e-08
0.3078000E+01 3.4959e-08
0.3080000E+01 3.84181e-08
0.3082000E+01 4.45287e-08
0.3084000E+01 4.05383e-08
0.3086000E+01 3.60879e-08
0.3088000E+01 3.54579e-08
0.3090000E+01 3.32191e-08
0.3092000E+01 2.82353e-08
0.3094000E+01 2.69684e-08
0.3096000E+01 2.06632e-08
0.3098000E+01 3.71367e-08
0.3100000E+01 3.8789e-08
0.3102000E+01 3.33814e-08
0.3104000E+01 3.40565e-08
0.3106000E+01 3.11304e-08
0.3108000E+01 4.51337e-08
0.3110000E+01 3.27304e-08
0.3112000E+01 2.57792e-08
0.3114000E+01 3.26812e-08
0.3116000E+01 4.19863e-08
0.3118000E+01 3.91399e-08
0.3120000E+01 4.41379e-08
0.3122000E+01 4.12547e-08
0.3124000E+01 2.93525e-08
0.3126000E+01 2.60239e-08
0.3128000E+01 2.54338e-08
0.3130000E+01 3.50617e-08
0.3132000E+01 4.12922e-08
0.3134000E+01 3.347e-08
0.3136000E+01 4.1716e-08
0.3138000E+01 5.36152e-08
0.3140000E+01 3.89732e-08
0.3142000E+01 4.05753e-08
0.3144000E+01 4.21054e-08
0.3146000E+01 5.09315e-08
0.3148000E+01 4.74826e-08
0.3150000E+01 3.73086e-08
0.3152000E+01 4.57314e-08
0.3154000E+01 4.7653e-08
0.3156000E+01 3.1005e-08
0.3158000E+01 1.9947e-08
0.3160000E+01 3.3119e-08
0.3162000E+01 -5.72576e-09
0.3164000E+01 4.59271e-08
0.3166000E+01 1.98441e-07
0.3168000E+01 5.24303e-08
0.3170000E+01 -2.28722e-07
0.3172000E+01 -1.05591e-07
0.3174000E+01 -1.19751e-08
0.3176000E+01 5.58881e-08
0.3178000E+01 5.11001e-08
0.3180000E+01 4.14977e-08
0.3182000E+01 1.16449e-07
0.3184000E+01 5.53416e-08
0.3186000E+01 9.13444e-08
0.3188000E+01 7.5313e-08
0.3190000E+01 1.04562e-07
0.3192000E+01 9.189e-08
0.3194000E+01 6.89254e-08
0.3196000E+01 8.43892e-08
0.3198000E+01 9.64815e-08
0.3200000E+01 9.76058e-08
0.3202000E+01 1.09837e-07
0.3204000E+01 8.17252e-08
0.3206000E+01 8.87369e-08
0.3208000E+01 8.42208e-08
0.3210000E+01 8.47464e-08
0.3212000E+01 8.9781e-08
0.3214000E+01 1.13031e-07
0.3216000E+01 8.33887e-08
0.3218000E+01 6.92443e-08
0.3220000E+01 5.50862e-08
0.3222000E+01 6.49888e-08
0.3224000E+01 8.20175e-08
0.3226000E+01 7.7542e-08
0.3228000E+01 7.45712e-08
0.3230000E+01 5.03374e-08
0.3232000E+01 6.24439e-08
0.3234000E+01 7.74854e-08
0.3236000E+01 8.7716e-08
0.3238000E+01 7.05282e-08
0.3240000E+01 8.80144e-08
0.3242000E+01 7.68682e-08
0.3244000E+01 1.16798e-07
0.3246000E+01 6.16021e-08
0.3248000E+01 6.88718e-08
0.3250000E+01 1.01983e-07
0.3252000E+01 1.35451e-06
0.3254000E+01 1.2643e-07
0.3256000E+01 3.47156e-07
0.3258000E+01 8.77228e-08
0.3260000E+01 5.3175e-07
0.3262000E+01 -9.60164e-07
0.3264000E+01 -4.40535e-07
0.3266000E+01 -7.69361e-08
0.3268000E+01 -8.58889e-08
0.3270000E+01 -6.74574e-08
0.3272000E+01 2.68874e-08
0.3274000E+01 3.86072e-08
0.3276000E+01 1.40644e-07
0.3278000E+01 -8.279e-08
0.3280000E+01 -1.09459e-07
0.3282000E+01 5.04253e-08
0.3284000E+01 7.35712e-08
0.3286000E+01 2.7561e-07
0.3288000E+01 -2.13275e-08
0.3290000E+01 1.87249e-07
0.3292000E+01 2.39571e-07
0.3294000E+01 3.34702e-07
0.3296000E+01 -1.98137e-07
0.3298000E+01 -1.20906e-07
0.3300000E+01 -1.32687e-07
0.3302000E+01 -1.476e-07
0.3304000E+01 -1.74989e-07
0.3306000E+01 -1.1133e-07
0.3308000E+01 -7.10702e-08
0.3310000E+01 -4.27676e-08
0.3312000E+01 -5.73203e-08
0.3314000E+01 -4.98792e-08
0.3316000E+01 -5.88402e-08
0.3318000E+01 -6.03981e-08
0.3320000E+01 -5.71906e-08
0.3322000E+01 -4.09131e-08
0.3324000E+01 -4.24985e-08
0.3326000E+01 -2.96288e-08
0.3328000E+01 -3.32472e-08
0.3330000E+01 -2.56388e-08
0.3332000E+01 -2.57512e-08
0.3334000E+01 -2.761e-08
0.3336000E+01 -2.70792e-08
0.3338000E+01 -2.56621e-08
0.3340000E+01 -2.51505e-08
0.3342000E+01 -2.85951e-08
0.3344000E+01 -2.60491e-08
0.3346000E+01 -1.78549e-08
0.3348000E+01 -1.63542e-08
0.3350000E+01 -1.35138e-08
0.3352000E+01 -1.4962e-08
0.3354000E+01 -1.77409e-08
0.3356000E+01 -2.45483e-08
0.3358000E+01 -2.6896e-08
0.3360000E+01 -1.83623e-08
0.3362000E+01 -1.685e-08
0.3364000E+01 -2.73594e-08
0.3366000E+01 -2.31309e-08
0.3368000E+01 -1.84034e-08
0.3370000E+01 -1.1535e-08
0.3372000E+01 -1.28891e-08
0.3374000E+01 -1.29226e-08
0.3376000E+01 -1.30503e-08
0.3378000E+01 -1.44129e-08
0.3380000E+01 -1.10166e-08
0.3382000E+01 -1.05084e-08
0.3384000E+01 -1.68429e-08
0.3386000E+01 -1.55797e-08
0.3388000E+01 -8.66317e-09
0.3390000E+01 -1.42584e-08
0.3392000E+01 -8.40257e-08
0.3394000E+01 -2.01538e-08
0.3396000E+01 -2.66617e-08
0.3398000E+01 -1.67991e-08
0.3400000E+01 -1.1817e-08
0.3402000E+01 -2.44717e-08
0.3404000E+01 -1.86851e-08
0.3406000E+01 -1.66613e-08
0.3408000E+01 -1.68474e-08
0.3410000E+01 -1.30924e-08
0.3412000E+01 -1.23337e-08
0.3414000E+01 -1.31591e-08
0.3416000E+01 -1.40992e-08
0.3418000E+01 -1.52291e-08
0.3420000E+01 -2.73123e-08
0.3422000E+01 -2.40638e-08
0.3424000E+01 -2.26172e-08
0.3426000E+01 -1.58331e-08
0.3428000E+01 -1.85305e-08
0.3430000E+01 5.14607e-08
0.3432000E+01 -1.31778e-08
0.3434000E+01 -1.39386e-08
0.3436000E+01 -2.31434e-08
0.3438000E+01 -2.80551e-08
0.3440000E+01 -2.26288e-08
0.3442000E+01 -2.95983e-08
0.3444000E+01 -2.69708e-08
0.3446000E+01 -2.04351e-08
0.3448000E+01 -1.61387e-08
0.3450000E+01 -1.946e-08
0.3452000E+01 -3.63127e-08
0.3454000E+01 -2.71177e-08
0.3456000E+01 1.71175e-08
0.3458000E+01 4.49742e-09
0.3460000E+01 4.04956e-09
0.3462000E+01 -1.69891e-08
0.3464000E+01 -1.97618e-08
0.3466000E+01 -4.26699e-08
0.3468000E+01 -4.18037e-08
0.3470000E+01 -3.5085e-08
0.3472000E+01 -2.73515e-08
0.3474000E+01 -3.11859e-08
0.3476000E+01 -2.72953e-08
0.3478000E+01 -3.6476e-08
0.3480000E+01 -1.74799e-08
0.3482000E+01 -1.00674e-08
0.3484000E+01 -1.77591e-08
0.3486000E+01 -7.40496e-09
0.3488000E+01 -2.11205e-08
0.3490000E+01 -2.83072e-08
0.3492000E+01 -3.91495e-08
0.3494000E+01 -5.24165e-09
0.3496000E+01 -3.20474e-08
0.3498000E+01 -3.50833e-08
0.3500000E+01 -1.67277e-08
0.3502000E+01 -3.02627e-08
0.3504000E+01 -1.30971e-08
0.3506000E+01 -6.82137e-09
0.3508000E+01 2.38792e-09
0.3510000E+01 -3.24161e-08
0.3512000E+01 -4.85183e-08
0.3514000E+01 -9.77607e-10
0.3516000E+01 -1.36391e-08
0.3518000E+01 -2.33715e-08
0.3520000E+01 -5.71931e-09
0.3522000E+01 4.50048e-09
0.3524000E+01 8.08031e-08
0.3526000E+01 4.5547e-08
0.3528000E+01 3.48883e-08
0.3530000E+01 2.96385e-08
0.3532000E+01 3.3435e-08
0.3534000E+01 3.35944e-08
0.3536000E+01 2.37159e-08
0.3538000E+01 3.24431e-08
0.3540000E+01 4.57739e-08
0.3542000E+01 7.23535e-08
0.3544000E+01 7.92526e-08
0.3546000E+01 8.66934e-08
0.3548000E+01 4.82749e-08
0.3550000E+01 4.69633e-08
0.3552000E+01 4.34022e-08
0.3554000E+01 6.46931e-08
0.3556000E+01 3.20167e-08
0.3558000E+01 3.03506e-08
0.3560000E+01 1.8252e-07
0.3562000E+01 8.5516e-08
0.3564000E+01 7.89155e-08
0.3566000E+01 6.06524e-08
0.3568000E+01 4.49274e-08
0.3570000E+01 4.71372e-08
0.3572000E+01 4.94803e-08
0.3574000E+01 2.46372e-07
0.3576000E+01 1.24349e-07
0.3578000E+01 9.36407e-08
0.3580000E+01 1.06788e-07
0.3582000E+01 9.10842e-08
0.3584000E+01 8.75874e-08
0.3586000E+01 3.27911e-07
0.3588000E+01 2.00928e-07
0.3590000E+01 2.88265e-07
0.3592000E+01 2.055e-07
0.3594000E+01 8.03825e-07
0.3596000E+01 4.78531e-07
0.3598000E+01 2.42944e-06
0.3600000E+01 -3.91016e-06
0.3602000E+01 -8.1902e-07
0.3604000E+01 -5.72444e-07
0.3606000E+01 -3.3184e-07
0.3608000E+01 -2.83672e-07
0.3610000E+01 -2.21497e-07
0.3612000E+01 -2.24442e-07
0.3614000E+01 -2.00571e-07
0.3616000E+01 -1.1868e-07
0.3618000E+01 -1.4112e-07
0.3620000E+01 -1.62885e-07
0.3622000E+01 -1.78929e-07
0.3624000E+01 -1.00502e-07
0.3626000E+01 -1.26266e-07
0.3628000E+01 -1.40872e-07
0.3630000E+01 -2.03442e-07
0.3632000E+01 -9.26773e-08
0.3634000E+01 -8.74778e-08
0.3636000E+01 -1.03307e-07
0.3638000E+01 -1.47416e-07
0.3640000E+01 -7.44849e-08
0.3642000E+01 -7.23055e-08
0.3644000E+01 -5.01427e-08
0.3646000E+01 -7.87088e-08
0.3648000E+01 -1.25652e-07
0.3650000E+01 -8.27601e-08
0.3652000E+01 -7.28047e-08
0.3654000E+01 -8.13863e-08
0.3656000E+01 -9.28078e-08
0.3658000E+01 -1.0434e-07
0.3660000E+01 -6.19585e-08
0.3662000E+01 -5.59501e-08
0.3664000E+01 -7.12141e-08
0.3666000E+01 -7.64001e-08
0.3668000E+01 -6.91349e-08
0.3670000E+01 -2.32592e-08
0.3672000E+01 -5.7205e-08
0.3674000E+01 -5.93908e-08
0.3676000E+01 -5.77885e-08
0.3678000E+01 -6.22803e-08
0.3680000E+01 -6.63994e-08
0.3682000E+01 -4.91555e-08
0.3684000E+01 -4.97719e-08
0.3686000E+01 -5.35695e-08
0.3688000E+01 -6.72833e-08
0.3690000E+01 -5.92155e-08
0.3692000E+01 -7.71008e-08
0.3694000E+01 -4.93071e-08
0.3696000E+01 -5.08243e-08
0.3698000E+01 -4.69359e-08
0.3700000E+01 -4.16297e-08
0.3702000E+01 -4.22867e-08
0.3704000E+01 -6.68166e-08
0.3706000E+01 -4.1859e-08
0.3708000E+01 -4.41816e-08
0.3710000E+01 -4.3903e-08
0.3712000E+01 -5.02534e-08
0.3714000E+01 -4.8587e-08
0.3716000E+01 -4.95946e-08
0.3718000E+01 -3.69819e-08
0.3720000E+01 -4.36193e-08
0.3722000E+01 -4.08728e-08
0.3724000E+01 -4.11451e-08
0.3726000E+01 -4.20397e-08
0.3728000E+01 -3.93618e-08
0.3730000E+01 -3.31202e-08
0.3732000E+01 -3.25067e-08
0.3734000E+01 -3.03642e-08
0.3736000E+01 -3.7194e-08
0.3738000E+01 -3.84592e-08
0.3740000E+01 -3.93582e-08
0.3742000E+01 -5.13778e-08
0.3744000E+01 -3.81698e-08
0.3746000E+01 -3.85833e-08
0.3748000E+01 -3.95659e-08
0.3750000E+01 -4.17431e-08
0.3752000E+01 -4.2844e-08
0.3754000E+01 -4.70507e-08
0.3756000E+01 -2.81568e-08
0.3758000E+01 -3.39904e-08
0.3760000E+01 -2.57463e-08
0.3762000E+01 -2.75031e-08
0.3764000E+01 -2.79957e-08
0.3766000E+01 -2.86154e-08
0.3768000E+01 -2.49416e-08
0.3770000E+01 -2.56653e-08
0.3772000E+01 -2.54646e-08
0.3774000E+01 -3.04988e-08
0.3776000E+01 -2.79013e-08
0.3778000E+01 -2.58549e-08
0.3780000E+01 -3.10916e-08
0.3782000E+01 -2.75896e-08
0.3784000E+01 -3.9822e-08
0.3786000E+01 -3.20442e-08
0.3788000E+01 -3.41464e-08
0.3790000E+01 -3.8216e-08
0.3792000E+01 -3.63799e-08
0.3794000E+01 -2.91376e-08
0.3796000E+01 -2.74099e-08
0.3798000E+01 -3.01773e-08
0.3800000E+01 -3.05125e-08
0.3802000E+01 -3.38595e-08
0.3804000E+01 -1.67155e-08
0.3806000E+01 -2.25184e-08
0.3808000E+01 -1.84236e-08
0.3810000E+01 -1.71583e-08
0.3812000E+01 -1.90918e-08
0.3814000E+01 -1.49241e-08
0.3816000E+01 -2.43386e-08
0.3818000E+01 -2.11223e-08
0.3820000E+01 -1.95626e-08
0.3822000E+01 -2.48775e-08
0.3824000E+01 -1.96825e-08
0.3826000E+01 -1.71366e-08
0.3828000E+01 -3.47323e-08
0.3830000E+01 -3.58711e-08
0.3832000E+01 -1.29783e-08
0.3834000E+01 -2.77126e-08
0.3836000E+01 -5.01773e-09
0.3838000E+01 -2.77524e-08
0.3840000E+01 -1.70424e-08
0.3842000E+01 -8.40595e-08
0.3844000E+01 5.26753e-08
0.3846000E+01 2.50208e-07
0.3848000E+01 1.62145e-07
0.3850000E+01 9.27566e-08
0.3852000E+01 -1.67575e-08
0.3854000E+01 -9.26132e-09
0.3856000E+01 -1.34391e-08
0.3858000E+01 -1.20889e-08
0.3860000E+01 -1.86505e-08
0.3862000E+01 -2.04674e-08
0.3864000E+01 -1.81503e-08
0.3866000E+01 -2.78187e-08
0.3868000E+01 -1.53708e-08
0.3870000E+01 -9.40391e-09
0.3872000E+01 -1.61319e-08
0.3874000E+01 -1.91807e-08
0.3876000E+01 -1.44288e-08
0.3878000E+01 -1.85578e-08
0.3880000E+01 -2.09002e-08
0.3882000E+01 -2.12299e-08
0.3884000E+01 -2.97401e-08
0.3886000E+01 -2.47728e-08
0.3888000E+01 -1.68362e-08
0.3890000E+01 -1.73014e-08
0.3892000E+01 -1.91005e-08
0.3894000E+01 -2.00937e-08
0.3896000E+01 -2.19098e-08
0.3898000E+01 -2.04026e-08
0.3900000E+01 -2.65149e-08
0.3902000E+01 -1.39478e-08
0.3904000E+01 -1.38956e-08
0.3906000E+01 -9.57287e-09
0.3908000E+01 -1.5454e-08
0.3910000E+01 -1.96593e-08
0.3912000E+01 -2.55527e-08
0.3914000E+01 -1.32863e-08
0.3916000E+01 -1.56629e-08
0.3918000E+01 -1.78231e-08
0.3920000E+01 -1.50237e-08
0.3922000E+01 -1.76234e-08
0.3924000E+01 -2.15725e-08
0.3926000E+01 -2.64004e-08
0.3928000E+01 -1.58979e-08
0.3930000E+01 -1.41356e-08
0.3932000E+01 -1.52781e-08
0.3934000E+01 -2.08952e-08
0.3936000E+01 -1.84413e-08
0.3938000E+01 -2.03984e-08
0.3940000E+01 -1.15841e-08
0.3942000E+01 -2.00467e-08
0.3944000E+01 -1.86851e-08
0.3946000E+01 -1.87972e-08
0.3948000E+01 -2.00916e-08
0.3950000E+01 -2.06827e-08
0.3952000E+01 -1.6812e-08
0.3954000E+01 -2.1894e-08
0.3956000E+01 -2.53173e-08
0.3958000E+01 -2.55355e-08
0.3960000E+01 -2.10657e-08
0.3962000E+01 -1.43626e-08
0.3964000E+01 -1.25719e-08
0.3966000E+01 -1.1995e-08
0.3968000E+01 -1.46406e-08
0.3970000E+01 -1.01001e-08
0.3972000E+01 -9.62354e-09
0.3974000E+01 -1.10511e-08
0.3976000E+01 -6.26871e-09
0.3978000E+01 -6.83305e-08
0.3980000E+01 -4.10068e-08
0.3982000E+01 -3.3501e-08
0.3984000E+01 -1.39704e-08
0.3986000E+01 -5.3796e-09
0.3988000E+01 -3.69343e-09
0.3990000E+01 -6.95055e-11
0.3992000E+01 -5.32583e-08
0.3994000E+01 -2.12629e-08
0.3996000E+01 -1.81594e-08
0.3998000E+01 -1.02025e-08
0.4000000E+01 -3.13174e-09
