0.0000000E+00 0
0.2000000E-02 0
0.4000000E-02 0
0.6000000E-02 0
0.8000000E-02 0
0.1000000E-01 0
0.1200000E-01 0
0.1400000E-01 0
0.1600000E-01 0
0.1800000E-01 0
0.2000000E-01 0
0.2200000E-01 0
0.2400000E-01 0
0.2600000E-01 0
0.2800000E-01 0
0.3000000E-01 0
0.3200000E-01 0
0.3400000E-01 0
0.3600000E-01 0
0.3800000E-01 0
0.4000000E-01 0
0.4200000E-01 0
0.4400000E-01 0
0.4600000E-01 0
0.4800000E-01 0
0.5000000E-01 0
0.5200000E-01 0
0.5400000E-01 0
0.5600000E-01 0
0.5800000E-01 0
0.6000000E-01 0
0.6200000E-01 0
0.6400000E-01 0
0.6600000E-01 0
0.6800000E-01 0
0.7000000E-01 0
0.7200000E-01 0
0.7400000E-01 0
0.7600000E-01 0
0.7800000E-01 0
0.8000000E-01 0
0.8200000E-01 0
0.8400000E-01 0
0.8600000E-01 6.30434e-05
0.8800000E-01 5.70263e-05
0.9000000E-01 2.205e-05
0.9200000E-01 5.34916e-06
0.9400000E-01 2.60655e-06
0.9600000E-01 6.57563e-07
0.9800000E-01 -1.15191e-06
0.1000000E+00 -2.12031e-06
0.1020000E+00 -1.88467e-06
0.1040000E+00 -9.15967e-07
0.1060000E+00 6.3212e-08
0.1080000E+00 2.14535e-07
0.1100000E+00 -2.24949e-06
0.1120000E+00 -1.52417e-06
0.1140000E+00 -7.54303e-07
0.1160000E+00 6.1181e-08
0.1180000E+00 1.50829e-06
0.1200000E+00 6.30028e-06
0.1220000E+00 1.39355e-06
0.1240000E+00 -3.81267e-06
0.1260000E+00 -3.70303e-06
0.1280000E+00 -2.54708e-06
0.1300000E+00 -2.47036e-06
0.1320000E+00 -2.5776e-06
0.1340000E+00 -1.89081e-06
0.1360000E+00 -9.09494e-08
0.1380000E+00 2.02622e-07
0.1400000E+00 2.16894e-07
0.1420000E+00 2.13547e-07
0.1440000E+00 -3.92082e-08
0.1460000E+00 -1.67126e-07
0.1480000E+00 -8.95372e-08
0.1500000E+00 -2.07196e-08
0.1520000E+00 -9.08777e-08
0.1540000E+00 -1.98008e-07
0.1560000E+00 -3.24701e-07
0.1580000E+00 -4.63099e-07
0.1600000E+00 -6.06298e-07
0.1620000E+00 -7.64913e-07
0.1640000E+00 -1.16006e-06
0.1660000E+00 -1.07696e-06
0.1680000E+00 6.00359e-07
0.1700000E+00 8.18993e-07
0.1720000E+00 1.02357e-06
0.1740000E+00 1.21439e-06
0.1760000E+00 -1.38657e-06
0.1780000E+00 -9.14043e-07
0.1800000E+00 -8.31355e-07
0.1820000E+00 -8.2443e-07
0.1840000E+00 -8.10525e-07
0.1860000E+00 -7.96696e-07
0.1880000E+00 -7.66296e-07
0.1900000E+00 -7.69272e-07
0.1920000E+00 -5.77801e-07
0.1940000E+00 4.78688e-07
0.1960000E+00 3.89912e-07
0.1980000E+00 2.95747e-07
0.2000000E+00 1.95224e-07
0.2020000E+00 8.81317e-08
0.2040000E+00 -2.57659e-08
0.2060000E+00 -1.46727e-07
0.2080000E+00 -2.74045e-07
0.2100000E+00 -5.03731e-07
0.2120000E+00 -6.38536e-07
0.2140000E+00 -5.51156e-07
0.2160000E+00 -4.70133e-07
0.2180000E+00 -4.4707e-07
0.2200000E+00 -4.47964e-07
0.2220000E+00 -3.09404e-07
0.2240000E+00 4.67494e-07
0.2260000E+00 5.81304e-07
0.2280000E+00 6.78727e-07
0.2300000E+00 3.40659e-07
0.2320000E+00 -6.68447e-07
0.2340000E+00 -6.04144e-07
0.2360000E+00 -5.66607e-07
0.2380000E+00 -5.0465e-07
0.2400000E+00 -4.50819e-07
0.2420000E+00 -4.64113e-07
0.2440000E+00 -4.78077e-07
0.2460000E+00 -5.0801e-07
0.2480000E+00 -5.43191e-07
0.2500000E+00 -2.85473e-07
0.2520000E+00 3.45222e-07
0.2540000E+00 2.65255e-07
0.2560000E+00 1.73228e-07
0.2580000E+00 7.0331e-08
0.2600000E+00 -3.7901e-08
0.2620000E+00 -1.9593e-07
0.2640000E+00 -2.98627e-07
0.2660000E+00 -2.44163e-07
0.2680000E+00 -2.34152e-07
0.2700000E+00 -1.80304e-07
0.2720000E+00 -1.64432e-07
0.2740000E+00 -1.58231e-07
0.2760000E+00 -1.55637e-07
0.2780000E+00 -1.51261e-07
0.2800000E+00 5.00392e-07
0.2820000E+00 3.01188e-07
0.2840000E+00 -3.10042e-07
0.2860000E+00 -1.68994e-07
0.2880000E+00 -2.26489e-07
0.2900000E+00 -3.11359e-07
0.2920000E+00 -3.2292e-07
0.2940000E+00 -3.33185e-07
0.2960000E+00 -3.43735e-07
0.2980000E+00 -3.55204e-07
0.3000000E+00 -3.67163e-07
0.3020000E+00 -3.69267e-07
0.3040000E+00 -3.82803e-07
0.3060000E+00 2.54928e-07
0.3080000E+00 1.96017e-07
0.3100000E+00 1.3468e-07
0.3120000E+00 7.059e-08
0.3140000E+00 6.47854e-09
0.3160000E+00 5.60786e-08
0.3180000E+00 5.31775e-08
0.3200000E+00 -2.88575e-09
0.3220000E+00 -3.73537e-08
0.3240000E+00 -3.43273e-08
0.3260000E+00 -3.06643e-08
0.3280000E+00 -2.70233e-08
0.3300000E+00 -2.05409e-07
0.3320000E+00 -1.13274e-06
0.3340000E+00 -6.37613e-08
0.3360000E+00 6.04699e-07
0.3380000E+00 -5.50971e-09
0.3400000E+00 -2.15187e-07
0.3420000E+00 -2.1465e-07
0.3440000E+00 -2.14461e-07
0.3460000E+00 -2.05861e-07
0.3480000E+00 -2.00591e-07
0.3500000E+00 -2.1981e-07
0.3520000E+00 -2.31104e-07
0.3540000E+00 -2.42812e-07
0.3560000E+00 9.39093e-08
0.3580000E+00 1.86123e-07
0.3600000E+00 2.83553e-07
0.3620000E+00 1.84869e-07
0.3640000E+00 1.34185e-07
0.3660000E+00 9.00415e-08
0.3680000E+00 1.21075e-07
0.3700000E+00 1.10788e-07
0.3720000E+00 9.29963e-08
0.3740000E+00 -5.64662e-08
0.3760000E+00 -1.11068e-06
0.3780000E+00 -4.82982e-07
0.3800000E+00 -4.80889e-07
0.3820000E+00 -4.75587e-07
0.3840000E+00 1.89574e-06
0.3860000E+00 -1.45815e-07
0.3880000E+00 -1.09486e-07
0.3900000E+00 -1.10694e-07
0.3920000E+00 -1.11612e-07
0.3940000E+00 -1.13874e-07
0.3960000E+00 -1.18769e-07
0.3980000E+00 -1.21343e-07
0.4000000E+00 -1.23507e-07
0.4020000E+00 -8.09325e-08
0.4040000E+00 3.09052e-07
0.4060000E+00 3.14605e-07
0.4080000E+00 3.15467e-07
0.4100000E+00 3.15924e-07
0.4120000E+00 3.06101e-07
0.4140000E+00 -3.75321e-07
0.4160000E+00 -3.81648e-07
0.4180000E+00 -3.99998e-07
0.4200000E+00 -3.66509e-07
0.4220000E+00 -3.76394e-07
0.4240000E+00 -3.06468e-07
0.4260000E+00 1.63578e-07
0.4280000E+00 2.98166e-07
0.4300000E+00 2.05689e-07
0.4320000E+00 9.82021e-08
0.4340000E+00 -3.78879e-08
0.4360000E+00 -3.15905e-08
0.4380000E+00 -2.51871e-08
0.4400000E+00 -1.02958e-08
0.4420000E+00 -4.83995e-09
0.4440000E+00 -4.8081e-09
0.4460000E+00 3.65867e-08
0.4480000E+00 6.10226e-07
0.4500000E+00 -2.5799e-07
0.4520000E+00 -2.21746e-07
0.4540000E+00 -2.85008e-07
0.4560000E+00 -2.14606e-07
0.4580000E+00 -1.81478e-07
0.4600000E+00 -1.83041e-07
0.4620000E+00 -1.83283e-07
0.4640000E+00 -1.57908e-07
0.4660000E+00 1.62562e-07
0.4680000E+00 1.36901e-07
0.4700000E+00 1.58757e-07
0.4720000E+00 1.51694e-07
0.4740000E+00 1.39242e-07
0.4760000E+00 1.29589e-07
0.4780000E+00 1.07867e-07
0.4800000E+00 -1.3347e-07
0.4820000E+00 -6.98616e-07
0.4840000E+00 -6.29638e-07
0.4860000E+00 1.10912e-06
0.4880000E+00 -1.03752e-07
0.4900000E+00 -6.63364e-08
0.4920000E+00 -6.10299e-08
0.4940000E+00 -6.2816e-08
0.4960000E+00 -7.05773e-08
0.4980000E+00 -3.9931e-08
0.5000000E+00 1.41244e-07
0.5020000E+00 2.86847e-07
0.5040000E+00 3.07118e-07
0.5060000E+00 3.27685e-07
0.5080000E+00 -1.48836e-08
0.5100000E+00 -6.86045e-07
0.5120000E+00 -3.28373e-07
0.5140000E+00 -3.21114e-07
0.5160000E+00 1.04635e-07
0.5180000E+00 1.29832e-07
0.5200000E+00 9.78153e-08
0.5220000E+00 8.89401e-08
0.5240000E+00 3.36815e-08
0.5260000E+00 2.54464e-08
0.5280000E+00 4.18228e-08
0.5300000E+00 5.80136e-08
0.5320000E+00 4.27125e-07
0.5340000E+00 -2.1584e-07
0.5360000E+00 -2.1637e-07
0.5380000E+00 -2.10229e-07
0.5400000E+00 -1.93556e-07
0.5420000E+00 -1.08083e-07
0.5440000E+00 2.0114e-07
0.5460000E+00 1.99879e-07
0.5480000E+00 1.98172e-07
0.5500000E+00 1.99237e-07
0.5520000E+00 1.98342e-07
0.5540000E+00 -7.70417e-07
0.5560000E+00 -1.95729e-07
0.5580000E+00 3.9257e-08
0.5600000E+00 5.46469e-08
0.5620000E+00 -6.67472e-08
0.5640000E+00 -4.29602e-08
0.5660000E+00 -1.63331e-08
0.5680000E+00 4.30601e-07
0.5700000E+00 7.73545e-07
0.5720000E+00 -6.03146e-07
0.5740000E+00 -4.28991e-07
0.5760000E+00 8.87525e-08
0.5780000E+00 1.38974e-07
0.5800000E+00 1.08455e-07
0.5820000E+00 8.98009e-08
0.5840000E+00 7.06191e-08
0.5860000E+00 -3.13228e-07
0.5880000E+00 6.45319e-08
0.5900000E+00 -1.68323e-07
0.5920000E+00 -1.08567e-07
0.5940000E+00 2.38009e-07
0.5960000E+00 4.21104e-07
0.5980000E+00 -1.35535e-06
0.6000000E+00 2.97512e-09
0.6020000E+00 -7.76007e-08
0.6040000E+00 -1.48327e-07
0.6060000E+00 -1.12542e-07
0.6080000E+00 -4.80023e-07
0.6100000E+00 -1.36629e-07
0.6120000E+00 8.16863e-08
0.6140000E+00 5.30734e-08
0.6160000E+00 -6.18229e-07
0.6180000E+00 -6.48341e-07
0.6200000E+00 5.98245e-07
0.6220000E+00 -2.69496e-07
0.6240000E+00 -1.43101e-06
0.6260000E+00 -4.96968e-07
0.6280000E+00 -2.07446e-06
0.6300000E+00 2.5448e-07
0.6320000E+00 3.58974e-06
0.6340000E+00 -1.30647e-06
0.6360000E+00 1.3183e-06
0.6380000E+00 -3.59931e-07
0.6400000E+00 -2.89594e-08
0.6420000E+00 -6.4322e-07
0.6440000E+00 2.17203e-07
0.6460000E+00 -2.40321e-07
0.6480000E+00 -8.95225e-08
0.6500000E+00 -2.234e-07
0.6520000E+00 -2.64736e-07
0.6540000E+00 5.12213e-07
0.6560000E+00 -1.22326e-07
0.6580000E+00 3.90053e-07
0.6600000E+00 1.37557e-07
0.6620000E+00 -7.76445e-08
0.6640000E+00 -1.00627e-07
0.6660000E+00 7.50562e-08
0.6680000E+00 3.99781e-07
0.6700000E+00 -1.08926e-07
0.6720000E+00 2.72651e-07
0.6740000E+00 1.21083e-07
0.6760000E+00 1.19767e-07
0.6780000E+00 4.63895e-08
0.6800000E+00 -2.06558e-08
0.6820000E+00 -3.19962e-08
0.6840000E+00 2.05652e-07
0.6860000E+00 1.42646e-07
0.6880000E+00 1.39777e-07
0.6900000E+00 7.85659e-08
0.6920000E+00 3.66412e-08
0.6940000E+00 6.02293e-08
0.6960000E+00 7.53102e-08
0.6980000E+00 1.15886e-07
0.7000000E+00 8.2356e-08
0.7020000E+00 5.73751e-08
0.7040000E+00 6.38899e-08
0.7060000E+00 1.88424e-07
0.7080000E+00 1.4064e-07
0.7100000E+00 1.13382e-07
0.7120000E+00 7.02848e-08
0.7140000E+00 7.95359e-08
0.7160000E+00 8.51796e-08
0.7180000E+00 3.88273e-08
0.7200000E+00 5.18875e-08
0.7220000E+00 5.0667e-08
0.7240000E+00 5.08482e-08
0.7260000E+00 5.59957e-08
0.7280000E+00 5.63626e-08
0.7300000E+00 1.4507e-07
0.7320000E+00 1.14083e-07
0.7340000E+00 1.07935e-07
0.7360000E+00 1.11925e-07
0.7380000E+00 -1.41963e-08
0.7400000E+00 7.79554e-08
0.7420000E+00 7.29165e-08
0.7440000E+00 7.42513e-08
0.7460000E+00 7.33549e-08
0.7480000E+00 7.03986e-08
0.7500000E+00 6.52813e-08
0.7520000E+00 6.67078e-08
0.7540000E+00 6.30087e-08
0.7560000E+00 6.64534e-08
0.7580000E+00 1.04029e-07
0.7600000E+00 1.17156e-07
0.7620000E+00 9.93396e-08
0.7640000E+00 9.3076e-08
0.7660000E+00 9.43658e-08
0.7680000E+00 3.14339e-09
0.7700000E+00 4.54331e-08
0.7720000E+00 4.92627e-08
0.7740000E+00 4.91248e-08
0.7760000E+00 6.91503e-08
0.7780000E+00 8.93895e-08
0.7800000E+00 7.49907e-08
0.7820000E+00 6.90598e-08
0.7840000E+00 6.8581e-08
0.7860000E+00 6.91588e-08
0.7880000E+00 6.77544e-08
0.7900000E+00 9.7792e-08
0.7920000E+00 1.10741e-07
0.7940000E+00 9.575e-08
0.7960000E+00 8.81556e-08
0.7980000E+00 8.50427e-08
0.8000000E+00 8.24764e-08
0.8020000E+00 1.40819e-08
0.8040000E+00 1.56908e-08
0.8060000E+00 4.6164e-08
0.8080000E+00 4.57506e-08
0.8100000E+00 4.37675e-08
0.8120000E+00 4.59855e-08
0.8140000E+00 7.16623e-08
0.8160000E+00 9.27672e-08
0.8180000E+00 8.29759e-08
0.8200000E+00 7.18172e-08
0.8220000E+00 7.1785e-08
0.8240000E+00 7.05849e-08
0.8260000E+00 1.06705e-07
0.8280000E+00 7.81023e-08
0.8300000E+00 7.45585e-08
0.8320000E+00 6.98042e-08
0.8340000E+00 7.01498e-08
0.8360000E+00 7.49241e-08
0.8380000E+00 8.43651e-08
0.8400000E+00 2.07601e-10
0.8420000E+00 3.38086e-08
0.8440000E+00 4.49813e-08
0.8460000E+00 4.2925e-08
0.8480000E+00 4.77433e-08
0.8500000E+00 4.70113e-08
0.8520000E+00 5.44625e-08
0.8540000E+00 7.43874e-08
0.8560000E+00 8.02674e-08
0.8580000E+00 7.81963e-08
0.8600000E+00 6.83662e-08
0.8620000E+00 7.29762e-08
0.8640000E+00 9.19997e-08
0.8660000E+00 7.50216e-08
0.8680000E+00 7.23826e-08
0.8700000E+00 7.11454e-08
0.8720000E+00 7.00722e-08
0.8740000E+00 6.76533e-08
0.8760000E+00 6.54478e-08
0.8780000E+00 6.4471e-08
0.8800000E+00 6.24688e-08
0.8820000E+00 2.40367e-08
0.8840000E+00 2.71492e-08
0.8860000E+00 3.40042e-08
0.8880000E+00 3.76504e-08
0.8900000E+00 5.45121e-08
0.8920000E+00 8.24858e-08
0.8940000E+00 8.95736e-08
0.8960000E+00 5.64921e-08
0.8980000E+00 6.11369e-08
0.9000000E+00 6.44307e-08
0.9020000E+00 6.80783e-08
0.9040000E+00 7.32282e-08
0.9060000E+00 6.59496e-08
0.9080000E+00 6.0625e-08
0.9100000E+00 5.82918e-08
0.9120000E+00 5.68387e-08
0.9140000E+00 5.50553e-08
0.9160000E+00 5.3734e-08
0.9180000E+00 9.76745e-08
0.9200000E+00 6.2562e-08
0.9220000E+00 6.19738e-08
0.9240000E+00 6.08463e-08
0.9260000E+00 3.51487e-08
0.9280000E+00 4.83752e-08
0.9300000E+00 7.8234e-08
0.9320000E+00 7.70046e-08
0.9340000E+00 6.65851e-08
0.9360000E+00 5.9147e-08
0.9380000E+00 5.30017e-08
0.9400000E+00 5.17688e-08
0.9420000E+00 5.05567e-08
0.9440000E+00 4.91464e-08
0.9460000E+00 5.45169e-08
0.9480000E+00 6.97764e-08
0.9500000E+00 6.74224e-08
0.9520000E+00 6.41156e-08
0.9540000E+00 5.38275e-08
0.9560000E+00 5.33664e-08
0.9580000E+00 5.4984e-08
0.9600000E+00 5.11469e-08
0.9620000E+00 4.96569e-08
0.9640000E+00 5.47297e-08
0.9660000E+00 8.54539e-08
0.9680000E+00 9.76473e-08
0.9700000E+00 7.90936e-08
0.9720000E+00 3.27787e-08
0.9740000E+00 5.02834e-08
0.9760000E+00 5.25834e-08
0.9780000E+00 5.32401e-08
0.9800000E+00 8.37645e-08
0.9820000E+00 6.09068e-08
0.9840000E+00 5.98555e-08
0.9860000E+00 5.75647e-08
0.9880000E+00 5.48692e-08
0.9900000E+00 5.66279e-08
0.9920000E+00 5.21627e-08
0.9940000E+00 4.94756e-08
0.9960000E+00 4.76458e-08
0.9980000E+00 4.6492e-08
0.1000000E+01 4.46685e-08
0.1002000E+01 7.65168e-08
0.1004000E+01 1.00013e-07
0.1006000E+01 7.87388e-08
0.1008000E+01 6.90757e-08
0.1010000E+01 7.78435e-08
0.1012000E+01 8.98363e-08
0.1014000E+01 8.06618e-08
0.1016000E+01 7.65921e-08
0.1018000E+01 6.63829e-08
0.1020000E+01 4.07264e-08
0.1022000E+01 4.82892e-08
0.1024000E+01 5.10232e-08
0.1026000E+01 5.26085e-08
0.1028000E+01 5.05994e-08
0.1030000E+01 4.9098e-08
0.1032000E+01 4.88525e-08
0.1034000E+01 4.80886e-08
0.1036000E+01 5.50756e-08
0.1038000E+01 8.20255e-08
0.1040000E+01 1.02842e-07
0.1042000E+01 9.38881e-08
0.1044000E+01 9.39971e-08
0.1046000E+01 9.01754e-08
0.1048000E+01 7.56035e-08
0.1050000E+01 7.39653e-08
0.1052000E+01 7.08764e-08
0.1054000E+01 6.89249e-08
0.1056000E+01 6.76613e-08
0.1058000E+01 6.54179e-08
0.1060000E+01 6.08183e-08
0.1062000E+01 5.72001e-08
0.1064000E+01 5.46527e-08
0.1066000E+01 5.249e-08
0.1068000E+01 5.06585e-08
0.1070000E+01 4.17647e-08
0.1072000E+01 6.6321e-08
0.1074000E+01 1.10883e-07
0.1076000E+01 1.20244e-07
0.1078000E+01 9.32221e-08
0.1080000E+01 1.04995e-07
0.1082000E+01 9.1003e-08
0.1084000E+01 9.11522e-08
0.1086000E+01 8.24633e-08
0.1088000E+01 7.25956e-08
0.1090000E+01 6.82721e-08
0.1092000E+01 6.48496e-08
0.1094000E+01 6.41863e-08
0.1096000E+01 6.3254e-08
0.1098000E+01 6.18517e-08
0.1100000E+01 6.06153e-08
0.1102000E+01 5.92445e-08
0.1104000E+01 5.72215e-08
0.1106000E+01 6.97144e-08
0.1108000E+01 9.71668e-08
0.1110000E+01 1.13972e-07
0.1112000E+01 1.03994e-07
0.1114000E+01 1.06895e-07
0.1116000E+01 9.74218e-08
0.1118000E+01 8.48501e-08
0.1120000E+01 7.96667e-08
0.1122000E+01 7.16715e-08
0.1124000E+01 7.35186e-08
0.1126000E+01 8.0825e-08
0.1128000E+01 8.3504e-08
0.1130000E+01 7.58804e-08
0.1132000E+01 7.03352e-08
0.1134000E+01 6.74257e-08
0.1136000E+01 6.54355e-08
0.1138000E+01 6.36807e-08
0.1140000E+01 6.17035e-08
0.1142000E+01 1.30215e-07
0.1144000E+01 1.49849e-07
0.1146000E+01 1.0383e-07
0.1148000E+01 1.01414e-07
0.1150000E+01 1.24086e-07
0.1152000E+01 1.07867e-07
0.1154000E+01 1.02828e-07
0.1156000E+01 9.29673e-08
0.1158000E+01 8.70922e-08
0.1160000E+01 8.25091e-08
0.1162000E+01 7.94305e-08
0.1164000E+01 7.73509e-08
0.1166000E+01 7.57804e-08
0.1168000E+01 7.41499e-08
0.1170000E+01 7.24942e-08
0.1172000E+01 7.08919e-08
0.1174000E+01 9.29989e-08
0.1176000E+01 1.31669e-07
0.1178000E+01 1.50126e-07
0.1180000E+01 1.36035e-07
0.1182000E+01 1.15713e-07
0.1184000E+01 1.00173e-07
0.1186000E+01 1.00508e-07
0.1188000E+01 1.19545e-07
0.1190000E+01 1.1728e-07
0.1192000E+01 1.02257e-07
0.1194000E+01 9.85634e-08
0.1196000E+01 9.5659e-08
0.1198000E+01 9.24548e-08
0.1200000E+01 8.77544e-08
0.1202000E+01 8.34425e-08
0.1204000E+01 7.67637e-08
0.1206000E+01 7.44655e-08
0.1208000E+01 1.53093e-07
0.1210000E+01 1.75367e-07
0.1212000E+01 1.23847e-07
0.1214000E+01 1.22207e-07
0.1216000E+01 1.2009e-07
0.1218000E+01 1.14227e-07
0.1220000E+01 1.07772e-07
0.1222000E+01 9.92248e-08
0.1224000E+01 9.18256e-08
0.1226000E+01 1.16623e-07
0.1228000E+01 9.96889e-08
0.1230000E+01 9.75067e-08
0.1232000E+01 9.54098e-08
0.1234000E+01 9.51229e-08
0.1236000E+01 9.76117e-08
0.1238000E+01 1.03531e-07
0.1240000E+01 1.41454e-07
0.1242000E+01 1.84246e-07
0.1244000E+01 1.69785e-07
0.1246000E+01 1.41777e-07
0.1248000E+01 1.21397e-07
0.1250000E+01 1.17694e-07
0.1252000E+01 1.15255e-07
0.1254000E+01 1.0904e-07
0.1256000E+01 1.04152e-07
0.1258000E+01 1.04506e-07
0.1260000E+01 1.02594e-07
0.1262000E+01 9.83199e-08
0.1264000E+01 1.08804e-07
0.1266000E+01 1.10847e-07
0.1268000E+01 1.024e-07
0.1270000E+01 9.59503e-08
0.1272000E+01 1.97894e-07
0.1274000E+01 2.25826e-07
0.1276000E+01 1.57734e-07
0.1278000E+01 1.55462e-07
0.1280000E+01 1.5377e-07
0.1282000E+01 1.46102e-07
0.1284000E+01 1.33069e-07
0.1286000E+01 1.20809e-07
0.1288000E+01 1.19291e-07
0.1290000E+01 1.23739e-07
0.1292000E+01 1.18112e-07
0.1294000E+01 1.1513e-07
0.1296000E+01 1.12752e-07
0.1298000E+01 1.11028e-07
0.1300000E+01 1.02657e-07
0.1302000E+01 1.45187e-07
0.1304000E+01 2.26178e-07
0.1306000E+01 2.38577e-07
0.1308000E+01 1.92058e-07
0.1310000E+01 1.44591e-07
0.1312000E+01 1.38485e-07
0.1314000E+01 1.36269e-07
0.1316000E+01 1.34084e-07
0.1318000E+01 1.32122e-07
0.1320000E+01 1.30148e-07
0.1322000E+01 1.23479e-07
0.1324000E+01 1.1572e-07
0.1326000E+01 1.10004e-07
0.1328000E+01 1.07234e-07
0.1330000E+01 1.05163e-07
0.1332000E+01 1.44294e-07
0.1334000E+01 1.93183e-07
0.1336000E+01 2.37692e-07
0.1338000E+01 1.70859e-07
0.1340000E+01 1.69577e-07
0.1342000E+01 1.53504e-07
0.1344000E+01 1.62224e-07
0.1346000E+01 1.43802e-07
0.1348000E+01 1.39368e-07
0.1350000E+01 1.3573e-07
0.1352000E+01 1.30132e-07
0.1354000E+01 1.27861e-07
0.1356000E+01 1.26118e-07
0.1358000E+01 1.24547e-07
0.1360000E+01 1.22614e-07
0.1362000E+01 1.78195e-07
0.1364000E+01 2.61502e-07
0.1366000E+01 2.63974e-07
0.1368000E+01 2.05504e-07
0.1370000E+01 1.82361e-07
0.1372000E+01 1.69812e-07
0.1374000E+01 1.68239e-07
0.1376000E+01 1.61603e-07
0.1378000E+01 1.19105e-07
0.1380000E+01 1.00289e-07
0.1382000E+01 1.10871e-07
0.1384000E+01 1.21908e-07
0.1386000E+01 1.26211e-07
0.1388000E+01 1.16155e-07
0.1390000E+01 1.25172e-07
0.1392000E+01 2.14984e-07
0.1394000E+01 2.68114e-07
0.1396000E+01 2.20231e-07
0.1398000E+01 1.93575e-07
0.1400000E+01 1.7833e-07
0.1402000E+01 1.68203e-07
0.1404000E+01 1.64522e-07
0.1406000E+01 1.56246e-07
0.1408000E+01 1.48563e-07
0.1410000E+01 1.45822e-07
0.1412000E+01 1.2205e-07
0.1414000E+01 1.12911e-07
0.1416000E+01 1.21643e-07
0.1418000E+01 1.1671e-07
0.1420000E+01 2.41802e-07
0.1422000E+01 2.84541e-07
0.1424000E+01 2.13775e-07
0.1426000E+01 2.28046e-07
0.1428000E+01 2.07878e-07
0.1430000E+01 1.89034e-07
0.1432000E+01 1.33518e-07
0.1434000E+01 1.11576e-07
0.1436000E+01 1.27812e-07
0.1438000E+01 1.30104e-07
0.1440000E+01 1.24512e-07
0.1442000E+01 9.05687e-08
0.1444000E+01 9.61312e-08
0.1446000E+01 1.14967e-07
0.1448000E+01 1.90358e-07
0.1450000E+01 2.77138e-07
0.1452000E+01 2.30171e-07
0.1454000E+01 1.73916e-07
0.1456000E+01 1.61683e-07
0.1458000E+01 1.60123e-07
0.1460000E+01 1.59512e-07
0.1462000E+01 1.58891e-07
0.1464000E+01 1.56463e-07
0.1466000E+01 1.62066e-07
0.1468000E+01 1.08984e-07
0.1470000E+01 1.12611e-07
0.1472000E+01 1.14757e-07
0.1474000E+01 1.66927e-07
0.1476000E+01 2.53151e-07
0.1478000E+01 2.34088e-07
0.1480000E+01 1.44121e-07
0.1482000E+01 1.46964e-07
0.1484000E+01 1.47509e-07
0.1486000E+01 1.42651e-07
0.1488000E+01 1.35788e-07
0.1490000E+01 1.02016e-07
0.1492000E+01 7.31584e-08
0.1494000E+01 8.65116e-08
0.1496000E+01 9.6203e-08
0.1498000E+01 9.72906e-08
0.1500000E+01 8.57451e-08
0.1502000E+01 2.31341e-07
0.1504000E+01 2.85214e-07
0.1506000E+01 2.05052e-07
0.1508000E+01 2.21537e-07
0.1510000E+01 1.9862e-07
0.1512000E+01 1.25588e-07
0.1514000E+01 9.1992e-08
0.1516000E+01 1.19595e-07
0.1518000E+01 1.23505e-07
0.1520000E+01 8.50007e-08
0.1522000E+01 4.86821e-08
0.1524000E+01 6.47723e-08
0.1526000E+01 8.10065e-08
0.1528000E+01 1.81056e-07
0.1530000E+01 2.44978e-07
0.1532000E+01 1.30588e-07
0.1534000E+01 1.00373e-07
0.1536000E+01 1.06217e-07
0.1538000E+01 1.06734e-07
0.1540000E+01 1.12845e-07
0.1542000E+01 1.14734e-07
0.1544000E+01 1.116e-07
0.1546000E+01 1.06025e-07
0.1548000E+01 1.1366e-07
0.1550000E+01 3.95633e-08
0.1552000E+01 8.40315e-08
0.1554000E+01 1.91423e-07
0.1556000E+01 2.47205e-07
0.1558000E+01 1.54342e-07
0.1560000E+01 8.86236e-08
0.1562000E+01 9.34432e-08
0.1564000E+01 1.11395e-07
0.1566000E+01 6.94376e-08
0.1568000E+01 4.18818e-08
0.1570000E+01 7.22884e-08
0.1572000E+01 7.51909e-08
0.1574000E+01 7.58058e-08
0.1576000E+01 7.98658e-08
0.1578000E+01 1.87551e-07
0.1580000E+01 2.44176e-07
0.1582000E+01 1.77947e-07
0.1584000E+01 1.34498e-07
0.1586000E+01 1.47095e-07
0.1588000E+01 1.57142e-07
0.1590000E+01 1.45762e-07
0.1592000E+01 1.33591e-07
0.1594000E+01 7.88352e-08
0.1596000E+01 5.10059e-08
0.1598000E+01 4.09775e-08
0.1600000E+01 3.96354e-08
0.1602000E+01 1.26912e-07
0.1604000E+01 1.36986e-07
0.1606000E+01 1.11682e-07
0.1608000E+01 1.81059e-07
0.1610000E+01 1.85792e-07
0.1612000E+01 1.91241e-07
0.1614000E+01 1.56043e-07
0.1616000E+01 1.58205e-07
0.1618000E+01 1.60093e-07
0.1620000E+01 1.60504e-07
0.1622000E+01 1.61967e-07
0.1624000E+01 1.53568e-07
0.1626000E+01 -1.73107e-08
0.1628000E+01 2.36719e-07
0.1630000E+01 2.39825e-07
0.1632000E+01 1.91239e-07
0.1634000E+01 1.90353e-07
0.1636000E+01 1.93503e-07
0.1638000E+01 1.71025e-07
0.1640000E+01 1.68527e-07
0.1642000E+01 1.16572e-07
0.1644000E+01 1.04387e-07
0.1646000E+01 1.49447e-07
0.1648000E+01 1.57424e-07
0.1650000E+01 2.55751e-07
0.1652000E+01 3.46581e-07
0.1654000E+01 3.02917e-07
0.1656000E+01 2.20333e-07
0.1658000E+01 1.70575e-07
0.1660000E+01 1.81503e-07
0.1662000E+01 1.5837e-07
0.1664000E+01 1.40537e-07
0.1666000E+01 1.29061e-07
0.1668000E+01 1.96309e-07
0.1670000E+01 1.95215e-07
0.1672000E+01 2.52272e-07
0.1674000E+01 3.54411e-07
0.1676000E+01 3.57246e-07
0.1678000E+01 2.94774e-07
0.1680000E+01 2.95945e-07
0.1682000E+01 2.99019e-07
0.1684000E+01 2.50971e-07
0.1686000E+01 2.05336e-07
0.1688000E+01 2.03236e-07
0.1690000E+01 1.78486e-07
0.1692000E+01 1.12569e-07
0.1694000E+01 2.13789e-07
0.1696000E+01 3.5222e-07
0.1698000E+01 3.69371e-07
0.1700000E+01 3.12857e-07
0.1702000E+01 3.01469e-07
0.1704000E+01 2.95364e-07
0.1706000E+01 2.98218e-07
0.1708000E+01 2.93719e-07
0.1710000E+01 2.83916e-07
0.1712000E+01 2.31258e-07
0.1714000E+01 1.98742e-07
0.1716000E+01 2.7088e-07
0.1718000E+01 3.68468e-07
0.1720000E+01 3.40995e-07
0.1722000E+01 2.91092e-07
0.1724000E+01 2.84532e-07
0.1726000E+01 3.1961e-07
0.1728000E+01 3.04426e-07
0.1730000E+01 3.02194e-07
0.1732000E+01 3.09312e-07
0.1734000E+01 3.08115e-07
0.1736000E+01 2.34512e-07
0.1738000E+01 3.35441e-07
0.1740000E+01 3.88519e-07
0.1742000E+01 3.33567e-07
0.1744000E+01 3.41018e-07
0.1746000E+01 3.74749e-07
0.1748000E+01 3.11176e-07
0.1750000E+01 3.00784e-07
0.1752000E+01 2.97897e-07
0.1754000E+01 2.94792e-07
0.1756000E+01 2.9355e-07
0.1758000E+01 3.08629e-07
0.1760000E+01 4.0597e-07
0.1762000E+01 3.50374e-07
0.1764000E+01 3.52195e-07
0.1766000E+01 3.42292e-07
0.1768000E+01 3.34245e-07
0.1770000E+01 3.30593e-07
0.1772000E+01 3.36198e-07
0.1774000E+01 3.33404e-07
0.1776000E+01 2.73129e-07
0.1778000E+01 3.95348e-07
0.1780000E+01 5.20199e-07
0.1782000E+01 4.62977e-07
0.1784000E+01 4.175e-07
0.1786000E+01 3.7244e-07
0.1788000E+01 3.6223e-07
0.1790000E+01 3.50216e-07
0.1792000E+01 3.44991e-07
0.1794000E+01 3.33331e-07
0.1796000E+01 3.09677e-07
0.1798000E+01 4.55568e-07
0.1800000E+01 5.15083e-07
0.1802000E+01 4.51016e-07
0.1804000E+01 4.17428e-07
0.1806000E+01 3.94753e-07
0.1808000E+01 4.02599e-07
0.1810000E+01 4.0737e-07
0.1812000E+01 4.10316e-07
0.1814000E+01 3.61347e-07
0.1816000E+01 4.19272e-07
0.1818000E+01 5.13334e-07
0.1820000E+01 4.91758e-07
0.1822000E+01 4.59508e-07
0.1824000E+01 4.62838e-07
0.1826000E+01 4.75669e-07
0.1828000E+01 4.64744e-07
0.1830000E+01 4.39135e-07
0.1832000E+01 4.32047e-07
0.1834000E+01 4.53421e-07
0.1836000E+01 5.41513e-07
0.1838000E+01 5.53347e-07
0.1840000E+01 5.2408e-07
0.1842000E+01 5.23979e-07
0.1844000E+01 5.5876e-07
0.1846000E+01 4.85832e-07
0.1848000E+01 5.06207e-07
0.1850000E+01 5.09884e-07
0.1852000E+01 5.61447e-07
0.1854000E+01 6.33919e-07
0.1856000E+01 5.97171e-07
0.1858000E+01 5.68698e-07
0.1860000E+01 5.8264e-07
0.1862000E+01 6.42022e-07
0.1864000E+01 6.38018e-07
0.1866000E+01 6.13091e-07
0.1868000E+01 6.07037e-07
0.1870000E+01 7.21516e-07
0.1872000E+01 6.83963e-07
0.1874000E+01 6.29469e-07
0.1876000E+01 6.36761e-07
0.1878000E+01 7.33226e-07
0.1880000E+01 7.5138e-07
0.1882000E+01 7.26309e-07
0.1884000E+01 7.36153e-07
0.1886000E+01 7.91933e-07
0.1888000E+01 8.02137e-07
0.1890000E+01 7.77971e-07
0.1892000E+01 7.24711e-07
0.1894000E+01 9.06841e-07
0.1896000E+01 8.93489e-07
0.1898000E+01 8.24248e-07
0.1900000E+01 8.4988e-07
0.1902000E+01 8.80685e-07
0.1904000E+01 8.86531e-07
0.1906000E+01 8.98358e-07
0.1908000E+01 1.09395e-06
0.1910000E+01 1.15166e-06
0.1912000E+01 1.02556e-06
0.1914000E+01 1.02578e-06
0.1916000E+01 9.92598e-07
0.1918000E+01 8.03651e-07
0.1920000E+01 9.67292e-07
0.1922000E+01 8.87382e-07
0.1924000E+01 -2.46166e-07
0.1926000E+01 6.32302e-07
0.1928000E+01 3.5445e-06
0.1930000E+01 3.92691e-06
0.1932000E+01 2.8351e-06
0.1934000E+01 3.18409e-06
0.1936000E+01 1.52717e-06
0.1938000E+01 3.33149e-06
0.1940000E+01 1.97082e-06
0.1942000E+01 3.68121e-06
0.1944000E+01 4.5841e-06
0.1946000E+01 6.98406e-06
0.1948000E+01 4.78682e-06
0.1950000E+01 6.80647e-06
0.1952000E+01 6.13862e-06
0.1954000E+01 2.66048e-05
0.1956000E+01 -9.60126e-07
0.1958000E+01 -3.08753e-05
0.1960000E+01 -1.12212e-05
0.1962000E+01 -1.13451e-05
0.1964000E+01 -3.67099e-06
0.1966000E+01 -1.11742e-06
0.1968000E+01 -3.29981e-06
0.1970000E+01 -4.25675e-06
0.1972000E+01 -5.92777e-06
0.1974000E+01 -4.76704e-06
0.1976000E+01 -1.21864e-06
0.1978000E+01 -1.17678e-06
0.1980000E+01 -4.73872e-06
0.1982000E+01 -4.94832e-06
0.1984000E+01 -1.90932e-06
0.1986000E+01 -1.01141e-06
0.1988000E+01 -1.59732e-06
0.1990000E+01 -1.28073e-06
0.1992000E+01 -2.03212e-06
0.1994000E+01 -4.39773e-07
0.1996000E+01 -5.19488e-07
0.1998000E+01 -3.44963e-08
0.2000000E+01 -5.81822e-07
0.2002000E+01 -6.08949e-07
0.2004000E+01 -6.42144e-07
0.2006000E+01 -6.87273e-07
0.2008000E+01 -7.34362e-07
0.2010000E+01 -8.15026e-07
0.2012000E+01 -9.23331e-07
0.2014000E+01 -1.1392e-06
0.2016000E+01 -1.64708e-06
0.2018000E+01 -1.00556e-06
0.2020000E+01 -4.04725e-07
0.2022000E+01 -4.21021e-07
0.2024000E+01 -4.34757e-07
0.2026000E+01 -4.17555e-07
0.2028000E+01 -4.40931e-07
0.2030000E+01 5.7495e-08
0.2032000E+01 1.30631e-06
0.2034000E+01 2.13701e-06
0.2036000E+01 6.1651e-07
0.2038000E+01 -1.5246e-06
0.2040000E+01 -1.75287e-06
0.2042000E+01 -1.69993e-06
0.2044000E+01 -9.22691e-07
0.2046000E+01 -6.73936e-07
0.2048000E+01 -1.85144e-07
0.2050000E+01 8.74364e-07
0.2052000E+01 3.66518e-07
0.2054000E+01 -1.56502e-06
0.2056000E+01 -1.58315e-06
0.2058000E+01 -3.94819e-07
0.2060000E+01 -1.49769e-08
0.2062000E+01 -6.15968e-08
0.2064000E+01 -3.33941e-08
0.2066000E+01 -6.86429e-07
0.2068000E+01 -7.88597e-08
0.2070000E+01 -2.80266e-07
0.2072000E+01 -9.52493e-07
0.2074000E+01 -6.72366e-07
0.2076000E+01 -2.13453e-07
0.2078000E+01 -1.63651e-08
0.2080000E+01 -1.16927e-07
0.2082000E+01 -1.94755e-07
0.2084000E+01 -8.45494e-07
0.2086000E+01 -7.08163e-07
0.2088000E+01 -5.72789e-07
0.2090000E+01 -5.9697e-07
0.2092000E+01 -2.51498e-07
0.2094000E+01 4.28025e-07
0.2096000E+01 1.52092e-07
0.2098000E+01 -3.17637e-07
0.2100000E+01 -4.56385e-07
0.2102000E+01 -4.49452e-07
0.2104000E+01 -4.40063e-07
0.2106000E+01 -3.4877e-07
0.2108000E+01 -3.90169e-08
0.2110000E+01 7.4642e-08
0.2112000E+01 1.3128e-08
0.2114000E+01 4.44862e-08
0.2116000E+01 -4.23633e-08
0.2118000E+01 -4.57282e-07
0.2120000E+01 -5.16426e-07
0.2122000E+01 -5.02168e-07
0.2124000E+01 -5.82372e-07
0.2126000E+01 -6.88268e-07
0.2128000E+01 -3.36956e-07
0.2130000E+01 1.16778e-07
0.2132000E+01 -4.88898e-08
0.2134000E+01 -3.41578e-07
0.2136000E+01 -3.24366e-07
0.2138000E+01 -3.4894e-07
0.2140000E+01 -3.74227e-07
0.2142000E+01 -3.54465e-07
0.2144000E+01 -1.1907e-07
0.2146000E+01 1.60702e-07
0.2148000E+01 8.56932e-08
0.2150000E+01 -1.60546e-09
0.2152000E+01 -1.77913e-07
0.2154000E+01 -2.78304e-07
0.2156000E+01 -3.97746e-07
0.2158000E+01 -5.81441e-07
0.2160000E+01 -3.65529e-07
0.2162000E+01 -1.12514e-07
0.2164000E+01 -1.22325e-07
0.2166000E+01 -1.31032e-07
0.2168000E+01 -1.21784e-07
0.2170000E+01 -2.20918e-07
0.2172000E+01 -3.65e-07
0.2174000E+01 -4.27184e-07
0.2176000E+01 -4.51031e-07
0.2178000E+01 -5.25235e-07
0.2180000E+01 1.81134e-07
0.2182000E+01 5.59778e-08
0.2184000E+01 -2.58022e-07
0.2186000E+01 -2.74753e-07
0.2188000E+01 -2.71761e-07
0.2190000E+01 -2.75073e-07
0.2192000E+01 -1.7e-07
0.2194000E+01 1.47165e-07
0.2196000E+01 1.99265e-07
0.2198000E+01 -1.34565e-07
0.2200000E+01 -2.71044e-07
0.2202000E+01 -3.97496e-07
0.2204000E+01 -3.90903e-07
0.2206000E+01 -3.41985e-07
0.2208000E+01 -5.99402e-08
0.2210000E+01 8.22438e-09
0.2212000E+01 -7.19462e-08
0.2214000E+01 -1.57089e-08
0.2216000E+01 -1.43381e-07
0.2218000E+01 -3.2867e-07
0.2220000E+01 -3.68543e-07
0.2222000E+01 4.48102e-08
0.2224000E+01 3.97881e-07
0.2226000E+01 -3.13144e-07
0.2228000E+01 -3.05722e-07
0.2230000E+01 -3.16047e-07
0.2232000E+01 1.68145e-10
0.2234000E+01 4.34771e-07
0.2236000E+01 3.80313e-07
0.2238000E+01 1.23326e-07
0.2240000E+01 -3.54341e-07
0.2242000E+01 -1.16814e-07
0.2244000E+01 3.70743e-07
0.2246000E+01 6.16301e-08
0.2248000E+01 -1.14367e-07
0.2250000E+01 -9.58664e-08
0.2252000E+01 8.30297e-07
0.2254000E+01 -2.47013e-08
0.2256000E+01 1.38327e-06
0.2258000E+01 2.61484e-06
0.2260000E+01 2.5948e-07
0.2262000E+01 -2.16516e-06
0.2264000E+01 -1.541e-06
0.2266000E+01 -1.37243e-06
0.2268000E+01 -1.14724e-06
0.2270000E+01 -1.01413e-06
0.2272000E+01 -8.67336e-07
0.2274000E+01 -8.0963e-07
0.2276000E+01 -7.66001e-07
0.2278000E+01 -7.18957e-07
0.2280000E+01 -6.08646e-07
0.2282000E+01 -5.03003e-07
0.2284000E+01 -4.71965e-07
0.2286000E+01 -4.91902e-07
0.2288000E+01 -4.55665e-07
0.2290000E+01 -4.32113e-07
0.2292000E+01 -4.28015e-07
0.2294000E+01 -4.71858e-07
0.2296000E+01 -4.68977e-07
0.2298000E+01 -4.45092e-07
0.2300000E+01 -4.23125e-07
0.2302000E+01 -4.14962e-07
0.2304000E+01 -4.05375e-07
0.2306000E+01 -3.91448e-07
0.2308000E+01 -3.89477e-07
0.2310000E+01 -3.80776e-07
0.2312000E+01 -3.4284e-07
0.2314000E+01 -3.75085e-07
0.2316000E+01 -3.9667e-07
0.2318000E+01 -3.95216e-07
0.2320000E+01 -3.86955e-07
0.2322000E+01 -3.77546e-07
0.2324000E+01 -3.65705e-07
0.2326000E+01 -3.56758e-07
0.2328000E+01 -3.5081e-07
0.2330000E+01 -3.37843e-07
0.2332000E+01 -3.34031e-07
0.2334000E+01 -3.2925e-07
0.2336000E+01 -3.19887e-07
0.2338000E+01 -3.21808e-07
0.2340000E+01 -3.17514e-07
0.2342000E+01 -3.15114e-07
0.2344000E+01 -3.01352e-07
0.2346000E+01 -3.09811e-07
0.2348000E+01 -3.27133e-07
0.2350000E+01 -3.2742e-07
0.2352000E+01 -3.19734e-07
0.2354000E+01 -3.12527e-07
0.2356000E+01 -3.09175e-07
0.2358000E+01 -3.06169e-07
0.2360000E+01 -3.07897e-07
0.2362000E+01 -3.20071e-07
0.2364000E+01 -3.49138e-07
0.2366000E+01 -3.22498e-07
0.2368000E+01 -3.13937e-07
0.2370000E+01 -3.34543e-07
0.2372000E+01 -3.12388e-07
0.2374000E+01 -3.03262e-07
0.2376000E+01 -2.5217e-07
0.2378000E+01 -2.6099e-07
0.2380000E+01 -2.56726e-07
0.2382000E+01 -2.89483e-07
0.2384000E+01 -2.65948e-07
0.2386000E+01 -2.60847e-07
0.2388000E+01 -2.79842e-07
0.2390000E+01 -2.82937e-07
0.2392000E+01 -2.86887e-07
0.2394000E+01 -2.84893e-07
0.2396000E+01 -2.89792e-07
0.2398000E+01 -2.9014e-07
0.2400000E+01 -2.8849e-07
0.2402000E+01 -2.85153e-07
0.2404000E+01 -2.85688e-07
0.2406000E+01 -2.72313e-07
0.2408000E+01 -2.72701e-07
0.2410000E+01 -2.65073e-07
0.2412000E+01 -2.49351e-07
0.2414000E+01 -2.56604e-07
0.2416000E+01 -2.50273e-07
0.2418000E+01 -2.36129e-07
0.2420000E+01 -1.86729e-07
0.2422000E+01 -2.43994e-07
0.2424000E+01 -2.58665e-07
0.2426000E+01 -2.56137e-07
0.2428000E+01 -2.56516e-07
0.2430000E+01 -2.51168e-07
0.2432000E+01 -2.49463e-07
0.2434000E+01 -2.53544e-07
0.2436000E+01 -2.45919e-07
0.2438000E+01 -2.60584e-07
0.2440000E+01 -2.49409e-07
0.2442000E+01 -2.49017e-07
0.2444000E+01 -2.45425e-07
0.2446000E+01 -2.38809e-07
0.2448000E+01 -2.35316e-07
0.2450000E+01 -2.34232e-07
0.2452000E+01 -2.29119e-07
0.2454000E+01 -2.241e-07
0.2456000E+01 -2.1794e-07
0.2458000E+01 -2.12442e-07
0.2460000E+01 -2.00351e-07
0.2462000E+01 -6.1924e-07
0.2464000E+01 -5.73708e-07
0.2466000E+01 -2.8388e-07
0.2468000E+01 -3.13441e-07
0.2470000E+01 -3.53567e-07
0.2472000E+01 -7.36827e-08
0.2474000E+01 -2.38924e-07
0.2476000E+01 -3.24097e-07
0.2478000E+01 -3.01598e-07
0.2480000E+01 -1.57367e-07
0.2482000E+01 -2.90789e-07
0.2484000E+01 -2.60835e-07
0.2486000E+01 -3.0696e-07
0.2488000E+01 -2.52465e-07
0.2490000E+01 -1.87403e-07
0.2492000E+01 -2.61054e-07
0.2494000E+01 -2.63743e-07
0.2496000E+01 -2.60654e-07
0.2498000E+01 -2.79655e-07
0.2500000E+01 -3.27173e-08
0.2502000E+01 -2.25308e-07
0.2504000E+01 -2.12537e-07
0.2506000E+01 -2.08219e-07
0.2508000E+01 -2.35715e-07
0.2510000E+01 -2.63623e-07
0.2512000E+01 -2.48978e-07
0.2514000E+01 6.10431e-08
0.2516000E+01 -2.02302e-07
0.2518000E+01 -2.34186e-07
0.2520000E+01 -2.2825e-07
0.2522000E+01 -2.18997e-07
0.2524000E+01 -2.2633e-07
0.2526000E+01 -2.43068e-07
0.2528000E+01 -9.09363e-08
0.2530000E+01 -4.51343e-08
0.2532000E+01 -1.14647e-07
0.2534000E+01 -2.8465e-07
0.2536000E+01 -2.26182e-07
0.2538000E+01 -1.94881e-07
0.2540000E+01 -1.9251e-07
0.2542000E+01 -2.00628e-07
0.2544000E+01 -2.04109e-07
0.2546000E+01 4.92759e-08
0.2548000E+01 -5.58554e-08
0.2550000E+01 -1.123e-07
0.2552000E+01 -1.09276e-07
0.2554000E+01 -2.33624e-07
0.2556000E+01 -1.89661e-07
0.2558000E+01 -1.87947e-07
0.2560000E+01 -1.79568e-07
0.2562000E+01 -1.74929e-07
0.2564000E+01 -1.28698e-09
0.2566000E+01 -3.66294e-08
0.2568000E+01 -1.09253e-07
0.2570000E+01 -1.29216e-07
0.2572000E+01 -1.21963e-07
0.2574000E+01 -1.24681e-07
0.2576000E+01 -1.2424e-07
0.2578000E+01 -1.45053e-07
0.2580000E+01 -1.62231e-07
0.2582000E+01 -1.76361e-07
0.2584000E+01 1.0689e-08
0.2586000E+01 -1.57291e-08
0.2588000E+01 -5.51759e-08
0.2590000E+01 -8.86352e-08
0.2592000E+01 -1.30353e-07
0.2594000E+01 -1.59208e-07
0.2596000E+01 -1.30377e-07
0.2598000E+01 -1.26917e-07
0.2600000E+01 -1.33327e-07
0.2602000E+01 -1.40905e-07
0.2604000E+01 -1.20411e-07
0.2606000E+01 -3.28999e-09
0.2608000E+01 -8.13179e-08
0.2610000E+01 -8.39809e-08
0.2612000E+01 -9.61395e-08
0.2614000E+01 -1.05666e-07
0.2616000E+01 -8.48629e-08
0.2618000E+01 -1.20608e-07
0.2620000E+01 -1.69668e-07
0.2622000E+01 -1.22085e-07
0.2624000E+01 -1.55593e-07
0.2626000E+01 -1.20696e-07
0.2628000E+01 -1.65736e-08
0.2630000E+01 -1.68185e-08
0.2632000E+01 -1.10414e-07
0.2634000E+01 -1.8208e-07
0.2636000E+01 -1.26583e-07
0.2638000E+01 -1.00052e-07
0.2640000E+01 -1.18861e-07
0.2642000E+01 -1.15565e-07
0.2644000E+01 -1.12146e-07
0.2646000E+01 -1.00245e-07
0.2648000E+01 -1.66719e-07
0.2650000E+01 -1.64571e-07
0.2652000E+01 -6.5007e-08
0.2654000E+01 -5.00121e-08
0.2656000E+01 -5.13343e-08
0.2658000E+01 -9.29813e-08
0.2660000E+01 -9.64777e-08
0.2662000E+01 -9.49254e-08
0.2664000E+01 -1.72182e-07
0.2666000E+01 -1.72696e-07
0.2668000E+01 -1.45216e-07
0.2670000E+01 -1.16178e-07
0.2672000E+01 -1.1581e-07
0.2674000E+01 -1.18794e-07
0.2676000E+01 -1.14786e-07
0.2678000E+01 -1.52165e-08
0.2680000E+01 -8.62494e-08
0.2682000E+01 -1.62596e-07
0.2684000E+01 -1.38666e-07
0.2686000E+01 -1.30333e-07
0.2688000E+01 -1.18505e-07
0.2690000E+01 -1.26237e-07
0.2692000E+01 -1.20998e-07
0.2694000E+01 -9.92487e-08
0.2696000E+01 -1.03355e-07
0.2698000E+01 -1.1006e-07
0.2700000E+01 -1.84617e-07
0.2702000E+01 -2.29029e-07
0.2704000E+01 -9.78375e-08
0.2706000E+01 -9.12032e-08
0.2708000E+01 -9.5007e-08
0.2710000E+01 -9.66702e-08
0.2712000E+01 -1.02096e-07
0.2714000E+01 -1.04569e-07
0.2716000E+01 -1.08603e-07
0.2718000E+01 -1.09097e-07
0.2720000E+01 -1.65081e-07
0.2722000E+01 -1.49624e-07
0.2724000E+01 -2.00173e-07
0.2726000E+01 -1.54881e-07
0.2728000E+01 -1.56323e-07
0.2730000E+01 -1.02989e-07
0.2732000E+01 -6.7773e-08
0.2734000E+01 -7.01192e-08
0.2736000E+01 -1.22771e-07
0.2738000E+01 -1.47877e-07
0.2740000E+01 -1.2188e-07
0.2742000E+01 -1.13864e-07
0.2744000E+01 -1.10779e-07
0.2746000E+01 -1.46851e-07
0.2748000E+01 -2.06966e-07
0.2750000E+01 -1.58174e-07
0.2752000E+01 -1.57097e-07
0.2754000E+01 -2.42345e-07
0.2756000E+01 -1.76588e-07
0.2758000E+01 -1.12159e-07
0.2760000E+01 -8.21871e-08
0.2762000E+01 -1.13718e-07
0.2764000E+01 -1.14422e-07
0.2766000E+01 -1.19219e-07
0.2768000E+01 -1.75436e-07
0.2770000E+01 -1.80557e-07
0.2772000E+01 -1.8454e-07
0.2774000E+01 -2.17311e-07
0.2776000E+01 -1.82561e-07
0.2778000E+01 -1.75281e-07
0.2780000E+01 -1.60517e-07
0.2782000E+01 -2.55539e-07
0.2784000E+01 -2.1935e-07
0.2786000E+01 -1.43843e-07
0.2788000E+01 -1.16861e-07
0.2790000E+01 -1.54867e-07
0.2792000E+01 -1.65143e-07
0.2794000E+01 -2.34478e-07
0.2796000E+01 -3.06227e-07
0.2798000E+01 -2.28686e-07
0.2800000E+01 -2.11842e-07
0.2802000E+01 -2.31036e-07
0.2804000E+01 -2.13351e-07
0.2806000E+01 -3.58668e-07
0.2808000E+01 -3.46659e-07
0.2810000E+01 -3.18678e-07
0.2812000E+01 -2.77397e-07
0.2814000E+01 -2.48855e-07
0.2816000E+01 -3.6204e-07
0.2818000E+01 -3.44257e-07
0.2820000E+01 -3.66827e-07
0.2822000E+01 -3.73871e-07
0.2824000E+01 -4.16847e-07
0.2826000E+01 -6.19194e-07
0.2828000E+01 -4.46909e-07
0.2830000E+01 -5.10551e-07
0.2832000E+01 -8.05774e-07
0.2834000E+01 -9.34547e-07
0.2836000E+01 -7.47064e-07
0.2838000E+01 -1.36201e-06
0.2840000E+01 -1.47195e-06
0.2842000E+01 -2.24044e-06
0.2844000E+01 -3.63081e-06
0.2846000E+01 -2.38746e-06
0.2848000E+01 8.34938e-06
0.2850000E+01 2.82889e-06
0.2852000E+01 1.86086e-06
0.2854000E+01 9.93152e-07
0.2856000E+01 1.25208e-06
0.2858000E+01 9.89879e-07
0.2860000E+01 7.50752e-07
0.2862000E+01 5.98339e-07
0.2864000E+01 6.94667e-07
0.2866000E+01 5.35773e-07
0.2868000E+01 5.59354e-07
0.2870000E+01 4.20493e-07
0.2872000E+01 4.2928e-07
0.2874000E+01 4.37741e-07
0.2876000E+01 3.47279e-07
0.2878000E+01 3.80666e-07
0.2880000E+01 4.4523e-07
0.2882000E+01 3.69942e-07
0.2884000E+01 3.60409e-07
0.2886000E+01 2.49449e-07
0.2888000E+01 2.57805e-07
0.2890000E+01 2.70423e-07
0.2892000E+01 3.06649e-07
0.2894000E+01 3.7454e-07
0.2896000E+01 3.95078e-07
0.2898000E+01 2.15441e-07
0.2900000E+01 2.23591e-07
0.2902000E+01 2.3034e-07
0.2904000E+01 1.99436e-07
0.2906000E+01 1.79917e-07
0.2908000E+01 2.27074e-07
0.2910000E+01 2.28952e-07
0.2912000E+01 2.84667e-07
0.2914000E+01 2.42582e-07
0.2916000E+01 1.84983e-07
0.2918000E+01 1.80486e-07
0.2920000E+01 1.83152e-07
0.2922000E+01 2.34943e-07
0.2924000E+01 1.95032e-07
0.2926000E+01 1.74378e-07
0.2928000E+01 1.84436e-07
0.2930000E+01 1.95785e-07
0.2932000E+01 2.18552e-07
0.2934000E+01 2.03009e-07
0.2936000E+01 1.61693e-07
0.2938000E+01 1.43737e-07
0.2940000E+01 2.66106e-07
0.2942000E+01 2.9241e-07
0.2944000E+01 1.468e-07
0.2946000E+01 1.46713e-07
0.2948000E+01 1.5953e-07
0.2950000E+01 1.55283e-07
0.2952000E+01 1.65757e-07
0.2954000E+01 1.50983e-07
0.2956000E+01 1.69137e-07
0.2958000E+01 1.84221e-07
0.2960000E+01 1.62459e-07
0.2962000E+01 1.50974e-07
0.2964000E+01 1.33765e-07
0.2966000E+01 1.33425e-07
0.2968000E+01 1.19162e-07
0.2970000E+01 1.02113e-07
0.2972000E+01 1.05124e-07
0.2974000E+01 9.66956e-08
0.2976000E+01 9.74121e-08
0.2978000E+01 2.17898e-07
0.2980000E+01 3.10864e-07
0.2982000E+01 2.56268e-07
0.2984000E+01 1.27294e-07
0.2986000E+01 -9.40189e-08
0.2988000E+01 -1.4266e-06
0.2990000E+01 1.74205e-06
0.2992000E+01 3.15363e-06
0.2994000E+01 8.76925e-08
0.2996000E+01 8.84355e-08
0.2998000E+01 8.78072e-08
0.3000000E+01 8.79286e-08
0.3002000E+01 8.61804e-08
0.3004000E+01 8.79959e-08
0.3006000E+01 9.77454e-08
0.3008000E+01 1.07562e-07
0.3010000E+01 1.04474e-07
0.3012000E+01 1.01609e-07
0.3014000E+01 1.00358e-07
0.3016000E+01 9.95981e-08
0.3018000E+01 1.01469e-07
0.3020000E+01 9.30642e-08
0.3022000E+01 8.53324e-08
0.3024000E+01 9.54266e-08
0.3026000E+01 1.12145e-07
0.3028000E+01 1.13455e-07
0.3030000E+01 6.82637e-08
0.3032000E+01 5.2749e-08
0.3034000E+01 6.51619e-08
0.3036000E+01 7.13868e-08
0.3038000E+01 7.79537e-08
0.3040000E+01 7.69081e-08
0.3042000E+01 8.61082e-08
0.3044000E+01 7.37857e-08
0.3046000E+01 1.19998e-07
0.3048000E+01 9.48301e-08
0.3050000E+01 9.50162e-08
0.3052000E+01 9.17686e-08
0.3054000E+01 8.47523e-08
0.3056000E+01 7.83674e-08
0.3058000E+01 8.12667e-08
0.3060000E+01 8.74626e-08
0.3062000E+01 8.56841e-08
0.3064000E+01 1.0012e-07
0.3066000E+01 9.7441e-08
0.3068000E+01 1.001e-07
0.3070000E+01 1.10435e-07
0.3072000E+01 1.06232e-07
0.3074000E+01 9.35617e-08
0.3076000E+01 6.3796e-08
0.3078000E+01 3.33391e-08
0.3080000E+01 7.51754e-08
0.3082000E+01 1.05204e-07
0.3084000E+01 1.03998e-07
0.3086000E+01 9.42914e-08
0.3088000E+01 9.3255e-08
0.3090000E+01 8.55769e-08
0.3092000E+01 6.51496e-08
0.3094000E+01 7.54539e-08
0.3096000E+01 6.884e-08
0.3098000E+01 1.08496e-07
0.3100000E+01 1.14727e-07
0.3102000E+01 1.02285e-07
0.3104000E+01 1.02413e-07
0.3106000E+01 8.70574e-08
0.3108000E+01 1.22248e-07
0.3110000E+01 9.09951e-08
0.3112000E+01 7.22278e-08
0.3114000E+01 9.77698e-08
0.3116000E+01 1.14856e-07
0.3118000E+01 1.04738e-07
0.3120000E+01 1.14033e-07
0.3122000E+01 1.19112e-07
0.3124000E+01 6.88569e-08
0.3126000E+01 5.07095e-08
0.3128000E+01 5.72194e-08
0.3130000E+01 8.84232e-08
0.3132000E+01 1.26136e-07
0.3134000E+01 1.00274e-07
0.3136000E+01 1.04597e-07
0.3138000E+01 7.08417e-08
0.3140000E+01 6.17987e-08
0.3142000E+01 8.82036e-08
0.3144000E+01 9.08867e-08
0.3146000E+01 1.18919e-07
0.3148000E+01 8.29358e-08
0.3150000E+01 7.06422e-08
0.3152000E+01 8.71392e-08
0.3154000E+01 1.05752e-07
0.3156000E+01 2.0855e-08
0.3158000E+01 3.35813e-09
0.3160000E+01 7.32723e-08
0.3162000E+01 -1.41248e-07
0.3164000E+01 -1.97343e-07
0.3166000E+01 8.35851e-07
0.3168000E+01 1.7817e-07
0.3170000E+01 1.4637e-08
0.3172000E+01 8.66051e-08
0.3174000E+01 8.04564e-08
0.3176000E+01 2.36845e-07
0.3178000E+01 1.00946e-07
0.3180000E+01 1.34575e-07
0.3182000E+01 2.35951e-07
0.3184000E+01 1.3727e-07
0.3186000E+01 2.05989e-07
0.3188000E+01 1.89314e-07
0.3190000E+01 2.15096e-07
0.3192000E+01 1.68247e-07
0.3194000E+01 1.27406e-07
0.3196000E+01 1.35834e-07
0.3198000E+01 1.43553e-07
0.3200000E+01 1.59383e-07
0.3202000E+01 2.09856e-07
0.3204000E+01 1.65253e-07
0.3206000E+01 1.54275e-07
0.3208000E+01 1.33677e-07
0.3210000E+01 1.3106e-07
0.3212000E+01 1.20906e-07
0.3214000E+01 2.30165e-07
0.3216000E+01 1.39496e-07
0.3218000E+01 9.05439e-08
0.3220000E+01 4.45438e-08
0.3222000E+01 1.00094e-07
0.3224000E+01 1.67932e-07
0.3226000E+01 1.46334e-07
0.3228000E+01 8.46349e-08
0.3230000E+01 4.69407e-08
0.3232000E+01 7.83845e-08
0.3234000E+01 1.56933e-07
0.3236000E+01 1.85825e-07
0.3238000E+01 1.3258e-07
0.3240000E+01 1.15909e-07
0.3242000E+01 8.44911e-08
0.3244000E+01 2.3659e-07
0.3246000E+01 8.59048e-08
0.3248000E+01 5.44242e-08
0.3250000E+01 1.17844e-07
0.3252000E+01 3.60425e-07
0.3254000E+01 -1.97766e-07
0.3256000E+01 3.72461e-07
0.3258000E+01 -1.1292e-07
0.3260000E+01 3.22165e-07
0.3262000E+01 -1.25042e-06
0.3264000E+01 4.90752e-08
0.3266000E+01 3.98876e-07
0.3268000E+01 8.26349e-08
0.3270000E+01 9.11474e-08
0.3272000E+01 3.60318e-07
0.3274000E+01 3.67717e-07
0.3276000E+01 7.12392e-07
0.3278000E+01 -1.3212e-07
0.3280000E+01 -1.7408e-07
0.3282000E+01 4.39913e-07
0.3284000E+01 4.15761e-07
0.3286000E+01 1.11958e-06
0.3288000E+01 1.54037e-07
0.3290000E+01 1.06962e-06
0.3292000E+01 9.3017e-07
0.3294000E+01 5.24351e-07
0.3296000E+01 -2.62947e-07
0.3298000E+01 -4.05811e-08
0.3300000E+01 -6.49277e-07
0.3302000E+01 -4.76655e-07
0.3304000E+01 -5.15278e-07
0.3306000E+01 -2.11157e-07
0.3308000E+01 -1.98566e-07
0.3310000E+01 -2.90177e-07
0.3312000E+01 -2.99932e-07
0.3314000E+01 -2.21415e-07
0.3316000E+01 -1.98347e-07
0.3318000E+01 -1.78362e-07
0.3320000E+01 -1.6093e-07
0.3322000E+01 -1.17949e-07
0.3324000E+01 -1.41761e-07
0.3326000E+01 -1.77389e-07
0.3328000E+01 -1.66286e-07
0.3330000E+01 -1.19654e-07
0.3332000E+01 -1.02649e-07
0.3334000E+01 -1.02458e-07
0.3336000E+01 -9.30605e-08
0.3338000E+01 -8.60832e-08
0.3340000E+01 -8.81289e-08
0.3342000E+01 -9.60687e-08
0.3344000E+01 -8.99258e-08
0.3346000E+01 -7.63123e-08
0.3348000E+01 -6.46985e-08
0.3350000E+01 -5.58281e-08
0.3352000E+01 -5.79028e-08
0.3354000E+01 -6.59627e-08
0.3356000E+01 -8.29855e-08
0.3358000E+01 -8.05468e-08
0.3360000E+01 -5.72668e-08
0.3362000E+01 -5.18165e-08
0.3364000E+01 -7.18946e-08
0.3366000E+01 -6.58103e-08
0.3368000E+01 -5.56483e-08
0.3370000E+01 -5.38704e-08
0.3372000E+01 -4.71173e-08
0.3374000E+01 -5.00451e-08
0.3376000E+01 -3.96454e-08
0.3378000E+01 -3.75506e-08
0.3380000E+01 -3.32606e-08
0.3382000E+01 -3.30769e-08
0.3384000E+01 -5.37654e-08
0.3386000E+01 -4.12048e-08
0.3388000E+01 -3.26589e-08
0.3390000E+01 -2.99843e-08
0.3392000E+01 -1.45719e-07
0.3394000E+01 -4.48228e-08
0.3396000E+01 -5.65149e-08
0.3398000E+01 -4.42671e-08
0.3400000E+01 -4.14784e-08
0.3402000E+01 -7.01536e-08
0.3404000E+01 -5.23671e-08
0.3406000E+01 -5.16295e-08
0.3408000E+01 -4.67947e-08
0.3410000E+01 -4.21571e-08
0.3412000E+01 -3.99209e-08
0.3414000E+01 -4.08963e-08
0.3416000E+01 -4.03782e-08
0.3418000E+01 -4.13857e-08
0.3420000E+01 -6.59406e-08
0.3422000E+01 -5.5254e-08
0.3424000E+01 -4.53314e-08
0.3426000E+01 -3.58182e-08
0.3428000E+01 -3.36131e-08
0.3430000E+01 4.22971e-08
0.3432000E+01 -3.21635e-08
0.3434000E+01 -3.15513e-08
0.3436000E+01 -4.92527e-08
0.3438000E+01 -5.51082e-08
0.3440000E+01 -4.57217e-08
0.3442000E+01 -5.32202e-08
0.3444000E+01 -4.73775e-08
0.3446000E+01 -3.58243e-08
0.3448000E+01 -3.20318e-08
0.3450000E+01 -3.4966e-08
0.3452000E+01 -6.62304e-08
0.3454000E+01 -5.17778e-08
0.3456000E+01 -3.70759e-09
0.3458000E+01 -3.92398e-09
0.3460000E+01 3.53057e-09
0.3462000E+01 -2.64748e-08
0.3464000E+01 -3.66514e-08
0.3466000E+01 -7.14143e-08
0.3468000E+01 -7.08535e-08
0.3470000E+01 -6.00253e-08
0.3472000E+01 -4.15577e-08
0.3474000E+01 -4.47419e-08
0.3476000E+01 -3.85097e-08
0.3478000E+01 -5.32801e-08
0.3480000E+01 -4.70868e-08
0.3482000E+01 -2.09036e-08
0.3484000E+01 -2.63216e-08
0.3486000E+01 -1.23263e-08
0.3488000E+01 -3.00392e-08
0.3490000E+01 -4.20385e-08
0.3492000E+01 -5.28759e-08
0.3494000E+01 8.74197e-09
0.3496000E+01 -3.87348e-08
0.3498000E+01 -4.34133e-08
0.3500000E+01 -9.42433e-09
0.3502000E+01 -4.10623e-08
0.3504000E+01 -2.84513e-08
0.3506000E+01 -1.04129e-08
0.3508000E+01 1.66734e-08
0.3510000E+01 -3.28184e-08
0.3512000E+01 -5.80383e-08
0.3514000E+01 2.22578e-08
0.3516000E+01 7.6069e-10
0.3518000E+01 -1.48493e-08
0.3520000E+01 1.54733e-08
0.3522000E+01 3.80634e-08
0.3524000E+01 1.0133e-07
0.3526000E+01 9.04086e-08
0.3528000E+01 7.59905e-08
0.3530000E+01 6.3351e-08
0.3532000E+01 7.67194e-08
0.3534000E+01 7.37652e-08
0.3536000E+01 5.62168e-08
0.3538000E+01 7.01274e-08
0.3540000E+01 9.39641e-08
0.3542000E+01 1.17524e-07
0.3544000E+01 1.11257e-07
0.3546000E+01 1.27293e-07
0.3548000E+01 7.80685e-08
0.3550000E+01 8.57961e-08
0.3552000E+01 8.20685e-08
0.3554000E+01 1.09542e-07
0.3556000E+01 6.43727e-08
0.3558000E+01 7.72247e-08
0.3560000E+01 1.98952e-07
0.3562000E+01 1.09678e-07
0.3564000E+01 1.13389e-07
0.3566000E+01 9.57673e-08
0.3568000E+01 7.31192e-08
0.3570000E+01 7.27192e-08
0.3572000E+01 7.84634e-08
0.3574000E+01 2.4552e-07
0.3576000E+01 1.41955e-07
0.3578000E+01 1.29497e-07
0.3580000E+01 1.57867e-07
0.3582000E+01 1.35419e-07
0.3584000E+01 1.50192e-07
0.3586000E+01 3.48294e-07
0.3588000E+01 2.54786e-07
0.3590000E+01 3.79269e-07
0.3592000E+01 3.22567e-07
0.3594000E+01 8.18572e-07
0.3596000E+01 6.86767e-07
0.3598000E+01 2.73721e-06
0.3600000E+01 -3.82298e-06
0.3602000E+01 -1.01754e-06
0.3604000E+01 -6.59256e-07
0.3606000E+01 -4.27326e-07
0.3608000E+01 -3.39749e-07
0.3610000E+01 -2.34062e-07
0.3612000E+01 -2.28029e-07
0.3614000E+01 -2.24584e-07
0.3616000E+01 -1.30845e-07
0.3618000E+01 -1.27411e-07
0.3620000E+01 -1.48479e-07
0.3622000E+01 -1.52546e-07
0.3624000E+01 -9.8639e-08
0.3626000E+01 -1.20412e-07
0.3628000E+01 -1.43493e-07
0.3630000E+01 -1.95452e-07
0.3632000E+01 -8.48411e-08
0.3634000E+01 -7.45559e-08
0.3636000E+01 -9.76008e-08
0.3638000E+01 -1.40694e-07
0.3640000E+01 -6.92776e-08
0.3642000E+01 -5.7192e-08
0.3644000E+01 -3.5402e-08
0.3646000E+01 -6.19192e-08
0.3648000E+01 -1.02527e-07
0.3650000E+01 -6.46996e-08
0.3652000E+01 -4.53439e-08
0.3654000E+01 -7.02812e-08
0.3656000E+01 -8.64966e-08
0.3658000E+01 -9.48499e-08
0.3660000E+01 -5.32226e-08
0.3662000E+01 -4.07697e-08
0.3664000E+01 -5.91767e-08
0.3666000E+01 -6.36524e-08
0.3668000E+01 -5.92737e-08
0.3670000E+01 -1.5779e-08
0.3672000E+01 -3.56692e-08
0.3674000E+01 -4.04835e-08
0.3676000E+01 -3.70017e-08
0.3678000E+01 -4.25141e-08
0.3680000E+01 -3.85212e-08
0.3682000E+01 -4.03428e-08
0.3684000E+01 -3.8824e-08
0.3686000E+01 -4.29999e-08
0.3688000E+01 -5.59212e-08
0.3690000E+01 -5.15756e-08
0.3692000E+01 -6.72184e-08
0.3694000E+01 -3.63605e-08
0.3696000E+01 -3.79167e-08
0.3698000E+01 -3.24496e-08
0.3700000E+01 -2.87416e-08
0.3702000E+01 -3.20777e-08
0.3704000E+01 -5.1544e-08
0.3706000E+01 -2.05179e-08
0.3708000E+01 -2.42431e-08
0.3710000E+01 -2.70185e-08
0.3712000E+01 -3.74087e-08
0.3714000E+01 -4.09616e-08
0.3716000E+01 -4.49706e-08
0.3718000E+01 -3.0208e-08
0.3720000E+01 -3.07961e-08
0.3722000E+01 -2.8552e-08
0.3724000E+01 -2.64172e-08
0.3726000E+01 -2.49876e-08
0.3728000E+01 -1.93548e-08
0.3730000E+01 -1.15869e-08
0.3732000E+01 -1.65167e-08
0.3734000E+01 -1.72683e-08
0.3736000E+01 -2.20916e-08
0.3738000E+01 -2.12742e-08
0.3740000E+01 -2.40397e-08
0.3742000E+01 -3.71678e-08
0.3744000E+01 -2.62177e-08
0.3746000E+01 -2.47148e-08
0.3748000E+01 -2.61933e-08
0.3750000E+01 -2.48418e-08
0.3752000E+01 -2.15094e-08
0.3754000E+01 -3.01688e-08
0.3756000E+01 -1.55563e-08
0.3758000E+01 -2.76485e-08
0.3760000E+01 -2.18695e-08
0.3762000E+01 -1.44782e-08
0.3764000E+01 -1.61604e-08
0.3766000E+01 -1.8687e-08
0.3768000E+01 -1.28169e-08
0.3770000E+01 -8.48269e-09
0.3772000E+01 -2.38632e-10
0.3774000E+01 -1.0758e-08
0.3776000E+01 -1.82469e-08
0.3778000E+01 -1.90817e-08
0.3780000E+01 -2.20223e-08
0.3782000E+01 -1.48105e-08
0.3784000E+01 -1.71294e-08
0.3786000E+01 -8.58724e-09
0.3788000E+01 -1.35919e-08
0.3790000E+01 -1.65485e-08
0.3792000E+01 -1.58785e-08
0.3794000E+01 -1.69618e-08
0.3796000E+01 -1.60114e-08
0.3798000E+01 -1.88625e-08
0.3800000E+01 -1.91769e-08
0.3802000E+01 -3.09685e-08
0.3804000E+01 -4.95431e-09
0.3806000E+01 -8.42667e-10
0.3808000E+01 3.46694e-09
0.3810000E+01 -9.93496e-09
0.3812000E+01 -9.5538e-09
0.3814000E+01 -1.50782e-09
0.3816000E+01 -1.22666e-08
0.3818000E+01 -7.7979e-09
0.3820000E+01 2.47807e-09
0.3822000E+01 -4.41111e-09
0.3824000E+01 -6.07135e-09
0.3826000E+01 1.47922e-09
0.3828000E+01 -2.26799e-08
0.3830000E+01 -1.95033e-08
0.3832000E+01 1.80768e-08
0.3834000E+01 -4.22768e-09
0.3836000E+01 1.13641e-08
0.3838000E+01 -1.67473e-08
0.3840000E+01 -7.32851e-09
0.3842000E+01 -4.38501e-08
0.3844000E+01 5.2845e-08
0.3846000E+01 -2.83119e-08
0.3848000E+01 -2.03908e-07
0.3850000E+01 2.42109e-08
0.3852000E+01 -4.05316e-09
0.3854000E+01 8.05222e-10
0.3856000E+01 -8.2864e-10
0.3858000E+01 -1.48036e-10
0.3860000E+01 -6.7722e-09
0.3862000E+01 -9.29929e-09
0.3864000E+01 -5.37977e-09
0.3866000E+01 -2.9931e-08
0.3868000E+01 8.88863e-09
0.3870000E+01 1.67882e-08
0.3872000E+01 8.34963e-09
0.3874000E+01 5.48129e-09
0.3876000E+01 4.65691e-09
0.3878000E+01 6.87538e-09
0.3880000E+01 -2.66057e-10
0.3882000E+01 -5.73695e-09
0.3884000E+01 -2.92866e-08
0.3886000E+01 -1.38424e-08
0.3888000E+01 1.72552e-08
0.3890000E+01 1.63013e-08
0.3892000E+01 1.6238e-08
0.3894000E+01 1.37333e-08
0.3896000E+01 1.08185e-08
0.3898000E+01 -8.24749e-09
0.3900000E+01 -1.72267e-08
0.3902000E+01 4.45641e-08
0.3904000E+01 4.27169e-08
0.3906000E+01 4.12585e-08
0.3908000E+01 3.60446e-08
0.3910000E+01 2.79175e-08
0.3912000E+01 -1.95243e-08
0.3914000E+01 3.45646e-08
0.3916000E+01 7.13053e-08
0.3918000E+01 6.64766e-08
0.3920000E+01 4.50895e-08
0.3922000E+01 4.23062e-08
0.3924000E+01 4.54903e-08
0.3926000E+01 1.88452e-08
0.3928000E+01 2.69065e-08
0.3930000E+01 5.47844e-08
0.3932000E+01 5.19645e-08
0.3934000E+01 5.18744e-08
0.3936000E+01 3.18199e-08
0.3938000E+01 3.08393e-08
0.3940000E+01 3.93127e-08
0.3942000E+01 4.00858e-08
0.3944000E+01 3.01643e-08
0.3946000E+01 2.18501e-08
0.3948000E+01 2.50216e-08
0.3950000E+01 3.14953e-08
0.3952000E+01 3.31305e-08
0.3954000E+01 1.40772e-08
0.3956000E+01 7.61382e-09
0.3958000E+01 9.21469e-09
0.3960000E+01 1.71613e-08
0.3962000E+01 1.90524e-08
0.3964000E+01 1.93748e-08
0.3966000E+01 2.21549e-08
0.3968000E+01 2.04358e-08
0.3970000E+01 2.38644e-08
0.3972000E+01 2.79587e-08
0.3974000E+01 2.65478e-08
0.3976000E+01 2.90108e-08
0.3978000E+01 -7.21279e-08
0.3980000E+01 -3.0006e-08
0.3982000E+01 -1.44336e-08
0.3984000E+01 1.99233e-08
0.3986000E+01 2.05046e-08
0.3988000E+01 3.14922e-08
0.3990000E+01 3.75747e-08
0.3992000E+01 -4.92462e-08
0.3994000E+01 1.68613e-09
0.3996000E+01 7.67839e-09
0.3998000E+01 1.48624e-08
0.4000000E+01 3.01651e-08
