0.0000000E+00 0
0.2000000E-02 0
0.4000000E-02 0
0.6000000E-02 0
0.8000000E-02 0
0.1000000E-01 0
0.1200000E-01 0
0.1400000E-01 0
0.1600000E-01 0
0.1800000E-01 0
0.2000000E-01 0
0.2200000E-01 0
0.2400000E-01 0
0.2600000E-01 0
0.2800000E-01 0
0.3000000E-01 0
0.3200000E-01 0
0.3400000E-01 0
0.3600000E-01 0
0.3800000E-01 0
0.4000000E-01 0
0.4200000E-01 0
0.4400000E-01 0
0.4600000E-01 0
0.4800000E-01 0
0.5000000E-01 0
0.5200000E-01 0
0.5400000E-01 0
0.5600000E-01 0
0.5800000E-01 0
0.6000000E-01 0
0.6200000E-01 0
0.6400000E-01 0
0.6600000E-01 0
0.6800000E-01 0
0.7000000E-01 0
0.7200000E-01 0
0.7400000E-01 0
0.7600000E-01 0
0.7800000E-01 0
0.8000000E-01 0
0.8200000E-01 0
0.8400000E-01 0
0.8600000E-01 2.39547e-05
0.8800000E-01 2.09438e-05
0.9000000E-01 7.77385e-06
0.9200000E-01 2.17433e-06
0.9400000E-01 1.19902e-06
0.9600000E-01 4.61639e-07
0.9800000E-01 -2.20632e-07
0.1000000E+00 -5.85836e-07
0.1020000E+00 -5.01639e-07
0.1040000E+00 -1.49814e-07
0.1060000E+00 1.91727e-07
0.1080000E+00 8.62917e-08
0.1100000E+00 -1.34742e-06
0.1120000E+00 -1.00527e-06
0.1140000E+00 -5.94973e-07
0.1160000E+00 -1.42991e-07
0.1180000E+00 2.51186e-07
0.1200000E+00 1.1924e-06
0.1220000E+00 1.26344e-07
0.1240000E+00 -1.06698e-06
0.1260000E+00 -1.08112e-06
0.1280000E+00 -6.42225e-07
0.1300000E+00 -5.63074e-07
0.1320000E+00 -5.50536e-07
0.1340000E+00 -4.15254e-07
0.1360000E+00 -1.21444e-07
0.1380000E+00 -7.76211e-08
0.1400000E+00 -7.75351e-08
0.1420000E+00 -7.87575e-08
0.1440000E+00 -2.23062e-07
0.1460000E+00 -2.77689e-07
0.1480000E+00 -1.9912e-07
0.1500000E+00 -1.14904e-07
0.1520000E+00 -1.12491e-07
0.1540000E+00 -1.32068e-07
0.1560000E+00 -1.53465e-07
0.1580000E+00 -1.75897e-07
0.1600000E+00 -2.00458e-07
0.1620000E+00 -2.28892e-07
0.1640000E+00 -2.64125e-07
0.1660000E+00 -2.30245e-07
0.1680000E+00 -1.64924e-08
0.1700000E+00 1.72005e-08
0.1720000E+00 4.98313e-08
0.1740000E+00 8.13438e-08
0.1760000E+00 -3.1169e-07
0.1780000E+00 -2.00127e-07
0.1800000E+00 -1.88525e-07
0.1820000E+00 -1.88006e-07
0.1840000E+00 -1.82799e-07
0.1860000E+00 -1.7717e-07
0.1880000E+00 -1.64592e-07
0.1900000E+00 -1.58311e-07
0.1920000E+00 -1.3342e-07
0.1940000E+00 -2.18431e-08
0.1960000E+00 -3.0433e-08
0.1980000E+00 -4.28851e-08
0.2000000E+00 -5.61313e-08
0.2020000E+00 -7.01859e-08
0.2040000E+00 -8.50629e-08
0.2060000E+00 -1.00776e-07
0.2080000E+00 -1.16459e-07
0.2100000E+00 -1.34838e-07
0.2120000E+00 -1.52205e-07
0.2140000E+00 -1.41304e-07
0.2160000E+00 -1.30751e-07
0.2180000E+00 -1.25789e-07
0.2200000E+00 -1.24816e-07
0.2220000E+00 -1.08601e-07
0.2240000E+00 -2.19955e-08
0.2260000E+00 8.40822e-09
0.2280000E+00 2.86975e-08
0.2300000E+00 -1.14193e-08
0.2320000E+00 -1.27179e-07
0.2340000E+00 -1.17211e-07
0.2360000E+00 -1.17075e-07
0.2380000E+00 -1.11319e-07
0.2400000E+00 -1.00917e-07
0.2420000E+00 -9.9785e-08
0.2440000E+00 -9.8604e-08
0.2460000E+00 -1.08183e-07
0.2480000E+00 -1.2017e-07
0.2500000E+00 -9.39528e-08
0.2520000E+00 -2.74432e-08
0.2540000E+00 -3.64705e-08
0.2560000E+00 -4.65295e-08
0.2580000E+00 -5.87346e-08
0.2600000E+00 -7.17221e-08
0.2620000E+00 -8.85121e-08
0.2640000E+00 -9.63392e-08
0.2660000E+00 -9.25722e-08
0.2680000E+00 -9.26875e-08
0.2700000E+00 -6.13294e-08
0.2720000E+00 -5.78291e-08
0.2740000E+00 -5.61605e-08
0.2760000E+00 -5.43959e-08
0.2780000E+00 -5.08624e-08
0.2800000E+00 1.76582e-08
0.2820000E+00 -3.22082e-09
0.2840000E+00 -7.39152e-08
0.2860000E+00 -5.93693e-08
0.2880000E+00 -6.37022e-08
0.2900000E+00 -7.6284e-08
0.2920000E+00 -7.95389e-08
0.2940000E+00 -8.17417e-08
0.2960000E+00 -8.39287e-08
0.2980000E+00 -8.61525e-08
0.3000000E+00 -8.81832e-08
0.3020000E+00 -8.87565e-08
0.3040000E+00 -9.06151e-08
0.3060000E+00 -2.82131e-08
0.3080000E+00 -3.47712e-08
0.3100000E+00 -4.15788e-08
0.3120000E+00 -4.86384e-08
0.3140000E+00 -4.69141e-08
0.3160000E+00 -6.01864e-10
0.3180000E+00 1.18439e-08
0.3200000E+00 -1.12899e-08
0.3220000E+00 -4.16114e-08
0.3240000E+00 -4.34118e-08
0.3260000E+00 -4.45622e-08
0.3280000E+00 -4.57399e-08
0.3300000E+00 -6.27786e-08
0.3320000E+00 -1.42321e-07
0.3340000E+00 -4.32919e-08
0.3360000E+00 1.76735e-08
0.3380000E+00 -3.84996e-08
0.3400000E+00 -5.81163e-08
0.3420000E+00 -5.7712e-08
0.3440000E+00 -5.70192e-08
0.3460000E+00 -5.6088e-08
0.3480000E+00 -5.80849e-08
0.3500000E+00 -6.63268e-08
0.3520000E+00 -6.84453e-08
0.3540000E+00 -7.05592e-08
0.3560000E+00 -3.98406e-08
0.3580000E+00 -3.20413e-08
0.3600000E+00 5.87691e-08
0.3620000E+00 3.3395e-09
0.3640000E+00 -1.7953e-08
0.3660000E+00 -2.13132e-08
0.3680000E+00 -1.94342e-08
0.3700000E+00 -1.95212e-08
0.3720000E+00 -2.3183e-08
0.3740000E+00 -3.66484e-08
0.3760000E+00 -1.23057e-07
0.3780000E+00 -6.8421e-08
0.3800000E+00 -7.25917e-08
0.3820000E+00 -7.68377e-08
0.3840000E+00 1.35737e-07
0.3860000E+00 -4.86118e-08
0.3880000E+00 -4.6478e-08
0.3900000E+00 -4.73308e-08
0.3920000E+00 -4.77386e-08
0.3940000E+00 -4.91038e-08
0.3960000E+00 -5.22499e-08
0.3980000E+00 -5.29252e-08
0.4000000E+00 -5.37937e-08
0.4020000E+00 -2.04608e-08
0.4040000E+00 2.25288e-08
0.4060000E+00 2.24412e-08
0.4080000E+00 2.20739e-08
0.4100000E+00 2.16924e-08
0.4120000E+00 1.29215e-08
0.4140000E+00 -5.96563e-08
0.4160000E+00 -6.2612e-08
0.4180000E+00 -6.50666e-08
0.4200000E+00 -6.595e-08
0.4220000E+00 -6.49538e-08
0.4240000E+00 -5.93108e-08
0.4260000E+00 -1.67735e-08
0.4280000E+00 -4.76938e-09
0.4300000E+00 -1.35769e-08
0.4320000E+00 -2.17504e-08
0.4340000E+00 -3.69239e-08
0.4360000E+00 -3.67531e-08
0.4380000E+00 -3.65869e-08
0.4400000E+00 -3.57469e-08
0.4420000E+00 -3.56924e-08
0.4440000E+00 -3.82277e-08
0.4460000E+00 -7.8436e-09
0.4480000E+00 8.90271e-08
0.4500000E+00 -3.45867e-08
0.4520000E+00 -3.99363e-08
0.4540000E+00 -4.65728e-08
0.4560000E+00 -4.06708e-08
0.4580000E+00 -3.83127e-08
0.4600000E+00 -3.8892e-08
0.4620000E+00 -3.91532e-08
0.4640000E+00 -3.85598e-08
0.4660000E+00 -7.79375e-09
0.4680000E+00 -1.02327e-08
0.4700000E+00 -1.03324e-08
0.4720000E+00 -1.57902e-08
0.4740000E+00 -1.82275e-08
0.4760000E+00 -1.97667e-08
0.4780000E+00 -2.24868e-08
0.4800000E+00 -4.65082e-08
0.4820000E+00 -1.02078e-07
0.4840000E+00 -9.43773e-08
0.4860000E+00 7.82088e-08
0.4880000E+00 -2.7862e-08
0.4900000E+00 -1.28304e-09
0.4920000E+00 -2.98989e-09
0.4940000E+00 -8.95695e-09
0.4960000E+00 -2.06202e-08
0.4980000E+00 -1.77233e-08
0.5000000E+00 6.76949e-11
0.5020000E+00 9.093e-09
0.5040000E+00 9.96216e-09
0.5060000E+00 1.24424e-08
0.5080000E+00 -2.55125e-08
0.5100000E+00 -1.00605e-07
0.5120000E+00 -6.27501e-08
0.5140000E+00 -6.24015e-08
0.5160000E+00 -1.69834e-08
0.5180000E+00 -1.33343e-08
0.5200000E+00 -1.84501e-08
0.5220000E+00 -1.97182e-08
0.5240000E+00 -2.61993e-08
0.5260000E+00 -2.72094e-08
0.5280000E+00 -2.53866e-08
0.5300000E+00 -2.10857e-08
0.5320000E+00 5.8792e-08
0.5340000E+00 -1.32399e-08
0.5360000E+00 -3.8054e-08
0.5380000E+00 -4.17293e-08
0.5400000E+00 -3.98315e-08
0.5420000E+00 -2.97102e-08
0.5440000E+00 9.35697e-09
0.5460000E+00 7.03741e-09
0.5480000E+00 4.85072e-09
0.5500000E+00 6.33055e-09
0.5520000E+00 5.8688e-09
0.5540000E+00 -1.32308e-07
0.5560000E+00 -4.97462e-08
0.5580000E+00 -1.9891e-08
0.5600000E+00 -2.02423e-08
0.5620000E+00 -3.84605e-08
0.5640000E+00 -3.51792e-08
0.5660000E+00 -3.1652e-08
0.5680000E+00 3.63034e-08
0.5700000E+00 9.73351e-08
0.5720000E+00 -1.24848e-07
0.5740000E+00 -6.98185e-08
0.5760000E+00 1.7636e-08
0.5780000E+00 2.25966e-08
0.5800000E+00 6.00339e-09
0.5820000E+00 2.1179e-09
0.5840000E+00 -2.45559e-09
0.5860000E+00 -8.19091e-08
0.5880000E+00 -1.30029e-08
0.5900000E+00 -5.8497e-08
0.5920000E+00 -4.48732e-08
0.5940000E+00 2.48695e-08
0.5960000E+00 6.68365e-08
0.5980000E+00 -3.41677e-07
0.6000000E+00 -2.66625e-08
0.6020000E+00 -4.77721e-08
0.6040000E+00 -6.64973e-08
0.6060000E+00 -6.14824e-08
0.6080000E+00 -1.87726e-07
0.6100000E+00 -7.24551e-08
0.6120000E+00 -1.44529e-08
0.6140000E+00 -2.64089e-08
0.6160000E+00 -2.23511e-07
0.6180000E+00 -2.79655e-07
0.6200000E+00 2.0408e-07
0.6220000E+00 -1.698e-07
0.6240000E+00 -8.75462e-07
0.6260000E+00 -3.82409e-07
0.6280000E+00 -1.48703e-06
0.6300000E+00 -4.01883e-10
0.6320000E+00 2.43605e-06
0.6340000E+00 -1.10191e-06
0.6360000E+00 8.26206e-07
0.6380000E+00 -3.87053e-07
0.6400000E+00 -1.61924e-07
0.6420000E+00 -6.32701e-07
0.6440000E+00 5.8489e-08
0.6460000E+00 -2.79127e-07
0.6480000E+00 -1.78671e-07
0.6500000E+00 -2.80962e-07
0.6520000E+00 -3.18188e-07
0.6540000E+00 2.85474e-07
0.6560000E+00 -1.60748e-07
0.6580000E+00 1.79238e-07
0.6600000E+00 2.04288e-09
0.6620000E+00 -1.4223e-07
0.6640000E+00 -1.61092e-07
0.6660000E+00 -3.4384e-08
0.6680000E+00 2.01339e-07
0.6700000E+00 -1.53027e-07
0.6720000E+00 9.16081e-08
0.6740000E+00 -2.17289e-09
0.6760000E+00 -2.7908e-09
0.6780000E+00 -5.24287e-08
0.6800000E+00 -9.37242e-08
0.6820000E+00 -1.02691e-07
0.6840000E+00 7.0767e-08
0.6860000E+00 2.27929e-08
0.6880000E+00 2.08274e-08
0.6900000E+00 -2.00161e-08
0.6920000E+00 -4.88587e-08
0.6940000E+00 -3.42518e-08
0.6960000E+00 -2.07398e-08
0.6980000E+00 1.93228e-08
0.7000000E+00 -1.77403e-08
0.7020000E+00 -3.31032e-08
0.7040000E+00 -2.6705e-08
0.7060000E+00 6.25791e-08
0.7080000E+00 2.80511e-08
0.7100000E+00 7.40546e-09
0.7120000E+00 -1.60451e-08
0.7140000E+00 -1.15996e-08
0.7160000E+00 -9.43678e-09
0.7180000E+00 -3.72094e-08
0.7200000E+00 -2.95206e-08
0.7220000E+00 -3.01517e-08
0.7240000E+00 -3.03653e-08
0.7260000E+00 -2.76373e-08
0.7280000E+00 -2.73886e-08
0.7300000E+00 3.26504e-08
0.7320000E+00 1.02773e-08
0.7340000E+00 7.28014e-09
0.7360000E+00 1.22672e-08
0.7380000E+00 -4.90299e-08
0.7400000E+00 -2.72128e-09
0.7420000E+00 -7.08629e-09
0.7440000E+00 -7.5859e-09
0.7460000E+00 -9.55658e-09
0.7480000E+00 -1.28589e-08
0.7500000E+00 -1.60356e-08
0.7520000E+00 -1.62236e-08
0.7540000E+00 -1.74884e-08
0.7560000E+00 -1.55105e-08
0.7580000E+00 9.86614e-09
0.7600000E+00 1.94988e-08
0.7620000E+00 5.58768e-09
0.7640000E+00 1.48196e-09
0.7660000E+00 1.39145e-09
0.7680000E+00 -4.25899e-08
0.7700000E+00 -2.32528e-08
0.7720000E+00 -2.13934e-08
0.7740000E+00 -2.10833e-08
0.7760000E+00 -6.02924e-09
0.7780000E+00 8.39225e-09
0.7800000E+00 -2.95001e-09
0.7820000E+00 -7.84916e-09
0.7840000E+00 -8.58013e-09
0.7860000E+00 -8.62092e-09
0.7880000E+00 -1.00343e-08
0.7900000E+00 9.16911e-09
0.7920000E+00 1.6225e-08
0.7940000E+00 6.68402e-09
0.7960000E+00 2.02641e-09
0.7980000E+00 2.04933e-11
0.8000000E+00 -1.41968e-09
0.8020000E+00 -3.23972e-08
0.8040000E+00 -3.2298e-08
0.8060000E+00 -1.88524e-08
0.8080000E+00 -1.89343e-08
0.8100000E+00 -1.98528e-08
0.8120000E+00 -1.90339e-08
0.8140000E+00 -6.18071e-09
0.8160000E+00 1.08768e-08
0.8180000E+00 4.06038e-09
0.8200000E+00 -3.79862e-09
0.8220000E+00 -3.94732e-09
0.8240000E+00 -4.43003e-09
0.8260000E+00 1.9091e-08
0.8280000E+00 -5.14455e-12
0.8300000E+00 -2.2092e-09
0.8320000E+00 -6.02011e-09
0.8340000E+00 -5.83304e-09
0.8360000E+00 -4.0978e-09
0.8380000E+00 -3.99593e-10
0.8400000E+00 -3.62119e-08
0.8420000E+00 -2.16578e-08
0.8440000E+00 -1.67614e-08
0.8460000E+00 -1.75351e-08
0.8480000E+00 -1.56881e-08
0.8500000E+00 -1.59045e-08
0.8520000E+00 -1.12177e-08
0.8540000E+00 9.56849e-10
0.8560000E+00 4.65796e-09
0.8580000E+00 3.28724e-09
0.8600000E+00 -3.30303e-09
0.8620000E+00 -1.40603e-09
0.8640000E+00 7.45503e-09
0.8660000E+00 -1.07051e-09
0.8680000E+00 -2.53444e-09
0.8700000E+00 -2.9349e-09
0.8720000E+00 -4.01775e-09
0.8740000E+00 -5.12384e-09
0.8760000E+00 -6.10418e-09
0.8780000E+00 -6.58646e-09
0.8800000E+00 -7.871e-09
0.8820000E+00 -2.37573e-08
0.8840000E+00 -2.26842e-08
0.8860000E+00 -1.97809e-08
0.8880000E+00 -1.84766e-08
0.8900000E+00 -1.28283e-08
0.8920000E+00 2.95257e-09
0.8940000E+00 7.65306e-09
0.8960000E+00 -9.489e-09
0.8980000E+00 -7.15188e-09
0.9000000E+00 -5.52595e-09
0.9020000E+00 -2.9907e-09
0.9040000E+00 1.18792e-09
0.9060000E+00 -3.64963e-09
0.9080000E+00 -6.84009e-09
0.9100000E+00 -8.08263e-09
0.9120000E+00 -8.70741e-09
0.9140000E+00 -9.86817e-09
0.9160000E+00 -1.08174e-08
0.9180000E+00 3.12402e-09
0.9200000E+00 -8.1041e-09
0.9220000E+00 -8.29532e-09
0.9240000E+00 -8.70891e-09
0.9260000E+00 -1.90331e-08
0.9280000E+00 -1.20825e-08
0.9300000E+00 2.44076e-09
0.9320000E+00 1.67291e-09
0.9340000E+00 -3.52233e-09
0.9360000E+00 -7.28561e-09
0.9380000E+00 -1.05919e-08
0.9400000E+00 -1.14054e-08
0.9420000E+00 -1.19185e-08
0.9440000E+00 -1.25664e-08
0.9460000E+00 -8.37e-09
0.9480000E+00 -4.92922e-09
0.9500000E+00 -6.40373e-09
0.9520000E+00 -7.76532e-09
0.9540000E+00 -1.0866e-08
0.9560000E+00 -1.10209e-08
0.9580000E+00 -1.0216e-08
0.9600000E+00 -1.23114e-08
0.9620000E+00 -1.3024e-08
0.9640000E+00 -1.04075e-08
0.9660000E+00 4.30328e-09
0.9680000E+00 1.02116e-08
0.9700000E+00 1.35561e-09
0.9720000E+00 -1.84801e-08
0.9740000E+00 -1.12387e-08
0.9760000E+00 -1.08475e-08
0.9780000E+00 -1.16004e-08
0.9800000E+00 -3.18906e-09
0.9820000E+00 -9.45142e-09
0.9840000E+00 -9.86519e-09
0.9860000E+00 -1.09404e-08
0.9880000E+00 -1.21268e-08
0.9900000E+00 -9.99143e-09
0.9920000E+00 -1.20328e-08
0.9940000E+00 -1.29487e-08
0.9960000E+00 -1.40685e-08
0.9980000E+00 -1.4716e-08
0.1000000E+01 -1.53331e-08
0.1002000E+01 -1.00005e-09
0.1004000E+01 9.14983e-09
0.1006000E+01 -5.10779e-10
0.1008000E+01 -4.84266e-09
0.1010000E+01 -2.5523e-09
0.1012000E+01 2.65659e-10
0.1014000E+01 -2.94467e-09
0.1016000E+01 -4.59981e-09
0.1018000E+01 -7.95317e-09
0.1020000E+01 -1.87481e-08
0.1022000E+01 -1.54227e-08
0.1024000E+01 -1.44817e-08
0.1026000E+01 -1.36908e-08
0.1028000E+01 -1.43503e-08
0.1030000E+01 -1.48135e-08
0.1032000E+01 -1.49128e-08
0.1034000E+01 -1.49079e-08
0.1036000E+01 -1.1565e-08
0.1038000E+01 3.03674e-10
0.1040000E+01 8.40048e-09
0.1042000E+01 4.43807e-09
0.1044000E+01 1.26773e-09
0.1046000E+01 -1.54988e-09
0.1048000E+01 -5.74713e-09
0.1050000E+01 -6.24797e-09
0.1052000E+01 -7.17694e-09
0.1054000E+01 -7.81255e-09
0.1056000E+01 -8.45825e-09
0.1058000E+01 -9.58887e-09
0.1060000E+01 -1.17729e-08
0.1062000E+01 -1.3135e-08
0.1064000E+01 -1.40168e-08
0.1066000E+01 -1.47211e-08
0.1068000E+01 -1.52835e-08
0.1070000E+01 -1.95781e-08
0.1072000E+01 -9.78152e-09
0.1074000E+01 7.23186e-09
0.1076000E+01 1.07592e-08
0.1078000E+01 -1.91958e-09
0.1080000E+01 8.31152e-10
0.1082000E+01 -2.74475e-09
0.1084000E+01 -2.32e-09
0.1086000E+01 -5.09664e-09
0.1088000E+01 -9.17111e-09
0.1090000E+01 -1.06894e-08
0.1092000E+01 -1.18211e-08
0.1094000E+01 -1.22803e-08
0.1096000E+01 -1.26315e-08
0.1098000E+01 -1.31797e-08
0.1100000E+01 -1.35621e-08
0.1102000E+01 -1.39461e-08
0.1104000E+01 -1.45013e-08
0.1106000E+01 -9.82068e-09
0.1108000E+01 2.43964e-10
0.1110000E+01 6.21224e-09
0.1112000E+01 2.28049e-09
0.1114000E+01 4.30513e-10
0.1116000E+01 -3.62318e-09
0.1118000E+01 -6.63333e-09
0.1120000E+01 -8.15162e-09
0.1122000E+01 -1.20104e-08
0.1124000E+01 -1.12265e-08
0.1126000E+01 -8.58827e-09
0.1128000E+01 -7.51106e-09
0.1130000E+01 -9.90072e-09
0.1132000E+01 -1.20094e-08
0.1134000E+01 -1.26774e-08
0.1136000E+01 -1.32521e-08
0.1138000E+01 -1.40628e-08
0.1140000E+01 -1.52923e-08
0.1142000E+01 8.32753e-09
0.1144000E+01 1.50613e-08
0.1146000E+01 -1.47346e-09
0.1148000E+01 -2.42537e-09
0.1150000E+01 2.55669e-09
0.1152000E+01 -1.46804e-09
0.1154000E+01 -3.24637e-09
0.1156000E+01 -6.82124e-09
0.1158000E+01 -9.0262e-09
0.1160000E+01 -1.01116e-08
0.1162000E+01 -1.11588e-08
0.1164000E+01 -1.19095e-08
0.1166000E+01 -1.23684e-08
0.1168000E+01 -1.28848e-08
0.1170000E+01 -1.33916e-08
0.1172000E+01 -1.38309e-08
0.1174000E+01 -6.89844e-09
0.1176000E+01 5.77349e-09
0.1178000E+01 1.17339e-08
0.1180000E+01 6.95315e-09
0.1182000E+01 -1.07838e-10
0.1184000E+01 -5.34422e-09
0.1186000E+01 -5.45171e-09
0.1188000E+01 -1.68248e-09
0.1190000E+01 -2.37436e-09
0.1192000E+01 -5.84604e-09
0.1194000E+01 -6.93752e-09
0.1196000E+01 -7.84746e-09
0.1198000E+01 -8.84805e-09
0.1200000E+01 -1.04264e-08
0.1202000E+01 -1.18985e-08
0.1204000E+01 -1.34112e-08
0.1206000E+01 -1.41109e-08
0.1208000E+01 1.10237e-08
0.1210000E+01 1.78654e-08
0.1212000E+01 1.09607e-09
0.1214000E+01 5.023e-10
0.1216000E+01 -3.21679e-10
0.1218000E+01 -2.20478e-09
0.1220000E+01 -4.20767e-09
0.1222000E+01 -6.96508e-09
0.1224000E+01 -1.12829e-08
0.1226000E+01 -5.56464e-09
0.1228000E+01 -9.58833e-09
0.1230000E+01 -1.05491e-08
0.1232000E+01 -1.12942e-08
0.1234000E+01 -1.11567e-08
0.1236000E+01 -1.00744e-08
0.1238000E+01 -8.30131e-09
0.1240000E+01 3.16148e-09
0.1242000E+01 1.61395e-08
0.1244000E+01 1.15806e-08
0.1246000E+01 2.64149e-09
0.1248000E+01 -3.77516e-09
0.1250000E+01 -4.93644e-09
0.1252000E+01 -5.57398e-09
0.1254000E+01 -6.78707e-09
0.1256000E+01 -7.69924e-09
0.1258000E+01 -7.91444e-09
0.1260000E+01 -8.60527e-09
0.1262000E+01 -9.89668e-09
0.1264000E+01 -8.16035e-09
0.1266000E+01 -8.00346e-09
0.1268000E+01 -9.88133e-09
0.1270000E+01 -1.12878e-08
0.1272000E+01 1.90559e-08
0.1274000E+01 2.72366e-08
0.1276000E+01 6.91092e-09
0.1278000E+01 6.26335e-09
0.1280000E+01 5.73411e-09
0.1282000E+01 3.58199e-09
0.1284000E+01 -1.47718e-10
0.1286000E+01 -4.00989e-09
0.1288000E+01 -4.46959e-09
0.1290000E+01 -3.08887e-09
0.1292000E+01 -4.84484e-09
0.1294000E+01 -5.7082e-09
0.1296000E+01 -6.36231e-09
0.1298000E+01 -6.81074e-09
0.1300000E+01 -8.29982e-09
0.1302000E+01 4.59807e-09
0.1304000E+01 2.54011e-08
0.1306000E+01 2.87989e-08
0.1308000E+01 1.43613e-08
0.1310000E+01 -4.49866e-09
0.1312000E+01 -7.26665e-09
0.1314000E+01 -5.89306e-09
0.1316000E+01 -4.71999e-09
0.1318000E+01 -4.49139e-09
0.1320000E+01 -4.48677e-09
0.1322000E+01 -6.00304e-09
0.1324000E+01 -7.98253e-09
0.1326000E+01 -9.37595e-09
0.1328000E+01 -9.95927e-09
0.1330000E+01 -1.0256e-08
0.1332000E+01 1.03467e-09
0.1334000E+01 1.45726e-08
0.1336000E+01 2.69326e-08
0.1338000E+01 8.67807e-09
0.1340000E+01 8.13612e-09
0.1342000E+01 5.38626e-09
0.1344000E+01 6.10495e-09
0.1346000E+01 9.92854e-10
0.1348000E+01 -3.38441e-10
0.1350000E+01 -1.19317e-09
0.1352000E+01 -2.44821e-09
0.1354000E+01 -3.0178e-09
0.1356000E+01 -3.392e-09
0.1358000E+01 -3.73422e-09
0.1360000E+01 -4.14746e-09
0.1362000E+01 1.09911e-08
0.1364000E+01 3.36592e-08
0.1366000E+01 3.40704e-08
0.1368000E+01 1.79602e-08
0.1370000E+01 1.17059e-08
0.1372000E+01 8.41554e-09
0.1374000E+01 8.08664e-09
0.1376000E+01 4.96792e-09
0.1378000E+01 -1.51727e-08
0.1380000E+01 -1.6425e-08
0.1382000E+01 -1.15925e-08
0.1384000E+01 -8.5688e-09
0.1386000E+01 -7.19474e-09
0.1388000E+01 -8.68694e-09
0.1390000E+01 -5.80579e-09
0.1392000E+01 1.85749e-08
0.1394000E+01 3.43676e-08
0.1396000E+01 2.18509e-08
0.1398000E+01 1.50878e-08
0.1400000E+01 1.09427e-08
0.1402000E+01 8.15532e-09
0.1404000E+01 7.23864e-09
0.1406000E+01 5.08669e-09
0.1408000E+01 3.15813e-09
0.1410000E+01 2.52937e-09
0.1412000E+01 1.05325e-10
0.1414000E+01 -1.0578e-09
0.1416000E+01 -1.03395e-09
0.1418000E+01 -2.22084e-09
0.1420000E+01 3.02089e-08
0.1422000E+01 4.08383e-08
0.1424000E+01 2.19386e-08
0.1426000E+01 2.46474e-08
0.1428000E+01 2.01534e-08
0.1430000E+01 1.44447e-08
0.1432000E+01 -6.34851e-09
0.1434000E+01 -1.34378e-08
0.1436000E+01 -5.4235e-09
0.1438000E+01 -3.55756e-09
0.1440000E+01 -3.54487e-09
0.1442000E+01 -6.04099e-09
0.1444000E+01 -5.79001e-09
0.1446000E+01 -2.2847e-09
0.1448000E+01 1.79829e-08
0.1450000E+01 3.98421e-08
0.1452000E+01 2.71221e-08
0.1454000E+01 1.25403e-08
0.1456000E+01 9.64979e-09
0.1458000E+01 9.27205e-09
0.1460000E+01 8.98484e-09
0.1462000E+01 8.82895e-09
0.1464000E+01 8.33199e-09
0.1466000E+01 9.08469e-09
0.1468000E+01 3.45589e-09
0.1470000E+01 3.28256e-09
0.1472000E+01 2.82955e-09
0.1474000E+01 1.50287e-08
0.1476000E+01 3.64853e-08
0.1478000E+01 2.77722e-08
0.1480000E+01 1.359e-09
0.1482000E+01 4.48718e-09
0.1484000E+01 6.37313e-09
0.1486000E+01 5.73915e-09
0.1488000E+01 4.63994e-09
0.1490000E+01 1.30767e-09
0.1492000E+01 -6.75922e-10
0.1494000E+01 1.24904e-10
0.1496000E+01 4.70395e-10
0.1498000E+01 -6.75668e-10
0.1500000E+01 -3.80263e-09
0.1502000E+01 3.33596e-08
0.1504000E+01 4.79449e-08
0.1506000E+01 2.60506e-08
0.1508000E+01 2.92915e-08
0.1510000E+01 2.39089e-08
0.1512000E+01 1.46541e-08
0.1514000E+01 9.75647e-09
0.1516000E+01 1.00721e-08
0.1518000E+01 9.94299e-09
0.1520000E+01 -3.04866e-09
0.1522000E+01 -1.45107e-08
0.1524000E+01 -9.68055e-09
0.1526000E+01 -4.43377e-09
0.1528000E+01 2.07192e-08
0.1530000E+01 3.78253e-08
0.1532000E+01 1.9916e-08
0.1534000E+01 9.92177e-09
0.1536000E+01 7.61224e-09
0.1538000E+01 7.32955e-09
0.1540000E+01 7.52139e-09
0.1542000E+01 7.21355e-09
0.1544000E+01 6.32148e-09
0.1546000E+01 4.88298e-09
0.1548000E+01 5.98522e-09
0.1550000E+01 -2.12888e-09
0.1552000E+01 6.29753e-09
0.1554000E+01 3.00732e-08
0.1556000E+01 4.19907e-08
0.1558000E+01 1.88472e-08
0.1560000E+01 6.74631e-10
0.1562000E+01 1.62236e-09
0.1564000E+01 5.20557e-09
0.1566000E+01 3.41839e-09
0.1568000E+01 -8.53007e-11
0.1570000E+01 1.00393e-09
0.1572000E+01 7.97323e-10
0.1574000E+01 4.76436e-11
0.1576000E+01 -3.71147e-10
0.1578000E+01 2.56019e-08
0.1580000E+01 3.94435e-08
0.1582000E+01 2.89464e-08
0.1584000E+01 2.20358e-08
0.1586000E+01 1.96226e-08
0.1588000E+01 2.0072e-08
0.1590000E+01 1.6222e-08
0.1592000E+01 1.27464e-08
0.1594000E+01 -3.23002e-09
0.1596000E+01 -1.11045e-08
0.1598000E+01 -9.86407e-09
0.1600000E+01 -6.99054e-09
0.1602000E+01 1.26328e-08
0.1604000E+01 1.24584e-08
0.1606000E+01 4.59413e-09
0.1608000E+01 2.17916e-08
0.1610000E+01 2.22065e-08
0.1612000E+01 2.43497e-08
0.1614000E+01 1.79192e-08
0.1616000E+01 1.85687e-08
0.1618000E+01 1.63455e-08
0.1620000E+01 1.57258e-08
0.1622000E+01 1.48574e-08
0.1624000E+01 1.17096e-08
0.1626000E+01 -3.44862e-08
0.1628000E+01 2.83798e-08
0.1630000E+01 3.04947e-08
0.1632000E+01 1.97195e-08
0.1634000E+01 1.82315e-08
0.1636000E+01 1.82711e-08
0.1638000E+01 1.18626e-08
0.1640000E+01 1.08834e-08
0.1642000E+01 -2.61662e-09
0.1644000E+01 -6.34209e-09
0.1646000E+01 2.38663e-09
0.1648000E+01 6.54327e-09
0.1650000E+01 2.92097e-08
0.1652000E+01 5.03391e-08
0.1654000E+01 3.86104e-08
0.1656000E+01 1.89232e-08
0.1658000E+01 8.0475e-09
0.1660000E+01 1.08194e-08
0.1662000E+01 4.53907e-09
0.1664000E+01 -2.76089e-10
0.1666000E+01 -1.43466e-09
0.1668000E+01 1.57771e-08
0.1670000E+01 1.48167e-08
0.1672000E+01 2.78843e-08
0.1674000E+01 5.08065e-08
0.1676000E+01 5.09967e-08
0.1678000E+01 3.6657e-08
0.1680000E+01 3.53431e-08
0.1682000E+01 3.53515e-08
0.1684000E+01 2.44204e-08
0.1686000E+01 1.48082e-08
0.1688000E+01 1.43326e-08
0.1690000E+01 8.02143e-09
0.1692000E+01 -1.31368e-08
0.1694000E+01 1.38887e-08
0.1696000E+01 4.64467e-08
0.1698000E+01 5.0953e-08
0.1700000E+01 3.89649e-08
0.1702000E+01 3.6174e-08
0.1704000E+01 3.44737e-08
0.1706000E+01 3.4916e-08
0.1708000E+01 3.43007e-08
0.1710000E+01 3.2205e-08
0.1712000E+01 2.04662e-08
0.1714000E+01 1.40337e-08
0.1716000E+01 2.96036e-08
0.1718000E+01 5.15769e-08
0.1720000E+01 4.72867e-08
0.1722000E+01 3.46496e-08
0.1724000E+01 3.24941e-08
0.1726000E+01 4.31072e-08
0.1728000E+01 4.0239e-08
0.1730000E+01 4.02204e-08
0.1732000E+01 4.18335e-08
0.1734000E+01 4.06144e-08
0.1736000E+01 1.87678e-08
0.1738000E+01 4.42497e-08
0.1740000E+01 5.64029e-08
0.1742000E+01 4.60652e-08
0.1744000E+01 4.77762e-08
0.1746000E+01 5.05746e-08
0.1748000E+01 4.08789e-08
0.1750000E+01 4.00227e-08
0.1752000E+01 3.99975e-08
0.1754000E+01 3.99687e-08
0.1756000E+01 4.03529e-08
0.1758000E+01 4.04347e-08
0.1760000E+01 6.51185e-08
0.1762000E+01 5.48196e-08
0.1764000E+01 5.56267e-08
0.1766000E+01 5.42016e-08
0.1768000E+01 5.30423e-08
0.1770000E+01 5.25735e-08
0.1772000E+01 5.57546e-08
0.1774000E+01 5.46513e-08
0.1776000E+01 3.1509e-08
0.1778000E+01 5.92361e-08
0.1780000E+01 8.61201e-08
0.1782000E+01 7.67893e-08
0.1784000E+01 6.9016e-08
0.1786000E+01 6.19888e-08
0.1788000E+01 6.06812e-08
0.1790000E+01 5.89748e-08
0.1792000E+01 5.89309e-08
0.1794000E+01 5.65257e-08
0.1796000E+01 5.08711e-08
0.1798000E+01 8.2821e-08
0.1800000E+01 9.50547e-08
0.1802000E+01 8.40285e-08
0.1804000E+01 7.85962e-08
0.1806000E+01 7.52838e-08
0.1808000E+01 7.72561e-08
0.1810000E+01 7.86944e-08
0.1812000E+01 7.44657e-08
0.1814000E+01 5.7065e-08
0.1816000E+01 7.48473e-08
0.1818000E+01 9.60815e-08
0.1820000E+01 9.2861e-08
0.1822000E+01 9.01847e-08
0.1824000E+01 9.30694e-08
0.1826000E+01 9.59523e-08
0.1828000E+01 9.51092e-08
0.1830000E+01 9.19283e-08
0.1832000E+01 9.11878e-08
0.1834000E+01 9.51398e-08
0.1836000E+01 1.10591e-07
0.1838000E+01 1.15849e-07
0.1840000E+01 1.13356e-07
0.1842000E+01 1.14289e-07
0.1844000E+01 1.21021e-07
0.1846000E+01 8.38375e-08
0.1848000E+01 1.04514e-07
0.1850000E+01 1.10577e-07
0.1852000E+01 1.22536e-07
0.1854000E+01 1.37287e-07
0.1856000E+01 1.34522e-07
0.1858000E+01 1.31875e-07
0.1860000E+01 1.35151e-07
0.1862000E+01 1.4637e-07
0.1864000E+01 1.47478e-07
0.1866000E+01 1.45706e-07
0.1868000E+01 1.47432e-07
0.1870000E+01 1.69663e-07
0.1872000E+01 1.47487e-07
0.1874000E+01 1.42127e-07
0.1876000E+01 1.5179e-07
0.1878000E+01 1.74755e-07
0.1880000E+01 1.80317e-07
0.1882000E+01 1.82612e-07
0.1884000E+01 1.90735e-07
0.1886000E+01 2.0078e-07
0.1888000E+01 2.05873e-07
0.1890000E+01 2.07786e-07
0.1892000E+01 1.84802e-07
0.1894000E+01 2.37534e-07
0.1896000E+01 2.31519e-07
0.1898000E+01 2.16689e-07
0.1900000E+01 2.30317e-07
0.1902000E+01 2.4406e-07
0.1904000E+01 2.58998e-07
0.1906000E+01 2.68904e-07
0.1908000E+01 3.20762e-07
0.1910000E+01 3.39427e-07
0.1912000E+01 3.36836e-07
0.1914000E+01 3.62976e-07
0.1916000E+01 3.77504e-07
0.1918000E+01 4.4505e-07
0.1920000E+01 5.1664e-07
0.1922000E+01 6.3089e-07
0.1924000E+01 9.94163e-07
0.1926000E+01 8.39677e-07
0.1928000E+01 -5.50182e-07
0.1930000E+01 2.57167e-07
0.1932000E+01 -1.20981e-07
0.1934000E+01 3.09248e-08
0.1936000E+01 5.36702e-07
0.1938000E+01 1.08009e-07
0.1940000E+01 6.36318e-07
0.1942000E+01 2.03212e-07
0.1944000E+01 6.65842e-07
0.1946000E+01 5.71728e-07
0.1948000E+01 6.25292e-07
0.1950000E+01 9.80312e-07
0.1952000E+01 8.84391e-07
0.1954000E+01 3.73048e-06
0.1956000E+01 -1.9519e-07
0.1958000E+01 -4.21278e-06
0.1960000E+01 -1.6436e-06
0.1962000E+01 -1.59694e-06
0.1964000E+01 -5.20542e-07
0.1966000E+01 -2.88526e-07
0.1968000E+01 -3.84029e-07
0.1970000E+01 -4.87532e-07
0.1972000E+01 -6.72756e-07
0.1974000E+01 -6.90921e-07
0.1976000E+01 -1.73687e-07
0.1978000E+01 -1.95178e-07
0.1980000E+01 -7.10225e-07
0.1982000E+01 -5.54675e-07
0.1984000E+01 -2.60405e-07
0.1986000E+01 -1.53177e-07
0.1988000E+01 -1.64183e-07
0.1990000E+01 -1.65131e-07
0.1992000E+01 -2.28381e-07
0.1994000E+01 -5.8719e-08
0.1996000E+01 -4.66165e-08
0.1998000E+01 -1.0586e-07
0.2000000E+01 -1.13549e-07
0.2002000E+01 -1.15282e-07
0.2004000E+01 -1.16937e-07
0.2006000E+01 -1.20461e-07
0.2008000E+01 -1.2398e-07
0.2010000E+01 -1.29234e-07
0.2012000E+01 -1.37701e-07
0.2014000E+01 -1.54308e-07
0.2016000E+01 -1.94333e-07
0.2018000E+01 -1.38228e-07
0.2020000E+01 -8.68792e-08
0.2022000E+01 -8.96324e-08
0.2024000E+01 -9.28878e-08
0.2026000E+01 -8.58322e-08
0.2028000E+01 -8.75892e-08
0.2030000E+01 -2.93054e-08
0.2032000E+01 1.76369e-07
0.2034000E+01 5.04226e-07
0.2036000E+01 1.12171e-06
0.2038000E+01 -1.94779e-07
0.2040000E+01 -6.36474e-07
0.2042000E+01 -7.72564e-07
0.2044000E+01 -3.52032e-07
0.2046000E+01 -2.27421e-07
0.2048000E+01 -5.76036e-08
0.2050000E+01 1.03137e-07
0.2052000E+01 4.79903e-08
0.2054000E+01 -2.76356e-07
0.2056000E+01 -2.81167e-07
0.2058000E+01 -9.82829e-08
0.2060000E+01 -3.00487e-08
0.2062000E+01 -2.82403e-08
0.2064000E+01 1.93815e-08
0.2066000E+01 -1.91193e-07
0.2068000E+01 -5.32061e-08
0.2070000E+01 -1.16741e-07
0.2072000E+01 -3.62953e-07
0.2074000E+01 -1.63962e-07
0.2076000E+01 -1.23344e-07
0.2078000E+01 -7.28852e-08
0.2080000E+01 -5.46616e-08
0.2082000E+01 -7.43603e-08
0.2084000E+01 -1.79996e-07
0.2086000E+01 -1.37441e-07
0.2088000E+01 -1.5102e-07
0.2090000E+01 -1.38358e-07
0.2092000E+01 -8.31134e-08
0.2094000E+01 -9.04094e-09
0.2096000E+01 -6.44925e-08
0.2098000E+01 -7.97731e-08
0.2100000E+01 -7.57891e-08
0.2102000E+01 -7.22359e-08
0.2104000E+01 -6.64596e-08
0.2106000E+01 -5.2094e-08
0.2108000E+01 -1.69242e-08
0.2110000E+01 -6.009e-09
0.2112000E+01 -2.2359e-08
0.2114000E+01 -7.24709e-09
0.2116000E+01 -4.98559e-08
0.2118000E+01 -1.40186e-07
0.2120000E+01 -1.32647e-07
0.2122000E+01 -1.30059e-07
0.2124000E+01 -1.42345e-07
0.2126000E+01 -9.95082e-08
0.2128000E+01 -4.36926e-08
0.2130000E+01 1.7574e-09
0.2132000E+01 -3.34139e-08
0.2134000E+01 -8.04773e-08
0.2136000E+01 -7.43254e-08
0.2138000E+01 -6.58362e-08
0.2140000E+01 -5.39459e-08
0.2142000E+01 -7.11524e-08
0.2144000E+01 -3.54644e-08
0.2146000E+01 -1.17158e-09
0.2148000E+01 -2.07424e-08
0.2150000E+01 -3.85775e-08
0.2152000E+01 -3.08058e-08
0.2154000E+01 -2.68375e-08
0.2156000E+01 -4.92857e-08
0.2158000E+01 -8.02161e-08
0.2160000E+01 -5.00262e-08
0.2162000E+01 -1.55153e-08
0.2164000E+01 -1.23205e-08
0.2166000E+01 -2.64336e-08
0.2168000E+01 -2.90982e-08
0.2170000E+01 -7.63163e-08
0.2172000E+01 -1.04408e-07
0.2174000E+01 -1.01965e-07
0.2176000E+01 -1.03939e-07
0.2178000E+01 -4.52238e-08
0.2180000E+01 7.0528e-08
0.2182000E+01 1.79778e-08
0.2184000E+01 -3.5441e-08
0.2186000E+01 -4.24044e-08
0.2188000E+01 -4.39959e-08
0.2190000E+01 -4.65048e-08
0.2192000E+01 -3.54098e-08
0.2194000E+01 1.97394e-08
0.2196000E+01 4.9508e-08
0.2198000E+01 -1.71835e-08
0.2200000E+01 -3.86246e-08
0.2202000E+01 -3.95415e-08
0.2204000E+01 -3.66238e-08
0.2206000E+01 -4.31241e-08
0.2208000E+01 -9.4385e-09
0.2210000E+01 1.94586e-08
0.2212000E+01 4.48668e-08
0.2214000E+01 3.80466e-08
0.2216000E+01 -3.66907e-09
0.2218000E+01 -5.05456e-08
0.2220000E+01 -6.99497e-08
0.2222000E+01 3.7628e-08
0.2224000E+01 1.1834e-07
0.2226000E+01 2.06838e-08
0.2228000E+01 1.29239e-08
0.2230000E+01 -3.56311e-08
0.2232000E+01 2.3366e-08
0.2234000E+01 1.08654e-07
0.2236000E+01 1.47192e-07
0.2238000E+01 1.57035e-07
0.2240000E+01 8.87847e-08
0.2242000E+01 1.08023e-07
0.2244000E+01 1.86066e-07
0.2246000E+01 -2.30587e-09
0.2248000E+01 3.54281e-08
0.2250000E+01 -4.39235e-08
0.2252000E+01 3.43007e-07
0.2254000E+01 3.21913e-07
0.2256000E+01 7.36426e-07
0.2258000E+01 1.0809e-06
0.2260000E+01 1.70814e-07
0.2262000E+01 -8.61943e-07
0.2264000E+01 -5.32904e-07
0.2266000E+01 -4.65506e-07
0.2268000E+01 -3.86318e-07
0.2270000E+01 -3.35404e-07
0.2272000E+01 -2.7666e-07
0.2274000E+01 -2.60026e-07
0.2276000E+01 -2.54336e-07
0.2278000E+01 -2.4091e-07
0.2280000E+01 -1.80544e-07
0.2282000E+01 -1.39891e-07
0.2284000E+01 -1.35659e-07
0.2286000E+01 -1.55342e-07
0.2288000E+01 -1.48971e-07
0.2290000E+01 -1.41375e-07
0.2292000E+01 -1.405e-07
0.2294000E+01 -1.65947e-07
0.2296000E+01 -1.61423e-07
0.2298000E+01 -1.46345e-07
0.2300000E+01 -1.51806e-07
0.2302000E+01 -1.55146e-07
0.2304000E+01 -1.53229e-07
0.2306000E+01 -1.50266e-07
0.2308000E+01 -1.52818e-07
0.2310000E+01 -1.54569e-07
0.2312000E+01 -1.26442e-07
0.2314000E+01 -1.38568e-07
0.2316000E+01 -1.47669e-07
0.2318000E+01 -1.48716e-07
0.2320000E+01 -1.47988e-07
0.2322000E+01 -1.46486e-07
0.2324000E+01 -1.43638e-07
0.2326000E+01 -1.41484e-07
0.2328000E+01 -1.40444e-07
0.2330000E+01 -1.37325e-07
0.2332000E+01 -1.38064e-07
0.2334000E+01 -1.38079e-07
0.2336000E+01 -1.36099e-07
0.2338000E+01 -1.37541e-07
0.2340000E+01 -1.37385e-07
0.2342000E+01 -1.38715e-07
0.2344000E+01 -1.35499e-07
0.2346000E+01 -1.30516e-07
0.2348000E+01 -1.37773e-07
0.2350000E+01 -1.3853e-07
0.2352000E+01 -1.3639e-07
0.2354000E+01 -1.34512e-07
0.2356000E+01 -1.33515e-07
0.2358000E+01 -1.32253e-07
0.2360000E+01 -1.33455e-07
0.2362000E+01 -1.36151e-07
0.2364000E+01 -1.51357e-07
0.2366000E+01 -1.48017e-07
0.2368000E+01 -1.53785e-07
0.2370000E+01 -1.74656e-07
0.2372000E+01 -1.69409e-07
0.2374000E+01 -1.56197e-07
0.2376000E+01 -1.24876e-07
0.2378000E+01 -1.26558e-07
0.2380000E+01 -1.17849e-07
0.2382000E+01 -9.67774e-08
0.2384000E+01 -1.60255e-07
0.2386000E+01 -1.27595e-07
0.2388000E+01 -1.3677e-07
0.2390000E+01 -1.37207e-07
0.2392000E+01 -1.47224e-07
0.2394000E+01 -1.32374e-07
0.2396000E+01 -1.37136e-07
0.2398000E+01 -1.40525e-07
0.2400000E+01 -1.37406e-07
0.2402000E+01 -1.32052e-07
0.2404000E+01 -1.3578e-07
0.2406000E+01 -1.22984e-07
0.2408000E+01 -1.27892e-07
0.2410000E+01 -1.25238e-07
0.2412000E+01 -1.15032e-07
0.2414000E+01 -1.16875e-07
0.2416000E+01 -1.14506e-07
0.2418000E+01 -1.09719e-07
0.2420000E+01 -9.84366e-08
0.2422000E+01 -1.1551e-07
0.2424000E+01 -1.17222e-07
0.2426000E+01 -1.14462e-07
0.2428000E+01 -1.13469e-07
0.2430000E+01 -1.10852e-07
0.2432000E+01 -1.07168e-07
0.2434000E+01 -1.04191e-07
0.2436000E+01 -1.07963e-07
0.2438000E+01 -1.23457e-07
0.2440000E+01 -1.15659e-07
0.2442000E+01 -1.14346e-07
0.2444000E+01 -1.1307e-07
0.2446000E+01 -1.07134e-07
0.2448000E+01 -1.03811e-07
0.2450000E+01 -1.04364e-07
0.2452000E+01 -1.01821e-07
0.2454000E+01 -9.93912e-08
0.2456000E+01 -9.91893e-08
0.2458000E+01 -9.64832e-08
0.2460000E+01 -9.13861e-08
0.2462000E+01 -9.20847e-08
0.2464000E+01 -1.90262e-07
0.2466000E+01 4.88051e-09
0.2468000E+01 -7.74443e-08
0.2470000E+01 -4.64824e-08
0.2472000E+01 -5.56154e-08
0.2474000E+01 -6.2505e-08
0.2476000E+01 -7.33161e-08
0.2478000E+01 -5.11005e-08
0.2480000E+01 -1.08458e-07
0.2482000E+01 -8.29419e-08
0.2484000E+01 -6.34592e-08
0.2486000E+01 -7.07203e-08
0.2488000E+01 -5.87444e-08
0.2490000E+01 -8.2866e-08
0.2492000E+01 -7.61058e-08
0.2494000E+01 -7.20981e-08
0.2496000E+01 -6.41416e-08
0.2498000E+01 -6.93711e-08
0.2500000E+01 -2.56488e-08
0.2502000E+01 -8.81513e-08
0.2504000E+01 -6.23811e-08
0.2506000E+01 -6.07584e-08
0.2508000E+01 -6.33731e-08
0.2510000E+01 -6.82224e-08
0.2512000E+01 -6.35816e-08
0.2514000E+01 -7.01285e-09
0.2516000E+01 -7.16179e-08
0.2518000E+01 -7.42827e-08
0.2520000E+01 -6.63871e-08
0.2522000E+01 -6.19859e-08
0.2524000E+01 -6.27058e-08
0.2526000E+01 -6.52157e-08
0.2528000E+01 -3.53855e-08
0.2530000E+01 -2.6103e-08
0.2532000E+01 -3.94916e-08
0.2534000E+01 -9.13563e-08
0.2536000E+01 -6.58597e-08
0.2538000E+01 -5.31522e-08
0.2540000E+01 -5.06072e-08
0.2542000E+01 -5.49357e-08
0.2544000E+01 -5.40849e-08
0.2546000E+01 -3.49761e-09
0.2548000E+01 -2.27773e-08
0.2550000E+01 -3.19056e-08
0.2552000E+01 -2.94515e-08
0.2554000E+01 -6.39521e-08
0.2556000E+01 -4.87674e-08
0.2558000E+01 -4.75523e-08
0.2560000E+01 -4.37524e-08
0.2562000E+01 -4.36575e-08
0.2564000E+01 -1.1449e-08
0.2566000E+01 -1.22915e-08
0.2568000E+01 -2.98864e-08
0.2570000E+01 -3.91979e-08
0.2572000E+01 -3.29708e-08
0.2574000E+01 -3.18734e-08
0.2576000E+01 -2.6042e-08
0.2578000E+01 -2.70205e-08
0.2580000E+01 -4.10634e-08
0.2582000E+01 -5.11692e-08
0.2584000E+01 -3.92438e-09
0.2586000E+01 -4.03108e-09
0.2588000E+01 -7.333e-09
0.2590000E+01 -1.65086e-08
0.2592000E+01 -4.17607e-08
0.2594000E+01 -5.83779e-08
0.2596000E+01 -3.67207e-08
0.2598000E+01 -3.07506e-08
0.2600000E+01 -3.39439e-08
0.2602000E+01 -3.40513e-08
0.2604000E+01 -2.7401e-08
0.2606000E+01 -1.78589e-08
0.2608000E+01 -2.74013e-08
0.2610000E+01 -2.78896e-08
0.2612000E+01 -2.78119e-08
0.2614000E+01 -2.85401e-08
0.2616000E+01 -1.36526e-08
0.2618000E+01 -3.37737e-08
0.2620000E+01 -6.26393e-08
0.2622000E+01 -4.58249e-08
0.2624000E+01 -4.82082e-08
0.2626000E+01 -2.50353e-08
0.2628000E+01 -5.74129e-09
0.2630000E+01 -4.75719e-09
0.2632000E+01 -4.20475e-08
0.2634000E+01 -7.47139e-08
0.2636000E+01 -4.10154e-08
0.2638000E+01 -2.71851e-08
0.2640000E+01 -3.27821e-08
0.2642000E+01 -3.13976e-08
0.2644000E+01 -2.84207e-08
0.2646000E+01 -2.10399e-08
0.2648000E+01 -5.43082e-08
0.2650000E+01 -5.69326e-08
0.2652000E+01 -3.30193e-08
0.2654000E+01 -2.53763e-08
0.2656000E+01 -2.40154e-08
0.2658000E+01 -2.41022e-08
0.2660000E+01 -2.51803e-08
0.2662000E+01 -2.2266e-08
0.2664000E+01 -6.24751e-08
0.2666000E+01 -6.12267e-08
0.2668000E+01 -4.7412e-08
0.2670000E+01 -2.82295e-08
0.2672000E+01 -2.90373e-08
0.2674000E+01 -3.13462e-08
0.2676000E+01 -3.22311e-08
0.2678000E+01 -1.34174e-08
0.2680000E+01 -3.20453e-08
0.2682000E+01 -6.13485e-08
0.2684000E+01 -5.06992e-08
0.2686000E+01 -4.46316e-08
0.2688000E+01 -4.25059e-08
0.2690000E+01 -4.07868e-08
0.2692000E+01 -3.69924e-08
0.2694000E+01 -2.24374e-08
0.2696000E+01 -2.49398e-08
0.2698000E+01 -2.71965e-08
0.2700000E+01 -5.69222e-08
0.2702000E+01 -7.98522e-08
0.2704000E+01 -4.49774e-08
0.2706000E+01 -3.49443e-08
0.2708000E+01 -2.63894e-08
0.2710000E+01 -2.58547e-08
0.2712000E+01 -2.77709e-08
0.2714000E+01 -2.86369e-08
0.2716000E+01 -2.87205e-08
0.2718000E+01 -3.14891e-08
0.2720000E+01 -4.72845e-08
0.2722000E+01 -3.8693e-08
0.2724000E+01 -6.34074e-08
0.2726000E+01 -4.15895e-08
0.2728000E+01 -4.04463e-08
0.2730000E+01 -2.75935e-08
0.2732000E+01 -2.36348e-08
0.2734000E+01 -1.91867e-08
0.2736000E+01 -3.29388e-08
0.2738000E+01 -3.87744e-08
0.2740000E+01 -2.84089e-08
0.2742000E+01 -2.13224e-08
0.2744000E+01 -2.03848e-08
0.2746000E+01 -4.01213e-08
0.2748000E+01 -6.37074e-08
0.2750000E+01 -4.13487e-08
0.2752000E+01 -3.45405e-08
0.2754000E+01 -6.48996e-08
0.2756000E+01 -4.12403e-08
0.2758000E+01 -2.57653e-08
0.2760000E+01 -1.91193e-08
0.2762000E+01 -2.3608e-08
0.2764000E+01 -2.11761e-08
0.2766000E+01 -1.94644e-08
0.2768000E+01 -3.12855e-08
0.2770000E+01 -3.56159e-08
0.2772000E+01 -4.08893e-08
0.2774000E+01 -5.6009e-08
0.2776000E+01 -3.77386e-08
0.2778000E+01 -3.33893e-08
0.2780000E+01 -3.03391e-08
0.2782000E+01 -6.31407e-08
0.2784000E+01 -4.55785e-08
0.2786000E+01 -2.4132e-08
0.2788000E+01 -1.54832e-08
0.2790000E+01 -1.65397e-08
0.2792000E+01 -1.93997e-08
0.2794000E+01 -4.38219e-08
0.2796000E+01 -6.67632e-08
0.2798000E+01 -3.87904e-08
0.2800000E+01 -3.20469e-08
0.2802000E+01 -3.48059e-08
0.2804000E+01 -3.26338e-08
0.2806000E+01 -7.16889e-08
0.2808000E+01 -6.34587e-08
0.2810000E+01 -4.7991e-08
0.2812000E+01 -3.82517e-08
0.2814000E+01 -3.24811e-08
0.2816000E+01 -7.18757e-08
0.2818000E+01 -5.92997e-08
0.2820000E+01 -4.81808e-08
0.2822000E+01 -4.3284e-08
0.2824000E+01 -6.32147e-08
0.2826000E+01 -1.23073e-07
0.2828000E+01 -6.97609e-08
0.2830000E+01 -6.83377e-08
0.2832000E+01 -1.4151e-07
0.2834000E+01 -1.93676e-07
0.2836000E+01 -1.29628e-07
0.2838000E+01 -2.46435e-07
0.2840000E+01 -2.83728e-07
0.2842000E+01 -4.41361e-07
0.2844000E+01 -7.29611e-07
0.2846000E+01 -4.44545e-07
0.2848000E+01 1.89616e-06
0.2850000E+01 6.80469e-07
0.2852000E+01 4.28194e-07
0.2854000E+01 2.61669e-07
0.2856000E+01 3.17937e-07
0.2858000E+01 2.2786e-07
0.2860000E+01 1.82779e-07
0.2862000E+01 1.60279e-07
0.2864000E+01 1.79757e-07
0.2866000E+01 1.31225e-07
0.2868000E+01 1.20544e-07
0.2870000E+01 1.0283e-07
0.2872000E+01 1.09648e-07
0.2874000E+01 1.17409e-07
0.2876000E+01 8.87097e-08
0.2878000E+01 8.97329e-08
0.2880000E+01 9.52135e-08
0.2882000E+01 8.57244e-08
0.2884000E+01 9.0206e-08
0.2886000E+01 6.35589e-08
0.2888000E+01 6.37343e-08
0.2890000E+01 6.38726e-08
0.2892000E+01 6.83956e-08
0.2894000E+01 7.97505e-08
0.2896000E+01 8.64275e-08
0.2898000E+01 5.74538e-08
0.2900000E+01 5.35534e-08
0.2902000E+01 5.3464e-08
0.2904000E+01 4.11546e-08
0.2906000E+01 2.87189e-08
0.2908000E+01 4.301e-08
0.2910000E+01 4.47537e-08
0.2912000E+01 5.82379e-08
0.2914000E+01 4.60644e-08
0.2916000E+01 4.08664e-08
0.2918000E+01 4.06709e-08
0.2920000E+01 4.28048e-08
0.2922000E+01 4.91738e-08
0.2924000E+01 3.91033e-08
0.2926000E+01 3.11005e-08
0.2928000E+01 3.32462e-08
0.2930000E+01 3.72587e-08
0.2932000E+01 4.37494e-08
0.2934000E+01 4.1895e-08
0.2936000E+01 3.58118e-08
0.2938000E+01 3.36121e-08
0.2940000E+01 1.21796e-07
0.2942000E+01 1.30617e-07
0.2944000E+01 2.68362e-08
0.2946000E+01 1.44612e-08
0.2948000E+01 1.84693e-08
0.2950000E+01 2.62978e-08
0.2952000E+01 3.42758e-08
0.2954000E+01 1.81304e-08
0.2956000E+01 2.71113e-08
0.2958000E+01 5.00668e-08
0.2960000E+01 3.5806e-08
0.2962000E+01 2.40524e-08
0.2964000E+01 1.86973e-08
0.2966000E+01 2.04739e-08
0.2968000E+01 2.00513e-08
0.2970000E+01 3.17952e-08
0.2972000E+01 4.09426e-08
0.2974000E+01 4.43346e-08
0.2976000E+01 2.20155e-08
0.2978000E+01 2.45494e-08
0.2980000E+01 4.50407e-08
0.2982000E+01 3.87539e-08
0.2984000E+01 1.83412e-08
0.2986000E+01 3.68967e-08
0.2988000E+01 6.4406e-08
0.2990000E+01 -8.79787e-09
0.2992000E+01 -3.51124e-08
0.2994000E+01 1.18346e-08
0.2996000E+01 1.80394e-08
0.2998000E+01 3.16737e-08
0.3000000E+01 2.73163e-08
0.3002000E+01 2.55131e-08
0.3004000E+01 2.3758e-08
0.3006000E+01 2.49638e-08
0.3008000E+01 3.5096e-08
0.3010000E+01 3.2405e-08
0.3012000E+01 2.71099e-08
0.3014000E+01 2.41952e-08
0.3016000E+01 2.48022e-08
0.3018000E+01 2.62845e-08
0.3020000E+01 2.27113e-08
0.3022000E+01 2.28047e-08
0.3024000E+01 2.38794e-08
0.3026000E+01 2.97471e-08
0.3028000E+01 3.20392e-08
0.3030000E+01 2.9171e-08
0.3032000E+01 3.34959e-08
0.3034000E+01 3.08008e-08
0.3036000E+01 2.97269e-08
0.3038000E+01 2.93342e-08
0.3040000E+01 2.87066e-08
0.3042000E+01 3.10755e-08
0.3044000E+01 2.98784e-08
0.3046000E+01 4.64007e-08
0.3048000E+01 3.42324e-08
0.3050000E+01 3.25358e-08
0.3052000E+01 3.26296e-08
0.3054000E+01 3.09025e-08
0.3056000E+01 2.99437e-08
0.3058000E+01 3.09069e-08
0.3060000E+01 3.21245e-08
0.3062000E+01 3.25081e-08
0.3064000E+01 4.028e-08
0.3066000E+01 3.97942e-08
0.3068000E+01 3.68773e-08
0.3070000E+01 3.73121e-08
0.3072000E+01 3.59171e-08
0.3074000E+01 3.50134e-08
0.3076000E+01 3.57154e-08
0.3078000E+01 3.59491e-08
0.3080000E+01 4.31412e-08
0.3082000E+01 5.25814e-08
0.3084000E+01 4.77588e-08
0.3086000E+01 4.25438e-08
0.3088000E+01 4.221e-08
0.3090000E+01 4.06804e-08
0.3092000E+01 3.81574e-08
0.3094000E+01 3.71138e-08
0.3096000E+01 3.34857e-08
0.3098000E+01 4.84289e-08
0.3100000E+01 5.12176e-08
0.3102000E+01 4.27959e-08
0.3104000E+01 4.26454e-08
0.3106000E+01 4.25725e-08
0.3108000E+01 4.8115e-08
0.3110000E+01 4.37122e-08
0.3112000E+01 3.94945e-08
0.3114000E+01 4.64129e-08
0.3116000E+01 5.28254e-08
0.3118000E+01 5.17168e-08
0.3120000E+01 5.18237e-08
0.3122000E+01 4.79527e-08
0.3124000E+01 3.28561e-08
0.3126000E+01 3.19429e-08
0.3128000E+01 3.33619e-08
0.3130000E+01 4.01071e-08
0.3132000E+01 5.60134e-08
0.3134000E+01 4.59029e-08
0.3136000E+01 5.18456e-08
0.3138000E+01 5.95539e-08
0.3140000E+01 4.86009e-08
0.3142000E+01 4.74955e-08
0.3144000E+01 4.85758e-08
0.3146000E+01 5.95289e-08
0.3148000E+01 6.33743e-08
0.3150000E+01 5.22758e-08
0.3152000E+01 5.60477e-08
0.3154000E+01 5.81754e-08
0.3156000E+01 5.34084e-08
0.3158000E+01 4.52411e-08
0.3160000E+01 5.73307e-08
0.3162000E+01 6.19917e-08
0.3164000E+01 6.27368e-08
0.3166000E+01 6.36719e-08
0.3168000E+01 5.3744e-08
0.3170000E+01 -2.72164e-07
0.3172000E+01 -1.4203e-07
0.3174000E+01 -1.58204e-08
0.3176000E+01 3.18768e-08
0.3178000E+01 6.30879e-08
0.3180000E+01 3.0805e-08
0.3182000E+01 9.09882e-08
0.3184000E+01 6.67899e-08
0.3186000E+01 8.30343e-08
0.3188000E+01 7.08941e-08
0.3190000E+01 9.26305e-08
0.3192000E+01 8.70126e-08
0.3194000E+01 7.42031e-08
0.3196000E+01 8.36711e-08
0.3198000E+01 8.41859e-08
0.3200000E+01 8.11224e-08
0.3202000E+01 9.42601e-08
0.3204000E+01 8.3531e-08
0.3206000E+01 8.14004e-08
0.3208000E+01 7.43922e-08
0.3210000E+01 7.41909e-08
0.3212000E+01 7.73034e-08
0.3214000E+01 1.01232e-07
0.3216000E+01 7.43778e-08
0.3218000E+01 5.79401e-08
0.3220000E+01 4.09641e-08
0.3222000E+01 5.21306e-08
0.3224000E+01 7.02254e-08
0.3226000E+01 6.74471e-08
0.3228000E+01 5.33268e-08
0.3230000E+01 3.97516e-08
0.3232000E+01 4.71046e-08
0.3234000E+01 6.41034e-08
0.3236000E+01 7.99691e-08
0.3238000E+01 6.30607e-08
0.3240000E+01 5.71149e-08
0.3242000E+01 5.44844e-08
0.3244000E+01 9.25948e-08
0.3246000E+01 5.29461e-08
0.3248000E+01 4.84266e-08
0.3250000E+01 5.96525e-08
0.3252000E+01 9.0325e-08
0.3254000E+01 5.81815e-08
0.3256000E+01 8.3446e-08
0.3258000E+01 -6.25842e-09
0.3260000E+01 6.37381e-08
0.3262000E+01 -1.04145e-07
0.3264000E+01 1.49841e-08
0.3266000E+01 8.45089e-08
0.3268000E+01 3.25871e-08
0.3270000E+01 4.13201e-08
0.3272000E+01 8.9894e-08
0.3274000E+01 9.25078e-08
0.3276000E+01 1.6328e-07
0.3278000E+01 -2.11235e-08
0.3280000E+01 -4.98063e-08
0.3282000E+01 5.3425e-08
0.3284000E+01 8.31321e-08
0.3286000E+01 2.04307e-07
0.3288000E+01 -3.27751e-08
0.3290000E+01 1.21565e-07
0.3292000E+01 5.68488e-08
0.3294000E+01 -2.21323e-08
0.3296000E+01 -7.02611e-08
0.3298000E+01 -9.64332e-08
0.3300000E+01 -2.79263e-08
0.3302000E+01 -5.19047e-08
0.3304000E+01 -8.02041e-08
0.3306000E+01 -4.8307e-08
0.3308000E+01 -1.09216e-08
0.3310000E+01 8.47359e-09
0.3312000E+01 -7.53077e-09
0.3314000E+01 -1.25586e-09
0.3316000E+01 -8.39524e-09
0.3318000E+01 -1.39643e-08
0.3320000E+01 -1.23316e-08
0.3322000E+01 -1.485e-09
0.3324000E+01 -5.15489e-09
0.3326000E+01 -5.04991e-09
0.3328000E+01 -6.93651e-09
0.3330000E+01 1.2869e-09
0.3332000E+01 1.75686e-10
0.3334000E+01 -1.20462e-09
0.3336000E+01 -4.83483e-10
0.3338000E+01 -4.97808e-10
0.3340000E+01 -2.13705e-09
0.3342000E+01 -3.28142e-09
0.3344000E+01 -1.86496e-09
0.3346000E+01 2.77471e-09
0.3348000E+01 5.10478e-09
0.3350000E+01 6.55955e-09
0.3352000E+01 5.172e-09
0.3354000E+01 7.62937e-10
0.3356000E+01 -6.6576e-09
0.3358000E+01 -6.88021e-09
0.3360000E+01 7.84256e-10
0.3362000E+01 2.41912e-09
0.3364000E+01 -2.76087e-09
0.3366000E+01 -8.7815e-10
0.3368000E+01 1.9433e-09
0.3370000E+01 1.24893e-09
0.3372000E+01 7.96373e-10
0.3374000E+01 1.73369e-09
0.3376000E+01 1.4679e-09
0.3378000E+01 1.14943e-09
0.3380000E+01 4.74478e-09
0.3382000E+01 8.07436e-09
0.3384000E+01 4.69593e-10
0.3386000E+01 1.89932e-09
0.3388000E+01 5.7974e-09
0.3390000E+01 -1.16903e-09
0.3392000E+01 -2.02936e-09
0.3394000E+01 6.88909e-10
0.3396000E+01 2.72143e-09
0.3398000E+01 1.56264e-09
0.3400000E+01 5.0127e-09
0.3402000E+01 -1.45617e-10
0.3404000E+01 8.96168e-10
0.3406000E+01 -6.6632e-11
0.3408000E+01 4.65009e-11
0.3410000E+01 -7.11413e-10
0.3412000E+01 -1.5657e-09
0.3414000E+01 -1.27982e-09
0.3416000E+01 -1.84991e-09
0.3418000E+01 -2.72539e-09
0.3420000E+01 -6.95659e-09
0.3422000E+01 -5.21307e-09
0.3424000E+01 -4.78755e-09
0.3426000E+01 8.49501e-10
0.3428000E+01 -3.96833e-09
0.3430000E+01 4.12607e-08
0.3432000E+01 -1.7102e-09
0.3434000E+01 -2.07547e-09
0.3436000E+01 -6.47316e-09
0.3438000E+01 -8.27571e-09
0.3440000E+01 -5.47481e-09
0.3442000E+01 -9.0001e-09
0.3444000E+01 -9.23763e-09
0.3446000E+01 -6.93896e-09
0.3448000E+01 -6.64179e-09
0.3450000E+01 -7.29241e-09
0.3452000E+01 -1.43066e-08
0.3454000E+01 -5.06648e-09
0.3456000E+01 2.87955e-08
0.3458000E+01 1.67599e-08
0.3460000E+01 1.60504e-08
0.3462000E+01 1.50161e-09
0.3464000E+01 -3.78237e-09
0.3466000E+01 -1.36027e-08
0.3468000E+01 -1.6505e-08
0.3470000E+01 -1.50827e-08
0.3472000E+01 -1.11872e-08
0.3474000E+01 -1.22957e-08
0.3476000E+01 -1.01931e-08
0.3478000E+01 -1.30274e-08
0.3480000E+01 7.23208e-09
0.3482000E+01 5.45463e-09
0.3484000E+01 1.86312e-10
0.3486000E+01 3.26598e-09
0.3488000E+01 -1.95346e-09
0.3490000E+01 -6.72984e-09
0.3492000E+01 -9.96801e-09
0.3494000E+01 6.94325e-09
0.3496000E+01 -1.00572e-08
0.3498000E+01 -1.229e-08
0.3500000E+01 -6.52544e-09
0.3502000E+01 -6.1896e-09
0.3504000E+01 9.18164e-09
0.3506000E+01 4.78086e-09
0.3508000E+01 6.7536e-09
0.3510000E+01 -1.54177e-08
0.3512000E+01 -2.03811e-08
0.3514000E+01 4.34814e-10
0.3516000E+01 -4.04283e-09
0.3518000E+01 -9.15245e-09
0.3520000E+01 -1.51431e-09
0.3522000E+01 6.35093e-09
0.3524000E+01 5.79591e-08
0.3526000E+01 3.51702e-08
0.3528000E+01 2.56599e-08
0.3530000E+01 2.15905e-08
0.3532000E+01 2.00749e-08
0.3534000E+01 2.04726e-08
0.3536000E+01 1.66518e-08
0.3538000E+01 1.92576e-08
0.3540000E+01 2.48811e-08
0.3542000E+01 5.14067e-08
0.3544000E+01 5.92296e-08
0.3546000E+01 5.35393e-08
0.3548000E+01 3.64923e-08
0.3550000E+01 3.50675e-08
0.3552000E+01 2.53881e-08
0.3554000E+01 3.42014e-08
0.3556000E+01 2.38087e-08
0.3558000E+01 3.0952e-08
0.3560000E+01 1.30017e-07
0.3562000E+01 6.17651e-08
0.3564000E+01 5.43667e-08
0.3566000E+01 4.90997e-08
0.3568000E+01 3.86889e-08
0.3570000E+01 3.8528e-08
0.3572000E+01 4.0657e-08
0.3574000E+01 1.69914e-07
0.3576000E+01 9.75624e-08
0.3578000E+01 7.86503e-08
0.3580000E+01 8.91145e-08
0.3582000E+01 7.71698e-08
0.3584000E+01 8.89389e-08
0.3586000E+01 2.51412e-07
0.3588000E+01 1.60238e-07
0.3590000E+01 2.31628e-07
0.3592000E+01 2.00846e-07
0.3594000E+01 6.02889e-07
0.3596000E+01 4.52226e-07
0.3598000E+01 1.84786e-06
0.3600000E+01 -2.50626e-06
0.3602000E+01 -7.17963e-07
0.3604000E+01 -4.9322e-07
0.3606000E+01 -3.16644e-07
0.3608000E+01 -2.55796e-07
0.3610000E+01 -1.94989e-07
0.3612000E+01 -1.94624e-07
0.3614000E+01 -1.85181e-07
0.3616000E+01 -1.1849e-07
0.3618000E+01 -1.20382e-07
0.3620000E+01 -1.4059e-07
0.3622000E+01 -1.5066e-07
0.3624000E+01 -9.00539e-08
0.3626000E+01 -1.02697e-07
0.3628000E+01 -1.16889e-07
0.3630000E+01 -1.52514e-07
0.3632000E+01 -7.57656e-08
0.3634000E+01 -7.11475e-08
0.3636000E+01 -8.50865e-08
0.3638000E+01 -1.12768e-07
0.3640000E+01 -7.68611e-08
0.3642000E+01 -7.91721e-08
0.3644000E+01 -6.47434e-08
0.3646000E+01 -7.08118e-08
0.3648000E+01 -9.62723e-08
0.3650000E+01 -6.78444e-08
0.3652000E+01 -5.90769e-08
0.3654000E+01 -6.79458e-08
0.3656000E+01 -7.82122e-08
0.3658000E+01 -8.19007e-08
0.3660000E+01 -5.46615e-08
0.3662000E+01 -4.9109e-08
0.3664000E+01 -5.7791e-08
0.3666000E+01 -6.19286e-08
0.3668000E+01 -6.10075e-08
0.3670000E+01 -3.41429e-08
0.3672000E+01 -4.75197e-08
0.3674000E+01 -4.78476e-08
0.3676000E+01 -4.72795e-08
0.3678000E+01 -4.97491e-08
0.3680000E+01 -5.29391e-08
0.3682000E+01 -4.28016e-08
0.3684000E+01 -4.15366e-08
0.3686000E+01 -4.4867e-08
0.3688000E+01 -6.04052e-08
0.3690000E+01 -5.38166e-08
0.3692000E+01 -6.30214e-08
0.3694000E+01 -4.40514e-08
0.3696000E+01 -4.4251e-08
0.3698000E+01 -4.29607e-08
0.3700000E+01 -4.23172e-08
0.3702000E+01 -4.32648e-08
0.3704000E+01 -5.23183e-08
0.3706000E+01 -2.71419e-08
0.3708000E+01 -2.89941e-08
0.3710000E+01 -3.38339e-08
0.3712000E+01 -3.84449e-08
0.3714000E+01 -4.05322e-08
0.3716000E+01 -4.43639e-08
0.3718000E+01 -3.76397e-08
0.3720000E+01 -3.89606e-08
0.3722000E+01 -3.60872e-08
0.3724000E+01 -3.51138e-08
0.3726000E+01 -3.5821e-08
0.3728000E+01 -3.60719e-08
0.3730000E+01 -3.22231e-08
0.3732000E+01 -3.0368e-08
0.3734000E+01 -3.28394e-08
0.3736000E+01 -3.88238e-08
0.3738000E+01 -2.68198e-08
0.3740000E+01 -3.2405e-08
0.3742000E+01 -3.8956e-08
0.3744000E+01 -3.33248e-08
0.3746000E+01 -3.25291e-08
0.3748000E+01 -3.30191e-08
0.3750000E+01 -3.27341e-08
0.3752000E+01 -3.22953e-08
0.3754000E+01 -3.64924e-08
0.3756000E+01 -2.54835e-08
0.3758000E+01 -3.06481e-08
0.3760000E+01 -3.09045e-08
0.3762000E+01 -3.08736e-08
0.3764000E+01 -3.10088e-08
0.3766000E+01 -3.15447e-08
0.3768000E+01 -1.41395e-08
0.3770000E+01 -2.21545e-08
0.3772000E+01 -1.9827e-08
0.3774000E+01 -2.61499e-08
0.3776000E+01 -2.91471e-08
0.3778000E+01 -2.62652e-08
0.3780000E+01 -2.8169e-08
0.3782000E+01 -2.70421e-08
0.3784000E+01 -4.282e-08
0.3786000E+01 -3.24372e-08
0.3788000E+01 -3.28823e-08
0.3790000E+01 -3.39246e-08
0.3792000E+01 -3.3422e-08
0.3794000E+01 -3.09104e-08
0.3796000E+01 -1.98789e-08
0.3798000E+01 -2.70454e-08
0.3800000E+01 -2.28811e-08
0.3802000E+01 -2.69345e-08
0.3804000E+01 -2.63013e-08
0.3806000E+01 -2.56685e-08
0.3808000E+01 -2.44933e-08
0.3810000E+01 -2.85633e-08
0.3812000E+01 -2.83629e-08
0.3814000E+01 -2.62107e-08
0.3816000E+01 -3.01952e-08
0.3818000E+01 -2.87649e-08
0.3820000E+01 -4.8183e-09
0.3822000E+01 -1.85882e-08
0.3824000E+01 -2.24118e-08
0.3826000E+01 -2.00393e-08
0.3828000E+01 -2.73673e-08
0.3830000E+01 -2.76342e-08
0.3832000E+01 -2.35245e-08
0.3834000E+01 -4.11391e-08
0.3836000E+01 -2.82931e-08
0.3838000E+01 -3.54231e-08
0.3840000E+01 -3.06176e-08
0.3842000E+01 -2.25975e-08
0.3844000E+01 -1.08186e-09
0.3846000E+01 -2.99801e-08
0.3848000E+01 -7.99815e-08
0.3850000E+01 -1.38614e-08
0.3852000E+01 -2.25845e-08
0.3854000E+01 -2.21388e-08
0.3856000E+01 -2.19323e-08
0.3858000E+01 -2.00756e-08
0.3860000E+01 -2.55793e-08
0.3862000E+01 -2.12702e-08
0.3864000E+01 -8.8383e-09
0.3866000E+01 -2.56856e-08
0.3868000E+01 -1.91393e-08
0.3870000E+01 -1.68599e-08
0.3872000E+01 -2.27987e-08
0.3874000E+01 -2.74873e-08
0.3876000E+01 -2.2851e-08
0.3878000E+01 -3.0517e-08
0.3880000E+01 -3.08794e-08
0.3882000E+01 -1.22017e-08
0.3884000E+01 -2.90592e-08
0.3886000E+01 -3.14198e-08
0.3888000E+01 -2.8468e-08
0.3890000E+01 -2.99721e-08
0.3892000E+01 -3.29691e-08
0.3894000E+01 -3.6169e-08
0.3896000E+01 -3.85532e-08
0.3898000E+01 -1.23155e-08
0.3900000E+01 -2.98162e-08
0.3902000E+01 -3.26359e-08
0.3904000E+01 -3.56618e-08
0.3906000E+01 -4.16407e-08
0.3908000E+01 -4.4325e-08
0.3910000E+01 -4.85592e-08
0.3912000E+01 -4.55829e-08
0.3914000E+01 -2.63655e-08
0.3916000E+01 -4.65914e-08
0.3918000E+01 -5.23008e-08
0.3920000E+01 -4.2625e-08
0.3922000E+01 -4.5817e-08
0.3924000E+01 -5.58997e-08
0.3926000E+01 -5.82257e-08
0.3928000E+01 -2.05274e-08
0.3930000E+01 -3.75114e-08
0.3932000E+01 -4.2963e-08
0.3934000E+01 -5.01676e-08
0.3936000E+01 -4.42519e-08
0.3938000E+01 -4.71422e-08
0.3940000E+01 -2.22128e-09
0.3942000E+01 -4.11222e-08
0.3944000E+01 -3.8097e-08
0.3946000E+01 -4.25807e-08
0.3948000E+01 -4.69516e-08
0.3950000E+01 -4.70322e-08
0.3952000E+01 -2.31034e-08
0.3954000E+01 -4.16299e-08
0.3956000E+01 -4.80221e-08
0.3958000E+01 -4.88242e-08
0.3960000E+01 -4.64848e-08
0.3962000E+01 -2.06962e-08
0.3964000E+01 -3.44959e-08
0.3966000E+01 -3.34076e-08
0.3968000E+01 -3.75911e-08
0.3970000E+01 -1.88747e-08
0.3972000E+01 -2.56388e-08
0.3974000E+01 -2.66412e-08
0.3976000E+01 -2.75017e-08
0.3978000E+01 -9.18556e-08
0.3980000E+01 -5.13378e-08
0.3982000E+01 -6.09179e-08
0.3984000E+01 -3.77656e-08
0.3986000E+01 2.83059e-08
0.3988000E+01 -2.16541e-08
0.3990000E+01 -2.08249e-08
0.3992000E+01 -6.53657e-08
0.3994000E+01 -4.71209e-08
0.3996000E+01 -4.14426e-08
0.3998000E+01 -1.33681e-08
0.4000000E+01 -2.32243e-08
