0.0000000E+00 0
0.2000000E-02 0
0.4000000E-02 0
0.6000000E-02 0
0.8000000E-02 0
0.1000000E-01 0
0.1200000E-01 0
0.1400000E-01 0
0.1600000E-01 0
0.1800000E-01 0
0.2000000E-01 0
0.2200000E-01 0
0.2400000E-01 0
0.2600000E-01 0
0.2800000E-01 0
0.3000000E-01 0
0.3200000E-01 0
0.3400000E-01 0
0.3600000E-01 0
0.3800000E-01 0
0.4000000E-01 0
0.4200000E-01 0
0.4400000E-01 0
0.4600000E-01 0
0.4800000E-01 0
0.5000000E-01 0
0.5200000E-01 0
0.5400000E-01 0
0.5600000E-01 0
0.5800000E-01 0
0.6000000E-01 0
0.6200000E-01 0
0.6400000E-01 0
0.6600000E-01 0
0.6800000E-01 0
0.7000000E-01 0
0.7200000E-01 0
0.7400000E-01 0
0.7600000E-01 0
0.7800000E-01 0
0.8000000E-01 0
0.8200000E-01 0
0.8400000E-01 0
0.8600000E-01 1.30835e-05
0.8800000E-01 1.12817e-05
0.9000000E-01 4.16528e-06
0.9200000E-01 1.20106e-06
0.9400000E-01 6.74998e-07
0.9600000E-01 2.71583e-07
0.9800000E-01 -1.00891e-07
0.1000000E+00 -2.98699e-07
0.1020000E+00 -2.52285e-07
0.1040000E+00 -6.09486e-08
0.1060000E+00 1.22742e-07
0.1080000E+00 4.70999e-08
0.1100000E+00 -7.86302e-07
0.1120000E+00 -5.8347e-07
0.1140000E+00 -3.4126e-07
0.1160000E+00 -7.77089e-08
0.1180000E+00 1.26392e-07
0.1200000E+00 5.23294e-07
0.1220000E+00 -5.49876e-08
0.1240000E+00 -6.56717e-07
0.1260000E+00 -6.82047e-07
0.1280000E+00 -3.72186e-07
0.1300000E+00 -2.99504e-07
0.1320000E+00 -2.7306e-07
0.1340000E+00 -2.10123e-07
0.1360000E+00 -1.1107e-07
0.1380000E+00 -9.71592e-08
0.1400000E+00 -9.62873e-08
0.1420000E+00 -9.53805e-08
0.1440000E+00 -1.76272e-07
0.1460000E+00 -2.02635e-07
0.1480000E+00 -1.48463e-07
0.1500000E+00 -8.80718e-08
0.1520000E+00 -8.05701e-08
0.1540000E+00 -8.45651e-08
0.1560000E+00 -8.93529e-08
0.1580000E+00 -9.44213e-08
0.1600000E+00 -9.99542e-08
0.1620000E+00 -1.07079e-07
0.1640000E+00 -1.13222e-07
0.1660000E+00 -9.88953e-08
0.1680000E+00 -3.8598e-08
0.1700000E+00 -2.89798e-08
0.1720000E+00 -2.00921e-08
0.1740000E+00 -1.1991e-08
0.1760000E+00 -2.204e-07
0.1780000E+00 -1.2289e-07
0.1800000E+00 -1.18257e-07
0.1820000E+00 -1.17492e-07
0.1840000E+00 -1.13911e-07
0.1860000E+00 -1.09941e-07
0.1880000E+00 -9.70852e-08
0.1900000E+00 -8.43448e-08
0.1920000E+00 -7.59895e-08
0.1940000E+00 -5.91157e-08
0.1960000E+00 -5.93625e-08
0.1980000E+00 -6.06821e-08
0.2000000E+00 -6.19734e-08
0.2020000E+00 -6.32356e-08
0.2040000E+00 -6.44675e-08
0.2060000E+00 -6.56681e-08
0.2080000E+00 -6.59904e-08
0.2100000E+00 -6.59233e-08
0.2120000E+00 -7.35758e-08
0.2140000E+00 -6.94159e-08
0.2160000E+00 -6.5175e-08
0.2180000E+00 -6.23282e-08
0.2200000E+00 -6.06358e-08
0.2220000E+00 -5.62135e-08
0.2240000E+00 -3.95497e-08
0.2260000E+00 -2.51202e-08
0.2280000E+00 -1.70181e-08
0.2300000E+00 -4.12774e-08
0.2320000E+00 -9.23488e-08
0.2340000E+00 -7.67095e-08
0.2360000E+00 -7.9831e-08
0.2380000E+00 -7.57847e-08
0.2400000E+00 -6.38956e-08
0.2420000E+00 -6.10905e-08
0.2440000E+00 -5.82139e-08
0.2460000E+00 -6.24379e-08
0.2480000E+00 -6.77376e-08
0.2500000E+00 -6.32981e-08
0.2520000E+00 -5.36445e-08
0.2540000E+00 -5.28842e-08
0.2560000E+00 -5.15663e-08
0.2580000E+00 -5.19958e-08
0.2600000E+00 -5.24375e-08
0.2620000E+00 -5.63921e-08
0.2640000E+00 -5.70584e-08
0.2660000E+00 -5.56475e-08
0.2680000E+00 -5.4885e-08
0.2700000E+00 -3.50613e-08
0.2720000E+00 -3.24191e-08
0.2740000E+00 -3.08409e-08
0.2760000E+00 -2.86619e-08
0.2780000E+00 -2.59145e-08
0.2800000E+00 -1.46601e-08
0.2820000E+00 -2.83903e-08
0.2840000E+00 -6.43369e-08
0.2860000E+00 -6.20067e-08
0.2880000E+00 -5.47091e-08
0.2900000E+00 -5.37049e-08
0.2920000E+00 -5.46351e-08
0.2940000E+00 -5.47251e-08
0.2960000E+00 -5.47617e-08
0.2980000E+00 -5.49278e-08
0.3000000E+00 -5.51298e-08
0.3020000E+00 -5.2625e-08
0.3040000E+00 -5.1022e-08
0.3060000E+00 -4.28401e-08
0.3080000E+00 -4.29634e-08
0.3100000E+00 -4.29855e-08
0.3120000E+00 -4.29064e-08
0.3140000E+00 -3.83559e-08
0.3160000E+00 -7.62083e-09
0.3180000E+00 2.41807e-09
0.3200000E+00 -1.17218e-08
0.3220000E+00 -3.10069e-08
0.3240000E+00 -3.17742e-08
0.3260000E+00 -3.18446e-08
0.3280000E+00 -3.1924e-08
0.3300000E+00 -3.7227e-08
0.3320000E+00 -6.83964e-08
0.3340000E+00 -5.24851e-08
0.3360000E+00 -3.35174e-08
0.3380000E+00 -4.10999e-08
0.3400000E+00 -4.39071e-08
0.3420000E+00 -4.31347e-08
0.3440000E+00 -4.21086e-08
0.3460000E+00 -4.04153e-08
0.3480000E+00 -3.98078e-08
0.3500000E+00 -4.41454e-08
0.3520000E+00 -4.3969e-08
0.3540000E+00 -4.37418e-08
0.3560000E+00 -3.97456e-08
0.3580000E+00 -3.84684e-08
0.3600000E+00 2.40563e-08
0.3620000E+00 -1.21331e-08
0.3640000E+00 -2.34696e-08
0.3660000E+00 -2.24716e-08
0.3680000E+00 -2.13837e-08
0.3700000E+00 -2.09787e-08
0.3720000E+00 -2.21864e-08
0.3740000E+00 -2.54913e-08
0.3760000E+00 -5.98194e-08
0.3780000E+00 -3.6319e-08
0.3800000E+00 -3.96724e-08
0.3820000E+00 -4.28166e-08
0.3840000E+00 -1.18978e-08
0.3860000E+00 -4.05614e-08
0.3880000E+00 -3.74911e-08
0.3900000E+00 -3.73462e-08
0.3920000E+00 -3.67577e-08
0.3940000E+00 -3.68799e-08
0.3960000E+00 -3.83368e-08
0.3980000E+00 -3.79557e-08
0.4000000E+00 -3.76266e-08
0.4020000E+00 -1.41126e-08
0.4040000E+00 -3.37217e-09
0.4060000E+00 -2.41079e-09
0.4080000E+00 -1.93359e-09
0.4100000E+00 -1.41205e-09
0.4120000E+00 -6.4547e-09
0.4140000E+00 -3.93061e-08
0.4160000E+00 -3.63672e-08
0.4180000E+00 -3.72838e-08
0.4200000E+00 -3.96362e-08
0.4220000E+00 -3.98779e-08
0.4240000E+00 -3.57616e-08
0.4260000E+00 -2.74346e-08
0.4280000E+00 -2.56305e-08
0.4300000E+00 -2.76843e-08
0.4320000E+00 -2.88311e-08
0.4340000E+00 -3.1646e-08
0.4360000E+00 -3.12344e-08
0.4380000E+00 -3.08293e-08
0.4400000E+00 -2.92822e-08
0.4420000E+00 -2.85506e-08
0.4440000E+00 -2.98994e-08
0.4460000E+00 -8.34755e-09
0.4480000E+00 3.45327e-08
0.4500000E+00 -2.90127e-08
0.4520000E+00 -2.88028e-08
0.4540000E+00 -3.14942e-08
0.4560000E+00 -2.82619e-08
0.4580000E+00 -2.62139e-08
0.4600000E+00 -2.60783e-08
0.4620000E+00 -2.5395e-08
0.4640000E+00 -2.56547e-08
0.4660000E+00 -1.95237e-08
0.4680000E+00 -1.95492e-08
0.4700000E+00 -1.98023e-08
0.4720000E+00 -2.33083e-08
0.4740000E+00 -2.40398e-08
0.4760000E+00 -2.39425e-08
0.4780000E+00 -2.4094e-08
0.4800000E+00 -3.26789e-08
0.4820000E+00 -5.37985e-08
0.4840000E+00 -5.14825e-08
0.4860000E+00 -5.52258e-09
0.4880000E+00 -2.21796e-08
0.4900000E+00 -3.53002e-09
0.4920000E+00 -4.90893e-09
0.4940000E+00 -9.31741e-09
0.4960000E+00 -1.74008e-08
0.4980000E+00 -1.48986e-08
0.5000000E+00 -1.10284e-08
0.5020000E+00 -1.213e-08
0.5040000E+00 -1.18865e-08
0.5060000E+00 -1.0323e-08
0.5080000E+00 -2.27428e-08
0.5100000E+00 -5.3421e-08
0.5120000E+00 -3.66589e-08
0.5140000E+00 -3.60536e-08
0.5160000E+00 -2.50073e-08
0.5180000E+00 -2.396e-08
0.5200000E+00 -2.59489e-08
0.5220000E+00 -2.48862e-08
0.5240000E+00 -2.62173e-08
0.5260000E+00 -2.58042e-08
0.5280000E+00 -2.44289e-08
0.5300000E+00 -2.15861e-08
0.5320000E+00 1.81979e-08
0.5340000E+00 -3.95393e-09
0.5360000E+00 -2.37557e-08
0.5380000E+00 -2.71306e-08
0.5400000E+00 -2.62552e-08
0.5420000E+00 -2.07929e-08
0.5440000E+00 -9.82593e-09
0.5460000E+00 -1.13008e-08
0.5480000E+00 -1.25223e-08
0.5500000E+00 -1.1188e-08
0.5520000E+00 -1.08312e-08
0.5540000E+00 -6.07239e-08
0.5560000E+00 -3.2844e-08
0.5580000E+00 -2.68065e-08
0.5600000E+00 -2.52431e-08
0.5620000E+00 -3.07648e-08
0.5640000E+00 -2.92349e-08
0.5660000E+00 -2.79041e-08
0.5680000E+00 -7.81107e-09
0.5700000E+00 1.43057e-08
0.5720000E+00 -6.0257e-08
0.5740000E+00 -2.90888e-08
0.5760000E+00 2.65212e-09
0.5780000E+00 2.0073e-09
0.5800000E+00 -8.48552e-09
0.5820000E+00 -9.82348e-09
0.5840000E+00 -1.16618e-08
0.5860000E+00 -4.2066e-08
0.5880000E+00 -2.20544e-08
0.5900000E+00 -3.5985e-08
0.5920000E+00 -3.08686e-08
0.5940000E+00 -8.57884e-09
0.5960000E+00 6.00614e-09
0.5980000E+00 -1.35169e-07
0.6000000E+00 -2.60941e-08
0.6020000E+00 -3.3808e-08
0.6040000E+00 -3.9541e-08
0.6060000E+00 -3.60123e-08
0.6080000E+00 -8.74708e-08
0.6100000E+00 -4.45462e-08
0.6120000E+00 -2.39515e-08
0.6140000E+00 -2.69237e-08
0.6160000E+00 -7.83233e-08
0.6180000E+00 -1.02521e-07
0.6200000E+00 4.76437e-08
0.6220000E+00 -7.70673e-08
0.6240000E+00 -3.26836e-07
0.6260000E+00 -1.68493e-07
0.6280000E+00 -6.01208e-07
0.6300000E+00 -3.76558e-08
0.6320000E+00 9.40848e-07
0.6340000E+00 -5.12721e-07
0.6360000E+00 3.08888e-07
0.6380000E+00 -2.15813e-07
0.6400000E+00 -1.11153e-07
0.6420000E+00 -3.23414e-07
0.6440000E+00 -2.02184e-08
0.6460000E+00 -1.77226e-07
0.6480000E+00 -1.22246e-07
0.6500000E+00 -1.67986e-07
0.6520000E+00 -1.85145e-07
0.6540000E+00 9.80583e-08
0.6560000E+00 -1.1691e-07
0.6580000E+00 6.02204e-08
0.6600000E+00 -2.51173e-08
0.6620000E+00 -9.84614e-08
0.6640000E+00 -1.09462e-07
0.6660000E+00 -4.87956e-08
0.6680000E+00 6.63477e-08
0.6700000E+00 -1.11008e-07
0.6720000E+00 1.89946e-08
0.6740000E+00 -3.02904e-08
0.6760000E+00 -2.99372e-08
0.6780000E+00 -5.48728e-08
0.6800000E+00 -7.63542e-08
0.6820000E+00 -8.09778e-08
0.6840000E+00 5.22215e-09
0.6860000E+00 -1.90071e-08
0.6880000E+00 -2.04875e-08
0.6900000E+00 -4.03966e-08
0.6920000E+00 -5.43646e-08
0.6940000E+00 -4.61058e-08
0.6960000E+00 -3.60202e-08
0.6980000E+00 -5.79212e-09
0.7000000E+00 -3.35889e-08
0.7020000E+00 -4.15425e-08
0.7040000E+00 -3.8667e-08
0.7060000E+00 6.35179e-09
0.7080000E+00 -1.11194e-08
0.7100000E+00 -2.17699e-08
0.7120000E+00 -3.54321e-08
0.7140000E+00 -3.22482e-08
0.7160000E+00 -3.03965e-08
0.7180000E+00 -4.50395e-08
0.7200000E+00 -4.08641e-08
0.7220000E+00 -4.09897e-08
0.7240000E+00 -4.09105e-08
0.7260000E+00 -3.90004e-08
0.7280000E+00 -3.86464e-08
0.7300000E+00 -7.76416e-09
0.7320000E+00 -1.91246e-08
0.7340000E+00 -2.06178e-08
0.7360000E+00 -1.49505e-08
0.7380000E+00 -5.32018e-08
0.7400000E+00 -2.24797e-08
0.7420000E+00 -2.56122e-08
0.7440000E+00 -2.60947e-08
0.7460000E+00 -2.73571e-08
0.7480000E+00 -2.91347e-08
0.7500000E+00 -3.06301e-08
0.7520000E+00 -3.05596e-08
0.7540000E+00 -3.12289e-08
0.7560000E+00 -2.97525e-08
0.7580000E+00 -1.67682e-08
0.7600000E+00 -1.17651e-08
0.7620000E+00 -1.8768e-08
0.7640000E+00 -2.09306e-08
0.7660000E+00 -2.09294e-08
0.7680000E+00 -5.11899e-08
0.7700000E+00 -3.70289e-08
0.7720000E+00 -3.51403e-08
0.7740000E+00 -3.47406e-08
0.7760000E+00 -2.30129e-08
0.7780000E+00 -1.19009e-08
0.7800000E+00 -2.03955e-08
0.7820000E+00 -2.37403e-08
0.7840000E+00 -2.39543e-08
0.7860000E+00 -2.38292e-08
0.7880000E+00 -2.47567e-08
0.7900000E+00 -1.46543e-08
0.7920000E+00 -1.08213e-08
0.7940000E+00 -1.56383e-08
0.7960000E+00 -1.81459e-08
0.7980000E+00 -1.94241e-08
0.8000000E+00 -2.02445e-08
0.8020000E+00 -4.33434e-08
0.8040000E+00 -4.26876e-08
0.8060000E+00 -3.20169e-08
0.8080000E+00 -3.18076e-08
0.8100000E+00 -3.22015e-08
0.8120000E+00 -3.14462e-08
0.8140000E+00 -2.25657e-08
0.8160000E+00 -8.81112e-09
0.8180000E+00 -1.3855e-08
0.8200000E+00 -1.96611e-08
0.8220000E+00 -1.95849e-08
0.8240000E+00 -1.96065e-08
0.8260000E+00 -7.73573e-09
0.8280000E+00 -1.80166e-08
0.8300000E+00 -1.94856e-08
0.8320000E+00 -2.16599e-08
0.8340000E+00 -2.11092e-08
0.8360000E+00 -2.00281e-08
0.8380000E+00 -1.77593e-08
0.8400000E+00 -4.68732e-08
0.8420000E+00 -3.41366e-08
0.8440000E+00 -2.95485e-08
0.8460000E+00 -2.98825e-08
0.8480000E+00 -2.83353e-08
0.8500000E+00 -2.8328e-08
0.8520000E+00 -2.4498e-08
0.8540000E+00 -1.48907e-08
0.8560000E+00 -1.18577e-08
0.8580000E+00 -1.27124e-08
0.8600000E+00 -1.75179e-08
0.8620000E+00 -1.76584e-08
0.8640000E+00 -1.32114e-08
0.8660000E+00 -1.74779e-08
0.8680000E+00 -1.81744e-08
0.8700000E+00 -1.82995e-08
0.8720000E+00 -1.87782e-08
0.8740000E+00 -1.93597e-08
0.8760000E+00 -1.98926e-08
0.8780000E+00 -2.00966e-08
0.8800000E+00 -2.09079e-08
0.8820000E+00 -3.46127e-08
0.8840000E+00 -3.34318e-08
0.8860000E+00 -3.03663e-08
0.8880000E+00 -2.90847e-08
0.8900000E+00 -2.59025e-08
0.8920000E+00 -1.37527e-08
0.8940000E+00 -9.74705e-09
0.8960000E+00 -2.24118e-08
0.8980000E+00 -2.03345e-08
0.9000000E+00 -1.8669e-08
0.9020000E+00 -1.72494e-08
0.9040000E+00 -1.51713e-08
0.9060000E+00 -1.78167e-08
0.9080000E+00 -1.96778e-08
0.9100000E+00 -2.0457e-08
0.9120000E+00 -2.07596e-08
0.9140000E+00 -2.14059e-08
0.9160000E+00 -2.18851e-08
0.9180000E+00 -1.39704e-08
0.9200000E+00 -2.03512e-08
0.9220000E+00 -2.03625e-08
0.9240000E+00 -2.05338e-08
0.9260000E+00 -3.02869e-08
0.9280000E+00 -2.49249e-08
0.9300000E+00 -1.29809e-08
0.9320000E+00 -1.32837e-08
0.9340000E+00 -1.71074e-08
0.9360000E+00 -1.98267e-08
0.9380000E+00 -2.2111e-08
0.9400000E+00 -2.24118e-08
0.9420000E+00 -2.26479e-08
0.9440000E+00 -2.29818e-08
0.9460000E+00 -2.09438e-08
0.9480000E+00 -1.88775e-08
0.9500000E+00 -1.96934e-08
0.9520000E+00 -2.03065e-08
0.9540000E+00 -2.20761e-08
0.9560000E+00 -2.2043e-08
0.9580000E+00 -2.12093e-08
0.9600000E+00 -2.26393e-08
0.9620000E+00 -2.30382e-08
0.9640000E+00 -2.09822e-08
0.9660000E+00 -9.76314e-09
0.9680000E+00 -5.22599e-09
0.9700000E+00 -1.1559e-08
0.9720000E+00 -3.11162e-08
0.9740000E+00 -2.31297e-08
0.9760000E+00 -2.21031e-08
0.9780000E+00 -2.22806e-08
0.9800000E+00 -1.76792e-08
0.9820000E+00 -2.12317e-08
0.9840000E+00 -2.14205e-08
0.9860000E+00 -2.18885e-08
0.9880000E+00 -2.26606e-08
0.9900000E+00 -2.15994e-08
0.9920000E+00 -2.26599e-08
0.9940000E+00 -2.32048e-08
0.9960000E+00 -2.38443e-08
0.9980000E+00 -2.40686e-08
0.1000000E+01 -2.43826e-08
0.1002000E+01 -1.35926e-08
0.1004000E+01 -5.94825e-09
0.1006000E+01 -1.2999e-08
0.1008000E+01 -1.60807e-08
0.1010000E+01 -1.47726e-08
0.1012000E+01 -1.34433e-08
0.1014000E+01 -1.52633e-08
0.1016000E+01 -1.6029e-08
0.1018000E+01 -1.82974e-08
0.1020000E+01 -3.01736e-08
0.1022000E+01 -2.60262e-08
0.1024000E+01 -2.4805e-08
0.1026000E+01 -2.36655e-08
0.1028000E+01 -2.4346e-08
0.1030000E+01 -2.46947e-08
0.1032000E+01 -2.44668e-08
0.1034000E+01 -2.4123e-08
0.1036000E+01 -2.17132e-08
0.1038000E+01 -1.31672e-08
0.1040000E+01 -6.88085e-09
0.1042000E+01 -9.68822e-09
0.1044000E+01 -1.2763e-08
0.1046000E+01 -1.49685e-08
0.1048000E+01 -1.75277e-08
0.1050000E+01 -1.77984e-08
0.1052000E+01 -1.82777e-08
0.1054000E+01 -1.85937e-08
0.1056000E+01 -1.89719e-08
0.1058000E+01 -1.9659e-08
0.1060000E+01 -2.10779e-08
0.1062000E+01 -2.19634e-08
0.1064000E+01 -2.25033e-08
0.1066000E+01 -2.29064e-08
0.1068000E+01 -2.32096e-08
0.1070000E+01 -2.90943e-08
0.1072000E+01 -2.09864e-08
0.1074000E+01 -8.35599e-09
0.1076000E+01 -5.29603e-09
0.1078000E+01 -1.50567e-08
0.1080000E+01 -1.38597e-08
0.1082000E+01 -1.55929e-08
0.1084000E+01 -1.52739e-08
0.1086000E+01 -1.72947e-08
0.1088000E+01 -1.99779e-08
0.1090000E+01 -2.13763e-08
0.1092000E+01 -2.24764e-08
0.1094000E+01 -2.22392e-08
0.1096000E+01 -2.23276e-08
0.1098000E+01 -2.26552e-08
0.1100000E+01 -2.28311e-08
0.1102000E+01 -2.29446e-08
0.1104000E+01 -2.32495e-08
0.1106000E+01 -1.97914e-08
0.1108000E+01 -1.24813e-08
0.1110000E+01 -8.13268e-09
0.1112000E+01 -1.08517e-08
0.1114000E+01 -1.30778e-08
0.1116000E+01 -1.60174e-08
0.1118000E+01 -1.77121e-08
0.1120000E+01 -1.85253e-08
0.1122000E+01 -2.346e-08
0.1124000E+01 -2.23011e-08
0.1126000E+01 -1.98683e-08
0.1128000E+01 -1.87575e-08
0.1130000E+01 -2.04769e-08
0.1132000E+01 -2.19586e-08
0.1134000E+01 -2.23987e-08
0.1136000E+01 -2.27284e-08
0.1138000E+01 -2.3199e-08
0.1140000E+01 -2.3976e-08
0.1142000E+01 -7.27389e-09
0.1144000E+01 -2.53595e-09
0.1146000E+01 -1.41136e-08
0.1148000E+01 -1.50551e-08
0.1150000E+01 -1.36998e-08
0.1152000E+01 -1.53987e-08
0.1154000E+01 -1.63674e-08
0.1156000E+01 -1.8771e-08
0.1158000E+01 -2.01848e-08
0.1160000E+01 -2.0784e-08
0.1162000E+01 -2.13221e-08
0.1164000E+01 -2.17568e-08
0.1166000E+01 -2.20046e-08
0.1168000E+01 -2.22768e-08
0.1170000E+01 -2.25481e-08
0.1172000E+01 -2.27736e-08
0.1174000E+01 -1.88124e-08
0.1176000E+01 -1.02277e-08
0.1178000E+01 -5.95755e-09
0.1180000E+01 -8.91363e-09
0.1182000E+01 -1.36052e-08
0.1184000E+01 -1.73944e-08
0.1186000E+01 -1.75278e-08
0.1188000E+01 -1.57483e-08
0.1190000E+01 -1.62297e-08
0.1192000E+01 -1.80473e-08
0.1194000E+01 -1.87531e-08
0.1196000E+01 -1.93466e-08
0.1198000E+01 -1.99984e-08
0.1200000E+01 -2.10602e-08
0.1202000E+01 -2.20303e-08
0.1204000E+01 -2.46699e-08
0.1206000E+01 -2.47205e-08
0.1208000E+01 -7.40144e-09
0.1210000E+01 -2.26228e-09
0.1212000E+01 -1.35787e-08
0.1214000E+01 -1.39362e-08
0.1216000E+01 -1.44296e-08
0.1218000E+01 -1.55586e-08
0.1220000E+01 -1.68126e-08
0.1222000E+01 -1.8629e-08
0.1224000E+01 -2.14571e-08
0.1226000E+01 -1.87101e-08
0.1228000E+01 -2.13387e-08
0.1230000E+01 -2.2116e-08
0.1232000E+01 -2.25689e-08
0.1234000E+01 -2.22216e-08
0.1236000E+01 -2.13017e-08
0.1238000E+01 -2.00739e-08
0.1240000E+01 -1.24388e-08
0.1242000E+01 -3.74261e-09
0.1244000E+01 -6.78756e-09
0.1246000E+01 -1.28002e-08
0.1248000E+01 -1.70038e-08
0.1250000E+01 -1.77248e-08
0.1252000E+01 -1.81198e-08
0.1254000E+01 -2.07982e-08
0.1256000E+01 -2.27323e-08
0.1258000E+01 -2.14484e-08
0.1260000E+01 -2.12258e-08
0.1262000E+01 -2.18574e-08
0.1264000E+01 -2.12861e-08
0.1266000E+01 -2.14687e-08
0.1268000E+01 -2.21355e-08
0.1270000E+01 -2.27057e-08
0.1272000E+01 -2.66974e-09
0.1274000E+01 2.70239e-09
0.1276000E+01 -1.06238e-08
0.1278000E+01 -1.09763e-08
0.1280000E+01 -1.12476e-08
0.1282000E+01 -1.24989e-08
0.1284000E+01 -1.46924e-08
0.1286000E+01 -1.76206e-08
0.1288000E+01 -1.79111e-08
0.1290000E+01 -1.68635e-08
0.1292000E+01 -1.81158e-08
0.1294000E+01 -1.86665e-08
0.1296000E+01 -1.91144e-08
0.1298000E+01 -1.93621e-08
0.1300000E+01 -2.29428e-08
0.1302000E+01 -1.64051e-08
0.1304000E+01 -1.94717e-09
0.1306000E+01 1.16438e-09
0.1308000E+01 -7.61641e-09
0.1310000E+01 -1.99566e-08
0.1312000E+01 -2.17966e-08
0.1314000E+01 -2.05605e-08
0.1316000E+01 -1.94442e-08
0.1318000E+01 -1.91645e-08
0.1320000E+01 -1.90286e-08
0.1322000E+01 -1.98881e-08
0.1324000E+01 -2.10723e-08
0.1326000E+01 -2.18678e-08
0.1328000E+01 -2.21093e-08
0.1330000E+01 -2.21585e-08
0.1332000E+01 -1.49424e-08
0.1334000E+01 -6.32985e-09
0.1336000E+01 1.5057e-09
0.1338000E+01 -9.48883e-09
0.1340000E+01 -1.00858e-08
0.1342000E+01 -1.64643e-08
0.1344000E+01 -1.64629e-08
0.1346000E+01 -1.79908e-08
0.1348000E+01 -1.8211e-08
0.1350000E+01 -1.83148e-08
0.1352000E+01 -1.88427e-08
0.1354000E+01 -1.89531e-08
0.1356000E+01 -1.90878e-08
0.1358000E+01 -1.90062e-08
0.1360000E+01 -1.91414e-08
0.1362000E+01 -9.69871e-09
0.1364000E+01 4.4055e-09
0.1366000E+01 4.78024e-09
0.1368000E+01 -5.14843e-09
0.1370000E+01 -8.88128e-09
0.1372000E+01 -1.07286e-08
0.1374000E+01 -1.0862e-08
0.1376000E+01 -1.28943e-08
0.1378000E+01 -2.86353e-08
0.1380000E+01 -3.36312e-08
0.1382000E+01 -2.70906e-08
0.1384000E+01 -2.49574e-08
0.1386000E+01 -2.36594e-08
0.1388000E+01 -2.35176e-08
0.1390000E+01 -2.12374e-08
0.1392000E+01 -6.14161e-09
0.1394000E+01 5.05401e-09
0.1396000E+01 -3.18748e-09
0.1398000E+01 -7.20442e-09
0.1400000E+01 -9.69385e-09
0.1402000E+01 -1.1361e-08
0.1404000E+01 -1.18948e-08
0.1406000E+01 -1.32368e-08
0.1408000E+01 -1.4249e-08
0.1410000E+01 -1.43705e-08
0.1412000E+01 -2.2012e-08
0.1414000E+01 -2.41671e-08
0.1416000E+01 -2.00315e-08
0.1418000E+01 -2.06251e-08
0.1420000E+01 -4.76744e-10
0.1422000E+01 6.78963e-09
0.1424000E+01 -4.55899e-09
0.1426000E+01 -3.46642e-09
0.1428000E+01 -5.62855e-09
0.1430000E+01 -8.64245e-09
0.1432000E+01 -2.11831e-08
0.1434000E+01 -2.52841e-08
0.1436000E+01 -1.99533e-08
0.1438000E+01 -1.85964e-08
0.1440000E+01 -1.93998e-08
0.1442000E+01 -2.8588e-08
0.1444000E+01 -2.56351e-08
0.1446000E+01 -2.06626e-08
0.1448000E+01 -6.96142e-09
0.1450000E+01 6.59887e-09
0.1452000E+01 -8.10108e-10
0.1454000E+01 -9.28162e-09
0.1456000E+01 -1.08405e-08
0.1458000E+01 -1.09791e-08
0.1460000E+01 -1.0674e-08
0.1462000E+01 -1.01801e-08
0.1464000E+01 -1.01932e-08
0.1466000E+01 -1.0309e-08
0.1468000E+01 -2.19082e-08
0.1470000E+01 -2.01628e-08
0.1472000E+01 -1.81269e-08
0.1474000E+01 -9.37036e-09
0.1476000E+01 3.64412e-09
0.1478000E+01 -1.31006e-09
0.1480000E+01 -1.61052e-08
0.1482000E+01 -1.35957e-08
0.1484000E+01 -1.17224e-08
0.1486000E+01 -1.18031e-08
0.1488000E+01 -1.217e-08
0.1490000E+01 -1.84617e-08
0.1492000E+01 -2.38638e-08
0.1494000E+01 -1.99142e-08
0.1496000E+01 -1.71233e-08
0.1498000E+01 -1.6147e-08
0.1500000E+01 -1.78949e-08
0.1502000E+01 3.39196e-09
0.1504000E+01 1.50336e-08
0.1506000E+01 2.46742e-09
0.1508000E+01 3.33504e-09
0.1510000E+01 7.42568e-10
0.1512000E+01 -1.13056e-08
0.1514000E+01 -1.62425e-08
0.1516000E+01 -1.02384e-08
0.1518000E+01 -9.02676e-09
0.1520000E+01 -1.55396e-08
0.1522000E+01 -2.14202e-08
0.1524000E+01 -1.77805e-08
0.1526000E+01 -1.43943e-08
0.1528000E+01 -3.10337e-11
0.1530000E+01 9.09904e-09
0.1532000E+01 -7.13697e-09
0.1534000E+01 -1.03455e-08
0.1536000E+01 -8.5919e-09
0.1538000E+01 -8.08378e-09
0.1540000E+01 -6.67982e-09
0.1542000E+01 -5.7386e-09
0.1544000E+01 -5.76927e-09
0.1546000E+01 -6.20008e-09
0.1548000E+01 -6.0495e-09
0.1550000E+01 -1.69641e-08
0.1552000E+01 -9.42762e-09
0.1554000E+01 5.37314e-09
0.1556000E+01 1.32351e-08
0.1558000E+01 3.27161e-09
0.1560000E+01 -7.0189e-09
0.1562000E+01 -5.54799e-09
0.1564000E+01 -2.97464e-09
0.1566000E+01 -7.25137e-09
0.1568000E+01 -1.01266e-08
0.1570000E+01 -6.42089e-09
0.1572000E+01 -5.65624e-09
0.1574000E+01 -5.10347e-09
0.1576000E+01 -4.50421e-09
0.1578000E+01 9.56896e-09
0.1580000E+01 1.70617e-08
0.1582000E+01 9.30146e-09
0.1584000E+01 4.50823e-09
0.1586000E+01 5.62156e-09
0.1588000E+01 5.58495e-09
0.1590000E+01 4.15836e-09
0.1592000E+01 2.99096e-09
0.1594000E+01 -5.3736e-09
0.1596000E+01 -8.90259e-09
0.1598000E+01 -9.7729e-09
0.1600000E+01 -8.22796e-09
0.1602000E+01 3.57509e-09
0.1604000E+01 6.74724e-09
0.1606000E+01 4.74701e-09
0.1608000E+01 9.41582e-09
0.1610000E+01 9.31846e-09
0.1612000E+01 1.20194e-08
0.1614000E+01 8.22002e-09
0.1616000E+01 7.09718e-09
0.1618000E+01 7.02268e-09
0.1620000E+01 6.72827e-09
0.1622000E+01 6.53262e-09
0.1624000E+01 5.64335e-09
0.1626000E+01 -9.79828e-09
0.1628000E+01 1.51229e-08
0.1630000E+01 1.59384e-08
0.1632000E+01 9.69247e-09
0.1634000E+01 8.83789e-09
0.1636000E+01 8.80147e-09
0.1638000E+01 6.30004e-09
0.1640000E+01 5.84742e-09
0.1642000E+01 1.86571e-09
0.1644000E+01 5.93954e-10
0.1646000E+01 -1.15559e-09
0.1648000E+01 1.91239e-09
0.1650000E+01 1.33874e-08
0.1652000E+01 2.41306e-08
0.1654000E+01 2.00349e-08
0.1656000E+01 1.07482e-08
0.1658000E+01 4.32558e-09
0.1660000E+01 5.6448e-09
0.1662000E+01 4.18225e-09
0.1664000E+01 2.37653e-09
0.1666000E+01 4.26564e-09
0.1668000E+01 9.42463e-09
0.1670000E+01 8.18964e-09
0.1672000E+01 1.45486e-08
0.1674000E+01 2.55674e-08
0.1676000E+01 2.5665e-08
0.1678000E+01 1.87537e-08
0.1680000E+01 1.97842e-08
0.1682000E+01 1.95372e-08
0.1684000E+01 1.32628e-08
0.1686000E+01 8.26122e-09
0.1688000E+01 8.34712e-09
0.1690000E+01 5.70769e-09
0.1692000E+01 -6.48454e-09
0.1694000E+01 6.51775e-09
0.1696000E+01 2.18226e-08
0.1698000E+01 2.4274e-08
0.1700000E+01 1.8839e-08
0.1702000E+01 1.77627e-08
0.1704000E+01 1.68964e-08
0.1706000E+01 1.82448e-08
0.1708000E+01 1.78573e-08
0.1710000E+01 1.62355e-08
0.1712000E+01 1.01847e-08
0.1714000E+01 7.09873e-09
0.1716000E+01 1.48684e-08
0.1718000E+01 2.6262e-08
0.1720000E+01 2.62608e-08
0.1722000E+01 2.02233e-08
0.1724000E+01 1.91346e-08
0.1726000E+01 2.22284e-08
0.1728000E+01 2.08912e-08
0.1730000E+01 2.08857e-08
0.1732000E+01 2.24778e-08
0.1734000E+01 2.18263e-08
0.1736000E+01 7.27499e-09
0.1738000E+01 2.07986e-08
0.1740000E+01 2.68297e-08
0.1742000E+01 2.25981e-08
0.1744000E+01 2.3215e-08
0.1746000E+01 2.21677e-08
0.1748000E+01 2.06724e-08
0.1750000E+01 2.07041e-08
0.1752000E+01 2.08431e-08
0.1754000E+01 2.10476e-08
0.1756000E+01 2.15347e-08
0.1758000E+01 2.34218e-08
0.1760000E+01 3.28096e-08
0.1762000E+01 2.85072e-08
0.1764000E+01 2.86807e-08
0.1766000E+01 2.81326e-08
0.1768000E+01 2.77166e-08
0.1770000E+01 2.77234e-08
0.1772000E+01 3.22323e-08
0.1774000E+01 2.99556e-08
0.1776000E+01 1.35697e-08
0.1778000E+01 2.67449e-08
0.1780000E+01 3.9779e-08
0.1782000E+01 3.65608e-08
0.1784000E+01 3.31727e-08
0.1786000E+01 3.15293e-08
0.1788000E+01 3.19337e-08
0.1790000E+01 3.1633e-08
0.1792000E+01 3.17846e-08
0.1794000E+01 3.12697e-08
0.1796000E+01 2.95939e-08
0.1798000E+01 4.21521e-08
0.1800000E+01 4.77135e-08
0.1802000E+01 4.31407e-08
0.1804000E+01 4.09457e-08
0.1806000E+01 3.97369e-08
0.1808000E+01 4.07962e-08
0.1810000E+01 4.144e-08
0.1812000E+01 3.59211e-08
0.1814000E+01 2.44198e-08
0.1816000E+01 3.56203e-08
0.1818000E+01 4.67817e-08
0.1820000E+01 4.55589e-08
0.1822000E+01 4.66901e-08
0.1824000E+01 4.89729e-08
0.1826000E+01 4.98439e-08
0.1828000E+01 4.92358e-08
0.1830000E+01 4.88938e-08
0.1832000E+01 4.91621e-08
0.1834000E+01 5.11626e-08
0.1836000E+01 5.82339e-08
0.1838000E+01 6.02406e-08
0.1840000E+01 5.88048e-08
0.1842000E+01 5.94894e-08
0.1844000E+01 6.24887e-08
0.1846000E+01 3.27727e-08
0.1848000E+01 4.96317e-08
0.1850000E+01 5.44796e-08
0.1852000E+01 6.08541e-08
0.1854000E+01 6.75759e-08
0.1856000E+01 6.75439e-08
0.1858000E+01 6.70456e-08
0.1860000E+01 6.87085e-08
0.1862000E+01 7.37943e-08
0.1864000E+01 7.45232e-08
0.1866000E+01 7.41935e-08
0.1868000E+01 7.53606e-08
0.1870000E+01 8.48236e-08
0.1872000E+01 6.65669e-08
0.1874000E+01 6.65278e-08
0.1876000E+01 7.37334e-08
0.1878000E+01 8.73883e-08
0.1880000E+01 9.04247e-08
0.1882000E+01 9.12508e-08
0.1884000E+01 9.56724e-08
0.1886000E+01 9.99341e-08
0.1888000E+01 1.02186e-07
0.1890000E+01 1.03392e-07
0.1892000E+01 8.54192e-08
0.1894000E+01 1.19389e-07
0.1896000E+01 1.14789e-07
0.1898000E+01 1.03323e-07
0.1900000E+01 1.09765e-07
0.1902000E+01 1.14688e-07
0.1904000E+01 1.22239e-07
0.1906000E+01 1.24564e-07
0.1908000E+01 1.47879e-07
0.1910000E+01 1.55051e-07
0.1912000E+01 1.54609e-07
0.1914000E+01 1.65972e-07
0.1916000E+01 1.70449e-07
0.1918000E+01 2.0607e-07
0.1920000E+01 2.35369e-07
0.1922000E+01 2.87914e-07
0.1924000E+01 4.65573e-07
0.1926000E+01 3.88231e-07
0.1928000E+01 -2.8361e-07
0.1930000E+01 1.01691e-07
0.1932000E+01 -8.43786e-08
0.1934000E+01 -1.99256e-08
0.1936000E+01 2.34777e-07
0.1938000E+01 1.8326e-08
0.1940000E+01 2.61682e-07
0.1942000E+01 5.15024e-08
0.1944000E+01 2.53508e-07
0.1946000E+01 1.73784e-07
0.1948000E+01 2.10502e-07
0.1950000E+01 3.41975e-07
0.1952000E+01 3.03316e-07
0.1954000E+01 1.26226e-06
0.1956000E+01 -8.11055e-08
0.1958000E+01 -1.39884e-06
0.1960000E+01 -5.63647e-07
0.1962000E+01 -5.30595e-07
0.1964000E+01 -1.67099e-07
0.1966000E+01 -9.55084e-08
0.1968000E+01 -1.28682e-07
0.1970000E+01 -1.47972e-07
0.1972000E+01 -1.99412e-07
0.1974000E+01 -2.40188e-07
0.1976000E+01 -3.49739e-08
0.1978000E+01 -4.88298e-08
0.1980000E+01 -2.3454e-07
0.1982000E+01 -1.63192e-07
0.1984000E+01 -8.30579e-08
0.1986000E+01 -4.28785e-08
0.1988000E+01 -3.99464e-08
0.1990000E+01 -2.76296e-08
0.1992000E+01 -6.2744e-08
0.1994000E+01 1.71872e-08
0.1996000E+01 -8.83042e-09
0.1998000E+01 -5.17892e-08
0.2000000E+01 -4.11987e-08
0.2002000E+01 -4.16824e-08
0.2004000E+01 -4.11916e-08
0.2006000E+01 -4.19521e-08
0.2008000E+01 -4.30058e-08
0.2010000E+01 -4.44467e-08
0.2012000E+01 -4.70742e-08
0.2014000E+01 -5.23942e-08
0.2016000E+01 -6.54605e-08
0.2018000E+01 -4.67233e-08
0.2020000E+01 -2.90729e-08
0.2022000E+01 -2.95427e-08
0.2024000E+01 -3.0526e-08
0.2026000E+01 -2.828e-08
0.2028000E+01 -3.04548e-08
0.2030000E+01 -8.24243e-09
0.2032000E+01 7.73475e-08
0.2034000E+01 2.15253e-07
0.2036000E+01 4.89126e-07
0.2038000E+01 -5.9486e-08
0.2040000E+01 -2.61045e-07
0.2042000E+01 -3.27211e-07
0.2044000E+01 -1.39239e-07
0.2046000E+01 -8.52296e-08
0.2048000E+01 -1.91861e-08
0.2050000E+01 4.02583e-08
0.2052000E+01 2.10467e-08
0.2054000E+01 -9.94635e-08
0.2056000E+01 -1.02418e-07
0.2058000E+01 -3.24765e-08
0.2060000E+01 -6.10774e-09
0.2062000E+01 -4.52217e-09
0.2064000E+01 2.04239e-08
0.2066000E+01 -9.89033e-08
0.2068000E+01 -2.06702e-08
0.2070000E+01 -4.8054e-08
0.2072000E+01 -1.5883e-07
0.2074000E+01 -7.52048e-08
0.2076000E+01 -5.71734e-08
0.2078000E+01 -3.41295e-08
0.2080000E+01 -2.82944e-08
0.2082000E+01 -3.44659e-08
0.2084000E+01 -7.34006e-08
0.2086000E+01 -5.4747e-08
0.2088000E+01 -6.19218e-08
0.2090000E+01 -5.5028e-08
0.2092000E+01 -3.34299e-08
0.2094000E+01 -4.80687e-09
0.2096000E+01 -2.36908e-08
0.2098000E+01 -3.15148e-08
0.2100000E+01 -3.3027e-08
0.2102000E+01 -3.01492e-08
0.2104000E+01 -2.5232e-08
0.2106000E+01 -1.86532e-08
0.2108000E+01 -5.54337e-09
0.2110000E+01 -9.80824e-10
0.2112000E+01 -1.23674e-08
0.2114000E+01 -3.48346e-09
0.2116000E+01 -2.11787e-08
0.2118000E+01 -5.42947e-08
0.2120000E+01 -5.0147e-08
0.2122000E+01 -5.14186e-08
0.2124000E+01 -5.63048e-08
0.2126000E+01 -3.71588e-08
0.2128000E+01 -1.63818e-08
0.2130000E+01 6.90826e-11
0.2132000E+01 -1.4641e-08
0.2134000E+01 -3.39369e-08
0.2136000E+01 -2.90196e-08
0.2138000E+01 -2.27132e-08
0.2140000E+01 -1.54303e-08
0.2142000E+01 -2.44962e-08
0.2144000E+01 -1.25533e-08
0.2146000E+01 1.43883e-09
0.2148000E+01 -6.07201e-09
0.2150000E+01 -1.13613e-08
0.2152000E+01 -8.85001e-09
0.2154000E+01 -1.12373e-08
0.2156000E+01 -1.88665e-08
0.2158000E+01 -2.70271e-08
0.2160000E+01 -1.41905e-08
0.2162000E+01 6.92546e-10
0.2164000E+01 1.90768e-09
0.2166000E+01 -6.31266e-09
0.2168000E+01 -8.24151e-09
0.2170000E+01 -2.87495e-08
0.2172000E+01 -3.7525e-08
0.2174000E+01 -3.73124e-08
0.2176000E+01 -3.7821e-08
0.2178000E+01 -1.17494e-08
0.2180000E+01 3.30907e-08
0.2182000E+01 1.0514e-08
0.2184000E+01 -7.2707e-09
0.2186000E+01 -1.28464e-08
0.2188000E+01 -1.33797e-08
0.2190000E+01 -1.37625e-08
0.2192000E+01 -1.08337e-08
0.2194000E+01 8.98603e-09
0.2196000E+01 2.67562e-08
0.2198000E+01 4.59744e-09
0.2200000E+01 -7.50318e-09
0.2202000E+01 -1.18837e-08
0.2204000E+01 -1.07914e-08
0.2206000E+01 -1.21267e-08
0.2208000E+01 -3.89117e-10
0.2210000E+01 1.30925e-08
0.2212000E+01 2.87541e-08
0.2214000E+01 2.42829e-08
0.2216000E+01 5.53797e-09
0.2218000E+01 -1.21696e-08
0.2220000E+01 -2.05447e-08
0.2222000E+01 1.47111e-08
0.2224000E+01 4.27272e-08
0.2226000E+01 1.74019e-08
0.2228000E+01 1.49985e-08
0.2230000E+01 -6.65375e-09
0.2232000E+01 1.26195e-08
0.2234000E+01 4.36718e-08
0.2236000E+01 6.57922e-08
0.2238000E+01 7.59223e-08
0.2240000E+01 4.92809e-08
0.2242000E+01 5.5116e-08
0.2244000E+01 8.28694e-08
0.2246000E+01 -1.51643e-08
0.2248000E+01 1.39131e-08
0.2250000E+01 -1.17048e-08
0.2252000E+01 1.41233e-07
0.2254000E+01 1.51241e-07
0.2256000E+01 3.1594e-07
0.2258000E+01 4.41099e-07
0.2260000E+01 7.81667e-08
0.2262000E+01 -3.34327e-07
0.2264000E+01 -2.01656e-07
0.2266000E+01 -1.76594e-07
0.2268000E+01 -1.46883e-07
0.2270000E+01 -1.27765e-07
0.2272000E+01 -1.05002e-07
0.2274000E+01 -1.00301e-07
0.2276000E+01 -1.01076e-07
0.2278000E+01 -9.70535e-08
0.2280000E+01 -6.88654e-08
0.2282000E+01 -5.28145e-08
0.2284000E+01 -5.20892e-08
0.2286000E+01 -6.10112e-08
0.2288000E+01 -5.87819e-08
0.2290000E+01 -5.62362e-08
0.2292000E+01 -5.76774e-08
0.2294000E+01 -6.98475e-08
0.2296000E+01 -6.84033e-08
0.2298000E+01 -6.25955e-08
0.2300000E+01 -6.54641e-08
0.2302000E+01 -6.71172e-08
0.2304000E+01 -6.65166e-08
0.2306000E+01 -6.54382e-08
0.2308000E+01 -6.73407e-08
0.2310000E+01 -6.95453e-08
0.2312000E+01 -5.40956e-08
0.2314000E+01 -6.05343e-08
0.2316000E+01 -6.52476e-08
0.2318000E+01 -6.62755e-08
0.2320000E+01 -6.59735e-08
0.2322000E+01 -6.56084e-08
0.2324000E+01 -6.45988e-08
0.2326000E+01 -6.38407e-08
0.2328000E+01 -6.36213e-08
0.2330000E+01 -6.29209e-08
0.2332000E+01 -6.44885e-08
0.2334000E+01 -6.45947e-08
0.2336000E+01 -6.34222e-08
0.2338000E+01 -6.51734e-08
0.2340000E+01 -6.54173e-08
0.2342000E+01 -6.66844e-08
0.2344000E+01 -6.62678e-08
0.2346000E+01 -6.22637e-08
0.2348000E+01 -6.60144e-08
0.2350000E+01 -6.67732e-08
0.2352000E+01 -6.5648e-08
0.2354000E+01 -6.47332e-08
0.2356000E+01 -6.43005e-08
0.2358000E+01 -6.37891e-08
0.2360000E+01 -6.52285e-08
0.2362000E+01 -6.81818e-08
0.2364000E+01 -7.5212e-08
0.2366000E+01 -7.33413e-08
0.2368000E+01 -8.14506e-08
0.2370000E+01 -1.07798e-07
0.2372000E+01 -1.04556e-07
0.2374000E+01 -9.0998e-08
0.2376000E+01 -6.16035e-08
0.2378000E+01 -6.54928e-08
0.2380000E+01 -6.07932e-08
0.2382000E+01 -3.69098e-08
0.2384000E+01 -9.66167e-08
0.2386000E+01 -7.01003e-08
0.2388000E+01 -7.57615e-08
0.2390000E+01 -7.62063e-08
0.2392000E+01 -8.3595e-08
0.2394000E+01 -6.70514e-08
0.2396000E+01 -7.33728e-08
0.2398000E+01 -7.73371e-08
0.2400000E+01 -7.3188e-08
0.2402000E+01 -6.70368e-08
0.2404000E+01 -7.16537e-08
0.2406000E+01 -5.24171e-08
0.2408000E+01 -6.36011e-08
0.2410000E+01 -6.07884e-08
0.2412000E+01 -4.97812e-08
0.2414000E+01 -5.71079e-08
0.2416000E+01 -5.62778e-08
0.2418000E+01 -5.59099e-08
0.2420000E+01 -4.83603e-08
0.2422000E+01 -6.01966e-08
0.2424000E+01 -5.94764e-08
0.2426000E+01 -5.71834e-08
0.2428000E+01 -5.96085e-08
0.2430000E+01 -5.67402e-08
0.2432000E+01 -5.48996e-08
0.2434000E+01 -5.24126e-08
0.2436000E+01 -5.34541e-08
0.2438000E+01 -5.87489e-08
0.2440000E+01 -5.8201e-08
0.2442000E+01 -5.76015e-08
0.2444000E+01 -5.77186e-08
0.2446000E+01 -5.30777e-08
0.2448000E+01 -5.11193e-08
0.2450000E+01 -5.20105e-08
0.2452000E+01 -5.0894e-08
0.2454000E+01 -4.96311e-08
0.2456000E+01 -5.34939e-08
0.2458000E+01 -5.00696e-08
0.2460000E+01 -4.79462e-08
0.2462000E+01 -4.66229e-08
0.2464000E+01 -9.12586e-08
0.2466000E+01 -2.03121e-09
0.2468000E+01 -3.89968e-08
0.2470000E+01 -2.55495e-08
0.2472000E+01 -3.00705e-08
0.2474000E+01 -3.28815e-08
0.2476000E+01 -3.72726e-08
0.2478000E+01 -2.66955e-08
0.2480000E+01 -5.3812e-08
0.2482000E+01 -4.11793e-08
0.2484000E+01 -3.15081e-08
0.2486000E+01 -3.49796e-08
0.2488000E+01 -3.09005e-08
0.2490000E+01 -4.18384e-08
0.2492000E+01 -3.76463e-08
0.2494000E+01 -3.73651e-08
0.2496000E+01 -3.23514e-08
0.2498000E+01 -3.53036e-08
0.2500000E+01 -1.92383e-08
0.2502000E+01 -4.52869e-08
0.2504000E+01 -3.27136e-08
0.2506000E+01 -3.2516e-08
0.2508000E+01 -3.34756e-08
0.2510000E+01 -3.41568e-08
0.2512000E+01 -3.10784e-08
0.2514000E+01 -9.7724e-09
0.2516000E+01 -3.96133e-08
0.2518000E+01 -3.86967e-08
0.2520000E+01 -3.42824e-08
0.2522000E+01 -3.17788e-08
0.2524000E+01 -3.20196e-08
0.2526000E+01 -3.36436e-08
0.2528000E+01 -2.2764e-08
0.2530000E+01 -1.94686e-08
0.2532000E+01 -2.66055e-08
0.2534000E+01 -4.97905e-08
0.2536000E+01 -3.635e-08
0.2538000E+01 -2.97584e-08
0.2540000E+01 -3.00194e-08
0.2542000E+01 -3.07226e-08
0.2544000E+01 -2.99298e-08
0.2546000E+01 -1.13615e-08
0.2548000E+01 -1.84241e-08
0.2550000E+01 -2.19563e-08
0.2552000E+01 -2.04805e-08
0.2554000E+01 -3.58241e-08
0.2556000E+01 -2.84981e-08
0.2558000E+01 -2.78471e-08
0.2560000E+01 -2.59027e-08
0.2562000E+01 -2.81161e-08
0.2564000E+01 -1.95017e-08
0.2566000E+01 -2.05144e-08
0.2568000E+01 -2.52577e-08
0.2570000E+01 -2.64136e-08
0.2572000E+01 -2.42818e-08
0.2574000E+01 -2.37262e-08
0.2576000E+01 -2.16676e-08
0.2578000E+01 -2.28831e-08
0.2580000E+01 -2.59709e-08
0.2582000E+01 -2.85639e-08
0.2584000E+01 -1.17249e-08
0.2586000E+01 -1.2316e-08
0.2588000E+01 -1.51562e-08
0.2590000E+01 -1.77623e-08
0.2592000E+01 -2.952e-08
0.2594000E+01 -3.88365e-08
0.2596000E+01 -2.8967e-08
0.2598000E+01 -2.71263e-08
0.2600000E+01 -2.67317e-08
0.2602000E+01 -2.63075e-08
0.2604000E+01 -2.36388e-08
0.2606000E+01 -1.8825e-08
0.2608000E+01 -2.2376e-08
0.2610000E+01 -2.2101e-08
0.2612000E+01 -2.27095e-08
0.2614000E+01 -2.26467e-08
0.2616000E+01 -1.89456e-08
0.2618000E+01 -2.37253e-08
0.2620000E+01 -3.0248e-08
0.2622000E+01 -3.30229e-08
0.2624000E+01 -3.30757e-08
0.2626000E+01 -2.34711e-08
0.2628000E+01 -1.74187e-08
0.2630000E+01 -1.63777e-08
0.2632000E+01 -2.46567e-08
0.2634000E+01 -3.26149e-08
0.2636000E+01 -2.64813e-08
0.2638000E+01 -2.18882e-08
0.2640000E+01 -2.28131e-08
0.2642000E+01 -2.22178e-08
0.2644000E+01 -2.10764e-08
0.2646000E+01 -1.95428e-08
0.2648000E+01 -2.68784e-08
0.2650000E+01 -3.26425e-08
0.2652000E+01 -2.74216e-08
0.2654000E+01 -2.23837e-08
0.2656000E+01 -2.0256e-08
0.2658000E+01 -2.42242e-08
0.2660000E+01 -2.27208e-08
0.2662000E+01 -2.1298e-08
0.2664000E+01 -2.65711e-08
0.2666000E+01 -2.65054e-08
0.2668000E+01 -2.05035e-08
0.2670000E+01 -1.86145e-08
0.2672000E+01 -1.85961e-08
0.2674000E+01 -1.89044e-08
0.2676000E+01 -2.02363e-08
0.2678000E+01 -1.8479e-08
0.2680000E+01 -2.51352e-08
0.2682000E+01 -2.78044e-08
0.2684000E+01 -2.78079e-08
0.2686000E+01 -2.38997e-08
0.2688000E+01 -2.23351e-08
0.2690000E+01 -2.13259e-08
0.2692000E+01 -2.00233e-08
0.2694000E+01 -1.73469e-08
0.2696000E+01 -1.68384e-08
0.2698000E+01 -1.73019e-08
0.2700000E+01 -2.62495e-08
0.2702000E+01 -2.66279e-08
0.2704000E+01 -2.15493e-08
0.2706000E+01 -1.46205e-08
0.2708000E+01 -1.46893e-08
0.2710000E+01 -1.49318e-08
0.2712000E+01 -1.38635e-08
0.2714000E+01 -1.60898e-08
0.2716000E+01 -1.63935e-08
0.2718000E+01 -1.58544e-08
0.2720000E+01 -2.28126e-08
0.2722000E+01 -1.67331e-08
0.2724000E+01 -1.84983e-08
0.2726000E+01 -1.52069e-08
0.2728000E+01 -1.4477e-08
0.2730000E+01 -1.10523e-08
0.2732000E+01 -1.48732e-08
0.2734000E+01 -8.60372e-09
0.2736000E+01 -1.57922e-08
0.2738000E+01 -2.00733e-08
0.2740000E+01 -1.32487e-08
0.2742000E+01 -5.54523e-09
0.2744000E+01 -5.99358e-09
0.2746000E+01 -9.89671e-09
0.2748000E+01 -1.32377e-08
0.2750000E+01 -8.79518e-09
0.2752000E+01 -1.11806e-08
0.2754000E+01 -2.36721e-08
0.2756000E+01 -1.23995e-08
0.2758000E+01 -9.69553e-09
0.2760000E+01 -7.75037e-09
0.2762000E+01 -6.87467e-09
0.2764000E+01 -5.28262e-09
0.2766000E+01 -4.20506e-09
0.2768000E+01 -1.31034e-08
0.2770000E+01 -1.15496e-08
0.2772000E+01 -8.57346e-09
0.2774000E+01 -6.6267e-09
0.2776000E+01 -3.73438e-09
0.2778000E+01 -2.20972e-09
0.2780000E+01 -1.98908e-09
0.2782000E+01 -1.46511e-08
0.2784000E+01 -9.45172e-09
0.2786000E+01 -3.97926e-09
0.2788000E+01 -4.29404e-10
0.2790000E+01 2.19713e-09
0.2792000E+01 1.35765e-09
0.2794000E+01 -7.19723e-09
0.2796000E+01 -1.49061e-08
0.2798000E+01 -4.21802e-09
0.2800000E+01 -1.37268e-09
0.2802000E+01 6.44893e-10
0.2804000E+01 4.02226e-09
0.2806000E+01 -1.08851e-08
0.2808000E+01 -1.07965e-08
0.2810000E+01 9.35087e-10
0.2812000E+01 3.96112e-09
0.2814000E+01 4.32559e-09
0.2816000E+01 -8.40484e-09
0.2818000E+01 -2.54124e-09
0.2820000E+01 1.78884e-09
0.2822000E+01 4.04167e-09
0.2824000E+01 -2.39409e-10
0.2826000E+01 -1.73137e-08
0.2828000E+01 -1.36568e-10
0.2830000E+01 3.21554e-09
0.2832000E+01 -1.3832e-08
0.2834000E+01 -2.37884e-08
0.2836000E+01 -5.02363e-09
0.2838000E+01 -2.94329e-08
0.2840000E+01 -3.83527e-08
0.2842000E+01 -6.14546e-08
0.2844000E+01 -9.9708e-08
0.2846000E+01 -4.79503e-08
0.2848000E+01 3.49724e-07
0.2850000E+01 1.40293e-07
0.2852000E+01 8.98587e-08
0.2854000E+01 6.32142e-08
0.2856000E+01 7.4053e-08
0.2858000E+01 5.17897e-08
0.2860000E+01 4.44426e-08
0.2862000E+01 4.25016e-08
0.2864000E+01 4.72898e-08
0.2866000E+01 3.5137e-08
0.2868000E+01 3.50207e-08
0.2870000E+01 3.13452e-08
0.2872000E+01 3.32504e-08
0.2874000E+01 3.53572e-08
0.2876000E+01 3.36277e-08
0.2878000E+01 3.10116e-08
0.2880000E+01 3.06975e-08
0.2882000E+01 3.01078e-08
0.2884000E+01 3.19606e-08
0.2886000E+01 2.5091e-08
0.2888000E+01 2.51571e-08
0.2890000E+01 2.51466e-08
0.2892000E+01 2.51335e-08
0.2894000E+01 2.69239e-08
0.2896000E+01 2.89527e-08
0.2898000E+01 2.30659e-08
0.2900000E+01 2.07355e-08
0.2902000E+01 2.2487e-08
0.2904000E+01 2.2345e-08
0.2906000E+01 2.0251e-08
0.2908000E+01 2.52058e-08
0.2910000E+01 2.78164e-08
0.2912000E+01 2.69855e-08
0.2914000E+01 2.44043e-08
0.2916000E+01 2.3476e-08
0.2918000E+01 2.29175e-08
0.2920000E+01 2.32593e-08
0.2922000E+01 2.53203e-08
0.2924000E+01 2.31792e-08
0.2926000E+01 2.05677e-08
0.2928000E+01 2.0877e-08
0.2930000E+01 2.18002e-08
0.2932000E+01 2.352e-08
0.2934000E+01 2.46646e-08
0.2936000E+01 2.31298e-08
0.2938000E+01 2.26459e-08
0.2940000E+01 9.50671e-08
0.2942000E+01 9.79979e-08
0.2944000E+01 1.55718e-08
0.2946000E+01 1.30732e-08
0.2948000E+01 1.36205e-08
0.2950000E+01 1.48182e-08
0.2952000E+01 1.57416e-08
0.2954000E+01 3.74579e-09
0.2956000E+01 1.50099e-08
0.2958000E+01 3.06003e-08
0.2960000E+01 1.81015e-08
0.2962000E+01 1.21542e-08
0.2964000E+01 9.98448e-09
0.2966000E+01 9.02767e-09
0.2968000E+01 1.10515e-08
0.2970000E+01 8.82626e-09
0.2972000E+01 1.6881e-08
0.2974000E+01 3.11221e-08
0.2976000E+01 2.20128e-08
0.2978000E+01 1.83328e-08
0.2980000E+01 2.26691e-08
0.2982000E+01 2.00371e-08
0.2984000E+01 9.74704e-09
0.2986000E+01 1.38427e-08
0.2988000E+01 2.2985e-08
0.2990000E+01 1.33754e-09
0.2992000E+01 -9.54133e-09
0.2994000E+01 1.75708e-09
0.2996000E+01 9.66769e-09
0.2998000E+01 3.0554e-08
0.3000000E+01 2.26071e-08
0.3002000E+01 1.98573e-08
0.3004000E+01 1.64525e-08
0.3006000E+01 1.67248e-08
0.3008000E+01 2.04157e-08
0.3010000E+01 1.89023e-08
0.3012000E+01 1.34641e-08
0.3014000E+01 8.66461e-09
0.3016000E+01 9.15136e-09
0.3018000E+01 1.04204e-08
0.3020000E+01 8.00187e-09
0.3022000E+01 7.78207e-09
0.3024000E+01 8.08674e-09
0.3026000E+01 9.05889e-09
0.3028000E+01 8.57079e-09
0.3030000E+01 2.22608e-08
0.3032000E+01 3.67354e-08
0.3034000E+01 2.7916e-08
0.3036000E+01 2.26847e-08
0.3038000E+01 1.99288e-08
0.3040000E+01 1.84803e-08
0.3042000E+01 1.87444e-08
0.3044000E+01 1.8194e-08
0.3046000E+01 2.2736e-08
0.3048000E+01 1.76987e-08
0.3050000E+01 1.54646e-08
0.3052000E+01 1.62964e-08
0.3054000E+01 1.58209e-08
0.3056000E+01 1.46888e-08
0.3058000E+01 1.33703e-08
0.3060000E+01 1.3721e-08
0.3062000E+01 1.29145e-08
0.3064000E+01 1.49125e-08
0.3066000E+01 1.44282e-08
0.3068000E+01 1.32429e-08
0.3070000E+01 1.33188e-08
0.3072000E+01 1.36058e-08
0.3074000E+01 1.49982e-08
0.3076000E+01 2.79903e-08
0.3078000E+01 3.75634e-08
0.3080000E+01 3.10583e-08
0.3082000E+01 3.01814e-08
0.3084000E+01 2.56214e-08
0.3086000E+01 2.28335e-08
0.3088000E+01 2.24946e-08
0.3090000E+01 2.17378e-08
0.3092000E+01 2.07573e-08
0.3094000E+01 2.10248e-08
0.3096000E+01 1.7088e-08
0.3098000E+01 2.26815e-08
0.3100000E+01 2.62737e-08
0.3102000E+01 2.33213e-08
0.3104000E+01 2.01322e-08
0.3106000E+01 1.9488e-08
0.3108000E+01 2.22154e-08
0.3110000E+01 2.21165e-08
0.3112000E+01 1.88977e-08
0.3114000E+01 1.99467e-08
0.3116000E+01 2.22305e-08
0.3118000E+01 2.18217e-08
0.3120000E+01 2.17187e-08
0.3122000E+01 2.06868e-08
0.3124000E+01 1.62265e-08
0.3126000E+01 1.57773e-08
0.3128000E+01 1.38619e-08
0.3130000E+01 1.53029e-08
0.3132000E+01 2.22649e-08
0.3134000E+01 2.02048e-08
0.3136000E+01 2.85343e-08
0.3138000E+01 4.40786e-08
0.3140000E+01 2.88602e-08
0.3142000E+01 2.48483e-08
0.3144000E+01 2.43398e-08
0.3146000E+01 3.01801e-08
0.3148000E+01 3.37218e-08
0.3150000E+01 2.60533e-08
0.3152000E+01 2.57617e-08
0.3154000E+01 2.7172e-08
0.3156000E+01 2.59581e-08
0.3158000E+01 1.76544e-08
0.3160000E+01 2.69136e-08
0.3162000E+01 2.42329e-08
0.3164000E+01 2.11436e-08
0.3166000E+01 3.07898e-08
0.3168000E+01 2.46751e-08
0.3170000E+01 -8.50668e-08
0.3172000E+01 -5.38527e-08
0.3174000E+01 -9.80783e-09
0.3176000E+01 1.30107e-08
0.3178000E+01 2.42294e-08
0.3180000E+01 1.30607e-08
0.3182000E+01 4.33732e-08
0.3184000E+01 3.41782e-08
0.3186000E+01 4.00358e-08
0.3188000E+01 3.64245e-08
0.3190000E+01 4.7301e-08
0.3192000E+01 4.5483e-08
0.3194000E+01 4.00137e-08
0.3196000E+01 4.44049e-08
0.3198000E+01 4.63176e-08
0.3200000E+01 4.45831e-08
0.3202000E+01 5.31984e-08
0.3204000E+01 4.88587e-08
0.3206000E+01 4.81751e-08
0.3208000E+01 4.44959e-08
0.3210000E+01 4.49955e-08
0.3212000E+01 5.31783e-08
0.3214000E+01 6.66863e-08
0.3216000E+01 5.0411e-08
0.3218000E+01 3.90414e-08
0.3220000E+01 2.75567e-08
0.3222000E+01 3.46425e-08
0.3224000E+01 4.75753e-08
0.3226000E+01 4.64694e-08
0.3228000E+01 3.95469e-08
0.3230000E+01 3.12499e-08
0.3232000E+01 3.38603e-08
0.3234000E+01 4.62464e-08
0.3236000E+01 5.57627e-08
0.3238000E+01 4.51358e-08
0.3240000E+01 3.93645e-08
0.3242000E+01 4.06522e-08
0.3244000E+01 6.85957e-08
0.3246000E+01 4.06582e-08
0.3248000E+01 4.24034e-08
0.3250000E+01 5.2406e-08
0.3252000E+01 6.86649e-08
0.3254000E+01 6.21382e-08
0.3256000E+01 5.71953e-08
0.3258000E+01 -1.39426e-10
0.3260000E+01 2.73384e-08
0.3262000E+01 1.33848e-08
0.3264000E+01 9.79674e-09
0.3266000E+01 6.70117e-08
0.3268000E+01 2.98556e-08
0.3270000E+01 3.8349e-08
0.3272000E+01 7.78696e-08
0.3274000E+01 8.15025e-08
0.3276000E+01 1.37737e-07
0.3278000E+01 -1.31739e-08
0.3280000E+01 -3.37874e-08
0.3282000E+01 5.16605e-08
0.3284000E+01 7.91615e-08
0.3286000E+01 1.85067e-07
0.3288000E+01 -2.07828e-08
0.3290000E+01 1.16561e-07
0.3292000E+01 5.9094e-08
0.3294000E+01 -9.46901e-09
0.3296000E+01 -5.04662e-08
0.3298000E+01 -7.27864e-08
0.3300000E+01 -1.7629e-08
0.3302000E+01 -3.82717e-08
0.3304000E+01 -6.09502e-08
0.3306000E+01 -3.39328e-08
0.3308000E+01 -3.50565e-09
0.3310000E+01 1.1159e-08
0.3312000E+01 -2.87712e-09
0.3314000E+01 1.04693e-09
0.3316000E+01 -3.22508e-09
0.3318000E+01 -8.0627e-09
0.3320000E+01 -5.46043e-09
0.3322000E+01 3.84155e-09
0.3324000E+01 1.93983e-09
0.3326000E+01 3.87828e-09
0.3328000E+01 1.84539e-09
0.3330000E+01 6.95791e-09
0.3332000E+01 6.30465e-09
0.3334000E+01 5.15074e-09
0.3336000E+01 5.24654e-09
0.3338000E+01 5.36542e-09
0.3340000E+01 3.54732e-09
0.3342000E+01 2.24215e-09
0.3344000E+01 4.26319e-09
0.3346000E+01 8.3185e-09
0.3348000E+01 1.01848e-08
0.3350000E+01 1.1108e-08
0.3352000E+01 1.08695e-08
0.3354000E+01 7.89659e-09
0.3356000E+01 4.02119e-09
0.3358000E+01 4.26799e-09
0.3360000E+01 8.56586e-09
0.3362000E+01 9.26526e-09
0.3364000E+01 5.67771e-09
0.3366000E+01 7.35662e-09
0.3368000E+01 8.81936e-09
0.3370000E+01 9.24584e-09
0.3372000E+01 8.06615e-09
0.3374000E+01 8.91851e-09
0.3376000E+01 9.15296e-09
0.3378000E+01 9.25828e-09
0.3380000E+01 1.16003e-08
0.3382000E+01 1.42801e-08
0.3384000E+01 8.88037e-09
0.3386000E+01 9.97913e-09
0.3388000E+01 1.39622e-08
0.3390000E+01 1.01771e-08
0.3392000E+01 8.88047e-09
0.3394000E+01 1.00001e-08
0.3396000E+01 1.09618e-08
0.3398000E+01 1.03683e-08
0.3400000E+01 1.25245e-08
0.3402000E+01 1.0092e-08
0.3404000E+01 9.89024e-09
0.3406000E+01 1.00245e-08
0.3408000E+01 9.52284e-09
0.3410000E+01 9.88067e-09
0.3412000E+01 9.46659e-09
0.3414000E+01 9.75352e-09
0.3416000E+01 9.23486e-09
0.3418000E+01 8.64007e-09
0.3420000E+01 5.29025e-09
0.3422000E+01 6.73767e-09
0.3424000E+01 7.04862e-09
0.3426000E+01 1.00827e-08
0.3428000E+01 8.42247e-09
0.3430000E+01 3.13741e-08
0.3432000E+01 1.05367e-08
0.3434000E+01 1.04848e-08
0.3436000E+01 6.86521e-09
0.3438000E+01 5.2553e-09
0.3440000E+01 7.53012e-09
0.3442000E+01 4.78312e-09
0.3444000E+01 3.40552e-09
0.3446000E+01 6.18466e-09
0.3448000E+01 6.73983e-09
0.3450000E+01 6.16343e-09
0.3452000E+01 -2.12211e-11
0.3454000E+01 5.97765e-09
0.3456000E+01 2.47483e-08
0.3458000E+01 1.84866e-08
0.3460000E+01 1.79374e-08
0.3462000E+01 1.13455e-08
0.3464000E+01 8.47935e-09
0.3466000E+01 -2.05822e-11
0.3468000E+01 6.83553e-10
0.3470000E+01 2.35386e-09
0.3472000E+01 4.62447e-09
0.3474000E+01 3.71725e-09
0.3476000E+01 5.14832e-09
0.3478000E+01 2.10194e-09
0.3480000E+01 1.17281e-08
0.3482000E+01 1.28148e-08
0.3484000E+01 9.51325e-09
0.3486000E+01 1.26557e-08
0.3488000E+01 8.43831e-09
0.3490000E+01 3.70708e-09
0.3492000E+01 -5.57132e-10
0.3494000E+01 1.08524e-08
0.3496000E+01 3.34142e-09
0.3498000E+01 -2.70669e-11
0.3500000E+01 5.2719e-09
0.3502000E+01 2.0786e-09
0.3504000E+01 1.17686e-08
0.3506000E+01 1.08222e-08
0.3508000E+01 1.34846e-08
0.3510000E+01 -5.91008e-10
0.3512000E+01 -8.37108e-09
0.3514000E+01 1.01835e-08
0.3516000E+01 6.29819e-09
0.3518000E+01 7.5382e-10
0.3520000E+01 6.79434e-09
0.3522000E+01 1.206e-08
0.3524000E+01 4.3771e-08
0.3526000E+01 2.94683e-08
0.3528000E+01 2.59103e-08
0.3530000E+01 2.32908e-08
0.3532000E+01 2.40528e-08
0.3534000E+01 2.49015e-08
0.3536000E+01 2.18783e-08
0.3538000E+01 2.4948e-08
0.3540000E+01 3.02227e-08
0.3542000E+01 4.50051e-08
0.3544000E+01 5.22962e-08
0.3546000E+01 5.24135e-08
0.3548000E+01 3.75749e-08
0.3550000E+01 3.74077e-08
0.3552000E+01 3.51519e-08
0.3554000E+01 4.273e-08
0.3556000E+01 3.09168e-08
0.3558000E+01 3.39972e-08
0.3560000E+01 1.0091e-07
0.3562000E+01 6.03223e-08
0.3564000E+01 5.76138e-08
0.3566000E+01 5.07042e-08
0.3568000E+01 4.35555e-08
0.3570000E+01 4.42079e-08
0.3572000E+01 4.70741e-08
0.3574000E+01 1.41076e-07
0.3576000E+01 8.79338e-08
0.3578000E+01 7.31207e-08
0.3580000E+01 8.29289e-08
0.3582000E+01 7.42849e-08
0.3584000E+01 8.33409e-08
0.3586000E+01 1.99856e-07
0.3588000E+01 1.39911e-07
0.3590000E+01 1.9274e-07
0.3592000E+01 1.64995e-07
0.3594000E+01 4.60717e-07
0.3596000E+01 3.64417e-07
0.3598000E+01 1.41247e-06
0.3600000E+01 -1.89077e-06
0.3602000E+01 -5.23504e-07
0.3604000E+01 -3.50215e-07
0.3606000E+01 -2.26113e-07
0.3608000E+01 -1.77072e-07
0.3610000E+01 -1.31984e-07
0.3612000E+01 -1.34102e-07
0.3614000E+01 -1.23737e-07
0.3616000E+01 -7.46235e-08
0.3618000E+01 -7.64611e-08
0.3620000E+01 -9.15561e-08
0.3622000E+01 -9.22972e-08
0.3624000E+01 -5.49988e-08
0.3626000E+01 -6.50757e-08
0.3628000E+01 -7.52363e-08
0.3630000E+01 -1.0124e-07
0.3632000E+01 -4.59296e-08
0.3634000E+01 -4.2213e-08
0.3636000E+01 -5.1486e-08
0.3638000E+01 -6.96805e-08
0.3640000E+01 -4.1645e-08
0.3642000E+01 -3.95184e-08
0.3644000E+01 -2.61134e-08
0.3646000E+01 -3.7666e-08
0.3648000E+01 -5.6419e-08
0.3650000E+01 -3.76989e-08
0.3652000E+01 -3.43632e-08
0.3654000E+01 -3.99515e-08
0.3656000E+01 -4.59873e-08
0.3658000E+01 -4.67188e-08
0.3660000E+01 -2.81802e-08
0.3662000E+01 -2.45288e-08
0.3664000E+01 -2.99217e-08
0.3666000E+01 -3.25886e-08
0.3668000E+01 -3.2308e-08
0.3670000E+01 -1.35971e-08
0.3672000E+01 -2.54259e-08
0.3674000E+01 -2.45992e-08
0.3676000E+01 -2.47528e-08
0.3678000E+01 -2.59739e-08
0.3680000E+01 -3.04099e-08
0.3682000E+01 -2.31046e-08
0.3684000E+01 -2.1767e-08
0.3686000E+01 -2.25115e-08
0.3688000E+01 -2.88641e-08
0.3690000E+01 -2.61824e-08
0.3692000E+01 -3.2348e-08
0.3694000E+01 -1.9171e-08
0.3696000E+01 -1.90361e-08
0.3698000E+01 -1.75641e-08
0.3700000E+01 -1.5196e-08
0.3702000E+01 -1.59264e-08
0.3704000E+01 -2.33854e-08
0.3706000E+01 -1.29142e-08
0.3708000E+01 -1.47048e-08
0.3710000E+01 -1.54126e-08
0.3712000E+01 -1.78982e-08
0.3714000E+01 -1.88748e-08
0.3716000E+01 -2.06492e-08
0.3718000E+01 -1.65372e-08
0.3720000E+01 -1.70404e-08
0.3722000E+01 -1.49339e-08
0.3724000E+01 -1.40911e-08
0.3726000E+01 -1.41929e-08
0.3728000E+01 -1.48259e-08
0.3730000E+01 -1.36545e-08
0.3732000E+01 -1.20319e-08
0.3734000E+01 -1.27949e-08
0.3736000E+01 -1.50953e-08
0.3738000E+01 -1.21219e-08
0.3740000E+01 -1.30264e-08
0.3742000E+01 -1.64425e-08
0.3744000E+01 -1.2727e-08
0.3746000E+01 -1.22444e-08
0.3748000E+01 -1.24454e-08
0.3750000E+01 -1.21241e-08
0.3752000E+01 -1.16629e-08
0.3754000E+01 -1.32917e-08
0.3756000E+01 -1.03167e-08
0.3758000E+01 -1.14675e-08
0.3760000E+01 -1.14758e-08
0.3762000E+01 -1.11468e-08
0.3764000E+01 -1.04455e-08
0.3766000E+01 -1.02945e-08
0.3768000E+01 -5.31261e-09
0.3770000E+01 -5.72465e-09
0.3772000E+01 -4.56294e-09
0.3774000E+01 -7.14035e-09
0.3776000E+01 -8.39543e-09
0.3778000E+01 -8.60036e-09
0.3780000E+01 -9.69233e-09
0.3782000E+01 -7.87358e-09
0.3784000E+01 -1.37314e-08
0.3786000E+01 -9.04362e-09
0.3788000E+01 -9.35489e-09
0.3790000E+01 -1.07936e-08
0.3792000E+01 -1.11564e-08
0.3794000E+01 -9.0611e-09
0.3796000E+01 -6.63175e-09
0.3798000E+01 -7.83512e-09
0.3800000E+01 -7.28233e-09
0.3802000E+01 -8.35545e-09
0.3804000E+01 -6.89759e-09
0.3806000E+01 -5.94142e-09
0.3808000E+01 -5.54806e-09
0.3810000E+01 -7.04183e-09
0.3812000E+01 -6.52911e-09
0.3814000E+01 -4.79204e-09
0.3816000E+01 -6.37651e-09
0.3818000E+01 -5.81914e-09
0.3820000E+01 -1.06013e-09
0.3822000E+01 -4.8882e-09
0.3824000E+01 -4.32037e-09
0.3826000E+01 -2.78881e-09
0.3828000E+01 -5.85846e-09
0.3830000E+01 -5.51564e-09
0.3832000E+01 -2.4492e-09
0.3834000E+01 -1.02547e-08
0.3836000E+01 -4.36444e-09
0.3838000E+01 -7.5866e-09
0.3840000E+01 -5.2523e-09
0.3842000E+01 -6.83728e-09
0.3844000E+01 5.37296e-09
0.3846000E+01 -6.65614e-09
0.3848000E+01 -2.66299e-08
0.3850000E+01 3.04439e-09
0.3852000E+01 -1.28557e-09
0.3854000E+01 -2.18728e-09
0.3856000E+01 -1.62531e-09
0.3858000E+01 2.86052e-10
0.3860000E+01 -1.57123e-09
0.3862000E+01 -1.2016e-09
0.3864000E+01 1.10115e-09
0.3866000E+01 -2.55125e-09
0.3868000E+01 1.54727e-10
0.3870000E+01 1.5044e-09
0.3872000E+01 -5.6986e-10
0.3874000E+01 -1.57981e-09
0.3876000E+01 3.42015e-11
0.3878000E+01 -2.07699e-09
0.3880000E+01 -2.62424e-09
0.3882000E+01 7.07363e-11
0.3884000E+01 -4.7638e-09
0.3886000E+01 -4.20339e-09
0.3888000E+01 -2.78041e-09
0.3890000E+01 -3.03188e-09
0.3892000E+01 -3.9205e-09
0.3894000E+01 -4.53339e-09
0.3896000E+01 -5.12716e-09
0.3898000E+01 -2.50573e-10
0.3900000E+01 -3.8341e-09
0.3902000E+01 -4.31852e-09
0.3904000E+01 -5.0096e-09
0.3906000E+01 -6.54806e-09
0.3908000E+01 -6.91661e-09
0.3910000E+01 -7.32303e-09
0.3912000E+01 -6.85117e-09
0.3914000E+01 -3.76138e-09
0.3916000E+01 -8.60814e-09
0.3918000E+01 -9.67641e-09
0.3920000E+01 -6.31829e-09
0.3922000E+01 -6.67795e-09
0.3924000E+01 -8.36922e-09
0.3926000E+01 -8.47526e-09
0.3928000E+01 -1.52018e-09
0.3930000E+01 -4.45049e-09
0.3932000E+01 -5.25379e-09
0.3934000E+01 -6.55091e-09
0.3936000E+01 -5.73921e-09
0.3938000E+01 -6.17881e-09
0.3940000E+01 2.03568e-09
0.3942000E+01 -4.31022e-09
0.3944000E+01 -3.90013e-09
0.3946000E+01 -5.37848e-09
0.3948000E+01 -6.44552e-09
0.3950000E+01 -6.1079e-09
0.3952000E+01 -1.75816e-09
0.3954000E+01 -5.19328e-09
0.3956000E+01 -6.31629e-09
0.3958000E+01 -6.29649e-09
0.3960000E+01 -5.32305e-09
0.3962000E+01 -1.55967e-09
0.3964000E+01 -3.93176e-09
0.3966000E+01 -3.58285e-09
0.3968000E+01 -4.08884e-09
0.3970000E+01 -1.05493e-09
0.3972000E+01 -2.33929e-09
0.3974000E+01 -2.69735e-09
0.3976000E+01 -3.01452e-09
0.3978000E+01 -1.4106e-08
0.3980000E+01 -8.16852e-09
0.3982000E+01 -1.02802e-08
0.3984000E+01 -5.33147e-09
0.3986000E+01 5.41447e-09
0.3988000E+01 -2.68647e-09
0.3990000E+01 -2.48622e-09
0.3992000E+01 -9.57863e-09
0.3994000E+01 -6.56886e-09
0.3996000E+01 -5.94949e-09
0.3998000E+01 -1.82594e-09
0.4000000E+01 -3.52333e-09
