   0.00000    0.000000E+00
   0.00200    0.000000E+00
   0.00400    0.000000E+00
   0.00600    0.000000E+00
   0.00800    0.000000E+00
   0.01000    0.000000E+00
   0.01200    0.000000E+00
   0.01400    0.000000E+00
   0.01600    0.000000E+00
   0.01800    0.000000E+00
   0.02000    0.000000E+00
   0.02200    0.000000E+00
   0.02400    0.000000E+00
   0.02600    0.401305E-10
   0.02800    0.118722E-09
   0.03000    0.255150E-09
   0.03200    0.510690E-09
   0.03400    0.993107E-09
   0.03600    0.188237E-08
   0.03800    0.348067E-08
   0.04000    0.628098E-08
   0.04200    0.110622E-07
   0.04400    0.190150E-07
   0.04600    0.318989E-07
   0.04800    0.522239E-07
   0.05000    0.834394E-07
   0.05200    0.130104E-06
   0.05400    0.197982E-06
   0.05600    0.294019E-06
   0.05800    0.426130E-06
   0.06000    0.602732E-06
   0.06200    0.831990E-06
   0.06400    0.112078E-05
   0.06600    0.147343E-05
   0.06800    0.189034E-05
   0.07000    0.236671E-05
   0.07200    0.289162E-05
   0.07400    0.344758E-05
   0.07600    0.401103E-05
   0.07800    0.455355E-05
   0.08000    0.504407E-05
   0.08200    0.545166E-05
   0.08400    0.574869E-05
   0.08600    0.591391E-05
   0.08800    0.593489E-05
   0.09000    0.580956E-05
   0.09200    0.554649E-05
   0.09400    0.516388E-05
   0.09600    0.468742E-05
   0.09800    0.414734E-05
   0.10000    0.357518E-05
   0.10200    0.300059E-05
   0.10400    0.244882E-05
   0.10600    0.193901E-05
   0.10800    0.148347E-05
   0.11000    0.108795E-05
   0.11200    0.752612E-06
   0.11400    0.473515E-06
   0.11600    0.244269E-06
   0.11800    0.575809E-07
   0.12000   -0.935275E-07
   0.12200   -0.214922E-06
   0.12400   -0.311024E-06
   0.12600   -0.384864E-06
   0.12800   -0.438432E-06
   0.13000   -0.473148E-06
   0.13200   -0.490346E-06
   0.13400   -0.491654E-06
   0.13600   -0.479196E-06
   0.13800   -0.455615E-06
   0.14000   -0.423934E-06
   0.14200   -0.387302E-06
   0.14400   -0.348721E-06
   0.14600   -0.310782E-06
   0.14800   -0.275511E-06
   0.15000   -0.244228E-06
   0.15200   -0.217662E-06
   0.15400   -0.196050E-06
   0.15600   -0.179290E-06
   0.15800   -0.167110E-06
   0.16000   -0.159218E-06
   0.16200   -0.155383E-06
   0.16400   -0.155449E-06
   0.16600   -0.159279E-06
   0.16800   -0.166663E-06
   0.17000   -0.177210E-06
   0.17200   -0.190266E-06
   0.17400   -0.204881E-06
   0.17600   -0.219840E-06
   0.17800   -0.233761E-06
   0.18000   -0.245252E-06
   0.18200   -0.253086E-06
   0.18400   -0.256362E-06
   0.18600   -0.254646E-06
   0.18800   -0.248020E-06
   0.19000   -0.237063E-06
   0.19200   -0.222757E-06
   0.19400   -0.206336E-06
   0.19600   -0.189103E-06
   0.19800   -0.172252E-06
   0.20000   -0.156729E-06
   0.20200   -0.143140E-06
   0.20400   -0.131743E-06
   0.20600   -0.122490E-06
   0.20800   -0.115131E-06
   0.21000   -0.109340E-06
   0.21200   -0.104837E-06
   0.21400   -0.101482E-06
   0.21600   -0.993265E-07
   0.21800   -0.985982E-07
   0.22000   -0.996398E-07
   0.22200   -0.102805E-06
   0.22400   -0.108340E-06
   0.22600   -0.116270E-06
   0.22800   -0.126325E-06
   0.23000   -0.137916E-06
   0.23200   -0.150170E-06
   0.23400   -0.162015E-06
   0.23600   -0.172316E-06
   0.23800   -0.180012E-06
   0.24000   -0.184268E-06
   0.24200   -0.184567E-06
   0.24400   -0.180783E-06
   0.24600   -0.173177E-06
   0.24800   -0.162353E-06
   0.25000   -0.149166E-06
   0.25200   -0.134603E-06
   0.25400   -0.119670E-06
   0.25600   -0.105282E-06
   0.25800   -0.921927E-07
   0.26000   -0.809536E-07
   0.26200   -0.719144E-07
   0.26400   -0.652491E-07
   0.26600   -0.609997E-07
   0.26800   -0.591232E-07
   0.27000   -0.595298E-07
   0.27200   -0.621026E-07
   0.27400   -0.666945E-07
   0.27600   -0.731122E-07
   0.27800   -0.810873E-07
   0.28000   -0.902460E-07
   0.28200   -0.100093E-06
   0.28400   -0.110016E-06
   0.28600   -0.119309E-06
   0.28800   -0.127227E-06
   0.29000   -0.133055E-06
   0.29200   -0.136184E-06
   0.29400   -0.136188E-06
   0.29600   -0.132886E-06
   0.29800   -0.126373E-06
   0.30000   -0.117027E-06
   0.30200   -0.105482E-06
   0.30400   -0.925727E-07
   0.30600   -0.792496E-07
   0.30800   -0.664929E-07
   0.31000   -0.552180E-07
   0.31200   -0.461929E-07
   0.31400   -0.399745E-07
   0.31600   -0.368687E-07
   0.31800   -0.369163E-07
   0.32000   -0.399085E-07
   0.32200   -0.454205E-07
   0.32400   -0.528594E-07
   0.32600   -0.615297E-07
   0.32800   -0.706856E-07
   0.33000   -0.795903E-07
   0.33200   -0.875621E-07
   0.33400   -0.940110E-07
   0.33600   -0.984656E-07
   0.33800   -0.100592E-06
   0.34000   -0.100206E-06
   0.34200   -0.972823E-07
   0.34400   -0.919591E-07
   0.34600   -0.845379E-07
   0.34800   -0.754750E-07
   0.35000   -0.653590E-07
   0.35200   -0.548760E-07
   0.35400   -0.447587E-07
   0.35600   -0.357200E-07
   0.35800   -0.283821E-07
   0.36000   -0.232073E-07
   0.36200   -0.204405E-07
   0.36400   -0.200764E-07
   0.36600   -0.218556E-07
   0.36800   -0.252967E-07
   0.37000   -0.297551E-07
   0.37200   -0.345064E-07
   0.37400   -0.388358E-07
   0.37600   -0.421239E-07
   0.37800   -0.439128E-07
   0.38000   -0.439469E-07
   0.38200   -0.421830E-07
   0.38400   -0.387739E-07
   0.38600   -0.340325E-07
   0.38800   -0.283854E-07
   0.39000   -0.223267E-07
   0.39200   -0.163722E-07
   0.39400   -0.110249E-07
   0.39600   -0.674533E-08
   0.39800   -0.392101E-08
   0.40000   -0.283998E-08
   0.40200   -0.366416E-08
   0.40400   -0.640191E-08
   0.40600   -0.108898E-07
   0.40800   -0.167900E-07
   0.41000   -0.236071E-07
   0.41200   -0.307293E-07
   0.41400   -0.374920E-07
   0.41600   -0.432543E-07
   0.41800   -0.474814E-07
   0.42000   -0.498148E-07
   0.42200   -0.501227E-07
   0.42400   -0.485183E-07
   0.42600   -0.453443E-07
   0.42800   -0.411311E-07
   0.43000   -0.365219E-07
   0.43200   -0.321928E-07
   0.43400   -0.287677E-07
   0.43600   -0.267442E-07
   0.43800   -0.264369E-07
   0.44000   -0.279467E-07
   0.44200   -0.311513E-07
   0.44400   -0.357258E-07
   0.44600   -0.411849E-07
   0.44800   -0.469371E-07
   0.45000   -0.523624E-07
   0.45200   -0.568781E-07
   0.45400   -0.600110E-07
   0.45600   -0.614502E-07
   0.45800   -0.610811E-07
   0.46000   -0.589933E-07
   0.46200   -0.554601E-07
   0.46400   -0.508945E-07
   0.46600   -0.457870E-07
   0.46800   -0.406343E-07
   0.47000   -0.358731E-07
   0.47200   -0.318251E-07
   0.47400   -0.286672E-07
   0.47600   -0.264237E-07
   0.47800   -0.249883E-07
   0.48000   -0.241628E-07
   0.48200   -0.237093E-07
   0.48400   -0.234034E-07
   0.48600   -0.230795E-07
   0.48800   -0.226589E-07
   0.49000   -0.221573E-07
   0.49200   -0.216720E-07
   0.49400   -0.213524E-07
   0.49600   -0.213565E-07
   0.49800   -0.218111E-07
   0.50000   -0.227748E-07
   0.50200   -0.242179E-07
   0.50400   -0.260205E-07
   0.50600   -0.279901E-07
   0.50800   -0.298954E-07
   0.51000   -0.315094E-07
   0.51200   -0.326523E-07
   0.51400   -0.332251E-07
   0.51600   -0.332269E-07
   0.51800   -0.327552E-07
   0.52000   -0.319843E-07
   0.52200   -0.311319E-07
   0.52400   -0.304184E-07
   0.52600   -0.300289E-07
   0.52800   -0.300840E-07
   0.53000   -0.306260E-07
   0.53200   -0.316202E-07
   0.53400   -0.329695E-07
   0.53600   -0.345370E-07
   0.53800   -0.361723E-07
   0.54000   -0.377296E-07
   0.54200   -0.390863E-07
   0.54400   -0.401484E-07
   0.54600   -0.408528E-07
   0.54800   -0.411648E-07
   0.55000   -0.410737E-07
   0.55200   -0.405978E-07
   0.55400   -0.397831E-07
   0.55600   -0.387092E-07
   0.55800   -0.374906E-07
   0.56000   -0.362750E-07
   0.56200   -0.352413E-07
   0.56400   -0.345832E-07
   0.56600   -0.344938E-07
   0.56800   -0.351521E-07
   0.57000   -0.367020E-07
   0.57200   -0.392457E-07
   0.57400   -0.428439E-07
   0.57600   -0.475040E-07
   0.57800   -0.531974E-07
   0.58000   -0.598597E-07
   0.58200   -0.674018E-07
   0.58400   -0.757136E-07
   0.58600   -0.846700E-07
   0.58800   -0.941315E-07
   0.59000   -0.103947E-06
   0.59200   -0.113958E-06
   0.59400   -0.123993E-06
   0.59600   -0.133880E-06
   0.59800   -0.143436E-06
   0.60000   -0.152468E-06
   0.60200   -0.160765E-06
   0.60400   -0.168088E-06
   0.60600   -0.174158E-06
   0.60800   -0.178656E-06
   0.61000   -0.181223E-06
   0.61200   -0.181483E-06
   0.61400   -0.179075E-06
   0.61600   -0.173700E-06
   0.61800   -0.165182E-06
   0.62000   -0.153515E-06
   0.62200   -0.138906E-06
   0.62400   -0.121789E-06
   0.62600   -0.102813E-06
   0.62800   -0.827878E-07
   0.63000   -0.626074E-07
   0.63200   -0.431566E-07
   0.63400   -0.252129E-07
   0.63600   -0.936691E-08
   0.63800    0.403360E-08
   0.64000    0.149005E-07
   0.64200    0.233844E-07
   0.64400    0.298232E-07
   0.64600    0.346702E-07
   0.64800    0.384163E-07
   0.65000    0.415186E-07
   0.65200    0.443479E-07
   0.65400    0.471573E-07
   0.65600    0.500759E-07
   0.65800    0.531222E-07
   0.66000    0.562309E-07
   0.66200    0.592836E-07
   0.66400    0.621456E-07
   0.66600    0.646897E-07
   0.66800    0.668170E-07
   0.67000    0.684673E-07
   0.67200    0.696217E-07
   0.67400    0.702991E-07
   0.67600    0.705489E-07
   0.67800    0.704419E-07
   0.68000    0.700592E-07
   0.68200    0.694838E-07
   0.68400    0.687951E-07
   0.68600    0.680594E-07
   0.68800    0.673271E-07
   0.69000    0.666340E-07
   0.69200    0.659951E-07
   0.69400    0.654114E-07
   0.69600    0.648732E-07
   0.69800    0.643539E-07
   0.70000    0.638270E-07
   0.70200    0.632627E-07
   0.70400    0.626365E-07
   0.70600    0.619311E-07
   0.70800    0.611409E-07
   0.71000    0.602705E-07
   0.71200    0.593355E-07
   0.71400    0.583585E-07
   0.71600    0.573657E-07
   0.71800    0.563836E-07
   0.72000    0.554336E-07
   0.72200    0.545314E-07
   0.72400    0.536858E-07
   0.72600    0.528996E-07
   0.72800    0.521729E-07
   0.73000    0.515050E-07
   0.73200    0.508981E-07
   0.73400    0.503574E-07
   0.73600    0.498924E-07
   0.73800    0.495138E-07
   0.74000    0.492312E-07
   0.74200    0.490488E-07
   0.74400    0.489623E-07
   0.74600    0.489567E-07
   0.74800    0.490064E-07
   0.75000    0.490763E-07
   0.75200    0.491265E-07
   0.75400    0.491171E-07
   0.75600    0.490147E-07
   0.75800    0.487969E-07
   0.76000    0.484570E-07
   0.76200    0.480052E-07
   0.76400    0.474680E-07
   0.76600    0.468846E-07
   0.76800    0.463013E-07
   0.77000    0.457649E-07
   0.77200    0.453157E-07
   0.77400    0.449812E-07
   0.77600    0.447717E-07
   0.77800    0.446782E-07
   0.78000    0.446736E-07
   0.78200    0.447157E-07
   0.78400    0.447533E-07
   0.78600    0.447334E-07
   0.78800    0.446086E-07
   0.79000    0.443446E-07
   0.79200    0.439252E-07
   0.79400    0.433553E-07
   0.79600    0.426614E-07
   0.79800    0.418878E-07
   0.80000    0.410915E-07
   0.80200    0.403348E-07
   0.80400    0.396769E-07
   0.80600    0.391662E-07
   0.80800    0.388340E-07
   0.81000    0.386905E-07
   0.81200    0.387232E-07
   0.81400    0.388988E-07
   0.81600    0.391669E-07
   0.81800    0.394664E-07
   0.82000    0.397319E-07
   0.82200    0.399019E-07
   0.82400    0.399248E-07
   0.82600    0.397652E-07
   0.82800    0.394071E-07
   0.83000    0.388557E-07
   0.83200    0.381372E-07
   0.83400    0.372956E-07
   0.83600    0.363884E-07
   0.83800    0.354807E-07
   0.84000    0.346386E-07
   0.84200    0.339224E-07
   0.84400    0.333810E-07
   0.84600    0.330469E-07
   0.84800    0.329332E-07
   0.85000    0.330333E-07
   0.85200    0.333210E-07
   0.85400    0.337539E-07
   0.85600    0.342777E-07
   0.85800    0.348309E-07
   0.86000    0.353509E-07
   0.86200    0.357796E-07
   0.86400    0.360686E-07
   0.86600    0.361829E-07
   0.86800    0.361042E-07
   0.87000    0.358321E-07
   0.87200    0.353836E-07
   0.87400    0.347908E-07
   0.87600    0.340976E-07
   0.87800    0.333548E-07
   0.88000    0.326153E-07
   0.88200    0.319286E-07
   0.88400    0.313366E-07
   0.88600    0.308703E-07
   0.88800    0.305478E-07
   0.89000    0.303745E-07
   0.89200    0.303434E-07
   0.89400    0.304378E-07
   0.89600    0.306337E-07
   0.89800    0.309020E-07
   0.90000    0.312114E-07
   0.90200    0.315301E-07
   0.90400    0.318266E-07
   0.90600    0.320716E-07
   0.90800    0.322381E-07
   0.91000    0.323028E-07
   0.91200    0.322473E-07
   0.91400    0.320594E-07
   0.91600    0.317350E-07
   0.91800    0.312792E-07
   0.92000    0.307068E-07
   0.92200    0.300422E-07
   0.92400    0.293183E-07
   0.92600    0.285734E-07
   0.92800    0.278485E-07
   0.93000    0.271830E-07
   0.93200    0.266106E-07
   0.93400    0.261564E-07
   0.93600    0.258336E-07
   0.93800    0.256426E-07
   0.94000    0.255711E-07
   0.94200    0.255953E-07
   0.94400    0.256825E-07
   0.94600    0.257949E-07
   0.94800    0.258929E-07
   0.95000    0.259400E-07
   0.95200    0.259055E-07
   0.95400    0.257679E-07
   0.95600    0.255167E-07
   0.95800    0.251531E-07
   0.96000    0.246898E-07
   0.96200    0.241492E-07
   0.96400    0.235609E-07
   0.96600    0.229587E-07
   0.96800    0.223767E-07
   0.97000    0.218463E-07
   0.97200    0.213928E-07
   0.97400    0.210340E-07
   0.97600    0.207789E-07
   0.97800    0.206280E-07
   0.98000    0.205747E-07
   0.98200    0.206072E-07
   0.98400    0.207108E-07
   0.98600    0.208699E-07
   0.98800    0.210695E-07
   0.99000    0.212959E-07
   0.99200    0.215367E-07
   0.99400    0.217800E-07
   0.99600    0.220130E-07
   0.99800    0.222216E-07
   1.00000    0.223894E-07
   1.00200    0.224985E-07
   1.00400    0.225304E-07
   1.00600    0.224685E-07
   1.00800    0.223003E-07
   1.01000    0.220207E-07
   1.01200    0.216335E-07
   1.01400    0.211533E-07
   1.01600    0.206049E-07
   1.01800    0.200219E-07
   1.02000    0.194443E-07
   1.02200    0.189138E-07
   1.02400    0.184702E-07
   1.02600    0.181466E-07
   1.02800    0.179660E-07
   1.03000    0.179383E-07
   1.03200    0.180598E-07
   1.03400    0.183129E-07
   1.03600    0.186683E-07
   1.03800    0.190878E-07
   1.04000    0.195284E-07
   1.04200    0.199465E-07
   1.04400    0.203023E-07
   1.04600    0.205633E-07
   1.04800    0.207075E-07
   1.05000    0.207254E-07
   1.05200    0.206201E-07
   1.05400    0.204068E-07
   1.05600    0.201105E-07
   1.05800    0.197634E-07
   1.06000    0.194006E-07
   1.06200    0.190565E-07
   1.06400    0.187608E-07
   1.06600    0.185351E-07
   1.06800    0.183909E-07
   1.07000    0.183284E-07
   1.07200    0.183376E-07
   1.07400    0.183992E-07
   1.07600    0.184890E-07
   1.07800    0.185805E-07
   1.08000    0.186497E-07
   1.08200    0.186784E-07
   1.08400    0.186568E-07
   1.08600    0.185849E-07
   1.08800    0.184723E-07
   1.09000    0.183365E-07
   1.09200    0.181998E-07
   1.09400    0.180862E-07
   1.09600    0.180170E-07
   1.09800    0.180080E-07
   1.10000    0.180662E-07
   1.10200    0.181893E-07
   1.10400    0.183652E-07
   1.10600    0.185739E-07
   1.10800    0.187901E-07
   1.11000    0.189867E-07
   1.11200    0.191386E-07
   1.11400    0.192263E-07
   1.11600    0.192384E-07
   1.11800    0.191736E-07
   1.12000    0.190407E-07
   1.12200    0.188576E-07
   1.12400    0.186490E-07
   1.12600    0.184434E-07
   1.12800    0.182689E-07
   1.13000    0.181504E-07
   1.13200    0.181059E-07
   1.13400    0.181446E-07
   1.13600    0.182659E-07
   1.13800    0.184595E-07
   1.14000    0.187065E-07
   1.14200    0.189823E-07
   1.14400    0.192593E-07
   1.14600    0.195101E-07
   1.14800    0.197113E-07
   1.15000    0.198458E-07
   1.15200    0.199050E-07
   1.15400    0.198898E-07
   1.15600    0.198101E-07
   1.15800    0.196841E-07
   1.16000    0.195359E-07
   1.16200    0.193923E-07
   1.16400    0.192802E-07
   1.16600    0.192233E-07
   1.16800    0.192392E-07
   1.17000    0.193378E-07
   1.17200    0.195199E-07
   1.17400    0.197769E-07
   1.17600    0.200921E-07
   1.17800    0.204420E-07
   1.18000    0.207990E-07
   1.18200    0.211345E-07
   1.18400    0.214212E-07
   1.18600    0.216367E-07
   1.18800    0.217654E-07
   1.19000    0.218000E-07
   1.19200    0.217421E-07
   1.19400    0.216019E-07
   1.19600    0.213966E-07
   1.19800    0.211485E-07
   1.20000    0.208824E-07
   1.20200    0.206231E-07
   1.20400    0.203932E-07
   1.20600    0.202114E-07
   1.20800    0.200914E-07
   1.21000    0.200414E-07
   1.21200    0.200645E-07
   1.21400    0.201595E-07
   1.21600    0.203215E-07
   1.21800    0.205425E-07
   1.22000    0.208125E-07
   1.22200    0.211192E-07
   1.22400    0.214485E-07
   1.22600    0.217846E-07
   1.22800    0.221095E-07
   1.23000    0.224041E-07
   1.23200    0.226489E-07
   1.23400    0.228249E-07
   1.23600    0.229163E-07
   1.23800    0.229122E-07
   1.24000    0.228090E-07
   1.24200    0.226123E-07
   1.24400    0.223384E-07
   1.24600    0.220134E-07
   1.24800    0.216722E-07
   1.25000    0.213556E-07
   1.25200    0.211060E-07
   1.25400    0.209624E-07
   1.25600    0.209559E-07
   1.25800    0.211049E-07
   1.26000    0.214126E-07
   1.26200    0.218657E-07
   1.26400    0.224352E-07
   1.26600    0.230795E-07
   1.26800    0.237492E-07
   1.27000    0.243918E-07
   1.27200    0.249587E-07
   1.27400    0.254096E-07
   1.27600    0.257170E-07
   1.27800    0.258690E-07
   1.28000    0.258693E-07
   1.28200    0.257367E-07
   1.28400    0.255015E-07
   1.28600    0.252016E-07
   1.28800    0.248775E-07
   1.29000    0.245674E-07
   1.29200    0.243030E-07
   1.29400    0.241054E-07
   1.29600    0.239843E-07
   1.29800    0.239371E-07
   1.30000    0.239506E-07
   1.30200    0.240039E-07
   1.30400    0.240724E-07
   1.30600    0.241317E-07
   1.30800    0.241615E-07
   1.31000    0.241486E-07
   1.31200    0.240882E-07
   1.31400    0.239841E-07
   1.31600    0.238469E-07
   1.31800    0.236911E-07
   1.32000    0.235320E-07
   1.32200    0.233828E-07
   1.32400    0.232516E-07
   1.32600    0.231408E-07
   1.32800    0.230471E-07
   1.33000    0.229632E-07
   1.33200    0.228806E-07
   1.33400    0.227931E-07
   1.33600    0.226988E-07
   1.33800    0.226031E-07
   1.34000    0.225180E-07
   1.34200    0.224614E-07
   1.34400    0.224538E-07
   1.34600    0.225143E-07
   1.34800    0.226553E-07
   1.35000    0.228787E-07
   1.35200    0.231723E-07
   1.35400    0.235087E-07
   1.35600    0.238473E-07
   1.35800    0.241372E-07
   1.36000    0.243245E-07
   1.36200    0.243589E-07
   1.36400    0.242025E-07
   1.36600    0.238360E-07
   1.36800    0.232638E-07
   1.37000    0.225153E-07
   1.37200    0.216426E-07
   1.37400    0.207147E-07
   1.37600    0.198083E-07
   1.37800    0.189975E-07
   1.38000    0.183430E-07
   1.38200    0.178830E-07
   1.38400    0.176276E-07
   1.38600    0.175566E-07
   1.38800    0.176229E-07
   1.39000    0.177592E-07
   1.39200    0.178880E-07
   1.39400    0.179337E-07
   1.39600    0.178341E-07
   1.39800    0.175492E-07
   1.40000    0.170672E-07
   1.40200    0.164054E-07
   1.40400    0.156070E-07
   1.40600    0.147327E-07
   1.40800    0.138502E-07
   1.41000    0.130228E-07
   1.41200    0.122981E-07
   1.41400    0.117000E-07
   1.41600    0.112245E-07
   1.41800    0.108407E-07
   1.42000    0.104966E-07
   1.42200    0.101283E-07
   1.42400    0.967166E-08
   1.42600    0.907419E-08
   1.42800    0.830444E-08
   1.43000    0.735806E-08
   1.43200    0.625896E-08
   1.43400    0.505564E-08
   1.43600    0.381297E-08
   1.43800    0.260140E-08
   1.44000    0.148531E-08
   1.44200    0.512657E-09
   1.44400   -0.292466E-09
   1.44600   -0.932818E-09
   1.44800   -0.143645E-08
   1.45000   -0.185116E-08
   1.45200   -0.223609E-08
   1.45400   -0.265193E-08
   1.45600   -0.315209E-08
   1.45800   -0.377628E-08
   1.46000   -0.454724E-08
   1.46200   -0.547101E-08
   1.46400   -0.654024E-08
   1.46600   -0.773939E-08
   1.46800   -0.905012E-08
   1.47000   -0.104556E-07
   1.47200   -0.119425E-07
   1.47400   -0.135001E-07
   1.47600   -0.151173E-07
   1.47800   -0.167786E-07
   1.48000   -0.184591E-07
   1.48200   -0.201231E-07
   1.48400   -0.217245E-07
   1.48600   -0.232104E-07
   1.48800   -0.245291E-07
   1.49000   -0.256382E-07
   1.49200   -0.265136E-07
   1.49400   -0.271559E-07
   1.49600   -0.275930E-07
   1.49800   -0.278776E-07
   1.50000   -0.280809E-07
   1.50200   -0.282813E-07
   1.50400   -0.285532E-07
   1.50600   -0.289559E-07
   1.50800   -0.295246E-07
   1.51000   -0.302669E-07
   1.51200   -0.311636E-07
   1.51400   -0.321733E-07
   1.51600   -0.332406E-07
   1.51800   -0.343049E-07
   1.52000   -0.353088E-07
   1.52200   -0.362040E-07
   1.52400   -0.369553E-07
   1.52600   -0.375405E-07
   1.52800   -0.379496E-07
   1.53000   -0.381819E-07
   1.53200   -0.382427E-07
   1.53400   -0.381412E-07
   1.53600   -0.378886E-07
   1.53800   -0.374976E-07
   1.54000   -0.369827E-07
   1.54200   -0.363604E-07
   1.54400   -0.356490E-07
   1.54600   -0.348678E-07
   1.54800   -0.340353E-07
   1.55000   -0.331666E-07
   1.55200   -0.322702E-07
   1.55400   -0.313454E-07
   1.55600   -0.303805E-07
   1.55800   -0.293523E-07
   1.56000   -0.282279E-07
   1.56200   -0.269688E-07
   1.56400   -0.255361E-07
   1.56600   -0.238968E-07
   1.56800   -0.220297E-07
   1.57000   -0.199299E-07
   1.57200   -0.176112E-07
   1.57400   -0.151039E-07
   1.57600   -0.124518E-07
   1.57800   -0.970474E-08
   1.58000   -0.691092E-08
   1.58200   -0.410903E-08
   1.58400   -0.132184E-08
   1.58600    0.144751E-08
   1.58800    0.421578E-08
   1.59000    0.701658E-08
   1.59200    0.989439E-08
   1.59400    0.128967E-07
   1.59600    0.160657E-07
   1.59800    0.194308E-07
   1.60000    0.230039E-07
   1.60200    0.267767E-07
   1.60400    0.307219E-07
   1.60600    0.347969E-07
   1.60800    0.389499E-07
   1.61000    0.431270E-07
   1.61200    0.472781E-07
   1.61400    0.513629E-07
   1.61600    0.553537E-07
   1.61800    0.592370E-07
   1.62000    0.630122E-07
   1.62200    0.666900E-07
   1.62400    0.702886E-07
   1.62600    0.738313E-07
   1.62800    0.773434E-07
   1.63000    0.808496E-07
   1.63200    0.843721E-07
   1.63400    0.879286E-07
   1.63600    0.915307E-07
   1.63800    0.951821E-07
   1.64000    0.988777E-07
   1.64200    0.102604E-06
   1.64400    0.106341E-06
   1.64600    0.110063E-06
   1.64800    0.113747E-06
   1.65000    0.117372E-06
   1.65200    0.120927E-06
   1.65400    0.124414E-06
   1.65600    0.127847E-06
   1.65800    0.131246E-06
   1.66000    0.134638E-06
   1.66200    0.138046E-06
   1.66400    0.141481E-06
   1.66600    0.144942E-06
   1.66800    0.148406E-06
   1.67000    0.151838E-06
   1.67200    0.155191E-06
   1.67400    0.158414E-06
   1.67600    0.161465E-06
   1.67800    0.164315E-06
   1.68000    0.166957E-06
   1.68200    0.169406E-06
   1.68400    0.171696E-06
   1.68600    0.173872E-06
   1.68800    0.175987E-06
   1.69000    0.178085E-06
   1.69200    0.180197E-06
   1.69400    0.182339E-06
   1.69600    0.184505E-06
   1.69800    0.186674E-06
   1.70000    0.188812E-06
   1.70200    0.190885E-06
   1.70400    0.192859E-06
   1.70600    0.194713E-06
   1.70800    0.196435E-06
   1.71000    0.198031E-06
   1.71200    0.199519E-06
   1.71400    0.200926E-06
   1.71600    0.202286E-06
   1.71800    0.203632E-06
   1.72000    0.204992E-06
   1.72200    0.206389E-06
   1.72400    0.207834E-06
   1.72600    0.209328E-06
   1.72800    0.210858E-06
   1.73000    0.212405E-06
   1.73200    0.213940E-06
   1.73400    0.215430E-06
   1.73600    0.216843E-06
   1.73800    0.218152E-06
   1.74000    0.219335E-06
   1.74200    0.220384E-06
   1.74400    0.221307E-06
   1.74600    0.222125E-06
   1.74800    0.222874E-06
   1.75000    0.223600E-06
   1.75200    0.224358E-06
   1.75400    0.225205E-06
   1.75600    0.226194E-06
   1.75800    0.227368E-06
   1.76000    0.228759E-06
   1.76200    0.230381E-06
   1.76400    0.232229E-06
   1.76600    0.234278E-06
   1.76800    0.236486E-06
   1.77000    0.238796E-06
   1.77200    0.241144E-06
   1.77400    0.243461E-06
   1.77600    0.245683E-06
   1.77800    0.247759E-06
   1.78000    0.249655E-06
   1.78200    0.251360E-06
   1.78400    0.252885E-06
   1.78600    0.254265E-06
   1.78800    0.255548E-06
   1.79000    0.256797E-06
   1.79200    0.258073E-06
   1.79400    0.259437E-06
   1.79600    0.260937E-06
   1.79800    0.262607E-06
   1.80000    0.264465E-06
   1.80200    0.266512E-06
   1.80400    0.268738E-06
   1.80600    0.271121E-06
   1.80800    0.273634E-06
   1.81000    0.276246E-06
   1.81200    0.278931E-06
   1.81400    0.281662E-06
   1.81600    0.284425E-06
   1.81800    0.287210E-06
   1.82000    0.290020E-06
   1.82200    0.292866E-06
   1.82400    0.295769E-06
   1.82600    0.298754E-06
   1.82800    0.301851E-06
   1.83000    0.305090E-06
   1.83200    0.308497E-06
   1.83400    0.312092E-06
   1.83600    0.315885E-06
   1.83800    0.319880E-06
   1.84000    0.324073E-06
   1.84200    0.328453E-06
   1.84400    0.333004E-06
   1.84600    0.337712E-06
   1.84800    0.342564E-06
   1.85000    0.347549E-06
   1.85200    0.352661E-06
   1.85400    0.357903E-06
   1.85600    0.363277E-06
   1.85800    0.368794E-06
   1.86000    0.374465E-06
   1.86200    0.380304E-06
   1.86400    0.386323E-06
   1.86600    0.392536E-06
   1.86800    0.398952E-06
   1.87000    0.405578E-06
   1.87200    0.412418E-06
   1.87400    0.419472E-06
   1.87600    0.426735E-06
   1.87800    0.434200E-06
   1.88000    0.441852E-06
   1.88200    0.449677E-06
   1.88400    0.457655E-06
   1.88600    0.465771E-06
   1.88800    0.474012E-06
   1.89000    0.482390E-06
   1.89200    0.490948E-06
   1.89400    0.499797E-06
   1.89600    0.509105E-06
   1.89800    0.519162E-06
   1.90000    0.530424E-06
   1.90200    0.543499E-06
   1.90400    0.559189E-06
   1.90600    0.578482E-06
   1.90800    0.602526E-06
   1.91000    0.632581E-06
   1.91200    0.669926E-06
   1.91400    0.715754E-06
   1.91600    0.771020E-06
   1.91800    0.836280E-06
   1.92000    0.911521E-06
   1.92200    0.995983E-06
   1.92400    0.108799E-05
   1.92600    0.118482E-05
   1.92800    0.128259E-05
   1.93000    0.137622E-05
   1.93200    0.145950E-05
   1.93400    0.152527E-05
   1.93600    0.156575E-05
   1.93800    0.157306E-05
   1.94000    0.153984E-05
   1.94200    0.146007E-05
   1.94400    0.132982E-05
   1.94600    0.114804E-05
   1.94800    0.917049E-06
   1.95000    0.642791E-06
   1.95200    0.334660E-06
   1.95400    0.492717E-08
   1.95600   -0.332205E-06
   1.95800   -0.661815E-06
   1.96000   -0.969567E-06
   1.96200   -0.124295E-05
   1.96400   -0.147225E-05
   1.96600   -0.165119E-05
   1.96800   -0.177712E-05
   1.97000   -0.185081E-05
   1.97200   -0.187593E-05
   1.97400   -0.185830E-05
   1.97600   -0.180509E-05
   1.97800   -0.172400E-05
   1.98000   -0.162268E-05
   1.98200   -0.150821E-05
   1.98400   -0.138683E-05
   1.98600   -0.126377E-05
   1.98800   -0.114329E-05
   1.99000   -0.102868E-05
   1.99200   -0.922360E-06
   1.99400   -0.825944E-06
   1.99600   -0.740342E-06
   1.99800   -0.665811E-06
   2.00000   -0.602033E-06
   2.00200   -0.548191E-06
   2.00400   -0.503077E-06
   2.00600   -0.465212E-06
   2.00800   -0.432988E-06
   2.01000   -0.404820E-06
   2.01200   -0.379292E-06
   2.01400   -0.355275E-06
   2.01600   -0.332023E-06
   2.01800   -0.309181E-06
   2.02000   -0.286809E-06
   2.02200   -0.265308E-06
   2.02400   -0.245271E-06
   2.02600   -0.227397E-06
   2.02800   -0.212334E-06
   2.03000   -0.200565E-06
   2.03200   -0.192328E-06
   2.03400   -0.187570E-06
   2.03600   -0.185957E-06
   2.03800   -0.186921E-06
   2.04000   -0.189742E-06
   2.04200   -0.193643E-06
   2.04400   -0.197882E-06
   2.04600   -0.201829E-06
   2.04800   -0.205008E-06
   2.05000   -0.207124E-06
   2.05200   -0.208055E-06
   2.05400   -0.207825E-06
   2.05600   -0.206566E-06
   2.05800   -0.204473E-06
   2.06000   -0.201773E-06
   2.06200   -0.198687E-06
   2.06400   -0.195408E-06
   2.06600   -0.192090E-06
   2.06800   -0.188833E-06
   2.07000   -0.185687E-06
   2.07200   -0.182651E-06
   2.07400   -0.179682E-06
   2.07600   -0.176705E-06
   2.07800   -0.173626E-06
   2.08000   -0.170346E-06
   2.08200   -0.166781E-06
   2.08400   -0.162877E-06
   2.08600   -0.158617E-06
   2.08800   -0.154036E-06
   2.09000   -0.149216E-06
   2.09200   -0.144288E-06
   2.09400   -0.139417E-06
   2.09600   -0.134792E-06
   2.09800   -0.130613E-06
   2.10000   -0.127070E-06
   2.10200   -0.124332E-06
   2.10400   -0.122529E-06
   2.10600   -0.121737E-06
   2.10800   -0.121966E-06
   2.11000   -0.123157E-06
   2.11200   -0.125173E-06
   2.11400   -0.127806E-06
   2.11600   -0.130791E-06
   2.11800   -0.133827E-06
   2.12000   -0.136600E-06
   2.12200   -0.138814E-06
   2.12400   -0.140226E-06
   2.12600   -0.140665E-06
   2.12800   -0.140051E-06
   2.13000   -0.138408E-06
   2.13200   -0.135854E-06
   2.13400   -0.132587E-06
   2.13600   -0.128869E-06
   2.13800   -0.124992E-06
   2.14000   -0.121248E-06
   2.14200   -0.117901E-06
   2.14400   -0.115163E-06
   2.14600   -0.113173E-06
   2.14800   -0.111991E-06
   2.15000   -0.111591E-06
   2.15200   -0.111877E-06
   2.15400   -0.112691E-06
   2.15600   -0.113838E-06
   2.15800   -0.115106E-06
   2.16000   -0.116282E-06
   2.16200   -0.117178E-06
   2.16400   -0.117633E-06
   2.16600   -0.117529E-06
   2.16800   -0.116790E-06
   2.17000   -0.115383E-06
   2.17200   -0.113316E-06
   2.17400   -0.110638E-06
   2.17600   -0.107431E-06
   2.17800   -0.103808E-06
   2.18000   -0.999064E-07
   2.18200   -0.958764E-07
   2.18400   -0.918719E-07
   2.18600   -0.880369E-07
   2.18800   -0.844918E-07
   2.19000   -0.813214E-07
   2.19200   -0.785651E-07
   2.19400   -0.762130E-07
   2.19600   -0.742055E-07
   2.19800   -0.724406E-07
   2.20000   -0.707857E-07
   2.20200   -0.690897E-07
   2.20400   -0.671965E-07
   2.20600   -0.649604E-07
   2.20800   -0.622553E-07
   2.21000   -0.589807E-07
   2.21200   -0.550644E-07
   2.21400   -0.504613E-07
   2.21600   -0.451509E-07
   2.21800   -0.391339E-07
   2.22000   -0.324302E-07
   2.22200   -0.250783E-07
   2.22400   -0.171379E-07
   2.22600   -0.869547E-08
   2.22800    0.126548E-09
   2.23000    0.915721E-08
   2.23200    0.181619E-07
   2.23400    0.268259E-07
   2.23600    0.347401E-07
   2.23800    0.413926E-07
   2.24000    0.461726E-07
   2.24200    0.483897E-07
   2.24400    0.473155E-07
   2.24600    0.422452E-07
   2.24800    0.325774E-07
   2.25000    0.179037E-07
   2.25200   -0.190485E-08
   2.25400   -0.266303E-07
   2.25600   -0.556720E-07
   2.25800   -0.880548E-07
   2.26000   -0.122485E-06
   2.26200   -0.157451E-06
   2.26400   -0.191354E-06
   2.26600   -0.222657E-06
   2.26800   -0.250026E-06
   2.27000   -0.272442E-06
   2.27200   -0.289281E-06
   2.27400   -0.300334E-06
   2.27600   -0.305790E-06
   2.27800   -0.306173E-06
   2.28000   -0.302250E-06
   2.28200   -0.294929E-06
   2.28400   -0.285163E-06
   2.28600   -0.273857E-06
   2.28800   -0.261811E-06
   2.29000   -0.249679E-06
   2.29200   -0.237951E-06
   2.29400   -0.226959E-06
   2.29600   -0.216896E-06
   2.29800   -0.207839E-06
   2.30000   -0.199785E-06
   2.30200   -0.192668E-06
   2.30400   -0.186393E-06
   2.30600   -0.180845E-06
   2.30800   -0.175908E-06
   2.31000   -0.171470E-06
   2.31200   -0.167431E-06
   2.31400   -0.163701E-06
   2.31600   -0.160206E-06
   2.31800   -0.156887E-06
   2.32000   -0.153698E-06
   2.32200   -0.150608E-06
   2.32400   -0.147602E-06
   2.32600   -0.144676E-06
   2.32800   -0.141837E-06
   2.33000   -0.139100E-06
   2.33200   -0.136486E-06
   2.33400   -0.134015E-06
   2.33600   -0.131710E-06
   2.33800   -0.129585E-06
   2.34000   -0.127651E-06
   2.34200   -0.125909E-06
   2.34400   -0.124355E-06
   2.34600   -0.122975E-06
   2.34800   -0.121749E-06
   2.35000   -0.120651E-06
   2.35200   -0.119651E-06
   2.35400   -0.118719E-06
   2.35600   -0.117825E-06
   2.35800   -0.116938E-06
   2.36000   -0.116037E-06
   2.36200   -0.115103E-06
   2.36400   -0.114128E-06
   2.36600   -0.113110E-06
   2.36800   -0.112059E-06
   2.37000   -0.110990E-06
   2.37200   -0.109926E-06
   2.37400   -0.108892E-06
   2.37600   -0.107915E-06
   2.37800   -0.107016E-06
   2.38000   -0.106210E-06
   2.38200   -0.105502E-06
   2.38400   -0.104887E-06
   2.38600   -0.104349E-06
   2.38800   -0.103860E-06
   2.39000   -0.103387E-06
   2.39200   -0.102894E-06
   2.39400   -0.102346E-06
   2.39600   -0.101714E-06
   2.39800   -0.100979E-06
   2.40000   -0.100132E-06
   2.40200   -0.991806E-07
   2.40400   -0.981438E-07
   2.40600   -0.970526E-07
   2.40800   -0.959463E-07
   2.41000   -0.948686E-07
   2.41200   -0.938631E-07
   2.41400   -0.929690E-07
   2.41600   -0.922172E-07
   2.41800   -0.916283E-07
   2.42000   -0.912110E-07
   2.42200   -0.909632E-07
   2.42400   -0.908741E-07
   2.42600   -0.909272E-07
   2.42800   -0.911049E-07
   2.43000   -0.913927E-07
   2.43200   -0.917829E-07
   2.43400   -0.922776E-07
   2.43600   -0.928895E-07
   2.43800   -0.936408E-07
   2.44000   -0.945602E-07
   2.44200   -0.956783E-07
   2.44400   -0.970205E-07
   2.44600   -0.986011E-07
   2.44800   -0.100417E-06
   2.45000   -0.102441E-06
   2.45200   -0.104626E-06
   2.45400   -0.106898E-06
   2.45600   -0.109169E-06
   2.45800   -0.111339E-06
   2.46000   -0.113309E-06
   2.46200   -0.114988E-06
   2.46400   -0.116306E-06
   2.46600   -0.117216E-06
   2.46800   -0.117699E-06
   2.47000   -0.117764E-06
   2.47200   -0.117442E-06
   2.47400   -0.116779E-06
   2.47600   -0.115830E-06
   2.47800   -0.114649E-06
   2.48000   -0.113287E-06
   2.48200   -0.111785E-06
   2.48400   -0.110176E-06
   2.48600   -0.108482E-06
   2.48800   -0.106721E-06
   2.49000   -0.104908E-06
   2.49200   -0.103057E-06
   2.49400   -0.101185E-06
   2.49600   -0.993124E-07
   2.49800   -0.974621E-07
   2.50000   -0.956582E-07
   2.50200   -0.939245E-07
   2.50400   -0.922816E-07
   2.50600   -0.907455E-07
   2.50800   -0.893255E-07
   2.51000   -0.880239E-07
   2.51200   -0.868351E-07
   2.51400   -0.857469E-07
   2.51600   -0.847408E-07
   2.51800   -0.837939E-07
   2.52000   -0.828802E-07
   2.52200   -0.819725E-07
   2.52400   -0.810438E-07
   2.52600   -0.800698E-07
   2.52800   -0.790306E-07
   2.53000   -0.779119E-07
   2.53200   -0.767076E-07
   2.53400   -0.754205E-07
   2.53600   -0.740620E-07
   2.53800   -0.726523E-07
   2.54000   -0.712174E-07
   2.54200   -0.697861E-07
   2.54400   -0.683864E-07
   2.54600   -0.670415E-07
   2.54800   -0.657666E-07
   2.55000   -0.645676E-07
   2.55200   -0.634402E-07
   2.55400   -0.623723E-07
   2.55600   -0.613469E-07
   2.55800   -0.603452E-07
   2.56000   -0.593509E-07
   2.56200   -0.583523E-07
   2.56400   -0.573448E-07
   2.56600   -0.563312E-07
   2.56800   -0.553214E-07
   2.57000   -0.543310E-07
   2.57200   -0.533802E-07
   2.57400   -0.524914E-07
   2.57600   -0.516875E-07
   2.57800   -0.509897E-07
   2.58000   -0.504156E-07
   2.58200   -0.499770E-07
   2.58400   -0.496779E-07
   2.58600   -0.495135E-07
   2.58800   -0.494702E-07
   2.59000   -0.495271E-07
   2.59200   -0.496580E-07
   2.59400   -0.498355E-07
   2.59600   -0.500347E-07
   2.59800   -0.502366E-07
   2.60000   -0.504306E-07
   2.60200   -0.506153E-07
   2.60400   -0.507976E-07
   2.60600   -0.509900E-07
   2.60800   -0.512078E-07
   2.61000   -0.514650E-07
   2.61200   -0.517719E-07
   2.61400   -0.521333E-07
   2.61600   -0.525478E-07
   2.61800   -0.530090E-07
   2.62000   -0.535066E-07
   2.62200   -0.540289E-07
   2.62400   -0.545636E-07
   2.62600   -0.550996E-07
   2.62800   -0.556273E-07
   2.63000   -0.561383E-07
   2.63200   -0.566258E-07
   2.63400   -0.570841E-07
   2.63600   -0.575089E-07
   2.63800   -0.578982E-07
   2.64000   -0.582528E-07
   2.64200   -0.585778E-07
   2.64400   -0.588818E-07
   2.64600   -0.591778E-07
   2.64800   -0.594808E-07
   2.65000   -0.598064E-07
   2.65200   -0.601679E-07
   2.65400   -0.605742E-07
   2.65600   -0.610282E-07
   2.65800   -0.615258E-07
   2.66000   -0.620571E-07
   2.66200   -0.626081E-07
   2.66400   -0.631640E-07
   2.66600   -0.637120E-07
   2.66800   -0.642440E-07
   2.67000   -0.647585E-07
   2.67200   -0.652606E-07
   2.67400   -0.657607E-07
   2.67600   -0.662724E-07
   2.67800   -0.668087E-07
   2.68000   -0.673796E-07
   2.68200   -0.679890E-07
   2.68400   -0.686339E-07
   2.68600   -0.693039E-07
   2.68800   -0.699828E-07
   2.69000   -0.706513E-07
   2.69200   -0.712896E-07
   2.69400   -0.718815E-07
   2.69600   -0.724167E-07
   2.69800   -0.728930E-07
   2.70000   -0.733168E-07
   2.70200   -0.737023E-07
   2.70400   -0.740693E-07
   2.70600   -0.744396E-07
   2.70800   -0.748335E-07
   2.71000   -0.752664E-07
   2.71200   -0.757458E-07
   2.71400   -0.762712E-07
   2.71600   -0.768341E-07
   2.71800   -0.774216E-07
   2.72000   -0.780196E-07
   2.72200   -0.786175E-07
   2.72400   -0.792118E-07
   2.72600   -0.798084E-07
   2.72800   -0.804229E-07
   2.73000   -0.810786E-07
   2.73200   -0.818026E-07
   2.73400   -0.826207E-07
   2.73600   -0.835524E-07
   2.73800   -0.846068E-07
   2.74000   -0.857809E-07
   2.74200   -0.870593E-07
   2.74400   -0.884177E-07
   2.74600   -0.898276E-07
   2.74800   -0.912613E-07
   2.75000   -0.926979E-07
   2.75200   -0.941270E-07
   2.75400   -0.955510E-07
   2.75600   -0.969837E-07
   2.75800   -0.984479E-07
   2.76000   -0.999709E-07
   2.76200   -0.101579E-06
   2.76400   -0.103294E-06
   2.76600   -0.105131E-06
   2.76800   -0.107095E-06
   2.77000   -0.109188E-06
   2.77200   -0.111407E-06
   2.77400   -0.113752E-06
   2.77600   -0.116232E-06
   2.77800   -0.118864E-06
   2.78000   -0.121678E-06
   2.78200   -0.124717E-06
   2.78400   -0.128032E-06
   2.78600   -0.131679E-06
   2.78800   -0.135712E-06
   2.79000   -0.140191E-06
   2.79200   -0.145168E-06
   2.79400   -0.150694E-06
   2.79600   -0.156819E-06
   2.79800   -0.163602E-06
   2.80000   -0.171109E-06
   2.80200   -0.179424E-06
   2.80400   -0.188646E-06
   2.80600   -0.198883E-06
   2.80800   -0.210239E-06
   2.81000   -0.222785E-06
   2.81200   -0.236525E-06
   2.81400   -0.251345E-06
   2.81600   -0.266960E-06
   2.81800   -0.282857E-06
   2.82000   -0.298251E-06
   2.82200   -0.312060E-06
   2.82400   -0.322913E-06
   2.82600   -0.329202E-06
   2.82800   -0.329190E-06
   2.83000   -0.321159E-06
   2.83200   -0.303607E-06
   2.83400   -0.275450E-06
   2.83600   -0.236229E-06
   2.83800   -0.186259E-06
   2.84000   -0.126708E-06
   2.84200   -0.595849E-07
   2.84400    0.123904E-07
   2.84600    0.860039E-07
   2.84800    0.157842E-06
   2.85000    0.224614E-06
   2.85200    0.283463E-06
   2.85400    0.332220E-06
   2.85600    0.369563E-06
   2.85800    0.395072E-06
   2.86000    0.409177E-06
   2.86200    0.413013E-06
   2.86400    0.408220E-06
   2.86600    0.396718E-06
   2.86800    0.380484E-06
   2.87000    0.361375E-06
   2.87200    0.340993E-06
   2.87400    0.320613E-06
   2.87600    0.301157E-06
   2.87800    0.283215E-06
   2.88000    0.267094E-06
   2.88200    0.252875E-06
   2.88400    0.240485E-06
   2.88600    0.229750E-06
   2.88800    0.220451E-06
   2.89000    0.212355E-06
   2.89200    0.205248E-06
   2.89400    0.198942E-06
   2.89600    0.193289E-06
   2.89800    0.188176E-06
   2.90000    0.183522E-06
   2.90200    0.179273E-06
   2.90400    0.175394E-06
   2.90600    0.171860E-06
   2.90800    0.168651E-06
   2.91000    0.165744E-06
   2.91200    0.163122E-06
   2.91400    0.160755E-06
   2.91600    0.158609E-06
   2.91800    0.156649E-06
   2.92000    0.154834E-06
   2.92200    0.153127E-06
   2.92400    0.151488E-06
   2.92600    0.149880E-06
   2.92800    0.148269E-06
   2.93000    0.146628E-06
   2.93200    0.144932E-06
   2.93400    0.143164E-06
   2.93600    0.141313E-06
   2.93800    0.139377E-06
   2.94000    0.137360E-06
   2.94200    0.135275E-06
   2.94400    0.133142E-06
   2.94600    0.130986E-06
   2.94800    0.128841E-06
   2.95000    0.126748E-06
   2.95200    0.124756E-06
   2.95400    0.122928E-06
   2.95600    0.121337E-06
   2.95800    0.120076E-06
   2.96000    0.119252E-06
   2.96200    0.118987E-06
   2.96400    0.119416E-06
   2.96600    0.120673E-06
   2.96800    0.122879E-06
   2.97000    0.126123E-06
   2.97200    0.130439E-06
   2.97400    0.135789E-06
   2.97600    0.142039E-06
   2.97800    0.148953E-06
   2.98000    0.156187E-06
   2.98200    0.163311E-06
   2.98400    0.169830E-06
   2.98600    0.175232E-06
   2.98800    0.179034E-06
   2.99000    0.180838E-06
   2.99200    0.180373E-06
   2.99400    0.177531E-06
   2.99600    0.172381E-06
   2.99800    0.165159E-06
   3.00000    0.156242E-06
   3.00200    0.146104E-06
   3.00400    0.135264E-06
   3.00600    0.124230E-06
   3.00800    0.113459E-06
   3.01000    0.103315E-06
   3.01200    0.940608E-07
   3.01400    0.858483E-07
   3.01600    0.787319E-07
   3.01800    0.726873E-07
   3.02000    0.676350E-07
   3.02200    0.634640E-07
   3.02400    0.600515E-07
   3.02600    0.572781E-07
   3.02800    0.550372E-07
   3.03000    0.532384E-07
   3.03200    0.518075E-07
   3.03400    0.506839E-07
   3.03600    0.498167E-07
   3.03800    0.491610E-07
   3.04000    0.486754E-07
   3.04200    0.483210E-07
   3.04400    0.480604E-07
   3.04600    0.478592E-07
   3.04800    0.476868E-07
   3.05000    0.475176E-07
   3.05200    0.473301E-07
   3.05400    0.471106E-07
   3.05600    0.468504E-07
   3.05800    0.465429E-07
   3.06000    0.461862E-07
   3.06200    0.457806E-07
   3.06400    0.453283E-07
   3.06600    0.448334E-07
   3.06800    0.443019E-07
   3.07000    0.437420E-07
   3.07200    0.431648E-07
   3.07400    0.425841E-07
   3.07600    0.420163E-07
   3.07800    0.414798E-07
   3.08000    0.409936E-07
   3.08200    0.405762E-07
   3.08400    0.402435E-07
   3.08600    0.400071E-07
   3.08800    0.398724E-07
   3.09000    0.398377E-07
   3.09200    0.398929E-07
   3.09400    0.400198E-07
   3.09600    0.401919E-07
   3.09800    0.403767E-07
   3.10000    0.405377E-07
   3.10200    0.406360E-07
   3.10400    0.406347E-07
   3.10600    0.405022E-07
   3.10800    0.402114E-07
   3.11000    0.397453E-07
   3.11200    0.390961E-07
   3.11400    0.382652E-07
   3.11600    0.372619E-07
   3.11800    0.361011E-07
   3.12000    0.348004E-07
   3.12200    0.333773E-07
   3.12400    0.318458E-07
   3.12600    0.302154E-07
   3.12800    0.284904E-07
   3.13000    0.266721E-07
   3.13200    0.247623E-07
   3.13400    0.227697E-07
   3.13600    0.207164E-07
   3.13800    0.186463E-07
   3.14000    0.166305E-07
   3.14200    0.147716E-07
   3.14400    0.132027E-07
   3.14600    0.120820E-07
   3.14800    0.115811E-07
   3.15000    0.118690E-07
   3.15200    0.130922E-07
   3.15400    0.153552E-07
   3.15600    0.187027E-07
   3.15800    0.231077E-07
   3.16000    0.284680E-07
   3.16200    0.346114E-07
   3.16400    0.413104E-07
   3.16600    0.483026E-07
   3.16800    0.553155E-07
   3.17000    0.620915E-07
   3.17200    0.684080E-07
   3.17400    0.740929E-07
   3.17600    0.790310E-07
   3.17800    0.831643E-07
   3.18000    0.864855E-07
   3.18200    0.890278E-07
   3.18400    0.908529E-07
   3.18600    0.920391E-07
   3.18800    0.926711E-07
   3.19000    0.928323E-07
   3.19200    0.925992E-07
   3.19400    0.920380E-07
   3.19600    0.912043E-07
   3.19800    0.901421E-07
   3.20000    0.888872E-07
   3.20200    0.874673E-07
   3.20400    0.859090E-07
   3.20600    0.842382E-07
   3.20800    0.824841E-07
   3.21000    0.806823E-07
   3.21200    0.788750E-07
   3.21400    0.771095E-07
   3.21600    0.754357E-07
   3.21800    0.738991E-07
   3.22000    0.725364E-07
   3.22200    0.713679E-07
   3.22400    0.703902E-07
   3.22600    0.695733E-07
   3.22800    0.688569E-07
   3.23000    0.681590E-07
   3.23200    0.673759E-07
   3.23400    0.663988E-07
   3.23600    0.651281E-07
   3.23800    0.634946E-07
   3.24000    0.614768E-07
   3.24200    0.591217E-07
   3.24400    0.565586E-07
   3.24600    0.540073E-07
   3.24800    0.517755E-07
   3.25000    0.502464E-07
   3.25200    0.498545E-07
   3.25400    0.510504E-07
   3.25600    0.542587E-07
   3.25800    0.598323E-07
   3.26000    0.680070E-07
   3.26200    0.788624E-07
   3.26400    0.922915E-07
   3.26600    0.107983E-06
   3.26800    0.125416E-06
   3.27000    0.143869E-06
   3.27200    0.162445E-06
   3.27400    0.180107E-06
   3.27600    0.195726E-06
   3.27800    0.208149E-06
   3.28000    0.216275E-06
   3.28200    0.219134E-06
   3.28400    0.215981E-06
   3.28600    0.206373E-06
   3.28800    0.190233E-06
   3.29000    0.167889E-06
   3.29200    0.140077E-06
   3.29400    0.107893E-06
   3.29600    0.727257E-07
   3.29800    0.361336E-07
   3.30000   -0.277992E-09
   3.30200   -0.349929E-07
   3.30400   -0.667020E-07
   3.30600   -0.943937E-07
   3.30800   -0.117406E-06
   3.31000   -0.135439E-06
   3.31200   -0.148528E-06
   3.31400   -0.156987E-06
   3.31600   -0.161338E-06
   3.31800   -0.162227E-06
   3.32000   -0.160352E-06
   3.32200   -0.156397E-06
   3.32400   -0.150986E-06
   3.32600   -0.144657E-06
   3.32800   -0.137846E-06
   3.33000   -0.130888E-06
   3.33200   -0.124029E-06
   3.33400   -0.117438E-06
   3.33600   -0.111222E-06
   3.33800   -0.105442E-06
   3.34000   -0.100126E-06
   3.34200   -0.952802E-07
   3.34400   -0.908908E-07
   3.34600   -0.869336E-07
   3.34800   -0.833764E-07
   3.35000   -0.801797E-07
   3.35200   -0.773019E-07
   3.35400   -0.746981E-07
   3.35600   -0.723248E-07
   3.35800   -0.701415E-07
   3.36000   -0.681147E-07
   3.36200   -0.662176E-07
   3.36400   -0.644345E-07
   3.36600   -0.627597E-07
   3.36800   -0.611980E-07
   3.37000   -0.597626E-07
   3.37200   -0.584723E-07
   3.37400   -0.573479E-07
   3.37600   -0.564080E-07
   3.37800   -0.556647E-07
   3.38000   -0.551203E-07
   3.38200   -0.547654E-07
   3.38400   -0.545778E-07
   3.38600   -0.545237E-07
   3.38800   -0.545606E-07
   3.39000   -0.546405E-07
   3.39200   -0.547150E-07
   3.39400   -0.547389E-07
   3.39600   -0.546752E-07
   3.39800   -0.544968E-07
   3.40000   -0.541887E-07
   3.40200   -0.537475E-07
   3.40400   -0.531803E-07
   3.40600   -0.525026E-07
   3.40800   -0.517352E-07
   3.41000   -0.509020E-07
   3.41200   -0.500275E-07
   3.41400   -0.491354E-07
   3.41600   -0.482471E-07
   3.41800   -0.473822E-07
   3.42000   -0.465576E-07
   3.42200   -0.457878E-07
   3.42400   -0.450852E-07
   3.42600   -0.444593E-07
   3.42800   -0.439168E-07
   3.43000   -0.434609E-07
   3.43200   -0.430912E-07
   3.43400   -0.428037E-07
   3.43600   -0.425920E-07
   3.43800   -0.424478E-07
   3.44000   -0.423625E-07
   3.44200   -0.423288E-07
   3.44400   -0.423416E-07
   3.44600   -0.423986E-07
   3.44800   -0.425003E-07
   3.45000   -0.426493E-07
   3.45200   -0.428484E-07
   3.45400   -0.430992E-07
   3.45600   -0.434001E-07
   3.45800   -0.437450E-07
   3.46000   -0.441228E-07
   3.46200   -0.445172E-07
   3.46400   -0.449078E-07
   3.46600   -0.452723E-07
   3.46800   -0.455878E-07
   3.47000   -0.458338E-07
   3.47200   -0.459935E-07
   3.47400   -0.460551E-07
   3.47600   -0.460123E-07
   3.47800   -0.458635E-07
   3.48000   -0.456110E-07
   3.48200   -0.452586E-07
   3.48400   -0.448102E-07
   3.48600   -0.442666E-07
   3.48800   -0.436247E-07
   3.49000   -0.428748E-07
   3.49200   -0.420003E-07
   3.49400   -0.409768E-07
   3.49600   -0.397729E-07
   3.49800   -0.383507E-07
   3.50000   -0.366681E-07
   3.50200   -0.346814E-07
   3.50400   -0.323484E-07
   3.50600   -0.296324E-07
   3.50800   -0.265058E-07
   3.51000   -0.229543E-07
   3.51200   -0.189796E-07
   3.51400   -0.146012E-07
   3.51600   -0.985767E-08
   3.51800   -0.480517E-08
   3.52000    0.484805E-09
   3.52200    0.592907E-08
   3.52400    0.114374E-07
   3.52600    0.169178E-07
   3.52800    0.222809E-07
   3.53000    0.274450E-07
   3.53200    0.323391E-07
   3.53400    0.369061E-07
   3.53600    0.411037E-07
   3.53800    0.449059E-07
   3.54000    0.482995E-07
   3.54200    0.512900E-07
   3.54400    0.538947E-07
   3.54600    0.561437E-07
   3.54800    0.580787E-07
   3.55000    0.597515E-07
   3.55200    0.612221E-07
   3.55400    0.625570E-07
   3.55600    0.638271E-07
   3.55800    0.651033E-07
   3.56000    0.664526E-07
   3.56200    0.679314E-07
   3.56400    0.695773E-07
   3.56600    0.713999E-07
   3.56800    0.733698E-07
   3.57000    0.754091E-07
   3.57200    0.773824E-07
   3.57400    0.790934E-07
   3.57600    0.802875E-07
   3.57800    0.806631E-07
   3.58000    0.798930E-07
   3.58200    0.776550E-07
   3.58400    0.736702E-07
   3.58600    0.677442E-07
   3.58800    0.598065E-07
   3.59000    0.499398E-07
   3.59200    0.383945E-07
   3.59400    0.255829E-07
   3.59600    0.120524E-07
   3.59800   -0.156147E-08
   3.60000   -0.145955E-07
   3.60200   -0.264249E-07
   3.60400   -0.365250E-07
   3.60600   -0.445205E-07
   3.60800   -0.502135E-07
   3.61000   -0.535896E-07
   3.61200   -0.548002E-07
   3.61400   -0.541281E-07
   3.61600   -0.519409E-07
   3.61800   -0.486417E-07
   3.62000   -0.446247E-07
   3.62200   -0.402401E-07
   3.62400   -0.357720E-07
   3.62600   -0.314300E-07
   3.62800   -0.273522E-07
   3.63000   -0.236159E-07
   3.63200   -0.202528E-07
   3.63400   -0.172646E-07
   3.63600   -0.146363E-07
   3.63800   -0.123454E-07
   3.64000   -0.103677E-07
   3.64200   -0.867833E-08
   3.64400   -0.725154E-08
   3.64600   -0.605880E-08
   3.64800   -0.506776E-08
   3.65000   -0.424215E-08
   3.65200   -0.354343E-08
   3.65400   -0.293350E-08
   3.65600   -0.237836E-08
   3.65800   -0.185121E-08
   3.66000   -0.133550E-08
   3.66200   -0.823701E-09
   3.66400   -0.322260E-09
   3.66600    0.157778E-09
   3.66800    0.600027E-09
   3.67000    0.987602E-09
   3.67200    0.130703E-08
   3.67400    0.155127E-08
   3.67600    0.172124E-08
   3.67800    0.182614E-08
   3.68000    0.188207E-08
   3.68200    0.190964E-08
   3.68400    0.193081E-08
   3.68600    0.196583E-08
   3.68800    0.203039E-08
   3.69000    0.213380E-08
   3.69200    0.227837E-08
   3.69400    0.245984E-08
   3.69600    0.266905E-08
   3.69800    0.289412E-08
   3.70000    0.312307E-08
   3.70200    0.334611E-08
   3.70400    0.355753E-08
   3.70600    0.375643E-08
   3.70800    0.394669E-08
   3.71000    0.413567E-08
   3.71200    0.433244E-08
   3.71400    0.454553E-08
   3.71600    0.478067E-08
   3.71800    0.503896E-08
   3.72000    0.531589E-08
   3.72200    0.560120E-08
   3.72400    0.587992E-08
   3.72600    0.613413E-08
   3.72800    0.634539E-08
   3.73000    0.649751E-08
   3.73200    0.657900E-08
   3.73400    0.658516E-08
   3.73600    0.651906E-08
   3.73800    0.639173E-08
   3.74000    0.622121E-08
   3.74200    0.603063E-08
   3.74400    0.584580E-08
   3.74600    0.569222E-08
   3.74800    0.559242E-08
   3.75000    0.556349E-08
   3.75200    0.561542E-08
   3.75400    0.575020E-08
   3.75600    0.596178E-08
   3.75800    0.623698E-08
   3.76000    0.655693E-08
   3.76200    0.689907E-08
   3.76400    0.723935E-08
   3.76600    0.755437E-08
   3.76800    0.782337E-08
   3.77000    0.802981E-08
   3.77200    0.816257E-08
   3.77400    0.821649E-08
   3.77600    0.819265E-08
   3.77800    0.809803E-08
   3.78000    0.794497E-08
   3.78200    0.775019E-08
   3.78400    0.753361E-08
   3.78600    0.731689E-08
   3.78800    0.712177E-08
   3.79000    0.696863E-08
   3.79200    0.687456E-08
   3.79400    0.685208E-08
   3.79600    0.690785E-08
   3.79800    0.704212E-08
   3.80000    0.724858E-08
   3.80200    0.751506E-08
   3.80400    0.782482E-08
   3.80600    0.815826E-08
   3.80800    0.849512E-08
   3.81000    0.881654E-08
   3.81200    0.910693E-08
   3.81400    0.935532E-08
   3.81600    0.955606E-08
   3.81800    0.970873E-08
   3.82000    0.981739E-08
   3.82200    0.988922E-08
   3.82400    0.993289E-08
   3.82600    0.995683E-08
   3.82800    0.996763E-08
   3.83000    0.996885E-08
   3.83200    0.996041E-08
   3.83400    0.993855E-08
   3.83600    0.989639E-08
   3.83800    0.982500E-08
   3.84000    0.971482E-08
   3.84200    0.955728E-08
   3.84400    0.934615E-08
   3.84600    0.907889E-08
   3.84800    0.875724E-08
   3.85000    0.838747E-08
   3.85200    0.797981E-08
   3.85400    0.754756E-08
   3.85600    0.710562E-08
   3.85800    0.666896E-08
   3.86000    0.625127E-08
   3.86200    0.586383E-08
   3.86400    0.551496E-08
   3.86600    0.521006E-08
   3.86800    0.495225E-08
   3.87000    0.474323E-08
   3.87200    0.458449E-08
   3.87400    0.447829E-08
   3.87600    0.442840E-08
   3.87800    0.444039E-08
   3.88000    0.452134E-08
   3.88200    0.467918E-08
   3.88400    0.492172E-08
   3.88600    0.525551E-08
   3.88800    0.568481E-08
   3.89000    0.621077E-08
   3.89200    0.683087E-08
   3.89400    0.753871E-08
   3.89600    0.832417E-08
   3.89800    0.917369E-08
   3.90000    0.100708E-07
   3.90200    0.109970E-07
   3.90400    0.119321E-07
   3.90600    0.128553E-07
   3.90800    0.137460E-07
   3.91000    0.145844E-07
   3.91200    0.153521E-07
   3.91400    0.160333E-07
   3.91600    0.166144E-07
   3.91800    0.170854E-07
   3.92000    0.174391E-07
   3.92200    0.176718E-07
   3.92400    0.177829E-07
   3.92600    0.177742E-07
   3.92800    0.176500E-07
   3.93000    0.174166E-07
   3.93200    0.170817E-07
   3.93400    0.166546E-07
   3.93600    0.161457E-07
   3.93800    0.155663E-07
   3.94000    0.149289E-07
   3.94200    0.142466E-07
   3.94400    0.135324E-07
   3.94600    0.127993E-07
   3.94800    0.120587E-07
   3.95000    0.113199E-07
   3.95200    0.105891E-07
   3.95400    0.986908E-08
   3.95600    0.915910E-08
   3.95800    0.845532E-08
   3.96000    0.775198E-08
   3.96200    0.704309E-08
   3.96400    0.632418E-08
   3.96600    0.559420E-08
   3.96800    0.485677E-08
   3.97000    0.412078E-08
   3.97200    0.340005E-08
   3.97400    0.271208E-08
   3.97600    0.207596E-08
   3.97800    0.151001E-08
   3.98000    0.102934E-08
   3.98200    0.643824E-09
   3.98400    0.356901E-09
   3.98600    0.165264E-09
   3.98800    0.594881E-10
   3.99000    0.253636E-10
   3.99200    0.457522E-10
   3.99400    0.102563E-09
   3.99600    0.178542E-09
   3.99800    0.258735E-09
   4.00000    0.331407E-09
