   0.00000    0.000000E+00
   0.00200    0.000000E+00
   0.00400    0.000000E+00
   0.00600    0.000000E+00
   0.00800    0.000000E+00
   0.01000    0.000000E+00
   0.01200    0.000000E+00
   0.01400    0.000000E+00
   0.01600    0.000000E+00
   0.01800    0.000000E+00
   0.02000    0.000000E+00
   0.02200    0.000000E+00
   0.02400    0.000000E+00
   0.02600   -0.125955E-10
   0.02800   -0.378875E-10
   0.03000   -0.823644E-10
   0.03200   -0.165710E-09
   0.03400   -0.323328E-09
   0.03600   -0.614434E-09
   0.03800   -0.113864E-08
   0.04000   -0.205869E-08
   0.04200   -0.363261E-08
   0.04400   -0.625632E-08
   0.04600   -0.105170E-07
   0.04800   -0.172560E-07
   0.05000   -0.276354E-07
   0.05200   -0.431991E-07
   0.05400   -0.659135E-07
   0.05600   -0.981694E-07
   0.05800   -0.142722E-06
   0.06000   -0.202547E-06
   0.06200   -0.280604E-06
   0.06400   -0.379495E-06
   0.06600   -0.501044E-06
   0.06800   -0.645828E-06
   0.07000   -0.812727E-06
   0.07200   -0.998566E-06
   0.07400   -0.119793E-05
   0.07600   -0.140325E-05
   0.07800   -0.160511E-05
   0.08000   -0.179298E-05
   0.08200   -0.195603E-05
   0.08400   -0.208419E-05
   0.08600   -0.216923E-05
   0.08800   -0.220557E-05
   0.09000   -0.219096E-05
   0.09200   -0.212668E-05
   0.09400   -0.201736E-05
   0.09600   -0.187044E-05
   0.09800   -0.169530E-05
   0.10000   -0.150231E-05
   0.10200   -0.130181E-05
   0.10400   -0.110321E-05
   0.10600   -0.914365E-06
   0.10800   -0.741185E-06
   0.11000   -0.587508E-06
   0.11200   -0.455220E-06
   0.11400   -0.344535E-06
   0.11600   -0.254368E-06
   0.11800   -0.182736E-06
   0.12000   -0.127122E-06
   0.12200   -0.847953E-07
   0.12400   -0.530423E-07
   0.12600   -0.293338E-07
   0.12800   -0.114246E-07
   0.13000    0.259594E-08
   0.13200    0.142887E-07
   0.13400    0.248734E-07
   0.13600    0.352519E-07
   0.13800    0.460384E-07
   0.14000    0.575955E-07
   0.14200    0.700710E-07
   0.14400    0.834364E-07
   0.14600    0.975244E-07
   0.14800    0.112073E-06
   0.15000    0.126738E-06
   0.15200    0.141153E-06
   0.15400    0.154954E-06
   0.15600    0.167801E-06
   0.15800    0.179394E-06
   0.16000    0.189497E-06
   0.16200    0.197944E-06
   0.16400    0.204642E-06
   0.16600    0.209573E-06
   0.16800    0.212787E-06
   0.17000    0.214391E-06
   0.17200    0.214538E-06
   0.17400    0.213416E-06
   0.17600    0.211233E-06
   0.17800    0.208205E-06
   0.18000    0.204545E-06
   0.18200    0.200453E-06
   0.18400    0.196113E-06
   0.18600    0.191691E-06
   0.18800    0.187333E-06
   0.19000    0.183169E-06
   0.19200    0.179316E-06
   0.19400    0.175880E-06
   0.19600    0.172953E-06
   0.19800    0.170620E-06
   0.20000    0.168947E-06
   0.20200    0.167978E-06
   0.20400    0.167730E-06
   0.20600    0.168185E-06
   0.20800    0.169282E-06
   0.21000    0.170917E-06
   0.21200    0.172944E-06
   0.21400    0.175178E-06
   0.21600    0.177410E-06
   0.21800    0.179417E-06
   0.22000    0.180981E-06
   0.22200    0.181909E-06
   0.22400    0.182048E-06
   0.22600    0.181300E-06
   0.22800    0.179631E-06
   0.23000    0.177076E-06
   0.23200    0.173732E-06
   0.23400    0.169749E-06
   0.23600    0.165322E-06
   0.23800    0.160664E-06
   0.24000    0.155999E-06
   0.24200    0.151539E-06
   0.24400    0.147474E-06
   0.24600    0.143964E-06
   0.24800    0.141130E-06
   0.25000    0.139052E-06
   0.25200    0.137767E-06
   0.25400    0.137272E-06
   0.25600    0.137520E-06
   0.25800    0.138425E-06
   0.26000    0.139861E-06
   0.26200    0.141665E-06
   0.26400    0.143646E-06
   0.26600    0.145593E-06
   0.26800    0.147287E-06
   0.27000    0.148518E-06
   0.27200    0.149101E-06
   0.27400    0.148895E-06
   0.27600    0.147820E-06
   0.27800    0.145861E-06
   0.28000    0.143078E-06
   0.28200    0.139604E-06
   0.28400    0.135631E-06
   0.28600    0.131396E-06
   0.28800    0.127164E-06
   0.29000    0.123205E-06
   0.29200    0.119769E-06
   0.29400    0.117070E-06
   0.29600    0.115266E-06
   0.29800    0.114450E-06
   0.30000    0.114637E-06
   0.30200    0.115768E-06
   0.30400    0.117712E-06
   0.30600    0.120274E-06
   0.30800    0.123208E-06
   0.31000    0.126241E-06
   0.31200    0.129089E-06
   0.31400    0.131482E-06
   0.31600    0.133189E-06
   0.31800    0.134032E-06
   0.32000    0.133908E-06
   0.32200    0.132789E-06
   0.32400    0.130730E-06
   0.32600    0.127858E-06
   0.32800    0.124362E-06
   0.33000    0.120475E-06
   0.33200    0.116454E-06
   0.33400    0.112564E-06
   0.33600    0.109052E-06
   0.33800    0.106136E-06
   0.34000    0.103988E-06
   0.34200    0.102724E-06
   0.34400    0.102398E-06
   0.34600    0.102995E-06
   0.34800    0.104432E-06
   0.35000    0.106565E-06
   0.35200    0.109195E-06
   0.35400    0.112083E-06
   0.35600    0.114967E-06
   0.35800    0.117586E-06
   0.36000    0.119699E-06
   0.36200    0.121108E-06
   0.36400    0.121676E-06
   0.36600    0.121337E-06
   0.36800    0.120103E-06
   0.37000    0.118058E-06
   0.37200    0.115356E-06
   0.37400    0.112199E-06
   0.37600    0.108823E-06
   0.37800    0.105479E-06
   0.38000    0.102413E-06
   0.38200    0.998469E-07
   0.38400    0.979637E-07
   0.38600    0.968932E-07
   0.38800    0.967023E-07
   0.39000    0.973874E-07
   0.39200    0.988731E-07
   0.39400    0.101014E-06
   0.39600    0.103606E-06
   0.39800    0.106399E-06
   0.40000    0.109117E-06
   0.40200    0.111489E-06
   0.40400    0.113266E-06
   0.40600    0.114256E-06
   0.40800    0.114336E-06
   0.41000    0.113466E-06
   0.41200    0.111695E-06
   0.41400    0.109155E-06
   0.41600    0.106041E-06
   0.41800    0.102595E-06
   0.42000    0.990817E-07
   0.42200    0.957606E-07
   0.42400    0.928659E-07
   0.42600    0.905871E-07
   0.42800    0.890553E-07
   0.43000    0.883363E-07
   0.43200    0.884277E-07
   0.43400    0.892623E-07
   0.43600    0.907153E-07
   0.43800    0.926163E-07
   0.44000    0.947639E-07
   0.44200    0.969430E-07
   0.44400    0.989429E-07
   0.44600    0.100575E-06
   0.44800    0.101687E-06
   0.45000    0.102176E-06
   0.45200    0.101992E-06
   0.45400    0.101143E-06
   0.45600    0.996858E-07
   0.45800    0.977234E-07
   0.46000    0.953912E-07
   0.46200    0.928477E-07
   0.46400    0.902622E-07
   0.46600    0.878056E-07
   0.46800    0.856394E-07
   0.47000    0.839077E-07
   0.47200    0.827276E-07
   0.47400    0.821800E-07
   0.47600    0.823015E-07
   0.47800    0.830774E-07
   0.48000    0.844375E-07
   0.48200    0.862569E-07
   0.48400    0.883612E-07
   0.48600    0.905397E-07
   0.48800    0.925624E-07
   0.49000    0.942024E-07
   0.49200    0.952586E-07
   0.49400    0.955782E-07
   0.49600    0.950739E-07
   0.49800    0.937351E-07
   0.50000    0.916299E-07
   0.50200    0.888994E-07
   0.50400    0.857443E-07
   0.50600    0.824043E-07
   0.50800    0.791347E-07
   0.51000    0.761821E-07
   0.51200    0.737609E-07
   0.51400    0.720333E-07
   0.51600    0.710955E-07
   0.51800    0.709699E-07
   0.52000    0.716036E-07
   0.52200    0.728751E-07
   0.52400    0.746052E-07
   0.52600    0.765745E-07
   0.52800    0.785435E-07
   0.53000    0.802739E-07
   0.53200    0.815500E-07
   0.53400    0.821973E-07
   0.53600    0.820971E-07
   0.53800    0.811959E-07
   0.54000    0.795084E-07
   0.54200    0.771147E-07
   0.54400    0.741518E-07
   0.54600    0.708008E-07
   0.54800    0.672707E-07
   0.55000    0.637792E-07
   0.55200    0.605359E-07
   0.55400    0.577235E-07
   0.55600    0.554830E-07
   0.55800    0.539009E-07
   0.56000    0.530048E-07
   0.56200    0.527528E-07
   0.56400    0.530427E-07
   0.56600    0.537179E-07
   0.56800    0.545744E-07
   0.57000    0.553850E-07
   0.57200    0.559115E-07
   0.57400    0.559129E-07
   0.57600    0.551873E-07
   0.57800    0.535624E-07
   0.58000    0.509200E-07
   0.58200    0.471936E-07
   0.58400    0.423711E-07
   0.58600    0.364839E-07
   0.58800    0.295998E-07
   0.59000    0.218072E-07
   0.59200    0.132037E-07
   0.59400    0.388680E-08
   0.59600   -0.605096E-08
   0.59800   -0.165139E-07
   0.60000   -0.273926E-07
   0.60200   -0.385400E-07
   0.60400   -0.497468E-07
   0.60600   -0.607187E-07
   0.60800   -0.710636E-07
   0.61000   -0.802972E-07
   0.61200   -0.878688E-07
   0.61400   -0.932172E-07
   0.61600   -0.958421E-07
   0.61800   -0.953910E-07
   0.62000   -0.917385E-07
   0.62200   -0.850459E-07
   0.62400   -0.757811E-07
   0.62600   -0.646915E-07
   0.62800   -0.527240E-07
   0.63000   -0.409058E-07
   0.63200   -0.302022E-07
   0.63400   -0.213769E-07
   0.63600   -0.148831E-07
   0.63800   -0.108035E-07
   0.64000   -0.885387E-08
   0.64200   -0.844578E-08
   0.64400   -0.879769E-08
   0.64600   -0.907079E-08
   0.64800   -0.850479E-08
   0.65000   -0.652900E-08
   0.65200   -0.283185E-08
   0.65400    0.261746E-08
   0.65600    0.959445E-08
   0.65800    0.176799E-07
   0.66000    0.263416E-07
   0.66200    0.350199E-07
   0.66400    0.432038E-07
   0.66600    0.504877E-07
   0.66800    0.566041E-07
   0.67000    0.614321E-07
   0.67200    0.649878E-07
   0.67400    0.673962E-07
   0.67600    0.688592E-07
   0.67800    0.696196E-07
   0.68000    0.699268E-07
   0.68200    0.700072E-07
   0.68400    0.700503E-07
   0.68600    0.701870E-07
   0.68800    0.704894E-07
   0.69000    0.709756E-07
   0.69200    0.716086E-07
   0.69400    0.723160E-07
   0.69600    0.730057E-07
   0.69800    0.735610E-07
   0.70000    0.738804E-07
   0.70200    0.738744E-07
   0.70400    0.734860E-07
   0.70600    0.726955E-07
   0.70800    0.715292E-07
   0.71000    0.700564E-07
   0.71200    0.683865E-07
   0.71400    0.666576E-07
   0.71600    0.650218E-07
   0.71800    0.636290E-07
   0.72000    0.626051E-07
   0.72200    0.620396E-07
   0.72400    0.619700E-07
   0.72600    0.623776E-07
   0.72800    0.631884E-07
   0.73000    0.642816E-07
   0.73200    0.655053E-07
   0.73400    0.666929E-07
   0.73600    0.676854E-07
   0.73800    0.683481E-07
   0.74000    0.685852E-07
   0.74200    0.683485E-07
   0.74400    0.676392E-07
   0.74600    0.665041E-07
   0.74800    0.650275E-07
   0.75000    0.633187E-07
   0.75200    0.614997E-07
   0.75400    0.596929E-07
   0.75600    0.580114E-07
   0.75800    0.565507E-07
   0.76000    0.553836E-07
   0.76200    0.545573E-07
   0.76400    0.540914E-07
   0.76600    0.539781E-07
   0.76800    0.541830E-07
   0.77000    0.546477E-07
   0.77200    0.552930E-07
   0.77400    0.560244E-07
   0.77600    0.567399E-07
   0.77800    0.573378E-07
   0.78000    0.577263E-07
   0.78200    0.578329E-07
   0.78400    0.576122E-07
   0.78600    0.570515E-07
   0.78800    0.561737E-07
   0.79000    0.550361E-07
   0.79200    0.537259E-07
   0.79400    0.523520E-07
   0.79600    0.510345E-07
   0.79800    0.498913E-07
   0.80000    0.490259E-07
   0.80200    0.485146E-07
   0.80400    0.483964E-07
   0.80600    0.486671E-07
   0.80800    0.492774E-07
   0.81000    0.501364E-07
   0.81200    0.511202E-07
   0.81400    0.520849E-07
   0.81600    0.528822E-07
   0.81800    0.533762E-07
   0.82000    0.534591E-07
   0.82200    0.530648E-07
   0.82400    0.521765E-07
   0.82600    0.508305E-07
   0.82800    0.491130E-07
   0.83000    0.471516E-07
   0.83200    0.451028E-07
   0.83400    0.431352E-07
   0.83600    0.414124E-07
   0.83800    0.400754E-07
   0.84000    0.392279E-07
   0.84200    0.389252E-07
   0.84400    0.391678E-07
   0.84600    0.399018E-07
   0.84800    0.410245E-07
   0.85000    0.423951E-07
   0.85200    0.438506E-07
   0.85400    0.452222E-07
   0.85600    0.463537E-07
   0.85800    0.471171E-07
   0.86000    0.474246E-07
   0.86200    0.472363E-07
   0.86400    0.465622E-07
   0.86600    0.454582E-07
   0.86800    0.440191E-07
   0.87000    0.423660E-07
   0.87200    0.406332E-07
   0.87400    0.389538E-07
   0.87600    0.374463E-07
   0.87800    0.362036E-07
   0.88000    0.352845E-07
   0.88200    0.347095E-07
   0.88400    0.344602E-07
   0.88600    0.344835E-07
   0.88800    0.346989E-07
   0.89000    0.350088E-07
   0.89200    0.353104E-07
   0.89400    0.355081E-07
   0.89600    0.355249E-07
   0.89800    0.353110E-07
   0.90000    0.348494E-07
   0.90200    0.341576E-07
   0.90400    0.332844E-07
   0.90600    0.323042E-07
   0.90800    0.313075E-07
   0.91000    0.303893E-07
   0.91200    0.296380E-07
   0.91400    0.291239E-07
   0.91600    0.288902E-07
   0.91800    0.289469E-07
   0.92000    0.292685E-07
   0.92200    0.297958E-07
   0.92400    0.304417E-07
   0.92600    0.311008E-07
   0.92800    0.316607E-07
   0.93000    0.320150E-07
   0.93200    0.320755E-07
   0.93400    0.317822E-07
   0.93600    0.311105E-07
   0.93800    0.300744E-07
   0.94000    0.287254E-07
   0.94200    0.271474E-07
   0.94400    0.254478E-07
   0.94600    0.237470E-07
   0.94800    0.221656E-07
   0.95000    0.208123E-07
   0.95200    0.197723E-07
   0.95400    0.190982E-07
   0.95600    0.188049E-07
   0.95800    0.188678E-07
   0.96000    0.192254E-07
   0.96200    0.197871E-07
   0.96400    0.204440E-07
   0.96600    0.210819E-07
   0.96800    0.215951E-07
   0.97000    0.218997E-07
   0.97200    0.219436E-07
   0.97400    0.217123E-07
   0.97600    0.212299E-07
   0.97800    0.205554E-07
   0.98000    0.197741E-07
   0.98200    0.189858E-07
   0.98400    0.182908E-07
   0.98600    0.177766E-07
   0.98800    0.175054E-07
   0.99000    0.175048E-07
   0.99200    0.177632E-07
   0.99400    0.182298E-07
   0.99600    0.188196E-07
   0.99800    0.194235E-07
   1.00000    0.199214E-07
   1.00200    0.201978E-07
   1.00400    0.201571E-07
   1.00600    0.197370E-07
   1.00800    0.189181E-07
   1.01000    0.177288E-07
   1.01200    0.162433E-07
   1.01400    0.145750E-07
   1.01600    0.128640E-07
   1.01800    0.112615E-07
   1.02000    0.991273E-08
   1.02200    0.894034E-08
   1.02400    0.843007E-08
   1.02600    0.842085E-08
   1.02800    0.890007E-08
   1.03000    0.980492E-08
   1.03200    0.110291E-07
   1.03400    0.124347E-07
   1.03600    0.138672E-07
   1.03800    0.151728E-07
   1.04000    0.162146E-07
   1.04200    0.168870E-07
   1.04400    0.171266E-07
   1.04600    0.169172E-07
   1.04800    0.162899E-07
   1.05000    0.153179E-07
   1.05200    0.141068E-07
   1.05400    0.127811E-07
   1.05600    0.114702E-07
   1.05800    0.102929E-07
   1.06000    0.934508E-08
   1.06200    0.868903E-08
   1.06400    0.834770E-08
   1.06600    0.830345E-08
   1.06800    0.850154E-08
   1.07000    0.885807E-08
   1.07200    0.927156E-08
   1.07400    0.963661E-08
   1.07600    0.985791E-08
   1.07800    0.986283E-08
   1.08000    0.961098E-08
   1.08200    0.909941E-08
   1.08400    0.836235E-08
   1.08600    0.746608E-08
   1.08800    0.649946E-08
   1.09000    0.556096E-08
   1.09200    0.474458E-08
   1.09400    0.412630E-08
   1.09600    0.375302E-08
   1.09800    0.363559E-08
   1.10000    0.374684E-08
   1.10200    0.402502E-08
   1.10400    0.438216E-08
   1.10600    0.471617E-08
   1.10800    0.492526E-08
   1.11000    0.492244E-08
   1.11200    0.464828E-08
   1.11400    0.408007E-08
   1.11600    0.323614E-08
   1.11800    0.217460E-08
   1.12000    0.986879E-09
   1.12200   -0.213302E-09
   1.12400   -0.130404E-08
   1.12600   -0.217069E-08
   1.12800   -0.272054E-08
   1.13000   -0.289491E-08
   1.13200   -0.267696E-08
   1.13400   -0.209436E-08
   1.13600   -0.121608E-08
   1.13800   -0.143968E-09
   1.14000    0.999977E-09
   1.14200    0.208878E-08
   1.14400    0.300660E-08
   1.14600    0.366293E-08
   1.14800    0.400344E-08
   1.15000    0.401553E-08
   1.15200    0.372832E-08
   1.15400    0.320703E-08
   1.15600    0.254234E-08
   1.15800    0.183659E-08
   1.16000    0.118886E-08
   1.16200    0.680948E-09
   1.16400    0.366286E-09
   1.16600    0.263394E-09
   1.16800    0.354597E-09
   1.17000    0.590215E-09
   1.17200    0.897393E-09
   1.17400    0.119217E-08
   1.17600    0.139292E-08
   1.17800    0.143325E-08
   1.18000    0.127234E-08
   1.18200    0.901234E-09
   1.18400    0.344267E-09
   1.18600   -0.344437E-09
   1.18800   -0.108886E-08
   1.19000   -0.180224E-08
   1.19200   -0.239979E-08
   1.19400   -0.281113E-08
   1.19600   -0.299083E-08
   1.19800   -0.292550E-08
   1.20000   -0.263638E-08
   1.20200   -0.217727E-08
   1.20400   -0.162777E-08
   1.20600   -0.108279E-08
   1.20800   -0.639995E-09
   1.21000   -0.386674E-09
   1.21200   -0.387675E-09
   1.21400   -0.676800E-09
   1.21600   -0.125226E-08
   1.21800   -0.207694E-08
   1.22000   -0.308388E-08
   1.22200   -0.418557E-08
   1.22400   -0.528613E-08
   1.22600   -0.629425E-08
   1.22800   -0.713523E-08
   1.23000   -0.776024E-08
   1.23200   -0.815149E-08
   1.23400   -0.832262E-08
   1.23600   -0.831431E-08
   1.23800   -0.818581E-08
   1.24000   -0.800390E-08
   1.24200   -0.783083E-08
   1.24400   -0.771344E-08
   1.24600   -0.767504E-08
   1.24800   -0.771112E-08
   1.25000   -0.779008E-08
   1.25200   -0.785846E-08
   1.25400   -0.785017E-08
   1.25600   -0.769816E-08
   1.25800   -0.734657E-08
   1.26000   -0.676168E-08
   1.26200   -0.593972E-08
   1.26400   -0.491017E-08
   1.26600   -0.373404E-08
   1.26800   -0.249708E-08
   1.27000   -0.129899E-08
   1.27200   -0.239942E-09
   1.27400    0.593140E-09
   1.27600    0.113854E-08
   1.27800    0.136835E-08
   1.28000    0.129192E-08
   1.28200    0.953516E-09
   1.28400    0.424834E-09
   1.28600   -0.206714E-09
   1.28800   -0.851859E-09
   1.29000   -0.143328E-08
   1.29200   -0.189712E-08
   1.29400   -0.222024E-08
   1.29600   -0.241210E-08
   1.29800   -0.251101E-08
   1.30000   -0.257550E-08
   1.30200   -0.267224E-08
   1.30400   -0.286272E-08
   1.30600   -0.319105E-08
   1.30800   -0.367488E-08
   1.31000   -0.430084E-08
   1.31200   -0.502550E-08
   1.31400   -0.578151E-08
   1.31600   -0.648786E-08
   1.31800   -0.706256E-08
   1.32000   -0.743548E-08
   1.32200   -0.755943E-08
   1.32400   -0.741761E-08
   1.32600   -0.702605E-08
   1.32800   -0.643091E-08
   1.33000   -0.570092E-08
   1.33200   -0.491627E-08
   1.33400   -0.415596E-08
   1.33600   -0.348535E-08
   1.33800   -0.294641E-08
   1.34000   -0.255227E-08
   1.34200   -0.228677E-08
   1.34400   -0.210946E-08
   1.34600   -0.196500E-08
   1.34800   -0.179550E-08
   1.35000   -0.155334E-08
   1.35200   -0.121244E-08
   1.35400   -0.775585E-09
   1.35600   -0.276529E-09
   1.35800    0.223838E-09
   1.36000    0.646801E-09
   1.36200    0.908877E-09
   1.36400    0.936757E-09
   1.36600    0.681519E-09
   1.36800    0.129198E-09
   1.37000   -0.693951E-09
   1.37200   -0.172269E-08
   1.37400   -0.286033E-08
   1.37600   -0.399163E-08
   1.37800   -0.499885E-08
   1.38000   -0.577830E-08
   1.38200   -0.625468E-08
   1.38400   -0.639073E-08
   1.38600   -0.619085E-08
   1.38800   -0.569816E-08
   1.39000   -0.498574E-08
   1.39200   -0.414381E-08
   1.39400   -0.326513E-08
   1.39600   -0.243131E-08
   1.39800   -0.170241E-08
   1.40000   -0.111152E-08
   1.40200   -0.664964E-09
   1.40400   -0.347402E-09
   1.40600   -0.130973E-09
   1.40800    0.140373E-10
   1.41000    0.109198E-09
   1.41200    0.160797E-09
   1.41400    0.157122E-09
   1.41600    0.706858E-10
   1.41800   -0.135128E-09
   1.42000   -0.496172E-09
   1.42200   -0.103669E-08
   1.42400   -0.175999E-08
   1.42600   -0.264253E-08
   1.42800   -0.363287E-08
   1.43000   -0.465623E-08
   1.43200   -0.562380E-08
   1.43400   -0.644515E-08
   1.43600   -0.704179E-08
   1.43800   -0.735913E-08
   1.44000   -0.737497E-08
   1.44200   -0.710268E-08
   1.44400   -0.658898E-08
   1.44600   -0.590653E-08
   1.44800   -0.514283E-08
   1.45000   -0.438780E-08
   1.45200   -0.372187E-08
   1.45400   -0.320682E-08
   1.45600   -0.288034E-08
   1.45800   -0.275532E-08
   1.46000   -0.282299E-08
   1.46200   -0.305879E-08
   1.46400   -0.342959E-08
   1.46600   -0.390041E-08
   1.46800   -0.443930E-08
   1.47000   -0.501970E-08
   1.47200   -0.561992E-08
   1.47400   -0.622042E-08
   1.47600   -0.680017E-08
   1.47800   -0.733329E-08
   1.48000   -0.778740E-08
   1.48200   -0.812446E-08
   1.48400   -0.830438E-08
   1.48600   -0.829128E-08
   1.48800   -0.806104E-08
   1.49000   -0.760858E-08
   1.49200   -0.695354E-08
   1.49400   -0.614257E-08
   1.49600   -0.524757E-08
   1.49800   -0.435946E-08
   1.50000   -0.357811E-08
   1.50200   -0.300006E-08
   1.50400   -0.270584E-08
   1.50600   -0.274900E-08
   1.50800   -0.314858E-08
   1.51000   -0.388657E-08
   1.51200   -0.491054E-08
   1.51400   -0.614112E-08
   1.51600   -0.748294E-08
   1.51800   -0.883702E-08
   1.52000   -0.101126E-07
   1.52200   -0.112369E-07
   1.52400   -0.121602E-07
   1.52600   -0.128583E-07
   1.52800   -0.133296E-07
   1.53000   -0.135907E-07
   1.53200   -0.136699E-07
   1.53400   -0.136010E-07
   1.53600   -0.134191E-07
   1.53800   -0.131576E-07
   1.54000   -0.128472E-07
   1.54200   -0.125169E-07
   1.54400   -0.121951E-07
   1.54600   -0.119092E-07
   1.54800   -0.116858E-07
   1.55000   -0.115475E-07
   1.55200   -0.115101E-07
   1.55400   -0.115784E-07
   1.55600   -0.117440E-07
   1.55800   -0.119837E-07
   1.56000   -0.122615E-07
   1.56200   -0.125327E-07
   1.56400   -0.127510E-07
   1.56600   -0.128757E-07
   1.56800   -0.128790E-07
   1.57000   -0.127517E-07
   1.57200   -0.125056E-07
   1.57400   -0.121714E-07
   1.57600   -0.117942E-07
   1.57800   -0.114253E-07
   1.58000   -0.111133E-07
   1.58200   -0.108956E-07
   1.58400   -0.107915E-07
   1.58600   -0.108002E-07
   1.58800   -0.109011E-07
   1.59000   -0.110590E-07
   1.59200   -0.112316E-07
   1.59400   -0.113783E-07
   1.59600   -0.114684E-07
   1.59800   -0.114869E-07
   1.60000   -0.114375E-07
   1.60200   -0.113417E-07
   1.60400   -0.112345E-07
   1.60600   -0.111583E-07
   1.60800   -0.111551E-07
   1.61000   -0.112599E-07
   1.61200   -0.114949E-07
   1.61400   -0.118666E-07
   1.61600   -0.123654E-07
   1.61800   -0.129676E-07
   1.62000   -0.136388E-07
   1.62200   -0.143382E-07
   1.62400   -0.150235E-07
   1.62600   -0.156547E-07
   1.62800   -0.161970E-07
   1.63000   -0.166233E-07
   1.63200   -0.169162E-07
   1.63400   -0.170681E-07
   1.63600   -0.170827E-07
   1.63800   -0.169739E-07
   1.64000   -0.167657E-07
   1.64200   -0.164894E-07
   1.64400   -0.161809E-07
   1.64600   -0.158762E-07
   1.64800   -0.156066E-07
   1.65000   -0.153937E-07
   1.65200   -0.152465E-07
   1.65400   -0.151591E-07
   1.65600   -0.151125E-07
   1.65800   -0.150775E-07
   1.66000   -0.150206E-07
   1.66200   -0.149106E-07
   1.66400   -0.147247E-07
   1.66600   -0.144526E-07
   1.66800   -0.140983E-07
   1.67000   -0.136787E-07
   1.67200   -0.132190E-07
   1.67400   -0.127477E-07
   1.67600   -0.122896E-07
   1.67800   -0.118614E-07
   1.68000   -0.114694E-07
   1.68200   -0.111093E-07
   1.68400   -0.107694E-07
   1.68600   -0.104353E-07
   1.68800   -0.100954E-07
   1.69000   -0.974478E-08
   1.69200   -0.938768E-08
   1.69400   -0.903737E-08
   1.69600   -0.871340E-08
   1.69800   -0.843701E-08
   1.70000   -0.822605E-08
   1.70200   -0.809040E-08
   1.70400   -0.802885E-08
   1.70600   -0.802838E-08
   1.70800   -0.806549E-08
   1.71000   -0.810951E-08
   1.71200   -0.812710E-08
   1.71400   -0.808678E-08
   1.71600   -0.796311E-08
   1.71800   -0.773971E-08
   1.72000   -0.741096E-08
   1.72200   -0.698236E-08
   1.72400   -0.646962E-08
   1.72600   -0.589715E-08
   1.72800   -0.529568E-08
   1.73000   -0.469969E-08
   1.73200   -0.414430E-08
   1.73400   -0.366216E-08
   1.73600   -0.328031E-08
   1.73800   -0.301707E-08
   1.74000   -0.287990E-08
   1.74200   -0.286387E-08
   1.74400   -0.295136E-08
   1.74600   -0.311313E-08
   1.74800   -0.331072E-08
   1.75000   -0.349980E-08
   1.75200   -0.363419E-08
   1.75400   -0.367006E-08
   1.75600   -0.356990E-08
   1.75800   -0.330571E-08
   1.76000   -0.286150E-08
   1.76200   -0.223472E-08
   1.76400   -0.143671E-08
   1.76600   -0.491906E-09
   1.76800    0.563764E-09
   1.77000    0.168573E-08
   1.77200    0.282450E-08
   1.77400    0.393012E-08
   1.77600    0.495705E-08
   1.77800    0.586880E-08
   1.78000    0.664192E-08
   1.78200    0.726854E-08
   1.78400    0.775701E-08
   1.78600    0.813063E-08
   1.78800    0.842444E-08
   1.79000    0.868072E-08
   1.79200    0.894369E-08
   1.79400    0.925436E-08
   1.79600    0.964615E-08
   1.79800    0.101419E-07
   1.80000    0.107526E-07
   1.80200    0.114771E-07
   1.80400    0.123043E-07
   1.80600    0.132151E-07
   1.80800    0.141855E-07
   1.81000    0.151903E-07
   1.81200    0.162057E-07
   1.81400    0.172128E-07
   1.81600    0.181992E-07
   1.81800    0.191609E-07
   1.82000    0.201026E-07
   1.82200    0.210370E-07
   1.82400    0.219836E-07
   1.82600    0.229660E-07
   1.82800    0.240092E-07
   1.83000    0.251362E-07
   1.83200    0.263654E-07
   1.83400    0.277090E-07
   1.83600    0.291711E-07
   1.83800    0.307489E-07
   1.84000    0.324333E-07
   1.84200    0.342109E-07
   1.84400    0.360668E-07
   1.84600    0.379869E-07
   1.84800    0.399598E-07
   1.85000    0.419782E-07
   1.85200    0.440398E-07
   1.85400    0.461468E-07
   1.85600    0.483053E-07
   1.85800    0.505234E-07
   1.86000    0.528107E-07
   1.86200    0.551763E-07
   1.86400    0.576286E-07
   1.86600    0.601746E-07
   1.86800    0.628202E-07
   1.87000    0.655727E-07
   1.87200    0.684401E-07
   1.87400    0.714342E-07
   1.87600    0.745717E-07
   1.87800    0.778746E-07
   1.88000    0.813726E-07
   1.88200    0.851014E-07
   1.88400    0.891039E-07
   1.88600    0.934281E-07
   1.88800    0.981256E-07
   1.89000    0.103250E-06
   1.89200    0.108850E-06
   1.89400    0.114974E-06
   1.89600    0.121650E-06
   1.89800    0.128895E-06
   1.90000    0.136711E-06
   1.90200    0.145073E-06
   1.90400    0.153940E-06
   1.90600    0.163249E-06
   1.90800    0.172930E-06
   1.91000    0.182916E-06
   1.91200    0.193154E-06
   1.91400    0.203619E-06
   1.91600    0.214323E-06
   1.91800    0.225311E-06
   1.92000    0.236647E-06
   1.92200    0.248379E-06
   1.92400    0.260490E-06
   1.92600    0.272832E-06
   1.92800    0.285047E-06
   1.93000    0.296503E-06
   1.93200    0.306242E-06
   1.93400    0.312971E-06
   1.93600    0.315101E-06
   1.93800    0.310851E-06
   1.94000    0.298411E-06
   1.94200    0.276156E-06
   1.94400    0.242884E-06
   1.94600    0.198041E-06
   1.94800    0.141904E-06
   1.95000    0.756756E-07
   1.95200    0.147110E-08
   1.95400   -0.778103E-07
   1.95600   -0.158724E-06
   1.95800   -0.237597E-06
   1.96000   -0.310869E-06
   1.96200   -0.375433E-06
   1.96400   -0.428892E-06
   1.96600   -0.469735E-06
   1.96800   -0.497390E-06
   1.97000   -0.512168E-06
   1.97200   -0.515124E-06
   1.97400   -0.507849E-06
   1.97600   -0.492257E-06
   1.97800   -0.470371E-06
   1.98000   -0.444148E-06
   1.98200   -0.415357E-06
   1.98400   -0.385505E-06
   1.98600   -0.355803E-06
   1.98800   -0.327173E-06
   1.99000   -0.300268E-06
   1.99200   -0.275507E-06
   1.99400   -0.253100E-06
   1.99600   -0.233084E-06
   1.99800   -0.215345E-06
   2.00000   -0.199644E-06
   2.00200   -0.185636E-06
   2.00400   -0.172906E-06
   2.00600   -0.160996E-06
   2.00800   -0.149446E-06
   2.01000   -0.137840E-06
   2.01200   -0.125847E-06
   2.01400   -0.113264E-06
   2.01600   -0.100043E-06
   2.01800   -0.863054E-07
   2.02000   -0.723421E-07
   2.02200   -0.585878E-07
   2.02400   -0.455653E-07
   2.02600   -0.338348E-07
   2.02800   -0.239221E-07
   2.03000   -0.162553E-07
   2.03200   -0.111119E-07
   2.03400   -0.858649E-08
   2.03600   -0.858363E-08
   2.03800   -0.108351E-07
   2.04000   -0.149379E-07
   2.04200   -0.204061E-07
   2.04400   -0.267268E-07
   2.04600   -0.334094E-07
   2.04800   -0.400251E-07
   2.05000   -0.462307E-07
   2.05200   -0.517776E-07
   2.05400   -0.565074E-07
   2.05600   -0.603405E-07
   2.05800   -0.632594E-07
   2.06000   -0.652940E-07
   2.06200   -0.665074E-07
   2.06400   -0.669858E-07
   2.06600   -0.668305E-07
   2.06800   -0.661513E-07
   2.07000   -0.650596E-07
   2.07200   -0.636622E-07
   2.07400   -0.620538E-07
   2.07600   -0.603107E-07
   2.07800   -0.584861E-07
   2.08000   -0.566082E-07
   2.08200   -0.546819E-07
   2.08400   -0.526944E-07
   2.08600   -0.506234E-07
   2.08800   -0.484469E-07
   2.09000   -0.461536E-07
   2.09200   -0.437505E-07
   2.09400   -0.412680E-07
   2.09600   -0.387604E-07
   2.09800   -0.363018E-07
   2.10000   -0.339798E-07
   2.10200   -0.318854E-07
   2.10400   -0.300993E-07
   2.10600   -0.286822E-07
   2.10800   -0.276652E-07
   2.11000   -0.270450E-07
   2.11200   -0.267819E-07
   2.11400   -0.268035E-07
   2.11600   -0.270128E-07
   2.11800   -0.272992E-07
   2.12000   -0.275506E-07
   2.12200   -0.276660E-07
   2.12400   -0.275657E-07
   2.12600   -0.271986E-07
   2.12800   -0.265458E-07
   2.13000   -0.256195E-07
   2.13200   -0.244589E-07
   2.13400   -0.231242E-07
   2.13600   -0.216883E-07
   2.13800   -0.202289E-07
   2.14000   -0.188210E-07
   2.14200   -0.175307E-07
   2.14400   -0.164099E-07
   2.14600   -0.154935E-07
   2.14800   -0.147973E-07
   2.15000   -0.143172E-07
   2.15200   -0.140307E-07
   2.15400   -0.138986E-07
   2.15600   -0.138680E-07
   2.15800   -0.138770E-07
   2.16000   -0.138589E-07
   2.16200   -0.137481E-07
   2.16400   -0.134848E-07
   2.16600   -0.130205E-07
   2.16800   -0.123223E-07
   2.17000   -0.113754E-07
   2.17200   -0.101851E-07
   2.17400   -0.877609E-08
   2.17600   -0.719002E-08
   2.17800   -0.548118E-08
   2.18000   -0.371071E-08
   2.18200   -0.193994E-08
   2.18400   -0.223584E-09
   2.18600    0.139590E-08
   2.18800    0.289328E-08
   2.19000    0.426280E-08
   2.19200    0.551929E-08
   2.19400    0.669588E-08
   2.19600    0.784173E-08
   2.19800    0.901738E-08
   2.20000    0.102894E-07
   2.20200    0.117272E-07
   2.20400    0.133992E-07
   2.20600    0.153691E-07
   2.20800    0.176939E-07
   2.21000    0.204227E-07
   2.21200    0.235961E-07
   2.21400    0.272449E-07
   2.21600    0.313900E-07
   2.21800    0.360407E-07
   2.22000    0.411937E-07
   2.22200    0.468304E-07
   2.22400    0.529146E-07
   2.22600    0.593885E-07
   2.22800    0.661674E-07
   2.23000    0.731324E-07
   2.23200    0.801219E-07
   2.23400    0.869210E-07
   2.23600    0.932526E-07
   2.23800    0.987714E-07
   2.24000    0.103064E-06
   2.24200    0.105661E-06
   2.24400    0.106063E-06
   2.24600    0.103778E-06
   2.24800    0.983746E-07
   2.25000    0.895429E-07
   2.25200    0.771522E-07
   2.25400    0.612998E-07
   2.25600    0.423382E-07
   2.25800    0.208745E-07
   2.26000   -0.226326E-08
   2.26200   -0.260888E-07
   2.26400   -0.495442E-07
   2.26600   -0.715972E-07
   2.26800   -0.913363E-07
   2.27000   -0.108050E-06
   2.27200   -0.121281E-06
   2.27400   -0.130845E-06
   2.27600   -0.136822E-06
   2.27800   -0.139517E-06
   2.28000   -0.139402E-06
   2.28200   -0.137050E-06
   2.28400   -0.133069E-06
   2.28600   -0.128041E-06
   2.28800   -0.122483E-06
   2.29000   -0.116818E-06
   2.29200   -0.111361E-06
   2.29400   -0.106323E-06
   2.29600   -0.101822E-06
   2.29800   -0.979002E-07
   2.30000   -0.945424E-07
   2.30200   -0.916963E-07
   2.30400   -0.892886E-07
   2.30600   -0.872380E-07
   2.30800   -0.854644E-07
   2.31000   -0.838955E-07
   2.31200   -0.824694E-07
   2.31400   -0.811361E-07
   2.31600   -0.798569E-07
   2.31800   -0.786042E-07
   2.32000   -0.773594E-07
   2.32200   -0.761111E-07
   2.32400   -0.748555E-07
   2.32600   -0.735939E-07
   2.32800   -0.723311E-07
   2.33000   -0.710743E-07
   2.33200   -0.698326E-07
   2.33400   -0.686156E-07
   2.33600   -0.674328E-07
   2.33800   -0.662925E-07
   2.34000   -0.652014E-07
   2.34200   -0.641640E-07
   2.34400   -0.631819E-07
   2.34600   -0.622533E-07
   2.34800   -0.613719E-07
   2.35000   -0.605261E-07
   2.35200   -0.596986E-07
   2.35400   -0.588649E-07
   2.35600   -0.579941E-07
   2.35800   -0.570489E-07
   2.36000   -0.559875E-07
   2.36200   -0.547665E-07
   2.36400   -0.533449E-07
   2.36600   -0.516889E-07
   2.36800   -0.497775E-07
   2.37000   -0.476072E-07
   2.37200   -0.451958E-07
   2.37400   -0.425842E-07
   2.37600   -0.398356E-07
   2.37800   -0.370315E-07
   2.38000   -0.342654E-07
   2.38200   -0.316340E-07
   2.38400   -0.292278E-07
   2.38600   -0.271215E-07
   2.38800   -0.253666E-07
   2.39000   -0.239863E-07
   2.39200   -0.229741E-07
   2.39400   -0.222961E-07
   2.39600   -0.218961E-07
   2.39800   -0.217032E-07
   2.40000   -0.216403E-07
   2.40200   -0.216329E-07
   2.40400   -0.216161E-07
   2.40600   -0.215395E-07
   2.40800   -0.213707E-07
   2.41000   -0.210945E-07
   2.41200   -0.207117E-07
   2.41400   -0.202352E-07
   2.41600   -0.196862E-07
   2.41800   -0.190893E-07
   2.42000   -0.184689E-07
   2.42200   -0.178462E-07
   2.42400   -0.172369E-07
   2.42600   -0.166510E-07
   2.42800   -0.160932E-07
   2.43000   -0.155638E-07
   2.43200   -0.150609E-07
   2.43400   -0.145822E-07
   2.43600   -0.141265E-07
   2.43800   -0.136953E-07
   2.44000   -0.132927E-07
   2.44200   -0.129258E-07
   2.44400   -0.126028E-07
   2.44600   -0.123322E-07
   2.44800   -0.121206E-07
   2.45000   -0.119709E-07
   2.45200   -0.118817E-07
   2.45400   -0.118461E-07
   2.45600   -0.118528E-07
   2.45800   -0.118863E-07
   2.46000   -0.119292E-07
   2.46200   -0.119634E-07
   2.46400   -0.119723E-07
   2.46600   -0.119414E-07
   2.46800   -0.118592E-07
   2.47000   -0.117169E-07
   2.47200   -0.115079E-07
   2.47400   -0.112269E-07
   2.47600   -0.108688E-07
   2.47800   -0.104284E-07
   2.48000   -0.990041E-08
   2.48200   -0.927973E-08
   2.48400   -0.856214E-08
   2.48600   -0.774546E-08
   2.48800   -0.683040E-08
   2.49000   -0.582122E-08
   2.49200   -0.472598E-08
   2.49400   -0.355637E-08
   2.49600   -0.232700E-08
   2.49800   -0.105451E-08
   2.50000    0.243604E-09
   2.50200    0.155023E-08
   2.50400    0.284978E-08
   2.50600    0.412903E-08
   2.50800    0.537790E-08
   2.51000    0.658989E-08
   2.51200    0.776222E-08
   2.51400    0.889575E-08
   2.51600    0.999472E-08
   2.51800    0.110663E-07
   2.52000    0.121200E-07
   2.52200    0.131669E-07
   2.52400    0.142191E-07
   2.52600    0.152885E-07
   2.52800    0.163856E-07
   2.53000    0.175191E-07
   2.53200    0.186944E-07
   2.53400    0.199130E-07
   2.53600    0.211718E-07
   2.53800    0.224636E-07
   2.54000    0.237773E-07
   2.54200    0.250990E-07
   2.54400    0.264136E-07
   2.54600    0.277062E-07
   2.54800    0.289635E-07
   2.55000    0.301747E-07
   2.55200    0.313323E-07
   2.55400    0.324311E-07
   2.55600    0.334682E-07
   2.55800    0.344419E-07
   2.56000    0.353504E-07
   2.56200    0.361914E-07
   2.56400    0.369615E-07
   2.56600    0.376562E-07
   2.56800    0.382699E-07
   2.57000    0.387965E-07
   2.57200    0.392299E-07
   2.57400    0.395643E-07
   2.57600    0.397952E-07
   2.57800    0.399195E-07
   2.58000    0.399360E-07
   2.58200    0.398463E-07
   2.58400    0.396544E-07
   2.58600    0.393675E-07
   2.58800    0.389950E-07
   2.59000    0.385483E-07
   2.59200    0.380393E-07
   2.59400    0.374792E-07
   2.59600    0.368771E-07
   2.59800    0.362389E-07
   2.60000    0.355669E-07
   2.60200    0.348601E-07
   2.60400    0.341146E-07
   2.60600    0.333258E-07
   2.60800    0.324894E-07
   2.61000    0.316035E-07
   2.61200    0.306694E-07
   2.61400    0.296924E-07
   2.61600    0.286821E-07
   2.61800    0.276511E-07
   2.62000    0.266145E-07
   2.62200    0.255884E-07
   2.62400    0.245887E-07
   2.62600    0.236296E-07
   2.62800    0.227232E-07
   2.63000    0.218786E-07
   2.63200    0.211011E-07
   2.63400    0.203924E-07
   2.63600    0.197503E-07
   2.63800    0.191690E-07
   2.64000    0.186389E-07
   2.64200    0.181480E-07
   2.64400    0.176824E-07
   2.64600    0.172272E-07
   2.64800    0.167686E-07
   2.65000    0.162948E-07
   2.65200    0.157972E-07
   2.65400    0.152715E-07
   2.65600    0.147181E-07
   2.65800    0.141414E-07
   2.66000    0.135489E-07
   2.66200    0.129502E-07
   2.66400    0.123548E-07
   2.66600    0.117705E-07
   2.66800    0.112027E-07
   2.67000    0.106533E-07
   2.67200    0.101209E-07
   2.67400    0.960185E-08
   2.67600    0.909087E-08
   2.67800    0.858282E-08
   2.68000    0.807378E-08
   2.68200    0.756199E-08
   2.68400    0.704839E-08
   2.68600    0.653688E-08
   2.68800    0.603400E-08
   2.69000    0.554849E-08
   2.69200    0.509036E-08
   2.69400    0.466980E-08
   2.69600    0.429600E-08
   2.69800    0.397584E-08
   2.70000    0.371285E-08
   2.70200    0.350638E-08
   2.70400    0.335139E-08
   2.70600    0.323906E-08
   2.70800    0.315791E-08
   2.71000    0.309560E-08
   2.71200    0.304062E-08
   2.71400    0.298394E-08
   2.71600    0.291983E-08
   2.71800    0.284570E-08
   2.72000    0.276113E-08
   2.72200    0.266620E-08
   2.72400    0.255983E-08
   2.72600    0.243840E-08
   2.72800    0.229517E-08
   2.73000    0.212122E-08
   2.73200    0.190718E-08
   2.73400    0.164583E-08
   2.73600    0.133470E-08
   2.73800    0.978231E-09
   2.74000    0.588415E-09
   2.74200    0.184048E-09
   2.74400   -0.211818E-09
   2.74600   -0.575721E-09
   2.74800   -0.887916E-09
   2.75000   -0.113647E-08
   2.75200   -0.131998E-08
   2.75400   -0.144844E-08
   2.75600   -0.154199E-08
   2.75800   -0.162763E-08
   2.76000   -0.173472E-08
   2.76200   -0.188995E-08
   2.76400   -0.211293E-08
   2.76600   -0.241326E-08
   2.76800   -0.278944E-08
   2.77000   -0.323048E-08
   2.77200   -0.371913E-08
   2.77400   -0.423649E-08
   2.77600   -0.476681E-08
   2.77800   -0.530209E-08
   2.78000   -0.584461E-08
   2.78200   -0.640814E-08
   2.78400   -0.701683E-08
   2.78600   -0.770194E-08
   2.78800   -0.849667E-08
   2.79000   -0.943775E-08
   2.79200   -0.105562E-07
   2.79400   -0.118784E-07
   2.79600   -0.134252E-07
   2.79800   -0.152144E-07
   2.80000   -0.172629E-07
   2.80200   -0.195897E-07
   2.80400   -0.222183E-07
   2.80600   -0.251762E-07
   2.80800   -0.284908E-07
   2.81000   -0.321817E-07
   2.81200   -0.362466E-07
   2.81400   -0.406433E-07
   2.81600   -0.452697E-07
   2.81800   -0.499415E-07
   2.82000   -0.543751E-07
   2.82200   -0.581779E-07
   2.82400   -0.608517E-07
   2.82600   -0.618133E-07
   2.82800   -0.604342E-07
   2.83000   -0.560990E-07
   2.83200   -0.482776E-07
   2.83400   -0.366041E-07
   2.83600   -0.209502E-07
   2.83800   -0.148157E-08
   2.84000    0.213149E-07
   2.84200    0.466414E-07
   2.84400    0.734393E-07
   2.84600    0.100476E-06
   2.84800    0.126457E-06
   2.85000    0.150150E-06
   2.85200    0.170505E-06
   2.85400    0.186741E-06
   2.85600    0.198413E-06
   2.85800    0.205423E-06
   2.86000    0.207999E-06
   2.86200    0.206636E-06
   2.86400    0.202014E-06
   2.86600    0.194914E-06
   2.86800    0.186127E-06
   2.87000    0.176391E-06
   2.87200    0.166331E-06
   2.87400    0.156441E-06
   2.87600    0.147069E-06
   2.87800    0.138430E-06
   2.88000    0.130622E-06
   2.88200    0.123657E-06
   2.88400    0.117485E-06
   2.88600    0.112015E-06
   2.88800    0.107145E-06
   2.89000    0.102769E-06
   2.89200    0.987951E-07
   2.89400    0.951466E-07
   2.89600    0.917693E-07
   2.89800    0.886289E-07
   2.90000    0.857096E-07
   2.90200    0.830101E-07
   2.90400    0.805385E-07
   2.90600    0.783082E-07
   2.90800    0.763327E-07
   2.91000    0.746219E-07
   2.91200    0.731832E-07
   2.91400    0.720136E-07
   2.91600    0.711029E-07
   2.91800    0.704326E-07
   2.92000    0.699760E-07
   2.92200    0.696983E-07
   2.92400    0.695571E-07
   2.92600    0.695034E-07
   2.92800    0.694832E-07
   2.93000    0.694397E-07
   2.93200    0.693171E-07
   2.93400    0.690642E-07
   2.93600    0.686393E-07
   2.93800    0.680144E-07
   2.94000    0.671781E-07
   2.94200    0.661375E-07
   2.94400    0.649177E-07
   2.94600    0.635592E-07
   2.94800    0.621136E-07
   2.95000    0.606378E-07
   2.95200    0.591881E-07
   2.95400    0.578144E-07
   2.95600    0.565550E-07
   2.95800    0.554340E-07
   2.96000    0.544595E-07
   2.96200    0.536241E-07
   2.96400    0.529067E-07
   2.96600    0.522761E-07
   2.96800    0.516945E-07
   2.97000    0.511225E-07
   2.97200    0.505236E-07
   2.97400    0.498684E-07
   2.97600    0.491383E-07
   2.97800    0.483276E-07
   2.98000    0.474451E-07
   2.98200    0.465129E-07
   2.98400    0.455652E-07
   2.98600    0.446438E-07
   2.98800    0.437939E-07
   2.99000    0.430588E-07
   2.99200    0.424749E-07
   2.99400    0.420676E-07
   2.99600    0.418485E-07
   2.99800    0.418144E-07
   3.00000    0.419480E-07
   3.00200    0.422208E-07
   3.00400    0.425965E-07
   3.00600    0.430352E-07
   3.00800    0.434978E-07
   3.01000    0.439495E-07
   3.01200    0.443627E-07
   3.01400    0.447185E-07
   3.01600    0.450069E-07
   3.01800    0.452262E-07
   3.02000    0.453821E-07
   3.02200    0.454858E-07
   3.02400    0.455519E-07
   3.02600    0.455970E-07
   3.02800    0.456380E-07
   3.03000    0.456905E-07
   3.03200    0.457677E-07
   3.03400    0.458798E-07
   3.03600    0.460331E-07
   3.03800    0.462301E-07
   3.04000    0.464696E-07
   3.04200    0.467467E-07
   3.04400    0.470544E-07
   3.04600    0.473832E-07
   3.04800    0.477230E-07
   3.05000    0.480633E-07
   3.05200    0.483936E-07
   3.05400    0.487046E-07
   3.05600    0.489876E-07
   3.05800    0.492355E-07
   3.06000    0.494427E-07
   3.06200    0.496052E-07
   3.06400    0.497215E-07
   3.06600    0.497923E-07
   3.06800    0.498209E-07
   3.07000    0.498137E-07
   3.07200    0.497791E-07
   3.07400    0.497278E-07
   3.07600    0.496717E-07
   3.07800    0.496235E-07
   3.08000    0.495953E-07
   3.08200    0.495982E-07
   3.08400    0.496413E-07
   3.08600    0.497310E-07
   3.08800    0.498705E-07
   3.09000    0.500597E-07
   3.09200    0.502946E-07
   3.09400    0.505677E-07
   3.09600    0.508679E-07
   3.09800    0.511816E-07
   3.10000    0.514931E-07
   3.10200    0.517857E-07
   3.10400    0.520437E-07
   3.10600    0.522531E-07
   3.10800    0.524038E-07
   3.11000    0.524906E-07
   3.11200    0.525147E-07
   3.11400    0.524842E-07
   3.11600    0.524134E-07
   3.11800    0.523224E-07
   3.12000    0.522355E-07
   3.12200    0.521780E-07
   3.12400    0.521737E-07
   3.12600    0.522415E-07
   3.12800    0.523918E-07
   3.13000    0.526238E-07
   3.13200    0.529229E-07
   3.13400    0.532591E-07
   3.13600    0.535867E-07
   3.13800    0.538448E-07
   3.14000    0.539596E-07
   3.14200    0.538479E-07
   3.14400    0.534228E-07
   3.14600    0.526013E-07
   3.14800    0.513129E-07
   3.15000    0.495104E-07
   3.15200    0.471804E-07
   3.15400    0.443529E-07
   3.15600    0.411085E-07
   3.15800    0.375809E-07
   3.16000    0.339533E-07
   3.16200    0.304491E-07
   3.16400    0.273145E-07
   3.16600    0.247980E-07
   3.16800    0.231251E-07
   3.17000    0.224751E-07
   3.17200    0.229610E-07
   3.17400    0.246164E-07
   3.17600    0.273911E-07
   3.17800    0.311566E-07
   3.18000    0.357196E-07
   3.18200    0.408424E-07
   3.18400    0.462659E-07
   3.18600    0.517330E-07
   3.18800    0.570087E-07
   3.19000    0.618954E-07
   3.19200    0.662415E-07
   3.19400    0.699444E-07
   3.19600    0.729484E-07
   3.19800    0.752386E-07
   3.20000    0.768338E-07
   3.20200    0.777777E-07
   3.20400    0.781324E-07
   3.20600    0.779720E-07
   3.20800    0.773777E-07
   3.21000    0.764351E-07
   3.21200    0.752309E-07
   3.21400    0.738507E-07
   3.21600    0.723762E-07
   3.21800    0.708822E-07
   3.22000    0.694330E-07
   3.22200    0.680791E-07
   3.22400    0.668536E-07
   3.22600    0.657699E-07
   3.22800    0.648193E-07
   3.23000    0.639726E-07
   3.23200    0.631804E-07
   3.23400    0.623772E-07
   3.23600    0.614877E-07
   3.23800    0.604336E-07
   3.24000    0.591420E-07
   3.24200    0.575542E-07
   3.24400    0.556342E-07
   3.24600    0.533756E-07
   3.24800    0.508061E-07
   3.25000    0.479879E-07
   3.25200    0.450146E-07
   3.25400    0.420027E-07
   3.25600    0.390806E-07
   3.25800    0.363739E-07
   3.26000    0.339901E-07
   3.26200    0.320054E-07
   3.26400    0.304531E-07
   3.26600    0.293185E-07
   3.26800    0.285385E-07
   3.27000    0.280071E-07
   3.27200    0.275865E-07
   3.27400    0.271211E-07
   3.27600    0.264540E-07
   3.27800    0.254430E-07
   3.28000    0.239758E-07
   3.28200    0.219810E-07
   3.28400    0.194360E-07
   3.28600    0.163697E-07
   3.28800    0.128608E-07
   3.29000    0.903064E-08
   3.29200    0.503283E-08
   3.29400    0.103928E-08
   3.29600   -0.277525E-08
   3.29800   -0.624859E-08
   3.30000   -0.924493E-08
   3.30200   -0.116654E-07
   3.30400   -0.134540E-07
   3.30600   -0.145993E-07
   3.30800   -0.151304E-07
   3.31000   -0.151102E-07
   3.31200   -0.146256E-07
   3.31400   -0.137766E-07
   3.31600   -0.126657E-07
   3.31800   -0.113901E-07
   3.32000   -0.100346E-07
   3.32200   -0.866847E-08
   3.32400   -0.734393E-08
   3.32600   -0.609753E-08
   3.32800   -0.495144E-08
   3.33000   -0.391660E-08
   3.33200   -0.299581E-08
   3.33400   -0.218612E-08
   3.33600   -0.148098E-08
   3.33800   -0.871983E-09
   3.34000   -0.349642E-09
   3.34200    0.954987E-10
   3.34400    0.472886E-09
   3.34600    0.791793E-09
   3.34800    0.106097E-08
   3.35000    0.128891E-08
   3.35200    0.148296E-08
   3.35400    0.165005E-08
   3.35600    0.179584E-08
   3.35800    0.192476E-08
   3.36000    0.203980E-08
   3.36200    0.214247E-08
   3.36400    0.223314E-08
   3.36600    0.231113E-08
   3.36800    0.237522E-08
   3.37000    0.242427E-08
   3.37200    0.245764E-08
   3.37400    0.247582E-08
   3.37600    0.248065E-08
   3.37800    0.247553E-08
   3.38000    0.246523E-08
   3.38200    0.245556E-08
   3.38400    0.245279E-08
   3.38600    0.246301E-08
   3.38800    0.249145E-08
   3.39000    0.254196E-08
   3.39200    0.261669E-08
   3.39400    0.271600E-08
   3.39600    0.283875E-08
   3.39800    0.298255E-08
   3.40000    0.314449E-08
   3.40200    0.332153E-08
   3.40400    0.351098E-08
   3.40600    0.371057E-08
   3.40800    0.391835E-08
   3.41000    0.413220E-08
   3.41200    0.434926E-08
   3.41400    0.456523E-08
   3.41600    0.477389E-08
   3.41800    0.496699E-08
   3.42000    0.513464E-08
   3.42200    0.526613E-08
   3.42400    0.535136E-08
   3.42600    0.538244E-08
   3.42800    0.535524E-08
   3.43000    0.527059E-08
   3.43200    0.513481E-08
   3.43400    0.495933E-08
   3.43600    0.475928E-08
   3.43800    0.455144E-08
   3.44000    0.435160E-08
   3.44200    0.417195E-08
   3.44400    0.401891E-08
   3.44600    0.389192E-08
   3.44800    0.378341E-08
   3.45000    0.368008E-08
   3.45200    0.356535E-08
   3.45400    0.342241E-08
   3.45600    0.323750E-08
   3.45800    0.300275E-08
   3.46000    0.271797E-08
   3.46200    0.239118E-08
   3.46400    0.203767E-08
   3.46600    0.167771E-08
   3.46800    0.133363E-08
   3.47000    0.102649E-08
   3.47200    0.773172E-09
   3.47400    0.584333E-09
   3.47600    0.463514E-09
   3.47800    0.407600E-09
   3.48000    0.408357E-09
   3.48200    0.454772E-09
   3.48400    0.535672E-09
   3.48600    0.642284E-09
   3.48800    0.770272E-09
   3.49000    0.921118E-09
   3.49200    0.110262E-08
   3.49400    0.132883E-08
   3.49600    0.161916E-08
   3.49800    0.199726E-08
   3.50000    0.248953E-08
   3.50200    0.312314E-08
   3.50400    0.392430E-08
   3.50600    0.491614E-08
   3.50800    0.611662E-08
   3.51000    0.753668E-08
   3.51200    0.917877E-08
   3.51400    0.110361E-07
   3.51600    0.130924E-07
   3.51800    0.153230E-07
   3.52000    0.176972E-07
   3.52200    0.201801E-07
   3.52400    0.227360E-07
   3.52600    0.253315E-07
   3.52800    0.279371E-07
   3.53000    0.305299E-07
   3.53200    0.330940E-07
   3.53400    0.356211E-07
   3.53600    0.381093E-07
   3.53800    0.405651E-07
   3.54000    0.429949E-07
   3.54200    0.454181E-07
   3.54400    0.478551E-07
   3.54600    0.503328E-07
   3.54800    0.528840E-07
   3.55000    0.555476E-07
   3.55200    0.583695E-07
   3.55400    0.614017E-07
   3.55600    0.647010E-07
   3.55800    0.683255E-07
   3.56000    0.723292E-07
   3.56200    0.767524E-07
   3.56400    0.816095E-07
   3.56600    0.868717E-07
   3.56800    0.924480E-07
   3.57000    0.981642E-07
   3.57200    0.103745E-06
   3.57400    0.108802E-06
   3.57600    0.112833E-06
   3.57800    0.115236E-06
   3.58000    0.115349E-06
   3.58200    0.112499E-06
   3.58400    0.106078E-06
   3.58600    0.956239E-07
   3.58800    0.809024E-07
   3.59000    0.619742E-07
   3.59200    0.392355E-07
   3.59400    0.134213E-07
   3.59600   -0.144349E-07
   3.59800   -0.430817E-07
   3.60000   -0.711639E-07
   3.60200   -0.973521E-07
   3.60400   -0.120472E-06
   3.60600   -0.139612E-06
   3.60800   -0.154197E-06
   3.61000   -0.164018E-06
   3.61200   -0.169215E-06
   3.61400   -0.170222E-06
   3.61600   -0.167690E-06
   3.61800   -0.162388E-06
   3.62000   -0.155118E-06
   3.62200   -0.146635E-06
   3.62400   -0.137592E-06
   3.62600   -0.128511E-06
   3.62800   -0.119769E-06
   3.63000   -0.111614E-06
   3.63200   -0.104175E-06
   3.63400   -0.974974E-07
   3.63600   -0.915624E-07
   3.63800   -0.863133E-07
   3.64000   -0.816736E-07
   3.64200   -0.775595E-07
   3.64400   -0.738889E-07
   3.64600   -0.705861E-07
   3.64800   -0.675846E-07
   3.65000   -0.648273E-07
   3.65200   -0.622677E-07
   3.65400   -0.598692E-07
   3.65600   -0.576056E-07
   3.65800   -0.554595E-07
   3.66000   -0.534233E-07
   3.66200   -0.514931E-07
   3.66400   -0.496779E-07
   3.66600   -0.479841E-07
   3.66800   -0.464210E-07
   3.67000   -0.449961E-07
   3.67200   -0.437135E-07
   3.67400   -0.425718E-07
   3.67600   -0.415634E-07
   3.67800   -0.406740E-07
   3.68000   -0.398836E-07
   3.68200   -0.391681E-07
   3.68400   -0.385010E-07
   3.68600   -0.378563E-07
   3.68800   -0.372104E-07
   3.69000   -0.365446E-07
   3.69200   -0.358464E-07
   3.69400   -0.351102E-07
   3.69600   -0.343377E-07
   3.69800   -0.335362E-07
   3.70000   -0.327177E-07
   3.70200   -0.318965E-07
   3.70400   -0.310875E-07
   3.70600   -0.303036E-07
   3.70800   -0.295550E-07
   3.71000   -0.288476E-07
   3.71200   -0.281836E-07
   3.71400   -0.275614E-07
   3.71600   -0.269771E-07
   3.71800   -0.264252E-07
   3.72000   -0.259004E-07
   3.72200   -0.253982E-07
   3.72400   -0.249155E-07
   3.72600   -0.244513E-07
   3.72800   -0.240058E-07
   3.73000   -0.235800E-07
   3.73200   -0.231751E-07
   3.73400   -0.227916E-07
   3.73600   -0.224285E-07
   3.73800   -0.220831E-07
   3.74000   -0.217510E-07
   3.74200   -0.214264E-07
   3.74400   -0.211023E-07
   3.74600   -0.207720E-07
   3.74800   -0.204298E-07
   3.75000   -0.200717E-07
   3.75200   -0.196966E-07
   3.75400   -0.193068E-07
   3.75600   -0.189080E-07
   3.75800   -0.185094E-07
   3.76000   -0.181227E-07
   3.76200   -0.177615E-07
   3.76400   -0.174392E-07
   3.76600   -0.171680E-07
   3.76800   -0.169569E-07
   3.77000   -0.168104E-07
   3.77200   -0.167276E-07
   3.77400   -0.167021E-07
   3.77600   -0.167223E-07
   3.77800   -0.167724E-07
   3.78000   -0.168342E-07
   3.78200   -0.168889E-07
   3.78400   -0.169190E-07
   3.78600   -0.169105E-07
   3.78800   -0.168532E-07
   3.79000   -0.167420E-07
   3.79200   -0.165766E-07
   3.79400   -0.163609E-07
   3.79600   -0.161021E-07
   3.79800   -0.158095E-07
   3.80000   -0.154939E-07
   3.80200   -0.151662E-07
   3.80400   -0.148379E-07
   3.80600   -0.145209E-07
   3.80800   -0.142277E-07
   3.81000   -0.139718E-07
   3.81200   -0.137683E-07
   3.81400   -0.136336E-07
   3.81600   -0.135846E-07
   3.81800   -0.136382E-07
   3.82000   -0.138090E-07
   3.82200   -0.141079E-07
   3.82400   -0.145399E-07
   3.82600   -0.151019E-07
   3.82800   -0.157816E-07
   3.83000   -0.165564E-07
   3.83200   -0.173930E-07
   3.83400   -0.182491E-07
   3.83600   -0.190748E-07
   3.83800   -0.198164E-07
   3.84000   -0.204202E-07
   3.84200   -0.208374E-07
   3.84400   -0.210290E-07
   3.84600   -0.209698E-07
   3.84800   -0.206521E-07
   3.85000   -0.200867E-07
   3.85200   -0.193029E-07
   3.85400   -0.183458E-07
   3.85600   -0.172726E-07
   3.85800   -0.161465E-07
   3.86000   -0.150317E-07
   3.86200   -0.139873E-07
   3.86400   -0.130627E-07
   3.86600   -0.122953E-07
   3.86800   -0.117080E-07
   3.87000   -0.113107E-07
   3.87200   -0.111010E-07
   3.87400   -0.110677E-07
   3.87600   -0.111934E-07
   3.87800   -0.114579E-07
   3.88000   -0.118408E-07
   3.88200   -0.123240E-07
   3.88400   -0.128926E-07
   3.88600   -0.135357E-07
   3.88800   -0.142462E-07
   3.89000   -0.150201E-07
   3.89200   -0.158555E-07
   3.89400   -0.167508E-07
   3.89600   -0.177035E-07
   3.89800   -0.187089E-07
   3.90000   -0.197586E-07
   3.90200   -0.208405E-07
   3.90400   -0.219382E-07
   3.90600   -0.230317E-07
   3.90800   -0.240981E-07
   3.91000   -0.251130E-07
   3.91200   -0.260525E-07
   3.91400   -0.268945E-07
   3.91600   -0.276206E-07
   3.91800   -0.282178E-07
   3.92000   -0.286793E-07
   3.92200   -0.290056E-07
   3.92400   -0.292038E-07
   3.92600   -0.292880E-07
   3.92800   -0.292772E-07
   3.93000   -0.291944E-07
   3.93200   -0.290639E-07
   3.93400   -0.289092E-07
   3.93600   -0.287510E-07
   3.93800   -0.286053E-07
   3.94000   -0.284822E-07
   3.94200   -0.283853E-07
   3.94400   -0.283127E-07
   3.94600   -0.282575E-07
   3.94800   -0.282103E-07
   3.95000   -0.281613E-07
   3.95200   -0.281021E-07
   3.95400   -0.280275E-07
   3.95600   -0.279363E-07
   3.95800   -0.278311E-07
   3.96000   -0.277171E-07
   3.96200   -0.276002E-07
   3.96400   -0.274845E-07
   3.96600   -0.273704E-07
   3.96800   -0.272525E-07
   3.97000   -0.271191E-07
   3.97200   -0.269524E-07
   3.97400   -0.267298E-07
   3.97600   -0.264262E-07
   3.97800   -0.260168E-07
   3.98000   -0.254793E-07
   3.98200   -0.247962E-07
   3.98400   -0.239567E-07
   3.98600   -0.229572E-07
   3.98800   -0.218014E-07
   3.99000   -0.205006E-07
   3.99200   -0.190725E-07
   3.99400   -0.175408E-07
   3.99600   -0.159340E-07
   3.99800   -0.142842E-07
   4.00000   -0.126258E-07
