   0.00000    0.000000E+00
   0.00200    0.000000E+00
   0.00400    0.000000E+00
   0.00600    0.000000E+00
   0.00800    0.000000E+00
   0.01000    0.000000E+00
   0.01200    0.000000E+00
   0.01400    0.000000E+00
   0.01600    0.000000E+00
   0.01800    0.000000E+00
   0.02000    0.000000E+00
   0.02200    0.000000E+00
   0.02400    0.000000E+00
   0.02600    0.581634E-10
   0.02800    0.173094E-09
   0.03000    0.372047E-09
   0.03200    0.745093E-09
   0.03400    0.144950E-08
   0.03600    0.274825E-08
   0.03800    0.508308E-08
   0.04000    0.917479E-08
   0.04200    0.161626E-07
   0.04400    0.277886E-07
   0.04600    0.466283E-07
   0.04800    0.763576E-07
   0.05000    0.122030E-06
   0.05200    0.190329E-06
   0.05400    0.289713E-06
   0.05600    0.430382E-06
   0.05800    0.623971E-06
   0.06000    0.882876E-06
   0.06200    0.121914E-05
   0.06400    0.164297E-05
   0.06600    0.216082E-05
   0.06800    0.277343E-05
   0.07000    0.347392E-05
   0.07200    0.424635E-05
   0.07400    0.506514E-05
   0.07600    0.589561E-05
   0.07800    0.669584E-05
   0.08000    0.741977E-05
   0.08200    0.802131E-05
   0.08400    0.845896E-05
   0.08600    0.870036E-05
   0.08800    0.872599E-05
   0.09000    0.853154E-05
   0.09200    0.812845E-05
   0.09400    0.754268E-05
   0.09600    0.681170E-05
   0.09800    0.598038E-05
   0.10000    0.509622E-05
   0.10200    0.420477E-05
   0.10400    0.334577E-05
   0.10600    0.255045E-05
   0.10800    0.184018E-05
   0.11000    0.122648E-05
   0.11200    0.712118E-06
   0.11400    0.292947E-06
   0.11600   -0.398955E-07
   0.11800   -0.297824E-06
   0.12000   -0.492948E-06
   0.12200   -0.636701E-06
   0.12400   -0.739021E-06
   0.12600   -0.808028E-06
   0.12800   -0.850104E-06
   0.13000   -0.870218E-06
   0.13200   -0.872358E-06
   0.13400   -0.859942E-06
   0.13600   -0.836118E-06
   0.13800   -0.803931E-06
   0.14000   -0.766345E-06
   0.14200   -0.726159E-06
   0.14400   -0.685867E-06
   0.14600   -0.647515E-06
   0.14800   -0.612622E-06
   0.15000   -0.582043E-06
   0.15200   -0.556114E-06
   0.15400   -0.534729E-06
   0.15600   -0.517447E-06
   0.15800   -0.503640E-06
   0.16000   -0.492647E-06
   0.16200   -0.483868E-06
   0.16400   -0.476825E-06
   0.16600   -0.471162E-06
   0.16800   -0.466615E-06
   0.17000   -0.462954E-06
   0.17200   -0.459928E-06
   0.17400   -0.457225E-06
   0.17600   -0.454453E-06
   0.17800   -0.451168E-06
   0.18000   -0.446922E-06
   0.18200   -0.441339E-06
   0.18400   -0.434179E-06
   0.18600   -0.425407E-06
   0.18800   -0.415217E-06
   0.19000   -0.404014E-06
   0.19200   -0.392368E-06
   0.19400   -0.380933E-06
   0.19600   -0.370351E-06
   0.19800   -0.361151E-06
   0.20000   -0.353673E-06
   0.20200   -0.348026E-06
   0.20400   -0.344080E-06
   0.20600   -0.341501E-06
   0.20800   -0.339820E-06
   0.21000   -0.338520E-06
   0.21200   -0.337127E-06
   0.21400   -0.335284E-06
   0.21600   -0.332805E-06
   0.21800   -0.329692E-06
   0.22000   -0.326112E-06
   0.22200   -0.322347E-06
   0.22400   -0.318728E-06
   0.22600   -0.315559E-06
   0.22800   -0.313048E-06
   0.23000   -0.311270E-06
   0.23200   -0.310143E-06
   0.23400   -0.309450E-06
   0.23600   -0.308875E-06
   0.23800   -0.308061E-06
   0.24000   -0.306674E-06
   0.24200   -0.304455E-06
   0.24400   -0.301262E-06
   0.24600   -0.297083E-06
   0.24800   -0.292032E-06
   0.25000   -0.286319E-06
   0.25200   -0.280210E-06
   0.25400   -0.273982E-06
   0.25600   -0.267883E-06
   0.25800   -0.262102E-06
   0.26000   -0.256758E-06
   0.26200   -0.251902E-06
   0.26400   -0.247537E-06
   0.26600   -0.243641E-06
   0.26800   -0.240189E-06
   0.27000   -0.237181E-06
   0.27200   -0.234643E-06
   0.27400   -0.232626E-06
   0.27600   -0.231193E-06
   0.27800   -0.230391E-06
   0.28000   -0.230228E-06
   0.28200   -0.230648E-06
   0.28400   -0.231520E-06
   0.28600   -0.232633E-06
   0.28800   -0.233717E-06
   0.29000   -0.234459E-06
   0.29200   -0.234552E-06
   0.29400   -0.233722E-06
   0.29600   -0.231774E-06
   0.29800   -0.228620E-06
   0.30000   -0.224291E-06
   0.30200   -0.218941E-06
   0.30400   -0.212834E-06
   0.30600   -0.206313E-06
   0.30800   -0.199762E-06
   0.31000   -0.193568E-06
   0.31200   -0.188077E-06
   0.31400   -0.183558E-06
   0.31600   -0.180184E-06
   0.31800   -0.178014E-06
   0.32000   -0.177001E-06
   0.32200   -0.177005E-06
   0.32400   -0.177811E-06
   0.32600   -0.179160E-06
   0.32800   -0.180774E-06
   0.33000   -0.182381E-06
   0.33200   -0.183734E-06
   0.33400   -0.184623E-06
   0.33600   -0.184879E-06
   0.33800   -0.184383E-06
   0.34000   -0.183062E-06
   0.34200   -0.180893E-06
   0.34400   -0.177903E-06
   0.34600   -0.174171E-06
   0.34800   -0.169833E-06
   0.35000   -0.165071E-06
   0.35200   -0.160113E-06
   0.35400   -0.155213E-06
   0.35600   -0.150630E-06
   0.35800   -0.146599E-06
   0.36000   -0.143311E-06
   0.36200   -0.140881E-06
   0.36400   -0.139337E-06
   0.36600   -0.138617E-06
   0.36800   -0.138574E-06
   0.37000   -0.138998E-06
   0.37200   -0.139643E-06
   0.37400   -0.140258E-06
   0.37600   -0.140617E-06
   0.37800   -0.140543E-06
   0.38000   -0.139918E-06
   0.38200   -0.138689E-06
   0.38400   -0.136867E-06
   0.38600   -0.134512E-06
   0.38800   -0.131725E-06
   0.39000   -0.128641E-06
   0.39200   -0.125410E-06
   0.39400   -0.122200E-06
   0.39600   -0.119186E-06
   0.39800   -0.116540E-06
   0.40000   -0.114422E-06
   0.40200   -0.112963E-06
   0.40400   -0.112250E-06
   0.40600   -0.112308E-06
   0.40800   -0.113093E-06
   0.41000   -0.114487E-06
   0.41200   -0.116306E-06
   0.41400   -0.118319E-06
   0.41600   -0.120274E-06
   0.41800   -0.121929E-06
   0.42000   -0.123080E-06
   0.42200   -0.123587E-06
   0.42400   -0.123386E-06
   0.42600   -0.122494E-06
   0.42800   -0.121000E-06
   0.43000   -0.119052E-06
   0.43200   -0.116832E-06
   0.43400   -0.114533E-06
   0.43600   -0.112339E-06
   0.43800   -0.110405E-06
   0.44000   -0.108842E-06
   0.44200   -0.107712E-06
   0.44400   -0.107025E-06
   0.44600   -0.106742E-06
   0.44800   -0.106783E-06
   0.45000   -0.107040E-06
   0.45200   -0.107392E-06
   0.45400   -0.107719E-06
   0.45600   -0.107917E-06
   0.45800   -0.107908E-06
   0.46000   -0.107649E-06
   0.46200   -0.107126E-06
   0.46400   -0.106357E-06
   0.46600   -0.105376E-06
   0.46800   -0.104220E-06
   0.47000   -0.102924E-06
   0.47200   -0.101509E-06
   0.47400   -0.999792E-07
   0.47600   -0.983258E-07
   0.47800   -0.965367E-07
   0.48000   -0.946069E-07
   0.48200   -0.925504E-07
   0.48400   -0.904095E-07
   0.48600   -0.882588E-07
   0.48800   -0.862020E-07
   0.49000   -0.843622E-07
   0.49200   -0.828664E-07
   0.49400   -0.818278E-07
   0.49600   -0.813258E-07
   0.49800   -0.813918E-07
   0.50000   -0.819996E-07
   0.50200   -0.830640E-07
   0.50400   -0.844476E-07
   0.50600   -0.859759E-07
   0.50800   -0.874574E-07
   0.51000   -0.887069E-07
   0.51200   -0.895674E-07
   0.51400   -0.899279E-07
   0.51600   -0.897351E-07
   0.51800   -0.889964E-07
   0.52000   -0.877753E-07
   0.52200   -0.861803E-07
   0.52400   -0.843489E-07
   0.52600   -0.824304E-07
   0.52800   -0.805694E-07
   0.53000   -0.788921E-07
   0.53200   -0.774974E-07
   0.53400   -0.764508E-07
   0.53600   -0.757838E-07
   0.53800   -0.754949E-07
   0.54000   -0.755513E-07
   0.54200   -0.758940E-07
   0.54400   -0.764421E-07
   0.54600   -0.770976E-07
   0.54800   -0.777529E-07
   0.55000   -0.782973E-07
   0.55200   -0.786290E-07
   0.55400   -0.786641E-07
   0.55600   -0.783472E-07
   0.55800   -0.776602E-07
   0.56000   -0.766268E-07
   0.56200   -0.753155E-07
   0.56400   -0.738350E-07
   0.56600   -0.723256E-07
   0.56800   -0.709504E-07
   0.57000   -0.698779E-07
   0.57200   -0.692708E-07
   0.57400   -0.692758E-07
   0.57600   -0.700044E-07
   0.57800   -0.715327E-07
   0.58000   -0.738915E-07
   0.58200   -0.770671E-07
   0.58400   -0.810018E-07
   0.58600   -0.855999E-07
   0.58800   -0.907336E-07
   0.59000   -0.962536E-07
   0.59200   -0.101999E-06
   0.59400   -0.107806E-06
   0.59600   -0.113522E-06
   0.59800   -0.119004E-06
   0.60000   -0.124128E-06
   0.60200   -0.128786E-06
   0.60400   -0.132877E-06
   0.60600   -0.136305E-06
   0.60800   -0.138970E-06
   0.61000   -0.140768E-06
   0.61200   -0.141592E-06
   0.61400   -0.141341E-06
   0.61600   -0.139942E-06
   0.61800   -0.137366E-06
   0.62000   -0.133652E-06
   0.62200   -0.128920E-06
   0.62400   -0.123379E-06
   0.62600   -0.117309E-06
   0.62800   -0.111041E-06
   0.63000   -0.104915E-06
   0.63200   -0.992375E-07
   0.63400   -0.942344E-07
   0.63600   -0.900241E-07
   0.63800   -0.865994E-07
   0.64000   -0.838346E-07
   0.64200   -0.815110E-07
   0.64400   -0.793577E-07
   0.64600   -0.770987E-07
   0.64800   -0.744988E-07
   0.65000   -0.713994E-07
   0.65200   -0.677378E-07
   0.65400   -0.635511E-07
   0.65600   -0.589621E-07
   0.65800   -0.541544E-07
   0.66000   -0.493409E-07
   0.66200   -0.447333E-07
   0.66400   -0.405132E-07
   0.66600   -0.368141E-07
   0.66800   -0.337117E-07
   0.67000   -0.312222E-07
   0.67200   -0.293097E-07
   0.67400   -0.278965E-07
   0.67600   -0.268779E-07
   0.67800   -0.261372E-07
   0.68000   -0.255598E-07
   0.68200   -0.250446E-07
   0.68400   -0.245124E-07
   0.68600   -0.239124E-07
   0.68800   -0.232247E-07
   0.69000   -0.224573E-07
   0.69200   -0.216454E-07
   0.69400   -0.208417E-07
   0.69600   -0.201081E-07
   0.69800   -0.195131E-07
   0.70000   -0.191144E-07
   0.70200   -0.189573E-07
   0.70400   -0.190648E-07
   0.70600   -0.194367E-07
   0.70800   -0.200469E-07
   0.71000   -0.208474E-07
   0.71200   -0.217723E-07
   0.71400   -0.227451E-07
   0.71600   -0.236877E-07
   0.71800   -0.245271E-07
   0.72000   -0.252046E-07
   0.72200   -0.256799E-07
   0.72400   -0.259348E-07
   0.72600   -0.259735E-07
   0.72800   -0.258203E-07
   0.73000   -0.255151E-07
   0.73200   -0.251079E-07
   0.73400   -0.246532E-07
   0.73600   -0.242034E-07
   0.73800   -0.238044E-07
   0.74000   -0.234925E-07
   0.74200   -0.232920E-07
   0.74400   -0.232153E-07
   0.74600   -0.232632E-07
   0.74800   -0.234261E-07
   0.75000   -0.236859E-07
   0.75200   -0.240175E-07
   0.75400   -0.243899E-07
   0.75600   -0.247684E-07
   0.75800   -0.251156E-07
   0.76000   -0.253941E-07
   0.76200   -0.255690E-07
   0.76400   -0.256110E-07
   0.76600   -0.254999E-07
   0.76800   -0.252281E-07
   0.77000   -0.248024E-07
   0.77200   -0.242458E-07
   0.77400   -0.235961E-07
   0.77600   -0.229040E-07
   0.77800   -0.222280E-07
   0.78000   -0.216287E-07
   0.78200   -0.211626E-07
   0.78400   -0.208746E-07
   0.78600   -0.207933E-07
   0.78800   -0.209262E-07
   0.79000   -0.212582E-07
   0.79200   -0.217519E-07
   0.79400   -0.223510E-07
   0.79600   -0.229863E-07
   0.79800   -0.235821E-07
   0.80000   -0.240658E-07
   0.80200   -0.243755E-07
   0.80400   -0.244682E-07
   0.80600   -0.243249E-07
   0.80800   -0.239537E-07
   0.81000   -0.233890E-07
   0.81200   -0.226881E-07
   0.81400   -0.219243E-07
   0.81600   -0.211786E-07
   0.81800   -0.205297E-07
   0.82000   -0.200451E-07
   0.82200   -0.197730E-07
   0.82400   -0.197369E-07
   0.82600   -0.199330E-07
   0.82800   -0.203305E-07
   0.83000   -0.208754E-07
   0.83200   -0.214961E-07
   0.83400   -0.221117E-07
   0.83600   -0.226400E-07
   0.83800   -0.230072E-07
   0.84000   -0.231549E-07
   0.84200   -0.230472E-07
   0.84400   -0.226742E-07
   0.84600   -0.220532E-07
   0.84800   -0.212273E-07
   0.85000   -0.202603E-07
   0.85200   -0.192309E-07
   0.85400   -0.182240E-07
   0.85600   -0.173221E-07
   0.85800   -0.165974E-07
   0.86000   -0.161046E-07
   0.86200   -0.158760E-07
   0.86400   -0.159191E-07
   0.86600   -0.162164E-07
   0.86800   -0.167279E-07
   0.87000   -0.173954E-07
   0.87200   -0.181483E-07
   0.87400   -0.189104E-07
   0.87600   -0.196070E-07
   0.87800   -0.201719E-07
   0.88000   -0.205528E-07
   0.88200   -0.207163E-07
   0.88400   -0.206499E-07
   0.88600   -0.203628E-07
   0.88800   -0.198836E-07
   0.89000   -0.192566E-07
   0.89200   -0.185362E-07
   0.89400   -0.177806E-07
   0.89600   -0.170452E-07
   0.89800   -0.163765E-07
   0.90000   -0.158079E-07
   0.90200   -0.153572E-07
   0.90400   -0.150257E-07
   0.90600   -0.148000E-07
   0.90800   -0.146554E-07
   0.91000   -0.145602E-07
   0.91200   -0.144807E-07
   0.91400   -0.143863E-07
   0.91600   -0.142537E-07
   0.91800   -0.140699E-07
   0.92000   -0.138338E-07
   0.92200   -0.135559E-07
   0.92400   -0.132566E-07
   0.92600   -0.129629E-07
   0.92800   -0.127040E-07
   0.93000   -0.125069E-07
   0.93200   -0.123921E-07
   0.93400   -0.123697E-07
   0.93600   -0.124375E-07
   0.93800   -0.125802E-07
   0.94000   -0.127703E-07
   0.94200   -0.129711E-07
   0.94400   -0.131405E-07
   0.94600   -0.132358E-07
   0.94800   -0.132184E-07
   0.95000   -0.130590E-07
   0.95200   -0.127407E-07
   0.95400   -0.122625E-07
   0.95600   -0.116391E-07
   0.95800   -0.109007E-07
   0.96000   -0.100903E-07
   0.96200   -0.925923E-08
   0.96400   -0.846230E-08
   0.96600   -0.775162E-08
   0.96800   -0.717112E-08
   0.97000   -0.675158E-08
   0.97200   -0.650704E-08
   0.97400   -0.643298E-08
   0.97600   -0.650643E-08
   0.97800   -0.668811E-08
   0.98000   -0.692624E-08
   0.98200   -0.716181E-08
   0.98400   -0.733462E-08
   0.98600   -0.738968E-08
   0.98800   -0.728321E-08
   0.99000   -0.698778E-08
   0.99200   -0.649581E-08
   0.99400   -0.582103E-08
   0.99600   -0.499778E-08
   0.99800   -0.407777E-08
   1.00000   -0.312463E-08
   1.00200   -0.220688E-08
   1.00400   -0.138989E-08
   1.00600   -0.727949E-09
   1.00800   -0.257404E-09
   1.01000    0.825288E-11
   1.01200    0.805839E-10
   1.01400   -0.470664E-11
   1.01600   -0.191752E-09
   1.01800   -0.411075E-09
   1.02000   -0.587899E-09
   1.02200   -0.651442E-09
   1.02400   -0.543763E-09
   1.02600   -0.227164E-09
   1.02800    0.310858E-09
   1.03000    0.105581E-08
   1.03200    0.196774E-08
   1.03400    0.298601E-08
   1.03600    0.403678E-08
   1.03800    0.504238E-08
   1.04000    0.593101E-08
   1.04200    0.664587E-08
   1.04400    0.715251E-08
   1.04600    0.744320E-08
   1.04800    0.753810E-08
   1.05000    0.748280E-08
   1.05200    0.734273E-08
   1.05400    0.719502E-08
   1.05600    0.711885E-08
   1.05800    0.718541E-08
   1.06000    0.744873E-08
   1.06200    0.793845E-08
   1.06400    0.865562E-08
   1.06600    0.957193E-08
   1.06800    0.106327E-07
   1.07000    0.117630E-07
   1.07200    0.128771E-07
   1.07400    0.138888E-07
   1.07600    0.147222E-07
   1.07800    0.153214E-07
   1.08000    0.156576E-07
   1.08200    0.157324E-07
   1.08400    0.155778E-07
   1.08600    0.152516E-07
   1.08800    0.148301E-07
   1.09000    0.143984E-07
   1.09200    0.140398E-07
   1.09400    0.138252E-07
   1.09600    0.138056E-07
   1.09800    0.140057E-07
   1.10000    0.144226E-07
   1.10200    0.150273E-07
   1.10400    0.157699E-07
   1.10600    0.165874E-07
   1.10800    0.174125E-07
   1.11000    0.181841E-07
   1.11200    0.188548E-07
   1.11400    0.193980E-07
   1.11600    0.198107E-07
   1.11800    0.201140E-07
   1.12000    0.203492E-07
   1.12200    0.205722E-07
   1.12400    0.208451E-07
   1.12600    0.212271E-07
   1.12800    0.217659E-07
   1.13000    0.224900E-07
   1.13200    0.234040E-07
   1.13400    0.244867E-07
   1.13600    0.256923E-07
   1.13800    0.269558E-07
   1.14000    0.282008E-07
   1.14200    0.293484E-07
   1.14400    0.303284E-07
   1.14600    0.310885E-07
   1.14800    0.316019E-07
   1.15000    0.318717E-07
   1.15200    0.319311E-07
   1.15400    0.318399E-07
   1.15600    0.316775E-07
   1.15800    0.315325E-07
   1.16000    0.314912E-07
   1.16200    0.316268E-07
   1.16400    0.319893E-07
   1.16600    0.325993E-07
   1.16800    0.334452E-07
   1.17000    0.344851E-07
   1.17200    0.356524E-07
   1.17400    0.368656E-07
   1.17600    0.380386E-07
   1.17800    0.390932E-07
   1.18000    0.399687E-07
   1.18200    0.406300E-07
   1.18400    0.410715E-07
   1.18600    0.413168E-07
   1.18800    0.414142E-07
   1.19000    0.414289E-07
   1.19200    0.414327E-07
   1.19400    0.414936E-07
   1.19600    0.416655E-07
   1.19800    0.419804E-07
   1.20000    0.424448E-07
   1.20200    0.430387E-07
   1.20400    0.437203E-07
   1.20600    0.444330E-07
   1.20800    0.451149E-07
   1.21000    0.457097E-07
   1.21200    0.461761E-07
   1.21400    0.464949E-07
   1.21600    0.466727E-07
   1.21800    0.467415E-07
   1.22000    0.467542E-07
   1.22200    0.467759E-07
   1.22400    0.468744E-07
   1.22600    0.471089E-07
   1.22800    0.475204E-07
   1.23000    0.481250E-07
   1.23200    0.489108E-07
   1.23400    0.498389E-07
   1.23600    0.508498E-07
   1.23800    0.518718E-07
   1.24000    0.528326E-07
   1.24200    0.536707E-07
   1.24400    0.543457E-07
   1.24600    0.548450E-07
   1.24800    0.551867E-07
   1.25000    0.554179E-07
   1.25200    0.556078E-07
   1.25400    0.558376E-07
   1.25600    0.561886E-07
   1.25800    0.567292E-07
   1.26000    0.575042E-07
   1.26200    0.585272E-07
   1.26400    0.597776E-07
   1.26600    0.612028E-07
   1.26800    0.627249E-07
   1.27000    0.642519E-07
   1.27200    0.656910E-07
   1.27400    0.669616E-07
   1.27600    0.680074E-07
   1.27800    0.688042E-07
   1.28000    0.693628E-07
   1.28200    0.697266E-07
   1.28400    0.699640E-07
   1.28600    0.701564E-07
   1.28800    0.703846E-07
   1.29000    0.707154E-07
   1.29200    0.711898E-07
   1.29400    0.718167E-07
   1.29600    0.725703E-07
   1.29800    0.733950E-07
   1.30000    0.742144E-07
   1.30200    0.749441E-07
   1.30400    0.755062E-07
   1.30600    0.758427E-07
   1.30800    0.759264E-07
   1.31000    0.757662E-07
   1.31200    0.754077E-07
   1.31400    0.749268E-07
   1.31600    0.744194E-07
   1.31800    0.739877E-07
   1.32000    0.737253E-07
   1.32200    0.737043E-07
   1.32400    0.739653E-07
   1.32600    0.745127E-07
   1.32800    0.753163E-07
   1.33000    0.763170E-07
   1.33200    0.774385E-07
   1.33400    0.786004E-07
   1.33600    0.797315E-07
   1.33800    0.807818E-07
   1.34000    0.817292E-07
   1.34200    0.825817E-07
   1.34400    0.833733E-07
   1.34600    0.841550E-07
   1.34800    0.849823E-07
   1.35000    0.859015E-07
   1.35200    0.869373E-07
   1.35400    0.880846E-07
   1.35600    0.893053E-07
   1.35800    0.905318E-07
   1.36000    0.916766E-07
   1.36200    0.926462E-07
   1.36400    0.933572E-07
   1.36600    0.937517E-07
   1.36800    0.938096E-07
   1.37000    0.935544E-07
   1.37200    0.930520E-07
   1.37400    0.924035E-07
   1.37600    0.917303E-07
   1.37800    0.911575E-07
   1.38000    0.907953E-07
   1.38200    0.907237E-07
   1.38400    0.909818E-07
   1.38600    0.915646E-07
   1.38800    0.924263E-07
   1.39000    0.934903E-07
   1.39200    0.946644E-07
   1.39400    0.958562E-07
   1.39600    0.969890E-07
   1.39800    0.980119E-07
   1.40000    0.989050E-07
   1.40200    0.996778E-07
   1.40400    0.100361E-06
   1.40600    0.100996E-06
   1.40800    0.101619E-06
   1.41000    0.102250E-06
   1.41200    0.102885E-06
   1.41400    0.103492E-06
   1.41600    0.104017E-06
   1.41800    0.104389E-06
   1.42000    0.104543E-06
   1.42200    0.104427E-06
   1.42400    0.104017E-06
   1.42600    0.103331E-06
   1.42800    0.102423E-06
   1.43000    0.101386E-06
   1.43200    0.100336E-06
   1.43400    0.993952E-07
   1.43600    0.986778E-07
   1.43800    0.982702E-07
   1.44000    0.982205E-07
   1.44200    0.985323E-07
   1.44400    0.991661E-07
   1.44600    0.100047E-06
   1.44800    0.101080E-06
   1.45000    0.102160E-06
   1.45200    0.103192E-06
   1.45400    0.104099E-06
   1.45600    0.104831E-06
   1.45800    0.105364E-06
   1.46000    0.105699E-06
   1.46200    0.105850E-06
   1.46400    0.105843E-06
   1.46600    0.105700E-06
   1.46800    0.105441E-06
   1.47000    0.105078E-06
   1.47200    0.104618E-06
   1.47400    0.104070E-06
   1.47600    0.103452E-06
   1.47800    0.102793E-06
   1.48000    0.102140E-06
   1.48200    0.101554E-06
   1.48400    0.101107E-06
   1.48600    0.100870E-06
   1.48800    0.100904E-06
   1.49000    0.101242E-06
   1.49200    0.101884E-06
   1.49400    0.102790E-06
   1.49600    0.103879E-06
   1.49800    0.105038E-06
   1.50000    0.106132E-06
   1.50200    0.107025E-06
   1.50400    0.107596E-06
   1.50600    0.107756E-06
   1.50800    0.107463E-06
   1.51000    0.106724E-06
   1.51200    0.105595E-06
   1.51400    0.104169E-06
   1.51600    0.102566E-06
   1.51800    0.100913E-06
   1.52000    0.993245E-07
   1.52200    0.978939E-07
   1.52400    0.966811E-07
   1.52600    0.957119E-07
   1.52800    0.949806E-07
   1.53000    0.944582E-07
   1.53200    0.941018E-07
   1.53400    0.938642E-07
   1.53600    0.937014E-07
   1.53800    0.935770E-07
   1.54000    0.934632E-07
   1.54200    0.933394E-07
   1.54400    0.931893E-07
   1.54600    0.929995E-07
   1.54800    0.927585E-07
   1.55000    0.924585E-07
   1.55200    0.920988E-07
   1.55400    0.916898E-07
   1.55600    0.912561E-07
   1.55800    0.908369E-07
   1.56000    0.904836E-07
   1.56200    0.902521E-07
   1.56400    0.901938E-07
   1.56600    0.903435E-07
   1.56800    0.907100E-07
   1.57000    0.912678E-07
   1.57200    0.919561E-07
   1.57400    0.926837E-07
   1.57600    0.933394E-07
   1.57800    0.938081E-07
   1.58000    0.939890E-07
   1.58200    0.938123E-07
   1.58400    0.932526E-07
   1.58600    0.923356E-07
   1.58800    0.911366E-07
   1.59000    0.897714E-07
   1.59200    0.883803E-07
   1.59400    0.871092E-07
   1.59600    0.860890E-07
   1.59800    0.854187E-07
   1.60000    0.851540E-07
   1.60200    0.853021E-07
   1.60400    0.858247E-07
   1.60600    0.866466E-07
   1.60800    0.876694E-07
   1.61000    0.887861E-07
   1.61200    0.898956E-07
   1.61400    0.909136E-07
   1.61600    0.917800E-07
   1.61800    0.924615E-07
   1.62000    0.929501E-07
   1.62200    0.932595E-07
   1.62400    0.934194E-07
   1.62600    0.934695E-07
   1.62800    0.934550E-07
   1.63000    0.934214E-07
   1.63200    0.934115E-07
   1.63400    0.934626E-07
   1.63600    0.936041E-07
   1.63800    0.938556E-07
   1.64000    0.942266E-07
   1.64200    0.947165E-07
   1.64400    0.953171E-07
   1.64600    0.960165E-07
   1.64800    0.968037E-07
   1.65000    0.976747E-07
   1.65200    0.986354E-07
   1.65400    0.997034E-07
   1.65600    0.100906E-06
   1.65800    0.102272E-06
   1.66000    0.103827E-06
   1.66200    0.105579E-06
   1.66400    0.107513E-06
   1.66600    0.109586E-06
   1.66800    0.111727E-06
   1.67000    0.113846E-06
   1.67200    0.115846E-06
   1.67400    0.117636E-06
   1.67600    0.119151E-06
   1.67800    0.120358E-06
   1.68000    0.121268E-06
   1.68200    0.121929E-06
   1.68400    0.122423E-06
   1.68600    0.122846E-06
   1.68800    0.123299E-06
   1.69000    0.123866E-06
   1.69200    0.124604E-06
   1.69400    0.125541E-06
   1.69600    0.126671E-06
   1.69800    0.127963E-06
   1.70000    0.129372E-06
   1.70200    0.130847E-06
   1.70400    0.132342E-06
   1.70600    0.133824E-06
   1.70800    0.135272E-06
   1.71000    0.136680E-06
   1.71200    0.138049E-06
   1.71400    0.139387E-06
   1.71600    0.140699E-06
   1.71800    0.141986E-06
   1.72000    0.143246E-06
   1.72200    0.144470E-06
   1.72400    0.145649E-06
   1.72600    0.146774E-06
   1.72800    0.147839E-06
   1.73000    0.148842E-06
   1.73200    0.149787E-06
   1.73400    0.150683E-06
   1.73600    0.151544E-06
   1.73800    0.152387E-06
   1.74000    0.153231E-06
   1.74200    0.154098E-06
   1.74400    0.155008E-06
   1.74600    0.155983E-06
   1.74800    0.157042E-06
   1.75000    0.158200E-06
   1.75200    0.159471E-06
   1.75400    0.160863E-06
   1.75600    0.162378E-06
   1.75800    0.164017E-06
   1.76000    0.165777E-06
   1.76200    0.167651E-06
   1.76400    0.169632E-06
   1.76600    0.171710E-06
   1.76800    0.173876E-06
   1.77000    0.176118E-06
   1.77200    0.178420E-06
   1.77400    0.180770E-06
   1.77600    0.183149E-06
   1.77800    0.185542E-06
   1.78000    0.187938E-06
   1.78200    0.190324E-06
   1.78400    0.192695E-06
   1.78600    0.195048E-06
   1.78800    0.197383E-06
   1.79000    0.199697E-06
   1.79200    0.201992E-06
   1.79400    0.204264E-06
   1.79600    0.206511E-06
   1.79800    0.208734E-06
   1.80000    0.210937E-06
   1.80200    0.213133E-06
   1.80400    0.215344E-06
   1.80600    0.217601E-06
   1.80800    0.219946E-06
   1.81000    0.222420E-06
   1.81200    0.225067E-06
   1.81400    0.227922E-06
   1.81600    0.231009E-06
   1.81800    0.234339E-06
   1.82000    0.237906E-06
   1.82200    0.241692E-06
   1.82400    0.245665E-06
   1.82600    0.249790E-06
   1.82800    0.254029E-06
   1.83000    0.258350E-06
   1.83200    0.262730E-06
   1.83400    0.267158E-06
   1.83600    0.271641E-06
   1.83800    0.276195E-06
   1.84000    0.280852E-06
   1.84200    0.285649E-06
   1.84400    0.290626E-06
   1.84600    0.295818E-06
   1.84800    0.301251E-06
   1.85000    0.306937E-06
   1.85200    0.312873E-06
   1.85400    0.319041E-06
   1.85600    0.325413E-06
   1.85800    0.331955E-06
   1.86000    0.338635E-06
   1.86200    0.345424E-06
   1.86400    0.352303E-06
   1.86600    0.359266E-06
   1.86800    0.366315E-06
   1.87000    0.373459E-06
   1.87200    0.380706E-06
   1.87400    0.388066E-06
   1.87600    0.395537E-06
   1.87800    0.403113E-06
   1.88000    0.410776E-06
   1.88200    0.418503E-06
   1.88400    0.426269E-06
   1.88600    0.434061E-06
   1.88800    0.441881E-06
   1.89000    0.449774E-06
   1.89200    0.457845E-06
   1.89400    0.466309E-06
   1.89600    0.475476E-06
   1.89800    0.485840E-06
   1.90000    0.498147E-06
   1.90200    0.513364E-06
   1.90400    0.532750E-06
   1.90600    0.557826E-06
   1.90800    0.590345E-06
   1.91000    0.632205E-06
   1.91200    0.685310E-06
   1.91400    0.751402E-06
   1.91600    0.831835E-06
   1.91800    0.927338E-06
   1.92000    0.103776E-05
   1.92200    0.116184E-05
   1.92400    0.129696E-05
   1.92600    0.143900E-05
   1.92800    0.158220E-05
   1.93000    0.171915E-05
   1.93200    0.184089E-05
   1.93400    0.193720E-05
   1.93600    0.199709E-05
   1.93800    0.200949E-05
   1.94000    0.196416E-05
   1.94200    0.185279E-05
   1.94400    0.167006E-05
   1.94600    0.141472E-05
   1.94800    0.109023E-05
   1.95000    0.705181E-06
   1.95200    0.272959E-06
   1.95400   -0.189020E-06
   1.95600   -0.660665E-06
   1.95800   -0.112091E-05
   1.96000   -0.154956E-05
   1.96200   -0.192903E-05
   1.96400   -0.224571E-05
   1.96600   -0.249086E-05
   1.96800   -0.266088E-05
   1.97000   -0.275701E-05
   1.97200   -0.278456E-05
   1.97400   -0.275189E-05
   1.97600   -0.266926E-05
   1.97800   -0.254769E-05
   1.98000   -0.239811E-05
   1.98200   -0.223066E-05
   1.98400   -0.205427E-05
   1.98600   -0.187649E-05
   1.98800   -0.170343E-05
   1.99000   -0.153980E-05
   1.99200   -0.138904E-05
   1.99400   -0.125339E-05
   1.99600   -0.113401E-05
   1.99800   -0.103104E-05
   2.00000   -0.943738E-06
   2.00200   -0.870609E-06
   2.00400   -0.809551E-06
   2.00600   -0.758070E-06
   2.00800   -0.713520E-06
   2.01000   -0.673345E-06
   2.01200   -0.635325E-06
   2.01400   -0.597768E-06
   2.01600   -0.559663E-06
   2.01800   -0.520698E-06
   2.02000   -0.481289E-06
   2.02200   -0.442445E-06
   2.02400   -0.405530E-06
   2.02600   -0.372080E-06
   2.02800   -0.343538E-06
   2.03000   -0.321040E-06
   2.03200   -0.305252E-06
   2.03400   -0.296276E-06
   2.03600   -0.293659E-06
   2.03800   -0.296462E-06
   2.04000   -0.303402E-06
   2.04200   -0.313026E-06
   2.04400   -0.323885E-06
   2.04600   -0.334685E-06
   2.04800   -0.344380E-06
   2.05000   -0.352237E-06
   2.05200   -0.357832E-06
   2.05400   -0.361016E-06
   2.05600   -0.361851E-06
   2.05800   -0.360541E-06
   2.06000   -0.357366E-06
   2.06200   -0.352626E-06
   2.06400   -0.346607E-06
   2.06600   -0.339552E-06
   2.06800   -0.331654E-06
   2.07000   -0.323052E-06
   2.07200   -0.313839E-06
   2.07400   -0.304069E-06
   2.07600   -0.293768E-06
   2.07800   -0.282951E-06
   2.08000   -0.271634E-06
   2.08200   -0.259852E-06
   2.08400   -0.247667E-06
   2.08600   -0.235188E-06
   2.08800   -0.222569E-06
   2.09000   -0.210011E-06
   2.09200   -0.197759E-06
   2.09400   -0.186084E-06
   2.09600   -0.175273E-06
   2.09800   -0.165611E-06
   2.10000   -0.157357E-06
   2.10200   -0.150730E-06
   2.10400   -0.145881E-06
   2.10600   -0.142881E-06
   2.10800   -0.141696E-06
   2.11000   -0.142186E-06
   2.11200   -0.144092E-06
   2.11400   -0.147053E-06
   2.11600   -0.150618E-06
   2.11800   -0.154288E-06
   2.12000   -0.157550E-06
   2.12200   -0.159928E-06
   2.12400   -0.161028E-06
   2.12600   -0.160578E-06
   2.12800   -0.158452E-06
   2.13000   -0.154685E-06
   2.13200   -0.149460E-06
   2.13400   -0.143091E-06
   2.13600   -0.135990E-06
   2.13800   -0.128618E-06
   2.14000   -0.121444E-06
   2.14200   -0.114899E-06
   2.14400   -0.109335E-06
   2.14600   -0.104998E-06
   2.14800   -0.102008E-06
   2.15000   -0.100361E-06
   2.15200   -0.999304E-07
   2.15400   -0.100495E-06
   2.15600   -0.101764E-06
   2.15800   -0.103406E-06
   2.16000   -0.105086E-06
   2.16200   -0.106484E-06
   2.16400   -0.107323E-06
   2.16600   -0.107379E-06
   2.16800   -0.106491E-06
   2.17000   -0.104563E-06
   2.17200   -0.101565E-06
   2.17400   -0.975329E-07
   2.17600   -0.925672E-07
   2.17800   -0.868229E-07
   2.18000   -0.805017E-07
   2.18200   -0.738361E-07
   2.18400   -0.670706E-07
   2.18600   -0.604396E-07
   2.18800   -0.541429E-07
   2.19000   -0.483239E-07
   2.19200   -0.430520E-07
   2.19400   -0.383162E-07
   2.19600   -0.340213E-07
   2.19800   -0.300003E-07
   2.20000   -0.260336E-07
   2.20200   -0.218655E-07
   2.20400   -0.172251E-07
   2.20600   -0.118512E-07
   2.20800   -0.550381E-08
   2.21000    0.202668E-08
   2.21200    0.109168E-07
   2.21400    0.213115E-07
   2.21600    0.333269E-07
   2.21800    0.470522E-07
   2.22000    0.625474E-07
   2.22200    0.798357E-07
   2.22400    0.988888E-07
   2.22600    0.119604E-06
   2.22800    0.141775E-06
   2.23000    0.165051E-06
   2.23200    0.188897E-06
   2.23400    0.212550E-06
   2.23600    0.234980E-06
   2.23800    0.254876E-06
   2.24000    0.270657E-06
   2.24200    0.280524E-06
   2.24400    0.282572E-06
   2.24600    0.274939E-06
   2.24800    0.256009E-06
   2.25000    0.224634E-06
   2.25200    0.180343E-06
   2.25400    0.123510E-06
   2.25600    0.554413E-07
   2.25800   -0.216390E-07
   2.26000   -0.104723E-06
   2.26200   -0.190253E-06
   2.26400   -0.274438E-06
   2.26600   -0.353603E-06
   2.26800   -0.424522E-06
   2.27000   -0.484698E-06
   2.27200   -0.532541E-06
   2.27400   -0.567432E-06
   2.27600   -0.589681E-06
   2.27800   -0.600380E-06
   2.28000   -0.601194E-06
   2.28200   -0.594127E-06
   2.28400   -0.581288E-06
   2.28600   -0.564693E-06
   2.28800   -0.546115E-06
   2.29000   -0.526999E-06
   2.29200   -0.508426E-06
   2.29400   -0.491120E-06
   2.29600   -0.475498E-06
   2.29800   -0.461727E-06
   2.30000   -0.449793E-06
   2.30200   -0.439562E-06
   2.30400   -0.430835E-06
   2.30600   -0.423385E-06
   2.30800   -0.416983E-06
   2.31000   -0.411420E-06
   2.31200   -0.406507E-06
   2.31400   -0.402088E-06
   2.31600   -0.398030E-06
   2.31800   -0.394232E-06
   2.32000   -0.390617E-06
   2.32200   -0.387132E-06
   2.32400   -0.383751E-06
   2.32600   -0.380473E-06
   2.32800   -0.377312E-06
   2.33000   -0.374298E-06
   2.33200   -0.371474E-06
   2.33400   -0.368886E-06
   2.33600   -0.366582E-06
   2.33800   -0.364604E-06
   2.34000   -0.362984E-06
   2.34200   -0.361741E-06
   2.34400   -0.360875E-06
   2.34600   -0.360367E-06
   2.34800   -0.360178E-06
   2.35000   -0.360246E-06
   2.35200   -0.360489E-06
   2.35400   -0.360806E-06
   2.35600   -0.361083E-06
   2.35800   -0.361198E-06
   2.36000   -0.361033E-06
   2.36200   -0.360482E-06
   2.36400   -0.359463E-06
   2.36600   -0.357929E-06
   2.36800   -0.355873E-06
   2.37000   -0.353336E-06
   2.37200   -0.350401E-06
   2.37400   -0.347184E-06
   2.37600   -0.343827E-06
   2.37800   -0.340478E-06
   2.38000   -0.337272E-06
   2.38200   -0.334320E-06
   2.38400   -0.331696E-06
   2.38600   -0.329428E-06
   2.38800   -0.327497E-06
   2.39000   -0.325847E-06
   2.39200   -0.324390E-06
   2.39400   -0.323023E-06
   2.39600   -0.321642E-06
   2.39800   -0.320155E-06
   2.40000   -0.318491E-06
   2.40200   -0.316613E-06
   2.40400   -0.314514E-06
   2.40600   -0.312221E-06
   2.40800   -0.309786E-06
   2.41000   -0.307283E-06
   2.41200   -0.304791E-06
   2.41400   -0.302394E-06
   2.41600   -0.300163E-06
   2.41800   -0.298156E-06
   2.42000   -0.296410E-06
   2.42200   -0.294943E-06
   2.42400   -0.293751E-06
   2.42600   -0.292818E-06
   2.42800   -0.292117E-06
   2.43000   -0.291620E-06
   2.43200   -0.291303E-06
   2.43400   -0.291151E-06
   2.43600   -0.291159E-06
   2.43800   -0.291336E-06
   2.44000   -0.291692E-06
   2.44200   -0.292241E-06
   2.44400   -0.292984E-06
   2.44600   -0.293906E-06
   2.44800   -0.294964E-06
   2.45000   -0.296083E-06
   2.45200   -0.297159E-06
   2.45400   -0.298063E-06
   2.45600   -0.298650E-06
   2.45800   -0.298778E-06
   2.46000   -0.298324E-06
   2.46200   -0.297198E-06
   2.46400   -0.295358E-06
   2.46600   -0.292813E-06
   2.46800   -0.289624E-06
   2.47000   -0.285896E-06
   2.47200   -0.281761E-06
   2.47400   -0.277362E-06
   2.47600   -0.272837E-06
   2.47800   -0.268302E-06
   2.48000   -0.263845E-06
   2.48200   -0.259520E-06
   2.48400   -0.255347E-06
   2.48600   -0.251324E-06
   2.48800   -0.247432E-06
   2.49000   -0.243645E-06
   2.49200   -0.239943E-06
   2.49400   -0.236313E-06
   2.49600   -0.232754E-06
   2.49800   -0.229277E-06
   2.50000   -0.225903E-06
   2.50200   -0.222658E-06
   2.50400   -0.219569E-06
   2.50600   -0.216658E-06
   2.50800   -0.213941E-06
   2.51000   -0.211424E-06
   2.51200   -0.209103E-06
   2.51400   -0.206959E-06
   2.51600   -0.204968E-06
   2.51800   -0.203094E-06
   2.52000   -0.201296E-06
   2.52200   -0.199529E-06
   2.52400   -0.197747E-06
   2.52600   -0.195908E-06
   2.52800   -0.193974E-06
   2.53000   -0.191918E-06
   2.53200   -0.189723E-06
   2.53400   -0.187389E-06
   2.53600   -0.184929E-06
   2.53800   -0.182372E-06
   2.54000   -0.179757E-06
   2.54200   -0.177128E-06
   2.54400   -0.174530E-06
   2.54600   -0.172003E-06
   2.54800   -0.169575E-06
   2.55000   -0.167260E-06
   2.55200   -0.165059E-06
   2.55400   -0.162962E-06
   2.55600   -0.160952E-06
   2.55800   -0.159009E-06
   2.56000   -0.157119E-06
   2.56200   -0.155270E-06
   2.56400   -0.153463E-06
   2.56600   -0.151704E-06
   2.56800   -0.150009E-06
   2.57000   -0.148399E-06
   2.57200   -0.146896E-06
   2.57400   -0.145528E-06
   2.57600   -0.144319E-06
   2.57800   -0.143291E-06
   2.58000   -0.142461E-06
   2.58200   -0.141841E-06
   2.58400   -0.141430E-06
   2.58600   -0.141216E-06
   2.58800   -0.141176E-06
   2.59000   -0.141276E-06
   2.59200   -0.141476E-06
   2.59400   -0.141731E-06
   2.59600   -0.142003E-06
   2.59800   -0.142261E-06
   2.60000   -0.142488E-06
   2.60200   -0.142678E-06
   2.60400   -0.142841E-06
   2.60600   -0.142990E-06
   2.60800   -0.143145E-06
   2.61000   -0.143323E-06
   2.61200   -0.143536E-06
   2.61400   -0.143788E-06
   2.61600   -0.144076E-06
   2.61800   -0.144392E-06
   2.62000   -0.144725E-06
   2.62200   -0.145066E-06
   2.62400   -0.145405E-06
   2.62600   -0.145735E-06
   2.62800   -0.146051E-06
   2.63000   -0.146345E-06
   2.63200   -0.146610E-06
   2.63400   -0.146836E-06
   2.63600   -0.147010E-06
   2.63800   -0.147122E-06
   2.64000   -0.147163E-06
   2.64200   -0.147132E-06
   2.64400   -0.147037E-06
   2.64600   -0.146893E-06
   2.64800   -0.146725E-06
   2.65000   -0.146561E-06
   2.65200   -0.146431E-06
   2.65400   -0.146358E-06
   2.65600   -0.146358E-06
   2.65800   -0.146433E-06
   2.66000   -0.146577E-06
   2.66200   -0.146772E-06
   2.66400   -0.146997E-06
   2.66600   -0.147230E-06
   2.66800   -0.147452E-06
   2.67000   -0.147653E-06
   2.67200   -0.147831E-06
   2.67400   -0.147991E-06
   2.67600   -0.148144E-06
   2.67800   -0.148300E-06
   2.68000   -0.148469E-06
   2.68200   -0.148653E-06
   2.68400   -0.148844E-06
   2.68600   -0.149028E-06
   2.68800   -0.149185E-06
   2.69000   -0.149288E-06
   2.69200   -0.149314E-06
   2.69400   -0.149244E-06
   2.69600   -0.149067E-06
   2.69800   -0.148786E-06
   2.70000   -0.148412E-06
   2.70200   -0.147968E-06
   2.70400   -0.147483E-06
   2.70600   -0.146988E-06
   2.70800   -0.146509E-06
   2.71000   -0.146068E-06
   2.71200   -0.145672E-06
   2.71400   -0.145321E-06
   2.71600   -0.145004E-06
   2.71800   -0.144707E-06
   2.72000   -0.144418E-06
   2.72200   -0.144129E-06
   2.72400   -0.143845E-06
   2.72600   -0.143583E-06
   2.72800   -0.143371E-06
   2.73000   -0.143242E-06
   2.73200   -0.143233E-06
   2.73400   -0.143372E-06
   2.73600   -0.143677E-06
   2.73800   -0.144147E-06
   2.74000   -0.144765E-06
   2.74200   -0.145496E-06
   2.74400   -0.146297E-06
   2.74600   -0.147121E-06
   2.74800   -0.147927E-06
   2.75000   -0.148688E-06
   2.75200   -0.149391E-06
   2.75400   -0.150048E-06
   2.75600   -0.150686E-06
   2.75800   -0.151348E-06
   2.76000   -0.152082E-06
   2.76200   -0.152935E-06
   2.76400   -0.153947E-06
   2.76600   -0.155147E-06
   2.76800   -0.156548E-06
   2.77000   -0.158153E-06
   2.77200   -0.159959E-06
   2.77400   -0.161961E-06
   2.77600   -0.164159E-06
   2.77800   -0.166565E-06
   2.78000   -0.169204E-06
   2.78200   -0.172116E-06
   2.78400   -0.175355E-06
   2.78600   -0.178981E-06
   2.78800   -0.183053E-06
   2.79000   -0.187648E-06
   2.79200   -0.192834E-06
   2.79400   -0.198686E-06
   2.79600   -0.205287E-06
   2.79800   -0.212734E-06
   2.80000   -0.221144E-06
   2.80200   -0.230658E-06
   2.80400   -0.241436E-06
   2.80600   -0.253645E-06
   2.80800   -0.267430E-06
   2.81000   -0.282878E-06
   2.81200   -0.299958E-06
   2.81400   -0.318447E-06
   2.81600   -0.337860E-06
   2.81800   -0.357364E-06
   2.82000   -0.375727E-06
   2.82200   -0.391285E-06
   2.82400   -0.401971E-06
   2.82600   -0.405407E-06
   2.82800   -0.399065E-06
   2.83000   -0.380507E-06
   2.83200   -0.347673E-06
   2.83400   -0.299191E-06
   2.83600   -0.234657E-06
   2.83800   -0.154859E-06
   2.84000   -0.618630E-07
   2.84200    0.410364E-07
   2.84400    0.149528E-06
   2.84600    0.258641E-06
   2.84800    0.363197E-06
   2.85000    0.458306E-06
   2.85200    0.539828E-06
   2.85400    0.604736E-06
   2.85600    0.651337E-06
   2.85800    0.679328E-06
   2.86000    0.689684E-06
   2.86200    0.684419E-06
   2.86400    0.666264E-06
   2.86600    0.638312E-06
   2.86800    0.603687E-06
   2.87000    0.565269E-06
   2.87200    0.525511E-06
   2.87400    0.486333E-06
   2.87600    0.449103E-06
   2.87800    0.414676E-06
   2.88000    0.383480E-06
   2.88200    0.355608E-06
   2.88400    0.330928E-06
   2.88600    0.309167E-06
   2.88800    0.289986E-06
   2.89000    0.273032E-06
   2.89200    0.257977E-06
   2.89400    0.244533E-06
   2.89600    0.232461E-06
   2.89800    0.221576E-06
   2.90000    0.211736E-06
   2.90200    0.202844E-06
   2.90400    0.194836E-06
   2.90600    0.187677E-06
   2.90800    0.181359E-06
   2.91000    0.175889E-06
   2.91200    0.171303E-06
   2.91400    0.167634E-06
   2.91600    0.164920E-06
   2.91800    0.163189E-06
   2.92000    0.162448E-06
   2.92200    0.162665E-06
   2.92400    0.163757E-06
   2.92600    0.165580E-06
   2.92800    0.167924E-06
   2.93000    0.170520E-06
   2.93200    0.173048E-06
   2.93400    0.175166E-06
   2.93600    0.176537E-06
   2.93800    0.176864E-06
   2.94000    0.175921E-06
   2.94200    0.173578E-06
   2.94400    0.169819E-06
   2.94600    0.164743E-06
   2.94800    0.158556E-06
   2.95000    0.151555E-06
   2.95200    0.144097E-06
   2.95400    0.136577E-06
   2.95600    0.129394E-06
   2.95800    0.122936E-06
   2.96000    0.117560E-06
   2.96200    0.113577E-06
   2.96400    0.111252E-06
   2.96600    0.110791E-06
   2.96800    0.112331E-06
   2.97000    0.115931E-06
   2.97200    0.121555E-06
   2.97400    0.129049E-06
   2.97600    0.138132E-06
   2.97800    0.148386E-06
   2.98000    0.159262E-06
   2.98200    0.170099E-06
   2.98400    0.180172E-06
   2.98600    0.188741E-06
   2.98800    0.195124E-06
   2.99000    0.198764E-06
   2.99200    0.199290E-06
   2.99400    0.196559E-06
   2.99600    0.190673E-06
   2.99800    0.181965E-06
   3.00000    0.170960E-06
   3.00200    0.158315E-06
   3.00400    0.144746E-06
   3.00600    0.130957E-06
   3.00800    0.117575E-06
   3.01000    0.105106E-06
   3.01200    0.939110E-07
   3.01400    0.842022E-07
   3.01600    0.760547E-07
   3.01800    0.694326E-07
   3.02000    0.642197E-07
   3.02200    0.602509E-07
   3.02400    0.573389E-07
   3.02600    0.552953E-07
   3.02800    0.539446E-07
   3.03000    0.531316E-07
   3.03200    0.527243E-07
   3.03400    0.526127E-07
   3.03600    0.527073E-07
   3.03800    0.529366E-07
   3.04000    0.532444E-07
   3.04200    0.535891E-07
   3.04400    0.539419E-07
   3.04600    0.542865E-07
   3.04800    0.546176E-07
   3.05000    0.549398E-07
   3.05200    0.552635E-07
   3.05400    0.556067E-07
   3.05600    0.559893E-07
   3.05800    0.564272E-07
   3.06000    0.569344E-07
   3.06200    0.575193E-07
   3.06400    0.581831E-07
   3.06600    0.589203E-07
   3.06800    0.597188E-07
   3.07000    0.605611E-07
   3.07200    0.614268E-07
   3.07400    0.622940E-07
   3.07600    0.631417E-07
   3.07800    0.639520E-07
   3.08000    0.647113E-07
   3.08200    0.654119E-07
   3.08400    0.660519E-07
   3.08600    0.666357E-07
   3.08800    0.671725E-07
   3.09000    0.676754E-07
   3.09200    0.681596E-07
   3.09400    0.686401E-07
   3.09600    0.691303E-07
   3.09800    0.696404E-07
   3.10000    0.701765E-07
   3.10200    0.707401E-07
   3.10400    0.713290E-07
   3.10600    0.719382E-07
   3.10800    0.725605E-07
   3.11000    0.731888E-07
   3.11200    0.738176E-07
   3.11400    0.744434E-07
   3.11600    0.750656E-07
   3.11800    0.756858E-07
   3.12000    0.763078E-07
   3.12200    0.769356E-07
   3.12400    0.775719E-07
   3.12600    0.782164E-07
   3.12800    0.788646E-07
   3.13000    0.795067E-07
   3.13200    0.801276E-07
   3.13400    0.807074E-07
   3.13600    0.812230E-07
   3.13800    0.816499E-07
   3.14000    0.819644E-07
   3.14200    0.821459E-07
   3.14400    0.821792E-07
   3.14600    0.820568E-07
   3.14800    0.817805E-07
   3.15000    0.813643E-07
   3.15200    0.808357E-07
   3.15400    0.802388E-07
   3.15600    0.796349E-07
   3.15800    0.791038E-07
   3.16000    0.787418E-07
   3.16200    0.786584E-07
   3.16400    0.789689E-07
   3.16600    0.797849E-07
   3.16800    0.812025E-07
   3.17000    0.832899E-07
   3.17200    0.860769E-07
   3.17400    0.895463E-07
   3.17600    0.936315E-07
   3.17800    0.982190E-07
   3.18000    0.103157E-06
   3.18200    0.108267E-06
   3.18400    0.113362E-06
   3.18600    0.118259E-06
   3.18800    0.122796E-06
   3.19000    0.126840E-06
   3.19200    0.130296E-06
   3.19400    0.133106E-06
   3.19600    0.135246E-06
   3.19800    0.136723E-06
   3.20000    0.137567E-06
   3.20200    0.137825E-06
   3.20400    0.137553E-06
   3.20600    0.136817E-06
   3.20800    0.135685E-06
   3.21000    0.134226E-06
   3.21200    0.132511E-06
   3.21400    0.130610E-06
   3.21600    0.128587E-06
   3.21800    0.126502E-06
   3.22000    0.124400E-06
   3.22200    0.122313E-06
   3.22400    0.120250E-06
   3.22600    0.118198E-06
   3.22800    0.116117E-06
   3.23000    0.113944E-06
   3.23200    0.111596E-06
   3.23400    0.108978E-06
   3.23600    0.105999E-06
   3.23800    0.102585E-06
   3.24000    0.986986E-07
   3.24200    0.943589E-07
   3.24400    0.896570E-07
   3.24600    0.847693E-07
   3.24800    0.799611E-07
   3.25000    0.755809E-07
   3.25200    0.720432E-07
   3.25400    0.697988E-07
   3.25600    0.692963E-07
   3.25800    0.709368E-07
   3.26000    0.750268E-07
   3.26200    0.817354E-07
   3.26400    0.910579E-07
   3.26600    0.102793E-06
   3.26800    0.116533E-06
   3.27000    0.131671E-06
   3.27200    0.147421E-06
   3.27400    0.162854E-06
   3.27600    0.176950E-06
   3.27800    0.188656E-06
   3.28000    0.196960E-06
   3.28200    0.200968E-06
   3.28400    0.199977E-06
   3.28600    0.193552E-06
   3.28800    0.181575E-06
   3.29000    0.164280E-06
   3.29200    0.142249E-06
   3.29400    0.116383E-06
   3.29600    0.878303E-07
   3.29800    0.578942E-07
   3.30000    0.279231E-07
   3.30200   -0.801856E-09
   3.30400   -0.271672E-07
   3.30600   -0.503042E-07
   3.30800   -0.696342E-07
   3.31000   -0.848806E-07
   3.31200   -0.960483E-07
   3.31400   -0.103379E-06
   3.31600   -0.107290E-06
   3.31800   -0.108310E-06
   3.32000   -0.107011E-06
   3.32200   -0.103963E-06
   3.32400   -0.996859E-07
   3.32600   -0.946329E-07
   3.32800   -0.891722E-07
   3.33000   -0.835904E-07
   3.33200   -0.780990E-07
   3.33400   -0.728444E-07
   3.33600   -0.679206E-07
   3.33800   -0.633816E-07
   3.34000   -0.592505E-07
   3.34200   -0.555295E-07
   3.34400   -0.522043E-07
   3.34600   -0.492492E-07
   3.34800   -0.466308E-07
   3.35000   -0.443103E-07
   3.35200   -0.422477E-07
   3.35400   -0.404020E-07
   3.35600   -0.387357E-07
   3.35800   -0.372163E-07
   3.36000   -0.358195E-07
   3.36200   -0.345287E-07
   3.36400   -0.333376E-07
   3.36600   -0.322478E-07
   3.36800   -0.312688E-07
   3.37000   -0.304138E-07
   3.37200   -0.296979E-07
   3.37400   -0.291341E-07
   3.37600   -0.287299E-07
   3.37800   -0.284854E-07
   3.38000   -0.283914E-07
   3.38200   -0.284300E-07
   3.38400   -0.285750E-07
   3.38600   -0.287946E-07
   3.38800   -0.290541E-07
   3.39000   -0.293191E-07
   3.39200   -0.295582E-07
   3.39400   -0.297452E-07
   3.39600   -0.298604E-07
   3.39800   -0.298910E-07
   3.40000   -0.298304E-07
   3.40200   -0.296771E-07
   3.40400   -0.294335E-07
   3.40600   -0.291046E-07
   3.40800   -0.286977E-07
   3.41000   -0.282220E-07
   3.41200   -0.276901E-07
   3.41400   -0.271180E-07
   3.41600   -0.265267E-07
   3.41800   -0.259418E-07
   3.42000   -0.253931E-07
   3.42200   -0.249119E-07
   3.42400   -0.245285E-07
   3.42600   -0.242673E-07
   3.42800   -0.241439E-07
   3.43000   -0.241610E-07
   3.43200   -0.243077E-07
   3.43400   -0.245595E-07
   3.43600   -0.248820E-07
   3.43800   -0.252356E-07
   3.44000   -0.255818E-07
   3.44200   -0.258895E-07
   3.44400   -0.261405E-07
   3.44600   -0.263321E-07
   3.44800   -0.264778E-07
   3.45000   -0.266039E-07
   3.45200   -0.267439E-07
   3.45400   -0.269317E-07
   3.45600   -0.271938E-07
   3.45800   -0.275429E-07
   3.46000   -0.279742E-07
   3.46200   -0.284640E-07
   3.46400   -0.289724E-07
   3.46600   -0.294486E-07
   3.46800   -0.298381E-07
   3.47000   -0.300904E-07
   3.47200   -0.301656E-07
   3.47400   -0.300393E-07
   3.47600   -0.297050E-07
   3.47800   -0.291723E-07
   3.48000   -0.284636E-07
   3.48200   -0.276082E-07
   3.48400   -0.266357E-07
   3.48600   -0.255696E-07
   3.48800   -0.244225E-07
   3.49000   -0.231915E-07
   3.49200   -0.218580E-07
   3.49400   -0.203873E-07
   3.49600   -0.187317E-07
   3.49800   -0.168341E-07
   3.50000   -0.146327E-07
   3.50200   -0.120672E-07
   3.50400   -0.908372E-08
   3.50600   -0.564123E-08
   3.50800   -0.171630E-08
   3.51000    0.269281E-08
   3.51200    0.756365E-08
   3.51400    0.128495E-07
   3.51600    0.184806E-07
   3.51800    0.243697E-07
   3.52000    0.304175E-07
   3.52200    0.365213E-07
   3.52400    0.425822E-07
   3.52600    0.485136E-07
   3.52800    0.542455E-07
   3.53000    0.597295E-07
   3.53200    0.649388E-07
   3.53400    0.698685E-07
   3.53600    0.745312E-07
   3.53800    0.789578E-07
   3.54000    0.831806E-07
   3.54200    0.872548E-07
   3.54400    0.912362E-07
   3.54600    0.951891E-07
   3.54800    0.991859E-07
   3.55000    0.103309E-06
   3.55200    0.107651E-06
   3.55400    0.112316E-06
   3.55600    0.117420E-06
   3.55800    0.123080E-06
   3.56000    0.129411E-06
   3.56200    0.136504E-06
   3.56400    0.144406E-06
   3.56600    0.153086E-06
   3.56800    0.162397E-06
   3.57000    0.172042E-06
   3.57200    0.181532E-06
   3.57400    0.190170E-06
   3.57600    0.197043E-06
   3.57800    0.201052E-06
   3.58000    0.200977E-06
   3.58200    0.195579E-06
   3.58400    0.183728E-06
   3.58600    0.164559E-06
   3.58800    0.137623E-06
   3.59000    0.103007E-06
   3.59200    0.614180E-07
   3.59400    0.141820E-07
   3.59600   -0.368227E-07
   3.59800   -0.893157E-07
   3.60000   -0.140821E-06
   3.60200   -0.188909E-06
   3.60400   -0.231426E-06
   3.60600   -0.266703E-06
   3.60800   -0.293682E-06
   3.61000   -0.311976E-06
   3.61200   -0.321835E-06
   3.61400   -0.324051E-06
   3.61600   -0.319806E-06
   3.61800   -0.310499E-06
   3.62000   -0.297588E-06
   3.62200   -0.282441E-06
   3.62400   -0.266240E-06
   3.62600   -0.249923E-06
   3.62800   -0.234172E-06
   3.63000   -0.219427E-06
   3.63200   -0.205926E-06
   3.63400   -0.193753E-06
   3.63600   -0.182886E-06
   3.63800   -0.173238E-06
   3.64000   -0.164689E-06
   3.64200   -0.157109E-06
   3.64400   -0.150370E-06
   3.64600   -0.144354E-06
   3.64800   -0.138951E-06
   3.65000   -0.134065E-06
   3.65200   -0.129609E-06
   3.65400   -0.125509E-06
   3.65600   -0.121704E-06
   3.65800   -0.118144E-06
   3.66000   -0.114795E-06
   3.66200   -0.111631E-06
   3.66400   -0.108649E-06
   3.66600   -0.105848E-06
   3.66800   -0.103235E-06
   3.67000   -0.100820E-06
   3.67200   -0.986109E-07
   3.67400   -0.966131E-07
   3.67600   -0.948232E-07
   3.67800   -0.932297E-07
   3.68000   -0.918120E-07
   3.68200   -0.905427E-07
   3.68400   -0.893891E-07
   3.68600   -0.883167E-07
   3.68800   -0.872924E-07
   3.69000   -0.862870E-07
   3.69200   -0.852781E-07
   3.69400   -0.842508E-07
   3.69600   -0.831978E-07
   3.69800   -0.821184E-07
   3.70000   -0.810172E-07
   3.70200   -0.799016E-07
   3.70400   -0.787795E-07
   3.70600   -0.776583E-07
   3.70800   -0.765434E-07
   3.71000   -0.754386E-07
   3.71200   -0.743463E-07
   3.71400   -0.732689E-07
   3.71600   -0.722099E-07
   3.71800   -0.711752E-07
   3.72000   -0.701734E-07
   3.72200   -0.692156E-07
   3.72400   -0.683143E-07
   3.72600   -0.674815E-07
   3.72800   -0.667270E-07
   3.73000   -0.660560E-07
   3.73200   -0.654677E-07
   3.73400   -0.649544E-07
   3.73600   -0.645019E-07
   3.73800   -0.640906E-07
   3.74000   -0.636977E-07
   3.74200   -0.632994E-07
   3.74400   -0.628742E-07
   3.74600   -0.624050E-07
   3.74800   -0.618809E-07
   3.75000   -0.612989E-07
   3.75200   -0.606632E-07
   3.75400   -0.599853E-07
   3.75600   -0.592825E-07
   3.75800   -0.585754E-07
   3.76000   -0.578867E-07
   3.76200   -0.572382E-07
   3.76400   -0.566493E-07
   3.76600   -0.561349E-07
   3.76800   -0.557046E-07
   3.77000   -0.553612E-07
   3.77200   -0.551011E-07
   3.77400   -0.549142E-07
   3.77600   -0.547850E-07
   3.77800   -0.546934E-07
   3.78000   -0.546168E-07
   3.78200   -0.545314E-07
   3.78400   -0.544141E-07
   3.78600   -0.542450E-07
   3.78800   -0.540080E-07
   3.79000   -0.536927E-07
   3.79200   -0.532951E-07
   3.79400   -0.528178E-07
   3.79600   -0.522700E-07
   3.79800   -0.516663E-07
   3.80000   -0.510258E-07
   3.80200   -0.503705E-07
   3.80400   -0.497233E-07
   3.80600   -0.491070E-07
   3.80800   -0.485424E-07
   3.81000   -0.480479E-07
   3.81200   -0.476390E-07
   3.81400   -0.473284E-07
   3.81600   -0.471263E-07
   3.81800   -0.470408E-07
   3.82000   -0.470780E-07
   3.82200   -0.472416E-07
   3.82400   -0.475316E-07
   3.82600   -0.479434E-07
   3.82800   -0.484651E-07
   3.83000   -0.490761E-07
   3.83200   -0.497456E-07
   3.83400   -0.504322E-07
   3.83600   -0.510853E-07
   3.83800   -0.516478E-07
   3.84000   -0.520607E-07
   3.84200   -0.522680E-07
   3.84400   -0.522233E-07
   3.84600   -0.518947E-07
   3.84800   -0.512690E-07
   3.85000   -0.503536E-07
   3.85200   -0.491764E-07
   3.85400   -0.477827E-07
   3.85600   -0.462310E-07
   3.85800   -0.445866E-07
   3.86000   -0.429156E-07
   3.86200   -0.412785E-07
   3.86400   -0.397256E-07
   3.86600   -0.382932E-07
   3.86800   -0.370019E-07
   3.87000   -0.358560E-07
   3.87200   -0.348451E-07
   3.87400   -0.339459E-07
   3.87600   -0.331254E-07
   3.87800   -0.323447E-07
   3.88000   -0.315621E-07
   3.88200   -0.307374E-07
   3.88400   -0.298342E-07
   3.88600   -0.288232E-07
   3.88800   -0.276837E-07
   3.89000   -0.264044E-07
   3.89200   -0.249840E-07
   3.89400   -0.234308E-07
   3.89600   -0.217609E-07
   3.89800   -0.199978E-07
   3.90000   -0.181698E-07
   3.90200   -0.163089E-07
   3.90400   -0.144489E-07
   3.90600   -0.126237E-07
   3.90800   -0.108658E-07
   3.91000   -0.920546E-08
   3.91200   -0.766965E-08
   3.91400   -0.628082E-08
   3.91600   -0.505705E-08
   3.91800   -0.401174E-08
   3.92000   -0.315345E-08
   3.92200   -0.248639E-08
   3.92400   -0.201078E-08
   3.92600   -0.172336E-08
   3.92800   -0.161773E-08
   3.93000   -0.168491E-08
   3.93200   -0.191350E-08
   3.93400   -0.228983E-08
   3.93600   -0.279825E-08
   3.93800   -0.342123E-08
   3.94000   -0.413976E-08
   3.94200   -0.493393E-08
   3.94400   -0.578380E-08
   3.94600   -0.667046E-08
   3.94800   -0.757729E-08
   3.95000   -0.849110E-08
   3.95200   -0.940298E-08
   3.95400   -0.103088E-07
   3.95600   -0.112088E-07
   3.95800   -0.121065E-07
   3.96000   -0.130072E-07
   3.96200   -0.139148E-07
   3.96400   -0.148301E-07
   3.96600   -0.157478E-07
   3.96800   -0.166546E-07
   3.97000   -0.175291E-07
   3.97200   -0.183418E-07
   3.97400   -0.190573E-07
   3.97600   -0.196370E-07
   3.97800   -0.200429E-07
   3.98000   -0.202414E-07
   3.98200   -0.202070E-07
   3.98400   -0.199243E-07
   3.98600   -0.193905E-07
   3.98800   -0.186152E-07
   3.99000   -0.176198E-07
   3.99200   -0.164360E-07
   3.99400   -0.151030E-07
   3.99600   -0.136655E-07
   3.99800   -0.121700E-07
   4.00000   -0.106627E-07
