   0.00000    0.000000E+00
   0.00200    0.000000E+00
   0.00400    0.000000E+00
   0.00600    0.000000E+00
   0.00800    0.000000E+00
   0.01000    0.000000E+00
   0.01200    0.000000E+00
   0.01400    0.000000E+00
   0.01600    0.000000E+00
   0.01800    0.000000E+00
   0.02000    0.000000E+00
   0.02200    0.000000E+00
   0.02400    0.000000E+00
   0.02600   -0.831377E-11
   0.02800   -0.244297E-10
   0.03000   -0.525985E-10
   0.03200   -0.105604E-09
   0.03400   -0.205770E-09
   0.03600   -0.390565E-09
   0.03800   -0.722971E-09
   0.04000   -0.130578E-08
   0.04200   -0.230169E-08
   0.04400   -0.395990E-08
   0.04600   -0.664934E-08
   0.04800   -0.108975E-07
   0.05000   -0.174314E-07
   0.05200   -0.272147E-07
   0.05400   -0.414716E-07
   0.05600   -0.616850E-07
   0.05800   -0.895569E-07
   0.06000   -0.126916E-06
   0.06200   -0.175565E-06
   0.06400   -0.237070E-06
   0.06600   -0.312491E-06
   0.06800   -0.402099E-06
   0.07000   -0.505096E-06
   0.07200   -0.619399E-06
   0.07400   -0.741539E-06
   0.07600   -0.866719E-06
   0.07800   -0.989041E-06
   0.08000   -0.110193E-05
   0.08200   -0.119871E-05
   0.08400   -0.127321E-05
   0.08600   -0.132046E-05
   0.08800   -0.133720E-05
   0.09000   -0.132225E-05
   0.09200   -0.127667E-05
   0.09400   -0.120356E-05
   0.09600   -0.110779E-05
   0.09800   -0.995389E-06
   0.10000   -0.872942E-06
   0.10200   -0.746963E-06
   0.10400   -0.623340E-06
   0.10600   -0.506923E-06
   0.10800   -0.401296E-06
   0.11000   -0.308703E-06
   0.11200   -0.230139E-06
   0.11400   -0.165535E-06
   0.11600   -0.114011E-06
   0.11800   -0.741439E-07
   0.12000   -0.442118E-07
   0.12200   -0.224051E-07
   0.12400   -0.698010E-08
   0.12600    0.363855E-08
   0.12800    0.108012E-07
   0.13000    0.156133E-07
   0.13200    0.189405E-07
   0.13400    0.214302E-07
   0.13600    0.235394E-07
   0.13800    0.255667E-07
   0.14000    0.276826E-07
   0.14200    0.299577E-07
   0.14400    0.323885E-07
   0.14600    0.349200E-07
   0.14800    0.374698E-07
   0.15000    0.399312E-07
   0.15200    0.422040E-07
   0.15400    0.442026E-07
   0.15600    0.458594E-07
   0.15800    0.471295E-07
   0.16000    0.479938E-07
   0.16200    0.484574E-07
   0.16400    0.485464E-07
   0.16600    0.483029E-07
   0.16800    0.477799E-07
   0.17000    0.470358E-07
   0.17200    0.461307E-07
   0.17400    0.451227E-07
   0.17600    0.440651E-07
   0.17800    0.430055E-07
   0.18000    0.419851E-07
   0.18200    0.410388E-07
   0.18400    0.401958E-07
   0.18600    0.394797E-07
   0.18800    0.389096E-07
   0.19000    0.384993E-07
   0.19200    0.382579E-07
   0.19400    0.381890E-07
   0.19600    0.382902E-07
   0.19800    0.385529E-07
   0.20000    0.389617E-07
   0.20200    0.394941E-07
   0.20400    0.401209E-07
   0.20600    0.408066E-07
   0.20800    0.415107E-07
   0.21000    0.421893E-07
   0.21200    0.427969E-07
   0.21400    0.432895E-07
   0.21600    0.436269E-07
   0.21800    0.437764E-07
   0.22000    0.437153E-07
   0.22200    0.434332E-07
   0.22400    0.429338E-07
   0.22600    0.422350E-07
   0.22800    0.413684E-07
   0.23000    0.403770E-07
   0.23200    0.393119E-07
   0.23400    0.382286E-07
   0.23600    0.371829E-07
   0.23800    0.362265E-07
   0.24000    0.354039E-07
   0.24200    0.347497E-07
   0.24400    0.342871E-07
   0.24600    0.340273E-07
   0.24800    0.339700E-07
   0.25000    0.341039E-07
   0.25200    0.344082E-07
   0.25400    0.348542E-07
   0.25600    0.354063E-07
   0.25800    0.360241E-07
   0.26000    0.366637E-07
   0.26200    0.372797E-07
   0.26400    0.378274E-07
   0.26600    0.382653E-07
   0.26800    0.385580E-07
   0.27000    0.386783E-07
   0.27200    0.386103E-07
   0.27400    0.383513E-07
   0.27600    0.379122E-07
   0.27800    0.373177E-07
   0.28000    0.366048E-07
   0.28200    0.358202E-07
   0.28400    0.350171E-07
   0.28600    0.342505E-07
   0.28800    0.335735E-07
   0.29000    0.330333E-07
   0.29200    0.326672E-07
   0.29400    0.325008E-07
   0.29600    0.325456E-07
   0.29800    0.327988E-07
   0.30000    0.332431E-07
   0.30200    0.338484E-07
   0.30400    0.345729E-07
   0.30600    0.353665E-07
   0.30800    0.361735E-07
   0.31000    0.369367E-07
   0.31200    0.376015E-07
   0.31400    0.381198E-07
   0.31600    0.384544E-07
   0.31800    0.385815E-07
   0.32000    0.384933E-07
   0.32200    0.381988E-07
   0.32400    0.377228E-07
   0.32600    0.371043E-07
   0.32800    0.363929E-07
   0.33000    0.356449E-07
   0.33200    0.349189E-07
   0.33400    0.342715E-07
   0.33600    0.337530E-07
   0.33800    0.334043E-07
   0.34000    0.332542E-07
   0.34200    0.333176E-07
   0.34400    0.335946E-07
   0.34600    0.340705E-07
   0.34800    0.347165E-07
   0.35000    0.354914E-07
   0.35200    0.363441E-07
   0.35400    0.372172E-07
   0.35600    0.380510E-07
   0.35800    0.387879E-07
   0.36000    0.393771E-07
   0.36200    0.397791E-07
   0.36400    0.399688E-07
   0.36600    0.399376E-07
   0.36800    0.396948E-07
   0.37000    0.392663E-07
   0.37200    0.386928E-07
   0.37400    0.380264E-07
   0.37600    0.373265E-07
   0.37800    0.366555E-07
   0.38000    0.360736E-07
   0.38200    0.356349E-07
   0.38400    0.353827E-07
   0.38600    0.353465E-07
   0.38800    0.355387E-07
   0.39000    0.359533E-07
   0.39200    0.365654E-07
   0.39400    0.373325E-07
   0.39600    0.381971E-07
   0.39800    0.390916E-07
   0.40000    0.399433E-07
   0.40200    0.406821E-07
   0.40400    0.412464E-07
   0.40600    0.415897E-07
   0.40800    0.416855E-07
   0.41000    0.415297E-07
   0.41200    0.411410E-07
   0.41400    0.405589E-07
   0.41600    0.398395E-07
   0.41800    0.390498E-07
   0.42000    0.382610E-07
   0.42200    0.375426E-07
   0.42400    0.369561E-07
   0.42600    0.365502E-07
   0.42800    0.363576E-07
   0.43000    0.363927E-07
   0.43200    0.366514E-07
   0.43400    0.371115E-07
   0.43600    0.377351E-07
   0.43800    0.384719E-07
   0.44000    0.392629E-07
   0.44200    0.400456E-07
   0.44400    0.407591E-07
   0.44600    0.413488E-07
   0.44800    0.417710E-07
   0.45000    0.419961E-07
   0.45200    0.420108E-07
   0.45400    0.418178E-07
   0.45600    0.414360E-07
   0.45800    0.408974E-07
   0.46000    0.402447E-07
   0.46200    0.395283E-07
   0.46400    0.388023E-07
   0.46600    0.381218E-07
   0.46800    0.375388E-07
   0.47000    0.370999E-07
   0.47200    0.368422E-07
   0.47400    0.367908E-07
   0.47600    0.369555E-07
   0.47800    0.373290E-07
   0.48000    0.378855E-07
   0.48200    0.385817E-07
   0.48400    0.393587E-07
   0.48600    0.401466E-07
   0.48800    0.408703E-07
   0.49000    0.414569E-07
   0.49200    0.418428E-07
   0.49400    0.419806E-07
   0.49600    0.418446E-07
   0.49800    0.414340E-07
   0.50000    0.407731E-07
   0.50200    0.399097E-07
   0.50400    0.389102E-07
   0.50600    0.378537E-07
   0.50800    0.368245E-07
   0.51000    0.359041E-07
   0.51200    0.351640E-07
   0.51400    0.346591E-07
   0.51600    0.344234E-07
   0.51800    0.344663E-07
   0.52000    0.347725E-07
   0.52200    0.353031E-07
   0.52400    0.359993E-07
   0.52600    0.367873E-07
   0.52800    0.375851E-07
   0.53000    0.383097E-07
   0.53200    0.388844E-07
   0.53400    0.392456E-07
   0.53600    0.393481E-07
   0.53800    0.391688E-07
   0.54000    0.387085E-07
   0.54200    0.379911E-07
   0.54400    0.370613E-07
   0.54600    0.359808E-07
   0.54800    0.348225E-07
   0.55000    0.336644E-07
   0.55200    0.325836E-07
   0.55400    0.316493E-07
   0.55600    0.309173E-07
   0.55800    0.304250E-07
   0.56000    0.301881E-07
   0.56200    0.301982E-07
   0.56400    0.304231E-07
   0.56600    0.308098E-07
   0.56800    0.312870E-07
   0.57000    0.317735E-07
   0.57200    0.321832E-07
   0.57400    0.324321E-07
   0.57600    0.324485E-07
   0.57800    0.321762E-07
   0.58000    0.315799E-07
   0.58200    0.306462E-07
   0.58400    0.293835E-07
   0.58600    0.278181E-07
   0.58800    0.259903E-07
   0.59000    0.239477E-07
   0.59200    0.217400E-07
   0.59400    0.194139E-07
   0.59600    0.170097E-07
   0.59800    0.145603E-07
   0.60000    0.120927E-07
   0.60200    0.963167E-08
   0.60400    0.720503E-08
   0.60600    0.484908E-08
   0.60800    0.261329E-08
   0.61000    0.562060E-09
   0.61200   -0.122674E-08
   0.61400   -0.266821E-08
   0.61600   -0.368034E-08
   0.61800   -0.419698E-08
   0.62000   -0.418096E-08
   0.62200   -0.363498E-08
   0.62400   -0.260720E-08
   0.62600   -0.118989E-08
   0.62800    0.489861E-09
   0.63000    0.228603E-08
   0.63200    0.405376E-08
   0.63400    0.566987E-08
   0.63600    0.704969E-08
   0.63800    0.815728E-08
   0.64000    0.900650E-08
   0.64200    0.965359E-08
   0.64400    0.101824E-07
   0.64600    0.106860E-07
   0.64800    0.112479E-07
   0.65000    0.119266E-07
   0.65200    0.127469E-07
   0.65400    0.136971E-07
   0.65600    0.147338E-07
   0.65800    0.157914E-07
   0.66000    0.167945E-07
   0.66200    0.176709E-07
   0.66400    0.183625E-07
   0.66600    0.188325E-07
   0.66800    0.190701E-07
   0.67000    0.190893E-07
   0.67200    0.189265E-07
   0.67400    0.186337E-07
   0.67600    0.182721E-07
   0.67800    0.179043E-07
   0.68000    0.175876E-07
   0.68200    0.173675E-07
   0.68400    0.172747E-07
   0.68600    0.173208E-07
   0.68800    0.174984E-07
   0.69000    0.177832E-07
   0.69200    0.181352E-07
   0.69400    0.185052E-07
   0.69600    0.188405E-07
   0.69800    0.190880E-07
   0.70000    0.192038E-07
   0.70200    0.191564E-07
   0.70400    0.189310E-07
   0.70600    0.185312E-07
   0.70800    0.179793E-07
   0.71000    0.173134E-07
   0.71200    0.165841E-07
   0.71400    0.158485E-07
   0.71600    0.151648E-07
   0.71800    0.145859E-07
   0.72000    0.141541E-07
   0.72200    0.138973E-07
   0.72400    0.138259E-07
   0.72600    0.139327E-07
   0.72800    0.141934E-07
   0.73000    0.145703E-07
   0.73200    0.150156E-07
   0.73400    0.154766E-07
   0.73600    0.159009E-07
   0.73800    0.162412E-07
   0.74000    0.164591E-07
   0.74200    0.165288E-07
   0.74400    0.164381E-07
   0.74600    0.161894E-07
   0.74800    0.157986E-07
   0.75000    0.152932E-07
   0.75200    0.147103E-07
   0.75400    0.140930E-07
   0.75600    0.134874E-07
   0.75800    0.129384E-07
   0.76000    0.124867E-07
   0.76200    0.121648E-07
   0.76400    0.119939E-07
   0.76600    0.119816E-07
   0.76800    0.121206E-07
   0.77000    0.123884E-07
   0.77200    0.127489E-07
   0.77400    0.131559E-07
   0.77600    0.135569E-07
   0.77800    0.138989E-07
   0.78000    0.141344E-07
   0.78200    0.142260E-07
   0.78400    0.141517E-07
   0.78600    0.139071E-07
   0.78800    0.135066E-07
   0.79000    0.129823E-07
   0.79200    0.123810E-07
   0.79400    0.117595E-07
   0.79600    0.111783E-07
   0.79800    0.106954E-07
   0.80000    0.103593E-07
   0.80200    0.102035E-07
   0.80400    0.102420E-07
   0.80600    0.104667E-07
   0.80800    0.108478E-07
   0.81000    0.113360E-07
   0.81200    0.118675E-07
   0.81400    0.123711E-07
   0.81600    0.127759E-07
   0.81800    0.130191E-07
   0.82000    0.130537E-07
   0.82200    0.128537E-07
   0.82400    0.124173E-07
   0.82600    0.117676E-07
   0.82800    0.109501E-07
   0.83000    0.100283E-07
   0.83200    0.907690E-08
   0.83400    0.817454E-08
   0.83600    0.739539E-08
   0.83800    0.680188E-08
   0.84000    0.643832E-08
   0.84200    0.632644E-08
   0.84400    0.646331E-08
   0.84600    0.682182E-08
   0.84800    0.735365E-08
   0.85000    0.799451E-08
   0.85200    0.867091E-08
   0.85400    0.930790E-08
   0.85600    0.983670E-08
   0.85800    0.102015E-07
   0.86000    0.103644E-07
   0.86200    0.103088E-07
   0.86400    0.100396E-07
   0.86600    0.958182E-08
   0.86800    0.897677E-08
   0.87000    0.827718E-08
   0.87200    0.754108E-08
   0.87400    0.682577E-08
   0.87600    0.618203E-08
   0.87800    0.564935E-08
   0.88000    0.525243E-08
   0.88200    0.499931E-08
   0.88400    0.488135E-08
   0.88600    0.487502E-08
   0.88800    0.494521E-08
   0.89000    0.504991E-08
   0.89200    0.514545E-08
   0.89400    0.519195E-08
   0.89600    0.515807E-08
   0.89800    0.502479E-08
   0.90000    0.478741E-08
   0.90200    0.445590E-08
   0.90400    0.405334E-08
   0.90600    0.361290E-08
   0.90800    0.317359E-08
   0.91000    0.277534E-08
   0.91200    0.245408E-08
   0.91400    0.223726E-08
   0.91600    0.214032E-08
   0.91800    0.216450E-08
   0.92000    0.229632E-08
   0.92200    0.250861E-08
   0.92400    0.276327E-08
   0.92600    0.301527E-08
   0.92800    0.321753E-08
   0.93000    0.332615E-08
   0.93200    0.330533E-08
   0.93400    0.313141E-08
   0.93600    0.279570E-08
   0.93800    0.230559E-08
   0.94000    0.168393E-08
   0.94200    0.966859E-09
   0.94400    0.200086E-09
   0.94600   -0.565728E-09
   0.94800   -0.128009E-08
   0.95000   -0.189786E-08
   0.95200   -0.238393E-08
   0.95400   -0.271689E-08
   0.95600   -0.289113E-08
   0.95800   -0.291746E-08
   0.96000   -0.282174E-08
   0.96200   -0.264170E-08
   0.96400   -0.242238E-08
   0.96600   -0.221066E-08
   0.96800   -0.204948E-08
   0.97000   -0.197263E-08
   0.97200   -0.200064E-08
   0.97400   -0.213845E-08
   0.97600   -0.237511E-08
   0.97800   -0.268545E-08
   0.98000   -0.303374E-08
   0.98200   -0.337859E-08
   0.98400   -0.367862E-08
   0.98600   -0.389820E-08
   0.98800   -0.401258E-08
   0.99000   -0.401168E-08
   0.99200   -0.390219E-08
   0.99400   -0.370749E-08
   0.99600   -0.346548E-08
   0.99800   -0.322440E-08
   1.00000   -0.303706E-08
   1.00200   -0.295415E-08
   1.00400   -0.301758E-08
   1.00600   -0.325452E-08
   1.00800   -0.367314E-08
   1.01000   -0.426063E-08
   1.01200   -0.498365E-08
   1.01400   -0.579150E-08
   1.01600   -0.662146E-08
   1.01800   -0.740567E-08
   1.02000   -0.807860E-08
   1.02200   -0.858458E-08
   1.02400   -0.888391E-08
   1.02600   -0.895745E-08
   1.02800   -0.880863E-08
   1.03000   -0.846302E-08
   1.03200   -0.796546E-08
   1.03400   -0.737503E-08
   1.03600   -0.675856E-08
   1.03800   -0.618340E-08
   1.04000   -0.571034E-08
   1.04200   -0.538747E-08
   1.04400   -0.524568E-08
   1.04600   -0.529616E-08
   1.04800   -0.553025E-08
   1.05000   -0.592143E-08
   1.05200   -0.642920E-08
   1.05400   -0.700423E-08
   1.05600   -0.759426E-08
   1.05800   -0.815006E-08
   1.06000   -0.863076E-08
   1.06200   -0.900806E-08
   1.06400   -0.926883E-08
   1.06600   -0.941587E-08
   1.06800   -0.946676E-08
   1.07000   -0.945098E-08
   1.07200   -0.940551E-08
   1.07400   -0.936959E-08
   1.07600   -0.937912E-08
   1.07800   -0.946176E-08
   1.08000   -0.963299E-08
   1.08200   -0.989395E-08
   1.08400   -0.102314E-07
   1.08600   -0.106198E-07
   1.08800   -0.110247E-07
   1.09000   -0.114083E-07
   1.09200   -0.117347E-07
   1.09400   -0.119756E-07
   1.09600   -0.121147E-07
   1.09800   -0.121502E-07
   1.10000   -0.120960E-07
   1.10200   -0.119798E-07
   1.10400   -0.118397E-07
   1.10600   -0.117193E-07
   1.10800   -0.116614E-07
   1.11000   -0.117023E-07
   1.11200   -0.118664E-07
   1.11400   -0.121623E-07
   1.11600   -0.125813E-07
   1.11800   -0.130977E-07
   1.12000   -0.136720E-07
   1.12200   -0.142552E-07
   1.12400   -0.147949E-07
   1.12600   -0.152419E-07
   1.12800   -0.155561E-07
   1.13000   -0.157116E-07
   1.13200   -0.157001E-07
   1.13400   -0.155319E-07
   1.13600   -0.152345E-07
   1.13800   -0.148490E-07
   1.14000   -0.144250E-07
   1.14200   -0.140147E-07
   1.14400   -0.136656E-07
   1.14600   -0.134157E-07
   1.14800   -0.132885E-07
   1.15000   -0.132908E-07
   1.15200   -0.134132E-07
   1.15400   -0.136317E-07
   1.15600   -0.139125E-07
   1.15800   -0.142168E-07
   1.16000   -0.145068E-07
   1.16200   -0.147514E-07
   1.16400   -0.149297E-07
   1.16600   -0.150342E-07
   1.16800   -0.150708E-07
   1.17000   -0.150573E-07
   1.17200   -0.150200E-07
   1.17400   -0.149892E-07
   1.17600   -0.149942E-07
   1.17800   -0.150585E-07
   1.18000   -0.151961E-07
   1.18200   -0.154092E-07
   1.18400   -0.156877E-07
   1.18600   -0.160108E-07
   1.18800   -0.163498E-07
   1.19000   -0.166723E-07
   1.19200   -0.169467E-07
   1.19400   -0.171473E-07
   1.19600   -0.172573E-07
   1.19800   -0.172723E-07
   1.20000   -0.172005E-07
   1.20200   -0.170622E-07
   1.20400   -0.168876E-07
   1.20600   -0.167125E-07
   1.20800   -0.165740E-07
   1.21000   -0.165055E-07
   1.21200   -0.165323E-07
   1.21400   -0.166684E-07
   1.21600   -0.169145E-07
   1.21800   -0.172584E-07
   1.22000   -0.176763E-07
   1.22200   -0.181366E-07
   1.22400   -0.186041E-07
   1.22600   -0.190448E-07
   1.22800   -0.194305E-07
   1.23000   -0.197419E-07
   1.23200   -0.199711E-07
   1.23400   -0.201217E-07
   1.23600   -0.202071E-07
   1.23800   -0.202476E-07
   1.24000   -0.202666E-07
   1.24200   -0.202857E-07
   1.24400   -0.203212E-07
   1.24600   -0.203805E-07
   1.24800   -0.204611E-07
   1.25000   -0.205507E-07
   1.25200   -0.206288E-07
   1.25400   -0.206707E-07
   1.25600   -0.206515E-07
   1.25800   -0.205507E-07
   1.26000   -0.203564E-07
   1.26200   -0.200683E-07
   1.26400   -0.196985E-07
   1.26600   -0.192710E-07
   1.26800   -0.188194E-07
   1.27000   -0.183827E-07
   1.27200   -0.180000E-07
   1.27400   -0.177056E-07
   1.27600   -0.175249E-07
   1.27800   -0.174702E-07
   1.28000   -0.175403E-07
   1.28200   -0.177203E-07
   1.28400   -0.179850E-07
   1.28600   -0.183022E-07
   1.28800   -0.186381E-07
   1.29000   -0.189620E-07
   1.29200   -0.192509E-07
   1.29400   -0.194916E-07
   1.29600   -0.196824E-07
   1.29800   -0.198319E-07
   1.30000   -0.199561E-07
   1.30200   -0.200749E-07
   1.30400   -0.202076E-07
   1.30600   -0.203687E-07
   1.30800   -0.205651E-07
   1.31000   -0.207943E-07
   1.31200   -0.210446E-07
   1.31400   -0.212966E-07
   1.31600   -0.215272E-07
   1.31800   -0.217127E-07
   1.32000   -0.218336E-07
   1.32200   -0.218775E-07
   1.32400   -0.218416E-07
   1.32600   -0.217333E-07
   1.32800   -0.215692E-07
   1.33000   -0.213722E-07
   1.33200   -0.211681E-07
   1.33400   -0.209812E-07
   1.33600   -0.208304E-07
   1.33800   -0.207262E-07
   1.34000   -0.206694E-07
   1.34200   -0.206511E-07
   1.34400   -0.206549E-07
   1.34600   -0.206606E-07
   1.34800   -0.206481E-07
   1.35000   -0.206020E-07
   1.35200   -0.205155E-07
   1.35400   -0.203924E-07
   1.35600   -0.202472E-07
   1.35800   -0.201040E-07
   1.36000   -0.199925E-07
   1.36200   -0.199432E-07
   1.36400   -0.199820E-07
   1.36600   -0.201256E-07
   1.36800   -0.203773E-07
   1.37000   -0.207257E-07
   1.37200   -0.211453E-07
   1.37400   -0.215992E-07
   1.37600   -0.220443E-07
   1.37800   -0.224369E-07
   1.38000   -0.227389E-07
   1.38200   -0.229230E-07
   1.38400   -0.229764E-07
   1.38600   -0.229021E-07
   1.38800   -0.227177E-07
   1.39000   -0.224523E-07
   1.39200   -0.221418E-07
   1.39400   -0.218233E-07
   1.39600   -0.215296E-07
   1.39800   -0.212858E-07
   1.40000   -0.211061E-07
   1.40200   -0.209937E-07
   1.40400   -0.209427E-07
   1.40600   -0.209408E-07
   1.40800   -0.209733E-07
   1.41000   -0.210270E-07
   1.41200   -0.210933E-07
   1.41400   -0.211698E-07
   1.41600   -0.212604E-07
   1.41800   -0.213734E-07
   1.42000   -0.215191E-07
   1.42200   -0.217056E-07
   1.42400   -0.219358E-07
   1.42600   -0.222054E-07
   1.42800   -0.225012E-07
   1.43000   -0.228026E-07
   1.43200   -0.230835E-07
   1.43400   -0.233166E-07
   1.43600   -0.234771E-07
   1.43800   -0.235470E-07
   1.44000   -0.235181E-07
   1.44200   -0.233935E-07
   1.44400   -0.231873E-07
   1.44600   -0.229229E-07
   1.44800   -0.226293E-07
   1.45000   -0.223374E-07
   1.45200   -0.220755E-07
   1.45400   -0.218667E-07
   1.45600   -0.217257E-07
   1.45800   -0.216588E-07
   1.46000   -0.216637E-07
   1.46200   -0.217319E-07
   1.46400   -0.218506E-07
   1.46600   -0.220051E-07
   1.46800   -0.221811E-07
   1.47000   -0.223657E-07
   1.47200   -0.225479E-07
   1.47400   -0.227184E-07
   1.47600   -0.228684E-07
   1.47800   -0.229888E-07
   1.48000   -0.230695E-07
   1.48200   -0.230996E-07
   1.48400   -0.230681E-07
   1.48600   -0.229653E-07
   1.48800   -0.227855E-07
   1.49000   -0.225289E-07
   1.49200   -0.222028E-07
   1.49400   -0.218232E-07
   1.49600   -0.214136E-07
   1.49800   -0.210030E-07
   1.50000   -0.206232E-07
   1.50200   -0.203044E-07
   1.50400   -0.200717E-07
   1.50600   -0.199413E-07
   1.50800   -0.199186E-07
   1.51000   -0.199974E-07
   1.51200   -0.201605E-07
   1.51400   -0.203829E-07
   1.51600   -0.206345E-07
   1.51800   -0.208844E-07
   1.52000   -0.211044E-07
   1.52200   -0.212717E-07
   1.52400   -0.213708E-07
   1.52600   -0.213938E-07
   1.52800   -0.213395E-07
   1.53000   -0.212124E-07
   1.53200   -0.210208E-07
   1.53400   -0.207746E-07
   1.53600   -0.204847E-07
   1.53800   -0.201616E-07
   1.54000   -0.198155E-07
   1.54200   -0.194564E-07
   1.54400   -0.190940E-07
   1.54600   -0.187382E-07
   1.54800   -0.183983E-07
   1.55000   -0.180829E-07
   1.55200   -0.177984E-07
   1.55400   -0.175484E-07
   1.55600   -0.173324E-07
   1.55800   -0.171460E-07
   1.56000   -0.169810E-07
   1.56200   -0.168262E-07
   1.56400   -0.166697E-07
   1.56600   -0.165003E-07
   1.56800   -0.163095E-07
   1.57000   -0.160934E-07
   1.57200   -0.158525E-07
   1.57400   -0.155923E-07
   1.57600   -0.153217E-07
   1.57800   -0.150510E-07
   1.58000   -0.147904E-07
   1.58200   -0.145471E-07
   1.58400   -0.143248E-07
   1.58600   -0.141226E-07
   1.58800   -0.139353E-07
   1.59000   -0.137552E-07
   1.59200   -0.135736E-07
   1.59400   -0.133829E-07
   1.59600   -0.131785E-07
   1.59800   -0.129602E-07
   1.60000   -0.127320E-07
   1.60200   -0.125024E-07
   1.60400   -0.122826E-07
   1.60600   -0.120848E-07
   1.60800   -0.119203E-07
   1.61000   -0.117981E-07
   1.61200   -0.117231E-07
   1.61400   -0.116961E-07
   1.61600   -0.117136E-07
   1.61800   -0.117684E-07
   1.62000   -0.118509E-07
   1.62200   -0.119498E-07
   1.62400   -0.120537E-07
   1.62600   -0.121517E-07
   1.62800   -0.122345E-07
   1.63000   -0.122945E-07
   1.63200   -0.123265E-07
   1.63400   -0.123280E-07
   1.63600   -0.122989E-07
   1.63800   -0.122421E-07
   1.64000   -0.121629E-07
   1.64200   -0.120687E-07
   1.64400   -0.119681E-07
   1.64600   -0.118702E-07
   1.64800   -0.117831E-07
   1.65000   -0.117131E-07
   1.65200   -0.116636E-07
   1.65400   -0.116348E-07
   1.65600   -0.116235E-07
   1.65800   -0.116246E-07
   1.66000   -0.116311E-07
   1.66200   -0.116363E-07
   1.66400   -0.116349E-07
   1.66600   -0.116237E-07
   1.66800   -0.116020E-07
   1.67000   -0.115717E-07
   1.67200   -0.115361E-07
   1.67400   -0.114993E-07
   1.67600   -0.114647E-07
   1.67800   -0.114345E-07
   1.68000   -0.114090E-07
   1.68200   -0.113872E-07
   1.68400   -0.113669E-07
   1.68600   -0.113461E-07
   1.68800   -0.113234E-07
   1.69000   -0.112993E-07
   1.69200   -0.112757E-07
   1.69400   -0.112563E-07
   1.69600   -0.112452E-07
   1.69800   -0.112463E-07
   1.70000   -0.112619E-07
   1.70200   -0.112922E-07
   1.70400   -0.113346E-07
   1.70600   -0.113841E-07
   1.70800   -0.114337E-07
   1.71000   -0.114753E-07
   1.71200   -0.115012E-07
   1.71400   -0.115050E-07
   1.71600   -0.114824E-07
   1.71800   -0.114317E-07
   1.72000   -0.113544E-07
   1.72200   -0.112545E-07
   1.72400   -0.111382E-07
   1.72600   -0.110137E-07
   1.72800   -0.108899E-07
   1.73000   -0.107760E-07
   1.73200   -0.106807E-07
   1.73400   -0.106113E-07
   1.73600   -0.105732E-07
   1.73800   -0.105693E-07
   1.74000   -0.105993E-07
   1.74200   -0.106601E-07
   1.74400   -0.107453E-07
   1.74600   -0.108463E-07
   1.74800   -0.109522E-07
   1.75000   -0.110516E-07
   1.75200   -0.111328E-07
   1.75400   -0.111852E-07
   1.75600   -0.112003E-07
   1.75800   -0.111718E-07
   1.76000   -0.110970E-07
   1.76200   -0.109762E-07
   1.76400   -0.108131E-07
   1.76600   -0.106147E-07
   1.76800   -0.103906E-07
   1.77000   -0.101520E-07
   1.77200   -0.991152E-08
   1.77400   -0.968140E-08
   1.77600   -0.947278E-08
   1.77800   -0.929450E-08
   1.78000   -0.915221E-08
   1.78200   -0.904783E-08
   1.78400   -0.897941E-08
   1.78600   -0.894142E-08
   1.78800   -0.892548E-08
   1.79000   -0.892135E-08
   1.79200   -0.891819E-08
   1.79400   -0.890569E-08
   1.79600   -0.887522E-08
   1.79800   -0.882053E-08
   1.80000   -0.873827E-08
   1.80200   -0.862807E-08
   1.80400   -0.849236E-08
   1.80600   -0.833588E-08
   1.80800   -0.816499E-08
   1.81000   -0.798691E-08
   1.81200   -0.780887E-08
   1.81400   -0.763731E-08
   1.81600   -0.747721E-08
   1.81800   -0.733161E-08
   1.82000   -0.720133E-08
   1.82200   -0.708503E-08
   1.82400   -0.697950E-08
   1.82600   -0.688018E-08
   1.82800   -0.678186E-08
   1.83000   -0.667939E-08
   1.83200   -0.656835E-08
   1.83400   -0.644556E-08
   1.83600   -0.630933E-08
   1.83800   -0.615947E-08
   1.84000   -0.599703E-08
   1.84200   -0.582391E-08
   1.84400   -0.564230E-08
   1.84600   -0.545421E-08
   1.84800   -0.526105E-08
   1.85000   -0.506343E-08
   1.85200   -0.486112E-08
   1.85400   -0.465328E-08
   1.85600   -0.443884E-08
   1.85800   -0.421693E-08
   1.86000   -0.398742E-08
   1.86200   -0.375120E-08
   1.86400   -0.351050E-08
   1.86600   -0.326864E-08
   1.86800   -0.303002E-08
   1.87000   -0.279977E-08
   1.87200   -0.258304E-08
   1.87400   -0.238465E-08
   1.87600   -0.220870E-08
   1.87800   -0.205836E-08
   1.88000   -0.193578E-08
   1.88200   -0.184206E-08
   1.88400   -0.177761E-08
   1.88600   -0.174204E-08
   1.88800   -0.173407E-08
   1.89000   -0.175116E-08
   1.89200   -0.178885E-08
   1.89400   -0.183915E-08
   1.89600   -0.189065E-08
   1.89800   -0.192574E-08
   1.90000   -0.191917E-08
   1.90200   -0.183860E-08
   1.90400   -0.164353E-08
   1.90600   -0.128687E-08
   1.90800   -0.717015E-09
   1.91000    0.118470E-09
   1.91200    0.126803E-08
   1.91400    0.277055E-08
   1.91600    0.464937E-08
   1.91800    0.690646E-08
   1.92000    0.951740E-08
   1.92200    0.124278E-07
   1.92400    0.155510E-07
   1.92600    0.187671E-07
   1.92800    0.219244E-07
   1.93000    0.248422E-07
   1.93200    0.273157E-07
   1.93400    0.291234E-07
   1.93600    0.300380E-07
   1.93800    0.298407E-07
   1.94000    0.283381E-07
   1.94200    0.253832E-07
   1.94400    0.208956E-07
   1.94600    0.148804E-07
   1.94800    0.744140E-08
   1.95000   -0.121382E-08
   1.95200   -0.107804E-07
   1.95400   -0.208740E-07
   1.95600   -0.310592E-07
   1.95800   -0.408853E-07
   1.96000   -0.499251E-07
   1.96200   -0.578107E-07
   1.96400   -0.642623E-07
   1.96600   -0.691056E-07
   1.96800   -0.722772E-07
   1.97000   -0.738174E-07
   1.97200   -0.738537E-07
   1.97400   -0.725777E-07
   1.97600   -0.702209E-07
   1.97800   -0.670307E-07
   1.98000   -0.632500E-07
   1.98200   -0.591039E-07
   1.98400   -0.547894E-07
   1.98600   -0.504711E-07
   1.98800   -0.462797E-07
   1.99000   -0.423131E-07
   1.99200   -0.386383E-07
   1.99400   -0.352937E-07
   1.99600   -0.322920E-07
   1.99800   -0.296226E-07
   2.00000   -0.272548E-07
   2.00200   -0.251420E-07
   2.00400   -0.232258E-07
   2.00600   -0.214414E-07
   2.00800   -0.197237E-07
   2.01000   -0.180139E-07
   2.01200   -0.162652E-07
   2.01400   -0.144488E-07
   2.01600   -0.125573E-07
   2.01800   -0.106059E-07
   2.02000   -0.863310E-08
   2.02200   -0.669657E-08
   2.02400   -0.486646E-08
   2.02600   -0.321909E-08
   2.02800   -0.182806E-08
   2.03000   -0.756477E-09
   2.03200   -0.502544E-10
   2.03400    0.266281E-09
   2.03600    0.192113E-09
   2.03800   -0.251288E-09
   2.04000   -0.102287E-08
   2.04200   -0.206649E-08
   2.04400   -0.331607E-08
   2.04600   -0.470023E-08
   2.04800   -0.614671E-08
   2.05000   -0.758591E-08
   2.05200   -0.895375E-08
   2.05400   -0.101940E-07
   2.05600   -0.112604E-07
   2.05800   -0.121186E-07
   2.06000   -0.127474E-07
   2.06200   -0.131403E-07
   2.06400   -0.133055E-07
   2.06600   -0.132645E-07
   2.06800   -0.130504E-07
   2.07000   -0.127046E-07
   2.07200   -0.122720E-07
   2.07400   -0.117970E-07
   2.07600   -0.113191E-07
   2.07800   -0.108695E-07
   2.08000   -0.104692E-07
   2.08200   -0.101281E-07
   2.08400   -0.984578E-08
   2.08600   -0.961359E-08
   2.08800   -0.941732E-08
   2.09000   -0.924014E-08
   2.09200   -0.906551E-08
   2.09400   -0.887951E-08
   2.09600   -0.867239E-08
   2.09800   -0.843935E-08
   2.10000   -0.818077E-08
   2.10200   -0.790150E-08
   2.10400   -0.760938E-08
   2.10600   -0.731415E-08
   2.10800   -0.702586E-08
   2.11000   -0.675358E-08
   2.11200   -0.650416E-08
   2.11400   -0.628160E-08
   2.11600   -0.608684E-08
   2.11800   -0.591800E-08
   2.12000   -0.577091E-08
   2.12200   -0.563999E-08
   2.12400   -0.551928E-08
   2.12600   -0.540333E-08
   2.12800   -0.528798E-08
   2.13000   -0.517073E-08
   2.13200   -0.505092E-08
   2.13400   -0.492946E-08
   2.13600   -0.480842E-08
   2.13800   -0.469036E-08
   2.14000   -0.457768E-08
   2.14200   -0.447191E-08
   2.14400   -0.437320E-08
   2.14600   -0.427998E-08
   2.14800   -0.418883E-08
   2.15000   -0.409462E-08
   2.15200   -0.399087E-08
   2.15400   -0.387035E-08
   2.15600   -0.372571E-08
   2.15800   -0.355027E-08
   2.16000   -0.333874E-08
   2.16200   -0.308784E-08
   2.16400   -0.279671E-08
   2.16600   -0.246720E-08
   2.16800   -0.210376E-08
   2.17000   -0.171324E-08
   2.17200   -0.130440E-08
   2.17400   -0.887201E-09
   2.17600   -0.472074E-09
   2.17800   -0.690514E-10
   2.18000    0.313048E-09
   2.18200    0.667341E-09
   2.18400    0.989423E-09
   2.18600    0.127773E-08
   2.18800    0.153366E-08
   2.19000    0.176150E-08
   2.19200    0.196811E-08
   2.19400    0.216245E-08
   2.19600    0.235503E-08
   2.19800    0.255737E-08
   2.20000    0.278124E-08
   2.20200    0.303849E-08
   2.20400    0.334054E-08
   2.20600    0.369800E-08
   2.20800    0.412047E-08
   2.21000    0.461633E-08
   2.21200    0.519248E-08
   2.21400    0.585405E-08
   2.21600    0.660404E-08
   2.21800    0.744297E-08
   2.22000    0.836846E-08
   2.22200    0.937491E-08
   2.22400    0.104533E-07
   2.22600    0.115907E-07
   2.22800    0.127702E-07
   2.23000    0.139705E-07
   2.23200    0.151647E-07
   2.23400    0.163197E-07
   2.23600    0.173948E-07
   2.23800    0.183407E-07
   2.24000    0.190994E-07
   2.24200    0.196053E-07
   2.24400    0.197875E-07
   2.24600    0.195755E-07
   2.24800    0.189056E-07
   2.25000    0.177295E-07
   2.25200    0.160228E-07
   2.25400    0.137927E-07
   2.25600    0.110822E-07
   2.25800    0.797159E-08
   2.26000    0.457435E-08
   2.26200    0.102892E-08
   2.26400   -0.251305E-08
   2.26600   -0.590056E-08
   2.26800   -0.899714E-08
   2.27000   -0.116928E-07
   2.27200   -0.139123E-07
   2.27400   -0.156196E-07
   2.27600   -0.168163E-07
   2.27800   -0.175380E-07
   2.28000   -0.178457E-07
   2.28200   -0.178169E-07
   2.28400   -0.175361E-07
   2.28600   -0.170865E-07
   2.28800   -0.165429E-07
   2.29000   -0.159679E-07
   2.29200   -0.154094E-07
   2.29400   -0.149004E-07
   2.29600   -0.144603E-07
   2.29800   -0.140972E-07
   2.30000   -0.138105E-07
   2.30200   -0.135937E-07
   2.30400   -0.134367E-07
   2.30600   -0.133280E-07
   2.30800   -0.132563E-07
   2.31000   -0.132113E-07
   2.31200   -0.131842E-07
   2.31400   -0.131681E-07
   2.31600   -0.131580E-07
   2.31800   -0.131503E-07
   2.32000   -0.131430E-07
   2.32200   -0.131348E-07
   2.32400   -0.131258E-07
   2.32600   -0.131165E-07
   2.32800   -0.131084E-07
   2.33000   -0.131037E-07
   2.33200   -0.131056E-07
   2.33400   -0.131187E-07
   2.33600   -0.131491E-07
   2.33800   -0.132044E-07
   2.34000   -0.132939E-07
   2.34200   -0.134284E-07
   2.34400   -0.136191E-07
   2.34600   -0.138772E-07
   2.34800   -0.142121E-07
   2.35000   -0.146300E-07
   2.35200   -0.151326E-07
   2.35400   -0.157151E-07
   2.35600   -0.163661E-07
   2.35800   -0.170669E-07
   2.36000   -0.177932E-07
   2.36200   -0.185164E-07
   2.36400   -0.192070E-07
   2.36600   -0.198372E-07
   2.36800   -0.203847E-07
   2.37000   -0.208353E-07
   2.37200   -0.211840E-07
   2.37400   -0.214353E-07
   2.37600   -0.216023E-07
   2.37800   -0.217036E-07
   2.38000   -0.217607E-07
   2.38200   -0.217942E-07
   2.38400   -0.218209E-07
   2.38600   -0.218524E-07
   2.38800   -0.218939E-07
   2.39000   -0.219450E-07
   2.39200   -0.220008E-07
   2.39400   -0.220547E-07
   2.39600   -0.220998E-07
   2.39800   -0.221312E-07
   2.40000   -0.221471E-07
   2.40200   -0.221492E-07
   2.40400   -0.221423E-07
   2.40600   -0.221334E-07
   2.40800   -0.221304E-07
   2.41000   -0.221407E-07
   2.41200   -0.221701E-07
   2.41400   -0.222216E-07
   2.41600   -0.222954E-07
   2.41800   -0.223883E-07
   2.42000   -0.224950E-07
   2.42200   -0.226081E-07
   2.42400   -0.227192E-07
   2.42600   -0.228200E-07
   2.42800   -0.229029E-07
   2.43000   -0.229614E-07
   2.43200   -0.229905E-07
   2.43400   -0.229863E-07
   2.43600   -0.229463E-07
   2.43800   -0.228683E-07
   2.44000   -0.227505E-07
   2.44200   -0.225910E-07
   2.44400   -0.223879E-07
   2.44600   -0.221390E-07
   2.44800   -0.218431E-07
   2.45000   -0.214997E-07
   2.45200   -0.211101E-07
   2.45400   -0.206778E-07
   2.45600   -0.202091E-07
   2.45800   -0.197127E-07
   2.46000   -0.192000E-07
   2.46200   -0.186840E-07
   2.46400   -0.181785E-07
   2.46600   -0.176971E-07
   2.46800   -0.172518E-07
   2.47000   -0.168525E-07
   2.47200   -0.165058E-07
   2.47400   -0.162151E-07
   2.47600   -0.159800E-07
   2.47800   -0.157974E-07
   2.48000   -0.156615E-07
   2.48200   -0.155648E-07
   2.48400   -0.154990E-07
   2.48600   -0.154556E-07
   2.48800   -0.154269E-07
   2.49000   -0.154059E-07
   2.49200   -0.153872E-07
   2.49400   -0.153667E-07
   2.49600   -0.153422E-07
   2.49800   -0.153125E-07
   2.50000   -0.152780E-07
   2.50200   -0.152400E-07
   2.50400   -0.152005E-07
   2.50600   -0.151621E-07
   2.50800   -0.151273E-07
   2.51000   -0.150985E-07
   2.51200   -0.150778E-07
   2.51400   -0.150662E-07
   2.51600   -0.150639E-07
   2.51800   -0.150702E-07
   2.52000   -0.150829E-07
   2.52200   -0.150992E-07
   2.52400   -0.151154E-07
   2.52600   -0.151273E-07
   2.52800   -0.151308E-07
   2.53000   -0.151223E-07
   2.53200   -0.150996E-07
   2.53400   -0.150615E-07
   2.53600   -0.150088E-07
   2.53800   -0.149440E-07
   2.54000   -0.148711E-07
   2.54200   -0.147952E-07
   2.54400   -0.147218E-07
   2.54600   -0.146562E-07
   2.54800   -0.146027E-07
   2.55000   -0.145637E-07
   2.55200   -0.145397E-07
   2.55400   -0.145292E-07
   2.55600   -0.145285E-07
   2.55800   -0.145325E-07
   2.56000   -0.145353E-07
   2.56200   -0.145312E-07
   2.56400   -0.145153E-07
   2.56600   -0.144844E-07
   2.56800   -0.144373E-07
   2.57000   -0.143754E-07
   2.57200   -0.143022E-07
   2.57400   -0.142226E-07
   2.57600   -0.141430E-07
   2.57800   -0.140695E-07
   2.58000   -0.140074E-07
   2.58200   -0.139606E-07
   2.58400   -0.139305E-07
   2.58600   -0.139163E-07
   2.58800   -0.139149E-07
   2.59000   -0.139217E-07
   2.59200   -0.139311E-07
   2.59400   -0.139377E-07
   2.59600   -0.139369E-07
   2.59800   -0.139259E-07
   2.60000   -0.139037E-07
   2.60200   -0.138714E-07
   2.60400   -0.138317E-07
   2.60600   -0.137882E-07
   2.60800   -0.137447E-07
   2.61000   -0.137045E-07
   2.61200   -0.136695E-07
   2.61400   -0.136406E-07
   2.61600   -0.136168E-07
   2.61800   -0.135963E-07
   2.62000   -0.135765E-07
   2.62200   -0.135547E-07
   2.62400   -0.135289E-07
   2.62600   -0.134981E-07
   2.62800   -0.134624E-07
   2.63000   -0.134233E-07
   2.63200   -0.133828E-07
   2.63400   -0.133435E-07
   2.63600   -0.133078E-07
   2.63800   -0.132774E-07
   2.64000   -0.132524E-07
   2.64200   -0.132317E-07
   2.64400   -0.132127E-07
   2.64600   -0.131917E-07
   2.64800   -0.131642E-07
   2.65000   -0.131256E-07
   2.65200   -0.130721E-07
   2.65400   -0.130012E-07
   2.65600   -0.129118E-07
   2.65800   -0.128051E-07
   2.66000   -0.126838E-07
   2.66200   -0.125521E-07
   2.66400   -0.124151E-07
   2.66600   -0.122781E-07
   2.66800   -0.121457E-07
   2.67000   -0.120215E-07
   2.67200   -0.119075E-07
   2.67400   -0.118036E-07
   2.67600   -0.117084E-07
   2.67800   -0.116188E-07
   2.68000   -0.115309E-07
   2.68200   -0.114403E-07
   2.68400   -0.113430E-07
   2.68600   -0.112354E-07
   2.68800   -0.111151E-07
   2.69000   -0.109805E-07
   2.69200   -0.108317E-07
   2.69400   -0.106697E-07
   2.69600   -0.104964E-07
   2.69800   -0.103145E-07
   2.70000   -0.101272E-07
   2.70200   -0.993759E-08
   2.70400   -0.974886E-08
   2.70600   -0.956364E-08
   2.70800   -0.938393E-08
   2.71000   -0.921089E-08
   2.71200   -0.904474E-08
   2.71400   -0.888478E-08
   2.71600   -0.872944E-08
   2.71800   -0.857650E-08
   2.72000   -0.842330E-08
   2.72200   -0.826717E-08
   2.72400   -0.810563E-08
   2.72600   -0.793686E-08
   2.72800   -0.775986E-08
   2.73000   -0.757466E-08
   2.73200   -0.738237E-08
   2.73400   -0.718506E-08
   2.73600   -0.698552E-08
   2.73800   -0.678690E-08
   2.74000   -0.659228E-08
   2.74200   -0.640421E-08
   2.74400   -0.622427E-08
   2.74600   -0.605284E-08
   2.74800   -0.588894E-08
   2.75000   -0.573031E-08
   2.75200   -0.557370E-08
   2.75400   -0.541523E-08
   2.75600   -0.525098E-08
   2.75800   -0.507742E-08
   2.76000   -0.489192E-08
   2.76200   -0.469309E-08
   2.76400   -0.448090E-08
   2.76600   -0.425668E-08
   2.76800   -0.402295E-08
   2.77000   -0.378307E-08
   2.77200   -0.354087E-08
   2.77400   -0.330021E-08
   2.77600   -0.306459E-08
   2.77800   -0.283684E-08
   2.78000   -0.261893E-08
   2.78200   -0.241179E-08
   2.78400   -0.221542E-08
   2.78600   -0.202894E-08
   2.78800   -0.185070E-08
   2.79000   -0.167871E-08
   2.79200   -0.151073E-08
   2.79400   -0.134457E-08
   2.79600   -0.117834E-08
   2.79800   -0.101072E-08
   2.80000   -0.841005E-09
   2.80200   -0.669318E-09
   2.80400   -0.496532E-09
   2.80600   -0.324190E-09
   2.80800   -0.154266E-09
   2.81000    0.112057E-10
   2.81200    0.170631E-09
   2.81400    0.323461E-09
   2.81600    0.470833E-09
   2.81800    0.616193E-09
   2.82000    0.765797E-09
   2.82200    0.928949E-09
   2.82400    0.111788E-08
   2.82600    0.134718E-08
   2.82800    0.163270E-08
   2.83000    0.199001E-08
   2.83200    0.243244E-08
   2.83400    0.296908E-08
   2.83600    0.360281E-08
   2.83800    0.432884E-08
   2.84000    0.513404E-08
   2.84200    0.599724E-08
   2.84400    0.689051E-08
   2.84600    0.778152E-08
   2.84800    0.863651E-08
   2.85000    0.942354E-08
   2.85200    0.101156E-07
   2.85400    0.106931E-07
   2.85600    0.111453E-07
   2.85800    0.114707E-07
   2.86000    0.116765E-07
   2.86200    0.117767E-07
   2.86400    0.117900E-07
   2.86600    0.117374E-07
   2.86800    0.116398E-07
   2.87000    0.115160E-07
   2.87200    0.113818E-07
   2.87400    0.112493E-07
   2.87600    0.111265E-07
   2.87800    0.110183E-07
   2.88000    0.109270E-07
   2.88200    0.108530E-07
   2.88400    0.107960E-07
   2.88600    0.107552E-07
   2.88800    0.107301E-07
   2.89000    0.107205E-07
   2.89200    0.107269E-07
   2.89400    0.107500E-07
   2.89600    0.107909E-07
   2.89800    0.108513E-07
   2.90000    0.109328E-07
   2.90200    0.110378E-07
   2.90400    0.111693E-07
   2.90600    0.113313E-07
   2.90800    0.115290E-07
   2.91000    0.117689E-07
   2.91200    0.120587E-07
   2.91400    0.124063E-07
   2.91600    0.128187E-07
   2.91800    0.133004E-07
   2.92000    0.138514E-07
   2.92200    0.144653E-07
   2.92400    0.151270E-07
   2.92600    0.158122E-07
   2.92800    0.164871E-07
   2.93000    0.171101E-07
   2.93200    0.176343E-07
   2.93400    0.180125E-07
   2.93600    0.182011E-07
   2.93800    0.181662E-07
   2.94000    0.178876E-07
   2.94200    0.173623E-07
   2.94400    0.166052E-07
   2.94600    0.156487E-07
   2.94800    0.145393E-07
   2.95000    0.133330E-07
   2.95200    0.120897E-07
   2.95400    0.108675E-07
   2.95600    0.971758E-08
   2.95800    0.868014E-08
   2.96000    0.778230E-08
   2.96200    0.703736E-08
   2.96400    0.644569E-08
   2.96600    0.599694E-08
   2.96800    0.567295E-08
   2.97000    0.545110E-08
   2.97200    0.530764E-08
   2.97400    0.522050E-08
   2.97600    0.517156E-08
   2.97800    0.514794E-08
   2.98000    0.514228E-08
   2.98200    0.515224E-08
   2.98400    0.517912E-08
   2.98600    0.522605E-08
   2.98800    0.529601E-08
   2.99000    0.539011E-08
   2.99200    0.550645E-08
   2.99400    0.563968E-08
   2.99600    0.578152E-08
   2.99800    0.592204E-08
   3.00000    0.605142E-08
   3.00200    0.616193E-08
   3.00400    0.624988E-08
   3.00600    0.631668E-08
   3.00800    0.636922E-08
   3.01000    0.641942E-08
   3.01200    0.648268E-08
   3.01400    0.657573E-08
   3.01600    0.671405E-08
   3.01800    0.690933E-08
   3.02000    0.716737E-08
   3.02200    0.748674E-08
   3.02400    0.785841E-08
   3.02600    0.826640E-08
   3.02800    0.868940E-08
   3.03000    0.910309E-08
   3.03200    0.948282E-08
   3.03400    0.980628E-08
   3.03600    0.100559E-07
   3.03800    0.102204E-07
   3.04000    0.102959E-07
   3.04200    0.102861E-07
   3.04400    0.102015E-07
   3.04600    0.100581E-07
   3.04800    0.987624E-08
   3.05000    0.967842E-08
   3.05200    0.948782E-08
   3.05400    0.932645E-08
   3.05600    0.921367E-08
   3.05800    0.916489E-08
   3.06000    0.919050E-08
   3.06200    0.929512E-08
   3.06400    0.947715E-08
   3.06600    0.972888E-08
   3.06800    0.100369E-07
   3.07000    0.103832E-07
   3.07200    0.107466E-07
   3.07400    0.111045E-07
   3.07600    0.114351E-07
   3.07800    0.117190E-07
   3.08000    0.119413E-07
   3.08200    0.120922E-07
   3.08400    0.121678E-07
   3.08600    0.121700E-07
   3.08800    0.121052E-07
   3.09000    0.119839E-07
   3.09200    0.118182E-07
   3.09400    0.116213E-07
   3.09600    0.114053E-07
   3.09800    0.111809E-07
   3.10000    0.109569E-07
   3.10200    0.107397E-07
   3.10400    0.105343E-07
   3.10600    0.103443E-07
   3.10800    0.101728E-07
   3.11000    0.100232E-07
   3.11200    0.989913E-08
   3.11400    0.980516E-08
   3.11600    0.974622E-08
   3.11800    0.972726E-08
   3.12000    0.975255E-08
   3.12200    0.982474E-08
   3.12400    0.994407E-08
   3.12600    0.101076E-07
   3.12800    0.103087E-07
   3.13000    0.105370E-07
   3.13200    0.107789E-07
   3.13400    0.110179E-07
   3.13600    0.112360E-07
   3.13800    0.114147E-07
   3.14000    0.115367E-07
   3.14200    0.115868E-07
   3.14400    0.115534E-07
   3.14600    0.114291E-07
   3.14800    0.112117E-07
   3.15000    0.109043E-07
   3.15200    0.105156E-07
   3.15400    0.100599E-07
   3.15600    0.955680E-08
   3.15800    0.903050E-08
   3.16000    0.850913E-08
   3.16200    0.802329E-08
   3.16400    0.760444E-08
   3.16600    0.728288E-08
   3.16800    0.708563E-08
   3.17000    0.703428E-08
   3.17200    0.714318E-08
   3.17400    0.741821E-08
   3.17600    0.785622E-08
   3.17800    0.844534E-08
   3.18000    0.916618E-08
   3.18200    0.999354E-08
   3.18400    0.108987E-07
   3.18600    0.118515E-07
   3.18800    0.128228E-07
   3.19000    0.137861E-07
   3.19200    0.147185E-07
   3.19400    0.156015E-07
   3.19600    0.164211E-07
   3.19800    0.171671E-07
   3.20000    0.178333E-07
   3.20200    0.184162E-07
   3.20400    0.189150E-07
   3.20600    0.193314E-07
   3.20800    0.196690E-07
   3.21000    0.199339E-07
   3.21200    0.201342E-07
   3.21400    0.202801E-07
   3.21600    0.203839E-07
   3.21800    0.204586E-07
   3.22000    0.205181E-07
   3.22200    0.205752E-07
   3.22400    0.206411E-07
   3.22600    0.207243E-07
   3.22800    0.208293E-07
   3.23000    0.209566E-07
   3.23200    0.211021E-07
   3.23400    0.212578E-07
   3.23600    0.214126E-07
   3.23800    0.215536E-07
   3.24000    0.216677E-07
   3.24200    0.217432E-07
   3.24400    0.217718E-07
   3.24600    0.217493E-07
   3.24800    0.216771E-07
   3.25000    0.215619E-07
   3.25200    0.214150E-07
   3.25400    0.212509E-07
   3.25600    0.210856E-07
   3.25800    0.209337E-07
   3.26000    0.208063E-07
   3.26200    0.207091E-07
   3.26400    0.206405E-07
   3.26600    0.205920E-07
   3.26800    0.205477E-07
   3.27000    0.204859E-07
   3.27200    0.203813E-07
   3.27400    0.202071E-07
   3.27600    0.199375E-07
   3.27800    0.195508E-07
   3.28000    0.190311E-07
   3.28200    0.183707E-07
   3.28400    0.175711E-07
   3.28600    0.166439E-07
   3.28800    0.156103E-07
   3.29000    0.145006E-07
   3.29200    0.133519E-07
   3.29400    0.122055E-07
   3.29600    0.111039E-07
   3.29800    0.100876E-07
   3.30000    0.919113E-08
   3.30200    0.844121E-08
   3.30400    0.785448E-08
   3.30600    0.743694E-08
   3.30800    0.718430E-08
   3.31000    0.708335E-08
   3.31200    0.711406E-08
   3.31400    0.725198E-08
   3.31600    0.747085E-08
   3.31800    0.774473E-08
   3.32000    0.804983E-08
   3.32200    0.836574E-08
   3.32400    0.867609E-08
   3.32600    0.896873E-08
   3.32800    0.923554E-08
   3.33000    0.947200E-08
   3.33200    0.967653E-08
   3.33400    0.984991E-08
   3.33600    0.999454E-08
   3.33800    0.101139E-07
   3.34000    0.102120E-07
   3.34200    0.102927E-07
   3.34400    0.103597E-07
   3.34600    0.104162E-07
   3.34800    0.104646E-07
   3.35000    0.105068E-07
   3.35200    0.105439E-07
   3.35400    0.105770E-07
   3.35600    0.106065E-07
   3.35800    0.106330E-07
   3.36000    0.106570E-07
   3.36200    0.106788E-07
   3.36400    0.106991E-07
   3.36600    0.107183E-07
   3.36800    0.107367E-07
   3.37000    0.107544E-07
   3.37200    0.107712E-07
   3.37400    0.107867E-07
   3.37600    0.107999E-07
   3.37800    0.108100E-07
   3.38000    0.108159E-07
   3.38200    0.108165E-07
   3.38400    0.108110E-07
   3.38600    0.107987E-07
   3.38800    0.107791E-07
   3.39000    0.107521E-07
   3.39200    0.107178E-07
   3.39400    0.106766E-07
   3.39600    0.106290E-07
   3.39800    0.105757E-07
   3.40000    0.105176E-07
   3.40200    0.104553E-07
   3.40400    0.103899E-07
   3.40600    0.103220E-07
   3.40800    0.102524E-07
   3.41000    0.101816E-07
   3.41200    0.101099E-07
   3.41400    0.100373E-07
   3.41600    0.996299E-08
   3.41800    0.988617E-08
   3.42000    0.980534E-08
   3.42200    0.971880E-08
   3.42400    0.962472E-08
   3.42600    0.952145E-08
   3.42800    0.940776E-08
   3.43000    0.928312E-08
   3.43200    0.914782E-08
   3.43400    0.900302E-08
   3.43600    0.885061E-08
   3.43800    0.869296E-08
   3.44000    0.853257E-08
   3.44200    0.837164E-08
   3.44400    0.821174E-08
   3.44600    0.805355E-08
   3.44800    0.789675E-08
   3.45000    0.774013E-08
   3.45200    0.758179E-08
   3.45400    0.741955E-08
   3.45600    0.725132E-08
   3.45800    0.707544E-08
   3.46000    0.689097E-08
   3.46200    0.669776E-08
   3.46400    0.649638E-08
   3.46600    0.628792E-08
   3.46800    0.607365E-08
   3.47000    0.585476E-08
   3.47200    0.563207E-08
   3.47400    0.540591E-08
   3.47600    0.517611E-08
   3.47800    0.494222E-08
   3.48000    0.470374E-08
   3.48200    0.446053E-08
   3.48400    0.421314E-08
   3.48600    0.396314E-08
   3.48800    0.371337E-08
   3.49000    0.346805E-08
   3.49200    0.323278E-08
   3.49400    0.301448E-08
   3.49600    0.282111E-08
   3.49800    0.266155E-08
   3.50000    0.254521E-08
   3.50200    0.248168E-08
   3.50400    0.248034E-08
   3.50600    0.254988E-08
   3.50800    0.269781E-08
   3.51000    0.292997E-08
   3.51200    0.325003E-08
   3.51400    0.365919E-08
   3.51600    0.415583E-08
   3.51800    0.473563E-08
   3.52000    0.539168E-08
   3.52200    0.611487E-08
   3.52400    0.689440E-08
   3.52600    0.771851E-08
   3.52800    0.857498E-08
   3.53000    0.945188E-08
   3.53200    0.103380E-07
   3.53400    0.112234E-07
   3.53600    0.120995E-07
   3.53800    0.129599E-07
   3.54000    0.137984E-07
   3.54200    0.146131E-07
   3.54400    0.154024E-07
   3.54600    0.161671E-07
   3.54800    0.169094E-07
   3.55000    0.176332E-07
   3.55200    0.183430E-07
   3.55400    0.190440E-07
   3.55600    0.197401E-07
   3.55800    0.204337E-07
   3.56000    0.211227E-07
   3.56200    0.217993E-07
   3.56400    0.224465E-07
   3.56600    0.230356E-07
   3.56800    0.235237E-07
   3.57000    0.238511E-07
   3.57200    0.239411E-07
   3.57400    0.237015E-07
   3.57600    0.230296E-07
   3.57800    0.218199E-07
   3.58000    0.199765E-07
   3.58200    0.174261E-07
   3.58400    0.141347E-07
   3.58600    0.101204E-07
   3.58800    0.546427E-08
   3.59000    0.313880E-09
   3.59200   -0.512155E-08
   3.59400   -0.105848E-07
   3.59600   -0.157925E-07
   3.59800   -0.204626E-07
   3.60000   -0.243437E-07
   3.60200   -0.272418E-07
   3.60400   -0.290402E-07
   3.60600   -0.297096E-07
   3.60800   -0.293071E-07
   3.61000   -0.279644E-07
   3.61200   -0.258682E-07
   3.61400   -0.232355E-07
   3.61600   -0.202879E-07
   3.61800   -0.172301E-07
   3.62000   -0.142329E-07
   3.62200   -0.114241E-07
   3.62400   -0.888619E-08
   3.62600   -0.665989E-08
   3.62800   -0.475208E-08
   3.63000   -0.314537E-08
   3.63200   -0.180789E-08
   3.63400   -0.701584E-09
   3.63600    0.211628E-09
   3.63800    0.966267E-09
   3.64000    0.159166E-08
   3.64200    0.211206E-08
   3.64400    0.254762E-08
   3.64600    0.291557E-08
   3.64800    0.323110E-08
   3.65000    0.350798E-08
   3.65200    0.375829E-08
   3.65400    0.399212E-08
   3.65600    0.421679E-08
   3.65800    0.443671E-08
   3.66000    0.465261E-08
   3.66200    0.486343E-08
   3.66400    0.506354E-08
   3.66600    0.524855E-08
   3.66800    0.541337E-08
   3.67000    0.555435E-08
   3.67200    0.567011E-08
   3.67400    0.576196E-08
   3.67600    0.583388E-08
   3.67800    0.589197E-08
   3.68000    0.594356E-08
   3.68200    0.599606E-08
   3.68400    0.605595E-08
   3.68600    0.612781E-08
   3.68800    0.621377E-08
   3.69000    0.631329E-08
   3.69200    0.642343E-08
   3.69400    0.653935E-08
   3.69600    0.665522E-08
   3.69800    0.676504E-08
   3.70000    0.686363E-08
   3.70200    0.694727E-08
   3.70400    0.701423E-08
   3.70600    0.706488E-08
   3.70800    0.710153E-08
   3.71000    0.712801E-08
   3.71200    0.714900E-08
   3.71400    0.716935E-08
   3.71600    0.719338E-08
   3.71800    0.722429E-08
   3.72000    0.726373E-08
   3.72200    0.731172E-08
   3.72400    0.736669E-08
   3.72600    0.742579E-08
   3.72800    0.748537E-08
   3.73000    0.754156E-08
   3.73200    0.759078E-08
   3.73400    0.763036E-08
   3.73600    0.765877E-08
   3.73800    0.767594E-08
   3.74000    0.768325E-08
   3.74200    0.768332E-08
   3.74400    0.767973E-08
   3.74600    0.767658E-08
   3.74800    0.767796E-08
   3.75000    0.768749E-08
   3.75200    0.770786E-08
   3.75400    0.774056E-08
   3.75600    0.778560E-08
   3.75800    0.784155E-08
   3.76000    0.790563E-08
   3.76200    0.797402E-08
   3.76400    0.804218E-08
   3.76600    0.810539E-08
   3.76800    0.815918E-08
   3.77000    0.819983E-08
   3.77200    0.822471E-08
   3.77400    0.823256E-08
   3.77600    0.822362E-08
   3.77800    0.819955E-08
   3.78000    0.816330E-08
   3.78200    0.811879E-08
   3.78400    0.807058E-08
   3.78600    0.802341E-08
   3.78800    0.798181E-08
   3.79000    0.794974E-08
   3.79200    0.793033E-08
   3.79400    0.792565E-08
   3.79600    0.793665E-08
   3.79800    0.796317E-08
   3.80000    0.800404E-08
   3.80200    0.805738E-08
   3.80400    0.812088E-08
   3.80600    0.819220E-08
   3.80800    0.826949E-08
   3.81000    0.835176E-08
   3.81200    0.843936E-08
   3.81400    0.853427E-08
   3.81600    0.864021E-08
   3.81800    0.876251E-08
   3.82000    0.890774E-08
   3.82200    0.908288E-08
   3.82400    0.929441E-08
   3.82600    0.954695E-08
   3.82800    0.984205E-08
   3.83000    0.101770E-07
   3.83200    0.105437E-07
   3.83400    0.109291E-07
   3.83600    0.113145E-07
   3.83800    0.116777E-07
   3.84000    0.119943E-07
   3.84200    0.122401E-07
   3.84400    0.123941E-07
   3.84600    0.124402E-07
   3.84800    0.123698E-07
   3.85000    0.121826E-07
   3.85200    0.118863E-07
   3.85400    0.114963E-07
   3.85600    0.110334E-07
   3.85800    0.105219E-07
   3.86000    0.998648E-08
   3.86200    0.945046E-08
   3.86400    0.893355E-08
   3.86600    0.845080E-08
   3.86800    0.801211E-08
   3.87000    0.762244E-08
   3.87200    0.728244E-08
   3.87400    0.698950E-08
   3.87600    0.673883E-08
   3.87800    0.652448E-08
   3.88000    0.634016E-08
   3.88200    0.617990E-08
   3.88400    0.603839E-08
   3.88600    0.591118E-08
   3.88800    0.579470E-08
   3.89000    0.568626E-08
   3.89200    0.558389E-08
   3.89400    0.548630E-08
   3.89600    0.539276E-08
   3.89800    0.530307E-08
   3.90000    0.521745E-08
   3.90200    0.513646E-08
   3.90400    0.506096E-08
   3.90600    0.499195E-08
   3.90800    0.493050E-08
   3.91000    0.487761E-08
   3.91200    0.483408E-08
   3.91400    0.480040E-08
   3.91600    0.477669E-08
   3.91800    0.476264E-08
   3.92000    0.475752E-08
   3.92200    0.476023E-08
   3.92400    0.476929E-08
   3.92600    0.478300E-08
   3.92800    0.479949E-08
   3.93000    0.481683E-08
   3.93200    0.483315E-08
   3.93400    0.484671E-08
   3.93600    0.485601E-08
   3.93800    0.485983E-08
   3.94000    0.485730E-08
   3.94200    0.484794E-08
   3.94400    0.483161E-08
   3.94600    0.480851E-08
   3.94800    0.477914E-08
   3.95000    0.474416E-08
   3.95200    0.470435E-08
   3.95400    0.466048E-08
   3.95600    0.461321E-08
   3.95800    0.456305E-08
   3.96000    0.451033E-08
   3.96200    0.445515E-08
   3.96400    0.439745E-08
   3.96600    0.433701E-08
   3.96800    0.427349E-08
   3.97000    0.420639E-08
   3.97200    0.413509E-08
   3.97400    0.405875E-08
   3.97600    0.397630E-08
   3.97800    0.388633E-08
   3.98000    0.378714E-08
   3.98200    0.367678E-08
   3.98400    0.355318E-08
   3.98600    0.341437E-08
   3.98800    0.325876E-08
   3.99000    0.308541E-08
   3.99200    0.289435E-08
   3.99400    0.268671E-08
   3.99600    0.246486E-08
   3.99800    0.223235E-08
   4.00000    0.199368E-08
