   0.00000    0.000000E+00
   0.00200    0.000000E+00
   0.00400    0.000000E+00
   0.00600    0.000000E+00
   0.00800    0.000000E+00
   0.01000    0.000000E+00
   0.01200    0.000000E+00
   0.01400    0.000000E+00
   0.01600    0.000000E+00
   0.01800    0.000000E+00
   0.02000    0.000000E+00
   0.02200    0.000000E+00
   0.02400    0.000000E+00
   0.02600   -0.147690E-10
   0.02800   -0.444162E-10
   0.03000   -0.966522E-10
   0.03200   -0.194467E-09
   0.03400   -0.379454E-09
   0.03600   -0.721132E-09
   0.03800   -0.133644E-08
   0.04000   -0.241644E-08
   0.04200   -0.426408E-08
   0.04400   -0.734425E-08
   0.04600   -0.123465E-07
   0.04800   -0.202588E-07
   0.05000   -0.324462E-07
   0.05200   -0.507220E-07
   0.05400   -0.773966E-07
   0.05600   -0.115279E-06
   0.05800   -0.167606E-06
   0.06000   -0.237878E-06
   0.06200   -0.329572E-06
   0.06400   -0.445750E-06
   0.06600   -0.588557E-06
   0.06800   -0.758677E-06
   0.07000   -0.954796E-06
   0.07200   -0.117319E-05
   0.07400   -0.140748E-05
   0.07600   -0.164877E-05
   0.07800   -0.188600E-05
   0.08000   -0.210674E-05
   0.08200   -0.229823E-05
   0.08400   -0.244864E-05
   0.08600   -0.254820E-05
   0.08800   -0.259034E-05
   0.09000   -0.257237E-05
   0.09200   -0.249575E-05
   0.09400   -0.236594E-05
   0.09600   -0.219167E-05
   0.09800   -0.198404E-05
   0.10000   -0.175530E-05
   0.10200   -0.151767E-05
   0.10400   -0.128235E-05
   0.10600   -0.105866E-05
   0.10800   -0.853649E-06
   0.11000   -0.671897E-06
   0.11200   -0.515659E-06
   0.11400   -0.385181E-06
   0.11600   -0.279142E-06
   0.11800   -0.195122E-06
   0.12000   -0.130052E-06
   0.12200   -0.805934E-07
   0.12400   -0.434332E-07
   0.12600   -0.154919E-07
   0.12800    0.594591E-08
   0.13000    0.231647E-07
   0.13200    0.379989E-07
   0.13400    0.518469E-07
   0.13600    0.657066E-07
   0.13800    0.802230E-07
   0.14000    0.957414E-07
   0.14200    0.112361E-06
   0.14400    0.129987E-06
   0.14600    0.148376E-06
   0.14800    0.167188E-06
   0.15000    0.185995E-06
   0.15200    0.204347E-06
   0.15400    0.221790E-06
   0.15600    0.237889E-06
   0.15800    0.252252E-06
   0.16000    0.264547E-06
   0.16200    0.274526E-06
   0.16400    0.282037E-06
   0.16600    0.287029E-06
   0.16800    0.289555E-06
   0.17000    0.289770E-06
   0.17200    0.287914E-06
   0.17400    0.284299E-06
   0.17600    0.279282E-06
   0.17800    0.273241E-06
   0.18000    0.266552E-06
   0.18200    0.259564E-06
   0.18400    0.252585E-06
   0.18600    0.245873E-06
   0.18800    0.239633E-06
   0.19000    0.234024E-06
   0.19200    0.229163E-06
   0.19400    0.225138E-06
   0.19600    0.222013E-06
   0.19800    0.219833E-06
   0.20000    0.218624E-06
   0.20200    0.218384E-06
   0.20400    0.219077E-06
   0.20600    0.220622E-06
   0.20800    0.222883E-06
   0.21000    0.225667E-06
   0.21200    0.228726E-06
   0.21400    0.231766E-06
   0.21600    0.234469E-06
   0.21800    0.236518E-06
   0.22000    0.237623E-06
   0.22200    0.237554E-06
   0.22400    0.236165E-06
   0.22600    0.233408E-06
   0.22800    0.229346E-06
   0.23000    0.224143E-06
   0.23200    0.218051E-06
   0.23400    0.211383E-06
   0.23600    0.204486E-06
   0.23800    0.197706E-06
   0.24000    0.191360E-06
   0.24200    0.185715E-06
   0.24400    0.180973E-06
   0.24600    0.177265E-06
   0.24800    0.174650E-06
   0.25000    0.173126E-06
   0.25200    0.172635E-06
   0.25400    0.173074E-06
   0.25600    0.174300E-06
   0.25800    0.176138E-06
   0.26000    0.178384E-06
   0.26200    0.180808E-06
   0.26400    0.183161E-06
   0.26600    0.185182E-06
   0.26800    0.186614E-06
   0.27000    0.187224E-06
   0.27200    0.186817E-06
   0.27400    0.185265E-06
   0.27600    0.182520E-06
   0.27800    0.178628E-06
   0.28000    0.173730E-06
   0.28200    0.168058E-06
   0.28400    0.161917E-06
   0.28600    0.155659E-06
   0.28800    0.149659E-06
   0.29000    0.144273E-06
   0.29200    0.139819E-06
   0.29400    0.136543E-06
   0.29600    0.134601E-06
   0.29800    0.134049E-06
   0.30000    0.134842E-06
   0.30200    0.136832E-06
   0.30400    0.139784E-06
   0.30600    0.143393E-06
   0.30800    0.147307E-06
   0.31000    0.151152E-06
   0.31200    0.154558E-06
   0.31400    0.157190E-06
   0.31600    0.158772E-06
   0.31800    0.159109E-06
   0.32000    0.158102E-06
   0.32200    0.155758E-06
   0.32400    0.152185E-06
   0.32600    0.147587E-06
   0.32800    0.142244E-06
   0.33000    0.136491E-06
   0.33200    0.130690E-06
   0.33400    0.125201E-06
   0.33600    0.120359E-06
   0.33800    0.116445E-06
   0.34000    0.113671E-06
   0.34200    0.112166E-06
   0.34400    0.111963E-06
   0.34600    0.113003E-06
   0.34800    0.115131E-06
   0.35000    0.118114E-06
   0.35200    0.121652E-06
   0.35400    0.125403E-06
   0.35600    0.129008E-06
   0.35800    0.132123E-06
   0.36000    0.134447E-06
   0.36200    0.135752E-06
   0.36400    0.135900E-06
   0.36600    0.134856E-06
   0.36800    0.132693E-06
   0.37000    0.129577E-06
   0.37200    0.125754E-06
   0.37400    0.121521E-06
   0.37600    0.117202E-06
   0.37800    0.113114E-06
   0.38000    0.109545E-06
   0.38200    0.106729E-06
   0.38400    0.104835E-06
   0.38600    0.103948E-06
   0.38800    0.104075E-06
   0.39000    0.105137E-06
   0.39200    0.106978E-06
   0.39400    0.109374E-06
   0.39600    0.112052E-06
   0.39800    0.114710E-06
   0.40000    0.117042E-06
   0.40200    0.118766E-06
   0.40400    0.119656E-06
   0.40600    0.119562E-06
   0.40800    0.118429E-06
   0.41000    0.116303E-06
   0.41200    0.113325E-06
   0.41400    0.109715E-06
   0.41600    0.105749E-06
   0.41800    0.101723E-06
   0.42000    0.979224E-07
   0.42200    0.945931E-07
   0.42400    0.919191E-07
   0.42600    0.900078E-07
   0.42800    0.888850E-07
   0.43000    0.885008E-07
   0.43200    0.887403E-07
   0.43400    0.894410E-07
   0.43600    0.904130E-07
   0.43800    0.914593E-07
   0.44000    0.923953E-07
   0.44200    0.930668E-07
   0.44400    0.933618E-07
   0.44600    0.932176E-07
   0.44800    0.926233E-07
   0.45000    0.916133E-07
   0.45200    0.902589E-07
   0.45400    0.886541E-07
   0.45600    0.869010E-07
   0.45800    0.850963E-07
   0.46000    0.833218E-07
   0.46200    0.816393E-07
   0.46400    0.800916E-07
   0.46600    0.787071E-07
   0.46800    0.775078E-07
   0.47000    0.765163E-07
   0.47200    0.757605E-07
   0.47400    0.752733E-07
   0.47600    0.750878E-07
   0.47800    0.752270E-07
   0.48000    0.756923E-07
   0.48200    0.764517E-07
   0.48400    0.774322E-07
   0.48600    0.785182E-07
   0.48800    0.795588E-07
   0.49000    0.803813E-07
   0.49200    0.808123E-07
   0.49400    0.807005E-07
   0.49600    0.799404E-07
   0.49800    0.784898E-07
   0.50000    0.763802E-07
   0.50200    0.737177E-07
   0.50400    0.706728E-07
   0.50600    0.674613E-07
   0.50800    0.643185E-07
   0.51000    0.614713E-07
   0.51200    0.591101E-07
   0.51400    0.573670E-07
   0.51600    0.563011E-07
   0.51800    0.558936E-07
   0.52000    0.560526E-07
   0.52200    0.566261E-07
   0.52400    0.574212E-07
   0.52600    0.582265E-07
   0.52800    0.588347E-07
   0.53000    0.590622E-07
   0.53200    0.587653E-07
   0.53400    0.578496E-07
   0.53600    0.562752E-07
   0.53800    0.540557E-07
   0.54000    0.512542E-07
   0.54200    0.479744E-07
   0.54400    0.443503E-07
   0.54600    0.405340E-07
   0.54800    0.366841E-07
   0.55000    0.329491E-07
   0.55200    0.294588E-07
   0.55400    0.263115E-07
   0.55600    0.235652E-07
   0.55800    0.212332E-07
   0.56000    0.192880E-07
   0.56200    0.176517E-07
   0.56400    0.162146E-07
   0.56600    0.148419E-07
   0.56800    0.133769E-07
   0.57000    0.116633E-07
   0.57200    0.954638E-08
   0.57400    0.686903E-08
   0.57600    0.350669E-08
   0.57800   -0.657278E-09
   0.58000   -0.571125E-08
   0.58200   -0.117229E-07
   0.58400   -0.187335E-07
   0.58600   -0.267641E-07
   0.58800   -0.358128E-07
   0.59000   -0.458598E-07
   0.59200   -0.568673E-07
   0.59400   -0.687768E-07
   0.59600   -0.815056E-07
   0.59800   -0.949277E-07
   0.60000   -0.108857E-06
   0.60200   -0.123016E-06
   0.60400   -0.137009E-06
   0.60600   -0.150300E-06
   0.60800   -0.162207E-06
   0.61000   -0.171923E-06
   0.61200   -0.178565E-06
   0.61400   -0.181265E-06
   0.61600   -0.179276E-06
   0.61800   -0.172101E-06
   0.62000   -0.159605E-06
   0.62200   -0.142100E-06
   0.62400   -0.120364E-06
   0.62600   -0.956068E-07
   0.62800   -0.693461E-07
   0.63000   -0.432415E-07
   0.63200   -0.188875E-07
   0.63400    0.238871E-08
   0.63600    0.196899E-07
   0.63800    0.326468E-07
   0.64000    0.414311E-07
   0.64200    0.466861E-07
   0.64400    0.493896E-07
   0.64600    0.506787E-07
   0.64800    0.516676E-07
   0.65000    0.532915E-07
   0.65200    0.561985E-07
   0.65400    0.607003E-07
   0.65600    0.667829E-07
   0.65800    0.741626E-07
   0.66000    0.823743E-07
   0.66200    0.908673E-07
   0.66400    0.990971E-07
   0.66600    0.106597E-06
   0.66800    0.113023E-06
   0.67000    0.118177E-06
   0.67200    0.122002E-06
   0.67400    0.124564E-06
   0.67600    0.126016E-06
   0.67800    0.126574E-06
   0.68000    0.126472E-06
   0.68200    0.125941E-06
   0.68400    0.125190E-06
   0.68600    0.124380E-06
   0.68800    0.123626E-06
   0.69000    0.122996E-06
   0.69200    0.122505E-06
   0.69400    0.122135E-06
   0.69600    0.121842E-06
   0.69800    0.121545E-06
   0.70000    0.121170E-06
   0.70200    0.120637E-06
   0.70400    0.119885E-06
   0.70600    0.118877E-06
   0.70800    0.117610E-06
   0.71000    0.116119E-06
   0.71200    0.114476E-06
   0.71400    0.112779E-06
   0.71600    0.111149E-06
   0.71800    0.109705E-06
   0.72000    0.108551E-06
   0.72200    0.107762E-06
   0.72400    0.107369E-06
   0.72600    0.107354E-06
   0.72800    0.107653E-06
   0.73000    0.108164E-06
   0.73200    0.108761E-06
   0.73400    0.109312E-06
   0.73600    0.109695E-06
   0.73800    0.109816E-06
   0.74000    0.109616E-06
   0.74200    0.109076E-06
   0.74400    0.108215E-06
   0.74600    0.107086E-06
   0.74800    0.105761E-06
   0.75000    0.104323E-06
   0.75200    0.102854E-06
   0.75400    0.101428E-06
   0.75600    0.100105E-06
   0.75800    0.989321E-07
   0.76000    0.979382E-07
   0.76200    0.971417E-07
   0.76400    0.965493E-07
   0.76600    0.961586E-07
   0.76800    0.959577E-07
   0.77000    0.959254E-07
   0.77200    0.960295E-07
   0.77400    0.962265E-07
   0.77600    0.964631E-07
   0.77800    0.966781E-07
   0.78000    0.968073E-07
   0.78200    0.967896E-07
   0.78400    0.965742E-07
   0.78600    0.961275E-07
   0.78800    0.954388E-07
   0.79000    0.945243E-07
   0.79200    0.934271E-07
   0.79400    0.922157E-07
   0.79600    0.909766E-07
   0.79800    0.898063E-07
   0.80000    0.888000E-07
   0.80200    0.880399E-07
   0.80400    0.875840E-07
   0.80600    0.874577E-07
   0.80800    0.876483E-07
   0.81000    0.881042E-07
   0.81200    0.887392E-07
   0.81400    0.894412E-07
   0.81600    0.900842E-07
   0.81800    0.905427E-07
   0.82000    0.907067E-07
   0.82200    0.904950E-07
   0.82400    0.898655E-07
   0.82600    0.888211E-07
   0.82800    0.874111E-07
   0.83000    0.857263E-07
   0.83200    0.838905E-07
   0.83400    0.820473E-07
   0.83600    0.803451E-07
   0.83800    0.789207E-07
   0.84000    0.778849E-07
   0.84200    0.773100E-07
   0.84400    0.772214E-07
   0.84600    0.775952E-07
   0.84800    0.783607E-07
   0.85000    0.794078E-07
   0.85200    0.805997E-07
   0.85400    0.817869E-07
   0.85600    0.828241E-07
   0.85800    0.835842E-07
   0.86000    0.839715E-07
   0.86200    0.839300E-07
   0.86400    0.834475E-07
   0.86600    0.825546E-07
   0.86800    0.813199E-07
   0.87000    0.798411E-07
   0.87200    0.782335E-07
   0.87400    0.766179E-07
   0.87600    0.751081E-07
   0.87800    0.737996E-07
   0.88000    0.727612E-07
   0.88200    0.720288E-07
   0.88400    0.716033E-07
   0.88600    0.714528E-07
   0.88800    0.715171E-07
   0.89000    0.717166E-07
   0.89200    0.719618E-07
   0.89400    0.721652E-07
   0.89600    0.722506E-07
   0.89800    0.721631E-07
   0.90000    0.718739E-07
   0.90200    0.713836E-07
   0.90400    0.707208E-07
   0.90600    0.699377E-07
   0.90800    0.691028E-07
   0.91000    0.682918E-07
   0.91200    0.675779E-07
   0.91400    0.670221E-07
   0.91600    0.666652E-07
   0.91800    0.665222E-07
   0.92000    0.665802E-07
   0.92200    0.667984E-07
   0.92400    0.671134E-07
   0.92600    0.674455E-07
   0.92800    0.677088E-07
   0.93000    0.678204E-07
   0.93200    0.677111E-07
   0.93400    0.673330E-07
   0.93600    0.666657E-07
   0.93800    0.657189E-07
   0.94000    0.645319E-07
   0.94200    0.631698E-07
   0.94400    0.617166E-07
   0.94600    0.602664E-07
   0.94800    0.589144E-07
   0.95000    0.577458E-07
   0.95200    0.568276E-07
   0.95400    0.562005E-07
   0.95600    0.558748E-07
   0.95800    0.558287E-07
   0.96000    0.560107E-07
   0.96200    0.563459E-07
   0.96400    0.567446E-07
   0.96600    0.571140E-07
   0.96800    0.573694E-07
   0.97000    0.574450E-07
   0.97200    0.573026E-07
   0.97400    0.569362E-07
   0.97600    0.563728E-07
   0.97800    0.556688E-07
   0.98000    0.549018E-07
   0.98200    0.541609E-07
   0.98400    0.535344E-07
   0.98600    0.530972E-07
   0.98800    0.529008E-07
   0.99000    0.529647E-07
   0.99200    0.532724E-07
   0.99400    0.537713E-07
   0.99600    0.543779E-07
   0.99800    0.549865E-07
   1.00000    0.554814E-07
   1.00200    0.557519E-07
   1.00400    0.557060E-07
   1.00600    0.552837E-07
   1.00800    0.544662E-07
   1.01000    0.532804E-07
   1.01200    0.517982E-07
   1.01400    0.501296E-07
   1.01600    0.484117E-07
   1.01800    0.467931E-07
   1.02000    0.454180E-07
   1.02200    0.444090E-07
   1.02400    0.438535E-07
   1.02600    0.437928E-07
   1.02800    0.442177E-07
   1.03000    0.450684E-07
   1.03200    0.462415E-07
   1.03400    0.476009E-07
   1.03600    0.489930E-07
   1.03800    0.502638E-07
   1.04000    0.512750E-07
   1.04200    0.519194E-07
   1.04400    0.521313E-07
   1.04600    0.518927E-07
   1.04800    0.512338E-07
   1.05000    0.502275E-07
   1.05200    0.489802E-07
   1.05400    0.476189E-07
   1.05600    0.462757E-07
   1.05800    0.450730E-07
   1.06000    0.441101E-07
   1.06200    0.434523E-07
   1.06400    0.431242E-07
   1.06600    0.431085E-07
   1.06800    0.433491E-07
   1.07000    0.437589E-07
   1.07200    0.442317E-07
   1.07400    0.446561E-07
   1.07600    0.449308E-07
   1.07800    0.449770E-07
   1.08000    0.447494E-07
   1.08200    0.442413E-07
   1.08400    0.434857E-07
   1.08600    0.425494E-07
   1.08800    0.415243E-07
   1.09000    0.405133E-07
   1.09200    0.396162E-07
   1.09400    0.389154E-07
   1.09600    0.384636E-07
   1.09800    0.382768E-07
   1.10000    0.383313E-07
   1.10200    0.385670E-07
   1.10400    0.388956E-07
   1.10600    0.392132E-07
   1.10800    0.394147E-07
   1.11000    0.394091E-07
   1.11200    0.391331E-07
   1.11400    0.385608E-07
   1.11600    0.377085E-07
   1.11800    0.366336E-07
   1.12000    0.354287E-07
   1.12200    0.342100E-07
   1.12400    0.331029E-07
   1.12600    0.322259E-07
   1.12800    0.316754E-07
   1.13000    0.315128E-07
   1.13200    0.317560E-07
   1.13400    0.323767E-07
   1.13600    0.333031E-07
   1.13800    0.344287E-07
   1.14000    0.356257E-07
   1.14200    0.367603E-07
   1.14400    0.377102E-07
   1.14600    0.383797E-07
   1.14800    0.387107E-07
   1.15000    0.386898E-07
   1.15200    0.383478E-07
   1.15400    0.377545E-07
   1.15600    0.370073E-07
   1.15800    0.362170E-07
   1.16000    0.354915E-07
   1.16200    0.349209E-07
   1.16400    0.345652E-07
   1.16600    0.344471E-07
   1.16800    0.345502E-07
   1.17000    0.348225E-07
   1.17200    0.351863E-07
   1.17400    0.355503E-07
   1.17600    0.358244E-07
   1.17800    0.359333E-07
   1.18000    0.358282E-07
   1.18200    0.354939E-07
   1.18400    0.349510E-07
   1.18600    0.342527E-07
   1.18800    0.334767E-07
   1.19000    0.327140E-07
   1.19200    0.320550E-07
   1.19400    0.315764E-07
   1.19600    0.313294E-07
   1.19800    0.313323E-07
   1.20000    0.315667E-07
   1.20200    0.319797E-07
   1.20400    0.324906E-07
   1.20600    0.330020E-07
   1.20800    0.334127E-07
   1.21000    0.336320E-07
   1.21200    0.335928E-07
   1.21400    0.332602E-07
   1.21600    0.326368E-07
   1.21800    0.317624E-07
   1.22000    0.307080E-07
   1.22200    0.295656E-07
   1.22400    0.284355E-07
   1.22600    0.274121E-07
   1.22800    0.265711E-07
   1.23000    0.259600E-07
   1.23200    0.255928E-07
   1.23400    0.254499E-07
   1.23600    0.254832E-07
   1.23800    0.256260E-07
   1.24000    0.258051E-07
   1.24200    0.259542E-07
   1.24400    0.260254E-07
   1.24600    0.259982E-07
   1.24800    0.258836E-07
   1.25000    0.257225E-07
   1.25200    0.255799E-07
   1.25400    0.255335E-07
   1.25600    0.256607E-07
   1.25800    0.260250E-07
   1.26000    0.266633E-07
   1.26200    0.275777E-07
   1.26400    0.287320E-07
   1.26600    0.300544E-07
   1.26800    0.314449E-07
   1.27000    0.327888E-07
   1.27200    0.339712E-07
   1.27400    0.348936E-07
   1.27600    0.354868E-07
   1.27800    0.357206E-07
   1.28000    0.356078E-07
   1.28200    0.352011E-07
   1.28400    0.345842E-07
   1.28600    0.338582E-07
   1.28800    0.331261E-07
   1.29000    0.324761E-07
   1.29200    0.319692E-07
   1.29400    0.316302E-07
   1.29600    0.314460E-07
   1.29800    0.313700E-07
   1.30000    0.313318E-07
   1.30200    0.312514E-07
   1.30400    0.310551E-07
   1.30600    0.306890E-07
   1.30800    0.301306E-07
   1.31000    0.293935E-07
   1.31200    0.285271E-07
   1.31400    0.276092E-07
   1.31600    0.267346E-07
   1.31800    0.259999E-07
   1.32000    0.254888E-07
   1.32200    0.252591E-07
   1.32400    0.253334E-07
   1.32600    0.256963E-07
   1.32800    0.262973E-07
   1.33000    0.270592E-07
   1.33200    0.278907E-07
   1.33400    0.287013E-07
   1.33600    0.294158E-07
   1.33800    0.299853E-07
   1.34000    0.303939E-07
   1.34200    0.306596E-07
   1.34400    0.308282E-07
   1.34600    0.309627E-07
   1.34800    0.311293E-07
   1.35000    0.313821E-07
   1.35200    0.317501E-07
   1.35400    0.322291E-07
   1.35600    0.327787E-07
   1.35800    0.333271E-07
   1.36000    0.337818E-07
   1.36200    0.340449E-07
   1.36400    0.340305E-07
   1.36600    0.336814E-07
   1.36800    0.329814E-07
   1.37000    0.319611E-07
   1.37200    0.306971E-07
   1.37400    0.293022E-07
   1.37600    0.279109E-07
   1.37800    0.266603E-07
   1.38000    0.256704E-07
   1.38200    0.250278E-07
   1.38400    0.247738E-07
   1.38600    0.249012E-07
   1.38800    0.253572E-07
   1.39000    0.260543E-07
   1.39200    0.268858E-07
   1.39400    0.277431E-07
   1.39600    0.285320E-07
   1.39800    0.291850E-07
   1.40000    0.296677E-07
   1.40200    0.299785E-07
   1.40400    0.301417E-07
   1.40600    0.301969E-07
   1.40800    0.301849E-07
   1.41000    0.301358E-07
   1.41200    0.300595E-07
   1.41400    0.299424E-07
   1.41600    0.297491E-07
   1.41800    0.294312E-07
   1.42000    0.289385E-07
   1.42200    0.282333E-07
   1.42400    0.273017E-07
   1.42600    0.261625E-07
   1.42800    0.248689E-07
   1.43000    0.235040E-07
   1.43200    0.221710E-07
   1.43400    0.209779E-07
   1.43600    0.200217E-07
   1.43800    0.193731E-07
   1.44000    0.190663E-07
   1.44200    0.190932E-07
   1.44400    0.194058E-07
   1.44600    0.199240E-07
   1.44800    0.205480E-07
   1.45000    0.211731E-07
   1.45200    0.217039E-07
   1.45400    0.220658E-07
   1.45600    0.222116E-07
   1.45800    0.221229E-07
   1.46000    0.218072E-07
   1.46200    0.212907E-07
   1.46400    0.206096E-07
   1.46600    0.198028E-07
   1.46800    0.189051E-07
   1.47000    0.179447E-07
   1.47200    0.169439E-07
   1.47400    0.159224E-07
   1.47600    0.149025E-07
   1.47800    0.139131E-07
   1.48000    0.129927E-07
   1.48200    0.121888E-07
   1.48400    0.115532E-07
   1.48600    0.111349E-07
   1.48800    0.109701E-07
   1.49000    0.110730E-07
   1.49200    0.114277E-07
   1.49400    0.119848E-07
   1.49600    0.126629E-07
   1.49800    0.133555E-07
   1.50000    0.139431E-07
   1.50200    0.143084E-07
   1.50400    0.143519E-07
   1.50600    0.140057E-07
   1.50800    0.132431E-07
   1.51000    0.120819E-07
   1.51200    0.105819E-07
   1.51400    0.883553E-08
   1.51600    0.695507E-08
   1.51800    0.505752E-08
   1.52000    0.325039E-08
   1.52200    0.162035E-08
   1.52400    0.226467E-09
   1.52600   -0.901683E-09
   1.52800   -0.176134E-08
   1.53000   -0.237064E-08
   1.53200   -0.276134E-08
   1.53400   -0.297170E-08
   1.53600   -0.304116E-08
   1.53800   -0.300723E-08
   1.54000   -0.290481E-08
   1.54200   -0.276693E-08
   1.54400   -0.262604E-08
   1.54600   -0.251426E-08
   1.54800   -0.246224E-08
   1.55000   -0.249630E-08
   1.55200   -0.263418E-08
   1.55400   -0.288046E-08
   1.55600   -0.322310E-08
   1.55800   -0.363221E-08
   1.56000   -0.406210E-08
   1.56200   -0.445665E-08
   1.56400   -0.475748E-08
   1.56600   -0.491337E-08
   1.56800   -0.488911E-08
   1.57000   -0.467284E-08
   1.57200   -0.427859E-08
   1.57400   -0.374469E-08
   1.57600   -0.312773E-08
   1.57800   -0.249293E-08
   1.58000   -0.190287E-08
   1.58200   -0.140675E-08
   1.58400   -0.103227E-08
   1.58600   -0.781504E-09
   1.58800   -0.631851E-09
   1.59000   -0.541457E-09
   1.59200   -0.458172E-09
   1.59400   -0.330263E-09
   1.59600   -0.116643E-09
   1.59800    0.205421E-09
   1.60000    0.636225E-09
   1.60200    0.115383E-08
   1.60400    0.171846E-08
   1.60600    0.227976E-08
   1.60800    0.278573E-08
   1.61000    0.319114E-08
   1.61200    0.346455E-08
   1.61400    0.359241E-08
   1.61600    0.358008E-08
   1.61800    0.345016E-08
   1.62000    0.323866E-08
   1.62200    0.298976E-08
   1.62400    0.275066E-08
   1.62600    0.256689E-08
   1.62800    0.247844E-08
   1.63000    0.251687E-08
   1.63200    0.270327E-08
   1.63400    0.304705E-08
   1.63600    0.354507E-08
   1.63800    0.418150E-08
   1.64000    0.492879E-08
   1.64200    0.575005E-08
   1.64400    0.660269E-08
   1.64600    0.744353E-08
   1.64800    0.823489E-08
   1.65000    0.895051E-08
   1.65200    0.958003E-08
   1.65400    0.101311E-07
   1.65600    0.106283E-07
   1.65800    0.111086E-07
   1.66000    0.116143E-07
   1.66200    0.121844E-07
   1.66400    0.128469E-07
   1.66600    0.136131E-07
   1.66800    0.144750E-07
   1.67000    0.154075E-07
   1.67200    0.163739E-07
   1.67400    0.173335E-07
   1.67600    0.182499E-07
   1.67800    0.190984E-07
   1.68000    0.198692E-07
   1.68200    0.205680E-07
   1.68400    0.212121E-07
   1.68600    0.218244E-07
   1.68800    0.224261E-07
   1.69000    0.230303E-07
   1.69200    0.236380E-07
   1.69400    0.242374E-07
   1.69600    0.248065E-07
   1.69800    0.253182E-07
   1.70000    0.257468E-07
   1.70200    0.260745E-07
   1.70400    0.262956E-07
   1.70600    0.264190E-07
   1.70800    0.264674E-07
   1.71000    0.264742E-07
   1.71200    0.264788E-07
   1.71400    0.265208E-07
   1.71600    0.266356E-07
   1.71800    0.268492E-07
   1.72000    0.271764E-07
   1.72200    0.276185E-07
   1.72400    0.281641E-07
   1.72600    0.287897E-07
   1.72800    0.294622E-07
   1.73000    0.301410E-07
   1.73200    0.307823E-07
   1.73400    0.313425E-07
   1.73600    0.317830E-07
   1.73800    0.320741E-07
   1.74000    0.321992E-07
   1.74200    0.321575E-07
   1.74400    0.319652E-07
   1.74600    0.316551E-07
   1.74800    0.312741E-07
   1.75000    0.308795E-07
   1.75200    0.305335E-07
   1.75400    0.302972E-07
   1.75600    0.302256E-07
   1.75800    0.303617E-07
   1.76000    0.307328E-07
   1.76200    0.313476E-07
   1.76400    0.321949E-07
   1.76600    0.332441E-07
   1.76800    0.344473E-07
   1.77000    0.357432E-07
   1.77200    0.370622E-07
   1.77400    0.383332E-07
   1.77600    0.394908E-07
   1.77800    0.404819E-07
   1.78000    0.412723E-07
   1.78200    0.418498E-07
   1.78400    0.422259E-07
   1.78600    0.424338E-07
   1.78800    0.425238E-07
   1.79000    0.425569E-07
   1.79200    0.425972E-07
   1.79400    0.427041E-07
   1.79600    0.429260E-07
   1.79800    0.432962E-07
   1.80000    0.438305E-07
   1.80200    0.445273E-07
   1.80400    0.453700E-07
   1.80600    0.463308E-07
   1.80800    0.473744E-07
   1.81000    0.484638E-07
   1.81200    0.495642E-07
   1.81400    0.506471E-07
   1.81600    0.516941E-07
   1.81800    0.526982E-07
   1.82000    0.536650E-07
   1.82200    0.546119E-07
   1.82400    0.555662E-07
   1.82600    0.565613E-07
   1.82800    0.576331E-07
   1.83000    0.588155E-07
   1.83200    0.601362E-07
   1.83400    0.616142E-07
   1.83600    0.632578E-07
   1.83800    0.650644E-07
   1.84000    0.670224E-07
   1.84200    0.691132E-07
   1.84400    0.713154E-07
   1.84600    0.736072E-07
   1.84800    0.759703E-07
   1.85000    0.783920E-07
   1.85200    0.808660E-07
   1.85400    0.833934E-07
   1.85600    0.859810E-07
   1.85800    0.886404E-07
   1.86000    0.913862E-07
   1.86200    0.942338E-07
   1.86400    0.971986E-07
   1.86600    0.100295E-06
   1.86800    0.103536E-06
   1.87000    0.106936E-06
   1.87200    0.110509E-06
   1.87400    0.114272E-06
   1.87600    0.118247E-06
   1.87800    0.122462E-06
   1.88000    0.126950E-06
   1.88200    0.131752E-06
   1.88400    0.136918E-06
   1.88600    0.142502E-06
   1.88800    0.148561E-06
   1.89000    0.155157E-06
   1.89200    0.162347E-06
   1.89400    0.170187E-06
   1.89600    0.178710E-06
   1.89800    0.187937E-06
   1.90000    0.197875E-06
   1.90200    0.208500E-06
   1.90400    0.219770E-06
   1.90600    0.231623E-06
   1.90800    0.243992E-06
   1.91000    0.256814E-06
   1.91200    0.270051E-06
   1.91400    0.283701E-06
   1.91600    0.297804E-06
   1.91800    0.312441E-06
   1.92000    0.327708E-06
   1.92200    0.343671E-06
   1.92400    0.360300E-06
   1.92600    0.377380E-06
   1.92800    0.394415E-06
   1.93000    0.410543E-06
   1.93200    0.424473E-06
   1.93400    0.434470E-06
   1.93600    0.438420E-06
   1.93800    0.433958E-06
   1.94000    0.418691E-06
   1.94200    0.390470E-06
   1.94400    0.347705E-06
   1.94600    0.289660E-06
   1.94800    0.216685E-06
   1.95000    0.130344E-06
   1.95200    0.333970E-07
   1.95400   -0.703701E-07
   1.95600   -0.176456E-06
   1.95800   -0.280052E-06
   1.96000   -0.376499E-06
   1.96200   -0.461713E-06
   1.96400   -0.532540E-06
   1.96600   -0.586973E-06
   1.96800   -0.624229E-06
   1.97000   -0.644678E-06
   1.97200   -0.649659E-06
   1.97400   -0.641218E-06
   1.97600   -0.621826E-06
   1.97800   -0.594100E-06
   1.98000   -0.560577E-06
   1.98200   -0.523555E-06
   1.98400   -0.484994E-06
   1.98600   -0.446474E-06
   1.98800   -0.409201E-06
   1.99000   -0.374037E-06
   1.99200   -0.341541E-06
   1.99400   -0.312012E-06
   1.99600   -0.285524E-06
   1.99800   -0.261962E-06
   2.00000   -0.241050E-06
   2.00200   -0.222379E-06
   2.00400   -0.205444E-06
   2.00600   -0.189683E-06
   2.00800   -0.174524E-06
   2.01000   -0.159442E-06
   2.01200   -0.144011E-06
   2.01400   -0.127957E-06
   2.01600   -0.111197E-06
   2.01800   -0.938516E-07
   2.02000   -0.762540E-07
   2.02200   -0.589180E-07
   2.02400   -0.424700E-07
   2.02600   -0.275890E-07
   2.02800   -0.149180E-07
   2.03000   -0.498691E-08
   2.03200    0.185352E-08
   2.03400    0.547286E-08
   2.03600    0.597107E-08
   2.03800    0.365930E-08
   2.04000   -0.984622E-09
   2.04200   -0.737855E-08
   2.04400   -0.149030E-07
   2.04600   -0.229611E-07
   2.04800   -0.310260E-07
   2.05000   -0.386716E-07
   2.05200   -0.455833E-07
   2.05400   -0.515549E-07
   2.05600   -0.564754E-07
   2.05800   -0.603106E-07
   2.06000   -0.630858E-07
   2.06200   -0.648703E-07
   2.06400   -0.657649E-07
   2.06600   -0.658924E-07
   2.06800   -0.653887E-07
   2.07000   -0.643940E-07
   2.07200   -0.630433E-07
   2.07400   -0.614565E-07
   2.07600   -0.597292E-07
   2.07800   -0.579263E-07
   2.08000   -0.560794E-07
   2.08200   -0.541892E-07
   2.08400   -0.522324E-07
   2.08600   -0.501733E-07
   2.08800   -0.479771E-07
   2.09000   -0.456230E-07
   2.09200   -0.431150E-07
   2.09400   -0.404883E-07
   2.09600   -0.378099E-07
   2.09800   -0.351736E-07
   2.10000   -0.326912E-07
   2.10200   -0.304791E-07
   2.10400   -0.286412E-07
   2.10600   -0.272553E-07
   2.10800   -0.263622E-07
   2.11000   -0.259583E-07
   2.11200   -0.259938E-07
   2.11400   -0.263782E-07
   2.11600   -0.269900E-07
   2.11800   -0.276917E-07
   2.12000   -0.283446E-07
   2.12200   -0.288248E-07
   2.12400   -0.290359E-07
   2.12600   -0.289182E-07
   2.12800   -0.284516E-07
   2.13000   -0.276550E-07
   2.13200   -0.265799E-07
   2.13400   -0.253025E-07
   2.13600   -0.239139E-07
   2.13800   -0.225093E-07
   2.14000   -0.211799E-07
   2.14200   -0.200044E-07
   2.14400   -0.190442E-07
   2.14600   -0.183390E-07
   2.14800   -0.179051E-07
   2.15000   -0.177349E-07
   2.15200   -0.177980E-07
   2.15400   -0.180441E-07
   2.15600   -0.184067E-07
   2.15800   -0.188080E-07
   2.16000   -0.191656E-07
   2.16200   -0.193981E-07
   2.16400   -0.194322E-07
   2.16600   -0.192091E-07
   2.16800   -0.186891E-07
   2.17000   -0.178559E-07
   2.17200   -0.167176E-07
   2.17400   -0.153067E-07
   2.17600   -0.136763E-07
   2.17800   -0.118949E-07
   2.18000   -0.100394E-07
   2.18200   -0.818614E-08
   2.18400   -0.640345E-08
   2.18600   -0.474397E-08
   2.18800   -0.323897E-08
   2.19000   -0.189545E-08
   2.19200   -0.695044E-09
   2.19400    0.403232E-09
   2.19600    0.145994E-08
   2.19800    0.254936E-08
   2.20000    0.375282E-08
   2.20200    0.515420E-08
   2.20400    0.683547E-08
   2.20600    0.887108E-08
   2.20800    0.113261E-07
   2.21000    0.142543E-07
   2.21200    0.176973E-07
   2.21400    0.216837E-07
   2.21600    0.262289E-07
   2.21800    0.313346E-07
   2.22000    0.369876E-07
   2.22200    0.431585E-07
   2.22400    0.497995E-07
   2.22600    0.568410E-07
   2.22800    0.641861E-07
   2.23000    0.717031E-07
   2.23200    0.792158E-07
   2.23400    0.864920E-07
   2.23600    0.932332E-07
   2.23800    0.990674E-07
   2.24000    0.103549E-06
   2.24200    0.106172E-06
   2.24400    0.106398E-06
   2.24600    0.103696E-06
   2.24800    0.976045E-07
   2.25000    0.877936E-07
   2.25200    0.741307E-07
   2.25400    0.567332E-07
   2.25600    0.359974E-07
   2.25800    0.125974E-07
   2.26000   -0.125523E-07
   2.26200   -0.383666E-07
   2.26400   -0.636847E-07
   2.26600   -0.873775E-07
   2.26800   -0.108451E-06
   2.27000   -0.126133E-06
   2.27200   -0.139932E-06
   2.27400   -0.149657E-06
   2.27600   -0.155407E-06
   2.27800   -0.157529E-06
   2.28000   -0.156551E-06
   2.28200   -0.153110E-06
   2.28400   -0.147883E-06
   2.28600   -0.141516E-06
   2.28800   -0.134584E-06
   2.29000   -0.127555E-06
   2.29200   -0.120781E-06
   2.29400   -0.114499E-06
   2.29600   -0.108840E-06
   2.29800   -0.103852E-06
   2.30000   -0.995218E-07
   2.30200   -0.957901E-07
   2.30400   -0.925752E-07
   2.30600   -0.897850E-07
   2.30800   -0.873279E-07
   2.31000   -0.851197E-07
   2.31200   -0.830876E-07
   2.31400   -0.811718E-07
   2.31600   -0.793252E-07
   2.31800   -0.775133E-07
   2.32000   -0.757126E-07
   2.32200   -0.739085E-07
   2.32400   -0.720955E-07
   2.32600   -0.702748E-07
   2.32800   -0.684519E-07
   2.33000   -0.666354E-07
   2.33200   -0.648362E-07
   2.33400   -0.630654E-07
   2.33600   -0.613334E-07
   2.33800   -0.596487E-07
   2.34000   -0.580175E-07
   2.34200   -0.564426E-07
   2.34400   -0.549232E-07
   2.34600   -0.534547E-07
   2.34800   -0.520281E-07
   2.35000   -0.506296E-07
   2.35200   -0.492409E-07
   2.35400   -0.478388E-07
   2.35600   -0.463955E-07
   2.35800   -0.448803E-07
   2.36000   -0.432605E-07
   2.36200   -0.415047E-07
   2.36400   -0.395862E-07
   2.36600   -0.374866E-07
   2.36800   -0.352002E-07
   2.37000   -0.327373E-07
   2.37200   -0.301267E-07
   2.37400   -0.274159E-07
   2.37600   -0.246699E-07
   2.37800   -0.219662E-07
   2.38000   -0.193892E-07
   2.38200   -0.170221E-07
   2.38400   -0.149386E-07
   2.38600   -0.131952E-07
   2.38800   -0.118250E-07
   2.39000   -0.108347E-07
   2.39200   -0.102038E-07
   2.39400   -0.988770E-08
   2.39600   -0.982296E-08
   2.39800   -0.993465E-08
   2.40000   -0.101444E-07
   2.40200   -0.103782E-07
   2.40400   -0.105728E-07
   2.40600   -0.106802E-07
   2.40800   -0.106702E-07
   2.41000   -0.105300E-07
   2.41200   -0.102626E-07
   2.41400   -0.988311E-08
   2.41600   -0.941467E-08
   2.41800   -0.888420E-08
   2.42000   -0.831852E-08
   2.42200   -0.774121E-08
   2.42400   -0.717076E-08
   2.42600   -0.661983E-08
   2.42800   -0.609548E-08
   2.43000   -0.560035E-08
   2.43200   -0.513431E-08
   2.43400   -0.469625E-08
   2.43600   -0.428578E-08
   2.43800   -0.390437E-08
   2.44000   -0.355575E-08
   2.44200   -0.324584E-08
   2.44400   -0.298169E-08
   2.44600   -0.277012E-08
   2.44800   -0.261608E-08
   2.45000   -0.252115E-08
   2.45200   -0.248261E-08
   2.45400   -0.249285E-08
   2.45600   -0.253995E-08
   2.45800   -0.260858E-08
   2.46000   -0.268153E-08
   2.46200   -0.274134E-08
   2.46400   -0.277179E-08
   2.46600   -0.275875E-08
   2.46800   -0.269049E-08
   2.47000   -0.255743E-08
   2.47200   -0.235138E-08
   2.47400   -0.206467E-08
   2.47600   -0.168938E-08
   2.47800   -0.121715E-08
   2.48000   -0.639449E-09
   2.48200    0.516499E-10
   2.48400    0.862294E-09
   2.48600    0.179555E-08
   2.48800    0.285021E-08
   2.49000    0.402020E-08
   2.49200    0.529440E-08
   2.49400    0.665710E-08
   2.49600    0.808913E-08
   2.49800    0.956922E-08
   2.50000    0.110757E-07
   2.50200    0.125880E-07
   2.50400    0.140884E-07
   2.50600    0.155630E-07
   2.50800    0.170021E-07
   2.51000    0.184011E-07
   2.51200    0.197600E-07
   2.51400    0.210832E-07
   2.51600    0.223783E-07
   2.51800    0.236561E-07
   2.52000    0.249286E-07
   2.52200    0.262091E-07
   2.52400    0.275104E-07
   2.52600    0.288446E-07
   2.52800    0.302211E-07
   2.53000    0.316470E-07
   2.53200    0.331252E-07
   2.53400    0.346547E-07
   2.53600    0.362298E-07
   2.53800    0.378406E-07
   2.54000    0.394736E-07
   2.54200    0.411134E-07
   2.54400    0.427437E-07
   2.54600    0.443491E-07
   2.54800    0.459163E-07
   2.55000    0.474352E-07
   2.55200    0.488987E-07
   2.55400    0.503026E-07
   2.55600    0.516445E-07
   2.55800    0.529223E-07
   2.56000    0.541340E-07
   2.56200    0.552759E-07
   2.56400    0.563432E-07
   2.56600    0.573291E-07
   2.56800    0.582261E-07
   2.57000    0.590259E-07
   2.57200    0.597203E-07
   2.57400    0.603018E-07
   2.57600    0.607645E-07
   2.57800    0.611037E-07
   2.58000    0.613172E-07
   2.58200    0.614054E-07
   2.58400    0.613713E-07
   2.58600    0.612214E-07
   2.58800    0.609645E-07
   2.59000    0.606115E-07
   2.59200    0.601744E-07
   2.59400    0.596645E-07
   2.59600    0.590913E-07
   2.59800    0.584615E-07
   2.60000    0.577780E-07
   2.60200    0.570405E-07
   2.60400    0.562461E-07
   2.60600    0.553909E-07
   2.60800    0.544714E-07
   2.61000    0.534867E-07
   2.61200    0.524390E-07
   2.61400    0.513351E-07
   2.61600    0.501857E-07
   2.61800    0.490054E-07
   2.62000    0.478112E-07
   2.62200    0.466216E-07
   2.62400    0.454549E-07
   2.62600    0.443283E-07
   2.62800    0.432562E-07
   2.63000    0.422500E-07
   2.63200    0.413169E-07
   2.63400    0.404595E-07
   2.63600    0.396756E-07
   2.63800    0.389582E-07
   2.64000    0.382955E-07
   2.64200    0.376724E-07
   2.64400    0.370712E-07
   2.64600    0.364733E-07
   2.64800    0.358616E-07
   2.65000    0.352216E-07
   2.65200    0.345437E-07
   2.65400    0.338241E-07
   2.65600    0.330651E-07
   2.65800    0.322743E-07
   2.66000    0.314636E-07
   2.66200    0.306464E-07
   2.66400    0.298360E-07
   2.66600    0.290425E-07
   2.66800    0.282719E-07
   2.67000    0.275248E-07
   2.67200    0.267970E-07
   2.67400    0.260803E-07
   2.67600    0.253649E-07
   2.67800    0.246408E-07
   2.68000    0.239002E-07
   2.68200    0.231388E-07
   2.68400    0.223568E-07
   2.68600    0.215592E-07
   2.68800    0.207553E-07
   2.69000    0.199583E-07
   2.69200    0.191835E-07
   2.69400    0.184469E-07
   2.69600    0.177632E-07
   2.69800    0.171440E-07
   2.70000    0.165958E-07
   2.70200    0.161192E-07
   2.70400    0.157084E-07
   2.70600    0.153516E-07
   2.70800    0.150333E-07
   2.71000    0.147363E-07
   2.71200    0.144446E-07
   2.71400    0.141458E-07
   2.71600    0.138321E-07
   2.71800    0.135007E-07
   2.72000    0.131524E-07
   2.72200    0.127892E-07
   2.72400    0.124117E-07
   2.72600    0.120173E-07
   2.72800    0.115987E-07
   2.73000    0.111455E-07
   2.73200    0.106454E-07
   2.73400    0.100888E-07
   2.73600    0.947124E-08
   2.73800    0.879730E-08
   2.74000    0.808125E-08
   2.74200    0.734636E-08
   2.74400    0.662163E-08
   2.74600    0.593676E-08
   2.74800    0.531656E-08
   2.75000    0.477557E-08
   2.75200    0.431439E-08
   2.75400    0.391864E-08
   2.75600    0.356064E-08
   2.75800    0.320406E-08
   2.76000    0.281000E-08
   2.76200    0.234391E-08
   2.76400    0.178149E-08
   2.76600    0.111261E-08
   2.76800    0.342543E-09
   2.77000   -0.510455E-09
   2.77200   -0.141982E-08
   2.77400   -0.235723E-08
   2.77600   -0.329945E-08
   2.77800   -0.423465E-08
   2.78000   -0.516608E-08
   2.78200   -0.611347E-08
   2.78400   -0.711135E-08
   2.78600   -0.820433E-08
   2.78800   -0.943989E-08
   2.79000   -0.108687E-07
   2.79200   -0.125331E-07
   2.79400   -0.144667E-07
   2.79600   -0.166942E-07
   2.79800   -0.192331E-07
   2.80000   -0.220978E-07
   2.80200   -0.253043E-07
   2.80400   -0.288734E-07
   2.80600   -0.328324E-07
   2.80800   -0.372116E-07
   2.81000   -0.420348E-07
   2.81200   -0.473046E-07
   2.81400   -0.529808E-07
   2.81600   -0.589555E-07
   2.81800   -0.650264E-07
   2.82000   -0.708751E-07
   2.82200   -0.760535E-07
   2.82400   -0.799865E-07
   2.82600   -0.819936E-07
   2.82800   -0.813341E-07
   2.83000   -0.772744E-07
   2.83200   -0.691721E-07
   2.83400   -0.565688E-07
   2.83600   -0.392768E-07
   2.83800   -0.174478E-07
   2.84000    0.839290E-08
   2.84200    0.373546E-07
   2.84400    0.682361E-07
   2.84600    0.996237E-07
   2.84800    0.130021E-06
   2.85000    0.157989E-06
   2.85200    0.182290E-06
   2.85400    0.201988E-06
   2.85600    0.216531E-06
   2.85800    0.225766E-06
   2.86000    0.229917E-06
   2.86200    0.229524E-06
   2.86400    0.225348E-06
   2.86600    0.218272E-06
   2.86800    0.209200E-06
   2.87000    0.198980E-06
   2.87200    0.188336E-06
   2.87400    0.177839E-06
   2.87600    0.167896E-06
   2.87800    0.158756E-06
   2.88000    0.150534E-06
   2.88200    0.143238E-06
   2.88400    0.136805E-06
   2.88600    0.131124E-06
   2.88800    0.126067E-06
   2.89000    0.121507E-06
   2.89200    0.117333E-06
   2.89400    0.113457E-06
   2.89600    0.109820E-06
   2.89800    0.106390E-06
   2.90000    0.103159E-06
   2.90200    0.100140E-06
   2.90400    0.973545E-07
   2.90600    0.948294E-07
   2.90800    0.925884E-07
   2.91000    0.906459E-07
   2.91200    0.890083E-07
   2.91400    0.876646E-07
   2.91600    0.865912E-07
   2.91800    0.857527E-07
   2.92000    0.851045E-07
   2.92200    0.845952E-07
   2.92400    0.841703E-07
   2.92600    0.837752E-07
   2.92800    0.833584E-07
   2.93000    0.828745E-07
   2.93200    0.822869E-07
   2.93400    0.815703E-07
   2.93600    0.807125E-07
   2.93800    0.797155E-07
   2.94000    0.785950E-07
   2.94200    0.773793E-07
   2.94400    0.761059E-07
   2.94600    0.748179E-07
   2.94800    0.735594E-07
   2.95000    0.723708E-07
   2.95200    0.712844E-07
   2.95400    0.703216E-07
   2.95600    0.694902E-07
   2.95800    0.687844E-07
   2.96000    0.681851E-07
   2.96200    0.676622E-07
   2.96400    0.671770E-07
   2.96600    0.666863E-07
   2.96800    0.661461E-07
   2.97000    0.655161E-07
   2.97200    0.647634E-07
   2.97400    0.638668E-07
   2.97600    0.628193E-07
   2.97800    0.616300E-07
   2.98000    0.603242E-07
   2.98200    0.589427E-07
   2.98400    0.575382E-07
   2.98600    0.561710E-07
   2.98800    0.549034E-07
   2.99000    0.537935E-07
   2.99200    0.528892E-07
   2.99400    0.522236E-07
   2.99600    0.518111E-07
   2.99800    0.516463E-07
   3.00000    0.517048E-07
   3.00200    0.519453E-07
   3.00400    0.523147E-07
   3.00600    0.527526E-07
   3.00800    0.531974E-07
   3.01000    0.535912E-07
   3.01200    0.538852E-07
   3.01400    0.540426E-07
   3.01600    0.540414E-07
   3.01800    0.538753E-07
   3.02000    0.535534E-07
   3.02200    0.530988E-07
   3.02400    0.525465E-07
   3.02600    0.519399E-07
   3.02800    0.513267E-07
   3.03000    0.507555E-07
   3.03200    0.502707E-07
   3.03400    0.499093E-07
   3.03600    0.496975E-07
   3.03800    0.496490E-07
   3.04000    0.497640E-07
   3.04200    0.500299E-07
   3.04400    0.504229E-07
   3.04600    0.509103E-07
   3.04800    0.514536E-07
   3.05000    0.520114E-07
   3.05200    0.525424E-07
   3.05400    0.530077E-07
   3.05600    0.533734E-07
   3.05800    0.536122E-07
   3.06000    0.537051E-07
   3.06200    0.536429E-07
   3.06400    0.534268E-07
   3.06600    0.530692E-07
   3.06800    0.525931E-07
   3.07000    0.520310E-07
   3.07200    0.514230E-07
   3.07400    0.508135E-07
   3.07600    0.502479E-07
   3.07800    0.497692E-07
   3.08000    0.494140E-07
   3.08200    0.492102E-07
   3.08400    0.491748E-07
   3.08600    0.493129E-07
   3.08800    0.496176E-07
   3.09000    0.500714E-07
   3.09200    0.506474E-07
   3.09400    0.513110E-07
   3.09600    0.520230E-07
   3.09800    0.527413E-07
   3.10000    0.534236E-07
   3.10200    0.540297E-07
   3.10400    0.545238E-07
   3.10600    0.548772E-07
   3.10800    0.550696E-07
   3.11000    0.550914E-07
   3.11200    0.549451E-07
   3.11400    0.546457E-07
   3.11600    0.542199E-07
   3.11800    0.537051E-07
   3.12000    0.531465E-07
   3.12200    0.525932E-07
   3.12400    0.520939E-07
   3.12600    0.516920E-07
   3.12800    0.514206E-07
   3.13000    0.512984E-07
   3.13200    0.513259E-07
   3.13400    0.514833E-07
   3.13600    0.517295E-07
   3.13800    0.520032E-07
   3.14000    0.522244E-07
   3.14200    0.522994E-07
   3.14400    0.521260E-07
   3.14600    0.516022E-07
   3.14800    0.506357E-07
   3.15000    0.491555E-07
   3.15200    0.471232E-07
   3.15400    0.445444E-07
   3.15600    0.414768E-07
   3.15800    0.380347E-07
   3.16000    0.343863E-07
   3.16200    0.307461E-07
   3.16400    0.273584E-07
   3.16600    0.244761E-07
   3.16800    0.223366E-07
   3.17000    0.211366E-07
   3.17200    0.210108E-07
   3.17400    0.220171E-07
   3.17600    0.241300E-07
   3.17800    0.272436E-07
   3.18000    0.311843E-07
   3.18200    0.357284E-07
   3.18400    0.406252E-07
   3.18600    0.456193E-07
   3.18800    0.504716E-07
   3.19000    0.549740E-07
   3.19200    0.589605E-07
   3.19400    0.623103E-07
   3.19600    0.649484E-07
   3.19800    0.668409E-07
   3.20000    0.679899E-07
   3.20200    0.684271E-07
   3.20400    0.682091E-07
   3.20600    0.674118E-07
   3.20800    0.661272E-07
   3.21000    0.644600E-07
   3.21200    0.625240E-07
   3.21400    0.604370E-07
   3.21600    0.583162E-07
   3.21800    0.562713E-07
   3.22000    0.543974E-07
   3.22200    0.527682E-07
   3.22400    0.514297E-07
   3.22600    0.503951E-07
   3.22800    0.496428E-07
   3.23000    0.491169E-07
   3.23200    0.487308E-07
   3.23400    0.483728E-07
   3.23600    0.479166E-07
   3.23800    0.472320E-07
   3.24000    0.461984E-07
   3.24200    0.447177E-07
   3.24400    0.427265E-07
   3.24600    0.402067E-07
   3.24800    0.371906E-07
   3.25000    0.337624E-07
   3.25200    0.300524E-07
   3.25400    0.262257E-07
   3.25600    0.224656E-07
   3.25800    0.189528E-07
   3.26000    0.158447E-07
   3.26200    0.132555E-07
   3.26400    0.112419E-07
   3.26600    0.979480E-08
   3.26800    0.883939E-08
   3.27000    0.824333E-08
   3.27200    0.783125E-08
   3.27400    0.740421E-08
   3.27600    0.676128E-08
   3.27800    0.572087E-08
   3.28000    0.413919E-08
   3.28200    0.192463E-08
   3.28400   -0.953460E-09
   3.28600   -0.446189E-08
   3.28800   -0.850687E-08
   3.29000   -0.129429E-07
   3.29200   -0.175862E-07
   3.29400   -0.222314E-07
   3.29600   -0.266705E-07
   3.29800   -0.307105E-07
   3.30000   -0.341900E-07
   3.30200   -0.369911E-07
   3.30400   -0.390465E-07
   3.30600   -0.403411E-07
   3.30800   -0.409075E-07
   3.31000   -0.408180E-07
   3.31200   -0.401730E-07
   3.31400   -0.390887E-07
   3.31600   -0.376851E-07
   3.31800   -0.360761E-07
   3.32000   -0.343618E-07
   3.32200   -0.326248E-07
   3.32400   -0.309278E-07
   3.32600   -0.293158E-07
   3.32800   -0.278167E-07
   3.33000   -0.264457E-07
   3.33200   -0.252078E-07
   3.33400   -0.241017E-07
   3.33600   -0.231210E-07
   3.33800   -0.222575E-07
   3.34000   -0.215009E-07
   3.34200   -0.208411E-07
   3.34400   -0.202676E-07
   3.34600   -0.197700E-07
   3.34800   -0.193384E-07
   3.35000   -0.189626E-07
   3.35200   -0.186342E-07
   3.35400   -0.183446E-07
   3.35600   -0.180869E-07
   3.35800   -0.178552E-07
   3.36000   -0.176455E-07
   3.36200   -0.174553E-07
   3.36400   -0.172832E-07
   3.36600   -0.171293E-07
   3.36800   -0.169940E-07
   3.37000   -0.168778E-07
   3.37200   -0.167804E-07
   3.37400   -0.167004E-07
   3.37600   -0.166346E-07
   3.37800   -0.165780E-07
   3.38000   -0.165237E-07
   3.38200   -0.164636E-07
   3.38400   -0.163888E-07
   3.38600   -0.162902E-07
   3.38800   -0.161596E-07
   3.39000   -0.159902E-07
   3.39200   -0.157774E-07
   3.39400   -0.155187E-07
   3.39600   -0.152141E-07
   3.39800   -0.148656E-07
   3.40000   -0.144773E-07
   3.40200   -0.140541E-07
   3.40400   -0.136024E-07
   3.40600   -0.131288E-07
   3.40800   -0.126406E-07
   3.41000   -0.121453E-07
   3.41200   -0.116513E-07
   3.41400   -0.111679E-07
   3.41600   -0.107050E-07
   3.41800   -0.102733E-07
   3.42000   -0.988393E-08
   3.42200   -0.954709E-08
   3.42400   -0.927143E-08
   3.42600   -0.906260E-08
   3.42800   -0.892227E-08
   3.43000   -0.884733E-08
   3.43200   -0.882981E-08
   3.43400   -0.885746E-08
   3.43600   -0.891513E-08
   3.43800   -0.898670E-08
   3.44000   -0.905734E-08
   3.44200   -0.911580E-08
   3.44400   -0.915608E-08
   3.44600   -0.917844E-08
   3.44800   -0.918929E-08
   3.45000   -0.920004E-08
   3.45200   -0.922493E-08
   3.45400   -0.927840E-08
   3.45600   -0.937227E-08
   3.45800   -0.951335E-08
   3.46000   -0.970178E-08
   3.46200   -0.993065E-08
   3.46400   -0.101866E-07
   3.46600   -0.104520E-07
   3.46800   -0.107069E-07
   3.47000   -0.109322E-07
   3.47200   -0.111120E-07
   3.47400   -0.112357E-07
   3.47600   -0.112985E-07
   3.47800   -0.113012E-07
   3.48000   -0.112494E-07
   3.48200   -0.111514E-07
   3.48400   -0.110159E-07
   3.48600   -0.108501E-07
   3.48800   -0.106577E-07
   3.49000   -0.104372E-07
   3.49200   -0.101819E-07
   3.49400   -0.987902E-08
   3.49600   -0.951085E-08
   3.49800   -0.905515E-08
   3.50000   -0.848671E-08
   3.50200   -0.777914E-08
   3.50400   -0.690660E-08
   3.50600   -0.584606E-08
   3.50800   -0.457940E-08
   3.51000   -0.309538E-08
   3.51200   -0.139127E-08
   3.51400    0.526327E-09
   3.51600    0.264111E-08
   3.51800    0.492816E-08
   3.52000    0.735555E-08
   3.52200    0.988670E-08
   3.52400    0.124832E-07
   3.52600    0.151076E-07
   3.52800    0.177258E-07
   3.53000    0.203090E-07
   3.53200    0.228351E-07
   3.53400    0.252891E-07
   3.53600    0.276630E-07
   3.53800    0.299567E-07
   3.54000    0.321721E-07
   3.54200    0.343233E-07
   3.54400    0.364266E-07
   3.54600    0.385049E-07
   3.54800    0.405868E-07
   3.55000    0.427070E-07
   3.55200    0.449059E-07
   3.55400    0.472293E-07
   3.55600    0.497269E-07
   3.55800    0.524493E-07
   3.56000    0.554435E-07
   3.56200    0.587458E-07
   3.56400    0.623714E-07
   3.56600    0.663017E-07
   3.56800    0.704692E-07
   3.57000    0.747417E-07
   3.57200    0.789088E-07
   3.57400    0.826723E-07
   3.57600    0.856474E-07
   3.57800    0.873747E-07
   3.58000    0.873481E-07
   3.58200    0.850573E-07
   3.58400    0.800447E-07
   3.58600    0.719674E-07
   3.58800    0.606603E-07
   3.59000    0.461868E-07
   3.59200    0.288683E-07
   3.59400    0.928475E-08
   3.59600   -0.117580E-07
   3.59800   -0.332926E-07
   3.60000   -0.542787E-07
   3.60200   -0.737042E-07
   3.60400   -0.906833E-07
   3.60600   -0.104539E-06
   3.60800   -0.114858E-06
   3.61000   -0.121510E-06
   3.61200   -0.124632E-06
   3.61400   -0.124587E-06
   3.61600   -0.121895E-06
   3.61800   -0.117166E-06
   3.62000   -0.111025E-06
   3.62200   -0.104054E-06
   3.62400   -0.967542E-07
   3.62600   -0.895171E-07
   3.62800   -0.826233E-07
   3.63000   -0.762487E-07
   3.63200   -0.704815E-07
   3.63400   -0.653422E-07
   3.63600   -0.608054E-07
   3.63800   -0.568172E-07
   3.64000   -0.533096E-07
   3.64200   -0.502109E-07
   3.64400   -0.474519E-07
   3.64600   -0.449691E-07
   3.64800   -0.427072E-07
   3.65000   -0.406190E-07
   3.65200   -0.386664E-07
   3.65400   -0.368199E-07
   3.65600   -0.350591E-07
   3.65800   -0.333719E-07
   3.66000   -0.317551E-07
   3.66200   -0.302095E-07
   3.66400   -0.287471E-07
   3.66600   -0.273788E-07
   3.66800   -0.261176E-07
   3.67000   -0.249748E-07
   3.67200   -0.239581E-07
   3.67400   -0.230696E-07
   3.67600   -0.223043E-07
   3.67800   -0.216500E-07
   3.68000   -0.210881E-07
   3.68200   -0.205949E-07
   3.68400   -0.201437E-07
   3.68600   -0.197075E-07
   3.68800   -0.192612E-07
   3.69000   -0.187848E-07
   3.69200   -0.182644E-07
   3.69400   -0.176938E-07
   3.69600   -0.170740E-07
   3.69800   -0.164132E-07
   3.70000   -0.157245E-07
   3.70200   -0.150242E-07
   3.70400   -0.143289E-07
   3.70600   -0.136539E-07
   3.70800   -0.130109E-07
   3.71000   -0.124070E-07
   3.71200   -0.118446E-07
   3.71400   -0.113216E-07
   3.71600   -0.108327E-07
   3.71800   -0.103709E-07
   3.72000   -0.992890E-08
   3.72200   -0.950091E-08
   3.72400   -0.908332E-08
   3.72600   -0.867520E-08
   3.72800   -0.827817E-08
   3.73000   -0.789568E-08
   3.73200   -0.753198E-08
   3.73400   -0.719087E-08
   3.73600   -0.687475E-08
   3.73800   -0.658369E-08
   3.74000   -0.631508E-08
   3.74200   -0.606375E-08
   3.74400   -0.582250E-08
   3.74600   -0.558312E-08
   3.74800   -0.533760E-08
   3.75000   -0.507948E-08
   3.75200   -0.480503E-08
   3.75400   -0.451416E-08
   3.75600   -0.421096E-08
   3.75800   -0.390356E-08
   3.76000   -0.360350E-08
   3.76200   -0.332462E-08
   3.76400   -0.308138E-08
   3.76600   -0.288703E-08
   3.76800   -0.275189E-08
   3.77000   -0.268167E-08
   3.77200   -0.267655E-08
   3.77400   -0.273078E-08
   3.77600   -0.283307E-08
   3.77800   -0.296776E-08
   3.78000   -0.311647E-08
   3.78200   -0.326009E-08
   3.78400   -0.338089E-08
   3.78600   -0.346429E-08
   3.78800   -0.350002E-08
   3.79000   -0.348268E-08
   3.79200   -0.341186E-08
   3.79400   -0.329133E-08
   3.79600   -0.312808E-08
   3.79800   -0.293120E-08
   3.80000   -0.271096E-08
   3.80200   -0.247810E-08
   3.80400   -0.224370E-08
   3.80600   -0.201940E-08
   3.80800   -0.181776E-08
   3.81000   -0.165278E-08
   3.81200   -0.154013E-08
   3.81400   -0.149695E-08
   3.81600   -0.154110E-08
   3.81800   -0.168990E-08
   3.82000   -0.195835E-08
   3.82200   -0.235711E-08
   3.82400   -0.289060E-08
   3.82600   -0.355518E-08
   3.82800   -0.433798E-08
   3.83000   -0.521641E-08
   3.83200   -0.615846E-08
   3.83400   -0.712401E-08
   3.83600   -0.806694E-08
   3.83800   -0.893814E-08
   3.84000   -0.968925E-08
   3.84200   -0.102766E-07
   3.84400   -0.106654E-07
   3.84600   -0.108332E-07
   3.84800   -0.107728E-07
   3.85000   -0.104934E-07
   3.85200   -0.100204E-07
   3.85400   -0.939342E-08
   3.85600   -0.866251E-08
   3.85800   -0.788387E-08
   3.86000   -0.711448E-08
   3.86200   -0.640732E-08
   3.86400   -0.580714E-08
   3.86600   -0.534770E-08
   3.86800   -0.505033E-08
   3.87000   -0.492438E-08
   3.87200   -0.496854E-08
   3.87400   -0.517343E-08
   3.87600   -0.552442E-08
   3.87800   -0.600461E-08
   3.88000   -0.659734E-08
   3.88200   -0.728828E-08
   3.88400   -0.806638E-08
   3.88600   -0.892443E-08
   3.88800   -0.985872E-08
   3.89000   -0.108681E-07
   3.89200   -0.119527E-07
   3.89400   -0.131123E-07
   3.89600   -0.143450E-07
   3.89800   -0.156455E-07
   3.90000   -0.170043E-07
   3.90200   -0.184069E-07
   3.90400   -0.198341E-07
   3.90600   -0.212620E-07
   3.90800   -0.226637E-07
   3.91000   -0.240107E-07
   3.91200   -0.252745E-07
   3.91400   -0.264291E-07
   3.91600   -0.274522E-07
   3.91800   -0.283278E-07
   3.92000   -0.290468E-07
   3.92200   -0.296081E-07
   3.92400   -0.300186E-07
   3.92600   -0.302927E-07
   3.92800   -0.304511E-07
   3.93000   -0.305190E-07
   3.93200   -0.305236E-07
   3.93400   -0.304915E-07
   3.93600   -0.304465E-07
   3.93800   -0.304072E-07
   3.94000   -0.303856E-07
   3.94200   -0.303865E-07
   3.94400   -0.304076E-07
   3.94600   -0.304415E-07
   3.94800   -0.304772E-07
   3.95000   -0.305028E-07
   3.95200   -0.305085E-07
   3.95400   -0.304875E-07
   3.95600   -0.304384E-07
   3.95800   -0.303638E-07
   3.96000   -0.302700E-07
   3.96200   -0.301643E-07
   3.96400   -0.300525E-07
   3.96600   -0.299360E-07
   3.96800   -0.298100E-07
   3.97000   -0.296626E-07
   3.97200   -0.294744E-07
   3.97400   -0.292212E-07
   3.97600   -0.288755E-07
   3.97800   -0.284099E-07
   3.98000   -0.278005E-07
   3.98200   -0.270288E-07
   3.98400   -0.260840E-07
   3.98600   -0.249633E-07
   3.98800   -0.236729E-07
   3.99000   -0.222266E-07
   3.99200   -0.206454E-07
   3.99400   -0.189565E-07
   3.99600   -0.171919E-07
   3.99800   -0.153870E-07
   4.00000   -0.135792E-07
