   0.00000    0.000000E+00
   0.00200    0.000000E+00
   0.00400    0.000000E+00
   0.00600    0.000000E+00
   0.00800    0.000000E+00
   0.01000    0.000000E+00
   0.01200    0.000000E+00
   0.01400    0.000000E+00
   0.01600    0.000000E+00
   0.01800    0.000000E+00
   0.02000    0.000000E+00
   0.02200    0.000000E+00
   0.02400    0.000000E+00
   0.02600   -0.376254E-12
   0.02800   -0.202077E-11
   0.03000   -0.517507E-11
   0.03200   -0.107652E-10
   0.03400   -0.214476E-10
   0.03600   -0.414786E-10
   0.03800   -0.781135E-10
   0.04000   -0.143420E-09
   0.04200   -0.256904E-09
   0.04400   -0.449145E-09
   0.04600   -0.766544E-09
   0.04800   -0.127732E-08
   0.05000   -0.207847E-08
   0.05200   -0.330197E-08
   0.05400   -0.512169E-08
   0.05600   -0.775702E-08
   0.05800   -0.114723E-07
   0.06000   -0.165688E-07
   0.06200   -0.233701E-07
   0.06400   -0.321946E-07
   0.06600   -0.433205E-07
   0.06800   -0.569415E-07
   0.07000   -0.731201E-07
   0.07200   -0.917429E-07
   0.07400   -0.112486E-06
   0.07600   -0.134802E-06
   0.07800   -0.157924E-06
   0.08000   -0.180913E-06
   0.08200   -0.202714E-06
   0.08400   -0.222255E-06
   0.08600   -0.238540E-06
   0.08800   -0.250749E-06
   0.09000   -0.258322E-06
   0.09200   -0.261014E-06
   0.09400   -0.258911E-06
   0.09600   -0.252413E-06
   0.09800   -0.242179E-06
   0.10000   -0.229049E-06
   0.10200   -0.213953E-06
   0.10400   -0.197827E-06
   0.10600   -0.181526E-06
   0.10800   -0.165778E-06
   0.11000   -0.151136E-06
   0.11200   -0.137976E-06
   0.11400   -0.126495E-06
   0.11600   -0.116735E-06
   0.11800   -0.108606E-06
   0.12000   -0.101919E-06
   0.12200   -0.964215E-07
   0.12400   -0.918219E-07
   0.12600   -0.878218E-07
   0.12800   -0.841369E-07
   0.13000   -0.805160E-07
   0.13200   -0.767531E-07
   0.13400   -0.726946E-07
   0.13600   -0.682408E-07
   0.13800   -0.633425E-07
   0.14000   -0.579958E-07
   0.14200   -0.522346E-07
   0.14400   -0.461237E-07
   0.14600   -0.397531E-07
   0.14800   -0.332333E-07
   0.15000   -0.266926E-07
   0.15200   -0.202747E-07
   0.15400   -0.141341E-07
   0.15600   -0.843021E-08
   0.15800   -0.332081E-08
   0.16000    0.104858E-08
   0.16200    0.455662E-08
   0.16400    0.711829E-08
   0.16600    0.869556E-08
   0.16800    0.930486E-08
   0.17000    0.901964E-08
   0.17200    0.796722E-08
   0.17400    0.631923E-08
   0.17600    0.427822E-08
   0.17800    0.205982E-08
   0.18000   -0.125874E-09
   0.18200   -0.209189E-08
   0.18400   -0.368756E-08
   0.18600   -0.480784E-08
   0.18800   -0.539644E-08
   0.19000   -0.544308E-08
   0.19200   -0.497673E-08
   0.19400   -0.405675E-08
   0.19600   -0.276254E-08
   0.19800   -0.118403E-08
   0.20000    0.585895E-09
   0.20200    0.245645E-08
   0.20400    0.434166E-08
   0.20600    0.616118E-08
   0.20800    0.784005E-08
   0.21000    0.930855E-08
   0.21200    0.105026E-07
   0.21400    0.113657E-07
   0.21600    0.118516E-07
   0.21800    0.119284E-07
   0.22000    0.115827E-07
   0.22200    0.108235E-07
   0.22400    0.968392E-08
   0.22600    0.822174E-08
   0.22800    0.651695E-08
   0.23000    0.466687E-08
   0.23200    0.277939E-08
   0.23400    0.965180E-09
   0.23600   -0.670416E-09
   0.23800   -0.203461E-08
   0.24000   -0.305334E-08
   0.24200   -0.367432E-08
   0.24400   -0.386889E-08
   0.24600   -0.363152E-08
   0.24800   -0.297787E-08
   0.25000   -0.194206E-08
   0.25200   -0.573688E-09
   0.25400    0.106491E-08
   0.25600    0.290104E-08
   0.25800    0.485370E-08
   0.26000    0.683553E-08
   0.26200    0.875537E-08
   0.26400    0.105214E-07
   0.26600    0.120453E-07
   0.26800    0.132478E-07
   0.27000    0.140641E-07
   0.27200    0.144504E-07
   0.27400    0.143891E-07
   0.27600    0.138927E-07
   0.27800    0.130050E-07
   0.28000    0.118002E-07
   0.28200    0.103785E-07
   0.28400    0.885928E-08
   0.28600    0.737246E-08
   0.28800    0.604839E-08
   0.29000    0.500789E-08
   0.29200    0.435303E-08
   0.29400    0.415935E-08
   0.29600    0.447023E-08
   0.29800    0.529379E-08
   0.30000    0.660212E-08
   0.30200    0.833277E-08
   0.30400    0.103931E-07
   0.30600    0.126665E-07
   0.30800    0.150202E-07
   0.31000    0.173154E-07
   0.31200    0.194173E-07
   0.31400    0.212058E-07
   0.31600    0.225853E-07
   0.31800    0.234926E-07
   0.32000    0.239020E-07
   0.32200    0.238274E-07
   0.32400    0.233202E-07
   0.32600    0.224649E-07
   0.32800    0.213708E-07
   0.33000    0.201624E-07
   0.33200    0.189692E-07
   0.33400    0.179155E-07
   0.33600    0.171116E-07
   0.33800    0.166464E-07
   0.34000    0.165822E-07
   0.34200    0.169518E-07
   0.34400    0.177570E-07
   0.34600    0.189689E-07
   0.34800    0.205301E-07
   0.35000    0.223587E-07
   0.35200    0.243533E-07
   0.35400    0.263999E-07
   0.35600    0.283802E-07
   0.35800    0.301806E-07
   0.36000    0.317011E-07
   0.36200    0.328642E-07
   0.36400    0.336211E-07
   0.36600    0.339565E-07
   0.36800    0.338894E-07
   0.37000    0.334721E-07
   0.37200    0.327851E-07
   0.37400    0.319300E-07
   0.37600    0.310215E-07
   0.37800    0.301777E-07
   0.38000    0.295113E-07
   0.38200    0.291205E-07
   0.38400    0.290820E-07
   0.38600    0.294447E-07
   0.38800    0.302255E-07
   0.39000    0.314068E-07
   0.39200    0.329368E-07
   0.39400    0.347323E-07
   0.39600    0.366839E-07
   0.39800    0.386647E-07
   0.40000    0.405411E-07
   0.40200    0.421851E-07
   0.40400    0.434866E-07
   0.40600    0.443647E-07
   0.40800    0.447767E-07
   0.41000    0.447221E-07
   0.41200    0.442431E-07
   0.41400    0.434199E-07
   0.41600    0.423621E-07
   0.41800    0.411976E-07
   0.42000    0.400599E-07
   0.42200    0.390757E-07
   0.42400    0.383540E-07
   0.42600    0.379775E-07
   0.42800    0.379971E-07
   0.43000    0.384295E-07
   0.43200    0.392572E-07
   0.43400    0.404317E-07
   0.43600    0.418787E-07
   0.43800    0.435044E-07
   0.44000    0.452041E-07
   0.44200    0.468704E-07
   0.44400    0.484023E-07
   0.44600    0.497128E-07
   0.44800    0.507354E-07
   0.45000    0.514285E-07
   0.45200    0.517770E-07
   0.45400    0.517920E-07
   0.45600    0.515084E-07
   0.45800    0.509801E-07
   0.46000    0.502759E-07
   0.46200    0.494741E-07
   0.46400    0.486580E-07
   0.46600    0.479113E-07
   0.46800    0.473145E-07
   0.47000    0.469405E-07
   0.47200    0.468499E-07
   0.47400    0.470861E-07
   0.47600    0.476708E-07
   0.47800    0.485988E-07
   0.48000    0.498353E-07
   0.48200    0.513154E-07
   0.48400    0.529465E-07
   0.48600    0.546144E-07
   0.48800    0.561929E-07
   0.49000    0.575556E-07
   0.49200    0.585893E-07
   0.49400    0.592060E-07
   0.49600    0.593537E-07
   0.49800    0.590234E-07
   0.50000    0.582508E-07
   0.50200    0.571141E-07
   0.50400    0.557268E-07
   0.50600    0.542269E-07
   0.50800    0.527635E-07
   0.51000    0.514824E-07
   0.51200    0.505125E-07
   0.51400    0.499537E-07
   0.51600    0.498676E-07
   0.51800    0.502726E-07
   0.52000    0.511421E-07
   0.52200    0.524076E-07
   0.52400    0.539657E-07
   0.52600    0.556872E-07
   0.52800    0.574296E-07
   0.53000    0.590498E-07
   0.53200    0.604165E-07
   0.53400    0.614219E-07
   0.53600    0.619905E-07
   0.53800    0.620843E-07
   0.54000    0.617062E-07
   0.54200    0.608981E-07
   0.54400    0.597373E-07
   0.54600    0.583293E-07
   0.54800    0.567991E-07
   0.55000    0.552810E-07
   0.55200    0.539073E-07
   0.55400    0.527973E-07
   0.55600    0.520468E-07
   0.55800    0.517194E-07
   0.56000    0.518391E-07
   0.56200    0.523873E-07
   0.56400    0.533018E-07
   0.56600    0.544811E-07
   0.56800    0.557915E-07
   0.57000    0.570786E-07
   0.57200    0.581807E-07
   0.57400    0.589416E-07
   0.57600    0.592281E-07
   0.57800    0.589389E-07
   0.58000    0.580156E-07
   0.58200    0.564459E-07
   0.58400    0.542641E-07
   0.58600    0.515455E-07
   0.58800    0.483984E-07
   0.59000    0.449519E-07
   0.59200    0.413433E-07
   0.59400    0.377049E-07
   0.59600    0.341520E-07
   0.59800    0.307739E-07
   0.60000    0.276278E-07
   0.60200    0.247367E-07
   0.60400    0.220913E-07
   0.60600    0.196548E-07
   0.60800    0.173704E-07
   0.61000    0.151698E-07
   0.61200    0.129827E-07
   0.61400    0.107434E-07
   0.61600    0.839680E-08
   0.61800    0.590121E-08
   0.62000    0.322980E-08
   0.62200    0.370672E-09
   0.62400   -0.267286E-08
   0.62600   -0.588125E-08
   0.62800   -0.921618E-08
   0.63000   -0.126173E-07
   0.63200   -0.159996E-07
   0.63400   -0.192523E-07
   0.63600   -0.222420E-07
   0.63800   -0.248205E-07
   0.64000   -0.268377E-07
   0.64200   -0.281574E-07
   0.64400   -0.286756E-07
   0.64600   -0.283360E-07
   0.64800   -0.271416E-07
   0.65000   -0.251585E-07
   0.65200   -0.225124E-07
   0.65400   -0.193761E-07
   0.65600   -0.159516E-07
   0.65800   -0.124488E-07
   0.66000   -0.906363E-08
   0.66200   -0.595940E-08
   0.66400   -0.325305E-08
   0.66600   -0.100820E-08
   0.66800    0.765306E-09
   0.67000    0.210590E-08
   0.67200    0.309001E-08
   0.67400    0.381943E-08
   0.67600    0.440722E-08
   0.67800    0.496416E-08
   0.68000    0.558704E-08
   0.68200    0.634920E-08
   0.68400    0.729433E-08
   0.68600    0.843346E-08
   0.68800    0.974500E-08
   0.69000    0.111787E-07
   0.69200    0.126608E-07
   0.69400    0.141034E-07
   0.69600    0.154149E-07
   0.69800    0.165072E-07
   0.70000    0.173094E-07
   0.70200    0.177734E-07
   0.70400    0.178809E-07
   0.70600    0.176460E-07
   0.70800    0.171151E-07
   0.71000    0.163625E-07
   0.71200    0.154838E-07
   0.71400    0.145872E-07
   0.71600    0.137821E-07
   0.71800    0.131694E-07
   0.72000    0.128304E-07
   0.72200    0.128196E-07
   0.72400    0.131585E-07
   0.72600    0.138338E-07
   0.72800    0.147986E-07
   0.73000    0.159779E-07
   0.73200    0.172758E-07
   0.73400    0.185853E-07
   0.73600    0.197999E-07
   0.73800    0.208229E-07
   0.74000    0.215777E-07
   0.74200    0.220134E-07
   0.74400    0.221092E-07
   0.74600    0.218752E-07
   0.74800    0.213498E-07
   0.75000    0.205956E-07
   0.75200    0.196930E-07
   0.75400    0.187332E-07
   0.75600    0.178101E-07
   0.75800    0.170130E-07
   0.76000    0.164194E-07
   0.76200    0.160880E-07
   0.76400    0.160540E-07
   0.76600    0.163251E-07
   0.76800    0.168799E-07
   0.77000    0.176691E-07
   0.77200    0.186194E-07
   0.77400    0.196397E-07
   0.77600    0.206302E-07
   0.77800    0.214926E-07
   0.78000    0.221406E-07
   0.78200    0.225099E-07
   0.78400    0.225657E-07
   0.78600    0.223074E-07
   0.78800    0.217692E-07
   0.79000    0.210176E-07
   0.79200    0.201447E-07
   0.79400    0.192591E-07
   0.79600    0.184739E-07
   0.79800    0.178947E-07
   0.80000    0.176075E-07
   0.80200    0.176683E-07
   0.80400    0.180957E-07
   0.80600    0.188669E-07
   0.80800    0.199189E-07
   0.81000    0.211533E-07
   0.81200    0.224464E-07
   0.81400    0.236620E-07
   0.81600    0.246659E-07
   0.81800    0.253413E-07
   0.82000    0.256019E-07
   0.82200    0.254023E-07
   0.82400    0.247434E-07
   0.82600    0.236737E-07
   0.82800    0.222847E-07
   0.83000    0.207015E-07
   0.83200    0.190709E-07
   0.83400    0.175461E-07
   0.83600    0.162708E-07
   0.83800    0.153655E-07
   0.84000    0.149143E-07
   0.84200    0.149566E-07
   0.84400    0.154831E-07
   0.84600    0.164368E-07
   0.84800    0.177192E-07
   0.85000    0.192007E-07
   0.85200    0.207347E-07
   0.85400    0.221724E-07
   0.85600    0.233790E-07
   0.85800    0.242465E-07
   0.86000    0.247037E-07
   0.86200    0.247225E-07
   0.86400    0.243180E-07
   0.86600    0.235449E-07
   0.86800    0.224900E-07
   0.87000    0.212610E-07
   0.87200    0.199751E-07
   0.87400    0.187457E-07
   0.87600    0.176720E-07
   0.87800    0.168290E-07
   0.88000    0.162614E-07
   0.88200    0.159805E-07
   0.88400    0.159646E-07
   0.88600    0.161629E-07
   0.88800    0.165027E-07
   0.89000    0.168986E-07
   0.89200    0.172634E-07
   0.89400    0.175181E-07
   0.89600    0.176018E-07
   0.89800    0.174789E-07
   0.90000    0.171429E-07
   0.90200    0.166173E-07
   0.90400    0.159523E-07
   0.90600    0.152188E-07
   0.90800    0.144997E-07
   0.91000    0.138800E-07
   0.91200    0.134362E-07
   0.91400    0.132271E-07
   0.91600    0.132855E-07
   0.91800    0.136138E-07
   0.92000    0.141820E-07
   0.92200    0.149298E-07
   0.92400    0.157721E-07
   0.92600    0.166078E-07
   0.92800    0.173301E-07
   0.93000    0.178386E-07
   0.93200    0.180498E-07
   0.93400    0.179074E-07
   0.93600    0.173881E-07
   0.93800    0.165052E-07
   0.94000    0.153076E-07
   0.94200    0.138755E-07
   0.94400    0.123123E-07
   0.94600    0.107342E-07
   0.94800    0.925913E-08
   0.95000    0.799430E-08
   0.95200    0.702535E-08
   0.95400    0.640737E-08
   0.95600    0.615933E-08
   0.95800    0.626209E-08
   0.96000    0.666069E-08
   0.96200    0.727127E-08
   0.96400    0.799117E-08
   0.96600    0.871155E-08
   0.96800    0.933073E-08
   0.97000    0.976675E-08
   0.97200    0.996722E-08
   0.97400    0.991527E-08
   0.97600    0.963087E-08
   0.97800    0.916725E-08
   0.98000    0.860287E-08
   0.98200    0.803020E-08
   0.98400    0.754261E-08
   0.98600    0.722112E-08
   0.98800    0.712248E-08
   0.99000    0.727025E-08
   0.99200    0.765008E-08
   0.99400    0.820978E-08
   0.99600    0.886436E-08
   0.99800    0.950570E-08
   1.00000    0.100158E-07
   1.00200    0.102819E-07
   1.00400    0.102117E-07
   1.00600    0.974682E-08
   1.00800    0.887185E-08
   1.01000    0.761901E-08
   1.01200    0.606653E-08
   1.01400    0.433130E-08
   1.01600    0.255655E-08
   1.01800    0.896230E-09
   1.02000   -0.502065E-09
   1.02200   -0.151377E-08
   1.02400   -0.205130E-08
   1.02600   -0.207401E-08
   1.02800   -0.159260E-08
   1.03000   -0.667922E-09
   1.03200    0.595885E-09
   1.03400    0.206288E-08
   1.03600    0.358032E-08
   1.03800    0.499523E-08
   1.04000    0.617048E-08
   1.04200    0.699881E-08
   1.04400    0.741296E-08
   1.04600    0.739106E-08
   1.04800    0.695670E-08
   1.05000    0.617399E-08
   1.05200    0.513830E-08
   1.05400    0.396409E-08
   1.05600    0.277106E-08
   1.05800    0.167042E-08
   1.06000    0.752587E-09
   1.06200    0.777587E-10
   1.06400   -0.329784E-09
   1.06600   -0.482897E-09
   1.06800   -0.428429E-09
   1.07000   -0.239996E-09
   1.07200   -0.733271E-11
   1.07400    0.176322E-09
   1.07600    0.227197E-09
   1.07800    0.826398E-10
   1.08000   -0.290035E-09
   1.08200   -0.888758E-09
   1.08400   -0.167714E-08
   1.08600   -0.258945E-08
   1.08800   -0.353981E-08
   1.09000   -0.443464E-08
   1.09200   -0.518626E-08
   1.09400   -0.572586E-08
   1.09600   -0.601405E-08
   1.09800   -0.604744E-08
   1.10000   -0.586024E-08
   1.10200   -0.552048E-08
   1.10400   -0.512149E-08
   1.10600   -0.476955E-08
   1.10800   -0.456931E-08
   1.11000   -0.460913E-08
   1.11200   -0.494822E-08
   1.11400   -0.560738E-08
   1.11600   -0.656482E-08
   1.11800   -0.775745E-08
   1.12000   -0.908772E-08
   1.12200   -0.104351E-07
   1.12400   -0.116705E-07
   1.12600   -0.126726E-07
   1.12800   -0.133429E-07
   1.13000   -0.136182E-07
   1.13200   -0.134790E-07
   1.13400   -0.129519E-07
   1.13600   -0.121068E-07
   1.13800   -0.110477E-07
   1.14000   -0.989984E-08
   1.14200   -0.879410E-08
   1.14400   -0.785041E-08
   1.14600   -0.716324E-08
   1.14800   -0.679056E-08
   1.15000   -0.674825E-08
   1.15200   -0.701020E-08
   1.15400   -0.751404E-08
   1.15600   -0.817196E-08
   1.15800   -0.888456E-08
   1.16000   -0.955577E-08
   1.16200   -0.101068E-07
   1.16400   -0.104868E-07
   1.16600   -0.106794E-07
   1.16800   -0.107034E-07
   1.17000   -0.106086E-07
   1.17200   -0.104666E-07
   1.17400   -0.103587E-07
   1.17600   -0.103627E-07
   1.17800   -0.105404E-07
   1.18000   -0.109271E-07
   1.18200   -0.115265E-07
   1.18400   -0.123088E-07
   1.18600   -0.132154E-07
   1.18800   -0.141662E-07
   1.19000   -0.150715E-07
   1.19200   -0.158444E-07
   1.19400   -0.164130E-07
   1.19600   -0.167314E-07
   1.19800   -0.167858E-07
   1.20000   -0.165976E-07
   1.20200   -0.162211E-07
   1.20400   -0.157364E-07
   1.20600   -0.152395E-07
   1.20800   -0.148294E-07
   1.21000   -0.145950E-07
   1.21200   -0.146037E-07
   1.21400   -0.148921E-07
   1.21600   -0.154616E-07
   1.21800   -0.162790E-07
   1.22000   -0.172811E-07
   1.22200   -0.183843E-07
   1.22400   -0.194965E-07
   1.22600   -0.205296E-07
   1.22800   -0.214115E-07
   1.23000   -0.220957E-07
   1.23200   -0.225658E-07
   1.23400   -0.228363E-07
   1.23600   -0.229483E-07
   1.23800   -0.229609E-07
   1.24000   -0.229401E-07
   1.24200   -0.229471E-07
   1.24400   -0.230268E-07
   1.24600   -0.232002E-07
   1.24800   -0.234598E-07
   1.25000   -0.237707E-07
   1.25200   -0.240756E-07
   1.25400   -0.243047E-07
   1.25600   -0.243871E-07
   1.25800   -0.242640E-07
   1.26000   -0.238993E-07
   1.26200   -0.232883E-07
   1.26400   -0.224603E-07
   1.26600   -0.214776E-07
   1.26800   -0.204282E-07
   1.27000   -0.194146E-07
   1.27200   -0.185403E-07
   1.27400   -0.178951E-07
   1.27600   -0.175432E-07
   1.27800   -0.175137E-07
   1.28000   -0.177968E-07
   1.28200   -0.183460E-07
   1.28400   -0.190854E-07
   1.28600   -0.199213E-07
   1.28800   -0.207567E-07
   1.29000   -0.215055E-07
   1.29200   -0.221047E-07
   1.29400   -0.225230E-07
   1.29600   -0.227638E-07
   1.29800   -0.228624E-07
   1.30000   -0.228784E-07
   1.30200   -0.228841E-07
   1.30400   -0.229514E-07
   1.30600   -0.231390E-07
   1.30800   -0.234821E-07
   1.31000   -0.239867E-07
   1.31200   -0.246284E-07
   1.31400   -0.253573E-07
   1.31600   -0.261061E-07
   1.31800   -0.268024E-07
   1.32000   -0.273801E-07
   1.32200   -0.277909E-07
   1.32400   -0.280119E-07
   1.32600   -0.280490E-07
   1.32800   -0.279349E-07
   1.33000   -0.277230E-07
   1.33200   -0.274770E-07
   1.33400   -0.272597E-07
   1.33600   -0.271210E-07
   1.33800   -0.270888E-07
   1.34000   -0.271646E-07
   1.34200   -0.273226E-07
   1.34400   -0.275152E-07
   1.34600   -0.276822E-07
   1.34800   -0.277630E-07
   1.35000   -0.277087E-07
   1.35200   -0.274936E-07
   1.35400   -0.271218E-07
   1.35600   -0.266290E-07
   1.35800   -0.260788E-07
   1.36000   -0.255538E-07
   1.36200   -0.251424E-07
   1.36400   -0.249246E-07
   1.36600   -0.249582E-07
   1.36800   -0.252685E-07
   1.37000   -0.258426E-07
   1.37200   -0.266307E-07
   1.37400   -0.275527E-07
   1.37600   -0.285096E-07
   1.37800   -0.293989E-07
   1.38000   -0.301296E-07
   1.38200   -0.306354E-07
   1.38400   -0.308840E-07
   1.38600   -0.308799E-07
   1.38800   -0.306624E-07
   1.39000   -0.302967E-07
   1.39200   -0.298625E-07
   1.39400   -0.294398E-07
   1.39600   -0.290963E-07
   1.39800   -0.288776E-07
   1.40000   -0.288022E-07
   1.40200   -0.288618E-07
   1.40400   -0.290266E-07
   1.40600   -0.292545E-07
   1.40800   -0.295019E-07
   1.41000   -0.297343E-07
   1.41200   -0.299343E-07
   1.41400   -0.301047E-07
   1.41600   -0.302682E-07
   1.41800   -0.304610E-07
   1.42000   -0.307237E-07
   1.42200   -0.310910E-07
   1.42400   -0.315818E-07
   1.42600   -0.321918E-07
   1.42800   -0.328916E-07
   1.43000   -0.336285E-07
   1.43200   -0.343342E-07
   1.43400   -0.349352E-07
   1.43600   -0.353645E-07
   1.43800   -0.355738E-07
   1.44000   -0.355408E-07
   1.44200   -0.352744E-07
   1.44400   -0.348127E-07
   1.44600   -0.342177E-07
   1.44800   -0.335659E-07
   1.45000   -0.329365E-07
   1.45200   -0.324008E-07
   1.45400   -0.320128E-07
   1.45600   -0.318041E-07
   1.45800   -0.317824E-07
   1.46000   -0.319342E-07
   1.46200   -0.322302E-07
   1.46400   -0.326329E-07
   1.46600   -0.331031E-07
   1.46800   -0.336059E-07
   1.47000   -0.341133E-07
   1.47200   -0.346044E-07
   1.47400   -0.350634E-07
   1.47600   -0.354753E-07
   1.47800   -0.358224E-07
   1.48000   -0.360815E-07
   1.48200   -0.362238E-07
   1.48400   -0.362172E-07
   1.48600   -0.360317E-07
   1.48800   -0.356457E-07
   1.49000   -0.350536E-07
   1.49200   -0.342712E-07
   1.49400   -0.333384E-07
   1.49600   -0.323183E-07
   1.49800   -0.312914E-07
   1.50000   -0.303472E-07
   1.50200   -0.295722E-07
   1.50400   -0.290384E-07
   1.50600   -0.287933E-07
   1.50800   -0.288527E-07
   1.51000   -0.291984E-07
   1.51200   -0.297814E-07
   1.51400   -0.305286E-07
   1.51600   -0.313535E-07
   1.51800   -0.321673E-07
   1.52000   -0.328900E-07
   1.52200   -0.334584E-07
   1.52400   -0.338314E-07
   1.52600   -0.339907E-07
   1.52800   -0.339382E-07
   1.53000   -0.336916E-07
   1.53200   -0.332780E-07
   1.53400   -0.327290E-07
   1.53600   -0.320756E-07
   1.53800   -0.313469E-07
   1.54000   -0.305686E-07
   1.54200   -0.297646E-07
   1.54400   -0.289577E-07
   1.54600   -0.281706E-07
   1.54800   -0.274251E-07
   1.55000   -0.267407E-07
   1.55200   -0.261320E-07
   1.55400   -0.256052E-07
   1.55600   -0.251561E-07
   1.55800   -0.247689E-07
   1.56000   -0.244176E-07
   1.56200   -0.240689E-07
   1.56400   -0.236882E-07
   1.56600   -0.232452E-07
   1.56800   -0.227199E-07
   1.57000   -0.221073E-07
   1.57200   -0.214186E-07
   1.57400   -0.206801E-07
   1.57600   -0.199286E-07
   1.57800   -0.192049E-07
   1.58000   -0.185462E-07
   1.58200   -0.179791E-07
   1.58400   -0.175147E-07
   1.58600   -0.171465E-07
   1.58800   -0.168518E-07
   1.59000   -0.165963E-07
   1.59200   -0.163409E-07
   1.59400   -0.160494E-07
   1.59600   -0.156950E-07
   1.59800   -0.152658E-07
   1.60000   -0.147662E-07
   1.60200   -0.142165E-07
   1.60400   -0.136483E-07
   1.60600   -0.130994E-07
   1.60800   -0.126076E-07
   1.61000   -0.122040E-07
   1.61200   -0.119098E-07
   1.61400   -0.117331E-07
   1.61600   -0.116697E-07
   1.61800   -0.117039E-07
   1.62000   -0.118121E-07
   1.62200   -0.119661E-07
   1.62400   -0.121361E-07
   1.62600   -0.122939E-07
   1.62800   -0.124145E-07
   1.63000   -0.124779E-07
   1.63200   -0.124699E-07
   1.63400   -0.123830E-07
   1.63600   -0.122163E-07
   1.63800   -0.119764E-07
   1.64000   -0.116766E-07
   1.64200   -0.113357E-07
   1.64400   -0.109763E-07
   1.64600   -0.106217E-07
   1.64800   -0.102923E-07
   1.65000   -0.100026E-07
   1.65200   -0.975840E-08
   1.65400   -0.955548E-08
   1.65600   -0.938051E-08
   1.65800   -0.921348E-08
   1.66000   -0.903181E-08
   1.66200   -0.881493E-08
   1.66400   -0.854863E-08
   1.66600   -0.822808E-08
   1.66800   -0.785872E-08
   1.67000   -0.745498E-08
   1.67200   -0.703692E-08
   1.67400   -0.662578E-08
   1.67600   -0.623936E-08
   1.67800   -0.588842E-08
   1.68000   -0.557498E-08
   1.68200   -0.529274E-08
   1.68400   -0.502953E-08
   1.68600   -0.477108E-08
   1.68800   -0.450513E-08
   1.69000   -0.422481E-08
   1.69200   -0.393029E-08
   1.69400   -0.362864E-08
   1.69600   -0.333174E-08
   1.69800   -0.305279E-08
   1.70000   -0.280254E-08
   1.70200   -0.258605E-08
   1.70400   -0.240064E-08
   1.70600   -0.223577E-08
   1.70800   -0.207450E-08
   1.71000   -0.189634E-08
   1.71200   -0.168072E-08
   1.71400   -0.141046E-08
   1.71600   -0.107435E-08
   1.71800   -0.668792E-09
   1.72000   -0.198121E-09
   1.72200    0.326156E-09
   1.72400    0.886988E-09
   1.72600    0.146374E-08
   1.72800    0.203430E-08
   1.73000    0.257707E-08
   1.73200    0.307284E-08
   1.73400    0.350625E-08
   1.73600    0.386713E-08
   1.73800    0.415151E-08
   1.74000    0.436209E-08
   1.74200    0.450832E-08
   1.74400    0.460591E-08
   1.74600    0.467578E-08
   1.74800    0.474235E-08
   1.75000    0.483161E-08
   1.75200    0.496912E-08
   1.75400    0.517793E-08
   1.75600    0.547705E-08
   1.75800    0.588018E-08
   1.76000    0.639493E-08
   1.76200    0.702237E-08
   1.76400    0.775700E-08
   1.76600    0.858700E-08
   1.76800    0.949482E-08
   1.77000    0.104582E-07
   1.77200    0.114517E-07
   1.77400    0.124485E-07
   1.77600    0.134228E-07
   1.77800    0.143521E-07
   1.78000    0.152196E-07
   1.78200    0.160157E-07
   1.78400    0.167387E-07
   1.78600    0.173948E-07
   1.78800    0.179964E-07
   1.79000    0.185607E-07
   1.79200    0.191069E-07
   1.79400    0.196541E-07
   1.79600    0.202192E-07
   1.79800    0.208156E-07
   1.80000    0.214527E-07
   1.80200    0.221357E-07
   1.80400    0.228661E-07
   1.80600    0.236427E-07
   1.80800    0.244620E-07
   1.81000    0.253191E-07
   1.81200    0.262085E-07
   1.81400    0.271245E-07
   1.81600    0.280622E-07
   1.81800    0.290172E-07
   1.82000    0.299866E-07
   1.82200    0.309689E-07
   1.82400    0.319642E-07
   1.82600    0.329738E-07
   1.82800    0.340002E-07
   1.83000    0.350467E-07
   1.83200    0.361171E-07
   1.83400    0.372158E-07
   1.83600    0.383472E-07
   1.83800    0.395165E-07
   1.84000    0.407292E-07
   1.84200    0.419914E-07
   1.84400    0.433093E-07
   1.84600    0.446895E-07
   1.84800    0.461375E-07
   1.85000    0.476583E-07
   1.85200    0.492550E-07
   1.85400    0.509290E-07
   1.85600    0.526797E-07
   1.85800    0.545048E-07
   1.86000    0.564005E-07
   1.86200    0.583625E-07
   1.86400    0.603868E-07
   1.86600    0.624697E-07
   1.86800    0.646096E-07
   1.87000    0.668093E-07
   1.87200    0.690748E-07
   1.87400    0.714180E-07
   1.87600    0.738576E-07
   1.87800    0.764199E-07
   1.88000    0.791404E-07
   1.88200    0.820619E-07
   1.88400    0.852367E-07
   1.88600    0.887222E-07
   1.88800    0.925780E-07
   1.89000    0.968613E-07
   1.89200    0.101617E-06
   1.89400    0.106874E-06
   1.89600    0.112622E-06
   1.89800    0.118814E-06
   1.90000    0.125354E-06
   1.90200    0.132089E-06
   1.90400    0.138815E-06
   1.90600    0.145282E-06
   1.90800    0.151223E-06
   1.91000    0.156373E-06
   1.91200    0.160514E-06
   1.91400    0.163505E-06
   1.91600    0.165317E-06
   1.91800    0.166046E-06
   1.92000    0.165906E-06
   1.92200    0.165202E-06
   1.92400    0.164260E-06
   1.92600    0.163341E-06
   1.92800    0.162541E-06
   1.93000    0.161689E-06
   1.93200    0.160271E-06
   1.93400    0.157397E-06
   1.93600    0.151821E-06
   1.93800    0.142034E-06
   1.94000    0.126426E-06
   1.94200    0.103489E-06
   1.94400    0.720522E-07
   1.94600    0.315027E-07
   1.94800   -0.180391E-07
   1.95000   -0.756273E-07
   1.95200   -0.139499E-06
   1.95400   -0.207193E-06
   1.95600   -0.275761E-06
   1.95800   -0.342050E-06
   1.96000   -0.403005E-06
   1.96200   -0.455959E-06
   1.96400   -0.498859E-06
   1.96600   -0.530412E-06
   1.96800   -0.550125E-06
   1.97000   -0.558263E-06
   1.97200   -0.555721E-06
   1.97400   -0.543864E-06
   1.97600   -0.524342E-06
   1.97800   -0.498920E-06
   1.98000   -0.469336E-06
   1.98200   -0.437198E-06
   1.98400   -0.403922E-06
   1.98600   -0.370699E-06
   1.98800   -0.338484E-06
   1.99000   -0.308001E-06
   1.99200   -0.279754E-06
   1.99400   -0.254033E-06
   1.99600   -0.230927E-06
   1.99800   -0.210332E-06
   2.00000   -0.191971E-06
   2.00200   -0.175415E-06
   2.00400   -0.160116E-06
   2.00600   -0.145455E-06
   2.00800   -0.130796E-06
   2.01000   -0.115554E-06
   2.01200   -0.992629E-07
   2.01400   -0.816378E-07
   2.01600   -0.626301E-07
   2.01800   -0.424517E-07
   2.02000   -0.215890E-07
   2.02200   -0.769112E-09
   2.02400    0.191083E-07
   2.02600    0.370533E-07
   2.02800    0.520961E-07
   2.03000    0.633974E-07
   2.03200    0.703470E-07
   2.03400    0.726376E-07
   2.03600    0.702985E-07
   2.03800    0.636892E-07
   2.04000    0.534520E-07
   2.04200    0.404324E-07
   2.04400    0.255813E-07
   2.04600    0.985560E-08
   2.04800   -0.587033E-08
   2.05000   -0.208721E-07
   2.05200   -0.346138E-07
   2.05400   -0.467576E-07
   2.05600   -0.571492E-07
   2.05800   -0.657856E-07
   2.06000   -0.727736E-07
   2.06200   -0.782865E-07
   2.06400   -0.825253E-07
   2.06600   -0.856884E-07
   2.06800   -0.879517E-07
   2.07000   -0.894579E-07
   2.07200   -0.903149E-07
   2.07400   -0.906000E-07
   2.07600   -0.903675E-07
   2.07800   -0.896582E-07
   2.08000   -0.885086E-07
   2.08200   -0.869580E-07
   2.08400   -0.850537E-07
   2.08600   -0.828540E-07
   2.08800   -0.804284E-07
   2.09000   -0.778559E-07
   2.09200   -0.752223E-07
   2.09400   -0.726159E-07
   2.09600   -0.701232E-07
   2.09800   -0.678236E-07
   2.10000   -0.657870E-07
   2.10200   -0.640696E-07
   2.10400   -0.627080E-07
   2.10600   -0.617174E-07
   2.10800   -0.610883E-07
   2.11000   -0.607862E-07
   2.11200   -0.607517E-07
   2.11400   -0.609030E-07
   2.11600   -0.611422E-07
   2.11800   -0.613627E-07
   2.12000   -0.614581E-07
   2.12200   -0.613327E-07
   2.12400   -0.609104E-07
   2.12600   -0.601426E-07
   2.12800   -0.590121E-07
   2.13000   -0.575352E-07
   2.13200   -0.557579E-07
   2.13400   -0.537515E-07
   2.13600   -0.516045E-07
   2.13800   -0.494135E-07
   2.14000   -0.472732E-07
   2.14200   -0.452684E-07
   2.14400   -0.434663E-07
   2.14600   -0.419116E-07
   2.14800   -0.406242E-07
   2.15000   -0.395986E-07
   2.15200   -0.388071E-07
   2.15400   -0.382037E-07
   2.15600   -0.377300E-07
   2.15800   -0.373210E-07
   2.16000   -0.369111E-07
   2.16200   -0.364393E-07
   2.16400   -0.358527E-07
   2.16600   -0.351100E-07
   2.16800   -0.341821E-07
   2.17000   -0.330537E-07
   2.17200   -0.317229E-07
   2.17400   -0.302008E-07
   2.17600   -0.285107E-07
   2.17800   -0.266860E-07
   2.18000   -0.247677E-07
   2.18200   -0.228012E-07
   2.18400   -0.208324E-07
   2.18600   -0.189030E-07
   2.18800   -0.170468E-07
   2.19000   -0.152855E-07
   2.19200   -0.136267E-07
   2.19400   -0.120629E-07
   2.19600   -0.105718E-07
   2.19800   -0.911919E-08
   2.20000   -0.766277E-08
   2.20200   -0.615508E-08
   2.20400   -0.454746E-08
   2.20600   -0.279414E-08
   2.20800   -0.854063E-09
   2.21000    0.130788E-08
   2.21200    0.372069E-08
   2.21400    0.640781E-08
   2.21600    0.938786E-08
   2.21800    0.126752E-07
   2.22000    0.162799E-07
   2.22200    0.202064E-07
   2.22400    0.244513E-07
   2.22600    0.289997E-07
   2.22800    0.338196E-07
   2.23000    0.388551E-07
   2.23200    0.440178E-07
   2.23400    0.491785E-07
   2.23600    0.541584E-07
   2.23800    0.587243E-07
   2.24000    0.625880E-07
   2.24200    0.654144E-07
   2.24400    0.668386E-07
   2.24600    0.664940E-07
   2.24800    0.640486E-07
   2.25000    0.592472E-07
   2.25200    0.519537E-07
   2.25400    0.421858E-07
   2.25600    0.301359E-07
   2.25800    0.161732E-07
   2.26000    0.823694E-09
   2.26200   -0.152707E-07
   2.26400   -0.314085E-07
   2.26600   -0.468937E-07
   2.26800   -0.610998E-07
   2.27000   -0.735245E-07
   2.27200   -0.838264E-07
   2.27400   -0.918425E-07
   2.27600   -0.975825E-07
   2.27800   -0.101206E-06
   2.28000   -0.102986E-06
   2.28200   -0.103267E-06
   2.28400   -0.102420E-06
   2.28600   -0.100807E-06
   2.28800   -0.987495E-07
   2.29000   -0.965145E-07
   2.29200   -0.943033E-07
   2.29400   -0.922534E-07
   2.29600   -0.904457E-07
   2.29800   -0.889152E-07
   2.30000   -0.876632E-07
   2.30200   -0.866688E-07
   2.30400   -0.858989E-07
   2.30600   -0.853156E-07
   2.30800   -0.848813E-07
   2.31000   -0.845619E-07
   2.31200   -0.843280E-07
   2.31400   -0.841555E-07
   2.31600   -0.840253E-07
   2.31800   -0.839233E-07
   2.32000   -0.838398E-07
   2.32200   -0.837695E-07
   2.32400   -0.837118E-07
   2.32600   -0.836713E-07
   2.32800   -0.836571E-07
   2.33000   -0.836835E-07
   2.33200   -0.837707E-07
   2.33400   -0.839449E-07
   2.33600   -0.842381E-07
   2.33800   -0.846880E-07
   2.34000   -0.853368E-07
   2.34200   -0.862291E-07
   2.34400   -0.874084E-07
   2.34600   -0.889124E-07
   2.34800   -0.907674E-07
   2.35000   -0.929811E-07
   2.35200   -0.955364E-07
   2.35400   -0.983863E-07
   2.35600   -0.101451E-06
   2.35800   -0.104621E-06
   2.36000   -0.107760E-06
   2.36200   -0.110717E-06
   2.36400   -0.113340E-06
   2.36600   -0.115492E-06
   2.36800   -0.117067E-06
   2.37000   -0.118001E-06
   2.37200   -0.118281E-06
   2.37400   -0.117946E-06
   2.37600   -0.117080E-06
   2.37800   -0.115801E-06
   2.38000   -0.114244E-06
   2.38200   -0.112546E-06
   2.38400   -0.110828E-06
   2.38600   -0.109182E-06
   2.38800   -0.107670E-06
   2.39000   -0.106317E-06
   2.39200   -0.105120E-06
   2.39400   -0.104055E-06
   2.39600   -0.103085E-06
   2.39800   -0.102176E-06
   2.40000   -0.101297E-06
   2.40200   -0.100431E-06
   2.40400   -0.995776E-07
   2.40600   -0.987456E-07
   2.40800   -0.979561E-07
   2.41000   -0.972343E-07
   2.41200   -0.966055E-07
   2.41400   -0.960902E-07
   2.41600   -0.957002E-07
   2.41800   -0.954377E-07
   2.42000   -0.952941E-07
   2.42200   -0.952517E-07
   2.42400   -0.952859E-07
   2.42600   -0.953676E-07
   2.42800   -0.954666E-07
   2.43000   -0.955535E-07
   2.43200   -0.956015E-07
   2.43400   -0.955881E-07
   2.43600   -0.954942E-07
   2.43800   -0.953046E-07
   2.44000   -0.950060E-07
   2.44200   -0.945876E-07
   2.44400   -0.940389E-07
   2.44600   -0.933503E-07
   2.44800   -0.925130E-07
   2.45000   -0.915201E-07
   2.45200   -0.903675E-07
   2.45400   -0.890559E-07
   2.45600   -0.875926E-07
   2.45800   -0.859920E-07
   2.46000   -0.842769E-07
   2.46200   -0.824779E-07
   2.46400   -0.806321E-07
   2.46600   -0.787804E-07
   2.46800   -0.769653E-07
   2.47000   -0.752265E-07
   2.47200   -0.735987E-07
   2.47400   -0.721081E-07
   2.47600   -0.707712E-07
   2.47800   -0.695937E-07
   2.48000   -0.685713E-07
   2.48200   -0.676910E-07
   2.48400   -0.669333E-07
   2.48600   -0.662749E-07
   2.48800   -0.656914E-07
   2.49000   -0.651594E-07
   2.49200   -0.646586E-07
   2.49400   -0.641733E-07
   2.49600   -0.636925E-07
   2.49800   -0.632106E-07
   2.50000   -0.627268E-07
   2.50200   -0.622446E-07
   2.50400   -0.617702E-07
   2.50600   -0.613121E-07
   2.50800   -0.608793E-07
   2.51000   -0.604801E-07
   2.51200   -0.601212E-07
   2.51400   -0.598064E-07
   2.51600   -0.595363E-07
   2.51800   -0.593071E-07
   2.52000   -0.591115E-07
   2.52200   -0.589384E-07
   2.52400   -0.587742E-07
   2.52600   -0.586039E-07
   2.52800   -0.584126E-07
   2.53000   -0.581874E-07
   2.53200   -0.579191E-07
   2.53400   -0.576037E-07
   2.53600   -0.572429E-07
   2.53800   -0.568444E-07
   2.54000   -0.564208E-07
   2.54200   -0.559885E-07
   2.54400   -0.555647E-07
   2.54600   -0.551655E-07
   2.54800   -0.548034E-07
   2.55000   -0.544851E-07
   2.55200   -0.542110E-07
   2.55400   -0.539748E-07
   2.55600   -0.537650E-07
   2.55800   -0.535664E-07
   2.56000   -0.533629E-07
   2.56200   -0.531399E-07
   2.56400   -0.528867E-07
   2.56600   -0.525984E-07
   2.56800   -0.522770E-07
   2.57000   -0.519313E-07
   2.57200   -0.515758E-07
   2.57400   -0.512295E-07
   2.57600   -0.509128E-07
   2.57800   -0.506449E-07
   2.58000   -0.504412E-07
   2.58200   -0.503106E-07
   2.58400   -0.502544E-07
   2.58600   -0.502653E-07
   2.58800   -0.503287E-07
   2.59000   -0.504242E-07
   2.59200   -0.505288E-07
   2.59400   -0.506197E-07
   2.59600   -0.506778E-07
   2.59800   -0.506901E-07
   2.60000   -0.506509E-07
   2.60200   -0.505623E-07
   2.60400   -0.504326E-07
   2.60600   -0.502746E-07
   2.60800   -0.501024E-07
   2.61000   -0.499292E-07
   2.61200   -0.497646E-07
   2.61400   -0.496139E-07
   2.61600   -0.494770E-07
   2.61800   -0.493500E-07
   2.62000   -0.492263E-07
   2.62200   -0.490985E-07
   2.62400   -0.489604E-07
   2.62600   -0.488084E-07
   2.62800   -0.486422E-07
   2.63000   -0.484648E-07
   2.63200   -0.482817E-07
   2.63400   -0.480995E-07
   2.63600   -0.479244E-07
   2.63800   -0.477607E-07
   2.64000   -0.476096E-07
   2.64200   -0.474686E-07
   2.64400   -0.473319E-07
   2.64600   -0.471908E-07
   2.64800   -0.470352E-07
   2.65000   -0.468550E-07
   2.65200   -0.466418E-07
   2.65400   -0.463905E-07
   2.65600   -0.460997E-07
   2.65800   -0.457723E-07
   2.66000   -0.454156E-07
   2.66200   -0.450394E-07
   2.66400   -0.446555E-07
   2.66600   -0.442755E-07
   2.66800   -0.439093E-07
   2.67000   -0.435638E-07
   2.67200   -0.432417E-07
   2.67400   -0.429414E-07
   2.67600   -0.426573E-07
   2.67800   -0.423805E-07
   2.68000   -0.421004E-07
   2.68200   -0.418059E-07
   2.68400   -0.414868E-07
   2.68600   -0.411348E-07
   2.68800   -0.407445E-07
   2.69000   -0.403135E-07
   2.69200   -0.398421E-07
   2.69400   -0.393334E-07
   2.69600   -0.387925E-07
   2.69800   -0.382258E-07
   2.70000   -0.376407E-07
   2.70200   -0.370447E-07
   2.70400   -0.364452E-07
   2.70600   -0.358485E-07
   2.70800   -0.352602E-07
   2.71000   -0.346836E-07
   2.71200   -0.341207E-07
   2.71400   -0.335710E-07
   2.71600   -0.330323E-07
   2.71800   -0.325006E-07
   2.72000   -0.319709E-07
   2.72200   -0.314378E-07
   2.72400   -0.308964E-07
   2.72600   -0.303426E-07
   2.72800   -0.297746E-07
   2.73000   -0.291925E-07
   2.73200   -0.285992E-07
   2.73400   -0.279995E-07
   2.73600   -0.273997E-07
   2.73800   -0.268070E-07
   2.74000   -0.262283E-07
   2.74200   -0.256687E-07
   2.74400   -0.251311E-07
   2.74600   -0.246153E-07
   2.74800   -0.241174E-07
   2.75000   -0.236309E-07
   2.75200   -0.231466E-07
   2.75400   -0.226544E-07
   2.75600   -0.221443E-07
   2.75800   -0.216077E-07
   2.76000   -0.210387E-07
   2.76200   -0.204348E-07
   2.76400   -0.197970E-07
   2.76600   -0.191300E-07
   2.76800   -0.184414E-07
   2.77000   -0.177409E-07
   2.77200   -0.170395E-07
   2.77400   -0.163479E-07
   2.77600   -0.156759E-07
   2.77800   -0.150318E-07
   2.78000   -0.144211E-07
   2.78200   -0.138472E-07
   2.78400   -0.133104E-07
   2.78600   -0.128087E-07
   2.78800   -0.123380E-07
   2.79000   -0.118937E-07
   2.79200   -0.114704E-07
   2.79400   -0.110636E-07
   2.79600   -0.106704E-07
   2.79800   -0.102907E-07
   2.80000   -0.992746E-08
   2.80200   -0.958703E-08
   2.80400   -0.927899E-08
   2.80600   -0.901500E-08
   2.80800   -0.880704E-08
   2.81000   -0.866472E-08
   2.81200   -0.859175E-08
   2.81400   -0.858172E-08
   2.81600   -0.861363E-08
   2.81800   -0.864768E-08
   2.82000   -0.862200E-08
   2.82200   -0.845137E-08
   2.82400   -0.802880E-08
   2.82600   -0.723066E-08
   2.82800   -0.592578E-08
   2.83000   -0.398833E-08
   2.83200   -0.131347E-08
   2.83400    0.216609E-08
   2.83600    0.646472E-08
   2.83800    0.115326E-07
   2.84000    0.172508E-07
   2.84200    0.234345E-07
   2.84400    0.298450E-07
   2.84600    0.362093E-07
   2.84800    0.422448E-07
   2.85000    0.476870E-07
   2.85200    0.523140E-07
   2.85400    0.559670E-07
   2.85600    0.585614E-07
   2.85800    0.600898E-07
   2.86000    0.606155E-07
   2.86200    0.602579E-07
   2.86400    0.591751E-07
   2.86600    0.575434E-07
   2.86800    0.555386E-07
   2.87000    0.533217E-07
   2.87200    0.510280E-07
   2.87400    0.487627E-07
   2.87600    0.466001E-07
   2.87800    0.445871E-07
   2.88000    0.427485E-07
   2.88200    0.410922E-07
   2.88400    0.396155E-07
   2.88600    0.383108E-07
   2.88800    0.371687E-07
   2.89000    0.361805E-07
   2.89200    0.353398E-07
   2.89400    0.346436E-07
   2.89600    0.340928E-07
   2.89800    0.336932E-07
   2.90000    0.334569E-07
   2.90200    0.334046E-07
   2.90400    0.335674E-07
   2.90600    0.339900E-07
   2.90800    0.347315E-07
   2.91000    0.358656E-07
   2.91200    0.374791E-07
   2.91400    0.396640E-07
   2.91600    0.425084E-07
   2.91800    0.460821E-07
   2.92000    0.504196E-07
   2.92200    0.555021E-07
   2.92400    0.612411E-07
   2.92600    0.674678E-07
   2.92800    0.739299E-07
   2.93000    0.803004E-07
   2.93200    0.861974E-07
   2.93400    0.912152E-07
   2.93600    0.949639E-07
   2.93800    0.971106E-07
   2.94000    0.974183E-07
   2.94200    0.957755E-07
   2.94400    0.922118E-07
   2.94600    0.868966E-07
   2.94800    0.801217E-07
   2.95000    0.722697E-07
   2.95200    0.637739E-07
   2.95400    0.550750E-07
   2.95600    0.465816E-07
   2.95800    0.386387E-07
   2.96000    0.315070E-07
   2.96200    0.253551E-07
   2.96400    0.202621E-07
   2.96600    0.162287E-07
   2.96800    0.131936E-07
   2.97000    0.110518E-07
   2.97200    0.967134E-08
   2.97400    0.890822E-08
   2.97600    0.861686E-08
   2.97800    0.865752E-08
   2.98000    0.890063E-08
   2.98200    0.922941E-08
   2.98400    0.954147E-08
   2.98600    0.975021E-08
   2.98800    0.978631E-08
   2.99000    0.959923E-08
   2.99200    0.915852E-08
   2.99400    0.845430E-08
   2.99600    0.749670E-08
   2.99800    0.631402E-08
   3.00000    0.494963E-08
   3.00200    0.345771E-08
   3.00400    0.189967E-08
   3.00600    0.338745E-09
   3.00800   -0.116466E-08
   3.01000   -0.255539E-08
   3.01200   -0.378679E-08
   3.01400   -0.482286E-08
   3.01600   -0.563968E-08
   3.01800   -0.622637E-08
   3.02000   -0.658545E-08
   3.02200   -0.673245E-08
   3.02400   -0.669489E-08
   3.02600   -0.651040E-08
   3.02800   -0.622396E-08
   3.03000   -0.588451E-08
   3.03200   -0.554099E-08
   3.03400   -0.523842E-08
   3.03600   -0.501426E-08
   3.03800   -0.489548E-08
   3.04000   -0.489672E-08
   3.04200   -0.501958E-08
   3.04400   -0.525307E-08
   3.04600   -0.557510E-08
   3.04800   -0.595482E-08
   3.05000   -0.635543E-08
   3.05200   -0.673748E-08
   3.05400   -0.706168E-08
   3.05600   -0.729226E-08
   3.05800   -0.739998E-08
   3.06000   -0.736413E-08
   3.06200   -0.717458E-08
   3.06400   -0.683282E-08
   3.06600   -0.635225E-08
   3.06800   -0.575737E-08
   3.07000   -0.508198E-08
   3.07200   -0.436642E-08
   3.07400   -0.365414E-08
   3.07600   -0.298780E-08
   3.07800   -0.240554E-08
   3.08000   -0.193776E-08
   3.08200   -0.160478E-08
   3.08400   -0.141578E-08
   3.08600   -0.136905E-08
   3.08800   -0.145336E-08
   3.09000   -0.165029E-08
   3.09200   -0.193707E-08
   3.09400   -0.228950E-08
   3.09600   -0.268450E-08
   3.09800   -0.310211E-08
   3.10000   -0.352656E-08
   3.10200   -0.394676E-08
   3.10400   -0.435570E-08
   3.10600   -0.474932E-08
   3.10800   -0.512651E-08
   3.11000   -0.548668E-08
   3.11200   -0.582946E-08
   3.11400   -0.615422E-08
   3.11600   -0.646010E-08
   3.11800   -0.674663E-08
   3.12000   -0.701468E-08
   3.12200   -0.726765E-08
   3.12400   -0.751271E-08
   3.12600   -0.776133E-08
   3.12800   -0.802944E-08
   3.13000   -0.833626E-08
   3.13200   -0.870226E-08
   3.13400   -0.914587E-08
   3.13600   -0.967953E-08
   3.13800   -0.103055E-07
   3.14000   -0.110119E-07
   3.14200   -0.117702E-07
   3.14400   -0.125342E-07
   3.14600   -0.132419E-07
   3.14800   -0.138188E-07
   3.15000   -0.141845E-07
   3.15200   -0.142601E-07
   3.15400   -0.139765E-07
   3.15600   -0.132815E-07
   3.15800   -0.121460E-07
   3.16000   -0.105661E-07
   3.16200   -0.856393E-08
   3.16400   -0.618392E-08
   3.16600   -0.348783E-08
   3.16800   -0.547942E-09
   3.17000    0.255974E-08
   3.17200    0.576163E-08
   3.17400    0.899105E-08
   3.17600    0.121910E-07
   3.17800    0.153150E-07
   3.18000    0.183267E-07
   3.18200    0.211989E-07
   3.18400    0.239112E-07
   3.18600    0.264490E-07
   3.18800    0.288017E-07
   3.19000    0.309621E-07
   3.19200    0.329250E-07
   3.19400    0.346876E-07
   3.19600    0.362485E-07
   3.19800    0.376079E-07
   3.20000    0.387678E-07
   3.20200    0.397321E-07
   3.20400    0.405071E-07
   3.20600    0.411024E-07
   3.20800    0.415315E-07
   3.21000    0.418125E-07
   3.21200    0.419685E-07
   3.21400    0.420269E-07
   3.21600    0.420196E-07
   3.21800    0.419803E-07
   3.22000    0.419436E-07
   3.22200    0.419423E-07
   3.22400    0.420051E-07
   3.22600    0.421537E-07
   3.22800    0.424009E-07
   3.23000    0.427512E-07
   3.23200    0.431979E-07
   3.23400    0.437255E-07
   3.23600    0.443110E-07
   3.23800    0.449280E-07
   3.24000    0.455496E-07
   3.24200    0.461535E-07
   3.24400    0.467265E-07
   3.24600    0.472683E-07
   3.24800    0.477946E-07
   3.25000    0.483386E-07
   3.25200    0.489490E-07
   3.25400    0.496879E-07
   3.25600    0.506238E-07
   3.25800    0.518255E-07
   3.26000    0.533519E-07
   3.26200    0.552439E-07
   3.26400    0.575145E-07
   3.26600    0.601409E-07
   3.26800    0.630583E-07
   3.27000    0.661556E-07
   3.27200    0.692747E-07
   3.27400    0.722140E-07
   3.27600    0.747356E-07
   3.27800    0.765794E-07
   3.28000    0.774808E-07
   3.28200    0.771937E-07
   3.28400    0.755162E-07
   3.28600    0.723161E-07
   3.28800    0.675521E-07
   3.29000    0.612884E-07
   3.29200    0.536989E-07
   3.29400    0.450590E-07
   3.29600    0.357255E-07
   3.29800    0.261066E-07
   3.30000    0.166253E-07
   3.30200    0.768178E-08
   3.30400   -0.380755E-09
   3.30600   -0.730173E-08
   3.30800   -0.129183E-07
   3.31000   -0.171684E-07
   3.31200   -0.200827E-07
   3.31400   -0.217681E-07
   3.31600   -0.223860E-07
   3.31800   -0.221292E-07
   3.32000   -0.211999E-07
   3.32200   -0.197927E-07
   3.32400   -0.180808E-07
   3.32600   -0.162093E-07
   3.32800   -0.142925E-07
   3.33000   -0.124144E-07
   3.33200   -0.106325E-07
   3.33400   -0.898251E-08
   3.33600   -0.748326E-08
   3.33800   -0.614141E-08
   3.34000   -0.495526E-08
   3.34200   -0.391811E-08
   3.34400   -0.301995E-08
   3.34600   -0.224874E-08
   3.34800   -0.159138E-08
   3.35000   -0.103364E-08
   3.35200   -0.561187E-09
   3.35400   -0.158884E-09
   3.35600    0.188251E-09
   3.35800    0.494937E-09
   3.36000    0.774029E-09
   3.36200    0.103695E-08
   3.36400    0.129244E-08
   3.36600    0.154627E-08
   3.36800    0.180097E-08
   3.37000    0.205615E-08
   3.37200    0.230882E-08
   3.37400    0.255414E-08
   3.37600    0.278617E-08
   3.37800    0.299875E-08
   3.38000    0.318615E-08
   3.38200    0.334364E-08
   3.38400    0.346777E-08
   3.38600    0.355648E-08
   3.38800    0.360905E-08
   3.39000    0.362588E-08
   3.39200    0.360827E-08
   3.39400    0.355826E-08
   3.39600    0.347847E-08
   3.39800    0.337199E-08
   3.40000    0.324239E-08
   3.40200    0.309373E-08
   3.40400    0.293053E-08
   3.40600    0.275761E-08
   3.40800    0.257989E-08
   3.41000    0.240201E-08
   3.41200    0.222773E-08
   3.41400    0.205947E-08
   3.41600    0.189774E-08
   3.41800    0.174089E-08
   3.42000    0.158505E-08
   3.42200    0.142456E-08
   3.42400    0.125273E-08
   3.42600    0.106285E-08
   3.42800    0.849351E-09
   3.43000    0.608897E-09
   3.43200    0.341016E-09
   3.43400    0.482995E-10
   3.43600   -0.264149E-09
   3.43800   -0.589705E-09
   3.44000   -0.921659E-09
   3.44200   -0.125482E-08
   3.44400   -0.158673E-08
   3.44600   -0.191853E-08
   3.44800   -0.225500E-08
   3.45000   -0.260383E-08
   3.45200   -0.297416E-08
   3.45400   -0.337480E-08
   3.45600   -0.381235E-08
   3.45800   -0.428962E-08
   3.46000   -0.480463E-08
   3.46200   -0.535055E-08
   3.46400   -0.591637E-08
   3.46600   -0.648845E-08
   3.46800   -0.705229E-08
   3.47000   -0.759447E-08
   3.47200   -0.810425E-08
   3.47400   -0.857459E-08
   3.47600   -0.900242E-08
   3.47800   -0.938802E-08
   3.48000   -0.973394E-08
   3.48200   -0.100433E-07
   3.48400   -0.103183E-07
   3.48600   -0.105582E-07
   3.48800   -0.107587E-07
   3.49000   -0.109106E-07
   3.49200   -0.109997E-07
   3.49400   -0.110069E-07
   3.49600   -0.109085E-07
   3.49800   -0.106775E-07
   3.50000   -0.102841E-07
   3.50200   -0.969736E-08
   3.50400   -0.888713E-08
   3.50600   -0.782559E-08
   3.50800   -0.648961E-08
   3.51000   -0.486276E-08
   3.51200   -0.293721E-08
   3.51400   -0.715008E-09
   3.51600    0.179099E-08
   3.51800    0.455778E-08
   3.52000    0.755326E-08
   3.52200    0.107381E-07
   3.52400    0.140686E-07
   3.52600    0.174992E-07
   3.52800    0.209849E-07
   3.53000    0.244842E-07
   3.53200    0.279604E-07
   3.53400    0.313835E-07
   3.53600    0.347296E-07
   3.53800    0.379847E-07
   3.54000    0.411365E-07
   3.54200    0.441890E-07
   3.54400    0.471500E-07
   3.54600    0.500369E-07
   3.54800    0.528758E-07
   3.55000    0.557016E-07
   3.55200    0.585566E-07
   3.55400    0.614898E-07
   3.55600    0.645538E-07
   3.55800    0.678002E-07
   3.56000    0.712737E-07
   3.56200    0.750028E-07
   3.56400    0.789881E-07
   3.56600    0.831880E-07
   3.56800    0.875027E-07
   3.57000    0.917583E-07
   3.57200    0.956944E-07
   3.57400    0.989578E-07
   3.57600    0.101107E-06
   3.57800    0.101632E-06
   3.58000    0.999875E-07
   3.58200    0.956462E-07
   3.58400    0.881610E-07
   3.58600    0.772349E-07
   3.58800    0.627861E-07
   3.59000    0.449966E-07
   3.59200    0.243355E-07
   3.59400    0.154774E-08
   3.59600   -0.223943E-07
   3.59800   -0.463724E-07
   3.60000   -0.692272E-07
   3.60200   -0.898728E-07
   3.60400   -0.107402E-06
   3.60600   -0.121172E-06
   3.60800   -0.130847E-06
   3.61000   -0.136413E-06
   3.61200   -0.138142E-06
   3.61400   -0.136534E-06
   3.61600   -0.132236E-06
   3.61800   -0.125956E-06
   3.62000   -0.118391E-06
   3.62200   -0.110163E-06
   3.62400   -0.101782E-06
   3.62600   -0.936285E-07
   3.62800   -0.859613E-07
   3.63000   -0.789292E-07
   3.63200   -0.725968E-07
   3.63400   -0.669691E-07
   3.63600   -0.620143E-07
   3.63800   -0.576802E-07
   3.64000   -0.539064E-07
   3.64200   -0.506294E-07
   3.64400   -0.477855E-07
   3.64600   -0.453114E-07
   3.64800   -0.431446E-07
   3.65000   -0.412239E-07
   3.65200   -0.394925E-07
   3.65400   -0.378999E-07
   3.65600   -0.364059E-07
   3.65800   -0.349817E-07
   3.66000   -0.336129E-07
   3.66200   -0.322935E-07
   3.66400   -0.310354E-07
   3.66600   -0.298501E-07
   3.66800   -0.287528E-07
   3.67000   -0.277562E-07
   3.67200   -0.268666E-07
   3.67400   -0.260817E-07
   3.67600   -0.253903E-07
   3.67800   -0.247735E-07
   3.68000   -0.242071E-07
   3.68200   -0.236654E-07
   3.68400   -0.231246E-07
   3.68600   -0.225665E-07
   3.68800   -0.219799E-07
   3.69000   -0.213626E-07
   3.69200   -0.207198E-07
   3.69400   -0.200637E-07
   3.69600   -0.194094E-07
   3.69800   -0.187733E-07
   3.70000   -0.181692E-07
   3.70200   -0.176070E-07
   3.70400   -0.170903E-07
   3.70600   -0.166171E-07
   3.70800   -0.161802E-07
   3.71000   -0.157694E-07
   3.71200   -0.153730E-07
   3.71400   -0.149807E-07
   3.71600   -0.145853E-07
   3.71800   -0.141841E-07
   3.72000   -0.137793E-07
   3.72200   -0.133779E-07
   3.72400   -0.129898E-07
   3.72600   -0.126267E-07
   3.72800   -0.122996E-07
   3.73000   -0.120168E-07
   3.73200   -0.117823E-07
   3.73400   -0.115944E-07
   3.73600   -0.114457E-07
   3.73800   -0.113232E-07
   3.74000   -0.112099E-07
   3.74200   -0.110866E-07
   3.74400   -0.109338E-07
   3.74600   -0.107347E-07
   3.74800   -0.104767E-07
   3.75000   -0.101534E-07
   3.75200   -0.976563E-08
   3.75400   -0.932140E-08
   3.75600   -0.883544E-08
   3.75800   -0.832769E-08
   3.76000   -0.782149E-08
   3.76200   -0.734121E-08
   3.76400   -0.690987E-08
   3.76600   -0.654694E-08
   3.76800   -0.626651E-08
   3.77000   -0.607590E-08
   3.77200   -0.597509E-08
   3.77400   -0.595670E-08
   3.77600   -0.600663E-08
   3.77800   -0.610535E-08
   3.78000   -0.622944E-08
   3.78200   -0.635362E-08
   3.78400   -0.645267E-08
   3.78600   -0.650349E-08
   3.78800   -0.648701E-08
   3.79000   -0.638953E-08
   3.79200   -0.620384E-08
   3.79400   -0.592965E-08
   3.79600   -0.557359E-08
   3.79800   -0.514845E-08
   3.80000   -0.467188E-08
   3.80200   -0.416455E-08
   3.80400   -0.364792E-08
   3.80600   -0.314182E-08
   3.80800   -0.266198E-08
   3.81000   -0.221793E-08
   3.81200   -0.181127E-08
   3.81400   -0.143474E-08
   3.81600   -0.107216E-08
   3.81800   -0.699389E-09
   3.82000   -0.286334E-09
   3.82200    0.200071E-09
   3.82400    0.792064E-09
   3.82600    0.151674E-08
   3.82800    0.239166E-08
   3.83000    0.342090E-08
   3.83200    0.459212E-08
   3.83400    0.587515E-08
   3.83600    0.722264E-08
   3.83800    0.857281E-08
   3.84000    0.985436E-08
   3.84200    0.109930E-07
   3.84400    0.119186E-07
   3.84600    0.125731E-07
   3.84800    0.129158E-07
   3.85000    0.129283E-07
   3.85200    0.126157E-07
   3.85400    0.120056E-07
   3.85600    0.111440E-07
   3.85800    0.100903E-07
   3.86000    0.890998E-08
   3.86200    0.766882E-08
   3.86400    0.642672E-08
   3.86600    0.523383E-08
   3.86800    0.412819E-08
   3.87000    0.313532E-08
   3.87200    0.226913E-08
   3.87400    0.153409E-08
   3.87600    0.927660E-09
   3.87800    0.442864E-09
   3.88000    0.704345E-10
   3.88200   -0.199643E-09
   3.88400   -0.377235E-09
   3.88600   -0.471785E-09
   3.88800   -0.492460E-09
   3.89000   -0.448587E-09
   3.89200   -0.350144E-09
   3.89400   -0.208131E-09
   3.89600   -0.347029E-10
   3.89800    0.156948E-09
   3.90000    0.353076E-09
   3.90200    0.540038E-09
   3.90400    0.705173E-09
   3.90600    0.837593E-09
   3.90800    0.929054E-09
   3.91000    0.974505E-09
   3.91200    0.972198E-09
   3.91400    0.923707E-09
   3.91600    0.833483E-09
   3.91800    0.708267E-09
   3.92000    0.556260E-09
   3.92200    0.386306E-09
   3.92400    0.207150E-09
   3.92600    0.268508E-10
   3.92800   -0.147582E-09
   3.93000   -0.310348E-09
   3.93200   -0.456805E-09
   3.93400   -0.583289E-09
   3.93600   -0.686907E-09
   3.93800   -0.765307E-09
   3.94000   -0.816565E-09
   3.94200   -0.839205E-09
   3.94400   -0.832361E-09
   3.94600   -0.796075E-09
   3.94800   -0.731657E-09
   3.95000   -0.642031E-09
   3.95200   -0.531975E-09
   3.95400   -0.408152E-09
   3.95600   -0.278886E-09
   3.95800   -0.153632E-09
   3.96000   -0.422049E-10
   3.96200    0.461632E-10
   3.96400    0.103808E-09
   3.96600    0.125518E-09
   3.96800    0.109144E-09
   3.97000    0.559040E-10
   3.97200   -0.297822E-10
   3.97400   -0.140785E-09
   3.97600   -0.268089E-09
   3.97800   -0.401778E-09
   3.98000   -0.532070E-09
   3.98200   -0.650223E-09
   3.98400   -0.749230E-09
   3.98600   -0.824235E-09
   3.98800   -0.872664E-09
   3.99000   -0.894095E-09
   3.99200   -0.889948E-09
   3.99400   -0.863056E-09
   3.99600   -0.817206E-09
   3.99800   -0.756701E-09
   4.00000   -0.685970E-09
