   0.00000    0.000000E+00
   0.00200    0.000000E+00
   0.00400    0.000000E+00
   0.00600    0.000000E+00
   0.00800    0.000000E+00
   0.01000    0.000000E+00
   0.01200    0.000000E+00
   0.01400    0.000000E+00
   0.01600    0.000000E+00
   0.01800    0.000000E+00
   0.02000    0.000000E+00
   0.02200    0.000000E+00
   0.02400    0.000000E+00
   0.02600   -0.175220E-10
   0.02800   -0.517141E-10
   0.03000   -0.111629E-09
   0.03200   -0.224069E-09
   0.03400   -0.436538E-09
   0.03600   -0.828550E-09
   0.03800   -0.153374E-08
   0.04000   -0.277025E-08
   0.04200   -0.488334E-08
   0.04400   -0.840184E-08
   0.04600   -0.141087E-07
   0.04800   -0.231234E-07
   0.05000   -0.369883E-07
   0.05200   -0.577482E-07
   0.05400   -0.879992E-07
   0.05600   -0.130886E-06
   0.05800   -0.190013E-06
   0.06000   -0.269254E-06
   0.06200   -0.372419E-06
   0.06400   -0.502806E-06
   0.06600   -0.662635E-06
   0.06800   -0.852436E-06
   0.07000   -0.107046E-05
   0.07200   -0.131222E-05
   0.07400   -0.157030E-05
   0.07600   -0.183443E-05
   0.07800   -0.209206E-05
   0.08000   -0.232920E-05
   0.08200   -0.253167E-05
   0.08400   -0.268645E-05
   0.08600   -0.278309E-05
   0.08800   -0.281482E-05
   0.09000   -0.277934E-05
   0.09200   -0.267908E-05
   0.09400   -0.252092E-05
   0.09600   -0.231532E-05
   0.09800   -0.207525E-05
   0.10000   -0.181474E-05
   0.10200   -0.154759E-05
   0.10400   -0.128617E-05
   0.10600   -0.104056E-05
   0.10800   -0.818091E-06
   0.11000   -0.623217E-06
   0.11200   -0.457743E-06
   0.11400   -0.321261E-06
   0.11600   -0.211708E-06
   0.11800   -0.125959E-06
   0.12000   -0.603601E-07
   0.12200   -0.111621E-07
   0.12400    0.251664E-07
   0.12600    0.517487E-07
   0.12800    0.712123E-07
   0.13000    0.856786E-07
   0.13200    0.968024E-07
   0.13400    0.105836E-06
   0.13600    0.113702E-06
   0.13800    0.121054E-06
   0.14000    0.128335E-06
   0.14200    0.135813E-06
   0.14400    0.143614E-06
   0.14600    0.151747E-06
   0.14800    0.160129E-06
   0.15000    0.168576E-06
   0.15200    0.176865E-06
   0.15400    0.184744E-06
   0.15600    0.191953E-06
   0.15800    0.198248E-06
   0.16000    0.203419E-06
   0.16200    0.207315E-06
   0.16400    0.209845E-06
   0.16600    0.210989E-06
   0.16800    0.210788E-06
   0.17000    0.209343E-06
   0.17200    0.206797E-06
   0.17400    0.203326E-06
   0.17600    0.199123E-06
   0.17800    0.194386E-06
   0.18000    0.189310E-06
   0.18200    0.184080E-06
   0.18400    0.178867E-06
   0.18600    0.173832E-06
   0.18800    0.169119E-06
   0.19000    0.164863E-06
   0.19200    0.161180E-06
   0.19400    0.158172E-06
   0.19600    0.155919E-06
   0.19800    0.154469E-06
   0.20000    0.153835E-06
   0.20200    0.153987E-06
   0.20400    0.154847E-06
   0.20600    0.156287E-06
   0.20800    0.158135E-06
   0.21000    0.160181E-06
   0.21200    0.162191E-06
   0.21400    0.163924E-06
   0.21600    0.165151E-06
   0.21800    0.165673E-06
   0.22000    0.165343E-06
   0.22200    0.164077E-06
   0.22400    0.161862E-06
   0.22600    0.158763E-06
   0.22800    0.154907E-06
   0.23000    0.150482E-06
   0.23200    0.145710E-06
   0.23400    0.140829E-06
   0.23600    0.136073E-06
   0.23800    0.131651E-06
   0.24000    0.127734E-06
   0.24200    0.124443E-06
   0.24400    0.121847E-06
   0.24600    0.119964E-06
   0.24800    0.118766E-06
   0.25000    0.118192E-06
   0.25200    0.118150E-06
   0.25400    0.118529E-06
   0.25600    0.119205E-06
   0.25800    0.120047E-06
   0.26000    0.120917E-06
   0.26200    0.121680E-06
   0.26400    0.122201E-06
   0.26600    0.122355E-06
   0.26800    0.122035E-06
   0.27000    0.121156E-06
   0.27200    0.119666E-06
   0.27400    0.117555E-06
   0.27600    0.114859E-06
   0.27800    0.111659E-06
   0.28000    0.108080E-06
   0.28200    0.104284E-06
   0.28400    0.100454E-06
   0.28600    0.967796E-07
   0.28800    0.934425E-07
   0.29000    0.905990E-07
   0.29200    0.883677E-07
   0.29400    0.868202E-07
   0.29600    0.859762E-07
   0.29800    0.858044E-07
   0.30000    0.862259E-07
   0.30200    0.871226E-07
   0.30400    0.883467E-07
   0.30600    0.897319E-07
   0.30800    0.911051E-07
   0.31000    0.922980E-07
   0.31200    0.931574E-07
   0.31400    0.935547E-07
   0.31600    0.933944E-07
   0.31800    0.926203E-07
   0.32000    0.912194E-07
   0.32200    0.892235E-07
   0.32400    0.867080E-07
   0.32600    0.837862E-07
   0.32800    0.806025E-07
   0.33000    0.773215E-07
   0.33200    0.741158E-07
   0.33400    0.711526E-07
   0.33600    0.685815E-07
   0.33800    0.665229E-07
   0.34000    0.650586E-07
   0.34200    0.642265E-07
   0.34400    0.640173E-07
   0.34600    0.643753E-07
   0.34800    0.652029E-07
   0.35000    0.663677E-07
   0.35200    0.677130E-07
   0.35400    0.690695E-07
   0.35600    0.702700E-07
   0.35800    0.711627E-07
   0.36000    0.716252E-07
   0.36200    0.715751E-07
   0.36400    0.709777E-07
   0.36600    0.698491E-07
   0.36800    0.682538E-07
   0.37000    0.662979E-07
   0.37200    0.641175E-07
   0.37400    0.618648E-07
   0.37600    0.596923E-07
   0.37800    0.577392E-07
   0.38000    0.561178E-07
   0.38200    0.549057E-07
   0.38400    0.541396E-07
   0.38600    0.538149E-07
   0.38800    0.538868E-07
   0.39000    0.542758E-07
   0.39200    0.548750E-07
   0.39400    0.555587E-07
   0.39600    0.561930E-07
   0.39800    0.566477E-07
   0.40000    0.568080E-07
   0.40200    0.565866E-07
   0.40400    0.559327E-07
   0.40600    0.548397E-07
   0.40800    0.533469E-07
   0.41000    0.515368E-07
   0.41200    0.495264E-07
   0.41400    0.474541E-07
   0.41600    0.454632E-07
   0.41800    0.436847E-07
   0.42000    0.422214E-07
   0.42200    0.411362E-07
   0.42400    0.404452E-07
   0.42600    0.401175E-07
   0.42800    0.400800E-07
   0.43000    0.402286E-07
   0.43200    0.404416E-07
   0.43400    0.405949E-07
   0.43600    0.405774E-07
   0.43800    0.403036E-07
   0.44000    0.397230E-07
   0.44200    0.388256E-07
   0.44400    0.376420E-07
   0.44600    0.362387E-07
   0.44800    0.347092E-07
   0.45000    0.331609E-07
   0.45200    0.317019E-07
   0.45400    0.304260E-07
   0.45600    0.294013E-07
   0.45800    0.286612E-07
   0.46000    0.282018E-07
   0.46200    0.279846E-07
   0.46400    0.279442E-07
   0.46600    0.279999E-07
   0.46800    0.280693E-07
   0.47000    0.280815E-07
   0.47200    0.279867E-07
   0.47400    0.277623E-07
   0.47600    0.274131E-07
   0.47800    0.269659E-07
   0.48000    0.264611E-07
   0.48200    0.259412E-07
   0.48400    0.254398E-07
   0.48600    0.249735E-07
   0.48800    0.245368E-07
   0.49000    0.241035E-07
   0.49200    0.236314E-07
   0.49400    0.230712E-07
   0.49600    0.223787E-07
   0.49800    0.215243E-07
   0.50000    0.205021E-07
   0.50200    0.193332E-07
   0.50400    0.180649E-07
   0.50600    0.167639E-07
   0.50800    0.155063E-07
   0.51000    0.143646E-07
   0.51200    0.133955E-07
   0.51400    0.126303E-07
   0.51600    0.120694E-07
   0.51800    0.116820E-07
   0.52000    0.114116E-07
   0.52200    0.111846E-07
   0.52400    0.109219E-07
   0.52600    0.105498E-07
   0.52800    0.100102E-07
   0.53000    0.926603E-08
   0.53200    0.830378E-08
   0.53400    0.713232E-08
   0.53600    0.577889E-08
   0.53800    0.428313E-08
   0.54000    0.269161E-08
   0.54200    0.105209E-08
   0.54400   -0.590672E-09
   0.54600   -0.219830E-08
   0.54800   -0.374053E-08
   0.55000   -0.519832E-08
   0.55200   -0.656377E-08
   0.55400   -0.784163E-08
   0.55600   -0.904952E-08
   0.55800   -0.102168E-07
   0.56000   -0.113794E-07
   0.56200   -0.125826E-07
   0.56400   -0.138706E-07
   0.56600   -0.152825E-07
   0.56800   -0.168530E-07
   0.57000   -0.186032E-07
   0.57200   -0.205457E-07
   0.57400   -0.226911E-07
   0.57600   -0.250401E-07
   0.57800   -0.275987E-07
   0.58000   -0.303770E-07
   0.58200   -0.333955E-07
   0.58400   -0.366853E-07
   0.58600   -0.402895E-07
   0.58800   -0.442598E-07
   0.59000   -0.486536E-07
   0.59200   -0.535270E-07
   0.59400   -0.589260E-07
   0.59600   -0.648758E-07
   0.59800   -0.713647E-07
   0.60000   -0.783268E-07
   0.60200   -0.856232E-07
   0.60400   -0.930235E-07
   0.60600   -0.100195E-06
   0.60800   -0.106702E-06
   0.61000   -0.112019E-06
   0.61200   -0.115564E-06
   0.61400   -0.116751E-06
   0.61600   -0.115056E-06
   0.61800   -0.110090E-06
   0.62000   -0.101668E-06
   0.62200   -0.898607E-07
   0.62400   -0.750177E-07
   0.62600   -0.577557E-07
   0.62800   -0.389062E-07
   0.63000   -0.194333E-07
   0.63200   -0.329355E-09
   0.63400    0.174936E-07
   0.63600    0.332980E-07
   0.63800    0.465895E-07
   0.64000    0.571465E-07
   0.64200    0.650109E-07
   0.64400    0.704449E-07
   0.64600    0.738632E-07
   0.64800    0.757559E-07
   0.65000    0.766138E-07
   0.65200    0.768701E-07
   0.65400    0.768606E-07
   0.65600    0.768085E-07
   0.65800    0.768278E-07
   0.66000    0.769428E-07
   0.66200    0.771141E-07
   0.66400    0.772684E-07
   0.66600    0.773231E-07
   0.66800    0.772069E-07
   0.67000    0.768712E-07
   0.67200    0.762970E-07
   0.67400    0.754921E-07
   0.67600    0.744886E-07
   0.67800    0.733354E-07
   0.68000    0.720903E-07
   0.68200    0.708108E-07
   0.68400    0.695532E-07
   0.68600    0.683602E-07
   0.68800    0.672612E-07
   0.69000    0.662726E-07
   0.69200    0.653924E-07
   0.69400    0.646073E-07
   0.69600    0.638963E-07
   0.69800    0.632245E-07
   0.70000    0.625599E-07
   0.70200    0.618707E-07
   0.70400    0.611327E-07
   0.70600    0.603311E-07
   0.70800    0.594634E-07
   0.71000    0.585383E-07
   0.71200    0.575745E-07
   0.71400    0.565970E-07
   0.71600    0.556334E-07
   0.71800    0.547100E-07
   0.72000    0.538473E-07
   0.72200    0.530591E-07
   0.72400    0.523514E-07
   0.72600    0.517237E-07
   0.72800    0.511711E-07
   0.73000    0.506875E-07
   0.73200    0.502676E-07
   0.73400    0.499083E-07
   0.73600    0.496098E-07
   0.73800    0.493738E-07
   0.74000    0.492019E-07
   0.74200    0.490929E-07
   0.74400    0.490409E-07
   0.74600    0.490340E-07
   0.74800    0.490537E-07
   0.75000    0.490773E-07
   0.75200    0.490799E-07
   0.75400    0.490384E-07
   0.75600    0.489349E-07
   0.75800    0.487605E-07
   0.76000    0.485166E-07
   0.76200    0.482153E-07
   0.76400    0.478784E-07
   0.76600    0.475337E-07
   0.76800    0.472112E-07
   0.77000    0.469386E-07
   0.77200    0.467364E-07
   0.77400    0.466149E-07
   0.77600    0.465720E-07
   0.77800    0.465929E-07
   0.78000    0.466519E-07
   0.78200    0.467157E-07
   0.78400    0.467476E-07
   0.78600    0.467132E-07
   0.78800    0.465849E-07
   0.79000    0.463467E-07
   0.79200    0.459970E-07
   0.79400    0.455498E-07
   0.79600    0.450332E-07
   0.79800    0.444870E-07
   0.80000    0.439568E-07
   0.80200    0.434889E-07
   0.80400    0.431235E-07
   0.80600    0.428894E-07
   0.80800    0.428000E-07
   0.81000    0.428511E-07
   0.81200    0.430212E-07
   0.81400    0.432745E-07
   0.81600    0.435649E-07
   0.81800    0.438416E-07
   0.82000    0.440554E-07
   0.82200    0.441643E-07
   0.82400    0.441378E-07
   0.82600    0.439606E-07
   0.82800    0.436336E-07
   0.83000    0.431740E-07
   0.83200    0.426127E-07
   0.83400    0.419918E-07
   0.83600    0.413596E-07
   0.83800    0.407662E-07
   0.84000    0.402581E-07
   0.84200    0.398741E-07
   0.84400    0.396414E-07
   0.84600    0.395731E-07
   0.84800    0.396671E-07
   0.85000    0.399065E-07
   0.85200    0.402615E-07
   0.85400    0.406921E-07
   0.85600    0.411525E-07
   0.85800    0.415955E-07
   0.86000    0.419764E-07
   0.86200    0.422580E-07
   0.86400    0.424131E-07
   0.86600    0.424275E-07
   0.86800    0.423007E-07
   0.87000    0.420454E-07
   0.87200    0.416861E-07
   0.87400    0.412560E-07
   0.87600    0.407931E-07
   0.87800    0.403362E-07
   0.88000    0.399205E-07
   0.88200    0.395741E-07
   0.88400    0.393158E-07
   0.88600    0.391530E-07
   0.88800    0.390831E-07
   0.89000    0.390942E-07
   0.89200    0.391680E-07
   0.89400    0.392831E-07
   0.89600    0.394179E-07
   0.89800    0.395532E-07
   0.90000    0.396741E-07
   0.90200    0.397705E-07
   0.90400    0.398368E-07
   0.90600    0.398711E-07
   0.90800    0.398738E-07
   0.91000    0.398459E-07
   0.91200    0.397886E-07
   0.91400    0.397019E-07
   0.91600    0.395856E-07
   0.91800    0.394389E-07
   0.92000    0.392618E-07
   0.92200    0.390554E-07
   0.92400    0.388229E-07
   0.92600    0.385697E-07
   0.92800    0.383032E-07
   0.93000    0.380325E-07
   0.93200    0.377670E-07
   0.93400    0.375157E-07
   0.93600    0.372861E-07
   0.93800    0.370833E-07
   0.94000    0.369095E-07
   0.94200    0.367637E-07
   0.94400    0.366422E-07
   0.94600    0.365388E-07
   0.94800    0.364460E-07
   0.95000    0.363557E-07
   0.95200    0.362601E-07
   0.95400    0.361526E-07
   0.95600    0.360283E-07
   0.95800    0.358844E-07
   0.96000    0.357200E-07
   0.96200    0.355368E-07
   0.96400    0.353378E-07
   0.96600    0.351279E-07
   0.96800    0.349130E-07
   0.97000    0.346999E-07
   0.97200    0.344957E-07
   0.97400    0.343080E-07
   0.97600    0.341443E-07
   0.97800    0.340118E-07
   0.98000    0.339179E-07
   0.98200    0.338690E-07
   0.98400    0.338709E-07
   0.98600    0.339275E-07
   0.98800    0.340402E-07
   0.99000    0.342068E-07
   0.99200    0.344203E-07
   0.99400    0.346684E-07
   0.99600    0.349332E-07
   0.99800    0.351917E-07
   1.00000    0.354175E-07
   1.00200    0.355830E-07
   1.00400    0.356627E-07
   1.00600    0.356362E-07
   1.00800    0.354915E-07
   1.01000    0.352278E-07
   1.01200    0.348564E-07
   1.01400    0.344007E-07
   1.01600    0.338948E-07
   1.01800    0.333803E-07
   1.02000    0.329019E-07
   1.02200    0.325030E-07
   1.02400    0.322204E-07
   1.02600    0.320802E-07
   1.02800    0.320950E-07
   1.03000    0.322618E-07
   1.03200    0.325624E-07
   1.03400    0.329653E-07
   1.03600    0.334292E-07
   1.03800    0.339069E-07
   1.04000    0.343511E-07
   1.04200    0.347189E-07
   1.04400    0.349765E-07
   1.04600    0.351023E-07
   1.04800    0.350891E-07
   1.05000    0.349443E-07
   1.05200    0.346885E-07
   1.05400    0.343530E-07
   1.05600    0.339757E-07
   1.05800    0.335968E-07
   1.06000    0.332542E-07
   1.06200    0.329787E-07
   1.06400    0.327913E-07
   1.06600    0.327005E-07
   1.06800    0.327016E-07
   1.07000    0.327781E-07
   1.07200    0.329039E-07
   1.07400    0.330472E-07
   1.07600    0.331750E-07
   1.07800    0.332579E-07
   1.08000    0.332740E-07
   1.08200    0.332123E-07
   1.08400    0.330736E-07
   1.08600    0.328712E-07
   1.08800    0.326279E-07
   1.09000    0.323732E-07
   1.09200    0.321386E-07
   1.09400    0.319530E-07
   1.09600    0.318381E-07
   1.09800    0.318056E-07
   1.10000    0.318545E-07
   1.10200    0.319717E-07
   1.10400    0.321333E-07
   1.10600    0.323080E-07
   1.10800    0.324611E-07
   1.11000    0.325598E-07
   1.11200    0.325777E-07
   1.11400    0.324987E-07
   1.11600    0.323196E-07
   1.11800    0.320511E-07
   1.12000    0.317164E-07
   1.12200    0.313490E-07
   1.12400    0.309882E-07
   1.12600    0.306744E-07
   1.12800    0.304439E-07
   1.13000    0.303241E-07
   1.13200    0.303303E-07
   1.13400    0.304634E-07
   1.13600    0.307098E-07
   1.13800    0.310430E-07
   1.14000    0.314271E-07
   1.14200    0.318210E-07
   1.14400    0.321836E-07
   1.14600    0.324788E-07
   1.14800    0.326799E-07
   1.15000    0.327726E-07
   1.15200    0.327559E-07
   1.15400    0.326422E-07
   1.15600    0.324549E-07
   1.15800    0.322247E-07
   1.16000    0.319854E-07
   1.16200    0.317691E-07
   1.16400    0.316024E-07
   1.16600    0.315029E-07
   1.16800    0.314776E-07
   1.17000    0.315225E-07
   1.17200    0.316238E-07
   1.17400    0.317608E-07
   1.17600    0.319087E-07
   1.17800    0.320426E-07
   1.18000    0.321411E-07
   1.18200    0.321886E-07
   1.18400    0.321776E-07
   1.18600    0.321092E-07
   1.18800    0.319922E-07
   1.19000    0.318413E-07
   1.19200    0.316752E-07
   1.19400    0.315126E-07
   1.19600    0.313703E-07
   1.19800    0.312598E-07
   1.20000    0.311864E-07
   1.20200    0.311479E-07
   1.20400    0.311358E-07
   1.20600    0.311365E-07
   1.20800    0.311339E-07
   1.21000    0.311126E-07
   1.21200    0.310600E-07
   1.21400    0.309690E-07
   1.21600    0.308395E-07
   1.21800    0.306778E-07
   1.22000    0.304960E-07
   1.22200    0.303099E-07
   1.22400    0.301358E-07
   1.22600    0.299878E-07
   1.22800    0.298750E-07
   1.23000    0.297998E-07
   1.23200    0.297572E-07
   1.23400    0.297350E-07
   1.23600    0.297168E-07
   1.23800    0.296842E-07
   1.24000    0.296208E-07
   1.24200    0.295157E-07
   1.24400    0.293666E-07
   1.24600    0.291812E-07
   1.24800    0.289776E-07
   1.25000    0.287825E-07
   1.25200    0.286277E-07
   1.25400    0.285460E-07
   1.25600    0.285659E-07
   1.25800    0.287068E-07
   1.26000    0.289753E-07
   1.26200    0.293631E-07
   1.26400    0.298468E-07
   1.26600    0.303900E-07
   1.26800    0.309473E-07
   1.27000    0.314698E-07
   1.27200    0.319112E-07
   1.27400    0.322337E-07
   1.27600    0.324126E-07
   1.27800    0.324396E-07
   1.28000    0.323236E-07
   1.28200    0.320887E-07
   1.28400    0.317713E-07
   1.28600    0.314140E-07
   1.28800    0.310597E-07
   1.29000    0.307459E-07
   1.29200    0.304994E-07
   1.29400    0.303327E-07
   1.29600    0.302433E-07
   1.29800    0.302152E-07
   1.30000    0.302215E-07
   1.30200    0.302302E-07
   1.30400    0.302096E-07
   1.30600    0.301336E-07
   1.30800    0.299868E-07
   1.31000    0.297663E-07
   1.31200    0.294828E-07
   1.31400    0.291586E-07
   1.31600    0.288238E-07
   1.31800    0.285114E-07
   1.32000    0.282521E-07
   1.32200    0.280691E-07
   1.32400    0.279750E-07
   1.32600    0.279700E-07
   1.32800    0.280423E-07
   1.33000    0.281708E-07
   1.33200    0.283292E-07
   1.33400    0.284906E-07
   1.33600    0.286325E-07
   1.33800    0.287407E-07
   1.34000    0.288113E-07
   1.34200    0.288512E-07
   1.34400    0.288755E-07
   1.34600    0.289041E-07
   1.34800    0.289565E-07
   1.35000    0.290472E-07
   1.35200    0.291804E-07
   1.35400    0.293483E-07
   1.35600    0.295302E-07
   1.35800    0.296947E-07
   1.36000    0.298043E-07
   1.36200    0.298216E-07
   1.36400    0.297156E-07
   1.36600    0.294683E-07
   1.36800    0.290787E-07
   1.37000    0.285653E-07
   1.37200    0.279640E-07
   1.37400    0.273246E-07
   1.37600    0.267036E-07
   1.37800    0.261564E-07
   1.38000    0.257291E-07
   1.38200    0.254515E-07
   1.38400    0.253332E-07
   1.38600    0.253619E-07
   1.38800    0.255060E-07
   1.39000    0.257199E-07
   1.39200    0.259509E-07
   1.39400    0.261483E-07
   1.39600    0.262703E-07
   1.39800    0.262903E-07
   1.40000    0.261999E-07
   1.40200    0.260089E-07
   1.40400    0.257416E-07
   1.40600    0.254316E-07
   1.40800    0.251145E-07
   1.41000    0.248206E-07
   1.41200    0.245691E-07
   1.41400    0.243645E-07
   1.41600    0.241962E-07
   1.41800    0.240405E-07
   1.42000    0.238662E-07
   1.42200    0.236408E-07
   1.42400    0.233377E-07
   1.42600    0.229420E-07
   1.42800    0.224545E-07
   1.43000    0.218923E-07
   1.43200    0.212867E-07
   1.43400    0.206785E-07
   1.43600    0.201112E-07
   1.43800    0.196241E-07
   1.44000    0.192458E-07
   1.44200    0.189897E-07
   1.44400    0.188525E-07
   1.44600    0.188148E-07
   1.44800    0.188451E-07
   1.45000    0.189046E-07
   1.45200    0.189539E-07
   1.45400    0.189578E-07
   1.45600    0.188904E-07
   1.45800    0.187363E-07
   1.46000    0.184913E-07
   1.46200    0.181602E-07
   1.46400    0.177534E-07
   1.46600    0.172842E-07
   1.46800    0.167651E-07
   1.47000    0.162063E-07
   1.47200    0.156155E-07
   1.47400    0.149994E-07
   1.47600    0.143660E-07
   1.47800    0.137266E-07
   1.48000    0.130984E-07
   1.48200    0.125046E-07
   1.48400    0.119727E-07
   1.48600    0.115320E-07
   1.48800    0.112080E-07
   1.49000    0.110177E-07
   1.49200    0.109650E-07
   1.49400    0.110377E-07
   1.49600    0.112068E-07
   1.49800    0.114297E-07
   1.50000    0.116546E-07
   1.50200    0.118276E-07
   1.50400    0.119007E-07
   1.50600    0.118380E-07
   1.50800    0.116212E-07
   1.51000    0.112515E-07
   1.51200    0.107485E-07
   1.51400    0.101470E-07
   1.51600    0.949101E-08
   1.51800    0.882750E-08
   1.52000    0.820049E-08
   1.52200    0.764622E-08
   1.52400    0.719049E-08
   1.52600    0.684799E-08
   1.52800    0.662330E-08
   1.53000    0.651319E-08
   1.53200    0.650911E-08
   1.53400    0.659965E-08
   1.53600    0.677206E-08
   1.53800    0.701302E-08
   1.54000    0.730858E-08
   1.54200    0.764376E-08
   1.54400    0.800218E-08
   1.54600    0.836638E-08
   1.54800    0.871882E-08
   1.55000    0.904366E-08
   1.55200    0.932909E-08
   1.55400    0.956969E-08
   1.55600    0.976827E-08
   1.55800    0.993652E-08
   1.56000    0.100942E-07
   1.56200    0.102667E-07
   1.56400    0.104815E-07
   1.56600    0.107637E-07
   1.56800    0.111317E-07
   1.57000    0.115938E-07
   1.57200    0.121465E-07
   1.57400    0.127749E-07
   1.57600    0.134549E-07
   1.57800    0.141573E-07
   1.58000    0.148531E-07
   1.58200    0.155181E-07
   1.58400    0.161378E-07
   1.58600    0.167093E-07
   1.58800    0.172422E-07
   1.59000    0.177567E-07
   1.59200    0.182803E-07
   1.59400    0.188433E-07
   1.59600    0.194734E-07
   1.59800    0.201915E-07
   1.60000    0.210091E-07
   1.60200    0.219259E-07
   1.60400    0.229312E-07
   1.60600    0.240054E-07
   1.60800    0.251232E-07
   1.61000    0.262578E-07
   1.61200    0.273839E-07
   1.61400    0.284811E-07
   1.61600    0.295355E-07
   1.61800    0.305402E-07
   1.62000    0.314954E-07
   1.62200    0.324069E-07
   1.62400    0.332847E-07
   1.62600    0.341413E-07
   1.62800    0.349901E-07
   1.63000    0.358436E-07
   1.63200    0.367125E-07
   1.63400    0.376041E-07
   1.63600    0.385214E-07
   1.63800    0.394627E-07
   1.64000    0.404207E-07
   1.64200    0.413835E-07
   1.64400    0.423359E-07
   1.64600    0.432612E-07
   1.64800    0.441438E-07
   1.65000    0.449725E-07
   1.65200    0.457424E-07
   1.65400    0.464561E-07
   1.65600    0.471238E-07
   1.65800    0.477612E-07
   1.66000    0.483866E-07
   1.66200    0.490169E-07
   1.66400    0.496637E-07
   1.66600    0.503309E-07
   1.66800    0.510131E-07
   1.67000    0.516970E-07
   1.67200    0.523635E-07
   1.67400    0.529918E-07
   1.67600    0.535637E-07
   1.67800    0.540670E-07
   1.68000    0.544978E-07
   1.68200    0.548611E-07
   1.68400    0.551684E-07
   1.68600    0.554357E-07
   1.68800    0.556788E-07
   1.69000    0.559099E-07
   1.69200    0.561354E-07
   1.69400    0.563544E-07
   1.69600    0.565592E-07
   1.69800    0.567379E-07
   1.70000    0.568770E-07
   1.70200    0.569646E-07
   1.70400    0.569934E-07
   1.70600    0.569621E-07
   1.70800    0.568762E-07
   1.71000    0.567471E-07
   1.71200    0.565903E-07
   1.71400    0.564239E-07
   1.71600    0.562651E-07
   1.71800    0.561291E-07
   1.72000    0.560267E-07
   1.72200    0.559632E-07
   1.72400    0.559378E-07
   1.72600    0.559436E-07
   1.72800    0.559679E-07
   1.73000    0.559931E-07
   1.73200    0.559985E-07
   1.73400    0.559621E-07
   1.73600    0.558629E-07
   1.73800    0.556835E-07
   1.74000    0.554125E-07
   1.74200    0.550465E-07
   1.74400    0.545910E-07
   1.74600    0.540610E-07
   1.74800    0.534798E-07
   1.75000    0.528769E-07
   1.75200    0.522859E-07
   1.75400    0.517409E-07
   1.75600    0.512731E-07
   1.75800    0.509079E-07
   1.76000    0.506625E-07
   1.76200    0.505437E-07
   1.76400    0.505467E-07
   1.76600    0.506559E-07
   1.76800    0.508450E-07
   1.77000    0.510797E-07
   1.77200    0.513206E-07
   1.77400    0.515268E-07
   1.77600    0.516603E-07
   1.77800    0.516899E-07
   1.78000    0.515950E-07
   1.78200    0.513675E-07
   1.78400    0.510130E-07
   1.78600    0.505495E-07
   1.78800    0.500054E-07
   1.79000    0.494152E-07
   1.79200    0.488159E-07
   1.79400    0.482421E-07
   1.79600    0.477224E-07
   1.79800    0.472772E-07
   1.80000    0.469168E-07
   1.80200    0.466418E-07
   1.80400    0.464441E-07
   1.80600    0.463087E-07
   1.80800    0.462161E-07
   1.81000    0.461450E-07
   1.81200    0.460748E-07
   1.81400    0.459877E-07
   1.81600    0.458708E-07
   1.81800    0.457171E-07
   1.82000    0.455262E-07
   1.82200    0.453042E-07
   1.82400    0.450628E-07
   1.82600    0.448175E-07
   1.82800    0.445859E-07
   1.83000    0.443852E-07
   1.83200    0.442304E-07
   1.83400    0.441322E-07
   1.83600    0.440963E-07
   1.83800    0.441229E-07
   1.84000    0.442074E-07
   1.84200    0.443414E-07
   1.84400    0.445144E-07
   1.84600    0.447155E-07
   1.84800    0.449347E-07
   1.85000    0.451645E-07
   1.85200    0.454002E-07
   1.85400    0.456401E-07
   1.85600    0.458856E-07
   1.85800    0.461397E-07
   1.86000    0.464066E-07
   1.86200    0.466907E-07
   1.86400    0.469954E-07
   1.86600    0.473234E-07
   1.86800    0.476759E-07
   1.87000    0.480525E-07
   1.87200    0.484522E-07
   1.87400    0.488733E-07
   1.87600    0.493145E-07
   1.87800    0.497744E-07
   1.88000    0.502526E-07
   1.88200    0.507496E-07
   1.88400    0.512670E-07
   1.88600    0.518079E-07
   1.88800    0.523778E-07
   1.89000    0.529861E-07
   1.89200    0.536474E-07
   1.89400    0.543874E-07
   1.89600    0.552390E-07
   1.89800    0.562535E-07
   1.90000    0.575063E-07
   1.90200    0.590931E-07
   1.90400    0.611373E-07
   1.90600    0.637880E-07
   1.90800    0.672164E-07
   1.91000    0.716091E-07
   1.91200    0.771555E-07
   1.91400    0.840318E-07
   1.91600    0.923805E-07
   1.91800    0.102286E-06
   1.92000    0.113749E-06
   1.92200    0.126657E-06
   1.92400    0.140756E-06
   1.92600    0.155626E-06
   1.92800    0.170658E-06
   1.93000    0.185045E-06
   1.93200    0.197783E-06
   1.93400    0.207700E-06
   1.93600    0.213506E-06
   1.93800    0.213879E-06
   1.94000    0.207574E-06
   1.94200    0.193560E-06
   1.94400    0.171155E-06
   1.94600    0.140166E-06
   1.94800    0.100974E-06
   1.95000    0.545841E-07
   1.95200    0.259849E-08
   1.95400   -0.528846E-07
   1.95600   -0.109433E-06
   1.95800   -0.164491E-06
   1.96000   -0.215607E-06
   1.96200   -0.260646E-06
   1.96400   -0.297962E-06
   1.96600   -0.326505E-06
   1.96800   -0.345851E-06
   1.97000   -0.356171E-06
   1.97200   -0.358129E-06
   1.97400   -0.352761E-06
   1.97600   -0.341328E-06
   1.97800   -0.325183E-06
   1.98000   -0.305656E-06
   1.98200   -0.283977E-06
   1.98400   -0.261219E-06
   1.98600   -0.238281E-06
   1.98800   -0.215878E-06
   1.99000   -0.194549E-06
   1.99200   -0.174676E-06
   1.99400   -0.156494E-06
   1.99600   -0.140107E-06
   1.99800   -0.125502E-06
   2.00000   -0.112563E-06
   2.00200   -0.101089E-06
   2.00400   -0.908092E-07
   2.00600   -0.814102E-07
   2.00800   -0.725626E-07
   2.01000   -0.639515E-07
   2.01200   -0.553068E-07
   2.01400   -0.464312E-07
   2.01600   -0.372235E-07
   2.01800   -0.276866E-07
   2.02000   -0.179367E-07
   2.02200   -0.819032E-08
   2.02400    0.126559E-08
   2.02600    0.100983E-07
   2.02800    0.179704E-07
   2.03000    0.245766E-07
   2.03200    0.296775E-07
   2.03400    0.331231E-07
   2.03600    0.348656E-07
   2.03800    0.349591E-07
   2.04000    0.335487E-07
   2.04200    0.308519E-07
   2.04400    0.271343E-07
   2.04600    0.226876E-07
   2.04800    0.178077E-07
   2.05000    0.127777E-07
   2.05200    0.785436E-08
   2.05400    0.325878E-08
   2.05600   -0.830293E-09
   2.05800   -0.428132E-08
   2.06000   -0.701340E-08
   2.06200   -0.899745E-08
   2.06400   -0.102549E-07
   2.06600   -0.108528E-07
   2.06800   -0.108959E-07
   2.07000   -0.105144E-07
   2.07200   -0.985007E-08
   2.07400   -0.904101E-08
   2.07600   -0.820810E-08
   2.07800   -0.744405E-08
   2.08000   -0.680719E-08
   2.08200   -0.632016E-08
   2.08400   -0.597369E-08
   2.08600   -0.573443E-08
   2.08800   -0.555518E-08
   2.09000   -0.538570E-08
   2.09200   -0.518262E-08
   2.09400   -0.491677E-08
   2.09600   -0.457724E-08
   2.09800   -0.417169E-08
   2.10000   -0.372471E-08
   2.10200   -0.327278E-08
   2.10400   -0.285654E-08
   2.10600   -0.251519E-08
   2.10800   -0.228023E-08
   2.11000   -0.217113E-08
   2.11200   -0.219259E-08
   2.11400   -0.233447E-08
   2.11600   -0.257413E-08
   2.11800   -0.288030E-08
   2.12000   -0.321763E-08
   2.12200   -0.355191E-08
   2.12400   -0.385474E-08
   2.12600   -0.410681E-08
   2.12800   -0.429969E-08
   2.13000   -0.443599E-08
   2.13200   -0.452789E-08
   2.13400   -0.459474E-08
   2.13600   -0.465994E-08
   2.13800   -0.474760E-08
   2.14000   -0.487951E-08
   2.14200   -0.507238E-08
   2.14400   -0.533588E-08
   2.14600   -0.567126E-08
   2.14800   -0.607093E-08
   2.15000   -0.651862E-08
   2.15200   -0.699044E-08
   2.15400   -0.745678E-08
   2.15600   -0.788459E-08
   2.15800   -0.824027E-08
   2.16000   -0.849268E-08
   2.16200   -0.861592E-08
   2.16400   -0.859193E-08
   2.16600   -0.841234E-08
   2.16800   -0.807938E-08
   2.17000   -0.760615E-08
   2.17200   -0.701565E-08
   2.17400   -0.633908E-08
   2.17600   -0.561333E-08
   2.17800   -0.487775E-08
   2.18000   -0.417074E-08
   2.18200   -0.352626E-08
   2.18400   -0.297072E-08
   2.18600   -0.252052E-08
   2.18800   -0.218052E-08
   2.19000   -0.194340E-08
   2.19200   -0.179023E-08
   2.19400   -0.169204E-08
   2.19600   -0.161211E-08
   2.19800   -0.150856E-08
   2.20000   -0.133796E-08
   2.20200   -0.105717E-08
   2.20400   -0.626191E-09
   2.20600   -0.103109E-10
   2.20800    0.818590E-09
   2.21000    0.188110E-08
   2.21200    0.318980E-08
   2.21400    0.474908E-08
   2.21600    0.655531E-08
   2.21800    0.859715E-08
   2.22000    0.108559E-07
   2.22200    0.133060E-07
   2.22400    0.159152E-07
   2.22600    0.186445E-07
   2.22800    0.214471E-07
   2.23000    0.242666E-07
   2.23200    0.270338E-07
   2.23400    0.296627E-07
   2.23600    0.320464E-07
   2.23800    0.340541E-07
   2.24000    0.355299E-07
   2.24200    0.362972E-07
   2.24400    0.361674E-07
   2.24600    0.349549E-07
   2.24800    0.324984E-07
   2.25000    0.286839E-07
   2.25200    0.234689E-07
   2.25400    0.169017E-07
   2.25600    0.913235E-08
   2.25800    0.412475E-09
   2.26000   -0.891818E-08
   2.26200   -0.184574E-07
   2.26400   -0.277754E-07
   2.26600   -0.364539E-07
   2.26800   -0.441249E-07
   2.27000   -0.505023E-07
   2.27200   -0.554035E-07
   2.27400   -0.587578E-07
   2.27600   -0.606022E-07
   2.27800   -0.610656E-07
   2.28000   -0.603459E-07
   2.28200   -0.586832E-07
   2.28400   -0.563328E-07
   2.28600   -0.535422E-07
   2.28800   -0.505326E-07
   2.29000   -0.474881E-07
   2.29200   -0.445497E-07
   2.29400   -0.418154E-07
   2.29600   -0.393439E-07
   2.29800   -0.371606E-07
   2.30000   -0.352653E-07
   2.30200   -0.336393E-07
   2.30400   -0.322520E-07
   2.30600   -0.310667E-07
   2.30800   -0.300449E-07
   2.31000   -0.291493E-07
   2.31200   -0.283460E-07
   2.31400   -0.276059E-07
   2.31600   -0.269049E-07
   2.31800   -0.262246E-07
   2.32000   -0.255515E-07
   2.32200   -0.248767E-07
   2.32400   -0.241962E-07
   2.32600   -0.235091E-07
   2.32800   -0.228172E-07
   2.33000   -0.221242E-07
   2.33200   -0.214350E-07
   2.33400   -0.207549E-07
   2.33600   -0.200890E-07
   2.33800   -0.194415E-07
   2.34000   -0.188160E-07
   2.34200   -0.182145E-07
   2.34400   -0.176383E-07
   2.34600   -0.170873E-07
   2.34800   -0.165611E-07
   2.35000   -0.160587E-07
   2.35200   -0.155791E-07
   2.35400   -0.151216E-07
   2.35600   -0.146858E-07
   2.35800   -0.142725E-07
   2.36000   -0.138830E-07
   2.36200   -0.135197E-07
   2.36400   -0.131856E-07
   2.36600   -0.128845E-07
   2.36800   -0.126204E-07
   2.37000   -0.123971E-07
   2.37200   -0.122178E-07
   2.37400   -0.120841E-07
   2.37600   -0.119960E-07
   2.37800   -0.119509E-07
   2.38000   -0.119437E-07
   2.38200   -0.119665E-07
   2.38400   -0.120092E-07
   2.38600   -0.120596E-07
   2.38800   -0.121048E-07
   2.39000   -0.121317E-07
   2.39200   -0.121283E-07
   2.39400   -0.120849E-07
   2.39600   -0.119940E-07
   2.39800   -0.118522E-07
   2.40000   -0.116591E-07
   2.40200   -0.114182E-07
   2.40400   -0.111362E-07
   2.40600   -0.108224E-07
   2.40800   -0.104878E-07
   2.41000   -0.101445E-07
   2.41200   -0.980433E-08
   2.41400   -0.947832E-08
   2.41600   -0.917546E-08
   2.41800   -0.890233E-08
   2.42000   -0.866265E-08
   2.42200   -0.845719E-08
   2.42400   -0.828398E-08
   2.42600   -0.813876E-08
   2.42800   -0.801554E-08
   2.43000   -0.790736E-08
   2.43200   -0.780694E-08
   2.43400   -0.770730E-08
   2.43600   -0.760224E-08
   2.43800   -0.748660E-08
   2.44000   -0.735644E-08
   2.44200   -0.720907E-08
   2.44400   -0.704294E-08
   2.44600   -0.685759E-08
   2.44800   -0.665358E-08
   2.45000   -0.643243E-08
   2.45200   -0.619656E-08
   2.45400   -0.594934E-08
   2.45600   -0.569504E-08
   2.45800   -0.543867E-08
   2.46000   -0.518578E-08
   2.46200   -0.494203E-08
   2.46400   -0.471276E-08
   2.46600   -0.450235E-08
   2.46800   -0.431370E-08
   2.47000   -0.414768E-08
   2.47200   -0.400293E-08
   2.47400   -0.387573E-08
   2.47600   -0.376028E-08
   2.47800   -0.364929E-08
   2.48000   -0.353466E-08
   2.48200   -0.340844E-08
   2.48400   -0.326366E-08
   2.48600   -0.309518E-08
   2.48800   -0.290025E-08
   2.49000   -0.267880E-08
   2.49200   -0.243345E-08
   2.49400   -0.216916E-08
   2.49600   -0.189266E-08
   2.49800   -0.161171E-08
   2.50000   -0.133420E-08
   2.50200   -0.106736E-08
   2.50400   -0.817006E-09
   2.50600   -0.586993E-09
   2.50800   -0.378914E-09
   2.51000   -0.192033E-09
   2.51200   -0.234649E-10
   2.51400    0.131459E-09
   2.51600    0.278701E-09
   2.51800    0.424981E-09
   2.52000    0.577220E-09
   2.52200    0.742053E-09
   2.52400    0.925401E-09
   2.52600    0.113207E-08
   2.52800    0.136541E-08
   2.53000    0.162719E-08
   2.53200    0.191724E-08
   2.53400    0.223351E-08
   2.53600    0.257211E-08
   2.53800    0.292755E-08
   2.54000    0.329320E-08
   2.54200    0.366199E-08
   2.54400    0.402708E-08
   2.54600    0.438270E-08
   2.54800    0.472476E-08
   2.55000    0.505133E-08
   2.55200    0.536273E-08
   2.55400    0.566138E-08
   2.55600    0.595131E-08
   2.55800    0.623746E-08
   2.56000    0.652492E-08
   2.56200    0.681814E-08
   2.56400    0.712035E-08
   2.56600    0.743305E-08
   2.56800    0.775587E-08
   2.57000    0.808660E-08
   2.57200    0.842139E-08
   2.57400    0.875527E-08
   2.57600    0.908271E-08
   2.57800    0.939826E-08
   2.58000    0.969720E-08
   2.58200    0.997607E-08
   2.58400    0.102331E-07
   2.58600    0.104683E-07
   2.58800    0.106831E-07
   2.59000    0.108804E-07
   2.59200    0.110633E-07
   2.59400    0.112346E-07
   2.59600    0.113960E-07
   2.59800    0.115479E-07
   2.60000    0.116886E-07
   2.60200    0.118151E-07
   2.60400    0.119233E-07
   2.60600    0.120085E-07
   2.60800    0.120669E-07
   2.61000    0.120959E-07
   2.61200    0.120946E-07
   2.61400    0.120644E-07
   2.61600    0.120087E-07
   2.61800    0.119326E-07
   2.62000    0.118423E-07
   2.62200    0.117444E-07
   2.62400    0.116452E-07
   2.62600    0.115503E-07
   2.62800    0.114642E-07
   2.63000    0.113900E-07
   2.63200    0.113290E-07
   2.63400    0.112814E-07
   2.63600    0.112459E-07
   2.63800    0.112200E-07
   2.64000    0.112002E-07
   2.64200    0.111825E-07
   2.64400    0.111626E-07
   2.64600    0.111360E-07
   2.64800    0.110993E-07
   2.65000    0.110496E-07
   2.65200    0.109856E-07
   2.65400    0.109074E-07
   2.65600    0.108165E-07
   2.65800    0.107157E-07
   2.66000    0.106082E-07
   2.66200    0.104976E-07
   2.66400    0.103866E-07
   2.66600    0.102764E-07
   2.66800    0.101670E-07
   2.67000    0.100563E-07
   2.67200    0.994063E-08
   2.67400    0.981568E-08
   2.67600    0.967677E-08
   2.67800    0.952004E-08
   2.68000    0.934317E-08
   2.68200    0.914602E-08
   2.68400    0.893093E-08
   2.68600    0.870266E-08
   2.68800    0.846799E-08
   2.69000    0.823500E-08
   2.69200    0.801213E-08
   2.69400    0.780711E-08
   2.69600    0.762601E-08
   2.69800    0.747237E-08
   2.70000    0.734679E-08
   2.70200    0.724679E-08
   2.70400    0.716715E-08
   2.70600    0.710072E-08
   2.70800    0.703940E-08
   2.71000    0.697535E-08
   2.71200    0.690200E-08
   2.71400    0.681490E-08
   2.71600    0.671201E-08
   2.71800    0.659358E-08
   2.72000    0.646154E-08
   2.72200    0.631860E-08
   2.72400    0.616726E-08
   2.72600    0.600899E-08
   2.72800    0.584369E-08
   2.73000    0.566971E-08
   2.73200    0.548427E-08
   2.73400    0.528424E-08
   2.73600    0.506710E-08
   2.73800    0.483184E-08
   2.74000    0.457946E-08
   2.74200    0.431308E-08
   2.74400    0.403749E-08
   2.74600    0.375826E-08
   2.74800    0.348062E-08
   2.75000    0.320826E-08
   2.75200    0.294242E-08
   2.75400    0.268147E-08
   2.75600    0.242100E-08
   2.75800    0.215456E-08
   2.76000    0.187472E-08
   2.76200    0.157449E-08
   2.76400    0.124842E-08
   2.76600    0.893500E-09
   2.76800    0.509538E-09
   2.77000    0.987009E-10
   2.77200   -0.335349E-09
   2.77400   -0.788745E-09
   2.77600   -0.125882E-08
   2.77800   -0.174553E-08
   2.78000   -0.225213E-08
   2.78200   -0.278571E-08
   2.78400   -0.335692E-08
   2.78600   -0.397911E-08
   2.78800   -0.466581E-08
   2.79000   -0.543330E-08
   2.79200   -0.629617E-08
   2.79400   -0.726831E-08
   2.79600   -0.836284E-08
   2.79800   -0.959306E-08
   2.80000   -0.109734E-07
   2.80200   -0.125207E-07
   2.80400   -0.142551E-07
   2.80600   -0.161997E-07
   2.80800   -0.183792E-07
   2.81000   -0.208158E-07
   2.81200   -0.235230E-07
   2.81400   -0.264972E-07
   2.81600   -0.297066E-07
   2.81800   -0.330800E-07
   2.82000   -0.364959E-07
   2.82200   -0.397745E-07
   2.82400   -0.426755E-07
   2.82600   -0.449036E-07
   2.82800   -0.461236E-07
   2.83000   -0.459860E-07
   2.83200   -0.441613E-07
   2.83400   -0.403801E-07
   2.83600   -0.344740E-07
   2.83800   -0.264114E-07
   2.84000   -0.163207E-07
   2.84200   -0.449675E-08
   2.84400    0.861243E-08
   2.84600    0.224397E-07
   2.84800    0.363489E-07
   2.85000    0.496945E-07
   2.85200    0.618834E-07
   2.85400    0.724285E-07
   2.85600    0.809888E-07
   2.85800    0.873894E-07
   2.86000    0.916212E-07
   2.86200    0.938221E-07
   2.86400    0.942444E-07
   2.86600    0.932138E-07
   2.86800    0.910887E-07
   2.87000    0.882221E-07
   2.87200    0.849330E-07
   2.87400    0.814869E-07
   2.87600    0.780873E-07
   2.87800    0.748744E-07
   2.88000    0.719319E-07
   2.88200    0.692964E-07
   2.88400    0.669691E-07
   2.88600    0.649273E-07
   2.88800    0.631348E-07
   2.89000    0.615504E-07
   2.89200    0.601336E-07
   2.89400    0.588497E-07
   2.89600    0.576711E-07
   2.89800    0.565788E-07
   2.90000    0.555620E-07
   2.90200    0.546163E-07
   2.90400    0.537423E-07
   2.90600    0.529436E-07
   2.90800    0.522246E-07
   2.91000    0.515884E-07
   2.91200    0.510381E-07
   2.91400    0.505727E-07
   2.91600    0.501886E-07
   2.91800    0.498795E-07
   2.92000    0.496366E-07
   2.92200    0.494490E-07
   2.92400    0.493039E-07
   2.92600    0.491873E-07
   2.92800    0.490843E-07
   2.93000    0.489796E-07
   2.93200    0.488587E-07
   2.93400    0.487081E-07
   2.93600    0.485171E-07
   2.93800    0.482778E-07
   2.94000    0.479863E-07
   2.94200    0.476432E-07
   2.94400    0.472532E-07
   2.94600    0.468247E-07
   2.94800    0.463689E-07
   2.95000    0.458988E-07
   2.95200    0.454275E-07
   2.95400    0.449670E-07
   2.95600    0.445273E-07
   2.95800    0.441150E-07
   2.96000    0.437336E-07
   2.96200    0.433824E-07
   2.96400    0.430572E-07
   2.96600    0.427508E-07
   2.96800    0.424534E-07
   2.97000    0.421540E-07
   2.97200    0.418414E-07
   2.97400    0.415055E-07
   2.97600    0.411387E-07
   2.97800    0.407366E-07
   2.98000    0.402993E-07
   2.98200    0.398314E-07
   2.98400    0.393417E-07
   2.98600    0.388428E-07
   2.98800    0.383491E-07
   2.99000    0.378760E-07
   2.99200    0.374377E-07
   2.99400    0.370460E-07
   2.99600    0.367086E-07
   2.99800    0.364286E-07
   3.00000    0.362046E-07
   3.00200    0.360304E-07
   3.00400    0.358964E-07
   3.00600    0.357905E-07
   3.00800    0.356994E-07
   3.01000    0.356096E-07
   3.01200    0.355091E-07
   3.01400    0.353877E-07
   3.01600    0.352382E-07
   3.01800    0.350564E-07
   3.02000    0.348416E-07
   3.02200    0.345964E-07
   3.02400    0.343264E-07
   3.02600    0.340395E-07
   3.02800    0.337457E-07
   3.03000    0.334554E-07
   3.03200    0.331792E-07
   3.03400    0.329265E-07
   3.03600    0.327046E-07
   3.03800    0.325183E-07
   3.04000    0.323696E-07
   3.04200    0.322573E-07
   3.04400    0.321775E-07
   3.04600    0.321243E-07
   3.04800    0.320897E-07
   3.05000    0.320649E-07
   3.05200    0.320407E-07
   3.05400    0.320078E-07
   3.05600    0.319577E-07
   3.05800    0.318828E-07
   3.06000    0.317770E-07
   3.06200    0.316361E-07
   3.06400    0.314580E-07
   3.06600    0.312435E-07
   3.06800    0.309960E-07
   3.07000    0.307216E-07
   3.07200    0.304292E-07
   3.07400    0.301296E-07
   3.07600    0.298350E-07
   3.07800    0.295577E-07
   3.08000    0.293099E-07
   3.08200    0.291019E-07
   3.08400    0.289418E-07
   3.08600    0.288343E-07
   3.08800    0.287809E-07
   3.09000    0.287792E-07
   3.09200    0.288233E-07
   3.09400    0.289039E-07
   3.09600    0.290092E-07
   3.09800    0.291251E-07
   3.10000    0.292370E-07
   3.10200    0.293299E-07
   3.10400    0.293901E-07
   3.10600    0.294059E-07
   3.10800    0.293686E-07
   3.11000    0.292734E-07
   3.11200    0.291198E-07
   3.11400    0.289114E-07
   3.11600    0.286565E-07
   3.11800    0.283668E-07
   3.12000    0.280566E-07
   3.12200    0.277420E-07
   3.12400    0.274389E-07
   3.12600    0.271622E-07
   3.12800    0.269237E-07
   3.13000    0.267315E-07
   3.13200    0.265884E-07
   3.13400    0.264918E-07
   3.13600    0.264331E-07
   3.13800    0.263978E-07
   3.14000    0.263658E-07
   3.14200    0.263125E-07
   3.14400    0.262097E-07
   3.14600    0.260279E-07
   3.14800    0.257381E-07
   3.15000    0.253153E-07
   3.15200    0.247412E-07
   3.15400    0.240079E-07
   3.15600    0.231203E-07
   3.15800    0.220985E-07
   3.16000    0.209777E-07
   3.16200    0.198078E-07
   3.16400    0.186494E-07
   3.16600    0.175692E-07
   3.16800    0.166340E-07
   3.17000    0.159037E-07
   3.17200    0.154254E-07
   3.17400    0.152283E-07
   3.17600    0.153210E-07
   3.17800    0.156909E-07
   3.18000    0.163060E-07
   3.18200    0.171191E-07
   3.18400    0.180724E-07
   3.18600    0.191033E-07
   3.18800    0.201499E-07
   3.19000    0.211551E-07
   3.19200    0.220702E-07
   3.19400    0.228555E-07
   3.19600    0.234826E-07
   3.19800    0.239336E-07
   3.20000    0.242005E-07
   3.20200    0.242847E-07
   3.20400    0.241969E-07
   3.20600    0.239570E-07
   3.20800    0.235933E-07
   3.21000    0.231434E-07
   3.21200    0.226534E-07
   3.21400    0.221772E-07
   3.21600    0.217754E-07
   3.21800    0.215130E-07
   3.22000    0.214561E-07
   3.22200    0.216686E-07
   3.22400    0.222067E-07
   3.22600    0.231137E-07
   3.22800    0.244135E-07
   3.23000    0.261043E-07
   3.23200    0.281524E-07
   3.23400    0.304874E-07
   3.23600    0.330003E-07
   3.23800    0.355443E-07
   3.24000    0.379415E-07
   3.24200    0.399937E-07
   3.24400    0.414985E-07
   3.24600    0.422691E-07
   3.24800    0.421556E-07
   3.25000    0.410643E-07
   3.25200    0.389726E-07
   3.25400    0.359365E-07
   3.25600    0.320883E-07
   3.25800    0.276253E-07
   3.26000    0.227890E-07
   3.26200    0.178400E-07
   3.26400    0.130300E-07
   3.26600    0.857641E-08
   3.26800    0.464257E-08
   3.27000    0.132627E-08
   3.27200   -0.134287E-08
   3.27400   -0.339728E-08
   3.27600   -0.491866E-08
   3.27800   -0.602098E-08
   3.28000   -0.683222E-08
   3.28200   -0.747723E-08
   3.28400   -0.806383E-08
   3.28600   -0.867317E-08
   3.28800   -0.935501E-08
   3.29000   -0.101274E-07
   3.29200   -0.109801E-07
   3.29400   -0.118811E-07
   3.29600   -0.127839E-07
   3.29800   -0.136363E-07
   3.30000   -0.143874E-07
   3.30200   -0.149944E-07
   3.30400   -0.154265E-07
   3.30600   -0.156675E-07
   3.30800   -0.157157E-07
   3.31000   -0.155825E-07
   3.31200   -0.152898E-07
   3.31400   -0.148671E-07
   3.31600   -0.143468E-07
   3.31800   -0.137629E-07
   3.32000   -0.131468E-07
   3.32200   -0.125265E-07
   3.32400   -0.119242E-07
   3.32600   -0.113574E-07
   3.32800   -0.108373E-07
   3.33000   -0.103697E-07
   3.33200   -0.995647E-08
   3.33400   -0.959540E-08
   3.33600   -0.928199E-08
   3.33800   -0.901030E-08
   3.34000   -0.877388E-08
   3.34200   -0.856680E-08
   3.34400   -0.838404E-08
   3.34600   -0.822177E-08
   3.34800   -0.807756E-08
   3.35000   -0.794996E-08
   3.35200   -0.783864E-08
   3.35400   -0.774354E-08
   3.35600   -0.766496E-08
   3.35800   -0.760321E-08
   3.36000   -0.755865E-08
   3.36200   -0.753165E-08
   3.36400   -0.752260E-08
   3.36600   -0.753204E-08
   3.36800   -0.756056E-08
   3.37000   -0.760857E-08
   3.37200   -0.767600E-08
   3.37400   -0.776191E-08
   3.37600   -0.786403E-08
   3.37800   -0.797847E-08
   3.38000   -0.809950E-08
   3.38200   -0.821973E-08
   3.38400   -0.833042E-08
   3.38600   -0.842218E-08
   3.38800   -0.848576E-08
   3.39000   -0.851299E-08
   3.39200   -0.849763E-08
   3.39400   -0.843606E-08
   3.39600   -0.832768E-08
   3.39800   -0.817504E-08
   3.40000   -0.798351E-08
   3.40200   -0.776080E-08
   3.40400   -0.751617E-08
   3.40600   -0.725956E-08
   3.40800   -0.700077E-08
   3.41000   -0.674876E-08
   3.41200   -0.651105E-08
   3.41400   -0.629349E-08
   3.41600   -0.610014E-08
   3.41800   -0.593335E-08
   3.42000   -0.579401E-08
   3.42200   -0.568186E-08
   3.42400   -0.559569E-08
   3.42600   -0.553369E-08
   3.42800   -0.549357E-08
   3.43000   -0.547276E-08
   3.43200   -0.546850E-08
   3.43400   -0.547799E-08
   3.43600   -0.549853E-08
   3.43800   -0.552772E-08
   3.44000   -0.556361E-08
   3.44200   -0.560489E-08
   3.44400   -0.565096E-08
   3.44600   -0.570199E-08
   3.44800   -0.575883E-08
   3.45000   -0.582281E-08
   3.45200   -0.589549E-08
   3.45400   -0.597834E-08
   3.45600   -0.607251E-08
   3.45800   -0.617851E-08
   3.46000   -0.629618E-08
   3.46200   -0.642460E-08
   3.46400   -0.656224E-08
   3.46600   -0.670714E-08
   3.46800   -0.685712E-08
   3.47000   -0.701003E-08
   3.47200   -0.716394E-08
   3.47400   -0.731720E-08
   3.47600   -0.746843E-08
   3.47800   -0.761644E-08
   3.48000   -0.775997E-08
   3.48200   -0.789754E-08
   3.48400   -0.802711E-08
   3.48600   -0.814592E-08
   3.48800   -0.825032E-08
   3.49000   -0.833562E-08
   3.49200   -0.839613E-08
   3.49400   -0.842512E-08
   3.49600   -0.841502E-08
   3.49800   -0.835750E-08
   3.50000   -0.824372E-08
   3.50200   -0.806467E-08
   3.50400   -0.781150E-08
   3.50600   -0.747606E-08
   3.50800   -0.705138E-08
   3.51000   -0.653228E-08
   3.51200   -0.591591E-08
   3.51400   -0.520223E-08
   3.51600   -0.439440E-08
   3.51800   -0.349885E-08
   3.52000   -0.252524E-08
   3.52200   -0.148609E-08
   3.52400   -0.396305E-09
   3.52600    0.727584E-09
   3.52800    0.186816E-08
   3.53000    0.300800E-08
   3.53200    0.413040E-08
   3.53400    0.522023E-08
   3.53600    0.626439E-08
   3.53800    0.725257E-08
   3.54000    0.817655E-08
   3.54200    0.903256E-08
   3.54400    0.981905E-08
   3.54600    0.105377E-07
   3.54800    0.111929E-07
   3.55000    0.117913E-07
   3.55200    0.123409E-07
   3.55400    0.128508E-07
   3.55600    0.133294E-07
   3.55800    0.137837E-07
   3.56000    0.142179E-07
   3.56200    0.146317E-07
   3.56400    0.150192E-07
   3.56600    0.153665E-07
   3.56800    0.156513E-07
   3.57000    0.158420E-07
   3.57200    0.158976E-07
   3.57400    0.157693E-07
   3.57600    0.154040E-07
   3.57800    0.147487E-07
   3.58000    0.137573E-07
   3.58200    0.123979E-07
   3.58400    0.106612E-07
   3.58600    0.856674E-08
   3.58800    0.616767E-08
   3.59000    0.355151E-08
   3.59200    0.836453E-09
   3.59400   -0.183699E-08
   3.59600   -0.431833E-08
   3.59800   -0.646195E-08
   3.60000   -0.814251E-08
   3.60200   -0.926837E-08
   3.60400   -0.979113E-08
   3.60600   -0.970979E-08
   3.60800   -0.906880E-08
   3.61000   -0.795079E-08
   3.61200   -0.646516E-08
   3.61400   -0.473445E-08
   3.61600   -0.288086E-08
   3.61800   -0.101459E-08
   3.62000    0.774483E-09
   3.62200    0.242123E-08
   3.62400    0.388599E-08
   3.62600    0.515200E-08
   3.62800    0.622096E-08
   3.63000    0.710747E-08
   3.63200    0.783368E-08
   3.63400    0.842473E-08
   3.63600    0.890549E-08
   3.63800    0.929866E-08
   3.64000    0.962395E-08
   3.64200    0.989823E-08
   3.64400    0.101360E-07
   3.64600    0.103500E-07
   3.64800    0.105516E-07
   3.65000    0.107507E-07
   3.65200    0.109555E-07
   3.65400    0.111719E-07
   3.65600    0.114030E-07
   3.65800    0.116486E-07
   3.66000    0.119053E-07
   3.66200    0.121669E-07
   3.66400    0.124243E-07
   3.66600    0.126682E-07
   3.66800    0.128893E-07
   3.67000    0.130797E-07
   3.67200    0.132343E-07
   3.67400    0.133515E-07
   3.67600    0.134331E-07
   3.67800    0.134846E-07
   3.68000    0.135139E-07
   3.68200    0.135312E-07
   3.68400    0.135472E-07
   3.68600    0.135721E-07
   3.68800    0.136147E-07
   3.69000    0.136810E-07
   3.69200    0.137745E-07
   3.69400    0.138951E-07
   3.69600    0.140398E-07
   3.69800    0.142027E-07
   3.70000    0.143764E-07
   3.70200    0.145525E-07
   3.70400    0.147229E-07
   3.70600    0.148809E-07
   3.70800    0.150222E-07
   3.71000    0.151452E-07
   3.71200    0.152512E-07
   3.71400    0.153446E-07
   3.71600    0.154314E-07
   3.71800    0.155188E-07
   3.72000    0.156137E-07
   3.72200    0.157213E-07
   3.72400    0.158446E-07
   3.72600    0.159836E-07
   3.72800    0.161352E-07
   3.73000    0.162935E-07
   3.73200    0.164509E-07
   3.73400    0.165993E-07
   3.73600    0.167309E-07
   3.73800    0.168401E-07
   3.74000    0.169236E-07
   3.74200    0.169815E-07
   3.74400    0.170168E-07
   3.74600    0.170350E-07
   3.74800    0.170434E-07
   3.75000    0.170495E-07
   3.75200    0.170603E-07
   3.75400    0.170812E-07
   3.75600    0.171148E-07
   3.75800    0.171611E-07
   3.76000    0.172169E-07
   3.76200    0.172768E-07
   3.76400    0.173336E-07
   3.76600    0.173794E-07
   3.76800    0.174065E-07
   3.77000    0.174087E-07
   3.77200    0.173818E-07
   3.77400    0.173243E-07
   3.77600    0.172378E-07
   3.77800    0.171265E-07
   3.78000    0.169969E-07
   3.78200    0.168574E-07
   3.78400    0.167170E-07
   3.78600    0.165846E-07
   3.78800    0.164684E-07
   3.79000    0.163750E-07
   3.79200    0.163092E-07
   3.79400    0.162736E-07
   3.79600    0.162690E-07
   3.79800    0.162940E-07
   3.80000    0.163460E-07
   3.80200    0.164208E-07
   3.80400    0.165137E-07
   3.80600    0.166194E-07
   3.80800    0.167331E-07
   3.81000    0.168509E-07
   3.81200    0.169706E-07
   3.81400    0.170927E-07
   3.81600    0.172209E-07
   3.81800    0.173625E-07
   3.82000    0.175280E-07
   3.82200    0.177308E-07
   3.82400    0.179847E-07
   3.82600    0.183023E-07
   3.82800    0.186920E-07
   3.83000    0.191552E-07
   3.83200    0.196839E-07
   3.83400    0.202596E-07
   3.83600    0.208533E-07
   3.83800    0.214269E-07
   3.84000    0.219369E-07
   3.84200    0.223385E-07
   3.84400    0.225904E-07
   3.84600    0.226603E-07
   3.84800    0.225277E-07
   3.85000    0.221873E-07
   3.85200    0.216485E-07
   3.85400    0.209344E-07
   3.85600    0.200788E-07
   3.85800    0.191218E-07
   3.86000    0.181057E-07
   3.86200    0.170706E-07
   3.86400    0.160516E-07
   3.86600    0.150764E-07
   3.86800    0.141643E-07
   3.87000    0.133267E-07
   3.87200    0.125676E-07
   3.87400    0.118852E-07
   3.87600    0.112733E-07
   3.87800    0.107229E-07
   3.88000    0.102234E-07
   3.88200    0.976326E-08
   3.88400    0.933109E-08
   3.88600    0.891604E-08
   3.88800    0.850820E-08
   3.89000    0.809897E-08
   3.89200    0.768139E-08
   3.89400    0.725041E-08
   3.89600    0.680322E-08
   3.89800    0.633938E-08
   3.90000    0.586100E-08
   3.90200    0.537261E-08
   3.90400    0.488098E-08
   3.90600    0.439477E-08
   3.90800    0.392391E-08
   3.91000    0.347911E-08
   3.91200    0.307092E-08
   3.91400    0.270909E-08
   3.91600    0.240183E-08
   3.91800    0.215517E-08
   3.92000    0.197247E-08
   3.92200    0.185401E-08
   3.92400    0.179689E-08
   3.92600    0.179512E-08
   3.92800    0.183992E-08
   3.93000    0.192038E-08
   3.93200    0.202430E-08
   3.93400    0.213921E-08
   3.93600    0.225343E-08
   3.93800    0.235715E-08
   3.94000    0.244317E-08
   3.94200    0.250755E-08
   3.94400    0.254963E-08
   3.94600    0.257181E-08
   3.94800    0.257877E-08
   3.95000    0.257652E-08
   3.95200    0.257132E-08
   3.95400    0.256867E-08
   3.95600    0.257260E-08
   3.95800    0.258531E-08
   3.96000    0.260726E-08
   3.96200    0.263769E-08
   3.96400    0.267527E-08
   3.96600    0.271880E-08
   3.96800    0.276783E-08
   3.97000    0.282276E-08
   3.97200    0.288466E-08
   3.97400    0.295468E-08
   3.97600    0.303318E-08
   3.97800    0.311895E-08
   3.98000    0.320852E-08
   3.98200    0.329602E-08
   3.98400    0.337341E-08
   3.98600    0.343130E-08
   3.98800    0.346002E-08
   3.99000    0.345093E-08
   3.99200    0.339761E-08
   3.99400    0.329668E-08
   3.99600    0.314836E-08
   3.99800    0.295636E-08
   4.00000    0.272754E-08
