   0.00000    0.000000E+00
   0.00200    0.000000E+00
   0.00400    0.000000E+00
   0.00600    0.000000E+00
   0.00800    0.000000E+00
   0.01000    0.000000E+00
   0.01200    0.000000E+00
   0.01400    0.000000E+00
   0.01600    0.000000E+00
   0.01800    0.000000E+00
   0.02000    0.000000E+00
   0.02200    0.000000E+00
   0.02400    0.000000E+00
   0.02600    0.144048E-10
   0.02800    0.423958E-10
   0.03000    0.909081E-10
   0.03200    0.181980E-09
   0.03400    0.353892E-09
   0.03600    0.670734E-09
   0.03800    0.124013E-08
   0.04000    0.223761E-08
   0.04200    0.394051E-08
   0.04400    0.677266E-08
   0.04600    0.113603E-07
   0.04800    0.185969E-07
   0.05000    0.297097E-07
   0.05200    0.463208E-07
   0.05400    0.704814E-07
   0.05600    0.104663E-06
   0.05800    0.151681E-06
   0.06000    0.214532E-06
   0.06200    0.296121E-06
   0.06400    0.398898E-06
   0.06600    0.524407E-06
   0.06800    0.672801E-06
   0.07000    0.842383E-06
   0.07200    0.102928E-05
   0.07400    0.122728E-05
   0.07600    0.142802E-05
   0.07800    0.162139E-05
   0.08000    0.179634E-05
   0.08200    0.194183E-05
   0.08400    0.204799E-05
   0.08600    0.210717E-05
   0.08800    0.211482E-05
   0.09000    0.207008E-05
   0.09200    0.197580E-05
   0.09400    0.183827E-05
   0.09600    0.166643E-05
   0.09800    0.147087E-05
   0.10000    0.126268E-05
   0.10200    0.105235E-05
   0.10400    0.848878E-06
   0.10600    0.659184E-06
   0.10800    0.487863E-06
   0.11000    0.337257E-06
   0.11200    0.207792E-06
   0.11400    0.984780E-07
   0.11600    0.746079E-08
   0.11800   -0.674648E-07
   0.12000   -0.128453E-06
   0.12200   -0.177352E-06
   0.12400   -0.215595E-06
   0.12600   -0.244228E-06
   0.12800   -0.264017E-06
   0.13000   -0.275592E-06
   0.13200   -0.279599E-06
   0.13400   -0.276798E-06
   0.13600   -0.268121E-06
   0.13800   -0.254663E-06
   0.14000   -0.237635E-06
   0.14200   -0.218277E-06
   0.14400   -0.197783E-06
   0.14600   -0.177217E-06
   0.14800   -0.157475E-06
   0.15000   -0.139238E-06
   0.15200   -0.123008E-06
   0.15400   -0.109128E-06
   0.15600   -0.978096E-07
   0.15800   -0.891685E-07
   0.16000   -0.832500E-07
   0.16200   -0.800388E-07
   0.16400   -0.794531E-07
   0.16600   -0.813287E-07
   0.16800   -0.854002E-07
   0.17000   -0.912872E-07
   0.17200   -0.984932E-07
   0.17400   -0.106423E-06
   0.17600   -0.114415E-06
   0.17800   -0.121799E-06
   0.18000   -0.127948E-06
   0.18200   -0.132342E-06
   0.18400   -0.134615E-06
   0.18600   -0.134591E-06
   0.18800   -0.132286E-06
   0.19000   -0.127897E-06
   0.19200   -0.121762E-06
   0.19400   -0.114314E-06
   0.19600   -0.106027E-06
   0.19800   -0.973616E-07
   0.20000   -0.887287E-07
   0.20200   -0.804644E-07
   0.20400   -0.728234E-07
   0.20600   -0.659872E-07
   0.20800   -0.600829E-07
   0.21000   -0.552059E-07
   0.21200   -0.514391E-07
   0.21400   -0.488658E-07
   0.21600   -0.475692E-07
   0.21800   -0.476220E-07
   0.22000   -0.490655E-07
   0.22200   -0.518846E-07
   0.22400   -0.559849E-07
   0.22600   -0.611761E-07
   0.22800   -0.671700E-07
   0.23000   -0.735920E-07
   0.23200   -0.800080E-07
   0.23400   -0.859624E-07
   0.23600   -0.910226E-07
   0.23800   -0.948216E-07
   0.24000   -0.970957E-07
   0.24200   -0.977058E-07
   0.24400   -0.966474E-07
   0.24600   -0.940423E-07
   0.24800   -0.901183E-07
   0.25000   -0.851790E-07
   0.25200   -0.795703E-07
   0.25400   -0.736474E-07
   0.25600   -0.677476E-07
   0.25800   -0.621715E-07
   0.26000   -0.571722E-07
   0.26200   -0.529527E-07
   0.26400   -0.496675E-07
   0.26600   -0.474273E-07
   0.26800   -0.463021E-07
   0.27000   -0.463220E-07
   0.27200   -0.474744E-07
   0.27400   -0.496983E-07
   0.27600   -0.528789E-07
   0.27800   -0.568434E-07
   0.28000   -0.613616E-07
   0.28200   -0.661531E-07
   0.28400   -0.709020E-07
   0.28600   -0.752782E-07
   0.28800   -0.789632E-07
   0.29000   -0.816778E-07
   0.29200   -0.832084E-07
   0.29400   -0.834277E-07
   0.29600   -0.823082E-07
   0.29800   -0.799258E-07
   0.30000   -0.764543E-07
   0.30200   -0.721505E-07
   0.30400   -0.673328E-07
   0.30600   -0.623543E-07
   0.30800   -0.575739E-07
   0.31000   -0.533282E-07
   0.31200   -0.499060E-07
   0.31400   -0.475276E-07
   0.31600   -0.463304E-07
   0.31800   -0.463609E-07
   0.32000   -0.475749E-07
   0.32200   -0.498436E-07
   0.32400   -0.529652E-07
   0.32600   -0.566839E-07
   0.32800   -0.607077E-07
   0.33000   -0.647317E-07
   0.33200   -0.684591E-07
   0.33400   -0.716208E-07
   0.33600   -0.739932E-07
   0.33800   -0.754113E-07
   0.34000   -0.757785E-07
   0.34200   -0.750724E-07
   0.34400   -0.733458E-07
   0.34600   -0.707244E-07
   0.34800   -0.673991E-07
   0.35000   -0.636138E-07
   0.35200   -0.596486E-07
   0.35400   -0.557988E-07
   0.35600   -0.523502E-07
   0.35800   -0.495540E-07
   0.36000   -0.476027E-07
   0.36200   -0.466105E-07
   0.36400   -0.466011E-07
   0.36600   -0.475051E-07
   0.36800   -0.491678E-07
   0.37000   -0.513667E-07
   0.37200   -0.538369E-07
   0.37400   -0.563005E-07
   0.37600   -0.584959E-07
   0.37800   -0.602034E-07
   0.38000   -0.612648E-07
   0.38200   -0.615933E-07
   0.38400   -0.611764E-07
   0.38600   -0.600707E-07
   0.38800   -0.583920E-07
   0.39000   -0.563029E-07
   0.39200   -0.539969E-07
   0.39400   -0.516847E-07
   0.39600   -0.495786E-07
   0.39800   -0.478763E-07
   0.40000   -0.467450E-07
   0.40200   -0.463063E-07
   0.40400   -0.466219E-07
   0.40600   -0.476833E-07
   0.40800   -0.494094E-07
   0.41000   -0.516500E-07
   0.41200   -0.542003E-07
   0.41400   -0.568221E-07
   0.41600   -0.592715E-07
   0.41800   -0.613284E-07
   0.42000   -0.628228E-07
   0.42200   -0.636554E-07
   0.42400   -0.638079E-07
   0.42600   -0.633427E-07
   0.42800   -0.623933E-07
   0.43000   -0.611428E-07
   0.43200   -0.598001E-07
   0.43400   -0.585730E-07
   0.43600   -0.576426E-07
   0.43800   -0.571427E-07
   0.44000   -0.571460E-07
   0.44200   -0.576575E-07
   0.44400   -0.586167E-07
   0.44600   -0.599076E-07
   0.44800   -0.613741E-07
   0.45000   -0.628425E-07
   0.45200   -0.641423E-07
   0.45400   -0.651292E-07
   0.45600   -0.657027E-07
   0.45800   -0.658181E-07
   0.46000   -0.654893E-07
   0.46200   -0.647844E-07
   0.46400   -0.638115E-07
   0.46600   -0.627008E-07
   0.46800   -0.615827E-07
   0.47000   -0.605678E-07
   0.47200   -0.597317E-07
   0.47400   -0.591064E-07
   0.47600   -0.586805E-07
   0.47800   -0.584074E-07
   0.48000   -0.582193E-07
   0.48200   -0.580448E-07
   0.48400   -0.578258E-07
   0.48600   -0.575314E-07
   0.48800   -0.571646E-07
   0.49000   -0.567629E-07
   0.49200   -0.563907E-07
   0.49400   -0.561265E-07
   0.49600   -0.560457E-07
   0.49800   -0.562052E-07
   0.50000   -0.566296E-07
   0.50200   -0.573041E-07
   0.50400   -0.581736E-07
   0.50600   -0.591509E-07
   0.50800   -0.601291E-07
   0.51000   -0.609992E-07
   0.51200   -0.616674E-07
   0.51400   -0.620697E-07
   0.51600   -0.621807E-07
   0.51800   -0.620161E-07
   0.52000   -0.616279E-07
   0.52200   -0.610936E-07
   0.52400   -0.605026E-07
   0.52600   -0.599421E-07
   0.52800   -0.594849E-07
   0.53000   -0.591818E-07
   0.53200   -0.590584E-07
   0.53400   -0.591167E-07
   0.53600   -0.593393E-07
   0.53800   -0.596959E-07
   0.54000   -0.601474E-07
   0.54200   -0.606520E-07
   0.54400   -0.611669E-07
   0.54600   -0.616497E-07
   0.54800   -0.620604E-07
   0.55000   -0.623611E-07
   0.55200   -0.625212E-07
   0.55400   -0.625198E-07
   0.55600   -0.623512E-07
   0.55800   -0.620279E-07
   0.56000   -0.615836E-07
   0.56200   -0.610728E-07
   0.56400   -0.605682E-07
   0.56600   -0.601538E-07
   0.56800   -0.599191E-07
   0.57000   -0.599495E-07
   0.57200   -0.603196E-07
   0.57400   -0.610888E-07
   0.57600   -0.622931E-07
   0.57800   -0.639470E-07
   0.58000   -0.660397E-07
   0.58200   -0.685382E-07
   0.58400   -0.713873E-07
   0.58600   -0.745138E-07
   0.58800   -0.778291E-07
   0.59000   -0.812336E-07
   0.59200   -0.846219E-07
   0.59400   -0.878880E-07
   0.59600   -0.909300E-07
   0.59800   -0.936549E-07
   0.60000   -0.959812E-07
   0.60200   -0.978392E-07
   0.60400   -0.991708E-07
   0.60600   -0.999268E-07
   0.60800   -0.100065E-06
   0.61000   -0.995480E-07
   0.61200   -0.983464E-07
   0.61400   -0.964411E-07
   0.61600   -0.938311E-07
   0.61800   -0.905430E-07
   0.62000   -0.866386E-07
   0.62200   -0.822215E-07
   0.62400   -0.774370E-07
   0.62600   -0.724659E-07
   0.62800   -0.675108E-07
   0.63000   -0.627770E-07
   0.63200   -0.584498E-07
   0.63400   -0.546731E-07
   0.63600   -0.515340E-07
   0.63800   -0.490535E-07
   0.64000   -0.471877E-07
   0.64200   -0.458394E-07
   0.64400   -0.448752E-07
   0.64600   -0.441481E-07
   0.64800   -0.435186E-07
   0.65000   -0.428736E-07
   0.65200   -0.421370E-07
   0.65400   -0.412754E-07
   0.65600   -0.402948E-07
   0.65800   -0.392322E-07
   0.66000   -0.381445E-07
   0.66200   -0.370973E-07
   0.66400   -0.361513E-07
   0.66600   -0.353562E-07
   0.66800   -0.347440E-07
   0.67000   -0.343278E-07
   0.67200   -0.341026E-07
   0.67400   -0.340478E-07
   0.67600   -0.341322E-07
   0.67800   -0.343183E-07
   0.68000   -0.345677E-07
   0.68200   -0.348448E-07
   0.68400   -0.351201E-07
   0.68600   -0.353734E-07
   0.68800   -0.355947E-07
   0.69000   -0.357836E-07
   0.69200   -0.359498E-07
   0.69400   -0.361094E-07
   0.69600   -0.362822E-07
   0.69800   -0.364913E-07
   0.70000   -0.367562E-07
   0.70200   -0.370923E-07
   0.70400   -0.375076E-07
   0.70600   -0.380020E-07
   0.70800   -0.385666E-07
   0.71000   -0.391852E-07
   0.71200   -0.398355E-07
   0.71400   -0.404926E-07
   0.71600   -0.411308E-07
   0.71800   -0.417273E-07
   0.72000   -0.422640E-07
   0.72200   -0.427289E-07
   0.72400   -0.431169E-07
   0.72600   -0.434292E-07
   0.72800   -0.436725E-07
   0.73000   -0.438570E-07
   0.73200   -0.439952E-07
   0.73400   -0.441001E-07
   0.73600   -0.441837E-07
   0.73800   -0.442574E-07
   0.74000   -0.443306E-07
   0.74200   -0.444118E-07
   0.74400   -0.445083E-07
   0.74600   -0.446264E-07
   0.74800   -0.447713E-07
   0.75000   -0.449468E-07
   0.75200   -0.451543E-07
   0.75400   -0.453920E-07
   0.75600   -0.456542E-07
   0.75800   -0.459309E-07
   0.76000   -0.462083E-07
   0.76200   -0.464696E-07
   0.76400   -0.466972E-07
   0.76600   -0.468746E-07
   0.76800   -0.469891E-07
   0.77000   -0.470343E-07
   0.77200   -0.470114E-07
   0.77400   -0.469304E-07
   0.77600   -0.468094E-07
   0.77800   -0.466731E-07
   0.78000   -0.465502E-07
   0.78200   -0.464698E-07
   0.78400   -0.464580E-07
   0.78600   -0.465341E-07
   0.78800   -0.467082E-07
   0.79000   -0.469787E-07
   0.79200   -0.473324E-07
   0.79400   -0.477450E-07
   0.79600   -0.481840E-07
   0.79800   -0.486114E-07
   0.80000   -0.489890E-07
   0.80200   -0.492823E-07
   0.80400   -0.494652E-07
   0.80600   -0.495232E-07
   0.80800   -0.494555E-07
   0.81000   -0.492755E-07
   0.81200   -0.490093E-07
   0.81400   -0.486930E-07
   0.81600   -0.483685E-07
   0.81800   -0.480788E-07
   0.82000   -0.478629E-07
   0.82200   -0.477516E-07
   0.82400   -0.477642E-07
   0.82600   -0.479058E-07
   0.82800   -0.481672E-07
   0.83000   -0.485259E-07
   0.83200   -0.489482E-07
   0.83400   -0.493928E-07
   0.83600   -0.498153E-07
   0.83800   -0.501730E-07
   0.84000   -0.504289E-07
   0.84200   -0.505562E-07
   0.84400   -0.505407E-07
   0.84600   -0.503823E-07
   0.84800   -0.500950E-07
   0.85000   -0.497051E-07
   0.85200   -0.492486E-07
   0.85400   -0.487672E-07
   0.85600   -0.483043E-07
   0.85800   -0.479006E-07
   0.86000   -0.475906E-07
   0.86200   -0.473994E-07
   0.86400   -0.473406E-07
   0.86600   -0.474161E-07
   0.86800   -0.476156E-07
   0.87000   -0.479184E-07
   0.87200   -0.482952E-07
   0.87400   -0.487110E-07
   0.87600   -0.491283E-07
   0.87800   -0.495104E-07
   0.88000   -0.498247E-07
   0.88200   -0.500455E-07
   0.88400   -0.501560E-07
   0.88600   -0.501497E-07
   0.88800   -0.500302E-07
   0.89000   -0.498106E-07
   0.89200   -0.495113E-07
   0.89400   -0.491577E-07
   0.89600   -0.487772E-07
   0.89800   -0.483968E-07
   0.90000   -0.480401E-07
   0.90200   -0.477262E-07
   0.90400   -0.474682E-07
   0.90600   -0.472733E-07
   0.90800   -0.471432E-07
   0.91000   -0.470749E-07
   0.91200   -0.470619E-07
   0.91400   -0.470954E-07
   0.91600   -0.471658E-07
   0.91800   -0.472635E-07
   0.92000   -0.473794E-07
   0.92200   -0.475059E-07
   0.92400   -0.476367E-07
   0.92600   -0.477669E-07
   0.92800   -0.478926E-07
   0.93000   -0.480108E-07
   0.93200   -0.481187E-07
   0.93400   -0.482132E-07
   0.93600   -0.482910E-07
   0.93800   -0.483481E-07
   0.94000   -0.483802E-07
   0.94200   -0.483828E-07
   0.94400   -0.483522E-07
   0.94600   -0.482859E-07
   0.94800   -0.481837E-07
   0.95000   -0.480478E-07
   0.95200   -0.478838E-07
   0.95400   -0.477001E-07
   0.95600   -0.475079E-07
   0.95800   -0.473204E-07
   0.96000   -0.471513E-07
   0.96200   -0.470135E-07
   0.96400   -0.469177E-07
   0.96600   -0.468710E-07
   0.96800   -0.468758E-07
   0.97000   -0.469295E-07
   0.97200   -0.470242E-07
   0.97400   -0.471473E-07
   0.97600   -0.472828E-07
   0.97800   -0.474122E-07
   0.98000   -0.475162E-07
   0.98200   -0.475766E-07
   0.98400   -0.475778E-07
   0.98600   -0.475081E-07
   0.98800   -0.473615E-07
   0.99000   -0.471381E-07
   0.99200   -0.468452E-07
   0.99400   -0.464972E-07
   0.99600   -0.461146E-07
   0.99800   -0.457230E-07
   1.00000   -0.453509E-07
   1.00200   -0.450268E-07
   1.00400   -0.447766E-07
   1.00600   -0.446199E-07
   1.00800   -0.445681E-07
   1.01000   -0.446221E-07
   1.01200   -0.447717E-07
   1.01400   -0.449961E-07
   1.01600   -0.452660E-07
   1.01800   -0.455462E-07
   1.02000   -0.457998E-07
   1.02200   -0.459920E-07
   1.02400   -0.460942E-07
   1.02600   -0.460872E-07
   1.02800   -0.459634E-07
   1.03000   -0.457273E-07
   1.03200   -0.453953E-07
   1.03400   -0.449933E-07
   1.03600   -0.445534E-07
   1.03800   -0.441109E-07
   1.04000   -0.436994E-07
   1.04200   -0.433479E-07
   1.04400   -0.430771E-07
   1.04600   -0.428984E-07
   1.04800   -0.428122E-07
   1.05000   -0.428093E-07
   1.05200   -0.428718E-07
   1.05400   -0.429763E-07
   1.05600   -0.430964E-07
   1.05800   -0.432062E-07
   1.06000   -0.432833E-07
   1.06200   -0.433117E-07
   1.06400   -0.432831E-07
   1.06600   -0.431980E-07
   1.06800   -0.430653E-07
   1.07000   -0.429008E-07
   1.07200   -0.427251E-07
   1.07400   -0.425602E-07
   1.07600   -0.424271E-07
   1.07800   -0.423419E-07
   1.08000   -0.423142E-07
   1.08200   -0.423453E-07
   1.08400   -0.424277E-07
   1.08600   -0.425467E-07
   1.08800   -0.426818E-07
   1.09000   -0.428101E-07
   1.09200   -0.429088E-07
   1.09400   -0.429592E-07
   1.09600   -0.429489E-07
   1.09800   -0.428735E-07
   1.10000   -0.427374E-07
   1.10200   -0.425532E-07
   1.10400   -0.423400E-07
   1.10600   -0.421203E-07
   1.10800   -0.419176E-07
   1.11000   -0.417524E-07
   1.11200   -0.416398E-07
   1.11400   -0.415871E-07
   1.11600   -0.415931E-07
   1.11800   -0.416482E-07
   1.12000   -0.417357E-07
   1.12200   -0.418340E-07
   1.12400   -0.419199E-07
   1.12600   -0.419716E-07
   1.12800   -0.419713E-07
   1.13000   -0.419085E-07
   1.13200   -0.417804E-07
   1.13400   -0.415932E-07
   1.13600   -0.413609E-07
   1.13800   -0.411039E-07
   1.14000   -0.408458E-07
   1.14200   -0.406112E-07
   1.14400   -0.404218E-07
   1.14600   -0.402939E-07
   1.14800   -0.402365E-07
   1.15000   -0.402494E-07
   1.15200   -0.403242E-07
   1.15400   -0.404445E-07
   1.15600   -0.405885E-07
   1.15800   -0.407317E-07
   1.16000   -0.408499E-07
   1.16200   -0.409226E-07
   1.16400   -0.409351E-07
   1.16600   -0.408809E-07
   1.16800   -0.407619E-07
   1.17000   -0.405887E-07
   1.17200   -0.403784E-07
   1.17400   -0.401531E-07
   1.17600   -0.399369E-07
   1.17800   -0.397525E-07
   1.18000   -0.396192E-07
   1.18200   -0.395497E-07
   1.18400   -0.395497E-07
   1.18600   -0.396168E-07
   1.18800   -0.397415E-07
   1.19000   -0.399087E-07
   1.19200   -0.400998E-07
   1.19400   -0.402954E-07
   1.19600   -0.404778E-07
   1.19800   -0.406333E-07
   1.20000   -0.407537E-07
   1.20200   -0.408367E-07
   1.20400   -0.408863E-07
   1.20600   -0.409107E-07
   1.20800   -0.409212E-07
   1.21000   -0.409295E-07
   1.21200   -0.409456E-07
   1.21400   -0.409762E-07
   1.21600   -0.410229E-07
   1.21800   -0.410828E-07
   1.22000   -0.411485E-07
   1.22200   -0.412101E-07
   1.22400   -0.412575E-07
   1.22600   -0.412821E-07
   1.22800   -0.412798E-07
   1.23000   -0.412516E-07
   1.23200   -0.412048E-07
   1.23400   -0.411524E-07
   1.23600   -0.411109E-07
   1.23800   -0.410985E-07
   1.24000   -0.411315E-07
   1.24200   -0.412217E-07
   1.24400   -0.413734E-07
   1.24600   -0.415824E-07
   1.24800   -0.418352E-07
   1.25000   -0.421106E-07
   1.25200   -0.423815E-07
   1.25400   -0.426187E-07
   1.25600   -0.427947E-07
   1.25800   -0.428874E-07
   1.26000   -0.428832E-07
   1.26200   -0.427796E-07
   1.26400   -0.425849E-07
   1.26600   -0.423184E-07
   1.26800   -0.420075E-07
   1.27000   -0.416847E-07
   1.27200   -0.413838E-07
   1.27400   -0.411360E-07
   1.27600   -0.409662E-07
   1.27800   -0.408911E-07
   1.28000   -0.409171E-07
   1.28200   -0.410410E-07
   1.28400   -0.412508E-07
   1.28600   -0.415281E-07
   1.28800   -0.418507E-07
   1.29000   -0.421960E-07
   1.29200   -0.425433E-07
   1.29400   -0.428764E-07
   1.29600   -0.431846E-07
   1.29800   -0.434634E-07
   1.30000   -0.437133E-07
   1.30200   -0.439390E-07
   1.30400   -0.441471E-07
   1.30600   -0.443446E-07
   1.30800   -0.445365E-07
   1.31000   -0.447254E-07
   1.31200   -0.449104E-07
   1.31400   -0.450882E-07
   1.31600   -0.452537E-07
   1.31800   -0.454018E-07
   1.32000   -0.455293E-07
   1.32200   -0.456359E-07
   1.32400   -0.457254E-07
   1.32600   -0.458051E-07
   1.32800   -0.458854E-07
   1.33000   -0.459777E-07
   1.33200   -0.460920E-07
   1.33400   -0.462350E-07
   1.33600   -0.464076E-07
   1.33800   -0.466047E-07
   1.34000   -0.468146E-07
   1.34200   -0.470208E-07
   1.34400   -0.472043E-07
   1.34600   -0.473471E-07
   1.34800   -0.474353E-07
   1.35000   -0.474625E-07
   1.35200   -0.474324E-07
   1.35400   -0.473586E-07
   1.35600   -0.472647E-07
   1.35800   -0.471815E-07
   1.36000   -0.471426E-07
   1.36200   -0.471803E-07
   1.36400   -0.473204E-07
   1.36600   -0.475775E-07
   1.36800   -0.479525E-07
   1.37000   -0.484311E-07
   1.37200   -0.489853E-07
   1.37400   -0.495762E-07
   1.37600   -0.501592E-07
   1.37800   -0.506903E-07
   1.38000   -0.511316E-07
   1.38200   -0.514573E-07
   1.38400   -0.516569E-07
   1.38600   -0.517370E-07
   1.38800   -0.517199E-07
   1.39000   -0.516404E-07
   1.39200   -0.515406E-07
   1.39400   -0.514636E-07
   1.39600   -0.514477E-07
   1.39800   -0.515205E-07
   1.40000   -0.516962E-07
   1.40200   -0.519741E-07
   1.40400   -0.523394E-07
   1.40600   -0.527671E-07
   1.40800   -0.532264E-07
   1.41000   -0.536861E-07
   1.41200   -0.541199E-07
   1.41400   -0.545106E-07
   1.41600   -0.548519E-07
   1.41800   -0.551490E-07
   1.42000   -0.554164E-07
   1.42200   -0.556741E-07
   1.42400   -0.559430E-07
   1.42600   -0.562405E-07
   1.42800   -0.565762E-07
   1.43000   -0.569494E-07
   1.43200   -0.573493E-07
   1.43400   -0.577561E-07
   1.43600   -0.581446E-07
   1.43800   -0.584886E-07
   1.44000   -0.587659E-07
   1.44200   -0.589624E-07
   1.44400   -0.590746E-07
   1.44600   -0.591108E-07
   1.44800   -0.590903E-07
   1.45000   -0.590398E-07
   1.45200   -0.589901E-07
   1.45400   -0.589710E-07
   1.45600   -0.590072E-07
   1.45800   -0.591154E-07
   1.46000   -0.593024E-07
   1.46200   -0.595657E-07
   1.46400   -0.598948E-07
   1.46600   -0.602742E-07
   1.46800   -0.606864E-07
   1.47000   -0.611146E-07
   1.47200   -0.615445E-07
   1.47400   -0.619651E-07
   1.47600   -0.623677E-07
   1.47800   -0.627450E-07
   1.48000   -0.630890E-07
   1.48200   -0.633901E-07
   1.48400   -0.636363E-07
   1.48600   -0.638145E-07
   1.48800   -0.639119E-07
   1.49000   -0.639188E-07
   1.49200   -0.638315E-07
   1.49400   -0.636538E-07
   1.49600   -0.633983E-07
   1.49800   -0.630848E-07
   1.50000   -0.627386E-07
   1.50200   -0.623864E-07
   1.50400   -0.620523E-07
   1.50600   -0.617544E-07
   1.50800   -0.615020E-07
   1.51000   -0.612944E-07
   1.51200   -0.611220E-07
   1.51400   -0.609682E-07
   1.51600   -0.608124E-07
   1.51800   -0.606334E-07
   1.52000   -0.604121E-07
   1.52200   -0.601337E-07
   1.52400   -0.597888E-07
   1.52600   -0.593734E-07
   1.52800   -0.588879E-07
   1.53000   -0.583360E-07
   1.53200   -0.577236E-07
   1.53400   -0.570571E-07
   1.53600   -0.563427E-07
   1.53800   -0.555857E-07
   1.54000   -0.547906E-07
   1.54200   -0.539603E-07
   1.54400   -0.530969E-07
   1.54600   -0.522015E-07
   1.54800   -0.512743E-07
   1.55000   -0.503148E-07
   1.55200   -0.493219E-07
   1.55400   -0.482936E-07
   1.55600   -0.472278E-07
   1.55800   -0.461216E-07
   1.56000   -0.449724E-07
   1.56200   -0.437782E-07
   1.56400   -0.425380E-07
   1.56600   -0.412528E-07
   1.56800   -0.399257E-07
   1.57000   -0.385626E-07
   1.57200   -0.371715E-07
   1.57400   -0.357620E-07
   1.57600   -0.343443E-07
   1.57800   -0.329275E-07
   1.58000   -0.315182E-07
   1.58200   -0.301196E-07
   1.58400   -0.287306E-07
   1.58600   -0.273461E-07
   1.58800   -0.259573E-07
   1.59000   -0.245537E-07
   1.59200   -0.231244E-07
   1.59400   -0.216602E-07
   1.59600   -0.201551E-07
   1.59800   -0.186076E-07
   1.60000   -0.170209E-07
   1.60200   -0.154029E-07
   1.60400   -0.137650E-07
   1.60600   -0.121210E-07
   1.60800   -0.104859E-07
   1.61000   -0.887363E-08
   1.61200   -0.729699E-08
   1.61400   -0.576646E-08
   1.61600   -0.429022E-08
   1.61800   -0.287428E-08
   1.62000   -0.152283E-08
   1.62200   -0.238591E-09
   1.62400    0.977045E-09
   1.62600    0.212414E-08
   1.62800    0.320444E-08
   1.63000    0.422174E-08
   1.63200    0.518209E-08
   1.63400    0.609392E-08
   1.63600    0.696764E-08
   1.63800    0.781493E-08
   1.64000    0.864783E-08
   1.64200    0.947760E-08
   1.64400    0.103137E-07
   1.64600    0.111629E-07
   1.64800    0.120291E-07
   1.65000    0.129130E-07
   1.65200    0.138127E-07
   1.65400    0.147242E-07
   1.65600    0.156419E-07
   1.65800    0.165592E-07
   1.66000    0.174691E-07
   1.66200    0.183637E-07
   1.66400    0.192344E-07
   1.66600    0.200717E-07
   1.66800    0.208656E-07
   1.67000    0.216051E-07
   1.67200    0.222801E-07
   1.67400    0.228812E-07
   1.67600    0.234024E-07
   1.67800    0.238412E-07
   1.68000    0.242005E-07
   1.68200    0.244888E-07
   1.68400    0.247198E-07
   1.68600    0.249117E-07
   1.68800    0.250852E-07
   1.69000    0.252615E-07
   1.69200    0.254600E-07
   1.69400    0.256963E-07
   1.69600    0.259804E-07
   1.69800    0.263163E-07
   1.70000    0.267015E-07
   1.70200    0.271282E-07
   1.70400    0.275841E-07
   1.70600    0.280543E-07
   1.70800    0.285225E-07
   1.71000    0.289729E-07
   1.71200    0.293913E-07
   1.71400    0.297659E-07
   1.71600    0.300879E-07
   1.71800    0.303521E-07
   1.72000    0.305567E-07
   1.72200    0.307037E-07
   1.72400    0.307983E-07
   1.72600    0.308491E-07
   1.72800    0.308670E-07
   1.73000    0.308648E-07
   1.73200    0.308559E-07
   1.73400    0.308539E-07
   1.73600    0.308707E-07
   1.73800    0.309161E-07
   1.74000    0.309965E-07
   1.74200    0.311151E-07
   1.74400    0.312713E-07
   1.74600    0.314613E-07
   1.74800    0.316782E-07
   1.75000    0.319134E-07
   1.75200    0.321572E-07
   1.75400    0.323996E-07
   1.75600    0.326315E-07
   1.75800    0.328456E-07
   1.76000    0.330367E-07
   1.76200    0.332021E-07
   1.76400    0.333423E-07
   1.76600    0.334603E-07
   1.76800    0.335616E-07
   1.77000    0.336535E-07
   1.77200    0.337441E-07
   1.77400    0.338419E-07
   1.77600    0.339540E-07
   1.77800    0.340860E-07
   1.78000    0.342408E-07
   1.78200    0.344186E-07
   1.78400    0.346163E-07
   1.78600    0.348280E-07
   1.78800    0.350459E-07
   1.79000    0.352605E-07
   1.79200    0.354625E-07
   1.79400    0.356432E-07
   1.79600    0.357964E-07
   1.79800    0.359191E-07
   1.80000    0.360122E-07
   1.80200    0.360812E-07
   1.80400    0.361353E-07
   1.80600    0.361871E-07
   1.80800    0.362508E-07
   1.81000    0.363403E-07
   1.81200    0.364676E-07
   1.81400    0.366404E-07
   1.81600    0.368607E-07
   1.81800    0.371243E-07
   1.82000    0.374203E-07
   1.82200    0.377325E-07
   1.82400    0.380410E-07
   1.82600    0.383249E-07
   1.82800    0.385646E-07
   1.83000    0.387447E-07
   1.83200    0.388562E-07
   1.83400    0.388978E-07
   1.83600    0.388760E-07
   1.83800    0.388046E-07
   1.84000    0.387025E-07
   1.84200    0.385914E-07
   1.84400    0.384927E-07
   1.84600    0.384247E-07
   1.84800    0.384001E-07
   1.85000    0.384248E-07
   1.85200    0.384975E-07
   1.85400    0.386106E-07
   1.85600    0.387520E-07
   1.85800    0.389074E-07
   1.86000    0.390629E-07
   1.86200    0.392065E-07
   1.86400    0.393301E-07
   1.86600    0.394288E-07
   1.86800    0.395010E-07
   1.87000    0.395457E-07
   1.87200    0.395611E-07
   1.87400    0.395424E-07
   1.87600    0.394804E-07
   1.87800    0.393609E-07
   1.88000    0.391647E-07
   1.88200    0.388695E-07
   1.88400    0.384513E-07
   1.88600    0.378877E-07
   1.88800    0.371601E-07
   1.89000    0.362574E-07
   1.89200    0.351781E-07
   1.89400    0.339340E-07
   1.89600    0.325513E-07
   1.89800    0.310743E-07
   1.90000    0.295683E-07
   1.90200    0.281194E-07
   1.90400    0.268347E-07
   1.90600    0.258408E-07
   1.90800    0.252777E-07
   1.91000    0.252909E-07
   1.91200    0.260195E-07
   1.91400    0.275824E-07
   1.91600    0.300621E-07
   1.91800    0.334902E-07
   1.92000    0.378338E-07
   1.92200    0.429875E-07
   1.92400    0.487702E-07
   1.92600    0.549271E-07
   1.92800    0.611390E-07
   1.93000    0.670371E-07
   1.93200    0.722209E-07
   1.93400    0.762814E-07
   1.93600    0.788256E-07
   1.93800    0.795046E-07
   1.94000    0.780390E-07
   1.94200    0.742476E-07
   1.94400    0.680703E-07
   1.94600    0.595856E-07
   1.94800    0.490195E-07
   1.95000    0.367427E-07
   1.95200    0.232529E-07
   1.95400    0.914473E-08
   1.95600   -0.493302E-08
   1.95800   -0.183268E-07
   1.96000   -0.304298E-07
   1.96200   -0.407278E-07
   1.96400   -0.488352E-07
   1.96600   -0.545164E-07
   1.96800   -0.576905E-07
   1.97000   -0.584222E-07
   1.97200   -0.568998E-07
   1.97400   -0.534069E-07
   1.97600   -0.482916E-07
   1.97800   -0.419368E-07
   1.98000   -0.347356E-07
   1.98200   -0.270720E-07
   1.98400   -0.193072E-07
   1.98600   -0.117691E-07
   1.98800   -0.474518E-08
   1.99000    0.152534E-08
   1.99200    0.685791E-08
   1.99400    0.111288E-07
   1.99600    0.142804E-07
   1.99800    0.163233E-07
   2.00000    0.173335E-07
   2.00200    0.174468E-07
   2.00400    0.168447E-07
   2.00600    0.157383E-07
   2.00800    0.143493E-07
   2.01000    0.128888E-07
   2.01200    0.115397E-07
   2.01400    0.104419E-07
   2.01600    0.968266E-08
   2.01800    0.929505E-08
   2.02000    0.925911E-08
   2.02200    0.951086E-08
   2.02400    0.995589E-08
   2.02600    0.104827E-07
   2.02800    0.109775E-07
   2.03000    0.113373E-07
   2.03200    0.114797E-07
   2.03400    0.113486E-07
   2.03600    0.109159E-07
   2.03800    0.101799E-07
   2.04000    0.915982E-08
   2.04200    0.789011E-08
   2.04400    0.641378E-08
   2.04600    0.477734E-08
   2.04800    0.302753E-08
   2.05000    0.120951E-08
   2.05200   -0.633549E-09
   2.05400   -0.245860E-08
   2.05600   -0.422298E-08
   2.05800   -0.588329E-08
   2.06000   -0.739649E-08
   2.06200   -0.872029E-08
   2.06400   -0.981735E-08
   2.06600   -0.106567E-07
   2.06800   -0.112166E-07
   2.07000   -0.114867E-07
   2.07200   -0.114686E-07
   2.07400   -0.111758E-07
   2.07600   -0.106322E-07
   2.07800   -0.987044E-08
   2.08000   -0.892863E-08
   2.08200   -0.784804E-08
   2.08400   -0.667041E-08
   2.08600   -0.543566E-08
   2.08800   -0.418039E-08
   2.09000   -0.293669E-08
   2.09200   -0.173172E-08
   2.09400   -0.587657E-09
   2.09600    0.478183E-09
   2.09800    0.145280E-08
   2.10000    0.232708E-08
   2.10200    0.309563E-08
   2.10400    0.375683E-08
   2.10600    0.431317E-08
   2.10800    0.477165E-08
   2.11000    0.514418E-08
   2.11200    0.544770E-08
   2.11400    0.570385E-08
   2.11600    0.593800E-08
   2.11800    0.617756E-08
   2.12000    0.645005E-08
   2.12200    0.678073E-08
   2.12400    0.719034E-08
   2.12600    0.769329E-08
   2.12800    0.829653E-08
   2.13000    0.899887E-08
   2.13200    0.979195E-08
   2.13400    0.106608E-07
   2.13600    0.115858E-07
   2.13800    0.125446E-07
   2.14000    0.135145E-07
   2.14200    0.144746E-07
   2.14400    0.154076E-07
   2.14600    0.163016E-07
   2.14800    0.171505E-07
   2.15000    0.179547E-07
   2.15200    0.187201E-07
   2.15400    0.194572E-07
   2.15600    0.201793E-07
   2.15800    0.209008E-07
   2.16000    0.216355E-07
   2.16200    0.223948E-07
   2.16400    0.231870E-07
   2.16600    0.240166E-07
   2.16800    0.248844E-07
   2.17000    0.257876E-07
   2.17200    0.267201E-07
   2.17400    0.276735E-07
   2.17600    0.286368E-07
   2.17800    0.295978E-07
   2.18000    0.305435E-07
   2.18200    0.314607E-07
   2.18400    0.323374E-07
   2.18600    0.331631E-07
   2.18800    0.339306E-07
   2.19000    0.346362E-07
   2.19200    0.352806E-07
   2.19400    0.358688E-07
   2.19600    0.364102E-07
   2.19800    0.369170E-07
   2.20000    0.374038E-07
   2.20200    0.378856E-07
   2.20400    0.383771E-07
   2.20600    0.388911E-07
   2.20800    0.394375E-07
   2.21000    0.400230E-07
   2.21200    0.406511E-07
   2.21400    0.413218E-07
   2.21600    0.420327E-07
   2.21800    0.427789E-07
   2.22000    0.435541E-07
   2.22200    0.443508E-07
   2.22400    0.451610E-07
   2.22600    0.459767E-07
   2.22800    0.467896E-07
   2.23000    0.475907E-07
   2.23200    0.483700E-07
   2.23400    0.491145E-07
   2.23600    0.498067E-07
   2.23800    0.504228E-07
   2.24000    0.509309E-07
   2.24200    0.512903E-07
   2.24400    0.514527E-07
   2.24600    0.513646E-07
   2.24800    0.509719E-07
   2.25000    0.502265E-07
   2.25200    0.490930E-07
   2.25400    0.475562E-07
   2.25600    0.456257E-07
   2.25800    0.433394E-07
   2.26000    0.407624E-07
   2.26200    0.379828E-07
   2.26400    0.351044E-07
   2.26600    0.322375E-07
   2.26800    0.294879E-07
   2.27000    0.269479E-07
   2.27200    0.246883E-07
   2.27400    0.227538E-07
   2.27600    0.211616E-07
   2.27800    0.199032E-07
   2.28000    0.189485E-07
   2.28200    0.182520E-07
   2.28400    0.177597E-07
   2.28600    0.174151E-07
   2.28800    0.171651E-07
   2.29000    0.169635E-07
   2.29200    0.167738E-07
   2.29400    0.165696E-07
   2.29600    0.163345E-07
   2.29800    0.160603E-07
   2.30000    0.157454E-07
   2.30200    0.153926E-07
   2.30400    0.150076E-07
   2.30600    0.145972E-07
   2.30800    0.141685E-07
   2.31000    0.137280E-07
   2.31200    0.132815E-07
   2.31400    0.128335E-07
   2.31600    0.123873E-07
   2.31800    0.119446E-07
   2.32000    0.115061E-07
   2.32200    0.110704E-07
   2.32400    0.106349E-07
   2.32600    0.101950E-07
   2.32800    0.974473E-08
   2.33000    0.927627E-08
   2.33200    0.878000E-08
   2.33400    0.824426E-08
   2.33600    0.765518E-08
   2.33800    0.699664E-08
   2.34000    0.625048E-08
   2.34200    0.539719E-08
   2.34400    0.441728E-08
   2.34600    0.329349E-08
   2.34800    0.201355E-08
   2.35000    0.573674E-09
   2.35200   -0.101808E-08
   2.35400   -0.273907E-08
   2.35600   -0.455046E-08
   2.35800   -0.639772E-08
   2.36000   -0.821332E-08
   2.36200   -0.992194E-08
   2.36400   -0.114474E-07
   2.36600   -0.127208E-07
   2.36800   -0.136883E-07
   2.37000   -0.143176E-07
   2.37200   -0.146012E-07
   2.37400   -0.145571E-07
   2.37600   -0.142250E-07
   2.37800   -0.136605E-07
   2.38000   -0.129263E-07
   2.38200   -0.120843E-07
   2.38400   -0.111877E-07
   2.38600   -0.102767E-07
   2.38800   -0.937553E-08
   2.39000   -0.849459E-08
   2.39200   -0.763355E-08
   2.39400   -0.678683E-08
   2.39600   -0.594914E-08
   2.39800   -0.512021E-08
   2.40000   -0.430788E-08
   2.40200   -0.352893E-08
   2.40400   -0.280780E-08
   2.40600   -0.217354E-08
   2.40800   -0.165574E-08
   2.41000   -0.128016E-08
   2.41200   -0.106500E-08
   2.41400   -0.101830E-08
   2.41600   -0.113683E-08
   2.41800   -0.140658E-08
   2.42000   -0.180470E-08
   2.42200   -0.230227E-08
   2.42400   -0.286767E-08
   2.42600   -0.346989E-08
   2.42800   -0.408123E-08
   2.43000   -0.467929E-08
   2.43200   -0.524797E-08
   2.43400   -0.577757E-08
   2.43600   -0.626387E-08
   2.43800   -0.670694E-08
   2.44000   -0.710943E-08
   2.44200   -0.747518E-08
   2.44400   -0.780773E-08
   2.44600   -0.810935E-08
   2.44800   -0.838064E-08
   2.45000   -0.862037E-08
   2.45200   -0.882592E-08
   2.45400   -0.899389E-08
   2.45600   -0.912104E-08
   2.45800   -0.920499E-08
   2.46000   -0.924512E-08
   2.46200   -0.924301E-08
   2.46400   -0.920270E-08
   2.46600   -0.913055E-08
   2.46800   -0.903491E-08
   2.47000   -0.892535E-08
   2.47200   -0.881203E-08
   2.47400   -0.870480E-08
   2.47600   -0.861233E-08
   2.47800   -0.854169E-08
   2.48000   -0.849778E-08
   2.48200   -0.848318E-08
   2.48400   -0.849817E-08
   2.48600   -0.854097E-08
   2.48800   -0.860812E-08
   2.49000   -0.869506E-08
   2.49200   -0.879675E-08
   2.49400   -0.890838E-08
   2.49600   -0.902595E-08
   2.49800   -0.914693E-08
   2.50000   -0.927057E-08
   2.50200   -0.939812E-08
   2.50400   -0.953277E-08
   2.50600   -0.967926E-08
   2.50800   -0.984330E-08
   2.51000   -0.100308E-07
   2.51200   -0.102472E-07
   2.51400   -0.104961E-07
   2.51600   -0.107789E-07
   2.51800   -0.110942E-07
   2.52000   -0.114373E-07
   2.52200   -0.118003E-07
   2.52400   -0.121728E-07
   2.52600   -0.125426E-07
   2.52800   -0.128973E-07
   2.53000   -0.132253E-07
   2.53200   -0.135182E-07
   2.53400   -0.137712E-07
   2.53600   -0.139846E-07
   2.53800   -0.141635E-07
   2.54000   -0.143177E-07
   2.54200   -0.144600E-07
   2.54400   -0.146043E-07
   2.54600   -0.147637E-07
   2.54800   -0.149476E-07
   2.55000   -0.151607E-07
   2.55200   -0.154016E-07
   2.55400   -0.156625E-07
   2.55600   -0.159307E-07
   2.55800   -0.161898E-07
   2.56000   -0.164226E-07
   2.56200   -0.166134E-07
   2.56400   -0.167509E-07
   2.56600   -0.168303E-07
   2.56800   -0.168540E-07
   2.57000   -0.168325E-07
   2.57200   -0.167824E-07
   2.57400   -0.167254E-07
   2.57600   -0.166848E-07
   2.57800   -0.166826E-07
   2.58000   -0.167364E-07
   2.58200   -0.168568E-07
   2.58400   -0.170460E-07
   2.58600   -0.172971E-07
   2.58800   -0.175954E-07
   2.59000   -0.179200E-07
   2.59200   -0.182474E-07
   2.59400   -0.185540E-07
   2.59600   -0.188202E-07
   2.59800   -0.190322E-07
   2.60000   -0.191839E-07
   2.60200   -0.192769E-07
   2.60400   -0.193199E-07
   2.60600   -0.193263E-07
   2.60800   -0.193118E-07
   2.61000   -0.192915E-07
   2.61200   -0.192779E-07
   2.61400   -0.192787E-07
   2.61600   -0.192963E-07
   2.61800   -0.193284E-07
   2.62000   -0.193691E-07
   2.62200   -0.194107E-07
   2.62400   -0.194461E-07
   2.62600   -0.194704E-07
   2.62800   -0.194824E-07
   2.63000   -0.194848E-07
   2.63200   -0.194841E-07
   2.63400   -0.194892E-07
   2.63600   -0.195094E-07
   2.63800   -0.195524E-07
   2.64000   -0.196228E-07
   2.64200   -0.197203E-07
   2.64400   -0.198398E-07
   2.64600   -0.199713E-07
   2.64800   -0.201018E-07
   2.65000   -0.202169E-07
   2.65200   -0.203031E-07
   2.65400   -0.203502E-07
   2.65600   -0.203529E-07
   2.65800   -0.203117E-07
   2.66000   -0.202325E-07
   2.66200   -0.201263E-07
   2.66400   -0.200069E-07
   2.66600   -0.198891E-07
   2.66800   -0.197860E-07
   2.67000   -0.197076E-07
   2.67200   -0.196589E-07
   2.67400   -0.196397E-07
   2.67600   -0.196449E-07
   2.67800   -0.196652E-07
   2.68000   -0.196894E-07
   2.68200   -0.197054E-07
   2.68400   -0.197024E-07
   2.68600   -0.196721E-07
   2.68800   -0.196095E-07
   2.69000   -0.195128E-07
   2.69200   -0.193837E-07
   2.69400   -0.192265E-07
   2.69600   -0.190471E-07
   2.69800   -0.188527E-07
   2.70000   -0.186507E-07
   2.70200   -0.184484E-07
   2.70400   -0.182525E-07
   2.70600   -0.180688E-07
   2.70800   -0.179017E-07
   2.71000   -0.177543E-07
   2.71200   -0.176274E-07
   2.71400   -0.175199E-07
   2.71600   -0.174282E-07
   2.71800   -0.173467E-07
   2.72000   -0.172678E-07
   2.72200   -0.171833E-07
   2.72400   -0.170849E-07
   2.72600   -0.169660E-07
   2.72800   -0.168224E-07
   2.73000   -0.166536E-07
   2.73200   -0.164632E-07
   2.73400   -0.162588E-07
   2.73600   -0.160509E-07
   2.73800   -0.158520E-07
   2.74000   -0.156748E-07
   2.74200   -0.155298E-07
   2.74400   -0.154244E-07
   2.74600   -0.153609E-07
   2.74800   -0.153365E-07
   2.75000   -0.153435E-07
   2.75200   -0.153698E-07
   2.75400   -0.154011E-07
   2.75600   -0.154220E-07
   2.75800   -0.154188E-07
   2.76000   -0.153803E-07
   2.76200   -0.152998E-07
   2.76400   -0.151752E-07
   2.76600   -0.150099E-07
   2.76800   -0.148114E-07
   2.77000   -0.145912E-07
   2.77200   -0.143636E-07
   2.77400   -0.141438E-07
   2.77600   -0.139472E-07
   2.77800   -0.137881E-07
   2.78000   -0.136783E-07
   2.78200   -0.136269E-07
   2.78400   -0.136397E-07
   2.78600   -0.137189E-07
   2.78800   -0.138631E-07
   2.79000   -0.140687E-07
   2.79200   -0.143293E-07
   2.79400   -0.146378E-07
   2.79600   -0.149867E-07
   2.79800   -0.153698E-07
   2.80000   -0.157833E-07
   2.80200   -0.162267E-07
   2.80400   -0.167039E-07
   2.80600   -0.172230E-07
   2.80800   -0.177955E-07
   2.81000   -0.184349E-07
   2.81200   -0.191536E-07
   2.81400   -0.199591E-07
   2.81600   -0.208495E-07
   2.81800   -0.218083E-07
   2.82000   -0.227998E-07
   2.82200   -0.237663E-07
   2.82400   -0.246264E-07
   2.82600   -0.252774E-07
   2.82800   -0.256005E-07
   2.83000   -0.254698E-07
   2.83200   -0.247646E-07
   2.83400   -0.233828E-07
   2.83600   -0.212552E-07
   2.83800   -0.183573E-07
   2.84000   -0.147169E-07
   2.84200   -0.104164E-07
   2.84400   -0.558798E-08
   2.84600   -0.403627E-09
   2.84800    0.494130E-08
   2.85000    0.102464E-07
   2.85200    0.153254E-07
   2.85400    0.200223E-07
   2.85600    0.242240E-07
   2.85800    0.278658E-07
   2.86000    0.309319E-07
   2.86200    0.334491E-07
   2.86400    0.354777E-07
   2.86600    0.370994E-07
   2.86800    0.384050E-07
   2.87000    0.394841E-07
   2.87200    0.404166E-07
   2.87400    0.412673E-07
   2.87600    0.420840E-07
   2.87800    0.428975E-07
   2.88000    0.437242E-07
   2.88200    0.445689E-07
   2.88400    0.454282E-07
   2.88600    0.462951E-07
   2.88800    0.471613E-07
   2.89000    0.480194E-07
   2.89200    0.488651E-07
   2.89400    0.496976E-07
   2.89600    0.505204E-07
   2.89800    0.513412E-07
   2.90000    0.521721E-07
   2.90200    0.530294E-07
   2.90400    0.539339E-07
   2.90600    0.549108E-07
   2.90800    0.559902E-07
   2.91000    0.572059E-07
   2.91200    0.585955E-07
   2.91400    0.601966E-07
   2.91600    0.620437E-07
   2.91800    0.641620E-07
   2.92000    0.665612E-07
   2.92200    0.692275E-07
   2.92400    0.721173E-07
   2.92600    0.751526E-07
   2.92800    0.782199E-07
   2.93000    0.811742E-07
   2.93200    0.838478E-07
   2.93400    0.860634E-07
   2.93600    0.876527E-07
   2.93800    0.884732E-07
   2.94000    0.884265E-07
   2.94200    0.874700E-07
   2.94400    0.856245E-07
   2.94600    0.829728E-07
   2.94800    0.796521E-07
   2.95000    0.758390E-07
   2.95200    0.717320E-07
   2.95400    0.675316E-07
   2.95600    0.634226E-07
   2.95800    0.595597E-07
   2.96000    0.560585E-07
   2.96200    0.529918E-07
   2.96400    0.503910E-07
   2.96600    0.482517E-07
   2.96800    0.465408E-07
   2.97000    0.452056E-07
   2.97200    0.441812E-07
   2.97400    0.433974E-07
   2.97600    0.427834E-07
   2.97800    0.422707E-07
   2.98000    0.417950E-07
   2.98200    0.412974E-07
   2.98400    0.407248E-07
   2.98600    0.400315E-07
   2.98800    0.391801E-07
   2.99000    0.381437E-07
   2.99200    0.369070E-07
   2.99400    0.354677E-07
   2.99600    0.338364E-07
   2.99800    0.320360E-07
   3.00000    0.300999E-07
   3.00200    0.280687E-07
   3.00400    0.259878E-07
   3.00600    0.239039E-07
   3.00800    0.218611E-07
   3.01000    0.198997E-07
   3.01200    0.180540E-07
   3.01400    0.163507E-07
   3.01600    0.148090E-07
   3.01800    0.134394E-07
   3.02000    0.122443E-07
   3.02200    0.112180E-07
   3.02400    0.103468E-07
   3.02600    0.961068E-08
   3.02800    0.898368E-08
   3.03000    0.843622E-08
   3.03200    0.793693E-08
   3.03400    0.745496E-08
   3.03600    0.696219E-08
   3.03800    0.643537E-08
   3.04000    0.585771E-08
   3.04200    0.521999E-08
   3.04400    0.452111E-08
   3.04600    0.376786E-08
   3.04800    0.297421E-08
   3.05000    0.216000E-08
   3.05200    0.134898E-08
   3.05400    0.567060E-09
   3.05600   -0.160299E-09
   3.05800   -0.810867E-09
   3.06000   -0.136752E-08
   3.06200   -0.182040E-08
   3.06400   -0.216833E-08
   3.06600   -0.241921E-08
   3.06800   -0.258966E-08
   3.07000   -0.270344E-08
   3.07200   -0.278914E-08
   3.07400   -0.287709E-08
   3.07600   -0.299618E-08
   3.07800   -0.317074E-08
   3.08000   -0.341821E-08
   3.08200   -0.374766E-08
   3.08400   -0.415965E-08
   3.08600   -0.464712E-08
   3.08800   -0.519740E-08
   3.09000   -0.579479E-08
   3.09200   -0.642332E-08
   3.09400   -0.706944E-08
   3.09600   -0.772389E-08
   3.09800   -0.838285E-08
   3.10000   -0.904806E-08
   3.10200   -0.972633E-08
   3.10400   -0.104277E-07
   3.10600   -0.111631E-07
   3.10800   -0.119448E-07
   3.11000   -0.127820E-07
   3.11200   -0.136812E-07
   3.11400   -0.146455E-07
   3.11600   -0.156747E-07
   3.11800   -0.167668E-07
   3.12000   -0.179192E-07
   3.12200   -0.191306E-07
   3.12400   -0.204027E-07
   3.12600   -0.217406E-07
   3.12800   -0.231525E-07
   3.13000   -0.246477E-07
   3.13200   -0.262327E-07
   3.13400   -0.279060E-07
   3.13600   -0.296518E-07
   3.13800   -0.314334E-07
   3.14000   -0.331881E-07
   3.14200   -0.348248E-07
   3.14400   -0.362246E-07
   3.14600   -0.372470E-07
   3.14800   -0.377403E-07
   3.15000   -0.375569E-07
   3.15200   -0.365703E-07
   3.15400   -0.346933E-07
   3.15600   -0.318931E-07
   3.15800   -0.282010E-07
   3.16000   -0.237151E-07
   3.16200   -0.185944E-07
   3.16400   -0.130446E-07
   3.16600   -0.729838E-08
   3.16800   -0.159215E-08
   3.17000    0.385714E-08
   3.17200    0.887110E-08
   3.17400    0.133231E-07
   3.17600    0.171439E-07
   3.17800    0.203197E-07
   3.18000    0.228842E-07
   3.18200    0.249064E-07
   3.18400    0.264763E-07
   3.18600    0.276917E-07
   3.18800    0.286464E-07
   3.19000    0.294221E-07
   3.19200    0.300831E-07
   3.19400    0.306748E-07
   3.19600    0.312247E-07
   3.19800    0.317447E-07
   3.20000    0.322356E-07
   3.20200    0.326911E-07
   3.20400    0.331032E-07
   3.20600    0.334655E-07
   3.20800    0.337768E-07
   3.21000    0.340438E-07
   3.21200    0.342821E-07
   3.21400    0.345154E-07
   3.21600    0.347747E-07
   3.21800    0.350942E-07
   3.22000    0.355088E-07
   3.22200    0.360501E-07
   3.22400    0.367414E-07
   3.22600    0.375952E-07
   3.22800    0.386094E-07
   3.23000    0.397711E-07
   3.23200    0.410518E-07
   3.23400    0.424149E-07
   3.23600    0.438195E-07
   3.23800    0.452289E-07
   3.24000    0.466178E-07
   3.24200    0.479825E-07
   3.24400    0.493490E-07
   3.24600    0.507802E-07
   3.24800    0.523790E-07
   3.25000    0.542884E-07
   3.25200    0.566851E-07
   3.25400    0.597687E-07
   3.25600    0.637447E-07
   3.25800    0.688039E-07
   3.26000    0.750987E-07
   3.26200    0.827181E-07
   3.26400    0.916641E-07
   3.26600    0.101830E-06
   3.26800    0.112983E-06
   3.27000    0.124757E-06
   3.27200    0.136651E-06
   3.27400    0.148037E-06
   3.27600    0.158192E-06
   3.27800    0.166329E-06
   3.28000    0.171658E-06
   3.28200    0.173448E-06
   3.28400    0.171099E-06
   3.28600    0.164211E-06
   3.28800    0.152649E-06
   3.29000    0.136571E-06
   3.29200    0.116447E-06
   3.29400    0.930309E-07
   3.29600    0.673065E-07
   3.29800    0.404059E-07
   3.30000    0.135121E-07
   3.30200   -0.122434E-07
   3.30400   -0.358717E-07
   3.30600   -0.565982E-07
   3.30800   -0.739050E-07
   3.31000   -0.875433E-07
   3.31200   -0.975162E-07
   3.31400   -0.104039E-06
   3.31600   -0.107487E-06
   3.31800   -0.108332E-06
   3.32000   -0.107089E-06
   3.32200   -0.104268E-06
   3.32400   -0.100336E-06
   3.32600   -0.956974E-07
   3.32800   -0.906809E-07
   3.33000   -0.855410E-07
   3.33200   -0.804638E-07
   3.33400   -0.755776E-07
   3.33600   -0.709643E-07
   3.33800   -0.666709E-07
   3.34000   -0.627189E-07
   3.34200   -0.591128E-07
   3.34400   -0.558447E-07
   3.34600   -0.528982E-07
   3.34800   -0.502513E-07
   3.35000   -0.478769E-07
   3.35200   -0.457462E-07
   3.35400   -0.438271E-07
   3.35600   -0.420873E-07
   3.35800   -0.404948E-07
   3.36000   -0.390206E-07
   3.36200   -0.376383E-07
   3.36400   -0.363274E-07
   3.36600   -0.350726E-07
   3.36800   -0.338654E-07
   3.37000   -0.327030E-07
   3.37200   -0.315880E-07
   3.37400   -0.305269E-07
   3.37600   -0.295284E-07
   3.37800   -0.286013E-07
   3.38000   -0.277530E-07
   3.38200   -0.269884E-07
   3.38400   -0.263083E-07
   3.38600   -0.257096E-07
   3.38800   -0.251855E-07
   3.39000   -0.247262E-07
   3.39200   -0.243196E-07
   3.39400   -0.239533E-07
   3.39600   -0.236149E-07
   3.39800   -0.232940E-07
   3.40000   -0.229822E-07
   3.40200   -0.226736E-07
   3.40400   -0.223649E-07
   3.40600   -0.220550E-07
   3.40800   -0.217443E-07
   3.41000   -0.214343E-07
   3.41200   -0.211270E-07
   3.41400   -0.208245E-07
   3.41600   -0.205290E-07
   3.41800   -0.202428E-07
   3.42000   -0.199685E-07
   3.42200   -0.197091E-07
   3.42400   -0.194680E-07
   3.42600   -0.192492E-07
   3.42800   -0.190567E-07
   3.43000   -0.188944E-07
   3.43200   -0.187658E-07
   3.43400   -0.186734E-07
   3.43600   -0.186191E-07
   3.43800   -0.186038E-07
   3.44000   -0.186281E-07
   3.44200   -0.186925E-07
   3.44400   -0.187974E-07
   3.44600   -0.189438E-07
   3.44800   -0.191328E-07
   3.45000   -0.193657E-07
   3.45200   -0.196434E-07
   3.45400   -0.199658E-07
   3.45600   -0.203312E-07
   3.45800   -0.207364E-07
   3.46000   -0.211760E-07
   3.46200   -0.216426E-07
   3.46400   -0.221279E-07
   3.46600   -0.226225E-07
   3.46800   -0.231171E-07
   3.47000   -0.236033E-07
   3.47200   -0.240734E-07
   3.47400   -0.245213E-07
   3.47600   -0.249420E-07
   3.47800   -0.253315E-07
   3.48000   -0.256857E-07
   3.48200   -0.260003E-07
   3.48400   -0.262695E-07
   3.48600   -0.264858E-07
   3.48800   -0.266389E-07
   3.49000   -0.267157E-07
   3.49200   -0.266994E-07
   3.49400   -0.265695E-07
   3.49600   -0.263015E-07
   3.49800   -0.258675E-07
   3.50000   -0.252359E-07
   3.50200   -0.243731E-07
   3.50400   -0.232447E-07
   3.50600   -0.218174E-07
   3.50800   -0.200619E-07
   3.51000   -0.179547E-07
   3.51200   -0.154817E-07
   3.51400   -0.126393E-07
   3.51600   -0.943677E-08
   3.51800   -0.589636E-08
   3.52000   -0.205273E-08
   3.52200    0.204835E-08
   3.52400    0.635243E-08
   3.52600    0.107993E-07
   3.52800    0.153261E-07
   3.53000    0.198706E-07
   3.53200    0.243741E-07
   3.53400    0.287841E-07
   3.53600    0.330564E-07
   3.53800    0.371573E-07
   3.54000    0.410608E-07
   3.54200    0.447578E-07
   3.54400    0.482488E-07
   3.54600    0.515474E-07
   3.54800    0.546799E-07
   3.55000    0.576845E-07
   3.55200    0.606100E-07
   3.55400    0.635144E-07
   3.55600    0.664619E-07
   3.55800    0.695188E-07
   3.56000    0.727477E-07
   3.56200    0.761995E-07
   3.56400    0.799031E-07
   3.56600    0.838534E-07
   3.56800    0.879968E-07
   3.57000    0.922179E-07
   3.57200    0.963270E-07
   3.57400    0.100053E-06
   3.57600    0.103045E-06
   3.57800    0.104884E-06
   3.58000    0.105109E-06
   3.58200    0.103258E-06
   3.58400    0.989146E-07
   3.58600    0.917689E-07
   3.58800    0.816714E-07
   3.59000    0.686790E-07
   3.59200    0.530811E-07
   3.59400    0.353994E-07
   3.59600    0.163583E-07
   3.59800   -0.317353E-08
   3.60000   -0.222622E-07
   3.60200   -0.399995E-07
   3.60400   -0.555911E-07
   3.60600   -0.684300E-07
   3.60800   -0.781442E-07
   3.61000   -0.846141E-07
   3.61200   -0.879581E-07
   3.61400   -0.884920E-07
   3.61600   -0.866708E-07
   3.61800   -0.830233E-07
   3.62000   -0.780901E-07
   3.62200   -0.723724E-07
   3.62400   -0.662970E-07
   3.62600   -0.601988E-07
   3.62800   -0.543187E-07
   3.63000   -0.488131E-07
   3.63200   -0.437706E-07
   3.63400   -0.392299E-07
   3.63600   -0.351969E-07
   3.63800   -0.316570E-07
   3.64000   -0.285840E-07
   3.64200   -0.259436E-07
   3.64400   -0.236954E-07
   3.64600   -0.217928E-07
   3.64800   -0.201839E-07
   3.65000   -0.188128E-07
   3.65200   -0.176232E-07
   3.65400   -0.165619E-07
   3.65600   -0.155835E-07
   3.65800   -0.146536E-07
   3.66000   -0.137519E-07
   3.66200   -0.128685E-07
   3.66400   -0.120103E-07
   3.66600   -0.111877E-07
   3.66800   -0.104154E-07
   3.67000   -0.970633E-08
   3.67200   -0.906812E-08
   3.67400   -0.850027E-08
   3.67600   -0.799371E-08
   3.67800   -0.753199E-08
   3.68000   -0.709402E-08
   3.68200   -0.665778E-08
   3.68400   -0.620421E-08
   3.68600   -0.572044E-08
   3.68800   -0.520204E-08
   3.69000   -0.465366E-08
   3.69200   -0.408809E-08
   3.69400   -0.352396E-08
   3.69600   -0.298244E-08
   3.69800   -0.248362E-08
   3.70000   -0.204314E-08
   3.70200   -0.166960E-08
   3.70400   -0.136317E-08
   3.70600   -0.111563E-08
   3.70800   -0.911755E-09
   3.71000   -0.731881E-09
   3.71200   -0.554946E-09
   3.71400   -0.361745E-09
   3.71600   -0.137878E-09
   3.71800    0.124158E-09
   3.72000    0.423956E-09
   3.72200    0.753375E-09
   3.72400    0.109787E-08
   3.72600    0.143871E-08
   3.72800    0.175573E-08
   3.73000    0.203031E-08
   3.73200    0.224807E-08
   3.73400    0.240105E-08
   3.73600    0.248875E-08
   3.73800    0.251849E-08
   3.74000    0.250460E-08
   3.74200    0.246666E-08
   3.74400    0.242721E-08
   3.74600    0.240905E-08
   3.74800    0.243255E-08
   3.75000    0.251334E-08
   3.75200    0.266056E-08
   3.75400    0.287589E-08
   3.75600    0.315350E-08
   3.75800    0.348079E-08
   3.76000    0.383986E-08
   3.76200    0.420949E-08
   3.76400    0.456735E-08
   3.76600    0.489231E-08
   3.76800    0.516640E-08
   3.77000    0.537648E-08
   3.77200    0.551534E-08
   3.77400    0.558210E-08
   3.77600    0.558216E-08
   3.77800    0.552649E-08
   3.78000    0.543056E-08
   3.78200    0.531286E-08
   3.78400    0.519333E-08
   3.78600    0.509159E-08
   3.78800    0.502535E-08
   3.79000    0.500894E-08
   3.79200    0.505211E-08
   3.79400    0.515923E-08
   3.79600    0.532896E-08
   3.79800    0.555438E-08
   3.80000    0.582370E-08
   3.80200    0.612131E-08
   3.80400    0.642932E-08
   3.80600    0.672912E-08
   3.80800    0.700312E-08
   3.81000    0.723623E-08
   3.81200    0.741695E-08
   3.81400    0.753820E-08
   3.81600    0.759752E-08
   3.81800    0.759689E-08
   3.82000    0.754219E-08
   3.82200    0.744236E-08
   3.82400    0.730855E-08
   3.82600    0.715317E-08
   3.82800    0.698908E-08
   3.83000    0.682889E-08
   3.83200    0.668443E-08
   3.83400    0.656628E-08
   3.83600    0.648334E-08
   3.83800    0.644253E-08
   3.84000    0.644842E-08
   3.84200    0.650292E-08
   3.84400    0.660513E-08
   3.84600    0.675121E-08
   3.84800    0.693458E-08
   3.85000    0.714630E-08
   3.85200    0.737564E-08
   3.85400    0.761095E-08
   3.85600    0.784055E-08
   3.85800    0.805361E-08
   3.86000    0.824101E-08
   3.86200    0.839600E-08
   3.86400    0.851455E-08
   3.86600    0.859556E-08
   3.86800    0.864076E-08
   3.87000    0.865445E-08
   3.87200    0.864302E-08
   3.87400    0.861444E-08
   3.87600    0.857764E-08
   3.87800    0.854182E-08
   3.88000    0.851585E-08
   3.88200    0.850759E-08
   3.88400    0.852338E-08
   3.88600    0.856747E-08
   3.88800    0.864173E-08
   3.89000    0.874538E-08
   3.89200    0.887500E-08
   3.89400    0.902464E-08
   3.89600    0.918617E-08
   3.89800    0.934985E-08
   3.90000    0.950493E-08
   3.90200    0.964049E-08
   3.90400    0.974622E-08
   3.90600    0.981317E-08
   3.90800    0.983448E-08
   3.91000    0.980575E-08
   3.91200    0.972535E-08
   3.91400    0.959445E-08
   3.91600    0.941673E-08
   3.91800    0.919798E-08
   3.92000    0.894562E-08
   3.92200    0.866802E-08
   3.92400    0.837396E-08
   3.92600    0.807210E-08
   3.92800    0.777058E-08
   3.93000    0.747676E-08
   3.93200    0.719704E-08
   3.93400    0.693688E-08
   3.93600    0.670079E-08
   3.93800    0.649241E-08
   3.94000    0.631457E-08
   3.94200    0.616930E-08
   3.94400    0.605773E-08
   3.94600    0.597994E-08
   3.94800    0.593473E-08
   3.95000    0.591946E-08
   3.95200    0.592983E-08
   3.95400    0.595989E-08
   3.95600    0.600220E-08
   3.95800    0.604824E-08
   3.96000    0.608897E-08
   3.96200    0.611556E-08
   3.96400    0.612020E-08
   3.96600    0.609678E-08
   3.96800    0.604139E-08
   3.97000    0.595254E-08
   3.97200    0.583103E-08
   3.97400    0.567956E-08
   3.97600    0.550204E-08
   3.97800    0.530287E-08
   3.98000    0.508620E-08
   3.98200    0.485541E-08
   3.98400    0.461280E-08
   3.98600    0.435956E-08
   3.98800    0.409611E-08
   3.99000    0.382250E-08
   3.99200    0.353896E-08
   3.99400    0.324642E-08
   3.99600    0.294681E-08
   3.99800    0.264328E-08
   4.00000    0.234006E-08
