   0.00000    0.000000E+00
   0.00200    0.000000E+00
   0.00400    0.000000E+00
   0.00600    0.000000E+00
   0.00800    0.000000E+00
   0.01000    0.000000E+00
   0.01200    0.000000E+00
   0.01400    0.000000E+00
   0.01600    0.000000E+00
   0.01800    0.000000E+00
   0.02000    0.000000E+00
   0.02200    0.000000E+00
   0.02400    0.000000E+00
   0.02600   -0.974930E-11
   0.02800   -0.292657E-10
   0.03000   -0.635786E-10
   0.03200   -0.127917E-09
   0.03400   -0.249587E-09
   0.03600   -0.474292E-09
   0.03800   -0.878907E-09
   0.04000   -0.158902E-08
   0.04200   -0.280374E-08
   0.04400   -0.482859E-08
   0.04600   -0.811665E-08
   0.04800   -0.133171E-07
   0.05000   -0.213265E-07
   0.05200   -0.333360E-07
   0.05400   -0.508627E-07
   0.05600   -0.757511E-07
   0.05800   -0.110127E-06
   0.06000   -0.156286E-06
   0.06200   -0.216511E-06
   0.06400   -0.292812E-06
   0.06600   -0.386596E-06
   0.06800   -0.498311E-06
   0.07000   -0.627098E-06
   0.07200   -0.770511E-06
   0.07400   -0.924385E-06
   0.07600   -0.108288E-05
   0.07800   -0.123876E-05
   0.08000   -0.138390E-05
   0.08200   -0.150996E-05
   0.08400   -0.160920E-05
   0.08600   -0.167526E-05
   0.08800   -0.170386E-05
   0.09000   -0.169328E-05
   0.09200   -0.164449E-05
   0.09400   -0.156106E-05
   0.09600   -0.144871E-05
   0.09800   -0.131469E-05
   0.10000   -0.116695E-05
   0.10200   -0.101345E-05
   0.10400   -0.861421E-06
   0.10600   -0.716889E-06
   0.10800   -0.584384E-06
   0.11000   -0.466842E-06
   0.11200   -0.365699E-06
   0.11400   -0.281109E-06
   0.11600   -0.212232E-06
   0.11800   -0.157544E-06
   0.12000   -0.115116E-06
   0.12200   -0.828601E-07
   0.12400   -0.587029E-07
   0.12600   -0.407150E-07
   0.12800   -0.271826E-07
   0.13000   -0.166464E-07
   0.13200   -0.791121E-08
   0.13400   -0.403219E-10
   0.13600    0.766143E-08
   0.13800    0.156698E-07
   0.14000    0.242666E-07
   0.14200    0.335667E-07
   0.14400    0.435471E-07
   0.14600    0.540755E-07
   0.14800    0.649452E-07
   0.15000    0.758878E-07
   0.15200    0.866195E-07
   0.15400    0.968639E-07
   0.15600    0.106368E-06
   0.15800    0.114918E-06
   0.16000    0.122354E-06
   0.16200    0.128575E-06
   0.16400    0.133538E-06
   0.16600    0.137257E-06
   0.16800    0.139789E-06
   0.17000    0.141230E-06
   0.17200    0.141702E-06
   0.17400    0.141342E-06
   0.17600    0.140293E-06
   0.17800    0.138697E-06
   0.18000    0.136686E-06
   0.18200    0.134383E-06
   0.18400    0.131901E-06
   0.18600    0.129336E-06
   0.18800    0.126780E-06
   0.19000    0.124313E-06
   0.19200    0.122012E-06
   0.19400    0.119949E-06
   0.19600    0.118190E-06
   0.19800    0.116796E-06
   0.20000    0.115818E-06
   0.20200    0.115293E-06
   0.20400    0.115238E-06
   0.20600    0.115650E-06
   0.20800    0.116495E-06
   0.21000    0.117713E-06
   0.21200    0.119214E-06
   0.21400    0.120883E-06
   0.21600    0.122586E-06
   0.21800    0.124176E-06
   0.22000    0.125507E-06
   0.22200    0.126444E-06
   0.22400    0.126872E-06
   0.22600    0.126712E-06
   0.22800    0.125921E-06
   0.23000    0.124501E-06
   0.23200    0.122497E-06
   0.23400    0.119995E-06
   0.23600    0.117113E-06
   0.23800    0.113990E-06
   0.24000    0.110781E-06
   0.24200    0.107641E-06
   0.24400    0.104717E-06
   0.24600    0.102141E-06
   0.24800    0.100023E-06
   0.25000    0.984442E-07
   0.25200    0.974564E-07
   0.25400    0.970778E-07
   0.25600    0.972915E-07
   0.25800    0.980454E-07
   0.26000    0.992527E-07
   0.26200    0.100794E-06
   0.26400    0.102526E-06
   0.26600    0.104282E-06
   0.26800    0.105892E-06
   0.27000    0.107188E-06
   0.27200    0.108021E-06
   0.27400    0.108276E-06
   0.27600    0.107879E-06
   0.27800    0.106810E-06
   0.28000    0.105104E-06
   0.28200    0.102848E-06
   0.28400    0.100178E-06
   0.28600    0.972670E-07
   0.28800    0.943093E-07
   0.29000    0.915065E-07
   0.29200    0.890507E-07
   0.29400    0.871097E-07
   0.29600    0.858133E-07
   0.29800    0.852435E-07
   0.30000    0.854277E-07
   0.30200    0.863350E-07
   0.30400    0.878782E-07
   0.30600    0.899192E-07
   0.30800    0.922788E-07
   0.31000    0.947509E-07
   0.31200    0.971184E-07
   0.31400    0.991725E-07
   0.31600    0.100730E-06
   0.31800    0.101648E-06
   0.32000    0.101840E-06
   0.32200    0.101278E-06
   0.32400    0.999955E-07
   0.32600    0.980846E-07
   0.32800    0.956838E-07
   0.33000    0.929666E-07
   0.33200    0.901261E-07
   0.33400    0.873605E-07
   0.33600    0.848582E-07
   0.33800    0.827855E-07
   0.34000    0.812763E-07
   0.34200    0.804239E-07
   0.34400    0.802747E-07
   0.34600    0.808251E-07
   0.34800    0.820205E-07
   0.35000    0.837581E-07
   0.35200    0.858926E-07
   0.35400    0.882458E-07
   0.35600    0.906202E-07
   0.35800    0.928144E-07
   0.36000    0.946400E-07
   0.36200    0.959378E-07
   0.36400    0.965919E-07
   0.36600    0.965399E-07
   0.36800    0.957775E-07
   0.37000    0.943586E-07
   0.37200    0.923903E-07
   0.37400    0.900227E-07
   0.37600    0.874377E-07
   0.37800    0.848336E-07
   0.38000    0.824114E-07
   0.38200    0.803593E-07
   0.38400    0.788387E-07
   0.38600    0.779725E-07
   0.38800    0.778338E-07
   0.39000    0.784379E-07
   0.39200    0.797395E-07
   0.39400    0.816322E-07
   0.39600    0.839554E-07
   0.39800    0.865054E-07
   0.40000    0.890529E-07
   0.40200    0.913628E-07
   0.40400    0.932172E-07
   0.40600    0.944363E-07
   0.40800    0.948969E-07
   0.41000    0.945440E-07
   0.41200    0.933962E-07
   0.41400    0.915428E-07
   0.41600    0.891343E-07
   0.41800    0.863670E-07
   0.42000    0.834639E-07
   0.42200    0.806547E-07
   0.42400    0.781567E-07
   0.42600    0.761566E-07
   0.42800    0.747970E-07
   0.43000    0.741661E-07
   0.43200    0.742924E-07
   0.43400    0.751426E-07
   0.43600    0.766255E-07
   0.43800    0.785993E-07
   0.44000    0.808830E-07
   0.44200    0.832720E-07
   0.44400    0.855548E-07
   0.44600    0.875316E-07
   0.44800    0.890306E-07
   0.45000    0.899229E-07
   0.45200    0.901321E-07
   0.45400    0.896394E-07
   0.45600    0.884833E-07
   0.45800    0.867546E-07
   0.46000    0.845870E-07
   0.46200    0.821463E-07
   0.46400    0.796170E-07
   0.46600    0.771890E-07
   0.46800    0.750441E-07
   0.47000    0.733436E-07
   0.47200    0.722161E-07
   0.47400    0.717472E-07
   0.47600    0.719708E-07
   0.47800    0.728638E-07
   0.48000    0.743450E-07
   0.48200    0.762785E-07
   0.48400    0.784827E-07
   0.48600    0.807455E-07
   0.48800    0.828425E-07
   0.49000    0.845584E-07
   0.49200    0.857085E-07
   0.49400    0.861574E-07
   0.49600    0.858329E-07
   0.49800    0.847334E-07
   0.50000    0.829283E-07
   0.50200    0.805509E-07
   0.50400    0.777850E-07
   0.50600    0.748478E-07
   0.50800    0.719695E-07
   0.51000    0.693733E-07
   0.51200    0.672555E-07
   0.51400    0.657692E-07
   0.51600    0.650116E-07
   0.51800    0.650161E-07
   0.52000    0.657496E-07
   0.52200    0.671151E-07
   0.52400    0.689602E-07
   0.52600    0.710897E-07
   0.52800    0.732830E-07
   0.53000    0.753134E-07
   0.53200    0.769689E-07
   0.53400    0.780705E-07
   0.53600    0.784891E-07
   0.53800    0.781558E-07
   0.54000    0.770677E-07
   0.54200    0.752870E-07
   0.54400    0.729342E-07
   0.54600    0.701770E-07
   0.54800    0.672149E-07
   0.55000    0.642614E-07
   0.55200    0.615269E-07
   0.55400    0.592009E-07
   0.55600    0.574358E-07
   0.55800    0.563339E-07
   0.56000    0.559399E-07
   0.56200    0.562319E-07
   0.56400    0.571250E-07
   0.56600    0.584766E-07
   0.56800    0.600941E-07
   0.57000    0.617559E-07
   0.57200    0.632264E-07
   0.57400    0.642696E-07
   0.57600    0.646842E-07
   0.57800    0.643049E-07
   0.58000    0.630234E-07
   0.58200    0.607891E-07
   0.58400    0.576110E-07
   0.58600    0.535466E-07
   0.58800    0.486925E-07
   0.59000    0.431670E-07
   0.59200    0.370949E-07
   0.59400    0.305942E-07
   0.59600    0.237661E-07
   0.59800    0.166946E-07
   0.60000    0.944893E-08
   0.60200    0.209691E-08
   0.60400   -0.527995E-08
   0.60600   -0.125699E-07
   0.60800   -0.196186E-07
   0.61000   -0.262260E-07
   0.61200   -0.321540E-07
   0.61400   -0.371515E-07
   0.61600   -0.409887E-07
   0.61800   -0.435015E-07
   0.62000   -0.446323E-07
   0.62200   -0.444616E-07
   0.62400   -0.432176E-07
   0.62600   -0.412599E-07
   0.62800   -0.390350E-07
   0.63000   -0.370092E-07
   0.63200   -0.355915E-07
   0.63400   -0.350593E-07
   0.63600   -0.355045E-07
   0.63800   -0.368099E-07
   0.64000   -0.386640E-07
   0.64200   -0.406100E-07
   0.64400   -0.421216E-07
   0.64600   -0.426899E-07
   0.64800   -0.419061E-07
   0.65000   -0.395236E-07
   0.65200   -0.354916E-07
   0.65400   -0.299551E-07
   0.65600   -0.232247E-07
   0.65800   -0.157255E-07
   0.66000   -0.793293E-08
   0.66200   -0.311139E-09
   0.66400    0.674096E-08
   0.66600    0.129265E-07
   0.66800    0.180694E-07
   0.67000    0.221154E-07
   0.67200    0.251182E-07
   0.67400    0.272154E-07
   0.67600    0.285994E-07
   0.67800    0.294873E-07
   0.68000    0.300933E-07
   0.68200    0.306050E-07
   0.68400    0.311705E-07
   0.68600    0.318845E-07
   0.68800    0.327875E-07
   0.69000    0.338708E-07
   0.69200    0.350789E-07
   0.69400    0.363263E-07
   0.69600    0.375121E-07
   0.69800    0.385214E-07
   0.70000    0.392562E-07
   0.70200    0.396357E-07
   0.70400    0.396133E-07
   0.70600    0.391801E-07
   0.70800    0.383710E-07
   0.71000    0.372607E-07
   0.71200    0.359593E-07
   0.71400    0.346011E-07
   0.71600    0.333310E-07
   0.71800    0.322893E-07
   0.72000    0.315932E-07
   0.72200    0.313250E-07
   0.72400    0.315199E-07
   0.72600    0.321609E-07
   0.72800    0.331805E-07
   0.73000    0.344677E-07
   0.73200    0.358814E-07
   0.73400    0.372653E-07
   0.73600    0.384680E-07
   0.73800    0.393581E-07
   0.74000    0.398387E-07
   0.74200    0.398565E-07
   0.74400    0.394048E-07
   0.74600    0.385218E-07
   0.74800    0.372834E-07
   0.75000    0.357935E-07
   0.75200    0.341720E-07
   0.75400    0.325432E-07
   0.75600    0.310247E-07
   0.75800    0.297188E-07
   0.76000    0.287056E-07
   0.76200    0.280382E-07
   0.76400    0.277402E-07
   0.76600    0.278041E-07
   0.76800    0.281933E-07
   0.77000    0.288440E-07
   0.77200    0.296705E-07
   0.77400    0.305718E-07
   0.77600    0.314406E-07
   0.77800    0.321724E-07
   0.78000    0.326759E-07
   0.78200    0.328823E-07
   0.78400    0.327527E-07
   0.78600    0.322825E-07
   0.78800    0.315032E-07
   0.79000    0.304798E-07
   0.79200    0.293044E-07
   0.79400    0.280881E-07
   0.79600    0.269489E-07
   0.79800    0.259995E-07
   0.80000    0.253346E-07
   0.80200    0.250203E-07
   0.80400    0.250851E-07
   0.80600    0.255152E-07
   0.80800    0.262543E-07
   0.81000    0.272083E-07
   0.81200    0.282540E-07
   0.81400    0.292525E-07
   0.81600    0.300639E-07
   0.81800    0.305634E-07
   0.82000    0.306557E-07
   0.82200    0.302863E-07
   0.82400    0.294487E-07
   0.82600    0.281861E-07
   0.82800    0.265875E-07
   0.83000    0.247790E-07
   0.83200    0.229112E-07
   0.83400    0.211433E-07
   0.83600    0.196266E-07
   0.83800    0.184891E-07
   0.84000    0.178218E-07
   0.84200    0.176691E-07
   0.84400    0.180242E-07
   0.84600    0.188298E-07
   0.84800    0.199839E-07
   0.85000    0.213516E-07
   0.85200    0.227783E-07
   0.85400    0.241072E-07
   0.85600    0.251946E-07
   0.85800    0.259251E-07
   0.86000    0.262220E-07
   0.86200    0.260538E-07
   0.86400    0.254351E-07
   0.86600    0.244233E-07
   0.86800    0.231101E-07
   0.87000    0.216104E-07
   0.87200    0.200498E-07
   0.87400    0.185509E-07
   0.87600    0.172213E-07
   0.87800    0.161438E-07
   0.88000    0.153688E-07
   0.88200    0.149110E-07
   0.88400    0.147493E-07
   0.88600    0.148312E-07
   0.88800    0.150798E-07
   0.89000    0.154033E-07
   0.89200    0.157068E-07
   0.89400    0.159028E-07
   0.89600    0.159223E-07
   0.89800    0.157221E-07
   0.90000    0.152899E-07
   0.90200    0.146451E-07
   0.90400    0.138363E-07
   0.90600    0.129353E-07
   0.90800    0.120277E-07
   0.91000    0.112032E-07
   0.91200    0.105440E-07
   0.91400    0.101151E-07
   0.91600    0.995533E-08
   0.91800    0.100723E-07
   0.92000    0.104402E-07
   0.92200    0.110015E-07
   0.92400    0.116729E-07
   0.92600    0.123537E-07
   0.92800    0.129372E-07
   0.93000    0.133226E-07
   0.93200    0.134264E-07
   0.93400    0.131918E-07
   0.93600    0.125959E-07
   0.93800    0.116521E-07
   0.94000    0.104093E-07
   0.94200    0.894714E-08
   0.94400    0.736757E-08
   0.94600    0.578463E-08
   0.94800    0.431278E-08
   0.95000    0.305510E-08
   0.95200    0.209253E-08
   0.95400    0.147542E-08
   0.95600    0.121845E-08
   0.95800    0.129907E-08
   0.96000    0.166016E-08
   0.96200    0.221707E-08
   0.96400    0.286771E-08
   0.96600    0.350490E-08
   0.96800    0.402941E-08
   0.97000    0.436193E-08
   0.97200    0.445260E-08
   0.97400    0.428650E-08
   0.97600    0.388475E-08
   0.97800    0.330083E-08
   0.98000    0.261269E-08
   0.98200    0.191186E-08
   0.98400    0.129079E-08
   0.98600    0.830120E-09
   0.98800    0.587367E-09
   0.99000    0.588471E-09
   0.99200    0.823365E-09
   0.99400    0.124606E-08
   0.99600    0.177938E-08
   0.99800    0.232403E-08
   1.00000    0.277087E-08
   1.00200    0.301502E-08
   1.00400    0.296989E-08
   1.00600    0.257943E-08
   1.00800    0.182687E-08
   1.01000    0.738661E-09
   1.01200   -0.616823E-09
   1.01400   -0.213596E-08
   1.01600   -0.369113E-08
   1.01800   -0.514490E-08
   1.02000   -0.636558E-08
   1.02200   -0.724239E-08
   1.02400   -0.769815E-08
   1.02600   -0.769820E-08
   1.02800   -0.725450E-08
   1.03000   -0.642434E-08
   1.03200   -0.530402E-08
   1.03400   -0.401826E-08
   1.03600   -0.270643E-08
   1.03800   -0.150724E-08
   1.04000   -0.544031E-09
   1.04200    0.880990E-10
   1.04400    0.331557E-09
   1.04600    0.171085E-09
   1.04800   -0.366311E-09
   1.05000   -0.121616E-08
   1.05200   -0.228530E-08
   1.05400   -0.346339E-08
   1.05600   -0.463597E-08
   1.05800   -0.569745E-08
   1.06000   -0.656267E-08
   1.06200   -0.717572E-08
   1.06400   -0.751530E-08
   1.06600   -0.759569E-08
   1.06800   -0.746371E-08
   1.07000   -0.719179E-08
   1.07200   -0.686775E-08
   1.07400   -0.658293E-08
   1.07600   -0.641982E-08
   1.07800   -0.644118E-08
   1.08000   -0.668159E-08
   1.08200   -0.714302E-08
   1.08400   -0.779507E-08
   1.08600   -0.857950E-08
   1.08800   -0.941866E-08
   1.09000   -0.102268E-07
   1.09200   -0.109225E-07
   1.09400   -0.114405E-07
   1.09600   -0.117414E-07
   1.09800   -0.118176E-07
   1.10000   -0.116950E-07
   1.10200   -0.114297E-07
   1.10400   -0.111006E-07
   1.10600   -0.107986E-07
   1.10800   -0.106141E-07
   1.11000   -0.106236E-07
   1.11200   -0.108790E-07
   1.11400   -0.113995E-07
   1.11600   -0.121677E-07
   1.11800   -0.131309E-07
   1.12000   -0.142072E-07
   1.12200   -0.152952E-07
   1.12400   -0.162862E-07
   1.12600   -0.170783E-07
   1.12800   -0.175894E-07
   1.13000   -0.177674E-07
   1.13200   -0.175974E-07
   1.13400   -0.171037E-07
   1.13600   -0.163470E-07
   1.13800   -0.154170E-07
   1.14000   -0.144208E-07
   1.14200   -0.134700E-07
   1.14400   -0.126662E-07
   1.14600   -0.120888E-07
   1.14800   -0.117856E-07
   1.15000   -0.117678E-07
   1.15200   -0.120103E-07
   1.15400   -0.124568E-07
   1.15600   -0.130289E-07
   1.15800   -0.136383E-07
   1.16000   -0.141994E-07
   1.16200   -0.146423E-07
   1.16400   -0.149212E-07
   1.16600   -0.150207E-07
   1.16800   -0.149568E-07
   1.17000   -0.147726E-07
   1.17200   -0.145309E-07
   1.17400   -0.143040E-07
   1.17600   -0.141616E-07
   1.17800   -0.141597E-07
   1.18000   -0.143322E-07
   1.18200   -0.146855E-07
   1.18400   -0.151969E-07
   1.18600   -0.158186E-07
   1.18800   -0.164839E-07
   1.19000   -0.171174E-07
   1.19200   -0.176457E-07
   1.19400   -0.180083E-07
   1.19600   -0.181664E-07
   1.19800   -0.181091E-07
   1.20000   -0.178557E-07
   1.20200   -0.174536E-07
   1.20400   -0.169724E-07
   1.20600   -0.164950E-07
   1.20800   -0.161065E-07
   1.21000   -0.158833E-07
   1.21200   -0.158821E-07
   1.21400   -0.161331E-07
   1.21600   -0.166353E-07
   1.21800   -0.173574E-07
   1.22000   -0.182418E-07
   1.22200   -0.192131E-07
   1.22400   -0.201883E-07
   1.22600   -0.210878E-07
   1.22800   -0.218462E-07
   1.23000   -0.224200E-07
   1.23200   -0.227925E-07
   1.23400   -0.229739E-07
   1.23600   -0.229980E-07
   1.23800   -0.229147E-07
   1.24000   -0.227808E-07
   1.24200   -0.226499E-07
   1.24400   -0.225624E-07
   1.24600   -0.225392E-07
   1.24800   -0.225772E-07
   1.25000   -0.226505E-07
   1.25200   -0.227142E-07
   1.25400   -0.227125E-07
   1.25600   -0.225885E-07
   1.25800   -0.222946E-07
   1.26000   -0.218018E-07
   1.26200   -0.211066E-07
   1.26400   -0.202336E-07
   1.26600   -0.192345E-07
   1.26800   -0.181818E-07
   1.27000   -0.171607E-07
   1.27200   -0.162568E-07
   1.27400   -0.155448E-07
   1.27600   -0.150783E-07
   1.27800   -0.148827E-07
   1.28000   -0.149515E-07
   1.28200   -0.152488E-07
   1.28400   -0.157152E-07
   1.28600   -0.162772E-07
   1.28800   -0.168595E-07
   1.29000   -0.173959E-07
   1.29200   -0.178396E-07
   1.29400   -0.181689E-07
   1.29600   -0.183889E-07
   1.29800   -0.185290E-07
   1.30000   -0.186354E-07
   1.30200   -0.187615E-07
   1.30400   -0.189566E-07
   1.30600   -0.192564E-07
   1.30800   -0.196748E-07
   1.31000   -0.202010E-07
   1.31200   -0.207995E-07
   1.31400   -0.214157E-07
   1.31600   -0.219843E-07
   1.31800   -0.224394E-07
   1.32000   -0.227252E-07
   1.32200   -0.228050E-07
   1.32400   -0.226671E-07
   1.32600   -0.223268E-07
   1.32800   -0.218238E-07
   1.33000   -0.212158E-07
   1.33200   -0.205695E-07
   1.33400   -0.199498E-07
   1.33600   -0.194096E-07
   1.33800   -0.189821E-07
   1.34000   -0.186762E-07
   1.34200   -0.184766E-07
   1.34400   -0.183482E-07
   1.34600   -0.182437E-07
   1.34800   -0.181144E-07
   1.35000   -0.179209E-07
   1.35200   -0.176421E-07
   1.35400   -0.172814E-07
   1.35600   -0.168683E-07
   1.35800   -0.164548E-07
   1.36000   -0.161077E-07
   1.36200   -0.158975E-07
   1.36400   -0.158858E-07
   1.36600   -0.161134E-07
   1.36800   -0.165915E-07
   1.37000   -0.172973E-07
   1.37200   -0.181752E-07
   1.37400   -0.191429E-07
   1.37600   -0.201029E-07
   1.37800   -0.209552E-07
   1.38000   -0.216118E-07
   1.38200   -0.220088E-07
   1.38400   -0.221143E-07
   1.38600   -0.219316E-07
   1.38800   -0.214971E-07
   1.39000   -0.208728E-07
   1.39200   -0.201354E-07
   1.39400   -0.193644E-07
   1.39600   -0.186303E-07
   1.39800   -0.179858E-07
   1.40000   -0.174608E-07
   1.40200   -0.170628E-07
   1.40400   -0.167803E-07
   1.40600   -0.165906E-07
   1.40800   -0.164688E-07
   1.41000   -0.163955E-07
   1.41200   -0.163633E-07
   1.41400   -0.163793E-07
   1.41600   -0.164632E-07
   1.41800   -0.166425E-07
   1.42000   -0.169444E-07
   1.42200   -0.173869E-07
   1.42400   -0.179714E-07
   1.42600   -0.186782E-07
   1.42800   -0.194649E-07
   1.43000   -0.202704E-07
   1.43200   -0.210228E-07
   1.43400   -0.216485E-07
   1.43600   -0.220842E-07
   1.43800   -0.222860E-07
   1.44000   -0.222365E-07
   1.44200   -0.219477E-07
   1.44400   -0.214588E-07
   1.44600   -0.208302E-07
   1.44800   -0.201350E-07
   1.45000   -0.194478E-07
   1.45200   -0.188360E-07
   1.45400   -0.183512E-07
   1.45600   -0.180252E-07
   1.45800   -0.178690E-07
   1.46000   -0.178753E-07
   1.46200   -0.180233E-07
   1.46400   -0.182844E-07
   1.46600   -0.186278E-07
   1.46800   -0.190252E-07
   1.47000   -0.194520E-07
   1.47200   -0.198881E-07
   1.47400   -0.203154E-07
   1.47600   -0.207153E-07
   1.47800   -0.210658E-07
   1.48000   -0.213408E-07
   1.48200   -0.215101E-07
   1.48400   -0.215427E-07
   1.48600   -0.214114E-07
   1.48800   -0.210987E-07
   1.49000   -0.206028E-07
   1.49200   -0.199415E-07
   1.49400   -0.191545E-07
   1.49600   -0.183011E-07
   1.49800   -0.174556E-07
   1.50000   -0.166991E-07
   1.50200   -0.161095E-07
   1.50400   -0.157512E-07
   1.50600   -0.156670E-07
   1.50800   -0.158711E-07
   1.51000   -0.163483E-07
   1.51200   -0.170553E-07
   1.51400   -0.179274E-07
   1.51600   -0.188869E-07
   1.51800   -0.198535E-07
   1.52000   -0.207535E-07
   1.52200   -0.215277E-07
   1.52400   -0.221359E-07
   1.52600   -0.225581E-07
   1.52800   -0.227931E-07
   1.53000   -0.228542E-07
   1.53200   -0.227643E-07
   1.53400   -0.225513E-07
   1.53600   -0.222437E-07
   1.53800   -0.218693E-07
   1.54000   -0.214535E-07
   1.54200   -0.210205E-07
   1.54400   -0.205936E-07
   1.54600   -0.201959E-07
   1.54800   -0.198490E-07
   1.55000   -0.195718E-07
   1.55200   -0.193778E-07
   1.55400   -0.192718E-07
   1.55600   -0.192481E-07
   1.55800   -0.192896E-07
   1.56000   -0.193689E-07
   1.56200   -0.194520E-07
   1.56400   -0.195031E-07
   1.56600   -0.194908E-07
   1.56800   -0.193933E-07
   1.57000   -0.192033E-07
   1.57200   -0.189291E-07
   1.57400   -0.185936E-07
   1.57600   -0.182306E-07
   1.57800   -0.178786E-07
   1.58000   -0.175735E-07
   1.58200   -0.173429E-07
   1.58400   -0.172006E-07
   1.58600   -0.171448E-07
   1.58800   -0.171595E-07
   1.59000   -0.172175E-07
   1.59200   -0.172874E-07
   1.59400   -0.173395E-07
   1.59600   -0.173523E-07
   1.59800   -0.173171E-07
   1.60000   -0.172394E-07
   1.60200   -0.171383E-07
   1.60400   -0.170428E-07
   1.60600   -0.169869E-07
   1.60800   -0.170032E-07
   1.61000   -0.171182E-07
   1.61200   -0.173476E-07
   1.61400   -0.176946E-07
   1.61600   -0.181496E-07
   1.61800   -0.186919E-07
   1.62000   -0.192926E-07
   1.62200   -0.199184E-07
   1.62400   -0.205349E-07
   1.62600   -0.211097E-07
   1.62800   -0.216150E-07
   1.63000   -0.220292E-07
   1.63200   -0.223383E-07
   1.63400   -0.225364E-07
   1.63600   -0.226260E-07
   1.63800   -0.226182E-07
   1.64000   -0.225315E-07
   1.64200   -0.223904E-07
   1.64400   -0.222229E-07
   1.64600   -0.220569E-07
   1.64800   -0.219171E-07
   1.65000   -0.218207E-07
   1.65200   -0.217752E-07
   1.65400   -0.217771E-07
   1.65600   -0.218125E-07
   1.65800   -0.218601E-07
   1.66000   -0.218949E-07
   1.66200   -0.218935E-07
   1.66400   -0.218382E-07
   1.66600   -0.217205E-07
   1.66800   -0.215422E-07
   1.67000   -0.213143E-07
   1.67200   -0.210541E-07
   1.67400   -0.207809E-07
   1.67600   -0.205117E-07
   1.67800   -0.202578E-07
   1.68000   -0.200231E-07
   1.68200   -0.198044E-07
   1.68400   -0.195937E-07
   1.68600   -0.193816E-07
   1.68800   -0.191609E-07
   1.69000   -0.189299E-07
   1.69200   -0.186934E-07
   1.69400   -0.184627E-07
   1.69600   -0.182526E-07
   1.69800   -0.180790E-07
   1.70000   -0.179540E-07
   1.70200   -0.178832E-07
   1.70400   -0.178637E-07
   1.70600   -0.178834E-07
   1.70800   -0.179228E-07
   1.71000   -0.179576E-07
   1.71200   -0.179621E-07
   1.71400   -0.179130E-07
   1.71600   -0.177922E-07
   1.71800   -0.175895E-07
   1.72000   -0.173030E-07
   1.72200   -0.169394E-07
   1.72400   -0.165132E-07
   1.72600   -0.160448E-07
   1.72800   -0.155592E-07
   1.73000   -0.150830E-07
   1.73200   -0.146428E-07
   1.73400   -0.142623E-07
   1.73600   -0.139604E-07
   1.73800   -0.137488E-07
   1.74000   -0.136306E-07
   1.74200   -0.136000E-07
   1.74400   -0.136415E-07
   1.74600   -0.137315E-07
   1.74800   -0.138404E-07
   1.75000   -0.139346E-07
   1.75200   -0.139803E-07
   1.75400   -0.139458E-07
   1.75600   -0.138048E-07
   1.75800   -0.135384E-07
   1.76000   -0.131367E-07
   1.76200   -0.125994E-07
   1.76400   -0.119364E-07
   1.76600   -0.111666E-07
   1.76800   -0.103170E-07
   1.77000   -0.942033E-08
   1.77200   -0.851236E-08
   1.77400   -0.762898E-08
   1.77600   -0.680261E-08
   1.77800   -0.605905E-08
   1.78000   -0.541469E-08
   1.78200   -0.487480E-08
   1.78400   -0.443312E-08
   1.78600   -0.407286E-08
   1.78800   -0.376888E-08
   1.79000   -0.349100E-08
   1.79200   -0.320761E-08
   1.79400   -0.288939E-08
   1.79600   -0.251234E-08
   1.79800   -0.205991E-08
   1.80000   -0.152404E-08
   1.80200   -0.905029E-09
   1.80400   -0.210599E-09
   1.80600    0.545823E-09
   1.80800    0.134729E-08
   1.81000    0.217564E-08
   1.81200    0.301376E-08
   1.81400    0.384764E-08
   1.81600    0.466797E-08
   1.81800    0.547133E-08
   1.82000    0.626043E-08
   1.82200    0.704385E-08
   1.82400    0.783496E-08
   1.82600    0.865013E-08
   1.82800    0.950670E-08
   1.83000    0.104207E-07
   1.83200    0.114052E-07
   1.83400    0.124683E-07
   1.83600    0.136131E-07
   1.83800    0.148376E-07
   1.84000    0.161357E-07
   1.84200    0.174982E-07
   1.84400    0.189154E-07
   1.84600    0.203780E-07
   1.84800    0.218791E-07
   1.85000    0.234147E-07
   1.85200    0.249841E-07
   1.85400    0.265898E-07
   1.85600    0.282366E-07
   1.85800    0.299304E-07
   1.86000    0.316775E-07
   1.86200    0.334835E-07
   1.86400    0.353527E-07
   1.86600    0.372882E-07
   1.86800    0.392921E-07
   1.87000    0.413673E-07
   1.87200    0.435176E-07
   1.87400    0.457498E-07
   1.87600    0.480745E-07
   1.87800    0.505069E-07
   1.88000    0.530679E-07
   1.88200    0.557836E-07
   1.88400    0.586852E-07
   1.88600    0.618079E-07
   1.88800    0.651896E-07
   1.89000    0.688689E-07
   1.89200    0.728822E-07
   1.89400    0.772633E-07
   1.89600    0.820325E-07
   1.89800    0.872002E-07
   1.90000    0.927654E-07
   1.90200    0.987063E-07
   1.90400    0.104986E-06
   1.90600    0.111552E-06
   1.90800    0.118342E-06
   1.91000    0.125296E-06
   1.91200    0.132358E-06
   1.91400    0.139495E-06
   1.91600    0.146699E-06
   1.91800    0.153987E-06
   1.92000    0.161394E-06
   1.92200    0.168953E-06
   1.92400    0.176655E-06
   1.92600    0.184413E-06
   1.92800    0.192003E-06
   1.93000    0.199020E-06
   1.93200    0.204843E-06
   1.93400    0.208623E-06
   1.93600    0.209312E-06
   1.93800    0.205730E-06
   1.94000    0.196673E-06
   1.94200    0.181060E-06
   1.94400    0.158090E-06
   1.94600    0.127396E-06
   1.94800    0.891681E-07
   1.95000    0.442196E-07
   1.95200   -0.602300E-08
   1.95400   -0.596066E-07
   1.95600   -0.114212E-06
   1.95800   -0.167368E-06
   1.96000   -0.216680E-06
   1.96200   -0.260063E-06
   1.96400   -0.295909E-06
   1.96600   -0.323213E-06
   1.96800   -0.341600E-06
   1.97000   -0.351292E-06
   1.97200   -0.353012E-06
   1.97400   -0.347845E-06
   1.97600   -0.337092E-06
   1.97800   -0.322126E-06
   1.98000   -0.304274E-06
   1.98200   -0.284735E-06
   1.98400   -0.264529E-06
   1.98600   -0.244476E-06
   1.98800   -0.225199E-06
   1.99000   -0.207134E-06
   1.99200   -0.190558E-06
   1.99400   -0.175605E-06
   1.99600   -0.162288E-06
   1.99800   -0.150517E-06
   2.00000   -0.140116E-06
   2.00200   -0.130837E-06
   2.00400   -0.122386E-06
   2.00600   -0.114443E-06
   2.00800   -0.106690E-06
   2.01000   -0.988414E-07
   2.01200   -0.906763E-07
   2.01400   -0.820635E-07
   2.01600   -0.729836E-07
   2.01800   -0.635330E-07
   2.02000   -0.539277E-07
   2.02200   -0.444814E-07
   2.02400   -0.355670E-07
   2.02600   -0.275803E-07
   2.02800   -0.208894E-07
   2.03000   -0.157908E-07
   2.03200   -0.124727E-07
   2.03400   -0.109928E-07
   2.03600   -0.112747E-07
   2.03800   -0.131208E-07
   2.04000   -0.162397E-07
   2.04200   -0.202837E-07
   2.04400   -0.248886E-07
   2.04600   -0.297086E-07
   2.04800   -0.344433E-07
   2.05000   -0.388552E-07
   2.05200   -0.427744E-07
   2.05400   -0.460953E-07
   2.05600   -0.487675E-07
   2.05800   -0.507839E-07
   2.06000   -0.521691E-07
   2.06200   -0.529697E-07
   2.06400   -0.532469E-07
   2.06600   -0.530709E-07
   2.06800   -0.525170E-07
   2.07000   -0.516609E-07
   2.07200   -0.505753E-07
   2.07400   -0.493248E-07
   2.07600   -0.479618E-07
   2.07800   -0.465240E-07
   2.08000   -0.450326E-07
   2.08200   -0.434937E-07
   2.08400   -0.419015E-07
   2.08600   -0.402443E-07
   2.08800   -0.385105E-07
   2.09000   -0.366956E-07
   2.09200   -0.348073E-07
   2.09400   -0.328690E-07
   2.09600   -0.309198E-07
   2.09800   -0.290122E-07
   2.10000   -0.272073E-07
   2.10200   -0.255686E-07
   2.10400   -0.241520E-07
   2.10600   -0.229995E-07
   2.10800   -0.221327E-07
   2.11000   -0.215493E-07
   2.11200   -0.212215E-07
   2.11400   -0.210986E-07
   2.11600   -0.211124E-07
   2.11800   -0.211852E-07
   2.12000   -0.212376E-07
   2.12200   -0.211973E-07
   2.12400   -0.210067E-07
   2.12600   -0.206283E-07
   2.12800   -0.200465E-07
   2.13000   -0.192680E-07
   2.13200   -0.183189E-07
   2.13400   -0.172401E-07
   2.13600   -0.160823E-07
   2.13800   -0.149001E-07
   2.14000   -0.137466E-07
   2.14200   -0.126690E-07
   2.14400   -0.117048E-07
   2.14600   -0.108798E-07
   2.14800   -0.102061E-07
   2.15000   -0.968215E-08
   2.15200   -0.929315E-08
   2.15400   -0.901260E-08
   2.15600   -0.880449E-08
   2.15800   -0.862616E-08
   2.16000   -0.843175E-08
   2.16200   -0.817575E-08
   2.16400   -0.781674E-08
   2.16600   -0.732098E-08
   2.16800   -0.666519E-08
   2.17000   -0.583879E-08
   2.17200   -0.484491E-08
   2.17400   -0.370010E-08
   2.17600   -0.243277E-08
   2.17800   -0.108011E-08
   2.18000    0.315852E-09
   2.18200    0.171284E-08
   2.18400    0.307305E-08
   2.18600    0.436708E-08
   2.18800    0.557739E-08
   2.19000    0.669990E-08
   2.19200    0.774472E-08
   2.19400    0.873467E-08
   2.19600    0.970372E-08
   2.19800    0.106938E-07
   2.20000    0.117511E-07
   2.20200    0.129241E-07
   2.20400    0.142612E-07
   2.20600    0.158075E-07
   2.20800    0.176045E-07
   2.21000    0.196887E-07
   2.21200    0.220911E-07
   2.21400    0.248367E-07
   2.21600    0.279438E-07
   2.21800    0.314227E-07
   2.22000    0.352745E-07
   2.22200    0.394889E-07
   2.22400    0.440422E-07
   2.22600    0.488941E-07
   2.22800    0.539835E-07
   2.23000    0.592232E-07
   2.23200    0.644938E-07
   2.23400    0.696359E-07
   2.23600    0.744433E-07
   2.23800    0.786590E-07
   2.24000    0.819755E-07
   2.24200    0.840432E-07
   2.24400    0.844890E-07
   2.24600    0.829451E-07
   2.24800    0.790880E-07
   2.25000    0.726823E-07
   2.25200    0.636247E-07
   2.25400    0.519802E-07
   2.25600    0.380024E-07
   2.25800    0.221340E-07
   2.26000    0.498252E-08
   2.26200   -0.127262E-07
   2.26400   -0.302112E-07
   2.26600   -0.467081E-07
   2.26800   -0.615403E-07
   2.27000   -0.741772E-07
   2.27200   -0.842746E-07
   2.27400   -0.916901E-07
   2.27600   -0.964763E-07
   2.27800   -0.988522E-07
   2.28000   -0.991612E-07
   2.28200   -0.978214E-07
   2.28400   -0.952771E-07
   2.28600   -0.919558E-07
   2.28800   -0.882360E-07
   2.29000   -0.844267E-07
   2.29200   -0.807588E-07
   2.29400   -0.773863E-07
   2.29600   -0.743943E-07
   2.29800   -0.718126E-07
   2.30000   -0.696296E-07
   2.30200   -0.678065E-07
   2.30400   -0.662899E-07
   2.30600   -0.650210E-07
   2.30800   -0.639427E-07
   2.31000   -0.630038E-07
   2.31200   -0.621613E-07
   2.31400   -0.613812E-07
   2.31600   -0.606374E-07
   2.31800   -0.599118E-07
   2.32000   -0.591925E-07
   2.32200   -0.584727E-07
   2.32400   -0.577501E-07
   2.32600   -0.570263E-07
   2.32800   -0.563044E-07
   2.33000   -0.555897E-07
   2.33200   -0.548883E-07
   2.33400   -0.542071E-07
   2.33600   -0.535529E-07
   2.33800   -0.529322E-07
   2.34000   -0.523505E-07
   2.34200   -0.518124E-07
   2.34400   -0.513204E-07
   2.34600   -0.508744E-07
   2.34800   -0.504708E-07
   2.35000   -0.501013E-07
   2.35200   -0.497514E-07
   2.35400   -0.493998E-07
   2.35600   -0.490179E-07
   2.35800   -0.485697E-07
   2.36000   -0.480133E-07
   2.36200   -0.473035E-07
   2.36400   -0.463953E-07
   2.36600   -0.452495E-07
   2.36800   -0.438370E-07
   2.37000   -0.421451E-07
   2.37200   -0.401812E-07
   2.37400   -0.379753E-07
   2.37600   -0.355802E-07
   2.37800   -0.330680E-07
   2.38000   -0.305252E-07
   2.38200   -0.280441E-07
   2.38400   -0.257141E-07
   2.38600   -0.236126E-07
   2.38800   -0.217970E-07
   2.39000   -0.202999E-07
   2.39200   -0.191271E-07
   2.39400   -0.182587E-07
   2.39600   -0.176536E-07
   2.39800   -0.172564E-07
   2.40000   -0.170048E-07
   2.40200   -0.168373E-07
   2.40400   -0.166997E-07
   2.40600   -0.165495E-07
   2.40800   -0.163589E-07
   2.41000   -0.161139E-07
   2.41200   -0.158135E-07
   2.41400   -0.154662E-07
   2.41600   -0.150863E-07
   2.41800   -0.146908E-07
   2.42000   -0.142955E-07
   2.42200   -0.139129E-07
   2.42400   -0.135513E-07
   2.42600   -0.132142E-07
   2.42800   -0.129009E-07
   2.43000   -0.126081E-07
   2.43200   -0.123315E-07
   2.43400   -0.120674E-07
   2.43600   -0.118142E-07
   2.43800   -0.115732E-07
   2.44000   -0.113489E-07
   2.44200   -0.111486E-07
   2.44400   -0.109810E-07
   2.44600   -0.108550E-07
   2.44800   -0.107774E-07
   2.45000   -0.107518E-07
   2.45200   -0.107775E-07
   2.45400   -0.108488E-07
   2.45600   -0.109557E-07
   2.45800   -0.110842E-07
   2.46000   -0.112185E-07
   2.46200   -0.113426E-07
   2.46400   -0.114414E-07
   2.46600   -0.115025E-07
   2.46800   -0.115163E-07
   2.47000   -0.114766E-07
   2.47200   -0.113794E-07
   2.47400   -0.112227E-07
   2.47600   -0.110054E-07
   2.47800   -0.107262E-07
   2.48000   -0.103841E-07
   2.48200   -0.997749E-08
   2.48400   -0.950503E-08
   2.48600   -0.896604E-08
   2.48800   -0.836115E-08
   2.49000   -0.769283E-08
   2.49200   -0.696572E-08
   2.49400   -0.618674E-08
   2.49600   -0.536481E-08
   2.49800   -0.451050E-08
   2.50000   -0.363541E-08
   2.50200   -0.275147E-08
   2.50400   -0.187026E-08
   2.50600   -0.100236E-08
   2.50800   -0.156775E-09
   2.51000    0.659583E-09
   2.51200    0.144223E-08
   2.51400    0.218931E-08
   2.51600    0.290172E-08
   2.51800    0.358301E-08
   2.52000    0.423916E-08
   2.52200    0.487820E-08
   2.52400    0.550968E-08
   2.52600    0.614383E-08
   2.52800    0.679056E-08
   2.53000    0.745880E-08
   2.53200    0.815509E-08
   2.53400    0.888293E-08
   2.53600    0.964221E-08
   2.53800    0.104289E-07
   2.54000    0.112354E-07
   2.54200    0.120515E-07
   2.54400    0.128650E-07
   2.54600    0.136638E-07
   2.54800    0.144363E-07
   2.55000    0.151730E-07
   2.55200    0.158669E-07
   2.55400    0.165134E-07
   2.55600    0.171100E-07
   2.55800    0.176557E-07
   2.56000    0.181500E-07
   2.56200    0.185925E-07
   2.56400    0.189820E-07
   2.56600    0.193166E-07
   2.56800    0.195932E-07
   2.57000    0.198081E-07
   2.57200    0.199574E-07
   2.57400    0.200369E-07
   2.57600    0.200434E-07
   2.57800    0.199747E-07
   2.58000    0.198304E-07
   2.58200    0.196121E-07
   2.58400    0.193241E-07
   2.58600    0.189731E-07
   2.58800    0.185681E-07
   2.59000    0.181192E-07
   2.59200    0.176370E-07
   2.59400    0.171313E-07
   2.59600    0.166095E-07
   2.59800    0.160763E-07
   2.60000    0.155327E-07
   2.60200    0.149767E-07
   2.60400    0.144038E-07
   2.60600    0.138085E-07
   2.60800    0.131856E-07
   2.61000    0.125317E-07
   2.61200    0.118465E-07
   2.61400    0.111329E-07
   2.61600    0.103974E-07
   2.61800    0.964950E-08
   2.62000    0.890068E-08
   2.62200    0.816323E-08
   2.62400    0.744918E-08
   2.62600    0.676920E-08
   2.62800    0.613186E-08
   2.63000    0.554312E-08
   2.63200    0.500609E-08
   2.63400    0.452109E-08
   2.63600    0.408574E-08
   2.63800    0.369534E-08
   2.64000    0.334326E-08
   2.64200    0.302151E-08
   2.64400    0.272133E-08
   2.64600    0.243382E-08
   2.64800    0.215077E-08
   2.65000    0.186520E-08
   2.65200    0.157202E-08
   2.65400    0.126832E-08
   2.65600    0.953485E-09
   2.65800    0.628987E-09
   2.66000    0.297932E-09
   2.66200   -0.356364E-10
   2.66400   -0.367558E-09
   2.66600   -0.694164E-09
   2.66800   -0.101283E-08
   2.67000   -0.132216E-08
   2.67200   -0.162187E-08
   2.67400   -0.191246E-08
   2.67600   -0.219464E-08
   2.67800   -0.246889E-08
   2.68000   -0.273492E-08
   2.68200   -0.299151E-08
   2.68400   -0.323643E-08
   2.68600   -0.346646E-08
   2.68800   -0.367765E-08
   2.69000   -0.386558E-08
   2.69200   -0.402576E-08
   2.69400   -0.415410E-08
   2.69600   -0.424734E-08
   2.69800   -0.430363E-08
   2.70000   -0.432285E-08
   2.70200   -0.430696E-08
   2.70400   -0.426001E-08
   2.70600   -0.418777E-08
   2.70800   -0.409710E-08
   2.71000   -0.399501E-08
   2.71200   -0.388782E-08
   2.71400   -0.378037E-08
   2.71600   -0.367564E-08
   2.71800   -0.357502E-08
   2.72000   -0.347881E-08
   2.72200   -0.338726E-08
   2.72400   -0.330141E-08
   2.72600   -0.322383E-08
   2.72800   -0.315885E-08
   2.73000   -0.311197E-08
   2.73200   -0.308885E-08
   2.73400   -0.309377E-08
   2.73600   -0.312822E-08
   2.73800   -0.318963E-08
   2.74000   -0.327101E-08
   2.74200   -0.336136E-08
   2.74400   -0.344703E-08
   2.74600   -0.351391E-08
   2.74800   -0.354969E-08
   2.75000   -0.354624E-08
   2.75200   -0.350121E-08
   2.75400   -0.341867E-08
   2.75600   -0.330868E-08
   2.75800   -0.318552E-08
   2.76000   -0.306542E-08
   2.76200   -0.296386E-08
   2.76400   -0.289307E-08
   2.76600   -0.286035E-08
   2.76800   -0.286724E-08
   2.77000   -0.291020E-08
   2.77200   -0.298216E-08
   2.77400   -0.307474E-08
   2.77600   -0.318071E-08
   2.77800   -0.329643E-08
   2.78000   -0.342315E-08
   2.78200   -0.356772E-08
   2.78400   -0.374218E-08
   2.78600   -0.396212E-08
   2.78800   -0.424400E-08
   2.79000   -0.460668E-08
   2.79200   -0.506628E-08
   2.79400   -0.563703E-08
   2.79600   -0.633121E-08
   2.79800   -0.716021E-08
   2.80000   -0.813591E-08
   2.80200   -0.927209E-08
   2.80400   -0.105852E-07
   2.80600   -0.120939E-07
   2.80800   -0.138156E-07
   2.81000   -0.157619E-07
   2.81200   -0.179294E-07
   2.81400   -0.202891E-07
   2.81600   -0.227739E-07
   2.81800   -0.252659E-07
   2.82000   -0.275862E-07
   2.82200   -0.294901E-07
   2.82400   -0.306695E-07
   2.82600   -0.307668E-07
   2.82800   -0.293996E-07
   2.83000   -0.261968E-07
   2.83200   -0.208437E-07
   2.83400   -0.131296E-07
   2.83600   -0.299242E-08
   2.83800    0.944771E-08
   2.84000    0.238731E-07
   2.84200    0.397762E-07
   2.84400    0.564924E-07
   2.84600    0.732539E-07
   2.84800    0.892611E-07
   2.85000    0.103758E-06
   2.85200    0.116105E-06
   2.85400    0.125836E-06
   2.85600    0.132690E-06
   2.85800    0.136627E-06
   2.86000    0.137803E-06
   2.86200    0.136540E-06
   2.86400    0.133269E-06
   2.86600    0.128482E-06
   2.86800    0.122673E-06
   2.87000    0.116297E-06
   2.87200    0.109743E-06
   2.87400    0.103312E-06
   2.87600    0.972187E-07
   2.87800    0.915938E-07
   2.88000    0.864988E-07
   2.88200    0.819418E-07
   2.88400    0.778937E-07
   2.88600    0.743038E-07
   2.88800    0.711118E-07
   2.89000    0.682568E-07
   2.89200    0.656842E-07
   2.89400    0.633485E-07
   2.89600    0.612156E-07
   2.89800    0.592619E-07
   2.90000    0.574736E-07
   2.90200    0.558449E-07
   2.90400    0.543758E-07
   2.90600    0.530705E-07
   2.90800    0.519345E-07
   2.91000    0.509740E-07
   2.91200    0.501959E-07
   2.91400    0.496032E-07
   2.91600    0.491963E-07
   2.91800    0.489707E-07
   2.92000    0.489160E-07
   2.92200    0.490137E-07
   2.92400    0.492366E-07
   2.92600    0.495474E-07
   2.92800    0.498995E-07
   2.93000    0.502389E-07
   2.93200    0.505072E-07
   2.93400    0.506465E-07
   2.93600    0.506049E-07
   2.93800    0.503418E-07
   2.94000    0.498332E-07
   2.94200    0.490747E-07
   2.94400    0.480825E-07
   2.94600    0.468923E-07
   2.94800    0.455552E-07
   2.95000    0.441324E-07
   2.95200    0.426887E-07
   2.95400    0.412855E-07
   2.95600    0.399756E-07
   2.95800    0.387983E-07
   2.96000    0.377771E-07
   2.96200    0.369191E-07
   2.96400    0.362163E-07
   2.96600    0.356479E-07
   2.96800    0.351847E-07
   2.97000    0.347926E-07
   2.97200    0.344376E-07
   2.97400    0.340898E-07
   2.97600    0.337265E-07
   2.97800    0.333349E-07
   2.98000    0.329129E-07
   2.98200    0.324691E-07
   2.98400    0.320212E-07
   2.98600    0.315930E-07
   2.98800    0.312109E-07
   2.99000    0.309002E-07
   2.99200    0.306816E-07
   2.99400    0.305683E-07
   2.99600    0.305646E-07
   2.99800    0.306658E-07
   3.00000    0.308598E-07
   3.00200    0.311286E-07
   3.00400    0.314524E-07
   3.00600    0.318118E-07
   3.00800    0.321902E-07
   3.01000    0.325764E-07
   3.01200    0.329643E-07
   3.01400    0.333527E-07
   3.01600    0.337444E-07
   3.01800    0.341435E-07
   3.02000    0.345541E-07
   3.02200    0.349785E-07
   3.02400    0.354157E-07
   3.02600    0.358611E-07
   3.02800    0.363073E-07
   3.03000    0.367444E-07
   3.03200    0.371615E-07
   3.03400    0.375484E-07
   3.03600    0.378966E-07
   3.03800    0.382007E-07
   3.04000    0.384588E-07
   3.04200    0.386726E-07
   3.04400    0.388478E-07
   3.04600    0.389929E-07
   3.04800    0.391187E-07
   3.05000    0.392375E-07
   3.05200    0.393618E-07
   3.05400    0.395030E-07
   3.05600    0.396710E-07
   3.05800    0.398730E-07
   3.06000    0.401127E-07
   3.06200    0.403902E-07
   3.06400    0.407017E-07
   3.06600    0.410398E-07
   3.06800    0.413941E-07
   3.07000    0.417517E-07
   3.07200    0.420992E-07
   3.07400    0.424232E-07
   3.07600    0.427120E-07
   3.07800    0.429566E-07
   3.08000    0.431518E-07
   3.08200    0.432964E-07
   3.08400    0.433936E-07
   3.08600    0.434501E-07
   3.08800    0.434751E-07
   3.09000    0.434795E-07
   3.09200    0.434739E-07
   3.09400    0.434679E-07
   3.09600    0.434687E-07
   3.09800    0.434809E-07
   3.10000    0.435058E-07
   3.10200    0.435425E-07
   3.10400    0.435882E-07
   3.10600    0.436394E-07
   3.10800    0.436934E-07
   3.11000    0.437488E-07
   3.11200    0.438072E-07
   3.11400    0.438734E-07
   3.11600    0.439546E-07
   3.11800    0.440609E-07
   3.12000    0.442033E-07
   3.12200    0.443922E-07
   3.12400    0.446356E-07
   3.12600    0.449369E-07
   3.12800    0.452928E-07
   3.13000    0.456916E-07
   3.13200    0.461121E-07
   3.13400    0.465228E-07
   3.13600    0.468826E-07
   3.13800    0.471410E-07
   3.14000    0.472408E-07
   3.14200    0.471207E-07
   3.14400    0.467198E-07
   3.14600    0.459827E-07
   3.14800    0.448658E-07
   3.15000    0.433453E-07
   3.15200    0.414237E-07
   3.15400    0.391367E-07
   3.15600    0.365573E-07
   3.15800    0.337972E-07
   3.16000    0.310037E-07
   3.16200    0.283516E-07
   3.16400    0.260307E-07
   3.16600    0.242293E-07
   3.16800    0.231165E-07
   3.17000    0.228247E-07
   3.17200    0.234345E-07
   3.17400    0.249661E-07
   3.17600    0.273760E-07
   3.17800    0.305616E-07
   3.18000    0.343719E-07
   3.18200    0.386228E-07
   3.18400    0.431148E-07
   3.18600    0.476507E-07
   3.18800    0.520507E-07
   3.19000    0.561642E-07
   3.19200    0.598757E-07
   3.19400    0.631078E-07
   3.19600    0.658184E-07
   3.19800    0.679967E-07
   3.20000    0.696567E-07
   3.20200    0.708307E-07
   3.20400    0.715636E-07
   3.20600    0.719081E-07
   3.20800    0.719206E-07
   3.21000    0.716592E-07
   3.21200    0.711818E-07
   3.21400    0.705446E-07
   3.21600    0.698013E-07
   3.21800    0.690009E-07
   3.22000    0.681867E-07
   3.22200    0.673940E-07
   3.22400    0.666486E-07
   3.22600    0.659647E-07
   3.22800    0.653438E-07
   3.23000    0.647753E-07
   3.23200    0.642364E-07
   3.23400    0.636941E-07
   3.23600    0.631089E-07
   3.23800    0.624390E-07
   3.24000    0.616449E-07
   3.24200    0.606949E-07
   3.24400    0.595700E-07
   3.24600    0.582684E-07
   3.24800    0.568079E-07
   3.25000    0.552258E-07
   3.25200    0.535770E-07
   3.25400    0.519289E-07
   3.25600    0.503540E-07
   3.25800    0.489209E-07
   3.26000    0.476855E-07
   3.26200    0.466822E-07
   3.26400    0.459176E-07
   3.26600    0.453675E-07
   3.26800    0.449767E-07
   3.27000    0.446633E-07
   3.27200    0.443258E-07
   3.27400    0.438525E-07
   3.27600    0.431325E-07
   3.27800    0.420670E-07
   3.28000    0.405798E-07
   3.28200    0.386257E-07
   3.28400    0.361966E-07
   3.28600    0.333241E-07
   3.28800    0.300791E-07
   3.29000    0.265665E-07
   3.29200    0.229176E-07
   3.29400    0.192789E-07
   3.29600    0.157998E-07
   3.29800    0.126195E-07
   3.30000    0.985534E-08
   3.30200    0.759346E-08
   3.30400    0.588346E-08
   3.30600    0.473687E-08
   3.30800    0.412986E-08
   3.31000    0.400911E-08
   3.31200    0.430019E-08
   3.31400    0.491675E-08
   3.31600    0.576947E-08
   3.31800    0.677354E-08
   3.32000    0.785435E-08
   3.32200    0.895061E-08
   3.32400    0.100159E-07
   3.32600    0.110176E-07
   3.32800    0.119359E-07
   3.33000    0.127610E-07
   3.33200    0.134906E-07
   3.33400    0.141277E-07
   3.33600    0.146788E-07
   3.33800    0.151518E-07
   3.34000    0.155559E-07
   3.34200    0.158996E-07
   3.34400    0.161915E-07
   3.34600    0.164394E-07
   3.34800    0.166505E-07
   3.35000    0.168314E-07
   3.35200    0.169875E-07
   3.35400    0.171240E-07
   3.35600    0.172451E-07
   3.35800    0.173540E-07
   3.36000    0.174529E-07
   3.36200    0.175432E-07
   3.36400    0.176254E-07
   3.36600    0.176989E-07
   3.36800    0.177630E-07
   3.37000    0.178164E-07
   3.37200    0.178583E-07
   3.37400    0.178881E-07
   3.37600    0.179059E-07
   3.37800    0.179129E-07
   3.38000    0.179106E-07
   3.38200    0.179016E-07
   3.38400    0.178884E-07
   3.38600    0.178738E-07
   3.38800    0.178599E-07
   3.39000    0.178482E-07
   3.39200    0.178393E-07
   3.39400    0.178330E-07
   3.39600    0.178287E-07
   3.39800    0.178254E-07
   3.40000    0.178223E-07
   3.40200    0.178191E-07
   3.40400    0.178163E-07
   3.40600    0.178153E-07
   3.40800    0.178176E-07
   3.41000    0.178247E-07
   3.41200    0.178374E-07
   3.41400    0.178546E-07
   3.41600    0.178734E-07
   3.41800    0.178881E-07
   3.42000    0.178914E-07
   3.42200    0.178742E-07
   3.42400    0.178274E-07
   3.42600    0.177432E-07
   3.42800    0.176166E-07
   3.43000    0.174469E-07
   3.43200    0.172376E-07
   3.43400    0.169972E-07
   3.43600    0.167374E-07
   3.43800    0.164719E-07
   3.44000    0.162137E-07
   3.44200    0.159735E-07
   3.44400    0.157571E-07
   3.44600    0.155647E-07
   3.44800    0.153903E-07
   3.45000    0.152231E-07
   3.45200    0.150494E-07
   3.45400    0.148548E-07
   3.45600    0.146274E-07
   3.45800    0.143598E-07
   3.46000    0.140510E-07
   3.46200    0.137068E-07
   3.46400    0.133389E-07
   3.46600    0.129631E-07
   3.46800    0.125970E-07
   3.47000    0.122570E-07
   3.47200    0.119562E-07
   3.47400    0.117024E-07
   3.47600    0.114979E-07
   3.47800    0.113394E-07
   3.48000    0.112200E-07
   3.48200    0.111308E-07
   3.48400    0.110633E-07
   3.48600    0.110115E-07
   3.48800    0.109736E-07
   3.49000    0.109530E-07
   3.49200    0.109586E-07
   3.49400    0.110045E-07
   3.49600    0.111094E-07
   3.49800    0.112954E-07
   3.50000    0.115866E-07
   3.50200    0.120077E-07
   3.50400    0.125826E-07
   3.50600    0.133325E-07
   3.50800    0.142740E-07
   3.51000    0.154181E-07
   3.51200    0.167685E-07
   3.51400    0.183213E-07
   3.51600    0.200640E-07
   3.51800    0.219776E-07
   3.52000    0.240371E-07
   3.52200    0.262142E-07
   3.52400    0.284794E-07
   3.52600    0.308050E-07
   3.52800    0.331663E-07
   3.53000    0.355440E-07
   3.53200    0.379242E-07
   3.53400    0.402995E-07
   3.53600    0.426678E-07
   3.53800    0.450336E-07
   3.54000    0.474013E-07
   3.54200    0.497869E-07
   3.54400    0.522075E-07
   3.54600    0.546860E-07
   3.54800    0.572509E-07
   3.55000    0.599371E-07
   3.55200    0.627860E-07
   3.55400    0.658452E-07
   3.55600    0.691669E-07
   3.55800    0.728048E-07
   3.56000    0.768087E-07
   3.56200    0.812152E-07
   3.56400    0.860360E-07
   3.56600    0.912418E-07
   3.56800    0.967430E-07
   3.57000    0.102371E-06
   3.57200    0.107858E-06
   3.57400    0.112831E-06
   3.57600    0.116803E-06
   3.57800    0.119197E-06
   3.58000    0.119372E-06
   3.58200    0.116680E-06
   3.58400    0.110533E-06
   3.58600    0.100483E-06
   3.58800    0.863015E-07
   3.59000    0.680430E-07
   3.59200    0.460851E-07
   3.59400    0.211314E-07
   3.59600   -0.582565E-08
   3.59800   -0.335829E-07
   3.60000   -0.608347E-07
   3.60200   -0.862988E-07
   3.60400   -0.108839E-06
   3.60600   -0.127572E-06
   3.60800   -0.141934E-06
   3.61000   -0.151715E-06
   3.61200   -0.157039E-06
   3.61400   -0.158316E-06
   3.61600   -0.156164E-06
   3.61800   -0.151317E-06
   3.62000   -0.144544E-06
   3.62200   -0.136567E-06
   3.62400   -0.128016E-06
   3.62600   -0.119394E-06
   3.62800   -0.111068E-06
   3.63000   -0.103279E-06
   3.63200   -0.961567E-07
   3.63400   -0.897502E-07
   3.63600   -0.840476E-07
   3.63800   -0.789999E-07
   3.64000   -0.745389E-07
   3.64200   -0.705885E-07
   3.64400   -0.670735E-07
   3.64600   -0.639238E-07
   3.64800   -0.610768E-07
   3.65000   -0.584781E-07
   3.65200   -0.560826E-07
   3.65400   -0.538538E-07
   3.65600   -0.517646E-07
   3.65800   -0.497960E-07
   3.66000   -0.479379E-07
   3.66200   -0.461837E-07
   3.66400   -0.445387E-07
   3.66600   -0.430057E-07
   3.66800   -0.415899E-07
   3.67000   -0.402954E-07
   3.67200   -0.391229E-07
   3.67400   -0.380689E-07
   3.67600   -0.371244E-07
   3.67800   -0.362760E-07
   3.68000   -0.355057E-07
   3.68200   -0.347932E-07
   3.68400   -0.341174E-07
   3.68600   -0.334585E-07
   3.68800   -0.327996E-07
   3.69000   -0.321286E-07
   3.69200   -0.314384E-07
   3.69400   -0.307278E-07
   3.69600   -0.300003E-07
   3.69800   -0.292637E-07
   3.70000   -0.285279E-07
   3.70200   -0.278041E-07
   3.70400   -0.271023E-07
   3.70600   -0.264306E-07
   3.70800   -0.257943E-07
   3.71000   -0.251952E-07
   3.71200   -0.246325E-07
   3.71400   -0.241031E-07
   3.71600   -0.236026E-07
   3.71800   -0.231262E-07
   3.72000   -0.226701E-07
   3.72200   -0.222313E-07
   3.72400   -0.218085E-07
   3.72600   -0.214019E-07
   3.72800   -0.210122E-07
   3.73000   -0.206407E-07
   3.73200   -0.202881E-07
   3.73400   -0.199541E-07
   3.73600   -0.196373E-07
   3.73800   -0.193343E-07
   3.74000   -0.190408E-07
   3.74200   -0.187510E-07
   3.74400   -0.184590E-07
   3.74600   -0.181592E-07
   3.74800   -0.178468E-07
   3.75000   -0.175190E-07
   3.75200   -0.171750E-07
   3.75400   -0.168171E-07
   3.75600   -0.164501E-07
   3.75800   -0.160816E-07
   3.76000   -0.157212E-07
   3.76200   -0.153797E-07
   3.76400   -0.150682E-07
   3.76600   -0.147967E-07
   3.76800   -0.145728E-07
   3.77000   -0.144007E-07
   3.77200   -0.142804E-07
   3.77400   -0.142076E-07
   3.77600   -0.141739E-07
   3.77800   -0.141672E-07
   3.78000   -0.141737E-07
   3.78200   -0.141785E-07
   3.78400   -0.141676E-07
   3.78600   -0.141291E-07
   3.78800   -0.140542E-07
   3.79000   -0.139376E-07
   3.79200   -0.137778E-07
   3.79400   -0.135768E-07
   3.79600   -0.133394E-07
   3.79800   -0.130722E-07
   3.80000   -0.127835E-07
   3.80200   -0.124822E-07
   3.80400   -0.121775E-07
   3.80600   -0.118794E-07
   3.80800   -0.115982E-07
   3.81000   -0.113448E-07
   3.81200   -0.111310E-07
   3.81400   -0.109695E-07
   3.81600   -0.108730E-07
   3.81800   -0.108541E-07
   3.82000   -0.109237E-07
   3.82200   -0.110899E-07
   3.82400   -0.113563E-07
   3.82600   -0.117209E-07
   3.82800   -0.121741E-07
   3.83000   -0.126987E-07
   3.83200   -0.132690E-07
   3.83400   -0.138518E-07
   3.83600   -0.144080E-07
   3.83800   -0.148950E-07
   3.84000   -0.152701E-07
   3.84200   -0.154944E-07
   3.84400   -0.155367E-07
   3.84600   -0.153771E-07
   3.84800   -0.150095E-07
   3.85000   -0.144430E-07
   3.85200   -0.137017E-07
   3.85400   -0.128222E-07
   3.85600   -0.118506E-07
   3.85800   -0.108381E-07
   3.86000   -0.983625E-08
   3.86200   -0.889244E-08
   3.86400   -0.804639E-08
   3.86600   -0.732773E-08
   3.86800   -0.675486E-08
   3.87000   -0.633534E-08
   3.87200   -0.606710E-08
   3.87400   -0.594064E-08
   3.87600   -0.594144E-08
   3.87800   -0.605242E-08
   3.88000   -0.625613E-08
   3.88200   -0.653652E-08
   3.88400   -0.687998E-08
   3.88600   -0.727597E-08
   3.88800   -0.771698E-08
   3.89000   -0.819814E-08
   3.89200   -0.871639E-08
   3.89400   -0.926954E-08
   3.89600   -0.985518E-08
   3.89800   -0.104698E-07
   3.90000   -0.111077E-07
   3.90200   -0.117610E-07
   3.90400   -0.124190E-07
   3.90600   -0.130688E-07
   3.90800   -0.136954E-07
   3.91000   -0.142834E-07
   3.91200   -0.148175E-07
   3.91400   -0.152836E-07
   3.91600   -0.156706E-07
   3.91800   -0.159706E-07
   3.92000   -0.161806E-07
   3.92200   -0.163017E-07
   3.92400   -0.163403E-07
   3.92600   -0.163065E-07
   3.92800   -0.162143E-07
   3.93000   -0.160793E-07
   3.93200   -0.159185E-07
   3.93400   -0.157477E-07
   3.93600   -0.155807E-07
   3.93800   -0.154281E-07
   3.94000   -0.152965E-07
   3.94200   -0.151882E-07
   3.94400   -0.151017E-07
   3.94600   -0.150329E-07
   3.94800   -0.149755E-07
   3.95000   -0.149232E-07
   3.95200   -0.148708E-07
   3.95400   -0.148150E-07
   3.95600   -0.147550E-07
   3.95800   -0.146924E-07
   3.96000   -0.146305E-07
   3.96200   -0.145728E-07
   3.96400   -0.145218E-07
   3.96600   -0.144775E-07
   3.96800   -0.144366E-07
   3.97000   -0.143916E-07
   3.97200   -0.143314E-07
   3.97400   -0.142422E-07
   3.97600   -0.141086E-07
   3.97800   -0.139156E-07
   3.98000   -0.136500E-07
   3.98200   -0.133014E-07
   3.98400   -0.128639E-07
   3.98600   -0.123355E-07
   3.98800   -0.117189E-07
   3.99000   -0.110211E-07
   3.99200   -0.102524E-07
   3.99400   -0.942658E-08
   3.99600   -0.855968E-08
   3.99800   -0.766963E-08
   4.00000   -0.677538E-08
