   0.00000    0.000000E+00
   0.00200    0.000000E+00
   0.00400    0.000000E+00
   0.00600    0.000000E+00
   0.00800    0.000000E+00
   0.01000    0.000000E+00
   0.01200    0.000000E+00
   0.01400    0.000000E+00
   0.01600    0.000000E+00
   0.01800    0.000000E+00
   0.02000    0.000000E+00
   0.02200    0.000000E+00
   0.02400    0.000000E+00
   0.02600   -0.241874E-10
   0.02800   -0.714493E-10
   0.03000   -0.154162E-09
   0.03200   -0.309431E-09
   0.03400   -0.602832E-09
   0.03600   -0.114416E-08
   0.03800   -0.211795E-08
   0.04000   -0.382543E-08
   0.04200   -0.674337E-08
   0.04400   -0.116020E-07
   0.04600   -0.194824E-07
   0.04800   -0.319303E-07
   0.05000   -0.510755E-07
   0.05200   -0.797411E-07
   0.05400   -0.121512E-06
   0.05600   -0.180729E-06
   0.05800   -0.262373E-06
   0.06000   -0.371787E-06
   0.06200   -0.514236E-06
   0.06400   -0.694272E-06
   0.06600   -0.914963E-06
   0.06800   -0.117704E-05
   0.07000   -0.147810E-05
   0.07200   -0.181195E-05
   0.07400   -0.216834E-05
   0.07600   -0.253312E-05
   0.07800   -0.288895E-05
   0.08000   -0.321651E-05
   0.08200   -0.349622E-05
   0.08400   -0.371009E-05
   0.08600   -0.384364E-05
   0.08800   -0.388749E-05
   0.09000   -0.383841E-05
   0.09200   -0.369970E-05
   0.09400   -0.348075E-05
   0.09600   -0.319598E-05
   0.09800   -0.286323E-05
   0.10000   -0.250187E-05
   0.10200   -0.213098E-05
   0.10400   -0.176768E-05
   0.10600   -0.142602E-05
   0.10800   -0.111626E-05
   0.11000   -0.844718E-06
   0.11200   -0.614065E-06
   0.11400   -0.423902E-06
   0.11600   -0.271516E-06
   0.11800   -0.152680E-06
   0.12000   -0.623781E-07
   0.12200    0.459571E-08
   0.12400    0.532037E-07
   0.12600    0.878884E-07
   0.12800    0.112436E-06
   0.13000    0.129941E-06
   0.13200    0.142846E-06
   0.13400    0.153014E-06
   0.13600    0.161811E-06
   0.13800    0.170199E-06
   0.14000    0.178805E-06
   0.14200    0.187985E-06
   0.14400    0.197876E-06
   0.14600    0.208441E-06
   0.14800    0.219518E-06
   0.15000    0.230817E-06
   0.15200    0.242004E-06
   0.15400    0.252730E-06
   0.15600    0.262644E-06
   0.15800    0.271429E-06
   0.16000    0.278823E-06
   0.16200    0.284635E-06
   0.16400    0.288755E-06
   0.16600    0.291146E-06
   0.16800    0.291848E-06
   0.17000    0.290957E-06
   0.17200    0.288620E-06
   0.17400    0.285017E-06
   0.17600    0.280349E-06
   0.17800    0.274832E-06
   0.18000    0.268684E-06
   0.18200    0.262123E-06
   0.18400    0.255364E-06
   0.18600    0.248621E-06
   0.18800    0.242102E-06
   0.19000    0.236004E-06
   0.19200    0.230514E-06
   0.19400    0.225798E-06
   0.19600    0.221991E-06
   0.19800    0.219189E-06
   0.20000    0.217438E-06
   0.20200    0.216728E-06
   0.20400    0.216985E-06
   0.20600    0.218073E-06
   0.20800    0.219798E-06
   0.21000    0.221917E-06
   0.21200    0.224157E-06
   0.21400    0.226228E-06
   0.21600    0.227849E-06
   0.21800    0.228771E-06
   0.22000    0.228795E-06
   0.22200    0.227789E-06
   0.22400    0.225702E-06
   0.22600    0.222563E-06
   0.22800    0.218482E-06
   0.23000    0.213635E-06
   0.23200    0.208249E-06
   0.23400    0.202580E-06
   0.23600    0.196887E-06
   0.23800    0.191418E-06
   0.24000    0.186383E-06
   0.24200    0.181951E-06
   0.24400    0.178234E-06
   0.24600    0.175292E-06
   0.24800    0.173132E-06
   0.25000    0.171716E-06
   0.25200    0.170970E-06
   0.25400    0.170787E-06
   0.25600    0.171041E-06
   0.25800    0.171584E-06
   0.26000    0.172262E-06
   0.26200    0.172909E-06
   0.26400    0.173366E-06
   0.26600    0.173476E-06
   0.26800    0.173105E-06
   0.27000    0.172142E-06
   0.27200    0.170517E-06
   0.27400    0.168205E-06
   0.27600    0.165232E-06
   0.27800    0.161678E-06
   0.28000    0.157671E-06
   0.28200    0.153381E-06
   0.28400    0.149003E-06
   0.28600    0.144744E-06
   0.28800    0.140806E-06
   0.29000    0.137364E-06
   0.29200    0.134558E-06
   0.29400    0.132481E-06
   0.29600    0.131170E-06
   0.29800    0.130608E-06
   0.30000    0.130725E-06
   0.30200    0.131406E-06
   0.30400    0.132499E-06
   0.30600    0.133828E-06
   0.30800    0.135204E-06
   0.31000    0.136437E-06
   0.31200    0.137352E-06
   0.31400    0.137796E-06
   0.31600    0.137653E-06
   0.31800    0.136847E-06
   0.32000    0.135355E-06
   0.32200    0.133199E-06
   0.32400    0.130456E-06
   0.32600    0.127242E-06
   0.32800    0.123710E-06
   0.33000    0.120036E-06
   0.33200    0.116405E-06
   0.33400    0.113002E-06
   0.33600    0.109989E-06
   0.33800    0.107504E-06
   0.34000    0.105642E-06
   0.34200    0.104455E-06
   0.34400    0.103946E-06
   0.34600    0.104068E-06
   0.34800    0.104729E-06
   0.35000    0.105797E-06
   0.35200    0.107112E-06
   0.35400    0.108494E-06
   0.35600    0.109763E-06
   0.35800    0.110748E-06
   0.36000    0.111308E-06
   0.36200    0.111339E-06
   0.36400    0.110785E-06
   0.36600    0.109644E-06
   0.36800    0.107965E-06
   0.37000    0.105844E-06
   0.37200    0.103416E-06
   0.37400    0.100835E-06
   0.37600    0.982642E-07
   0.37800    0.958617E-07
   0.38000    0.937641E-07
   0.38200    0.920780E-07
   0.38400    0.908717E-07
   0.38600    0.901718E-07
   0.38800    0.899615E-07
   0.39000    0.901823E-07
   0.39200    0.907392E-07
   0.39400    0.915074E-07
   0.39600    0.923420E-07
   0.39800    0.930904E-07
   0.40000    0.936056E-07
   0.40200    0.937612E-07
   0.40400    0.934641E-07
   0.40600    0.926659E-07
   0.40800    0.913688E-07
   0.41000    0.896262E-07
   0.41200    0.875368E-07
   0.41400    0.852338E-07
   0.41600    0.828688E-07
   0.41800    0.805943E-07
   0.42000    0.785468E-07
   0.42200    0.768315E-07
   0.42400    0.755133E-07
   0.42600    0.746119E-07
   0.42800    0.741024E-07
   0.43000    0.739217E-07
   0.43200    0.739783E-07
   0.43400    0.741637E-07
   0.43600    0.743655E-07
   0.43800    0.744794E-07
   0.44000    0.744193E-07
   0.44200    0.741260E-07
   0.44400    0.735707E-07
   0.44600    0.727565E-07
   0.44800    0.717158E-07
   0.45000    0.705032E-07
   0.45200    0.691876E-07
   0.45400    0.678418E-07
   0.45600    0.665328E-07
   0.45800    0.653137E-07
   0.46000    0.642188E-07
   0.46200    0.632622E-07
   0.46400    0.624410E-07
   0.46600    0.617404E-07
   0.46800    0.611411E-07
   0.47000    0.606264E-07
   0.47200    0.601870E-07
   0.47400    0.598230E-07
   0.47600    0.595423E-07
   0.47800    0.593551E-07
   0.48000    0.592675E-07
   0.48200    0.592733E-07
   0.48400    0.593483E-07
   0.48600    0.594476E-07
   0.48800    0.595073E-07
   0.49000    0.594502E-07
   0.49200    0.591963E-07
   0.49400    0.586740E-07
   0.49600    0.578330E-07
   0.49800    0.566543E-07
   0.50000    0.551562E-07
   0.50200    0.533951E-07
   0.50400    0.514611E-07
   0.50600    0.494672E-07
   0.50800    0.475362E-07
   0.51000    0.457845E-07
   0.51200    0.443079E-07
   0.51400    0.431690E-07
   0.51600    0.423904E-07
   0.51800    0.419527E-07
   0.52000    0.417986E-07
   0.52200    0.418407E-07
   0.52400    0.419734E-07
   0.52600    0.420854E-07
   0.52800    0.420721E-07
   0.53000    0.418451E-07
   0.53200    0.413393E-07
   0.53400    0.405169E-07
   0.53600    0.393679E-07
   0.53800    0.379081E-07
   0.54000    0.361757E-07
   0.54200    0.342265E-07
   0.54400    0.321282E-07
   0.54600    0.299550E-07
   0.54800    0.277820E-07
   0.55000    0.256776E-07
   0.55200    0.236997E-07
   0.55400    0.218894E-07
   0.55600    0.202673E-07
   0.55800    0.188316E-07
   0.56000    0.175605E-07
   0.56200    0.164082E-07
   0.56400    0.153154E-07
   0.56600    0.142140E-07
   0.56800    0.130281E-07
   0.57000    0.116877E-07
   0.57200    0.101275E-07
   0.57400    0.828379E-08
   0.57600    0.610958E-08
   0.57800    0.356158E-08
   0.58000    0.604885E-09
   0.58200   -0.279225E-08
   0.58400   -0.665882E-08
   0.58600   -0.110252E-07
   0.58800   -0.159227E-07
   0.59000   -0.213840E-07
   0.59200   -0.274408E-07
   0.59400   -0.341173E-07
   0.59600   -0.414215E-07
   0.59800   -0.493293E-07
   0.60000   -0.577662E-07
   0.60200   -0.665850E-07
   0.60400   -0.755448E-07
   0.60600   -0.842956E-07
   0.60800   -0.923742E-07
   0.61000   -0.992176E-07
   0.61200   -0.104196E-06
   0.61400   -0.106669E-06
   0.61600   -0.106055E-06
   0.61800   -0.101916E-06
   0.62000   -0.940322E-07
   0.62200   -0.824588E-07
   0.62400   -0.675565E-07
   0.62600   -0.499777E-07
   0.62800   -0.306117E-07
   0.63000   -0.104938E-07
   0.63200    0.930909E-08
   0.63400    0.278176E-07
   0.63600    0.442443E-07
   0.63800    0.580673E-07
   0.64000    0.690624E-07
   0.64200    0.772907E-07
   0.64400    0.830480E-07
   0.64600    0.867889E-07
   0.64800    0.890394E-07
   0.65000    0.903157E-07
   0.65200    0.910598E-07
   0.65400    0.915996E-07
   0.65600    0.921348E-07
   0.65800    0.927461E-07
   0.66000    0.934197E-07
   0.66200    0.940808E-07
   0.66400    0.946276E-07
   0.66600    0.949609E-07
   0.66800    0.950053E-07
   0.67000    0.947212E-07
   0.67200    0.941095E-07
   0.67400    0.932056E-07
   0.67600    0.920734E-07
   0.67800    0.907937E-07
   0.68000    0.894529E-07
   0.68200    0.881312E-07
   0.68400    0.868991E-07
   0.68600    0.858040E-07
   0.68800    0.848702E-07
   0.69000    0.841005E-07
   0.69200    0.834715E-07
   0.69400    0.829439E-07
   0.69600    0.824691E-07
   0.69800    0.819849E-07
   0.70000    0.814363E-07
   0.70200    0.807753E-07
   0.70400    0.799699E-07
   0.70600    0.790072E-07
   0.70800    0.778966E-07
   0.71000    0.766672E-07
   0.71200    0.753650E-07
   0.71400    0.740470E-07
   0.71600    0.727730E-07
   0.71800    0.715999E-07
   0.72000    0.705729E-07
   0.72200    0.697224E-07
   0.72400    0.690610E-07
   0.72600    0.685834E-07
   0.72800    0.682696E-07
   0.73000    0.680889E-07
   0.73200    0.680046E-07
   0.73400    0.679786E-07
   0.73600    0.679761E-07
   0.73800    0.679675E-07
   0.74000    0.679297E-07
   0.74200    0.678465E-07
   0.74400    0.677075E-07
   0.74600    0.675068E-07
   0.74800    0.672428E-07
   0.75000    0.669171E-07
   0.75200    0.665355E-07
   0.75400    0.661079E-07
   0.75600    0.656496E-07
   0.75800    0.651813E-07
   0.76000    0.647280E-07
   0.76200    0.643179E-07
   0.76400    0.639789E-07
   0.76600    0.637350E-07
   0.76800    0.636025E-07
   0.77000    0.635867E-07
   0.77200    0.636789E-07
   0.77400    0.638567E-07
   0.77600    0.640846E-07
   0.77800    0.643175E-07
   0.78000    0.645056E-07
   0.78200    0.646005E-07
   0.78400    0.645612E-07
   0.78600    0.643596E-07
   0.78800    0.639857E-07
   0.79000    0.634494E-07
   0.79200    0.627811E-07
   0.79400    0.620298E-07
   0.79600    0.612574E-07
   0.79800    0.605326E-07
   0.80000    0.599226E-07
   0.80200    0.594844E-07
   0.80400    0.592573E-07
   0.80600    0.592567E-07
   0.80800    0.594715E-07
   0.81000    0.598641E-07
   0.81200    0.603740E-07
   0.81400    0.609248E-07
   0.81600    0.614327E-07
   0.81800    0.618169E-07
   0.82000    0.620087E-07
   0.82200    0.619598E-07
   0.82400    0.616479E-07
   0.82600    0.610793E-07
   0.82800    0.602881E-07
   0.83000    0.593326E-07
   0.83200    0.582891E-07
   0.83400    0.572438E-07
   0.83600    0.562839E-07
   0.83800    0.554887E-07
   0.84000    0.549216E-07
   0.84200    0.546237E-07
   0.84400    0.546098E-07
   0.84600    0.548671E-07
   0.84800    0.553565E-07
   0.85000    0.560173E-07
   0.85200    0.567729E-07
   0.85400    0.575397E-07
   0.85600    0.582348E-07
   0.85800    0.587848E-07
   0.86000    0.591326E-07
   0.86200    0.592425E-07
   0.86400    0.591036E-07
   0.86600    0.587289E-07
   0.86800    0.581542E-07
   0.87000    0.574327E-07
   0.87200    0.566293E-07
   0.87400    0.558134E-07
   0.87600    0.550512E-07
   0.87800    0.543991E-07
   0.88000    0.538978E-07
   0.88200    0.535681E-07
   0.88400    0.534100E-07
   0.88600    0.534032E-07
   0.88800    0.535108E-07
   0.89000    0.536845E-07
   0.89200    0.538719E-07
   0.89400    0.540227E-07
   0.89600    0.540962E-07
   0.89800    0.540654E-07
   0.90000    0.539205E-07
   0.90200    0.536690E-07
   0.90400    0.533336E-07
   0.90600    0.529489E-07
   0.90800    0.525557E-07
   0.91000    0.521951E-07
   0.91200    0.519032E-07
   0.91400    0.517063E-07
   0.91600    0.516174E-07
   0.91800    0.516348E-07
   0.92000    0.517423E-07
   0.92200    0.519109E-07
   0.92400    0.521024E-07
   0.92600    0.522739E-07
   0.92800    0.523825E-07
   0.93000    0.523902E-07
   0.93200    0.522684E-07
   0.93400    0.520010E-07
   0.93600    0.515860E-07
   0.93800    0.510364E-07
   0.94000    0.503784E-07
   0.94200    0.496491E-07
   0.94400    0.488928E-07
   0.94600    0.481568E-07
   0.94800    0.474866E-07
   0.95000    0.469217E-07
   0.95200    0.464911E-07
   0.95400    0.462111E-07
   0.95600    0.460827E-07
   0.95800    0.460919E-07
   0.96000    0.462108E-07
   0.96200    0.464006E-07
   0.96400    0.466163E-07
   0.96600    0.468115E-07
   0.96800    0.469444E-07
   0.97000    0.469828E-07
   0.97200    0.469081E-07
   0.97400    0.467180E-07
   0.97600    0.464267E-07
   0.97800    0.460639E-07
   0.98000    0.456709E-07
   0.98200    0.452954E-07
   0.98400    0.449862E-07
   0.98600    0.447859E-07
   0.98800    0.447256E-07
   0.99000    0.448195E-07
   0.99200    0.450622E-07
   0.99400    0.454272E-07
   0.99600    0.458695E-07
   0.99800    0.463289E-07
   1.00000    0.467372E-07
   1.00200    0.470261E-07
   1.00400    0.471358E-07
   1.00600    0.470233E-07
   1.00800    0.466688E-07
   1.01000    0.460795E-07
   1.01200    0.452907E-07
   1.01400    0.443628E-07
   1.01600    0.433751E-07
   1.01800    0.424176E-07
   1.02000    0.415810E-07
   1.02200    0.409459E-07
   1.02400    0.405740E-07
   1.02600    0.405006E-07
   1.02800    0.407301E-07
   1.03000    0.412354E-07
   1.03200    0.419607E-07
   1.03400    0.428274E-07
   1.03600    0.437430E-07
   1.03800    0.446114E-07
   1.04000    0.453431E-07
   1.04200    0.458652E-07
   1.04400    0.461290E-07
   1.04600    0.461146E-07
   1.04800    0.458323E-07
   1.05000    0.453207E-07
   1.05200    0.446413E-07
   1.05400    0.438708E-07
   1.05600    0.430920E-07
   1.05800    0.423842E-07
   1.06000    0.418136E-07
   1.06200    0.414266E-07
   1.06400    0.412438E-07
   1.06600    0.412593E-07
   1.06800    0.414409E-07
   1.07000    0.417357E-07
   1.07200    0.420766E-07
   1.07400    0.423917E-07
   1.07600    0.426142E-07
   1.07800    0.426909E-07
   1.08000    0.425899E-07
   1.08200    0.423046E-07
   1.08400    0.418544E-07
   1.08600    0.412821E-07
   1.08800    0.406477E-07
   1.09000    0.400197E-07
   1.09200    0.394656E-07
   1.09400    0.390423E-07
   1.09600    0.387877E-07
   1.09800    0.387155E-07
   1.10000    0.388127E-07
   1.10200    0.390417E-07
   1.10400    0.393446E-07
   1.10600    0.396520E-07
   1.10800    0.398917E-07
   1.11000    0.399998E-07
   1.11200    0.399292E-07
   1.11400    0.396571E-07
   1.11600    0.391884E-07
   1.11800    0.385564E-07
   1.12000    0.378188E-07
   1.12200    0.370507E-07
   1.12400    0.363357E-07
   1.12600    0.357553E-07
   1.12800    0.353778E-07
   1.13000    0.352503E-07
   1.13200    0.353917E-07
   1.13400    0.357904E-07
   1.13600    0.364050E-07
   1.13800    0.371699E-07
   1.14000    0.380028E-07
   1.14200    0.388156E-07
   1.14400    0.395248E-07
   1.14600    0.400626E-07
   1.14800    0.403845E-07
   1.15000    0.404747E-07
   1.15200    0.403464E-07
   1.15400    0.400395E-07
   1.15600    0.396138E-07
   1.15800    0.391397E-07
   1.16000    0.386882E-07
   1.16200    0.383209E-07
   1.16400    0.380817E-07
   1.16600    0.379911E-07
   1.16800    0.380448E-07
   1.17000    0.382154E-07
   1.17200    0.384573E-07
   1.17400    0.387151E-07
   1.17600    0.389319E-07
   1.17800    0.390585E-07
   1.18000    0.390611E-07
   1.18200    0.389257E-07
   1.18400    0.386607E-07
   1.18600    0.382946E-07
   1.18800    0.378724E-07
   1.19000    0.374478E-07
   1.19200    0.370760E-07
   1.19400    0.368044E-07
   1.19600    0.366661E-07
   1.19800    0.366744E-07
   1.20000    0.368205E-07
   1.20200    0.370743E-07
   1.20400    0.373884E-07
   1.20600    0.377046E-07
   1.20800    0.379621E-07
   1.21000    0.381061E-07
   1.21200    0.380958E-07
   1.21400    0.379098E-07
   1.21600    0.375499E-07
   1.21800    0.370403E-07
   1.22000    0.364240E-07
   1.22200    0.357570E-07
   1.22400    0.350997E-07
   1.22600    0.345085E-07
   1.22800    0.340281E-07
   1.23000    0.336853E-07
   1.23200    0.334861E-07
   1.23400    0.334160E-07
   1.23600    0.334434E-07
   1.23800    0.335263E-07
   1.24000    0.336197E-07
   1.24200    0.336846E-07
   1.24400    0.336947E-07
   1.24600    0.336426E-07
   1.24800    0.335412E-07
   1.25000    0.334226E-07
   1.25200    0.333335E-07
   1.25400    0.333274E-07
   1.25600    0.334559E-07
   1.25800    0.337589E-07
   1.26000    0.342571E-07
   1.26200    0.349466E-07
   1.26400    0.357970E-07
   1.26600    0.367538E-07
   1.26800    0.377446E-07
   1.27000    0.386881E-07
   1.27200    0.395048E-07
   1.27400    0.401279E-07
   1.27600    0.405128E-07
   1.27800    0.406429E-07
   1.28000    0.405318E-07
   1.28200    0.402212E-07
   1.28400    0.397738E-07
   1.28600    0.392641E-07
   1.28800    0.387664E-07
   1.29000    0.383440E-07
   1.29200    0.380395E-07
   1.29400    0.378694E-07
   1.29600    0.378222E-07
   1.29800    0.378621E-07
   1.30000    0.379353E-07
   1.30200    0.379810E-07
   1.30400    0.379418E-07
   1.30600    0.377746E-07
   1.30800    0.374583E-07
   1.31000    0.369980E-07
   1.31200    0.364251E-07
   1.31400    0.357925E-07
   1.31600    0.351665E-07
   1.31800    0.346168E-07
   1.32000    0.342058E-07
   1.32200    0.339786E-07
   1.32400    0.339572E-07
   1.32600    0.341370E-07
   1.32800    0.344886E-07
   1.33000    0.349632E-07
   1.33200    0.355007E-07
   1.33400    0.360401E-07
   1.33600    0.365290E-07
   1.33800    0.369321E-07
   1.34000    0.372354E-07
   1.34200    0.374477E-07
   1.34400    0.375966E-07
   1.34600    0.377220E-07
   1.34800    0.378661E-07
   1.35000    0.380639E-07
   1.35200    0.383344E-07
   1.35400    0.386743E-07
   1.35600    0.390567E-07
   1.35800    0.394337E-07
   1.36000    0.397438E-07
   1.36200    0.399225E-07
   1.36400    0.399132E-07
   1.36600    0.396793E-07
   1.36800    0.392117E-07
   1.37000    0.385335E-07
   1.37200    0.376978E-07
   1.37400    0.367823E-07
   1.37600    0.358781E-07
   1.37800    0.350769E-07
   1.38000    0.344578E-07
   1.38200    0.340758E-07
   1.38400    0.339544E-07
   1.38600    0.340835E-07
   1.38800    0.344219E-07
   1.39000    0.349060E-07
   1.39200    0.354600E-07
   1.39400    0.360086E-07
   1.39600    0.364886E-07
   1.39800    0.368574E-07
   1.40000    0.370967E-07
   1.40200    0.372125E-07
   1.40400    0.372296E-07
   1.40600    0.371829E-07
   1.40800    0.371081E-07
   1.41000    0.370317E-07
   1.41200    0.369643E-07
   1.41400    0.368976E-07
   1.41600    0.368058E-07
   1.41800    0.366511E-07
   1.42000    0.363925E-07
   1.42200    0.359961E-07
   1.42400    0.354437E-07
   1.42600    0.347399E-07
   1.42800    0.339143E-07
   1.43000    0.330190E-07
   1.43200    0.321223E-07
   1.43400    0.312982E-07
   1.43600    0.306156E-07
   1.43800    0.301271E-07
   1.44000    0.298613E-07
   1.44200    0.298183E-07
   1.44400    0.299706E-07
   1.44600    0.302680E-07
   1.44800    0.306456E-07
   1.45000    0.310342E-07
   1.45200    0.313698E-07
   1.45400    0.316019E-07
   1.45600    0.316978E-07
   1.45800    0.316446E-07
   1.46000    0.314463E-07
   1.46200    0.311194E-07
   1.46400    0.306873E-07
   1.46600    0.301742E-07
   1.46800    0.296012E-07
   1.47000    0.289846E-07
   1.47200    0.283363E-07
   1.47400    0.276668E-07
   1.47600    0.269889E-07
   1.47800    0.263212E-07
   1.48000    0.256902E-07
   1.48200    0.251301E-07
   1.48400    0.246799E-07
   1.48600    0.243779E-07
   1.48800    0.242541E-07
   1.49000    0.243233E-07
   1.49200    0.245790E-07
   1.49400    0.249903E-07
   1.49600    0.255022E-07
   1.49800    0.260409E-07
   1.50000    0.265217E-07
   1.50200    0.268605E-07
   1.50400    0.269845E-07
   1.50600    0.268431E-07
   1.50800    0.264143E-07
   1.51000    0.257078E-07
   1.51200    0.247634E-07
   1.51400    0.236443E-07
   1.51600    0.224281E-07
   1.51800    0.211963E-07
   1.52000    0.200241E-07
   1.52200    0.189728E-07
   1.52400    0.180845E-07
   1.52600    0.173810E-07
   1.52800    0.168659E-07
   1.53000    0.165285E-07
   1.53200    0.163487E-07
   1.53400    0.163017E-07
   1.53600    0.163616E-07
   1.53800    0.165033E-07
   1.54000    0.167027E-07
   1.54200    0.169357E-07
   1.54400    0.171777E-07
   1.54600    0.174033E-07
   1.54800    0.175873E-07
   1.55000    0.177071E-07
   1.55200    0.177464E-07
   1.55400    0.176983E-07
   1.55600    0.175686E-07
   1.55800    0.173764E-07
   1.56000    0.171535E-07
   1.56200    0.169398E-07
   1.56400    0.167779E-07
   1.56600    0.167059E-07
   1.56800    0.167508E-07
   1.57000    0.169227E-07
   1.57200    0.172128E-07
   1.57400    0.175942E-07
   1.57600    0.180261E-07
   1.57800    0.184606E-07
   1.58000    0.188513E-07
   1.58200    0.191610E-07
   1.58400    0.193687E-07
   1.58600    0.194731E-07
   1.58800    0.194924E-07
   1.59000    0.194616E-07
   1.59200    0.194256E-07
   1.59400    0.194318E-07
   1.59600    0.195223E-07
   1.59800    0.197267E-07
   1.60000    0.200584E-07
   1.60200    0.205131E-07
   1.60400    0.210707E-07
   1.60600    0.216990E-07
   1.60800    0.223602E-07
   1.61000    0.230163E-07
   1.61200    0.236351E-07
   1.61400    0.241938E-07
   1.61600    0.246812E-07
   1.61800    0.250979E-07
   1.62000    0.254547E-07
   1.62200    0.257702E-07
   1.62400    0.260675E-07
   1.62600    0.263717E-07
   1.62800    0.267066E-07
   1.63000    0.270930E-07
   1.63200    0.275461E-07
   1.63400    0.280746E-07
   1.63600    0.286792E-07
   1.63800    0.293522E-07
   1.64000    0.300772E-07
   1.64200    0.308311E-07
   1.64400    0.315861E-07
   1.64600    0.323132E-07
   1.64800    0.329871E-07
   1.65000    0.335898E-07
   1.65200    0.341146E-07
   1.65400    0.345676E-07
   1.65600    0.349665E-07
   1.65800    0.353383E-07
   1.66000    0.357134E-07
   1.66200    0.361200E-07
   1.66400    0.365782E-07
   1.66600    0.370961E-07
   1.66800    0.376676E-07
   1.67000    0.382744E-07
   1.67200    0.388901E-07
   1.67400    0.394851E-07
   1.67600    0.400338E-07
   1.67800    0.405187E-07
   1.68000    0.409339E-07
   1.68200    0.412845E-07
   1.68400    0.415843E-07
   1.68600    0.418509E-07
   1.68800    0.421009E-07
   1.69000    0.423443E-07
   1.69200    0.425824E-07
   1.69400    0.428071E-07
   1.69600    0.430026E-07
   1.69800    0.431495E-07
   1.70000    0.432296E-07
   1.70200    0.432305E-07
   1.70400    0.431489E-07
   1.70600    0.429921E-07
   1.70800    0.427778E-07
   1.71000    0.425310E-07
   1.71200    0.422812E-07
   1.71400    0.420576E-07
   1.71600    0.418859E-07
   1.71800    0.417847E-07
   1.72000    0.417636E-07
   1.72200    0.418226E-07
   1.72400    0.419515E-07
   1.72600    0.421317E-07
   1.72800    0.423370E-07
   1.73000    0.425361E-07
   1.73200    0.426955E-07
   1.73400    0.427821E-07
   1.73600    0.427669E-07
   1.73800    0.426282E-07
   1.74000    0.423541E-07
   1.74200    0.419448E-07
   1.74400    0.414134E-07
   1.74600    0.407853E-07
   1.74800    0.400963E-07
   1.75000    0.393895E-07
   1.75200    0.387116E-07
   1.75400    0.381079E-07
   1.75600    0.376189E-07
   1.75800    0.372762E-07
   1.76000    0.370998E-07
   1.76200    0.370959E-07
   1.76400    0.372565E-07
   1.76600    0.375592E-07
   1.76800    0.379692E-07
   1.77000    0.384417E-07
   1.77200    0.389257E-07
   1.77400    0.393689E-07
   1.77600    0.397224E-07
   1.77800    0.399465E-07
   1.78000    0.400145E-07
   1.78200    0.399156E-07
   1.78400    0.396563E-07
   1.78600    0.392590E-07
   1.78800    0.387586E-07
   1.79000    0.381982E-07
   1.79200    0.376233E-07
   1.79400    0.370766E-07
   1.79600    0.365931E-07
   1.79800    0.361970E-07
   1.80000    0.359005E-07
   1.80200    0.357031E-07
   1.80400    0.355941E-07
   1.80600    0.355541E-07
   1.80800    0.355590E-07
   1.81000    0.355828E-07
   1.81200    0.356009E-07
   1.81400    0.355932E-07
   1.81600    0.355458E-07
   1.81800    0.354530E-07
   1.82000    0.353175E-07
   1.82200    0.351502E-07
   1.82400    0.349684E-07
   1.82600    0.347939E-07
   1.82800    0.346498E-07
   1.83000    0.345579E-07
   1.83200    0.345358E-07
   1.83400    0.345947E-07
   1.83600    0.347387E-07
   1.83800    0.349647E-07
   1.84000    0.352635E-07
   1.84200    0.356216E-07
   1.84400    0.360235E-07
   1.84600    0.364540E-07
   1.84800    0.369004E-07
   1.85000    0.373532E-07
   1.85200    0.378074E-07
   1.85400    0.382619E-07
   1.85600    0.387187E-07
   1.85800    0.391821E-07
   1.86000    0.396569E-07
   1.86200    0.401472E-07
   1.86400    0.406556E-07
   1.86600    0.411833E-07
   1.86800    0.417293E-07
   1.87000    0.422908E-07
   1.87200    0.428649E-07
   1.87400    0.434485E-07
   1.87600    0.440396E-07
   1.87800    0.446373E-07
   1.88000    0.452423E-07
   1.88200    0.458573E-07
   1.88400    0.464867E-07
   1.88600    0.471367E-07
   1.88800    0.478172E-07
   1.89000    0.485432E-07
   1.89200    0.493372E-07
   1.89400    0.502379E-07
   1.89600    0.512947E-07
   1.89800    0.525843E-07
   1.90000    0.542193E-07
   1.90200    0.563425E-07
   1.90400    0.591381E-07
   1.90600    0.628274E-07
   1.90800    0.676642E-07
   1.91000    0.739233E-07
   1.91200    0.818813E-07
   1.91400    0.917933E-07
   1.91600    0.103861E-06
   1.91800    0.118200E-06
   1.92000    0.134798E-06
   1.92200    0.153479E-06
   1.92400    0.173860E-06
   1.92600    0.195323E-06
   1.92800    0.216976E-06
   1.93000    0.237651E-06
   1.93200    0.255904E-06
   1.93400    0.270054E-06
   1.93600    0.278264E-06
   1.93800    0.278653E-06
   1.94000    0.269458E-06
   1.94200    0.249221E-06
   1.94400    0.216994E-06
   1.94600    0.172515E-06
   1.94800    0.116351E-06
   1.95000    0.499509E-07
   1.95200   -0.243849E-07
   1.95400   -0.103651E-06
   1.95600   -0.184370E-06
   1.95800   -0.262891E-06
   1.96000   -0.335713E-06
   1.96200   -0.399793E-06
   1.96400   -0.452787E-06
   1.96600   -0.493201E-06
   1.96800   -0.520440E-06
   1.97000   -0.534753E-06
   1.97200   -0.537099E-06
   1.97400   -0.528962E-06
   1.97600   -0.512149E-06
   1.97800   -0.488597E-06
   1.98000   -0.460211E-06
   1.98200   -0.428753E-06
   1.98400   -0.395762E-06
   1.98600   -0.362527E-06
   1.98800   -0.330074E-06
   1.99000   -0.299181E-06
   1.99200   -0.270396E-06
   1.99400   -0.244059E-06
   1.99600   -0.220318E-06
   1.99800   -0.199153E-06
   2.00000   -0.180394E-06
   2.00200   -0.163745E-06
   2.00400   -0.148810E-06
   2.00600   -0.135133E-06
   2.00800   -0.122233E-06
   2.01000   -0.109652E-06
   2.01200   -0.969996E-07
   2.01400   -0.839923E-07
   2.01600   -0.704889E-07
   2.01800   -0.565011E-07
   2.02000   -0.422068E-07
   2.02200   -0.279302E-07
   2.02400   -0.140985E-07
   2.02600   -0.120416E-08
   2.02800    0.102550E-07
   2.03000    0.198301E-07
   2.03200    0.271703E-07
   2.03400    0.320580E-07
   2.03600    0.344266E-07
   2.03800    0.343600E-07
   2.04000    0.320773E-07
   2.04200    0.279036E-07
   2.04400    0.222362E-07
   2.04600    0.155110E-07
   2.04800    0.817106E-08
   2.05000    0.640502E-09
   2.05200   -0.669483E-08
   2.05400   -0.135019E-07
   2.05600   -0.195111E-07
   2.05800   -0.245240E-07
   2.06000   -0.284189E-07
   2.06200   -0.311530E-07
   2.06400   -0.327609E-07
   2.06600   -0.333472E-07
   2.06800   -0.330742E-07
   2.07000   -0.321437E-07
   2.07200   -0.307755E-07
   2.07400   -0.291844E-07
   2.07600   -0.275592E-07
   2.07800   -0.260460E-07
   2.08000   -0.247383E-07
   2.08200   -0.236750E-07
   2.08400   -0.228454E-07
   2.08600   -0.222006E-07
   2.08800   -0.216687E-07
   2.09000   -0.211714E-07
   2.09200   -0.206380E-07
   2.09400   -0.200177E-07
   2.09600   -0.192857E-07
   2.09800   -0.184448E-07
   2.10000   -0.175235E-07
   2.10200   -0.165698E-07
   2.10400   -0.156399E-07
   2.10600   -0.147908E-07
   2.10800   -0.140712E-07
   2.11000   -0.135146E-07
   2.11200   -0.131349E-07
   2.11400   -0.129257E-07
   2.11600   -0.128622E-07
   2.11800   -0.129066E-07
   2.12000   -0.130133E-07
   2.12200   -0.131367E-07
   2.12400   -0.132372E-07
   2.12600   -0.132863E-07
   2.12800   -0.132696E-07
   2.13000   -0.131876E-07
   2.13200   -0.130541E-07
   2.13400   -0.128933E-07
   2.13600   -0.127353E-07
   2.13800   -0.126123E-07
   2.14000   -0.125533E-07
   2.14200   -0.125810E-07
   2.14400   -0.127078E-07
   2.14600   -0.129344E-07
   2.14800   -0.132488E-07
   2.15000   -0.136265E-07
   2.15200   -0.140320E-07
   2.15400   -0.144218E-07
   2.15600   -0.147480E-07
   2.15800   -0.149622E-07
   2.16000   -0.150205E-07
   2.16200   -0.148872E-07
   2.16400   -0.145387E-07
   2.16600   -0.139661E-07
   2.16800   -0.131762E-07
   2.17000   -0.121914E-07
   2.17200   -0.110485E-07
   2.17400   -0.979542E-08
   2.17600   -0.848763E-08
   2.17800   -0.718320E-08
   2.18000   -0.593777E-08
   2.18200   -0.479958E-08
   2.18400   -0.380513E-08
   2.18600   -0.297583E-08
   2.18800   -0.231591E-08
   2.19000   -0.181181E-08
   2.19200   -0.143315E-08
   2.19400   -0.113509E-08
   2.19600   -0.861636E-09
   2.19800   -0.549386E-09
   2.20000   -0.132656E-09
   2.20200    0.454118E-09
   2.20400    0.127247E-08
   2.20600    0.237681E-08
   2.20800    0.381274E-08
   2.21000    0.561562E-08
   2.21200    0.780977E-08
   2.21400    0.104079E-07
   2.21600    0.134109E-07
   2.21800    0.168079E-07
   2.22000    0.205757E-07
   2.22200    0.246794E-07
   2.22400    0.290715E-07
   2.22600    0.336914E-07
   2.22800    0.384632E-07
   2.23000    0.432923E-07
   2.23200    0.480602E-07
   2.23400    0.526186E-07
   2.23600    0.567825E-07
   2.23800    0.603255E-07
   2.24000    0.629798E-07
   2.24200    0.644429E-07
   2.24400    0.643929E-07
   2.24600    0.625144E-07
   2.24800    0.585331E-07
   2.25000    0.522549E-07
   2.25200    0.436061E-07
   2.25400    0.326646E-07
   2.25600    0.196791E-07
   2.25800    0.506802E-08
   2.26000   -0.106030E-07
   2.26200   -0.266637E-07
   2.26400   -0.423971E-07
   2.26600   -0.571050E-07
   2.26800   -0.701723E-07
   2.27000   -0.811199E-07
   2.27200   -0.896402E-07
   2.27400   -0.956116E-07
   2.27600   -0.990913E-07
   2.27800   -0.100289E-06
   2.28000   -0.995298E-07
   2.28200   -0.972073E-07
   2.28400   -0.937413E-07
   2.28600   -0.895381E-07
   2.28800   -0.849611E-07
   2.29000   -0.803118E-07
   2.29200   -0.758209E-07
   2.29400   -0.716483E-07
   2.29600   -0.678894E-07
   2.29800   -0.645857E-07
   2.30000   -0.617365E-07
   2.30200   -0.593117E-07
   2.30400   -0.572623E-07
   2.30600   -0.555298E-07
   2.30800   -0.540528E-07
   2.31000   -0.527727E-07
   2.31200   -0.516362E-07
   2.31400   -0.505978E-07
   2.31600   -0.496199E-07
   2.31800   -0.486735E-07
   2.32000   -0.477378E-07
   2.32200   -0.467983E-07
   2.32400   -0.458480E-07
   2.32600   -0.448848E-07
   2.32800   -0.439105E-07
   2.33000   -0.429299E-07
   2.33200   -0.419497E-07
   2.33400   -0.409774E-07
   2.33600   -0.400204E-07
   2.33800   -0.390853E-07
   2.34000   -0.381775E-07
   2.34200   -0.373007E-07
   2.34400   -0.364569E-07
   2.34600   -0.356469E-07
   2.34800   -0.348698E-07
   2.35000   -0.341244E-07
   2.35200   -0.334084E-07
   2.35400   -0.327200E-07
   2.35600   -0.320574E-07
   2.35800   -0.314195E-07
   2.36000   -0.308065E-07
   2.36200   -0.302199E-07
   2.36400   -0.296626E-07
   2.36600   -0.291396E-07
   2.36800   -0.286570E-07
   2.37000   -0.282223E-07
   2.37200   -0.278433E-07
   2.37400   -0.275273E-07
   2.37600   -0.272801E-07
   2.37800   -0.271044E-07
   2.38000   -0.269994E-07
   2.38200   -0.269597E-07
   2.38400   -0.269750E-07
   2.38600   -0.270308E-07
   2.38800   -0.271090E-07
   2.39000   -0.271893E-07
   2.39200   -0.272508E-07
   2.39400   -0.272738E-07
   2.39600   -0.272415E-07
   2.39800   -0.271414E-07
   2.40000   -0.269663E-07
   2.40200   -0.267146E-07
   2.40400   -0.263906E-07
   2.40600   -0.260038E-07
   2.40800   -0.255679E-07
   2.41000   -0.250994E-07
   2.41200   -0.246162E-07
   2.41400   -0.241359E-07
   2.41600   -0.236744E-07
   2.41800   -0.232443E-07
   2.42000   -0.228544E-07
   2.42200   -0.225092E-07
   2.42400   -0.222088E-07
   2.42600   -0.219494E-07
   2.42800   -0.217244E-07
   2.43000   -0.215251E-07
   2.43200   -0.213420E-07
   2.43400   -0.211653E-07
   2.43600   -0.209863E-07
   2.43800   -0.207972E-07
   2.44000   -0.205918E-07
   2.44200   -0.203653E-07
   2.44400   -0.201144E-07
   2.44600   -0.198369E-07
   2.44800   -0.195316E-07
   2.45000   -0.191988E-07
   2.45200   -0.188394E-07
   2.45400   -0.184561E-07
   2.45600   -0.180529E-07
   2.45800   -0.176351E-07
   2.46000   -0.172097E-07
   2.46200   -0.167846E-07
   2.46400   -0.163679E-07
   2.46600   -0.159675E-07
   2.46800   -0.155896E-07
   2.47000   -0.152384E-07
   2.47200   -0.149146E-07
   2.47400   -0.146160E-07
   2.47600   -0.143366E-07
   2.47800   -0.140680E-07
   2.48000   -0.137998E-07
   2.48200   -0.135211E-07
   2.48400   -0.132219E-07
   2.48600   -0.128940E-07
   2.48800   -0.125326E-07
   2.49000   -0.121362E-07
   2.49200   -0.117070E-07
   2.49400   -0.112509E-07
   2.49600   -0.107761E-07
   2.49800   -0.102925E-07
   2.50000   -0.981053E-08
   2.50200   -0.934002E-08
   2.50400   -0.888910E-08
   2.50600   -0.846361E-08
   2.50800   -0.806656E-08
   2.51000   -0.769805E-08
   2.51200   -0.735534E-08
   2.51400   -0.703329E-08
   2.51600   -0.672485E-08
   2.51800   -0.642165E-08
   2.52000   -0.611472E-08
   2.52200   -0.579506E-08
   2.52400   -0.545425E-08
   2.52600   -0.508510E-08
   2.52800   -0.468221E-08
   2.53000   -0.424224E-08
   2.53200   -0.376452E-08
   2.53400   -0.325107E-08
   2.53600   -0.270659E-08
   2.53800   -0.213813E-08
   2.54000   -0.155437E-08
   2.54200   -0.964779E-09
   2.54400   -0.378517E-09
   2.54600    0.196608E-09
   2.54800    0.754974E-09
   2.55000    0.129371E-08
   2.55200    0.181278E-08
   2.55400    0.231470E-08
   2.55600    0.280380E-08
   2.55800    0.328539E-08
   2.56000    0.376480E-08
   2.56200    0.424653E-08
   2.56400    0.473361E-08
   2.56600    0.522724E-08
   2.56800    0.572674E-08
   2.57000    0.622962E-08
   2.57200    0.673199E-08
   2.57400    0.722896E-08
   2.57600    0.771523E-08
   2.57800    0.818567E-08
   2.58000    0.863577E-08
   2.58200    0.906217E-08
   2.58400    0.946299E-08
   2.58600    0.983782E-08
   2.58800    0.101876E-07
   2.59000    0.105141E-07
   2.59200    0.108194E-07
   2.59400    0.111050E-07
   2.59600    0.113713E-07
   2.59800    0.116170E-07
   2.60000    0.118392E-07
   2.60200    0.120338E-07
   2.60400    0.121959E-07
   2.60600    0.123209E-07
   2.60800    0.124053E-07
   2.61000    0.124476E-07
   2.61200    0.124486E-07
   2.61400    0.124116E-07
   2.61600    0.123421E-07
   2.61800    0.122474E-07
   2.62000    0.121356E-07
   2.62200    0.120148E-07
   2.62400    0.118929E-07
   2.62600    0.117768E-07
   2.62800    0.116720E-07
   2.63000    0.115828E-07
   2.63200    0.115118E-07
   2.63400    0.114604E-07
   2.63600    0.114280E-07
   2.63800    0.114129E-07
   2.64000    0.114113E-07
   2.64200    0.114184E-07
   2.64400    0.114280E-07
   2.64600    0.114333E-07
   2.64800    0.114277E-07
   2.65000    0.114053E-07
   2.65200    0.113619E-07
   2.65400    0.112955E-07
   2.65600    0.112064E-07
   2.65800    0.110975E-07
   2.66000    0.109734E-07
   2.66200    0.108397E-07
   2.66400    0.107020E-07
   2.66600    0.105644E-07
   2.66800    0.104294E-07
   2.67000    0.102966E-07
   2.67200    0.101634E-07
   2.67400    0.100251E-07
   2.67600    0.987593E-08
   2.67800    0.971037E-08
   2.68000    0.952404E-08
   2.68200    0.931493E-08
   2.68400    0.908396E-08
   2.68600    0.883528E-08
   2.68800    0.857589E-08
   2.69000    0.831504E-08
   2.69200    0.806302E-08
   2.69400    0.782987E-08
   2.69600    0.762409E-08
   2.69800    0.745146E-08
   2.70000    0.731428E-08
   2.70200    0.721106E-08
   2.70400    0.713681E-08
   2.70600    0.708382E-08
   2.70800    0.704290E-08
   2.71000    0.700475E-08
   2.71200    0.696120E-08
   2.71400    0.690618E-08
   2.71600    0.683618E-08
   2.71800    0.675008E-08
   2.72000    0.664841E-08
   2.72200    0.653243E-08
   2.72400    0.640304E-08
   2.72600    0.625996E-08
   2.72800    0.610136E-08
   2.73000    0.592403E-08
   2.73200    0.572413E-08
   2.73400    0.549826E-08
   2.73600    0.524462E-08
   2.73800    0.496398E-08
   2.74000    0.466006E-08
   2.74200    0.433941E-08
   2.74400    0.401045E-08
   2.74600    0.368207E-08
   2.74800    0.336205E-08
   2.75000    0.305539E-08
   2.75200    0.276321E-08
   2.75400    0.248230E-08
   2.75600    0.220544E-08
   2.75800    0.192258E-08
   2.76000    0.162248E-08
   2.76200    0.129460E-08
   2.76400    0.930770E-09
   2.76600    0.526352E-09
   2.76800    0.807270E-10
   2.77000   -0.403333E-09
   2.77200   -0.920864E-09
   2.77400   -0.146646E-08
   2.77600   -0.203616E-08
   2.77800   -0.262938E-08
   2.78000   -0.324984E-08
   2.78200   -0.390626E-08
   2.78400   -0.461209E-08
   2.78600   -0.538445E-08
   2.78800   -0.624066E-08
   2.79000   -0.720224E-08
   2.79200   -0.828864E-08
   2.79400   -0.951894E-08
   2.79600   -0.109117E-07
   2.79800   -0.124861E-07
   2.80000   -0.142635E-07
   2.80200   -0.162684E-07
   2.80400   -0.185299E-07
   2.80600   -0.210807E-07
   2.80800   -0.239547E-07
   2.81000   -0.271815E-07
   2.81200   -0.307773E-07
   2.81400   -0.347334E-07
   2.81600   -0.390015E-07
   2.81800   -0.434774E-07
   2.82000   -0.479875E-07
   2.82200   -0.522776E-07
   2.82400   -0.560109E-07
   2.82600   -0.587761E-07
   2.82800   -0.601094E-07
   2.83000   -0.595305E-07
   2.83200   -0.565904E-07
   2.83400   -0.509274E-07
   2.83600   -0.423237E-07
   2.83800   -0.307539E-07
   2.84000   -0.164167E-07
   2.84200    0.257560E-09
   2.84400    0.186275E-07
   2.84600    0.378894E-07
   2.84800    0.571479E-07
   2.85000    0.755007E-07
   2.85200    0.921241E-07
   2.85400    0.106348E-06
   2.85600    0.117711E-06
   2.85800    0.125986E-06
   2.86000    0.131178E-06
   2.86200    0.133500E-06
   2.86400    0.133319E-06
   2.86600    0.131107E-06
   2.86800    0.127374E-06
   2.87000    0.122623E-06
   2.87200    0.117305E-06
   2.87400    0.111794E-06
   2.87600    0.106376E-06
   2.87800    0.101249E-06
   2.88000    0.965306E-07
   2.88200    0.922714E-07
   2.88400    0.884741E-07
   2.88600    0.851080E-07
   2.88800    0.821229E-07
   2.89000    0.794616E-07
   2.89200    0.770674E-07
   2.89400    0.748905E-07
   2.89600    0.728908E-07
   2.89800    0.710394E-07
   2.90000    0.693179E-07
   2.90200    0.677171E-07
   2.90400    0.662351E-07
   2.90600    0.648747E-07
   2.90800    0.636410E-07
   2.91000    0.625386E-07
   2.91200    0.615742E-07
   2.91400    0.607495E-07
   2.91600    0.600642E-07
   2.91800    0.595145E-07
   2.92000    0.590935E-07
   2.92200    0.587902E-07
   2.92400    0.585897E-07
   2.92600    0.584734E-07
   2.92800    0.584186E-07
   2.93000    0.583997E-07
   2.93200    0.583891E-07
   2.93400    0.583589E-07
   2.93600    0.582829E-07
   2.93800    0.581389E-07
   2.94000    0.579105E-07
   2.94200    0.575885E-07
   2.94400    0.571721E-07
   2.94600    0.566681E-07
   2.94800    0.560904E-07
   2.95000    0.554578E-07
   2.95200    0.547917E-07
   2.95400    0.541143E-07
   2.95600    0.534456E-07
   2.95800    0.528020E-07
   2.96000    0.521950E-07
   2.96200    0.516305E-07
   2.96400    0.511084E-07
   2.96600    0.506236E-07
   2.96800    0.501664E-07
   2.97000    0.497241E-07
   2.97200    0.492823E-07
   2.97400    0.488268E-07
   2.97600    0.483455E-07
   2.97800    0.478296E-07
   2.98000    0.472755E-07
   2.98200    0.466850E-07
   2.98400    0.460660E-07
   2.98600    0.454314E-07
   2.98800    0.447982E-07
   2.99000    0.441856E-07
   2.99200    0.436128E-07
   2.99400    0.430968E-07
   2.99600    0.426504E-07
   2.99800    0.422810E-07
   3.00000    0.419898E-07
   3.00200    0.417719E-07
   3.00400    0.416168E-07
   3.00600    0.415099E-07
   3.00800    0.414342E-07
   3.01000    0.413715E-07
   3.01200    0.413048E-07
   3.01400    0.412192E-07
   3.01600    0.411031E-07
   3.01800    0.409492E-07
   3.02000    0.407549E-07
   3.02200    0.405219E-07
   3.02400    0.402561E-07
   3.02600    0.399669E-07
   3.02800    0.396660E-07
   3.03000    0.393663E-07
   3.03200    0.390805E-07
   3.03400    0.388201E-07
   3.03600    0.385939E-07
   3.03800    0.384077E-07
   3.04000    0.382637E-07
   3.04200    0.381605E-07
   3.04400    0.380936E-07
   3.04600    0.380557E-07
   3.04800    0.380377E-07
   3.05000    0.380293E-07
   3.05200    0.380198E-07
   3.05400    0.379985E-07
   3.05600    0.379556E-07
   3.05800    0.378821E-07
   3.06000    0.377709E-07
   3.06200    0.376170E-07
   3.06400    0.374179E-07
   3.06600    0.371742E-07
   3.06800    0.368894E-07
   3.07000    0.365706E-07
   3.07200    0.362274E-07
   3.07400    0.358721E-07
   3.07600    0.355183E-07
   3.07800    0.351801E-07
   3.08000    0.348712E-07
   3.08200    0.346035E-07
   3.08400    0.343865E-07
   3.08600    0.342262E-07
   3.08800    0.341252E-07
   3.09000    0.340822E-07
   3.09200    0.340921E-07
   3.09400    0.341463E-07
   3.09600    0.342335E-07
   3.09800    0.343402E-07
   3.10000    0.344517E-07
   3.10200    0.345530E-07
   3.10400    0.346299E-07
   3.10600    0.346701E-07
   3.10800    0.346639E-07
   3.11000    0.346051E-07
   3.11200    0.344919E-07
   3.11400    0.343266E-07
   3.11600    0.341161E-07
   3.11800    0.338709E-07
   3.12000    0.336045E-07
   3.12200    0.333325E-07
   3.12400    0.330705E-07
   3.12600    0.328331E-07
   3.12800    0.326323E-07
   3.13000    0.324753E-07
   3.13200    0.323640E-07
   3.13400    0.322933E-07
   3.13600    0.322510E-07
   3.13800    0.322171E-07
   3.14000    0.321643E-07
   3.14200    0.320595E-07
   3.14400    0.318650E-07
   3.14600    0.315416E-07
   3.14800    0.310523E-07
   3.15000    0.303664E-07
   3.15200    0.294648E-07
   3.15400    0.283445E-07
   3.15600    0.270224E-07
   3.15800    0.255378E-07
   3.16000    0.239522E-07
   3.16200    0.223469E-07
   3.16400    0.208165E-07
   3.16600    0.194616E-07
   3.16800    0.183785E-07
   3.17000    0.176492E-07
   3.17200    0.173327E-07
   3.17400    0.174582E-07
   3.17600    0.180223E-07
   3.17800    0.189893E-07
   3.18000    0.202958E-07
   3.18200    0.218576E-07
   3.18400    0.235789E-07
   3.18600    0.253606E-07
   3.18800    0.271092E-07
   3.19000    0.287428E-07
   3.19200    0.301957E-07
   3.19400    0.314193E-07
   3.19600    0.323833E-07
   3.19800    0.330736E-07
   3.20000    0.334904E-07
   3.20200    0.336457E-07
   3.20400    0.335627E-07
   3.20600    0.332733E-07
   3.20800    0.328176E-07
   3.21000    0.322437E-07
   3.21200    0.316072E-07
   3.21400    0.309708E-07
   3.21600    0.304027E-07
   3.21800    0.299752E-07
   3.22000    0.297617E-07
   3.22200    0.298328E-07
   3.22400    0.302513E-07
   3.22600    0.310662E-07
   3.22800    0.323053E-07
   3.23000    0.339684E-07
   3.23200    0.360194E-07
   3.23400    0.383810E-07
   3.23600    0.409315E-07
   3.23800    0.435062E-07
   3.24000    0.459039E-07
   3.24200    0.478995E-07
   3.24400    0.492624E-07
   3.24600    0.497794E-07
   3.24800    0.492790E-07
   3.25000    0.476546E-07
   3.25200    0.448813E-07
   3.25400    0.410258E-07
   3.25600    0.362433E-07
   3.25800    0.307651E-07
   3.26000    0.248751E-07
   3.26200    0.188799E-07
   3.26400    0.130766E-07
   3.26600    0.772316E-08
   3.26800    0.301461E-08
   3.27000   -0.930561E-09
   3.27200   -0.407396E-08
   3.27400   -0.645062E-08
   3.27600   -0.815440E-08
   3.27800   -0.931837E-08
   3.28000   -0.100936E-07
   3.28200   -0.106293E-07
   3.28400   -0.110562E-07
   3.28600   -0.114758E-07
   3.28800   -0.119541E-07
   3.29000   -0.125211E-07
   3.29200   -0.131751E-07
   3.29400   -0.138886E-07
   3.29600   -0.146179E-07
   3.29800   -0.153113E-07
   3.30000   -0.159180E-07
   3.30200   -0.163944E-07
   3.30400   -0.167093E-07
   3.30600   -0.168461E-07
   3.30800   -0.168028E-07
   3.31000   -0.165910E-07
   3.31200   -0.162324E-07
   3.31400   -0.157565E-07
   3.31600   -0.151954E-07
   3.31800   -0.145824E-07
   3.32000   -0.139482E-07
   3.32200   -0.133196E-07
   3.32400   -0.127176E-07
   3.32600   -0.121585E-07
   3.32800   -0.116519E-07
   3.33000   -0.112027E-07
   3.33200   -0.108113E-07
   3.33400   -0.104746E-07
   3.33600   -0.101872E-07
   3.33800   -0.994266E-08
   3.34000   -0.973384E-08
   3.34200   -0.955441E-08
   3.34400   -0.939899E-08
   3.34600   -0.926343E-08
   3.34800   -0.914493E-08
   3.35000   -0.904172E-08
   3.35200   -0.895306E-08
   3.35400   -0.887853E-08
   3.35600   -0.881810E-08
   3.35800   -0.877180E-08
   3.36000   -0.873989E-08
   3.36200   -0.872281E-08
   3.36400   -0.872124E-08
   3.36600   -0.873622E-08
   3.36800   -0.876903E-08
   3.37000   -0.882087E-08
   3.37200   -0.889253E-08
   3.37400   -0.898381E-08
   3.37600   -0.909305E-08
   3.37800   -0.921666E-08
   3.38000   -0.934894E-08
   3.38200   -0.948220E-08
   3.38400   -0.960714E-08
   3.38600   -0.971364E-08
   3.38800   -0.979165E-08
   3.39000   -0.983227E-08
   3.39200   -0.982874E-08
   3.39400   -0.977715E-08
   3.39600   -0.967694E-08
   3.39800   -0.953094E-08
   3.40000   -0.934505E-08
   3.40200   -0.912756E-08
   3.40400   -0.888834E-08
   3.40600   -0.863786E-08
   3.40800   -0.838632E-08
   3.41000   -0.814290E-08
   3.41200   -0.791531E-08
   3.41400   -0.770953E-08
   3.41600   -0.752982E-08
   3.41800   -0.737887E-08
   3.42000   -0.725805E-08
   3.42200   -0.716763E-08
   3.42400   -0.710697E-08
   3.42600   -0.707465E-08
   3.42800   -0.706851E-08
   3.43000   -0.708567E-08
   3.43200   -0.712262E-08
   3.43400   -0.717537E-08
   3.43600   -0.723980E-08
   3.43800   -0.731199E-08
   3.44000   -0.738868E-08
   3.44200   -0.746775E-08
   3.44400   -0.754843E-08
   3.44600   -0.763146E-08
   3.44800   -0.771896E-08
   3.45000   -0.781405E-08
   3.45200   -0.792031E-08
   3.45400   -0.804108E-08
   3.45600   -0.817886E-08
   3.45800   -0.833480E-08
   3.46000   -0.850836E-08
   3.46200   -0.869734E-08
   3.46400   -0.889812E-08
   3.46600   -0.910612E-08
   3.46800   -0.931633E-08
   3.47000   -0.952398E-08
   3.47200   -0.972494E-08
   3.47400   -0.991608E-08
   3.47600   -0.100953E-07
   3.47800   -0.102613E-07
   3.48000   -0.104133E-07
   3.48200   -0.105507E-07
   3.48400   -0.106723E-07
   3.48600   -0.107762E-07
   3.48800   -0.108592E-07
   3.49000   -0.109167E-07
   3.49200   -0.109428E-07
   3.49400   -0.109303E-07
   3.49600   -0.108709E-07
   3.49800   -0.107554E-07
   3.50000   -0.105739E-07
   3.50200   -0.103168E-07
   3.50400   -0.997454E-08
   3.50600   -0.953875E-08
   3.50800   -0.900265E-08
   3.51000   -0.836180E-08
   3.51200   -0.761478E-08
   3.51400   -0.676368E-08
   3.51600   -0.581453E-08
   3.51800   -0.477724E-08
   3.52000   -0.366534E-08
   3.52200   -0.249549E-08
   3.52400   -0.128653E-08
   3.52600   -0.585058E-10
   3.52800    0.116834E-08
   3.53000    0.237471E-08
   3.53200    0.354310E-08
   3.53400    0.465878E-08
   3.53600    0.570992E-08
   3.53800    0.668882E-08
   3.54000    0.758969E-08
   3.54200    0.841310E-08
   3.54400    0.916132E-08
   3.54600    0.984021E-08
   3.54800    0.104582E-07
   3.55000    0.110255E-07
   3.55200    0.115534E-07
   3.55400    0.120530E-07
   3.55600    0.125338E-07
   3.55800    0.130025E-07
   3.56000    0.134602E-07
   3.56200    0.139011E-07
   3.56400    0.143090E-07
   3.56600    0.146552E-07
   3.56800    0.148959E-07
   3.57000    0.149701E-07
   3.57200    0.148001E-07
   3.57400    0.142933E-07
   3.57600    0.133474E-07
   3.57800    0.118591E-07
   3.58000    0.973611E-08
   3.58200    0.691180E-08
   3.58400    0.336023E-08
   3.58600   -0.889866E-09
   3.58800   -0.574545E-08
   3.59000   -0.110463E-07
   3.59200   -0.165710E-07
   3.59400   -0.220514E-07
   3.59600   -0.271961E-07
   3.59800   -0.317186E-07
   3.60000   -0.353673E-07
   3.60200   -0.379525E-07
   3.60400   -0.393660E-07
   3.60600   -0.395907E-07
   3.60800   -0.386984E-07
   3.61000   -0.368369E-07
   3.61200   -0.342094E-07
   3.61400   -0.310484E-07
   3.61600   -0.275895E-07
   3.61800   -0.240493E-07
   3.62000   -0.206081E-07
   3.62200   -0.174003E-07
   3.62400   -0.145124E-07
   3.62600   -0.119867E-07
   3.62800   -0.982849E-08
   3.63000   -0.801651E-08
   3.63200   -0.651247E-08
   3.63400   -0.526981E-08
   3.63600   -0.424043E-08
   3.63800   -0.337898E-08
   3.64000   -0.264531E-08
   3.64200   -0.200525E-08
   3.64400   -0.143046E-08
   3.64600   -0.897885E-09
   3.64800   -0.389155E-09
   3.65000    0.109884E-09
   3.65200    0.609209E-09
   3.65400    0.111470E-08
   3.65600    0.162796E-08
   3.65800    0.214670E-08
   3.66000    0.266451E-08
   3.66200    0.317319E-08
   3.66400    0.366021E-08
   3.66600    0.411473E-08
   3.66800    0.452588E-08
   3.67000    0.488497E-08
   3.67200    0.518661E-08
   3.67400    0.542940E-08
   3.67600    0.561627E-08
   3.67800    0.575425E-08
   3.68000    0.585385E-08
   3.68200    0.592810E-08
   3.68400    0.599136E-08
   3.68600    0.605798E-08
   3.68800    0.614102E-08
   3.69000    0.625108E-08
   3.69200    0.639536E-08
   3.69400    0.657707E-08
   3.69600    0.679527E-08
   3.69800    0.704508E-08
   3.70000    0.731841E-08
   3.70200    0.760499E-08
   3.70400    0.789376E-08
   3.70600    0.817429E-08
   3.70800    0.843819E-08
   3.71000    0.868005E-08
   3.71200    0.889813E-08
   3.71400    0.909438E-08
   3.71600    0.927384E-08
   3.71800    0.944363E-08
   3.72000    0.961152E-08
   3.72200    0.978451E-08
   3.72400    0.996749E-08
   3.72600    0.101624E-07
   3.72800    0.103678E-07
   3.73000    0.105790E-07
   3.73200    0.107894E-07
   3.73400    0.109908E-07
   3.73600    0.111758E-07
   3.73800    0.113382E-07
   3.74000    0.114747E-07
   3.74200    0.115852E-07
   3.74400    0.116728E-07
   3.74600    0.117431E-07
   3.74800    0.118035E-07
   3.75000    0.118619E-07
   3.75200    0.119252E-07
   3.75400    0.119982E-07
   3.75600    0.120830E-07
   3.75800    0.121783E-07
   3.76000    0.122797E-07
   3.76200    0.123801E-07
   3.76400    0.124709E-07
   3.76600    0.125428E-07
   3.76800    0.125875E-07
   3.77000    0.125987E-07
   3.77200    0.125728E-07
   3.77400    0.125100E-07
   3.77600    0.124137E-07
   3.77800    0.122908E-07
   3.78000    0.121508E-07
   3.78200    0.120044E-07
   3.78400    0.118633E-07
   3.78600    0.117383E-07
   3.78800    0.116384E-07
   3.79000    0.115707E-07
   3.79200    0.115396E-07
   3.79400    0.115470E-07
   3.79600    0.115923E-07
   3.79800    0.116731E-07
   3.80000    0.117856E-07
   3.80200    0.119248E-07
   3.80400    0.120858E-07
   3.80600    0.122639E-07
   3.80800    0.124555E-07
   3.81000    0.126591E-07
   3.81200    0.128761E-07
   3.81400    0.131122E-07
   3.81600    0.133775E-07
   3.81800    0.136873E-07
   3.82000    0.140614E-07
   3.82200    0.145224E-07
   3.82400    0.150929E-07
   3.82600    0.157921E-07
   3.82800    0.166307E-07
   3.83000    0.176070E-07
   3.83200    0.187033E-07
   3.83400    0.198836E-07
   3.83600    0.210943E-07
   3.83800    0.222667E-07
   3.84000    0.233235E-07
   3.84200    0.241854E-07
   3.84400    0.247802E-07
   3.84600    0.250509E-07
   3.84800    0.249624E-07
   3.85000    0.245054E-07
   3.85200    0.236973E-07
   3.85400    0.225795E-07
   3.85600    0.212123E-07
   3.85800    0.196677E-07
   3.86000    0.180214E-07
   3.86200    0.163458E-07
   3.86400    0.147041E-07
   3.86600    0.131461E-07
   3.86800    0.117066E-07
   3.87000    0.104056E-07
   3.87200    0.924969E-08
   3.87400    0.823494E-08
   3.87600    0.734943E-08
   3.87800    0.657616E-08
   3.88000    0.589546E-08
   3.88200    0.528674E-08
   3.88400    0.473007E-08
   3.88600    0.420696E-08
   3.88800    0.370107E-08
   3.89000    0.319864E-08
   3.89200    0.268882E-08
   3.89400    0.216395E-08
   3.89600    0.161976E-08
   3.89800    0.105551E-08
   3.90000    0.474012E-09
   3.90200   -0.118561E-09
   3.90400   -0.713059E-09
   3.90600   -0.129789E-08
   3.90800   -0.185981E-08
   3.91000   -0.238468E-08
   3.91200   -0.285867E-08
   3.91400   -0.326917E-08
   3.91600   -0.360570E-08
   3.91800   -0.386077E-08
   3.92000   -0.403048E-08
   3.92200   -0.411501E-08
   3.92400   -0.411879E-08
   3.92600   -0.405024E-08
   3.92800   -0.392144E-08
   3.93000   -0.374718E-08
   3.93200   -0.354386E-08
   3.93400   -0.332810E-08
   3.93600   -0.311536E-08
   3.93800   -0.291855E-08
   3.94000   -0.274696E-08
   3.94200   -0.260556E-08
   3.94400   -0.249488E-08
   3.94600   -0.241140E-08
   3.94800   -0.234856E-08
   3.95000   -0.229807E-08
   3.95200   -0.225132E-08
   3.95400   -0.220071E-08
   3.95600   -0.214064E-08
   3.95800   -0.206787E-08
   3.96000   -0.198144E-08
   3.96200   -0.188195E-08
   3.96400   -0.177067E-08
   3.96600   -0.164850E-08
   3.96800   -0.151525E-08
   3.97000   -0.136939E-08
   3.97200   -0.120824E-08
   3.97400   -0.102880E-08
   3.97600   -0.828853E-09
   3.97800   -0.607997E-09
   3.98000   -0.368635E-09
   3.98200   -0.116292E-09
   3.98400    0.140595E-09
   3.98600    0.391472E-09
   3.98800    0.624882E-09
   3.99000    0.829869E-09
   3.99200    0.997350E-09
   3.99400    0.112102E-08
   3.99600    0.119798E-08
   3.99800    0.122874E-08
   4.00000    0.121689E-08
