   0.00000    0.000000E+00
   0.00200    0.000000E+00
   0.00400    0.000000E+00
   0.00600    0.000000E+00
   0.00800    0.000000E+00
   0.01000    0.000000E+00
   0.01200    0.000000E+00
   0.01400    0.000000E+00
   0.01600    0.000000E+00
   0.01800    0.000000E+00
   0.02000    0.000000E+00
   0.02200    0.000000E+00
   0.02400    0.000000E+00
   0.02600    0.619431E-10
   0.02800    0.184539E-09
   0.03000    0.396945E-09
   0.03200    0.794987E-09
   0.03400    0.154663E-08
   0.03600    0.293254E-08
   0.03800    0.542422E-08
   0.04000    0.979105E-08
   0.04200    0.172491E-07
   0.04400    0.296583E-07
   0.04600    0.497684E-07
   0.04800    0.815044E-07
   0.05000    0.130263E-06
   0.05200    0.203183E-06
   0.05400    0.309298E-06
   0.05600    0.459508E-06
   0.05800    0.666245E-06
   0.06000    0.942761E-06
   0.06200    0.130194E-05
   0.06400    0.175470E-05
   0.06600    0.230798E-05
   0.06800    0.296263E-05
   0.07000    0.371134E-05
   0.07200    0.453717E-05
   0.07400    0.541287E-05
   0.07600    0.630154E-05
   0.07800    0.715848E-05
   0.08000    0.793465E-05
   0.08200    0.858093E-05
   0.08400    0.905317E-05
   0.08600    0.931694E-05
   0.08800    0.935153E-05
   0.09000    0.915242E-05
   0.09200    0.873193E-05
   0.09400    0.811778E-05
   0.09600    0.734991E-05
   0.09800    0.647602E-05
   0.10000    0.554654E-05
   0.10200    0.460967E-05
   0.10400    0.370730E-05
   0.10600    0.287213E-05
   0.10800    0.212631E-05
   0.11000    0.148151E-05
   0.11200    0.940150E-06
   0.11400    0.497416E-06
   0.11600    0.143690E-06
   0.11800   -0.133121E-06
   0.12000   -0.345604E-06
   0.12200   -0.505406E-06
   0.12400   -0.622422E-06
   0.12600   -0.704530E-06
   0.12800   -0.757771E-06
   0.13000   -0.786783E-06
   0.13200   -0.795330E-06
   0.13400   -0.786781E-06
   0.13600   -0.764442E-06
   0.13800   -0.731711E-06
   0.14000   -0.692051E-06
   0.14200   -0.648835E-06
   0.14400   -0.605132E-06
   0.14600   -0.563492E-06
   0.14800   -0.525821E-06
   0.15000   -0.493214E-06
   0.15200   -0.466108E-06
   0.15400   -0.444390E-06
   0.15600   -0.427535E-06
   0.15800   -0.414806E-06
   0.16000   -0.405435E-06
   0.16200   -0.398754E-06
   0.16400   -0.394251E-06
   0.16600   -0.391565E-06
   0.16800   -0.390426E-06
   0.17000   -0.390578E-06
   0.17200   -0.391687E-06
   0.17400   -0.393292E-06
   0.17600   -0.394789E-06
   0.17800   -0.395470E-06
   0.18000   -0.394612E-06
   0.18200   -0.391589E-06
   0.18400   -0.385977E-06
   0.18600   -0.377662E-06
   0.18800   -0.366876E-06
   0.19000   -0.354177E-06
   0.19200   -0.340386E-06
   0.19400   -0.326465E-06
   0.19600   -0.313374E-06
   0.19800   -0.301931E-06
   0.20000   -0.292689E-06
   0.20200   -0.285877E-06
   0.20400   -0.281378E-06
   0.20600   -0.278789E-06
   0.20800   -0.277507E-06
   0.21000   -0.276857E-06
   0.21200   -0.276220E-06
   0.21400   -0.275142E-06
   0.21600   -0.273402E-06
   0.21800   -0.271034E-06
   0.22000   -0.268291E-06
   0.22200   -0.265572E-06
   0.22400   -0.263316E-06
   0.22600   -0.261899E-06
   0.22800   -0.261538E-06
   0.23000   -0.262233E-06
   0.23200   -0.263756E-06
   0.23400   -0.265678E-06
   0.23600   -0.267444E-06
   0.23800   -0.268461E-06
   0.24000   -0.268202E-06
   0.24200   -0.266285E-06
   0.24400   -0.262535E-06
   0.24600   -0.257002E-06
   0.24800   -0.249945E-06
   0.25000   -0.241783E-06
   0.25200   -0.233018E-06
   0.25400   -0.224165E-06
   0.25600   -0.215680E-06
   0.25800   -0.207909E-06
   0.26000   -0.201068E-06
   0.26200   -0.195246E-06
   0.26400   -0.190432E-06
   0.26600   -0.186555E-06
   0.26800   -0.183530E-06
   0.27000   -0.181290E-06
   0.27200   -0.179808E-06
   0.27400   -0.179096E-06
   0.27600   -0.179183E-06
   0.27800   -0.180088E-06
   0.28000   -0.181780E-06
   0.28200   -0.184142E-06
   0.28400   -0.186957E-06
   0.28600   -0.189902E-06
   0.28800   -0.192574E-06
   0.29000   -0.194526E-06
   0.29200   -0.195323E-06
   0.29400   -0.194599E-06
   0.29600   -0.192112E-06
   0.29800   -0.187784E-06
   0.30000   -0.181723E-06
   0.30200   -0.174216E-06
   0.30400   -0.165704E-06
   0.30600   -0.156734E-06
   0.30800   -0.147901E-06
   0.31000   -0.139781E-06
   0.31200   -0.132869E-06
   0.31400   -0.127535E-06
   0.31600   -0.123990E-06
   0.31800   -0.122273E-06
   0.32000   -0.122266E-06
   0.32200   -0.123713E-06
   0.32400   -0.126260E-06
   0.32600   -0.129498E-06
   0.32800   -0.133002E-06
   0.33000   -0.136365E-06
   0.33200   -0.139224E-06
   0.33400   -0.141275E-06
   0.33600   -0.142284E-06
   0.33800   -0.142087E-06
   0.34000   -0.140589E-06
   0.34200   -0.137773E-06
   0.34400   -0.133695E-06
   0.34600   -0.128493E-06
   0.34800   -0.122388E-06
   0.35000   -0.115678E-06
   0.35200   -0.108723E-06
   0.35400   -0.101924E-06
   0.35600   -0.956802E-07
   0.35800   -0.903517E-07
   0.36000   -0.862140E-07
   0.36200   -0.834215E-07
   0.36400   -0.819851E-07
   0.36600   -0.817682E-07
   0.36800   -0.825049E-07
   0.37000   -0.838343E-07
   0.37200   -0.853507E-07
   0.37400   -0.866558E-07
   0.37600   -0.874071E-07
   0.37800   -0.873553E-07
   0.38000   -0.863632E-07
   0.38200   -0.844088E-07
   0.38400   -0.815726E-07
   0.38600   -0.780159E-07
   0.38800   -0.739556E-07
   0.39000   -0.696418E-07
   0.39200   -0.653376E-07
   0.39400   -0.613065E-07
   0.39600   -0.578016E-07
   0.39800   -0.550525E-07
   0.40000   -0.532516E-07
   0.40200   -0.525356E-07
   0.40400   -0.529647E-07
   0.40600   -0.545038E-07
   0.40800   -0.570123E-07
   0.41000   -0.602456E-07
   0.41200   -0.638730E-07
   0.41400   -0.675108E-07
   0.41600   -0.707662E-07
   0.41800   -0.732870E-07
   0.42000   -0.748065E-07
   0.42200   -0.751788E-07
   0.42400   -0.743944E-07
   0.42600   -0.725784E-07
   0.42800   -0.699717E-07
   0.43000   -0.668929E-07
   0.43200   -0.636966E-07
   0.43400   -0.607284E-07
   0.43600   -0.582848E-07
   0.43800   -0.565812E-07
   0.44000   -0.557336E-07
   0.44200   -0.557493E-07
   0.44400   -0.565335E-07
   0.44600   -0.579048E-07
   0.44800   -0.596175E-07
   0.45000   -0.613968E-07
   0.45200   -0.629675E-07
   0.45400   -0.640891E-07
   0.45600   -0.645825E-07
   0.45800   -0.643492E-07
   0.46000   -0.633784E-07
   0.46200   -0.617414E-07
   0.46400   -0.595741E-07
   0.46600   -0.570507E-07
   0.46800   -0.543522E-07
   0.47000   -0.516381E-07
   0.47200   -0.490231E-07
   0.47400   -0.465668E-07
   0.47600   -0.442735E-07
   0.47800   -0.421062E-07
   0.48000   -0.400075E-07
   0.48200   -0.379248E-07
   0.48400   -0.358333E-07
   0.48600   -0.337525E-07
   0.48800   -0.317509E-07
   0.49000   -0.299400E-07
   0.49200   -0.284567E-07
   0.49400   -0.274394E-07
   0.49600   -0.269986E-07
   0.49800   -0.271932E-07
   0.50000   -0.280118E-07
   0.50200   -0.293666E-07
   0.50400   -0.310993E-07
   0.50600   -0.330000E-07
   0.50800   -0.348351E-07
   0.51000   -0.363799E-07
   0.51200   -0.374505E-07
   0.51400   -0.379280E-07
   0.51600   -0.377726E-07
   0.51800   -0.370257E-07
   0.52000   -0.357974E-07
   0.52200   -0.342465E-07
   0.52400   -0.325534E-07
   0.52600   -0.308949E-07
   0.52800   -0.294205E-07
   0.53000   -0.282393E-07
   0.53200   -0.274132E-07
   0.53400   -0.269577E-07
   0.53600   -0.268499E-07
   0.53800   -0.270382E-07
   0.54000   -0.274477E-07
   0.54200   -0.279923E-07
   0.54400   -0.285772E-07
   0.54600   -0.291044E-07
   0.54800   -0.294773E-07
   0.55000   -0.296049E-07
   0.55200   -0.294143E-07
   0.55400   -0.288586E-07
   0.55600   -0.279291E-07
   0.55800   -0.266628E-07
   0.56000   -0.251470E-07
   0.56200   -0.235202E-07
   0.56400   -0.219624E-07
   0.56600   -0.206812E-07
   0.56800   -0.198998E-07
   0.57000   -0.198325E-07
   0.57200   -0.206734E-07
   0.57400   -0.225899E-07
   0.57600   -0.256965E-07
   0.57800   -0.300668E-07
   0.58000   -0.357208E-07
   0.58200   -0.426321E-07
   0.58400   -0.507283E-07
   0.58600   -0.598991E-07
   0.58800   -0.700014E-07
   0.59000   -0.808692E-07
   0.59200   -0.923215E-07
   0.59400   -0.104170E-06
   0.59600   -0.116227E-06
   0.59800   -0.128303E-06
   0.60000   -0.140201E-06
   0.60200   -0.151711E-06
   0.60400   -0.162587E-06
   0.60600   -0.172538E-06
   0.60800   -0.181213E-06
   0.61000   -0.188209E-06
   0.61200   -0.193087E-06
   0.61400   -0.195408E-06
   0.61600   -0.194794E-06
   0.61800   -0.190984E-06
   0.62000   -0.183904E-06
   0.62200   -0.173709E-06
   0.62400   -0.160804E-06
   0.62600   -0.145823E-06
   0.62800   -0.129576E-06
   0.63000   -0.112956E-06
   0.63200   -0.968347E-07
   0.63400   -0.819493E-07
   0.63600   -0.688214E-07
   0.63800   -0.576993E-07
   0.64000   -0.485514E-07
   0.64200   -0.411029E-07
   0.64400   -0.349069E-07
   0.64600   -0.294367E-07
   0.64800   -0.241801E-07
   0.65000   -0.187199E-07
   0.65200   -0.127865E-07
   0.65400   -0.628030E-08
   0.65600    0.737610E-09
   0.65800    0.807951E-08
   0.66000    0.154794E-07
   0.66200    0.226424E-07
   0.66400    0.292957E-07
   0.66600    0.352206E-07
   0.66800    0.402748E-07
   0.67000    0.443983E-07
   0.67200    0.476080E-07
   0.67400    0.499840E-07
   0.67600    0.516503E-07
   0.67800    0.527552E-07
   0.68000    0.534517E-07
   0.68200    0.538825E-07
   0.68400    0.541698E-07
   0.68600    0.544054E-07
   0.68800    0.546471E-07
   0.69000    0.549228E-07
   0.69200    0.552267E-07
   0.69400    0.555305E-07
   0.69600    0.557921E-07
   0.69800    0.559503E-07
   0.70000    0.559507E-07
   0.70200    0.557423E-07
   0.70400    0.552917E-07
   0.70600    0.545858E-07
   0.70800    0.536377E-07
   0.71000    0.524844E-07
   0.71200    0.511853E-07
   0.71400    0.498146E-07
   0.71600    0.484525E-07
   0.71800    0.471773E-07
   0.72000    0.460531E-07
   0.72200    0.451254E-07
   0.72400    0.444155E-07
   0.72600    0.439204E-07
   0.72800    0.436161E-07
   0.73000    0.434633E-07
   0.73200    0.434150E-07
   0.73400    0.434224E-07
   0.73600    0.434432E-07
   0.73800    0.434442E-07
   0.74000    0.434036E-07
   0.74200    0.433100E-07
   0.74400    0.431601E-07
   0.74600    0.429558E-07
   0.74800    0.427014E-07
   0.75000    0.424011E-07
   0.75200    0.420589E-07
   0.75400    0.416795E-07
   0.75600    0.412698E-07
   0.75800    0.408410E-07
   0.76000    0.404105E-07
   0.76200    0.400017E-07
   0.76400    0.396425E-07
   0.76600    0.393624E-07
   0.76800    0.391878E-07
   0.77000    0.391372E-07
   0.77200    0.392165E-07
   0.77400    0.394156E-07
   0.77600    0.397077E-07
   0.77800    0.400502E-07
   0.78000    0.403889E-07
   0.78200    0.406639E-07
   0.78400    0.408174E-07
   0.78600    0.408008E-07
   0.78800    0.405825E-07
   0.79000    0.401528E-07
   0.79200    0.395270E-07
   0.79400    0.387453E-07
   0.79600    0.378687E-07
   0.79800    0.369729E-07
   0.80000    0.361395E-07
   0.80200    0.354455E-07
   0.80400    0.349543E-07
   0.80600    0.347067E-07
   0.80800    0.347153E-07
   0.81000    0.349629E-07
   0.81200    0.354035E-07
   0.81400    0.359685E-07
   0.81600    0.365741E-07
   0.81800    0.371321E-07
   0.82000    0.375598E-07
   0.82200    0.377904E-07
   0.82400    0.377802E-07
   0.82600    0.375138E-07
   0.82800    0.370055E-07
   0.83000    0.362979E-07
   0.83200    0.354568E-07
   0.83400    0.345643E-07
   0.83600    0.337092E-07
   0.83800    0.329783E-07
   0.84000    0.324461E-07
   0.84200    0.321674E-07
   0.84400    0.321712E-07
   0.84600    0.324576E-07
   0.84800    0.329981E-07
   0.85000    0.337384E-07
   0.85200    0.346044E-07
   0.85400    0.355100E-07
   0.85600    0.363660E-07
   0.85800    0.370888E-07
   0.86000    0.376089E-07
   0.86200    0.378772E-07
   0.86400    0.378689E-07
   0.86600    0.375858E-07
   0.86800    0.370546E-07
   0.87000    0.363248E-07
   0.87200    0.354623E-07
   0.87400    0.345435E-07
   0.87600    0.336479E-07
   0.87800    0.328499E-07
   0.88000    0.322128E-07
   0.88200    0.317823E-07
   0.88400    0.315831E-07
   0.88600    0.316178E-07
   0.88800    0.318674E-07
   0.89000    0.322949E-07
   0.89200    0.328501E-07
   0.89400    0.334767E-07
   0.89600    0.341178E-07
   0.89800    0.347229E-07
   0.90000    0.352525E-07
   0.90200    0.356807E-07
   0.90400    0.359968E-07
   0.90600    0.362039E-07
   0.90800    0.363167E-07
   0.91000    0.363576E-07
   0.91200    0.363523E-07
   0.91400    0.363262E-07
   0.91600    0.363001E-07
   0.91800    0.362881E-07
   0.92000    0.362962E-07
   0.92200    0.363219E-07
   0.92400    0.363561E-07
   0.92600    0.363846E-07
   0.92800    0.363915E-07
   0.93000    0.363621E-07
   0.93200    0.362861E-07
   0.93400    0.361598E-07
   0.93600    0.359876E-07
   0.93800    0.357824E-07
   0.94000    0.355646E-07
   0.94200    0.353603E-07
   0.94400    0.351986E-07
   0.94600    0.351078E-07
   0.94800    0.351129E-07
   0.95000    0.352317E-07
   0.95200    0.354725E-07
   0.95400    0.358325E-07
   0.95600    0.362973E-07
   0.95800    0.368415E-07
   0.96000    0.374310E-07
   0.96200    0.380258E-07
   0.96400    0.385846E-07
   0.96600    0.390682E-07
   0.96800    0.394447E-07
   0.97000    0.396926E-07
   0.97200    0.398039E-07
   0.97400    0.397853E-07
   0.97600    0.396578E-07
   0.97800    0.394557E-07
   0.98000    0.392228E-07
   0.98200    0.390090E-07
   0.98400    0.388645E-07
   0.98600    0.388353E-07
   0.98800    0.389579E-07
   0.99000    0.392544E-07
   0.99200    0.397298E-07
   0.99400    0.403700E-07
   0.99600    0.411427E-07
   0.99800    0.419995E-07
   1.00000    0.428806E-07
   1.00200    0.437218E-07
   1.00400    0.444611E-07
   1.00600    0.450467E-07
   1.00800    0.454436E-07
   1.01000    0.456388E-07
   1.01200    0.456431E-07
   1.01400    0.454913E-07
   1.01600    0.452384E-07
   1.01800    0.449533E-07
   1.02000    0.447107E-07
   1.02200    0.445824E-07
   1.02400    0.446280E-07
   1.02600    0.448874E-07
   1.02800    0.453757E-07
   1.03000    0.460808E-07
   1.03200    0.469646E-07
   1.03400    0.479677E-07
   1.03600    0.490162E-07
   1.03800    0.500312E-07
   1.04000    0.509382E-07
   1.04200    0.516770E-07
   1.04400    0.522088E-07
   1.04600    0.525212E-07
   1.04800    0.526300E-07
   1.05000    0.525770E-07
   1.05200    0.524251E-07
   1.05400    0.522504E-07
   1.05600    0.521327E-07
   1.05800    0.521455E-07
   1.06000    0.523466E-07
   1.06200    0.527708E-07
   1.06400    0.534246E-07
   1.06600    0.542852E-07
   1.06800    0.553030E-07
   1.07000    0.564069E-07
   1.07200    0.575133E-07
   1.07400    0.585363E-07
   1.07600    0.593988E-07
   1.07800    0.600415E-07
   1.08000    0.604314E-07
   1.08200    0.605651E-07
   1.08400    0.604691E-07
   1.08600    0.601968E-07
   1.08800    0.598209E-07
   1.09000    0.594243E-07
   1.09200    0.590896E-07
   1.09400    0.588888E-07
   1.09600    0.588747E-07
   1.09800    0.590755E-07
   1.10000    0.594916E-07
   1.10200    0.600974E-07
   1.10400    0.608460E-07
   1.10600    0.616759E-07
   1.10800    0.625211E-07
   1.11000    0.633197E-07
   1.11200    0.640230E-07
   1.11400    0.646023E-07
   1.11600    0.650520E-07
   1.11800    0.653906E-07
   1.12000    0.656574E-07
   1.12200    0.659070E-07
   1.12400    0.662010E-07
   1.12600    0.665993E-07
   1.12800    0.671513E-07
   1.13000    0.678878E-07
   1.13200    0.688162E-07
   1.13400    0.699182E-07
   1.13600    0.711506E-07
   1.13800    0.724504E-07
   1.14000    0.737418E-07
   1.14200    0.749461E-07
   1.14400    0.759918E-07
   1.14600    0.768240E-07
   1.14800    0.774130E-07
   1.15000    0.777581E-07
   1.15200    0.778890E-07
   1.15400    0.778625E-07
   1.15600    0.777556E-07
   1.15800    0.776561E-07
   1.16000    0.776506E-07
   1.16200    0.778142E-07
   1.16400    0.782000E-07
   1.16600    0.788326E-07
   1.16800    0.797050E-07
   1.17000    0.807797E-07
   1.17200    0.819943E-07
   1.17400    0.832699E-07
   1.17600    0.845220E-07
   1.17800    0.856719E-07
   1.18000    0.866571E-07
   1.18200    0.874389E-07
   1.18400    0.880069E-07
   1.18600    0.883794E-07
   1.18800    0.885990E-07
   1.19000    0.887263E-07
   1.19200    0.888292E-07
   1.19400    0.889733E-07
   1.19600    0.892120E-07
   1.19800    0.895787E-07
   1.20000    0.900824E-07
   1.20200    0.907074E-07
   1.20400    0.914165E-07
   1.20600    0.921583E-07
   1.20800    0.928757E-07
   1.21000    0.935164E-07
   1.21200    0.940420E-07
   1.21400    0.944348E-07
   1.21600    0.947016E-07
   1.21800    0.948733E-07
   1.22000    0.950002E-07
   1.22200    0.951442E-07
   1.22400    0.953694E-07
   1.22600    0.957310E-07
   1.22800    0.962666E-07
   1.23000    0.969894E-07
   1.23200    0.978853E-07
   1.23400    0.989147E-07
   1.23600    0.100018E-06
   1.23800    0.101124E-06
   1.24000    0.102162E-06
   1.24200    0.103074E-06
   1.24400    0.103823E-06
   1.24600    0.104397E-06
   1.24800    0.104818E-06
   1.25000    0.105136E-06
   1.25200    0.105421E-06
   1.25400    0.105755E-06
   1.25600    0.106220E-06
   1.25800    0.106882E-06
   1.26000    0.107785E-06
   1.26200    0.108939E-06
   1.26400    0.110321E-06
   1.26600    0.111875E-06
   1.26800    0.113521E-06
   1.27000    0.115164E-06
   1.27200    0.116710E-06
   1.27400    0.118079E-06
   1.27600    0.119214E-06
   1.27800    0.120095E-06
   1.28000    0.120733E-06
   1.28200    0.121177E-06
   1.28400    0.121498E-06
   1.28600    0.121780E-06
   1.28800    0.122108E-06
   1.29000    0.122550E-06
   1.29200    0.123147E-06
   1.29400    0.123909E-06
   1.29600    0.124806E-06
   1.29800    0.125781E-06
   1.30000    0.126752E-06
   1.30200    0.127632E-06
   1.30400    0.128338E-06
   1.30600    0.128807E-06
   1.30800    0.129011E-06
   1.31000    0.128956E-06
   1.31200    0.128689E-06
   1.31400    0.128287E-06
   1.31600    0.127847E-06
   1.31800    0.127477E-06
   1.32000    0.127274E-06
   1.32200    0.127315E-06
   1.32400    0.127642E-06
   1.32600    0.128265E-06
   1.32800    0.129154E-06
   1.33000    0.130250E-06
   1.33200    0.131478E-06
   1.33400    0.132755E-06
   1.33600    0.134009E-06
   1.33800    0.135187E-06
   1.34000    0.136266E-06
   1.34200    0.137252E-06
   1.34400    0.138178E-06
   1.34600    0.139094E-06
   1.34800    0.140054E-06
   1.35000    0.141105E-06
   1.35200    0.142270E-06
   1.35400    0.143544E-06
   1.35600    0.144886E-06
   1.35800    0.146227E-06
   1.36000    0.147479E-06
   1.36200    0.148545E-06
   1.36400    0.149340E-06
   1.36600    0.149807E-06
   1.36800    0.149925E-06
   1.37000    0.149720E-06
   1.37200    0.149261E-06
   1.37400    0.148652E-06
   1.37600    0.148019E-06
   1.37800    0.147490E-06
   1.38000    0.147179E-06
   1.38200    0.147167E-06
   1.38400    0.147494E-06
   1.38600    0.148152E-06
   1.38800    0.149092E-06
   1.39000    0.150234E-06
   1.39200    0.151481E-06
   1.39400    0.152737E-06
   1.39600    0.153922E-06
   1.39800    0.154984E-06
   1.40000    0.155906E-06
   1.40200    0.156698E-06
   1.40400    0.157397E-06
   1.40600    0.158048E-06
   1.40800    0.158693E-06
   1.41000    0.159355E-06
   1.41200    0.160033E-06
   1.41400    0.160693E-06
   1.41600    0.161279E-06
   1.41800    0.161716E-06
   1.42000    0.161929E-06
   1.42200    0.161860E-06
   1.42400    0.161478E-06
   1.42600    0.160794E-06
   1.42800    0.159861E-06
   1.43000    0.158771E-06
   1.43200    0.157643E-06
   1.43400    0.156605E-06
   1.43600    0.155779E-06
   1.43800    0.155258E-06
   1.44000    0.155098E-06
   1.44200    0.155308E-06
   1.44400    0.155853E-06
   1.44600    0.156660E-06
   1.44800    0.157629E-06
   1.45000    0.158655E-06
   1.45200    0.159636E-06
   1.45400    0.160492E-06
   1.45600    0.161166E-06
   1.45800    0.161632E-06
   1.46000    0.161886E-06
   1.46200    0.161942E-06
   1.46400    0.161822E-06
   1.46600    0.161550E-06
   1.46800    0.161144E-06
   1.47000    0.160614E-06
   1.47200    0.159968E-06
   1.47400    0.159214E-06
   1.47600    0.158369E-06
   1.47800    0.157467E-06
   1.48000    0.156555E-06
   1.48200    0.155702E-06
   1.48400    0.154985E-06
   1.48600    0.154484E-06
   1.48800    0.154266E-06
   1.49000    0.154373E-06
   1.49200    0.154806E-06
   1.49400    0.155527E-06
   1.49600    0.156452E-06
   1.49800    0.157460E-06
   1.50000    0.158408E-06
   1.50200    0.159150E-06
   1.50400    0.159555E-06
   1.50600    0.159526E-06
   1.50800    0.159016E-06
   1.51000    0.158029E-06
   1.51200    0.156623E-06
   1.51400    0.154896E-06
   1.51600    0.152975E-06
   1.51800    0.150993E-06
   1.52000    0.149075E-06
   1.52200    0.147320E-06
   1.52400    0.145795E-06
   1.52600    0.144529E-06
   1.52800    0.143521E-06
   1.53000    0.142744E-06
   1.53200    0.142155E-06
   1.53400    0.141706E-06
   1.53600    0.141354E-06
   1.53800    0.141060E-06
   1.54000    0.140793E-06
   1.54200    0.140530E-06
   1.54400    0.140250E-06
   1.54600    0.139935E-06
   1.54800    0.139569E-06
   1.55000    0.139143E-06
   1.55200    0.138652E-06
   1.55400    0.138109E-06
   1.55600    0.137539E-06
   1.55800    0.136988E-06
   1.56000    0.136513E-06
   1.56200    0.136179E-06
   1.56400    0.136046E-06
   1.56600    0.136156E-06
   1.56800    0.136524E-06
   1.57000    0.137127E-06
   1.57200    0.137905E-06
   1.57400    0.138763E-06
   1.57600    0.139583E-06
   1.57800    0.140244E-06
   1.58000    0.140636E-06
   1.58200    0.140685E-06
   1.58400    0.140360E-06
   1.58600    0.139687E-06
   1.58800    0.138745E-06
   1.59000    0.137656E-06
   1.59200    0.136569E-06
   1.59400    0.135641E-06
   1.59600    0.135013E-06
   1.59800    0.134793E-06
   1.60000    0.135042E-06
   1.60200    0.135771E-06
   1.60400    0.136939E-06
   1.60600    0.138468E-06
   1.60800    0.140250E-06
   1.61000    0.142171E-06
   1.61200    0.144118E-06
   1.61400    0.145998E-06
   1.61600    0.147744E-06
   1.61800    0.149317E-06
   1.62000    0.150706E-06
   1.62200    0.151924E-06
   1.62400    0.153002E-06
   1.62600    0.153983E-06
   1.62800    0.154913E-06
   1.63000    0.155842E-06
   1.63200    0.156814E-06
   1.63400    0.157867E-06
   1.63600    0.159028E-06
   1.63800    0.160314E-06
   1.64000    0.161728E-06
   1.64200    0.163263E-06
   1.64400    0.164903E-06
   1.64600    0.166626E-06
   1.64800    0.168415E-06
   1.65000    0.170262E-06
   1.65200    0.172170E-06
   1.65400    0.174161E-06
   1.65600    0.176266E-06
   1.65800    0.178524E-06
   1.66000    0.180968E-06
   1.66200    0.183617E-06
   1.66400    0.186464E-06
   1.66600    0.189468E-06
   1.66800    0.192560E-06
   1.67000    0.195647E-06
   1.67200    0.198623E-06
   1.67400    0.201392E-06
   1.67600    0.203880E-06
   1.67800    0.206047E-06
   1.68000    0.207900E-06
   1.68200    0.209488E-06
   1.68400    0.210892E-06
   1.68600    0.212212E-06
   1.68800    0.213551E-06
   1.69000    0.214994E-06
   1.69200    0.216602E-06
   1.69400    0.218396E-06
   1.69600    0.220368E-06
   1.69800    0.222481E-06
   1.70000    0.224683E-06
   1.70200    0.226920E-06
   1.70400    0.229142E-06
   1.70600    0.231318E-06
   1.70800    0.233431E-06
   1.71000    0.235483E-06
   1.71200    0.237485E-06
   1.71400    0.239456E-06
   1.71600    0.241413E-06
   1.71800    0.243369E-06
   1.72000    0.245327E-06
   1.72200    0.247286E-06
   1.72400    0.249238E-06
   1.72600    0.251170E-06
   1.72800    0.253069E-06
   1.73000    0.254923E-06
   1.73200    0.256724E-06
   1.73400    0.258466E-06
   1.73600    0.260149E-06
   1.73800    0.261778E-06
   1.74000    0.263364E-06
   1.74200    0.264924E-06
   1.74400    0.266479E-06
   1.74600    0.268057E-06
   1.74800    0.269690E-06
   1.75000    0.271409E-06
   1.75200    0.273246E-06
   1.75400    0.275231E-06
   1.75600    0.277386E-06
   1.75800    0.279728E-06
   1.76000    0.282268E-06
   1.76200    0.285005E-06
   1.76400    0.287934E-06
   1.76600    0.291037E-06
   1.76800    0.294291E-06
   1.77000    0.297665E-06
   1.77200    0.301120E-06
   1.77400    0.304618E-06
   1.77600    0.308118E-06
   1.77800    0.311586E-06
   1.78000    0.314995E-06
   1.78200    0.318332E-06
   1.78400    0.321592E-06
   1.78600    0.324785E-06
   1.78800    0.327929E-06
   1.79000    0.331046E-06
   1.79200    0.334161E-06
   1.79400    0.337294E-06
   1.79600    0.340464E-06
   1.79800    0.343686E-06
   1.80000    0.346972E-06
   1.80200    0.350335E-06
   1.80400    0.353793E-06
   1.80600    0.357365E-06
   1.80800    0.361076E-06
   1.81000    0.364954E-06
   1.81200    0.369026E-06
   1.81400    0.373315E-06
   1.81600    0.377836E-06
   1.81800    0.382598E-06
   1.82000    0.387599E-06
   1.82200    0.392829E-06
   1.82400    0.398273E-06
   1.82600    0.403913E-06
   1.82800    0.409730E-06
   1.83000    0.415709E-06
   1.83200    0.421840E-06
   1.83400    0.428122E-06
   1.83600    0.434561E-06
   1.83800    0.441172E-06
   1.84000    0.447978E-06
   1.84200    0.455004E-06
   1.84400    0.462279E-06
   1.84600    0.469827E-06
   1.84800    0.477666E-06
   1.85000    0.485807E-06
   1.85200    0.494250E-06
   1.85400    0.502985E-06
   1.85600    0.511997E-06
   1.85800    0.521265E-06
   1.86000    0.530772E-06
   1.86200    0.540504E-06
   1.86400    0.550452E-06
   1.86600    0.560621E-06
   1.86800    0.571022E-06
   1.87000    0.581672E-06
   1.87200    0.592590E-06
   1.87400    0.603801E-06
   1.87600    0.615323E-06
   1.87800    0.627177E-06
   1.88000    0.639377E-06
   1.88200    0.651944E-06
   1.88400    0.664900E-06
   1.88600    0.678280E-06
   1.88800    0.692140E-06
   1.89000    0.706572E-06
   1.89200    0.721723E-06
   1.89400    0.737843E-06
   1.89600    0.755250E-06
   1.89800    0.774432E-06
   1.90000    0.796105E-06
   1.90200    0.821183E-06
   1.90400    0.850844E-06
   1.90600    0.886517E-06
   1.90800    0.929852E-06
   1.91000    0.982657E-06
   1.91200    0.104677E-05
   1.91400    0.112392E-05
   1.91600    0.121548E-05
   1.91800    0.132226E-05
   1.92000    0.144424E-05
   1.92200    0.158023E-05
   1.92400    0.172768E-05
   1.92600    0.188232E-05
   1.92800    0.203805E-05
   1.93000    0.218677E-05
   1.93200    0.231845E-05
   1.93400    0.242143E-05
   1.93600    0.248289E-05
   1.93800    0.248971E-05
   1.94000    0.242958E-05
   1.94200    0.229228E-05
   1.94400    0.207108E-05
   1.94600    0.176399E-05
   1.94800    0.137474E-05
   1.95000    0.913159E-06
   1.95200    0.394937E-06
   1.95400   -0.159326E-06
   1.95600   -0.725729E-06
   1.95800   -0.127911E-05
   1.96000   -0.179528E-05
   1.96200   -0.225313E-05
   1.96400   -0.263627E-05
   1.96600   -0.293416E-05
   1.96800   -0.314239E-05
   1.97000   -0.326236E-05
   1.97200   -0.330036E-05
   1.97400   -0.326634E-05
   1.97600   -0.317250E-05
   1.97800   -0.303194E-05
   1.98000   -0.285765E-05
   1.98200   -0.266163E-05
   1.98400   -0.245444E-05
   1.98600   -0.224496E-05
   1.98800   -0.204036E-05
   1.99000   -0.184619E-05
   1.99200   -0.166647E-05
   1.99400   -0.150387E-05
   1.99600   -0.135981E-05
   1.99800   -0.123457E-05
   2.00000   -0.112741E-05
   2.00200   -0.103674E-05
   2.00400   -0.960283E-06
   2.00600   -0.895288E-06
   2.00800   -0.838825E-06
   2.01000   -0.788047E-06
   2.01200   -0.740473E-06
   2.01400   -0.694212E-06
   2.01600   -0.648145E-06
   2.01800   -0.601945E-06
   2.02000   -0.556115E-06
   2.02200   -0.511834E-06
   2.02400   -0.470672E-06
   2.02600   -0.434378E-06
   2.02800   -0.404556E-06
   2.03000   -0.382418E-06
   2.03200   -0.368580E-06
   2.03400   -0.362961E-06
   2.03600   -0.364787E-06
   2.03800   -0.372699E-06
   2.04000   -0.384928E-06
   2.04200   -0.399529E-06
   2.04400   -0.414618E-06
   2.04600   -0.428557E-06
   2.04800   -0.440104E-06
   2.05000   -0.448480E-06
   2.05200   -0.453376E-06
   2.05400   -0.454887E-06
   2.05600   -0.453416E-06
   2.05800   -0.449557E-06
   2.06000   -0.443978E-06
   2.06200   -0.437322E-06
   2.06400   -0.430136E-06
   2.06600   -0.422816E-06
   2.06800   -0.415598E-06
   2.07000   -0.408553E-06
   2.07200   -0.401618E-06
   2.07400   -0.394623E-06
   2.07600   -0.387338E-06
   2.07800   -0.379515E-06
   2.08000   -0.370934E-06
   2.08200   -0.361431E-06
   2.08400   -0.350936E-06
   2.08600   -0.339485E-06
   2.08800   -0.327227E-06
   2.09000   -0.314418E-06
   2.09200   -0.301402E-06
   2.09400   -0.288587E-06
   2.09600   -0.276417E-06
   2.09800   -0.265333E-06
   2.10000   -0.255747E-06
   2.10200   -0.248006E-06
   2.10400   -0.242360E-06
   2.10600   -0.238940E-06
   2.10800   -0.237736E-06
   2.11000   -0.238587E-06
   2.11200   -0.241181E-06
   2.11400   -0.245071E-06
   2.11600   -0.249704E-06
   2.11800   -0.254467E-06
   2.12000   -0.258740E-06
   2.12200   -0.261950E-06
   2.12400   -0.263635E-06
   2.12600   -0.263479E-06
   2.12800   -0.261348E-06
   2.13000   -0.257299E-06
   2.13200   -0.251565E-06
   2.13400   -0.244529E-06
   2.13600   -0.236684E-06
   2.13800   -0.228577E-06
   2.14000   -0.220758E-06
   2.14200   -0.213728E-06
   2.14400   -0.207894E-06
   2.14600   -0.203539E-06
   2.14800   -0.200803E-06
   2.15000   -0.199679E-06
   2.15200   -0.200027E-06
   2.15400   -0.201593E-06
   2.15600   -0.204042E-06
   2.15800   -0.206994E-06
   2.16000   -0.210053E-06
   2.16200   -0.212844E-06
   2.16400   -0.215031E-06
   2.16600   -0.216338E-06
   2.16800   -0.216556E-06
   2.17000   -0.215556E-06
   2.17200   -0.213285E-06
   2.17400   -0.209773E-06
   2.17600   -0.205125E-06
   2.17800   -0.199518E-06
   2.18000   -0.193186E-06
   2.18200   -0.186402E-06
   2.18400   -0.179458E-06
   2.18600   -0.172635E-06
   2.18800   -0.166175E-06
   2.19000   -0.160259E-06
   2.19200   -0.154983E-06
   2.19400   -0.150352E-06
   2.19600   -0.146278E-06
   2.19800   -0.142595E-06
   2.20000   -0.139074E-06
   2.20200   -0.135453E-06
   2.20400   -0.131451E-06
   2.20600   -0.126804E-06
   2.20800   -0.121274E-06
   2.21000   -0.114660E-06
   2.21200   -0.106803E-06
   2.21400   -0.975814E-07
   2.21600   -0.869103E-07
   2.21800   -0.747335E-07
   2.22000   -0.610246E-07
   2.22200   -0.457903E-07
   2.22400   -0.290801E-07
   2.22600   -0.110038E-07
   2.22800    0.824338E-08
   2.23000    0.283490E-07
   2.23200    0.488465E-07
   2.23400    0.690761E-07
   2.23600    0.881524E-07
   2.23800    0.104945E-06
   2.24000    0.118089E-06
   2.24200    0.126022E-06
   2.24400    0.127086E-06
   2.24600    0.119650E-06
   2.24800    0.102292E-06
   2.25000    0.739945E-07
   2.25200    0.343305E-07
   2.25400   -0.163822E-07
   2.25600   -0.769986E-07
   2.25800   -0.145555E-06
   2.26000   -0.219383E-06
   2.26200   -0.295315E-06
   2.26400   -0.369961E-06
   2.26600   -0.440026E-06
   2.26800   -0.502606E-06
   2.27000   -0.555446E-06
   2.27200   -0.597100E-06
   2.27400   -0.626998E-06
   2.27600   -0.645408E-06
   2.27800   -0.653309E-06
   2.28000   -0.652204E-06
   2.28200   -0.643910E-06
   2.28400   -0.630344E-06
   2.28600   -0.613343E-06
   2.28800   -0.594529E-06
   2.29000   -0.575224E-06
   2.29200   -0.556422E-06
   2.29400   -0.538793E-06
   2.29600   -0.522725E-06
   2.29800   -0.508380E-06
   2.30000   -0.495754E-06
   2.30200   -0.484733E-06
   2.30400   -0.475141E-06
   2.30600   -0.466778E-06
   2.30800   -0.459436E-06
   2.31000   -0.452924E-06
   2.31200   -0.447066E-06
   2.31400   -0.441712E-06
   2.31600   -0.436733E-06
   2.31800   -0.432027E-06
   2.32000   -0.427514E-06
   2.32200   -0.423138E-06
   2.32400   -0.418872E-06
   2.32600   -0.414714E-06
   2.32800   -0.410681E-06
   2.33000   -0.406807E-06
   2.33200   -0.403139E-06
   2.33400   -0.399730E-06
   2.33600   -0.396633E-06
   2.33800   -0.393894E-06
   2.34000   -0.391546E-06
   2.34200   -0.389603E-06
   2.34400   -0.388063E-06
   2.34600   -0.386900E-06
   2.34800   -0.386064E-06
   2.35000   -0.385487E-06
   2.35200   -0.385078E-06
   2.35400   -0.384735E-06
   2.35600   -0.384343E-06
   2.35800   -0.383786E-06
   2.36000   -0.382953E-06
   2.36200   -0.381751E-06
   2.36400   -0.380111E-06
   2.36600   -0.377998E-06
   2.36800   -0.375416E-06
   2.37000   -0.372411E-06
   2.37200   -0.369064E-06
   2.37400   -0.365489E-06
   2.37600   -0.361816E-06
   2.37800   -0.358180E-06
   2.38000   -0.354706E-06
   2.38200   -0.351492E-06
   2.38400   -0.348605E-06
   2.38600   -0.346066E-06
   2.38800   -0.343858E-06
   2.39000   -0.341928E-06
   2.39200   -0.340194E-06
   2.39400   -0.338558E-06
   2.39600   -0.336924E-06
   2.39800   -0.335201E-06
   2.40000   -0.333323E-06
   2.40200   -0.331251E-06
   2.40400   -0.328978E-06
   2.40600   -0.326527E-06
   2.40800   -0.323949E-06
   2.41000   -0.321314E-06
   2.41200   -0.318702E-06
   2.41400   -0.316193E-06
   2.41600   -0.313862E-06
   2.41800   -0.311765E-06
   2.42000   -0.309943E-06
   2.42200   -0.308413E-06
   2.42400   -0.307178E-06
   2.42600   -0.306225E-06
   2.42800   -0.305536E-06
   2.43000   -0.305094E-06
   2.43200   -0.304892E-06
   2.43400   -0.304936E-06
   2.43600   -0.305247E-06
   2.43800   -0.305863E-06
   2.44000   -0.306825E-06
   2.44200   -0.308176E-06
   2.44400   -0.309939E-06
   2.44600   -0.312111E-06
   2.44800   -0.314647E-06
   2.45000   -0.317452E-06
   2.45200   -0.320382E-06
   2.45400   -0.323251E-06
   2.45600   -0.325841E-06
   2.45800   -0.327928E-06
   2.46000   -0.329301E-06
   2.46200   -0.329790E-06
   2.46400   -0.329282E-06
   2.46600   -0.327735E-06
   2.46800   -0.325182E-06
   2.47000   -0.321720E-06
   2.47200   -0.317499E-06
   2.47400   -0.312698E-06
   2.47600   -0.307501E-06
   2.47800   -0.302080E-06
   2.48000   -0.296579E-06
   2.48200   -0.291101E-06
   2.48400   -0.285713E-06
   2.48600   -0.280447E-06
   2.48800   -0.275310E-06
   2.49000   -0.270295E-06
   2.49200   -0.265392E-06
   2.49400   -0.260596E-06
   2.49600   -0.255910E-06
   2.49800   -0.251348E-06
   2.50000   -0.246931E-06
   2.50200   -0.242687E-06
   2.50400   -0.238642E-06
   2.50600   -0.234817E-06
   2.50800   -0.231227E-06
   2.51000   -0.227874E-06
   2.51200   -0.224747E-06
   2.51400   -0.221825E-06
   2.51600   -0.219076E-06
   2.51800   -0.216458E-06
   2.52000   -0.213924E-06
   2.52200   -0.211425E-06
   2.52400   -0.208911E-06
   2.52600   -0.206336E-06
   2.52800   -0.203660E-06
   2.53000   -0.200855E-06
   2.53200   -0.197906E-06
   2.53400   -0.194812E-06
   2.53600   -0.191588E-06
   2.53800   -0.188265E-06
   2.54000   -0.184885E-06
   2.54200   -0.181495E-06
   2.54400   -0.178142E-06
   2.54600   -0.174869E-06
   2.54800   -0.171704E-06
   2.55000   -0.168663E-06
   2.55200   -0.165747E-06
   2.55400   -0.162947E-06
   2.55600   -0.160245E-06
   2.55800   -0.157623E-06
   2.56000   -0.155066E-06
   2.56200   -0.152565E-06
   2.56400   -0.150122E-06
   2.56600   -0.147745E-06
   2.56800   -0.145448E-06
   2.57000   -0.143253E-06
   2.57200   -0.141180E-06
   2.57400   -0.139254E-06
   2.57600   -0.137498E-06
   2.57800   -0.135931E-06
   2.58000   -0.134571E-06
   2.58200   -0.133428E-06
   2.58400   -0.132504E-06
   2.58600   -0.131790E-06
   2.58800   -0.131266E-06
   2.59000   -0.130901E-06
   2.59200   -0.130657E-06
   2.59400   -0.130494E-06
   2.59600   -0.130376E-06
   2.59800   -0.130276E-06
   2.60000   -0.130178E-06
   2.60200   -0.130081E-06
   2.60400   -0.129994E-06
   2.60600   -0.129936E-06
   2.60800   -0.129926E-06
   2.61000   -0.129980E-06
   2.61200   -0.130107E-06
   2.61400   -0.130309E-06
   2.61600   -0.130578E-06
   2.61800   -0.130902E-06
   2.62000   -0.131264E-06
   2.62200   -0.131649E-06
   2.62400   -0.132044E-06
   2.62600   -0.132437E-06
   2.62800   -0.132819E-06
   2.63000   -0.133181E-06
   2.63200   -0.133511E-06
   2.63400   -0.133795E-06
   2.63600   -0.134020E-06
   2.63800   -0.134174E-06
   2.64000   -0.134249E-06
   2.64200   -0.134247E-06
   2.64400   -0.134180E-06
   2.64600   -0.134073E-06
   2.64800   -0.133958E-06
   2.65000   -0.133872E-06
   2.65200   -0.133851E-06
   2.65400   -0.133922E-06
   2.65600   -0.134102E-06
   2.65800   -0.134391E-06
   2.66000   -0.134775E-06
   2.66200   -0.135229E-06
   2.66400   -0.135723E-06
   2.66600   -0.136225E-06
   2.66800   -0.136712E-06
   2.67000   -0.137170E-06
   2.67200   -0.137597E-06
   2.67400   -0.138005E-06
   2.67600   -0.138408E-06
   2.67800   -0.138827E-06
   2.68000   -0.139276E-06
   2.68200   -0.139762E-06
   2.68400   -0.140282E-06
   2.68600   -0.140819E-06
   2.68800   -0.141351E-06
   2.69000   -0.141846E-06
   2.69200   -0.142275E-06
   2.69400   -0.142613E-06
   2.69600   -0.142846E-06
   2.69800   -0.142973E-06
   2.70000   -0.143004E-06
   2.70200   -0.142966E-06
   2.70400   -0.142891E-06
   2.70600   -0.142814E-06
   2.70800   -0.142766E-06
   2.71000   -0.142769E-06
   2.71200   -0.142835E-06
   2.71400   -0.142959E-06
   2.71600   -0.143128E-06
   2.71800   -0.143323E-06
   2.72000   -0.143528E-06
   2.72200   -0.143732E-06
   2.72400   -0.143940E-06
   2.72600   -0.144174E-06
   2.72800   -0.144467E-06
   2.73000   -0.144863E-06
   2.73200   -0.145407E-06
   2.73400   -0.146135E-06
   2.73600   -0.147070E-06
   2.73800   -0.148212E-06
   2.74000   -0.149536E-06
   2.74200   -0.151002E-06
   2.74400   -0.152553E-06
   2.74600   -0.154133E-06
   2.74800   -0.155693E-06
   2.75000   -0.157199E-06
   2.75200   -0.158644E-06
   2.75400   -0.160046E-06
   2.75600   -0.161446E-06
   2.75800   -0.162900E-06
   2.76000   -0.164472E-06
   2.76200   -0.166220E-06
   2.76400   -0.168192E-06
   2.76600   -0.170416E-06
   2.76800   -0.172903E-06
   2.77000   -0.175647E-06
   2.77200   -0.178635E-06
   2.77400   -0.181855E-06
   2.77600   -0.185305E-06
   2.77800   -0.188998E-06
   2.78000   -0.192971E-06
   2.78200   -0.197280E-06
   2.78400   -0.202003E-06
   2.78600   -0.207224E-06
   2.78800   -0.213031E-06
   2.79000   -0.219526E-06
   2.79200   -0.226803E-06
   2.79400   -0.234957E-06
   2.79600   -0.244088E-06
   2.79800   -0.254313E-06
   2.80000   -0.265767E-06
   2.80200   -0.278615E-06
   2.80400   -0.293044E-06
   2.80600   -0.309251E-06
   2.80800   -0.327414E-06
   2.81000   -0.347639E-06
   2.81200   -0.369897E-06
   2.81400   -0.393929E-06
   2.81600   -0.419161E-06
   2.81800   -0.444596E-06
   2.82000   -0.468751E-06
   2.82200   -0.489612E-06
   2.82400   -0.504666E-06
   2.82600   -0.511008E-06
   2.82800   -0.505539E-06
   2.83000   -0.485252E-06
   2.83200   -0.447585E-06
   2.83400   -0.390792E-06
   2.83600   -0.314303E-06
   2.83800   -0.218985E-06
   2.84000   -0.107261E-06
   2.84200    0.169392E-07
   2.84400    0.148436E-06
   2.84600    0.281225E-06
   2.84800    0.409021E-06
   2.85000    0.525865E-06
   2.85200    0.626677E-06
   2.85400    0.707713E-06
   2.85600    0.766832E-06
   2.85800    0.803576E-06
   2.86000    0.819038E-06
   2.86200    0.815584E-06
   2.86400    0.796460E-06
   2.86600    0.765370E-06
   2.86800    0.726069E-06
   2.87000    0.682034E-06
   2.87200    0.636231E-06
   2.87400    0.590991E-06
   2.87600    0.547976E-06
   2.87800    0.508231E-06
   2.88000    0.472278E-06
   2.88200    0.440235E-06
   2.88400    0.411943E-06
   2.88600    0.387070E-06
   2.88800    0.365203E-06
   2.89000    0.345916E-06
   2.89200    0.328808E-06
   2.89400    0.313531E-06
   2.89600    0.299797E-06
   2.89800    0.287380E-06
   2.90000    0.276107E-06
   2.90200    0.265851E-06
   2.90400    0.256517E-06
   2.90600    0.248037E-06
   2.90800    0.240355E-06
   2.91000    0.233426E-06
   2.91200    0.227226E-06
   2.91400    0.221719E-06
   2.91600    0.216874E-06
   2.91800    0.212657E-06
   2.92000    0.209031E-06
   2.92200    0.205948E-06
   2.92400    0.203343E-06
   2.92600    0.201138E-06
   2.92800    0.199232E-06
   2.93000    0.197511E-06
   2.93200    0.195850E-06
   2.93400    0.194112E-06
   2.93600    0.192173E-06
   2.93800    0.189923E-06
   2.94000    0.187282E-06
   2.94200    0.184206E-06
   2.94400    0.180693E-06
   2.94600    0.176792E-06
   2.94800    0.172595E-06
   2.95000    0.168243E-06
   2.95200    0.163917E-06
   2.95400    0.159841E-06
   2.95600    0.156275E-06
   2.95800    0.153511E-06
   2.96000    0.151872E-06
   2.96200    0.151702E-06
   2.96400    0.153350E-06
   2.96600    0.157152E-06
   2.96800    0.163395E-06
   2.97000    0.172281E-06
   2.97200    0.183881E-06
   2.97400    0.198086E-06
   2.97600    0.214571E-06
   2.97800    0.232771E-06
   2.98000    0.251882E-06
   2.98200    0.270895E-06
   2.98400    0.288664E-06
   2.98600    0.303995E-06
   2.98800    0.315766E-06
   2.99000    0.323043E-06
   2.99200    0.325185E-06
   2.99400    0.321922E-06
   2.99600    0.313384E-06
   2.99800    0.300090E-06
   3.00000    0.282882E-06
   3.00200    0.262830E-06
   3.00400    0.241109E-06
   3.00600    0.218883E-06
   3.00800    0.197195E-06
   3.01000    0.176892E-06
   3.01200    0.158582E-06
   3.01400    0.142622E-06
   3.01600    0.129141E-06
   3.01800    0.118084E-06
   3.02000    0.109259E-06
   3.02200    0.102397E-06
   3.02400    0.971939E-07
   3.02600    0.933479E-07
   3.02800    0.905857E-07
   3.03000    0.886730E-07
   3.03200    0.874185E-07
   3.03400    0.866704E-07
   3.03600    0.863102E-07
   3.03800    0.862448E-07
   3.04000    0.864007E-07
   3.04200    0.867181E-07
   3.04400    0.871480E-07
   3.04600    0.876504E-07
   3.04800    0.881930E-07
   3.05000    0.887517E-07
   3.05200    0.893055E-07
   3.05400    0.898442E-07
   3.05600    0.903625E-07
   3.05800    0.908534E-07
   3.06000    0.913157E-07
   3.06200    0.917494E-07
   3.06400    0.921561E-07
   3.06600    0.925386E-07
   3.06800    0.929012E-07
   3.07000    0.932499E-07
   3.07200    0.935925E-07
   3.07400    0.939381E-07
   3.07600    0.942966E-07
   3.07800    0.946779E-07
   3.08000    0.950914E-07
   3.08200    0.955448E-07
   3.08400    0.960437E-07
   3.08600    0.965911E-07
   3.08800    0.971871E-07
   3.09000    0.978286E-07
   3.09200    0.985094E-07
   3.09400    0.992202E-07
   3.09600    0.999483E-07
   3.09800    0.100679E-06
   3.10000    0.101396E-06
   3.10200    0.102080E-06
   3.10400    0.102716E-06
   3.10600    0.103289E-06
   3.10800    0.103785E-06
   3.11000    0.104198E-06
   3.11200    0.104527E-06
   3.11400    0.104775E-06
   3.11600    0.104952E-06
   3.11800    0.105071E-06
   3.12000    0.105149E-06
   3.12200    0.105204E-06
   3.12400    0.105250E-06
   3.12600    0.105301E-06
   3.12800    0.105365E-06
   3.13000    0.105446E-06
   3.13200    0.105543E-06
   3.13400    0.105656E-06
   3.13600    0.105787E-06
   3.13800    0.105941E-06
   3.14000    0.106135E-06
   3.14200    0.106397E-06
   3.14400    0.106768E-06
   3.14600    0.107298E-06
   3.14800    0.108048E-06
   3.15000    0.109081E-06
   3.15200    0.110455E-06
   3.15400    0.112220E-06
   3.15600    0.114408E-06
   3.15800    0.117029E-06
   3.16000    0.120075E-06
   3.16200    0.123513E-06
   3.16400    0.127290E-06
   3.16600    0.131342E-06
   3.16800    0.135590E-06
   3.17000    0.139951E-06
   3.17200    0.144339E-06
   3.17400    0.148665E-06
   3.17600    0.152846E-06
   3.17800    0.156796E-06
   3.18000    0.160438E-06
   3.18200    0.163699E-06
   3.18400    0.166515E-06
   3.18600    0.168836E-06
   3.18800    0.170621E-06
   3.19000    0.171850E-06
   3.19200    0.172513E-06
   3.19400    0.172618E-06
   3.19600    0.172185E-06
   3.19800    0.171244E-06
   3.20000    0.169836E-06
   3.20200    0.168004E-06
   3.20400    0.165802E-06
   3.20600    0.163289E-06
   3.20800    0.160527E-06
   3.21000    0.157586E-06
   3.21200    0.154539E-06
   3.21400    0.151461E-06
   3.21600    0.148426E-06
   3.21800    0.145498E-06
   3.22000    0.142728E-06
   3.22200    0.140149E-06
   3.22400    0.137763E-06
   3.22600    0.135543E-06
   3.22800    0.133427E-06
   3.23000    0.131324E-06
   3.23200    0.129115E-06
   3.23400    0.126669E-06
   3.23600    0.123857E-06
   3.23800    0.120576E-06
   3.24000    0.116766E-06
   3.24200    0.112441E-06
   3.24400    0.107706E-06
   3.24600    0.102769E-06
   3.24800    0.979523E-07
   3.25000    0.936763E-07
   3.25200    0.904426E-07
   3.25400    0.887955E-07
   3.25600    0.892737E-07
   3.25800    0.923551E-07
   3.26000    0.983992E-07
   3.26200    0.107594E-06
   3.26400    0.119912E-06
   3.26600    0.135083E-06
   3.26800    0.152579E-06
   3.27000    0.171628E-06
   3.27200    0.191232E-06
   3.27400    0.210219E-06
   3.27600    0.227301E-06
   3.27800    0.241156E-06
   3.28000    0.250515E-06
   3.28200    0.254263E-06
   3.28400    0.251536E-06
   3.28600    0.241816E-06
   3.28800    0.224995E-06
   3.29000    0.201417E-06
   3.29200    0.171874E-06
   3.29400    0.137563E-06
   3.29600    0.999896E-07
   3.29800    0.608524E-07
   3.30000    0.218946E-07
   3.30200   -0.152384E-07
   3.30400   -0.491290E-07
   3.30600   -0.786839E-07
   3.30800   -0.103191E-06
   3.31000   -0.122330E-06
   3.31200   -0.136146E-06
   3.31400   -0.144985E-06
   3.31600   -0.149416E-06
   3.31800   -0.150146E-06
   3.32000   -0.147933E-06
   3.32200   -0.143519E-06
   3.32400   -0.137581E-06
   3.32600   -0.130701E-06
   3.32800   -0.123350E-06
   3.33000   -0.115886E-06
   3.33200   -0.108574E-06
   3.33400   -0.101589E-06
   3.33600   -0.950425E-07
   3.33800   -0.889955E-07
   3.34000   -0.834708E-07
   3.34200   -0.784665E-07
   3.34400   -0.739621E-07
   3.34600   -0.699243E-07
   3.34800   -0.663121E-07
   3.35000   -0.630782E-07
   3.35200   -0.601745E-07
   3.35400   -0.575517E-07
   3.35600   -0.551639E-07
   3.35800   -0.529713E-07
   3.36000   -0.509428E-07
   3.36200   -0.490564E-07
   3.36400   -0.473019E-07
   3.36600   -0.456796E-07
   3.36800   -0.441990E-07
   3.37000   -0.428761E-07
   3.37200   -0.417297E-07
   3.37400   -0.407775E-07
   3.37600   -0.400318E-07
   3.37800   -0.394957E-07
   3.38000   -0.391615E-07
   3.38200   -0.390094E-07
   3.38400   -0.390083E-07
   3.38600   -0.391182E-07
   3.38800   -0.392935E-07
   3.39000   -0.394872E-07
   3.39200   -0.396544E-07
   3.39400   -0.397562E-07
   3.39600   -0.397617E-07
   3.39800   -0.396494E-07
   3.40000   -0.394072E-07
   3.40200   -0.390312E-07
   3.40400   -0.385242E-07
   3.40600   -0.378946E-07
   3.40800   -0.371548E-07
   3.41000   -0.363204E-07
   3.41200   -0.354108E-07
   3.41400   -0.344493E-07
   3.41600   -0.334635E-07
   3.41800   -0.324849E-07
   3.42000   -0.315485E-07
   3.42200   -0.306897E-07
   3.42400   -0.299419E-07
   3.42600   -0.293318E-07
   3.42800   -0.288760E-07
   3.43000   -0.285777E-07
   3.43200   -0.284251E-07
   3.43400   -0.283925E-07
   3.43600   -0.284437E-07
   3.43800   -0.285366E-07
   3.44000   -0.286301E-07
   3.44200   -0.286906E-07
   3.44400   -0.286973E-07
   3.44600   -0.286459E-07
   3.44800   -0.285482E-07
   3.45000   -0.284296E-07
   3.45200   -0.283236E-07
   3.45400   -0.282640E-07
   3.45600   -0.282779E-07
   3.45800   -0.283784E-07
   3.46000   -0.285609E-07
   3.46200   -0.288014E-07
   3.46400   -0.290590E-07
   3.46600   -0.292813E-07
   3.46800   -0.294111E-07
   3.47000   -0.293946E-07
   3.47200   -0.291881E-07
   3.47400   -0.287632E-07
   3.47600   -0.281090E-07
   3.47800   -0.272312E-07
   3.48000   -0.261488E-07
   3.48200   -0.248883E-07
   3.48400   -0.234774E-07
   3.48600   -0.219385E-07
   3.48800   -0.202837E-07
   3.49000   -0.185105E-07
   3.49200   -0.166011E-07
   3.49400   -0.145218E-07
   3.49600   -0.122266E-07
   3.49800   -0.965988E-08
   3.50000   -0.676191E-08
   3.50200   -0.347480E-08
   3.50400    0.252108E-09
   3.50600    0.445596E-08
   3.50800    0.915516E-08
   3.51000    0.143453E-07
   3.51200    0.199964E-07
   3.51400    0.260533E-07
   3.51600    0.324367E-07
   3.51800    0.390485E-07
   3.52000    0.457788E-07
   3.52200    0.525136E-07
   3.52400    0.591434E-07
   3.52600    0.655717E-07
   3.52800    0.717202E-07
   3.53000    0.775340E-07
   3.53200    0.829825E-07
   3.53400    0.880598E-07
   3.53600    0.927803E-07
   3.53800    0.971803E-07
   3.54000    0.101299E-06
   3.54200    0.105205E-06
   3.54400    0.108964E-06
   3.54600    0.112658E-06
   3.54800    0.116376E-06
   3.55000    0.120217E-06
   3.55200    0.124294E-06
   3.55400    0.128729E-06
   3.55600    0.133657E-06
   3.55800    0.139213E-06
   3.56000    0.145526E-06
   3.56200    0.152698E-06
   3.56400    0.160779E-06
   3.56600    0.169735E-06
   3.56800    0.179403E-06
   3.57000    0.189455E-06
   3.57200    0.199358E-06
   3.57400    0.208349E-06
   3.57600    0.215437E-06
   3.57800    0.219433E-06
   3.58000    0.219021E-06
   3.58200    0.212867E-06
   3.58400    0.199766E-06
   3.58600    0.178804E-06
   3.58800    0.149519E-06
   3.59000    0.112038E-06
   3.59200    0.671524E-07
   3.59400    0.163234E-07
   3.59600   -0.383998E-07
   3.59800   -0.945433E-07
   3.60000   -0.149435E-06
   3.60200   -0.200464E-06
   3.60400   -0.245335E-06
   3.60600   -0.282282E-06
   3.60800   -0.310212E-06
   3.61000   -0.328751E-06
   3.61200   -0.338220E-06
   3.61400   -0.339514E-06
   3.61600   -0.333940E-06
   3.61800   -0.323033E-06
   3.62000   -0.308377E-06
   3.62200   -0.291450E-06
   3.62400   -0.273521E-06
   3.62600   -0.255589E-06
   3.62800   -0.238375E-06
   3.63000   -0.222334E-06
   3.63200   -0.207707E-06
   3.63400   -0.194566E-06
   3.63600   -0.182873E-06
   3.63800   -0.172522E-06
   3.64000   -0.163372E-06
   3.64200   -0.155275E-06
   3.64400   -0.148084E-06
   3.64600   -0.141666E-06
   3.64800   -0.135896E-06
   3.65000   -0.130667E-06
   3.65200   -0.125883E-06
   3.65400   -0.121463E-06
   3.65600   -0.117340E-06
   3.65800   -0.113466E-06
   3.66000   -0.109807E-06
   3.66200   -0.106342E-06
   3.66400   -0.103076E-06
   3.66600   -0.100014E-06
   3.66800   -0.971707E-07
   3.67000   -0.945633E-07
   3.67200   -0.922048E-07
   3.67400   -0.901005E-07
   3.67600   -0.882454E-07
   3.67800   -0.866224E-07
   3.68000   -0.852027E-07
   3.68200   -0.839485E-07
   3.68400   -0.828161E-07
   3.68600   -0.817603E-07
   3.68800   -0.807383E-07
   3.69000   -0.797138E-07
   3.69200   -0.786593E-07
   3.69400   -0.775580E-07
   3.69600   -0.764027E-07
   3.69800   -0.751950E-07
   3.70000   -0.739427E-07
   3.70200   -0.726570E-07
   3.70400   -0.713501E-07
   3.70600   -0.700328E-07
   3.70800   -0.687135E-07
   3.71000   -0.673985E-07
   3.71200   -0.660923E-07
   3.71400   -0.647990E-07
   3.71600   -0.635241E-07
   3.71800   -0.622755E-07
   3.72000   -0.610638E-07
   3.72200   -0.599025E-07
   3.72400   -0.588061E-07
   3.72600   -0.577887E-07
   3.72800   -0.568615E-07
   3.73000   -0.560308E-07
   3.73200   -0.552964E-07
   3.73400   -0.546505E-07
   3.73600   -0.540785E-07
   3.73800   -0.535596E-07
   3.74000   -0.530692E-07
   3.74200   -0.525814E-07
   3.74400   -0.520716E-07
   3.74600   -0.515188E-07
   3.74800   -0.509081E-07
   3.75000   -0.502315E-07
   3.75200   -0.494888E-07
   3.75400   -0.486872E-07
   3.75600   -0.478406E-07
   3.75800   -0.469679E-07
   3.76000   -0.460914E-07
   3.76200   -0.452344E-07
   3.76400   -0.444194E-07
   3.76600   -0.436658E-07
   3.76800   -0.429882E-07
   3.77000   -0.423951E-07
   3.77200   -0.418883E-07
   3.77400   -0.414627E-07
   3.77600   -0.411067E-07
   3.77800   -0.408036E-07
   3.78000   -0.405329E-07
   3.78200   -0.402721E-07
   3.78400   -0.399983E-07
   3.78600   -0.396901E-07
   3.78800   -0.393294E-07
   3.79000   -0.389020E-07
   3.79200   -0.383989E-07
   3.79400   -0.378170E-07
   3.79600   -0.371592E-07
   3.79800   -0.364338E-07
   3.80000   -0.356545E-07
   3.80200   -0.348390E-07
   3.80400   -0.340084E-07
   3.80600   -0.331855E-07
   3.80800   -0.323939E-07
   3.81000   -0.316569E-07
   3.81200   -0.309970E-07
   3.81400   -0.304351E-07
   3.81600   -0.299906E-07
   3.81800   -0.296810E-07
   3.82000   -0.295217E-07
   3.82200   -0.295250E-07
   3.82400   -0.296987E-07
   3.82600   -0.300441E-07
   3.82800   -0.305537E-07
   3.83000   -0.312085E-07
   3.83200   -0.319762E-07
   3.83400   -0.328106E-07
   3.83600   -0.336524E-07
   3.83800   -0.344318E-07
   3.84000   -0.350739E-07
   3.84200   -0.355048E-07
   3.84400   -0.356586E-07
   3.84600   -0.354847E-07
   3.84800   -0.349536E-07
   3.85000   -0.340598E-07
   3.85200   -0.328230E-07
   3.85400   -0.312858E-07
   3.85600   -0.295088E-07
   3.85800   -0.275645E-07
   3.86000   -0.255293E-07
   3.86200   -0.234763E-07
   3.86400   -0.214687E-07
   3.86600   -0.195554E-07
   3.86800   -0.177669E-07
   3.87000   -0.161154E-07
   3.87200   -0.145945E-07
   3.87400   -0.131824E-07
   3.87600   -0.118445E-07
   3.87800   -0.105378E-07
   3.88000   -0.921573E-08
   3.88200   -0.783174E-08
   3.88400   -0.634390E-08
   3.88600   -0.471788E-08
   3.88800   -0.292936E-08
   3.89000   -0.965404E-09
   3.89200    0.117501E-08
   3.89400    0.348143E-08
   3.89600    0.593308E-08
   3.89800    0.850024E-08
   3.90000    0.111462E-07
   3.90200    0.138291E-07
   3.90400    0.165040E-07
   3.90600    0.191244E-07
   3.90800    0.216449E-07
   3.91000    0.240216E-07
   3.91200    0.262142E-07
   3.91400    0.281877E-07
   3.91600    0.299127E-07
   3.91800    0.313660E-07
   3.92000    0.325317E-07
   3.92200    0.334006E-07
   3.92400    0.339700E-07
   3.92600    0.342432E-07
   3.92800    0.342292E-07
   3.93000    0.339416E-07
   3.93200    0.333982E-07
   3.93400    0.326210E-07
   3.93600    0.316349E-07
   3.93800    0.304684E-07
   3.94000    0.291518E-07
   3.94200    0.277173E-07
   3.94400    0.261973E-07
   3.94600    0.246229E-07
   3.94800    0.230223E-07
   3.95000    0.214191E-07
   3.95200    0.198310E-07
   3.95400    0.182689E-07
   3.95600    0.167373E-07
   3.95800    0.152354E-07
   3.96000    0.137587E-07
   3.96200    0.123025E-07
   3.96400    0.108643E-07
   3.96600    0.944650E-08
   3.96800    0.805881E-08
   3.97000    0.671826E-08
   3.97200    0.544859E-08
   3.97400    0.427784E-08
   3.97600    0.323484E-08
   3.97800    0.234543E-08
   3.98000    0.162854E-08
   3.98200    0.109324E-08
   3.98400    0.737192E-09
   3.98600    0.546587E-09
   3.98800    0.497680E-09
   3.99000    0.559417E-09
   3.99200    0.696911E-09
   3.99400    0.875028E-09
   3.99600    0.106157E-08
   3.99800    0.122982E-08
   4.00000    0.136010E-08
