   0.00000    0.000000E+00
   0.00200    0.000000E+00
   0.00400    0.000000E+00
   0.00600    0.000000E+00
   0.00800    0.000000E+00
   0.01000    0.000000E+00
   0.01200    0.000000E+00
   0.01400    0.000000E+00
   0.01600    0.000000E+00
   0.01800    0.000000E+00
   0.02000    0.000000E+00
   0.02200    0.000000E+00
   0.02400    0.000000E+00
   0.02600    0.307620E-10
   0.02800    0.909733E-10
   0.03000    0.195163E-09
   0.03200    0.390772E-09
   0.03400    0.760070E-09
   0.03600    0.144081E-08
   0.03800    0.266434E-08
   0.04000    0.480810E-08
   0.04200    0.846844E-08
   0.04400    0.145570E-07
   0.04600    0.244213E-07
   0.04800    0.399837E-07
   0.05000    0.638858E-07
   0.05200    0.996205E-07
   0.05400    0.151606E-06
   0.05600    0.225168E-06
   0.05800    0.326375E-06
   0.06000    0.461690E-06
   0.06200    0.637383E-06
   0.06400    0.858750E-06
   0.06600    0.112913E-05
   0.06800    0.144886E-05
   0.07000    0.181430E-05
   0.07200    0.221704E-05
   0.07400    0.264369E-05
   0.07600    0.307607E-05
   0.07800    0.349224E-05
   0.08000    0.386809E-05
   0.08200    0.417953E-05
   0.08400    0.440484E-05
   0.08600    0.452709E-05
   0.08800    0.453603E-05
   0.09000    0.442935E-05
   0.09200    0.421297E-05
   0.09400    0.390037E-05
   0.09600    0.351108E-05
   0.09800    0.306848E-05
   0.10000    0.259743E-05
   0.10200    0.212183E-05
   0.10400    0.166262E-05
   0.10600    0.123641E-05
   0.10800    0.854747E-06
   0.11000    0.524076E-06
   0.11200    0.246292E-06
   0.11400    0.196453E-07
   0.11600   -0.160167E-06
   0.11800   -0.298909E-06
   0.12000   -0.402867E-06
   0.12200   -0.478139E-06
   0.12400   -0.530185E-06
   0.12600   -0.563625E-06
   0.12800   -0.582218E-06
   0.13000   -0.588977E-06
   0.13200   -0.586334E-06
   0.13400   -0.576311E-06
   0.13600   -0.560664E-06
   0.13800   -0.540966E-06
   0.14000   -0.518648E-06
   0.14200   -0.494997E-06
   0.14400   -0.471130E-06
   0.14600   -0.447968E-06
   0.14800   -0.426226E-06
   0.15000   -0.406363E-06
   0.15200   -0.388655E-06
   0.15400   -0.373215E-06
   0.15600   -0.360016E-06
   0.15800   -0.348935E-06
   0.16000   -0.339791E-06
   0.16200   -0.332378E-06
   0.16400   -0.326476E-06
   0.16600   -0.321860E-06
   0.16800   -0.318295E-06
   0.17000   -0.315538E-06
   0.17200   -0.313331E-06
   0.17400   -0.311409E-06
   0.17600   -0.309506E-06
   0.17800   -0.307370E-06
   0.18000   -0.304782E-06
   0.18200   -0.301578E-06
   0.18400   -0.297663E-06
   0.18600   -0.293022E-06
   0.18800   -0.287719E-06
   0.19000   -0.281886E-06
   0.19200   -0.275706E-06
   0.19400   -0.269386E-06
   0.19600   -0.263138E-06
   0.19800   -0.257146E-06
   0.20000   -0.251553E-06
   0.20200   -0.246452E-06
   0.20400   -0.241880E-06
   0.20600   -0.237825E-06
   0.20800   -0.234242E-06
   0.21000   -0.231067E-06
   0.21200   -0.228233E-06
   0.21400   -0.225684E-06
   0.21600   -0.223383E-06
   0.21800   -0.221315E-06
   0.22000   -0.219484E-06
   0.22200   -0.217904E-06
   0.22400   -0.216591E-06
   0.22600   -0.215547E-06
   0.22800   -0.214758E-06
   0.23000   -0.214182E-06
   0.23200   -0.213756E-06
   0.23400   -0.213396E-06
   0.23600   -0.213008E-06
   0.23800   -0.212495E-06
   0.24000   -0.211772E-06
   0.24200   -0.210769E-06
   0.24400   -0.209439E-06
   0.24600   -0.207761E-06
   0.24800   -0.205741E-06
   0.25000   -0.203401E-06
   0.25200   -0.200783E-06
   0.25400   -0.197940E-06
   0.25600   -0.194932E-06
   0.25800   -0.191824E-06
   0.26000   -0.188683E-06
   0.26200   -0.185581E-06
   0.26400   -0.182590E-06
   0.26600   -0.179784E-06
   0.26800   -0.177237E-06
   0.27000   -0.175016E-06
   0.27200   -0.173179E-06
   0.27400   -0.171768E-06
   0.27600   -0.170799E-06
   0.27800   -0.170265E-06
   0.28000   -0.170124E-06
   0.28200   -0.170306E-06
   0.28400   -0.170710E-06
   0.28600   -0.171218E-06
   0.28800   -0.171698E-06
   0.29000   -0.172017E-06
   0.29200   -0.172053E-06
   0.29400   -0.171706E-06
   0.29600   -0.170904E-06
   0.29800   -0.169615E-06
   0.30000   -0.167843E-06
   0.30200   -0.165637E-06
   0.30400   -0.163080E-06
   0.30600   -0.160286E-06
   0.30800   -0.157392E-06
   0.31000   -0.154540E-06
   0.31200   -0.151874E-06
   0.31400   -0.149519E-06
   0.31600   -0.147576E-06
   0.31800   -0.146110E-06
   0.32000   -0.145144E-06
   0.32200   -0.144665E-06
   0.32400   -0.144616E-06
   0.32600   -0.144914E-06
   0.32800   -0.145449E-06
   0.33000   -0.146102E-06
   0.33200   -0.146751E-06
   0.33400   -0.147281E-06
   0.33600   -0.147595E-06
   0.33800   -0.147614E-06
   0.34000   -0.147285E-06
   0.34200   -0.146582E-06
   0.34400   -0.145504E-06
   0.34600   -0.144079E-06
   0.34800   -0.142356E-06
   0.35000   -0.140406E-06
   0.35200   -0.138318E-06
   0.35400   -0.136189E-06
   0.35600   -0.134123E-06
   0.35800   -0.132219E-06
   0.36000   -0.130564E-06
   0.36200   -0.129225E-06
   0.36400   -0.128246E-06
   0.36600   -0.127640E-06
   0.36800   -0.127389E-06
   0.37000   -0.127450E-06
   0.37200   -0.127755E-06
   0.37400   -0.128216E-06
   0.37600   -0.128738E-06
   0.37800   -0.129225E-06
   0.38000   -0.129582E-06
   0.38200   -0.129732E-06
   0.38400   -0.129610E-06
   0.38600   -0.129178E-06
   0.38800   -0.128419E-06
   0.39000   -0.127347E-06
   0.39200   -0.125998E-06
   0.39400   -0.124436E-06
   0.39600   -0.122744E-06
   0.39800   -0.121020E-06
   0.40000   -0.119368E-06
   0.40200   -0.117888E-06
   0.40400   -0.116669E-06
   0.40600   -0.115776E-06
   0.40800   -0.115244E-06
   0.41000   -0.115077E-06
   0.41200   -0.115244E-06
   0.41400   -0.115686E-06
   0.41600   -0.116319E-06
   0.41800   -0.117045E-06
   0.42000   -0.117762E-06
   0.42200   -0.118375E-06
   0.42400   -0.118800E-06
   0.42600   -0.118977E-06
   0.42800   -0.118867E-06
   0.43000   -0.118458E-06
   0.43200   -0.117765E-06
   0.43400   -0.116824E-06
   0.43600   -0.115687E-06
   0.43800   -0.114423E-06
   0.44000   -0.113106E-06
   0.44200   -0.111810E-06
   0.44400   -0.110606E-06
   0.44600   -0.109552E-06
   0.44800   -0.108693E-06
   0.45000   -0.108056E-06
   0.45200   -0.107651E-06
   0.45400   -0.107469E-06
   0.45600   -0.107486E-06
   0.45800   -0.107667E-06
   0.46000   -0.107966E-06
   0.46200   -0.108332E-06
   0.46400   -0.108713E-06
   0.46600   -0.109054E-06
   0.46800   -0.109304E-06
   0.47000   -0.109416E-06
   0.47200   -0.109351E-06
   0.47400   -0.109078E-06
   0.47600   -0.108582E-06
   0.47800   -0.107863E-06
   0.48000   -0.106940E-06
   0.48200   -0.105853E-06
   0.48400   -0.104657E-06
   0.48600   -0.103426E-06
   0.48800   -0.102240E-06
   0.49000   -0.101182E-06
   0.49200   -0.100325E-06
   0.49400   -0.997289E-07
   0.49600   -0.994299E-07
   0.49800   -0.994366E-07
   0.50000   -0.997287E-07
   0.50200   -0.100258E-06
   0.50400   -0.100953E-06
   0.50600   -0.101728E-06
   0.50800   -0.102486E-06
   0.51000   -0.103137E-06
   0.51200   -0.103597E-06
   0.51400   -0.103803E-06
   0.51600   -0.103716E-06
   0.51800   -0.103325E-06
   0.52000   -0.102645E-06
   0.52200   -0.101718E-06
   0.52400   -0.100607E-06
   0.52600   -0.993893E-07
   0.52800   -0.981509E-07
   0.53000   -0.969769E-07
   0.53200   -0.959449E-07
   0.53400   -0.951184E-07
   0.53600   -0.945418E-07
   0.53800   -0.942376E-07
   0.54000   -0.942048E-07
   0.54200   -0.944201E-07
   0.54400   -0.948399E-07
   0.54600   -0.954048E-07
   0.54800   -0.960441E-07
   0.55000   -0.966820E-07
   0.55200   -0.972436E-07
   0.55400   -0.976608E-07
   0.55600   -0.978790E-07
   0.55800   -0.978614E-07
   0.56000   -0.975925E-07
   0.56200   -0.970812E-07
   0.56400   -0.963603E-07
   0.56600   -0.954840E-07
   0.56800   -0.945252E-07
   0.57000   -0.935676E-07
   0.57200   -0.926996E-07
   0.57400   -0.920087E-07
   0.57600   -0.915693E-07
   0.57800   -0.914406E-07
   0.58000   -0.916592E-07
   0.58200   -0.922385E-07
   0.58400   -0.931675E-07
   0.58600   -0.944148E-07
   0.58800   -0.959320E-07
   0.59000   -0.976605E-07
   0.59200   -0.995379E-07
   0.59400   -0.101503E-06
   0.59600   -0.103503E-06
   0.59800   -0.105491E-06
   0.60000   -0.107434E-06
   0.60200   -0.109300E-06
   0.60400   -0.111065E-06
   0.60600   -0.112698E-06
   0.60800   -0.114162E-06
   0.61000   -0.115411E-06
   0.61200   -0.116391E-06
   0.61400   -0.117044E-06
   0.61600   -0.117318E-06
   0.61800   -0.117179E-06
   0.62000   -0.116621E-06
   0.62200   -0.115677E-06
   0.62400   -0.114417E-06
   0.62600   -0.112948E-06
   0.62800   -0.111397E-06
   0.63000   -0.109896E-06
   0.63200   -0.108557E-06
   0.63400   -0.107453E-06
   0.63600   -0.106604E-06
   0.63800   -0.105971E-06
   0.64000   -0.105462E-06
   0.64200   -0.104944E-06
   0.64400   -0.104272E-06
   0.64600   -0.103310E-06
   0.64800   -0.101953E-06
   0.65000   -0.100148E-06
   0.65200   -0.979006E-07
   0.65400   -0.952713E-07
   0.65600   -0.923675E-07
   0.65800   -0.893262E-07
   0.66000   -0.862940E-07
   0.66200   -0.834096E-07
   0.66400   -0.807868E-07
   0.66600   -0.785052E-07
   0.66800   -0.766051E-07
   0.67000   -0.750882E-07
   0.67200   -0.739228E-07
   0.67400   -0.730517E-07
   0.67600   -0.724019E-07
   0.67800   -0.718948E-07
   0.68000   -0.714546E-07
   0.68200   -0.710170E-07
   0.68400   -0.705337E-07
   0.68600   -0.699766E-07
   0.68800   -0.693393E-07
   0.69000   -0.686348E-07
   0.69200   -0.678942E-07
   0.69400   -0.671602E-07
   0.69600   -0.664808E-07
   0.69800   -0.659066E-07
   0.70000   -0.654796E-07
   0.70200   -0.652315E-07
   0.70400   -0.651774E-07
   0.70600   -0.653148E-07
   0.70800   -0.656232E-07
   0.71000   -0.660665E-07
   0.71200   -0.665965E-07
   0.71400   -0.671584E-07
   0.71600   -0.676967E-07
   0.71800   -0.681604E-07
   0.72000   -0.685087E-07
   0.72200   -0.687137E-07
   0.72400   -0.687630E-07
   0.72600   -0.686595E-07
   0.72800   -0.684199E-07
   0.73000   -0.680714E-07
   0.73200   -0.676485E-07
   0.73400   -0.671890E-07
   0.73600   -0.667295E-07
   0.73800   -0.663032E-07
   0.74000   -0.659365E-07
   0.74200   -0.656485E-07
   0.74400   -0.654500E-07
   0.74600   -0.653434E-07
   0.74800   -0.653237E-07
   0.75000   -0.653791E-07
   0.75200   -0.654918E-07
   0.75400   -0.656394E-07
   0.75600   -0.657954E-07
   0.75800   -0.659315E-07
   0.76000   -0.660186E-07
   0.76200   -0.660297E-07
   0.76400   -0.659423E-07
   0.76600   -0.657410E-07
   0.76800   -0.654201E-07
   0.77000   -0.649851E-07
   0.77200   -0.644534E-07
   0.77400   -0.638539E-07
   0.77600   -0.632245E-07
   0.77800   -0.626085E-07
   0.78000   -0.620506E-07
   0.78200   -0.615919E-07
   0.78400   -0.612649E-07
   0.78600   -0.610898E-07
   0.78800   -0.610715E-07
   0.79000   -0.611986E-07
   0.79200   -0.614436E-07
   0.79400   -0.617660E-07
   0.79600   -0.621161E-07
   0.79800   -0.624399E-07
   0.80000   -0.626857E-07
   0.80200   -0.628100E-07
   0.80400   -0.627822E-07
   0.80600   -0.625890E-07
   0.80800   -0.622359E-07
   0.81000   -0.617469E-07
   0.81200   -0.611619E-07
   0.81400   -0.605319E-07
   0.81600   -0.599130E-07
   0.81800   -0.593597E-07
   0.82000   -0.589186E-07
   0.82200   -0.586232E-07
   0.82400   -0.584894E-07
   0.82600   -0.585143E-07
   0.82800   -0.586766E-07
   0.83000   -0.589388E-07
   0.83200   -0.592512E-07
   0.83400   -0.595579E-07
   0.83600   -0.598023E-07
   0.83800   -0.599335E-07
   0.84000   -0.599115E-07
   0.84200   -0.597119E-07
   0.84400   -0.593281E-07
   0.84600   -0.587726E-07
   0.84800   -0.580752E-07
   0.85000   -0.572805E-07
   0.85200   -0.564428E-07
   0.85400   -0.556210E-07
   0.85600   -0.548723E-07
   0.85800   -0.542472E-07
   0.86000   -0.537842E-07
   0.86200   -0.535070E-07
   0.86400   -0.534223E-07
   0.86600   -0.535201E-07
   0.86800   -0.537746E-07
   0.87000   -0.541476E-07
   0.87200   -0.545914E-07
   0.87400   -0.550539E-07
   0.87600   -0.554827E-07
   0.87800   -0.558299E-07
   0.88000   -0.560559E-07
   0.88200   -0.561328E-07
   0.88400   -0.560464E-07
   0.88600   -0.557968E-07
   0.88800   -0.553983E-07
   0.89000   -0.548765E-07
   0.89200   -0.542659E-07
   0.89400   -0.536057E-07
   0.89600   -0.529353E-07
   0.89800   -0.522909E-07
   0.90000   -0.517015E-07
   0.90200   -0.511869E-07
   0.90400   -0.507570E-07
   0.90600   -0.504113E-07
   0.90800   -0.501408E-07
   0.91000   -0.499304E-07
   0.91200   -0.497612E-07
   0.91400   -0.496139E-07
   0.91600   -0.494715E-07
   0.91800   -0.493215E-07
   0.92000   -0.491571E-07
   0.92200   -0.489780E-07
   0.92400   -0.487894E-07
   0.92600   -0.486011E-07
   0.92800   -0.484249E-07
   0.93000   -0.482725E-07
   0.93200   -0.481525E-07
   0.93400   -0.480690E-07
   0.93600   -0.480196E-07
   0.93800   -0.479955E-07
   0.94000   -0.479813E-07
   0.94200   -0.479571E-07
   0.94400   -0.479005E-07
   0.94600   -0.477895E-07
   0.94800   -0.476050E-07
   0.95000   -0.473341E-07
   0.95200   -0.469718E-07
   0.95400   -0.465221E-07
   0.95600   -0.459985E-07
   0.95800   -0.454228E-07
   0.96000   -0.448234E-07
   0.96200   -0.442323E-07
   0.96400   -0.436818E-07
   0.96600   -0.432010E-07
   0.96800   -0.428127E-07
   0.97000   -0.425306E-07
   0.97200   -0.423578E-07
   0.97400   -0.422861E-07
   0.97600   -0.422968E-07
   0.97800   -0.423623E-07
   0.98000   -0.424486E-07
   0.98200   -0.425188E-07
   0.98400   -0.425365E-07
   0.98600   -0.424695E-07
   0.98800   -0.422934E-07
   0.99000   -0.419942E-07
   0.99200   -0.415700E-07
   0.99400   -0.410319E-07
   0.99600   -0.404031E-07
   0.99800   -0.397173E-07
   1.00000   -0.390150E-07
   1.00200   -0.383391E-07
   1.00400   -0.377308E-07
   1.00600   -0.372241E-07
   1.00800   -0.368416E-07
   1.01000   -0.365922E-07
   1.01200   -0.364689E-07
   1.01400   -0.364499E-07
   1.01600   -0.365004E-07
   1.01800   -0.365773E-07
   1.02000   -0.366337E-07
   1.02200   -0.366250E-07
   1.02400   -0.365140E-07
   1.02600   -0.362762E-07
   1.02800   -0.359022E-07
   1.03000   -0.353992E-07
   1.03200   -0.347902E-07
   1.03400   -0.341108E-07
   1.03600   -0.334052E-07
   1.03800   -0.327199E-07
   1.04000   -0.320985E-07
   1.04200   -0.315756E-07
   1.04400   -0.311727E-07
   1.04600   -0.308957E-07
   1.04800   -0.307341E-07
   1.05000   -0.306624E-07
   1.05200   -0.306434E-07
   1.05400   -0.306333E-07
   1.05600   -0.305869E-07
   1.05800   -0.304637E-07
   1.06000   -0.302331E-07
   1.06200   -0.298787E-07
   1.06400   -0.294002E-07
   1.06600   -0.288143E-07
   1.06800   -0.281526E-07
   1.07000   -0.274578E-07
   1.07200   -0.267787E-07
   1.07400   -0.261639E-07
   1.07600   -0.256556E-07
   1.07800   -0.252841E-07
   1.08000   -0.250643E-07
   1.08200   -0.249931E-07
   1.08400   -0.250507E-07
   1.08600   -0.252022E-07
   1.08800   -0.254029E-07
   1.09000   -0.256035E-07
   1.09200   -0.257563E-07
   1.09400   -0.258209E-07
   1.09600   -0.257694E-07
   1.09800   -0.255885E-07
   1.10000   -0.252811E-07
   1.10200   -0.248647E-07
   1.10400   -0.243686E-07
   1.10600   -0.238291E-07
   1.10800   -0.232842E-07
   1.11000   -0.227683E-07
   1.11200   -0.223075E-07
   1.11400   -0.219164E-07
   1.11600   -0.215959E-07
   1.11800   -0.213344E-07
   1.12000   -0.211091E-07
   1.12200   -0.208901E-07
   1.12400   -0.206449E-07
   1.12600   -0.203431E-07
   1.12800   -0.199614E-07
   1.13000   -0.194873E-07
   1.13200   -0.189213E-07
   1.13400   -0.182778E-07
   1.13600   -0.175836E-07
   1.13800   -0.168749E-07
   1.14000   -0.161933E-07
   1.14200   -0.155799E-07
   1.14400   -0.150701E-07
   1.14600   -0.146887E-07
   1.14800   -0.144455E-07
   1.15000   -0.143341E-07
   1.15200   -0.143316E-07
   1.15400   -0.144009E-07
   1.15600   -0.144952E-07
   1.15800   -0.145635E-07
   1.16000   -0.145570E-07
   1.16200   -0.144356E-07
   1.16400   -0.141728E-07
   1.16600   -0.137591E-07
   1.16800   -0.132040E-07
   1.17000   -0.125339E-07
   1.17200   -0.117897E-07
   1.17400   -0.110207E-07
   1.17600   -0.102788E-07
   1.17800   -0.961161E-08
   1.18000   -0.905651E-08
   1.18200   -0.863612E-08
   1.18400   -0.835591E-08
   1.18600   -0.820414E-08
   1.18800   -0.815418E-08
   1.19000   -0.816885E-08
   1.19200   -0.820611E-08
   1.19400   -0.822524E-08
   1.19600   -0.819257E-08
   1.19800   -0.808608E-08
   1.20000   -0.789805E-08
   1.20200   -0.763540E-08
   1.20400   -0.731789E-08
   1.20600   -0.697405E-08
   1.20800   -0.663609E-08
   1.21000   -0.633404E-08
   1.21200   -0.609029E-08
   1.21400   -0.591559E-08
   1.21600   -0.580687E-08
   1.21800   -0.574733E-08
   1.22000   -0.570906E-08
   1.22200   -0.565744E-08
   1.22400   -0.555691E-08
   1.22600   -0.537701E-08
   1.22800   -0.509774E-08
   1.23000   -0.471348E-08
   1.23200   -0.423455E-08
   1.23400   -0.368630E-08
   1.23600   -0.310569E-08
   1.23800   -0.253589E-08
   1.24000   -0.201968E-08
   1.24200   -0.159264E-08
   1.24400   -0.127734E-08
   1.24600   -0.107934E-08
   1.24800   -0.985601E-09
   1.25000   -0.965809E-09
   1.25200   -0.976278E-09
   1.25400   -0.966043E-09
   1.25600   -0.884129E-09
   1.25800   -0.686973E-09
   1.26000   -0.344890E-09
   1.26200    0.153385E-09
   1.26400    0.798793E-09
   1.26600    0.156297E-08
   1.26800    0.240206E-08
   1.27000    0.326277E-08
   1.27200    0.408981E-08
   1.27400    0.483347E-08
   1.27600    0.545625E-08
   1.27800    0.593761E-08
   1.28000    0.627614E-08
   1.28200    0.648858E-08
   1.28400    0.660626E-08
   1.28600    0.666928E-08
   1.28800    0.671950E-08
   1.29000    0.679353E-08
   1.29200    0.691675E-08
   1.29400    0.709938E-08
   1.29600    0.733525E-08
   1.29800    0.760341E-08
   1.30000    0.787231E-08
   1.30200    0.810585E-08
   1.30400    0.827022E-08
   1.30600    0.834048E-08
   1.30800    0.830553E-08
   1.31000    0.817103E-08
   1.31200    0.795929E-08
   1.31400    0.770650E-08
   1.31600    0.745747E-08
   1.31800    0.725898E-08
   1.32000    0.715272E-08
   1.32200    0.716905E-08
   1.32400    0.732251E-08
   1.32600    0.761003E-08
   1.32800    0.801199E-08
   1.33000    0.849600E-08
   1.33200    0.902286E-08
   1.33400    0.955343E-08
   1.33600    0.100555E-07
   1.33800    0.105092E-07
   1.34000    0.109103E-07
   1.34200    0.112697E-07
   1.34400    0.116116E-07
   1.34600    0.119667E-07
   1.34800    0.123663E-07
   1.35000    0.128337E-07
   1.35200    0.133786E-07
   1.35400    0.139925E-07
   1.35600    0.146480E-07
   1.35800    0.153013E-07
   1.36000    0.158982E-07
   1.36200    0.163827E-07
   1.36400    0.167057E-07
   1.36600    0.168346E-07
   1.36800    0.167596E-07
   1.37000    0.164970E-07
   1.37200    0.160884E-07
   1.37400    0.155958E-07
   1.37600    0.150935E-07
   1.37800    0.146575E-07
   1.38000    0.143551E-07
   1.38200    0.142353E-07
   1.38400    0.143225E-07
   1.38600    0.146145E-07
   1.38800    0.150837E-07
   1.39000    0.156835E-07
   1.39200    0.163561E-07
   1.39400    0.170426E-07
   1.39600    0.176922E-07
   1.39800    0.182686E-07
   1.40000    0.187543E-07
   1.40200    0.191500E-07
   1.40400    0.194710E-07
   1.40600    0.197411E-07
   1.40800    0.199845E-07
   1.41000    0.202190E-07
   1.41200    0.204501E-07
   1.41400    0.206690E-07
   1.41600    0.208537E-07
   1.41800    0.209731E-07
   1.42000    0.209945E-07
   1.42200    0.208911E-07
   1.42400    0.206499E-07
   1.42600    0.202766E-07
   1.42800    0.197977E-07
   1.43000    0.192587E-07
   1.43200    0.187188E-07
   1.43400    0.182424E-07
   1.43600    0.178902E-07
   1.43800    0.177097E-07
   1.44000    0.177291E-07
   1.44200    0.179526E-07
   1.44400    0.183610E-07
   1.44600    0.189153E-07
   1.44800    0.195628E-07
   1.45000    0.202453E-07
   1.45200    0.209075E-07
   1.45400    0.215032E-07
   1.45600    0.220001E-07
   1.45800    0.223815E-07
   1.46000    0.226446E-07
   1.46200    0.227977E-07
   1.46400    0.228556E-07
   1.46600    0.228349E-07
   1.46800    0.227513E-07
   1.47000    0.226176E-07
   1.47200    0.224439E-07
   1.47400    0.222402E-07
   1.47600    0.220185E-07
   1.47800    0.217963E-07
   1.48000    0.215979E-07
   1.48200    0.214542E-07
   1.48400    0.214006E-07
   1.48600    0.214719E-07
   1.48800    0.216971E-07
   1.49000    0.220929E-07
   1.49200    0.226584E-07
   1.49400    0.233726E-07
   1.49600    0.241939E-07
   1.49800    0.250643E-07
   1.50000    0.259154E-07
   1.50200    0.266778E-07
   1.50400    0.272900E-07
   1.50600    0.277074E-07
   1.50800    0.279080E-07
   1.51000    0.278959E-07
   1.51200    0.276993E-07
   1.51400    0.273663E-07
   1.51600    0.269568E-07
   1.51800    0.265340E-07
   1.52000    0.261554E-07
   1.52200    0.258662E-07
   1.52400    0.256947E-07
   1.52600    0.256513E-07
   1.52800    0.257306E-07
   1.53000    0.259148E-07
   1.53200    0.261798E-07
   1.53400    0.264994E-07
   1.53600    0.268499E-07
   1.53800    0.272127E-07
   1.54000    0.275746E-07
   1.54200    0.279280E-07
   1.54400    0.282686E-07
   1.54600    0.285949E-07
   1.54800    0.289069E-07
   1.55000    0.292064E-07
   1.55200    0.294976E-07
   1.55400    0.297886E-07
   1.55600    0.300918E-07
   1.55800    0.304243E-07
   1.56000    0.308065E-07
   1.56200    0.312586E-07
   1.56400    0.317968E-07
   1.56600    0.324282E-07
   1.56800    0.331474E-07
   1.57000    0.339329E-07
   1.57200    0.347479E-07
   1.57400    0.355426E-07
   1.57600    0.362604E-07
   1.57800    0.368452E-07
   1.58000    0.372501E-07
   1.58200    0.374455E-07
   1.58400    0.374248E-07
   1.58600    0.372069E-07
   1.58800    0.368352E-07
   1.59000    0.363722E-07
   1.59200    0.358915E-07
   1.59400    0.354683E-07
   1.59600    0.351690E-07
   1.59800    0.350435E-07
   1.60000    0.351192E-07
   1.60200    0.353992E-07
   1.60400    0.358638E-07
   1.60600    0.364746E-07
   1.60800    0.371818E-07
   1.61000    0.379305E-07
   1.61200    0.386682E-07
   1.61400    0.393496E-07
   1.61600    0.399404E-07
   1.61800    0.404181E-07
   1.62000    0.407725E-07
   1.62200    0.410031E-07
   1.62400    0.411178E-07
   1.62600    0.411303E-07
   1.62800    0.410585E-07
   1.63000    0.409229E-07
   1.63200    0.407455E-07
   1.63400    0.405487E-07
   1.63600    0.403542E-07
   1.63800    0.401818E-07
   1.64000    0.400485E-07
   1.64200    0.399682E-07
   1.64400    0.399509E-07
   1.64600    0.400039E-07
   1.64800    0.401326E-07
   1.65000    0.403421E-07
   1.65200    0.406379E-07
   1.65400    0.410267E-07
   1.65600    0.415150E-07
   1.65800    0.421074E-07
   1.66000    0.428032E-07
   1.66200    0.435930E-07
   1.66400    0.444568E-07
   1.66600    0.453624E-07
   1.66800    0.462673E-07
   1.67000    0.471223E-07
   1.67200    0.478777E-07
   1.67400    0.484903E-07
   1.67600    0.489302E-07
   1.67800    0.491864E-07
   1.68000    0.492691E-07
   1.68200    0.492089E-07
   1.68400    0.490529E-07
   1.68600    0.488579E-07
   1.68800    0.486823E-07
   1.69000    0.485784E-07
   1.69200    0.485865E-07
   1.69400    0.487305E-07
   1.69600    0.490176E-07
   1.69800    0.494402E-07
   1.70000    0.499795E-07
   1.70200    0.506100E-07
   1.70400    0.513041E-07
   1.70600    0.520355E-07
   1.70800    0.527808E-07
   1.71000    0.535201E-07
   1.71200    0.542364E-07
   1.71400    0.549146E-07
   1.71600    0.555410E-07
   1.71800    0.561030E-07
   1.72000    0.565899E-07
   1.72200    0.569942E-07
   1.72400    0.573136E-07
   1.72600    0.575520E-07
   1.72800    0.577205E-07
   1.73000    0.578369E-07
   1.73200    0.579247E-07
   1.73400    0.580110E-07
   1.73600    0.581235E-07
   1.73800    0.582884E-07
   1.74000    0.585274E-07
   1.74200    0.588557E-07
   1.74400    0.592812E-07
   1.74600    0.598038E-07
   1.74800    0.604156E-07
   1.75000    0.611023E-07
   1.75200    0.618445E-07
   1.75400    0.626204E-07
   1.75600    0.634080E-07
   1.75800    0.641876E-07
   1.76000    0.649441E-07
   1.76200    0.656693E-07
   1.76400    0.663619E-07
   1.76600    0.670285E-07
   1.76800    0.676822E-07
   1.77000    0.683405E-07
   1.77200    0.690234E-07
   1.77400    0.697506E-07
   1.77600    0.705386E-07
   1.77800    0.713986E-07
   1.78000    0.723354E-07
   1.78200    0.733461E-07
   1.78400    0.744200E-07
   1.78600    0.755394E-07
   1.78800    0.766807E-07
   1.79000    0.778169E-07
   1.79200    0.789193E-07
   1.79400    0.799616E-07
   1.79600    0.809226E-07
   1.79800    0.817901E-07
   1.80000    0.825631E-07
   1.80200    0.832538E-07
   1.80400    0.838874E-07
   1.80600    0.845003E-07
   1.80800    0.851366E-07
   1.81000    0.858429E-07
   1.81200    0.866626E-07
   1.81400    0.876300E-07
   1.81600    0.887660E-07
   1.81800    0.900747E-07
   1.82000    0.915430E-07
   1.82200    0.931419E-07
   1.82400    0.948308E-07
   1.82600    0.965626E-07
   1.82800    0.982901E-07
   1.83000    0.999723E-07
   1.83200    0.101580E-06
   1.83400    0.103100E-06
   1.83600    0.104537E-06
   1.83800    0.105911E-06
   1.84000    0.107256E-06
   1.84200    0.108615E-06
   1.84400    0.110033E-06
   1.84600    0.111550E-06
   1.84800    0.113195E-06
   1.85000    0.114984E-06
   1.85200    0.116917E-06
   1.85400    0.118979E-06
   1.85600    0.121145E-06
   1.85800    0.123383E-06
   1.86000    0.125661E-06
   1.86200    0.127953E-06
   1.86400    0.130240E-06
   1.86600    0.132513E-06
   1.86800    0.134770E-06
   1.87000    0.137016E-06
   1.87200    0.139251E-06
   1.87400    0.141475E-06
   1.87600    0.143676E-06
   1.87800    0.145833E-06
   1.88000    0.147912E-06
   1.88200    0.149873E-06
   1.88400    0.151670E-06
   1.88600    0.153261E-06
   1.88800    0.154615E-06
   1.89000    0.155724E-06
   1.89200    0.156615E-06
   1.89400    0.157371E-06
   1.89600    0.158130E-06
   1.89800    0.159123E-06
   1.90000    0.160697E-06
   1.90200    0.163305E-06
   1.90400    0.167530E-06
   1.90600    0.174069E-06
   1.90800    0.183710E-06
   1.91000    0.197288E-06
   1.91200    0.215617E-06
   1.91400    0.239410E-06
   1.91600    0.269180E-06
   1.91800    0.305145E-06
   1.92000    0.347127E-06
   1.92200    0.394478E-06
   1.92400    0.446012E-06
   1.92600    0.499974E-06
   1.92800    0.554032E-06
   1.93000    0.605311E-06
   1.93200    0.650470E-06
   1.93400    0.685823E-06
   1.93600    0.707525E-06
   1.93800    0.711821E-06
   1.94000    0.695345E-06
   1.94200    0.655466E-06
   1.94400    0.590637E-06
   1.94600    0.500705E-06
   1.94800    0.387136E-06
   1.95000    0.253090E-06
   1.95200    0.103322E-06
   1.95400   -0.561037E-07
   1.95600   -0.218271E-06
   1.95800   -0.375983E-06
   1.96000   -0.522381E-06
   1.96200   -0.651519E-06
   1.96400   -0.758827E-06
   1.96600   -0.841391E-06
   1.96800   -0.898043E-06
   1.97000   -0.929260E-06
   1.97200   -0.936901E-06
   1.97400   -0.923860E-06
   1.97600   -0.893678E-06
   1.97800   -0.850175E-06
   1.98000   -0.797145E-06
   1.98200   -0.738132E-06
   1.98400   -0.676286E-06
   1.98600   -0.614295E-06
   1.98800   -0.554357E-06
   1.99000   -0.498191E-06
   1.99200   -0.447055E-06
   1.99400   -0.401770E-06
   1.99600   -0.362744E-06
   1.99800   -0.330000E-06
   2.00000   -0.303214E-06
   2.00200   -0.281759E-06
   2.00400   -0.264780E-06
   2.00600   -0.251273E-06
   2.00800   -0.240179E-06
   2.01000   -0.230484E-06
   2.01200   -0.221310E-06
   2.01400   -0.211990E-06
   2.01600   -0.202121E-06
   2.01800   -0.191564E-06
   2.02000   -0.180456E-06
   2.02200   -0.169150E-06
   2.02400   -0.158130E-06
   2.02600   -0.147941E-06
   2.02800   -0.139099E-06
   2.03000   -0.132011E-06
   2.03200   -0.126925E-06
   2.03400   -0.123900E-06
   2.03600   -0.122811E-06
   2.03800   -0.123380E-06
   2.04000   -0.125220E-06
   2.04200   -0.127897E-06
   2.04400   -0.130987E-06
   2.04600   -0.134117E-06
   2.04800   -0.136991E-06
   2.05000   -0.139406E-06
   2.05200   -0.141244E-06
   2.05400   -0.142452E-06
   2.05600   -0.143022E-06
   2.05800   -0.142968E-06
   2.06000   -0.142311E-06
   2.06200   -0.141066E-06
   2.06400   -0.139242E-06
   2.06600   -0.136840E-06
   2.06800   -0.133862E-06
   2.07000   -0.130312E-06
   2.07200   -0.126206E-06
   2.07400   -0.121570E-06
   2.07600   -0.116444E-06
   2.07800   -0.110880E-06
   2.08000   -0.104943E-06
   2.08200   -0.987067E-07
   2.08400   -0.922551E-07
   2.08600   -0.856812E-07
   2.08800   -0.790866E-07
   2.09000   -0.725800E-07
   2.09200   -0.662753E-07
   2.09400   -0.602888E-07
   2.09600   -0.547348E-07
   2.09800   -0.497203E-07
   2.10000   -0.453401E-07
   2.10200   -0.416692E-07
   2.10400   -0.387554E-07
   2.10600   -0.366130E-07
   2.10800   -0.352168E-07
   2.11000   -0.344988E-07
   2.11200   -0.343482E-07
   2.11400   -0.346153E-07
   2.11600   -0.351206E-07
   2.11800   -0.356688E-07
   2.12000   -0.360638E-07
   2.12200   -0.361271E-07
   2.12400   -0.357141E-07
   2.12600   -0.347277E-07
   2.12800   -0.331262E-07
   2.13000   -0.309273E-07
   2.13200   -0.282021E-07
   2.13400   -0.250686E-07
   2.13600   -0.216781E-07
   2.13800   -0.182001E-07
   2.14000   -0.148056E-07
   2.14200   -0.116518E-07
   2.14400   -0.886914E-08
   2.14600   -0.655038E-08
   2.14800   -0.474527E-08
   2.15000   -0.345831E-08
   2.15200   -0.265175E-08
   2.15400   -0.225193E-08
   2.15600   -0.215850E-08
   2.15800   -0.225471E-08
   2.16000   -0.241834E-08
   2.16200   -0.253101E-08
   2.16400   -0.248600E-08
   2.16600   -0.219424E-08
   2.16800   -0.158765E-08
   2.17000   -0.622027E-09
   2.17200    0.721915E-09
   2.17400    0.243818E-08
   2.17600    0.449602E-08
   2.17800    0.684241E-08
   2.18000    0.940577E-08
   2.18200    0.121019E-07
   2.18400    0.148413E-07
   2.18600    0.175378E-07
   2.18800    0.201178E-07
   2.19000    0.225283E-07
   2.19200    0.247431E-07
   2.19400    0.267654E-07
   2.19600    0.286286E-07
   2.19800    0.303919E-07
   2.20000    0.321336E-07
   2.20200    0.339448E-07
   2.20400    0.359230E-07
   2.20600    0.381630E-07
   2.20800    0.407537E-07
   2.21000    0.437749E-07
   2.21200    0.472966E-07
   2.21400    0.513795E-07
   2.21600    0.560758E-07
   2.21800    0.614294E-07
   2.22000    0.674746E-07
   2.22200    0.742326E-07
   2.22400    0.817059E-07
   2.22600    0.898692E-07
   2.22800    0.986577E-07
   2.23000    0.107952E-06
   2.23200    0.117562E-06
   2.23400    0.127208E-06
   2.23600    0.136509E-06
   2.23800    0.144970E-06
   2.24000    0.151988E-06
   2.24200    0.156872E-06
   2.24400    0.158875E-06
   2.24600    0.157261E-06
   2.24800    0.151371E-06
   2.25000    0.140715E-06
   2.25200    0.125048E-06
   2.25400    0.104444E-06
   2.25600    0.793265E-07
   2.25800    0.504730E-07
   2.26000    0.189688E-07
   2.26200   -0.138772E-07
   2.26400   -0.466486E-07
   2.26600   -0.779520E-07
   2.26800   -0.106545E-06
   2.27000   -0.131442E-06
   2.27200   -0.151988E-06
   2.27400   -0.167888E-06
   2.27600   -0.179193E-06
   2.27800   -0.186251E-06
   2.28000   -0.189631E-06
   2.28200   -0.190039E-06
   2.28400   -0.188229E-06
   2.28600   -0.184926E-06
   2.28800   -0.180775E-06
   2.29000   -0.176303E-06
   2.29200   -0.171905E-06
   2.29400   -0.167849E-06
   2.29600   -0.164291E-06
   2.29800   -0.161296E-06
   2.30000   -0.158866E-06
   2.30200   -0.156958E-06
   2.30400   -0.155509E-06
   2.30600   -0.154446E-06
   2.30800   -0.153696E-06
   2.31000   -0.153193E-06
   2.31200   -0.152876E-06
   2.31400   -0.152697E-06
   2.31600   -0.152614E-06
   2.31800   -0.152596E-06
   2.32000   -0.152620E-06
   2.32200   -0.152669E-06
   2.32400   -0.152741E-06
   2.32600   -0.152839E-06
   2.32800   -0.152976E-06
   2.33000   -0.153173E-06
   2.33200   -0.153460E-06
   2.33400   -0.153870E-06
   2.33600   -0.154442E-06
   2.33800   -0.155218E-06
   2.34000   -0.156239E-06
   2.34200   -0.157544E-06
   2.34400   -0.159167E-06
   2.34600   -0.161130E-06
   2.34800   -0.163440E-06
   2.35000   -0.166082E-06
   2.35200   -0.169013E-06
   2.35400   -0.172162E-06
   2.35600   -0.175424E-06
   2.35800   -0.178668E-06
   2.36000   -0.181737E-06
   2.36200   -0.184466E-06
   2.36400   -0.186696E-06
   2.36600   -0.188285E-06
   2.36800   -0.189132E-06
   2.37000   -0.189182E-06
   2.37200   -0.188440E-06
   2.37400   -0.186966E-06
   2.37600   -0.184868E-06
   2.37800   -0.182295E-06
   2.38000   -0.179410E-06
   2.38200   -0.176377E-06
   2.38400   -0.173343E-06
   2.38600   -0.170419E-06
   2.38800   -0.167681E-06
   2.39000   -0.165163E-06
   2.39200   -0.162863E-06
   2.39400   -0.160752E-06
   2.39600   -0.158789E-06
   2.39800   -0.156929E-06
   2.40000   -0.155135E-06
   2.40200   -0.153385E-06
   2.40400   -0.151673E-06
   2.40600   -0.150012E-06
   2.40800   -0.148428E-06
   2.41000   -0.146953E-06
   2.41200   -0.145622E-06
   2.41400   -0.144462E-06
   2.41600   -0.143494E-06
   2.41800   -0.142723E-06
   2.42000   -0.142143E-06
   2.42200   -0.141738E-06
   2.42400   -0.141479E-06
   2.42600   -0.141339E-06
   2.42800   -0.141287E-06
   2.43000   -0.141299E-06
   2.43200   -0.141355E-06
   2.43400   -0.141446E-06
   2.43600   -0.141570E-06
   2.43800   -0.141731E-06
   2.44000   -0.141936E-06
   2.44200   -0.142188E-06
   2.44400   -0.142486E-06
   2.44600   -0.142817E-06
   2.44800   -0.143154E-06
   2.45000   -0.143454E-06
   2.45200   -0.143662E-06
   2.45400   -0.143713E-06
   2.45600   -0.143539E-06
   2.45800   -0.143075E-06
   2.46000   -0.142272E-06
   2.46200   -0.141099E-06
   2.46400   -0.139552E-06
   2.46600   -0.137654E-06
   2.46800   -0.135452E-06
   2.47000   -0.133016E-06
   2.47200   -0.130428E-06
   2.47400   -0.127771E-06
   2.47600   -0.125127E-06
   2.47800   -0.122562E-06
   2.48000   -0.120123E-06
   2.48200   -0.117842E-06
   2.48400   -0.115726E-06
   2.48600   -0.113770E-06
   2.48800   -0.111957E-06
   2.49000   -0.110265E-06
   2.49200   -0.108670E-06
   2.49400   -0.107151E-06
   2.49600   -0.105694E-06
   2.49800   -0.104291E-06
   2.50000   -0.102941E-06
   2.50200   -0.101647E-06
   2.50400   -0.100418E-06
   2.50600   -0.992639E-07
   2.50800   -0.981962E-07
   2.51000   -0.972229E-07
   2.51200   -0.963490E-07
   2.51400   -0.955750E-07
   2.51600   -0.948959E-07
   2.51800   -0.943008E-07
   2.52000   -0.937734E-07
   2.52200   -0.932926E-07
   2.52400   -0.928337E-07
   2.52600   -0.923707E-07
   2.52800   -0.918788E-07
   2.53000   -0.913363E-07
   2.53200   -0.907279E-07
   2.53400   -0.900463E-07
   2.53600   -0.892935E-07
   2.53800   -0.884808E-07
   2.54000   -0.876274E-07
   2.54200   -0.867579E-07
   2.54400   -0.858981E-07
   2.54600   -0.850722E-07
   2.54800   -0.842986E-07
   2.55000   -0.835877E-07
   2.55200   -0.829408E-07
   2.55400   -0.823507E-07
   2.55600   -0.818037E-07
   2.55800   -0.812824E-07
   2.56000   -0.807688E-07
   2.56200   -0.802482E-07
   2.56400   -0.797110E-07
   2.56600   -0.791547E-07
   2.56800   -0.785845E-07
   2.57000   -0.780128E-07
   2.57200   -0.774580E-07
   2.57400   -0.769422E-07
   2.57600   -0.764889E-07
   2.57800   -0.761198E-07
   2.58000   -0.758521E-07
   2.58200   -0.756953E-07
   2.58400   -0.756499E-07
   2.58600   -0.757061E-07
   2.58800   -0.758445E-07
   2.59000   -0.760381E-07
   2.59200   -0.762558E-07
   2.59400   -0.764665E-07
   2.59600   -0.766430E-07
   2.59800   -0.767661E-07
   2.60000   -0.768261E-07
   2.60200   -0.768235E-07
   2.60400   -0.767674E-07
   2.60600   -0.766729E-07
   2.60800   -0.765570E-07
   2.61000   -0.764356E-07
   2.61200   -0.763199E-07
   2.61400   -0.762156E-07
   2.61600   -0.761222E-07
   2.61800   -0.760346E-07
   2.62000   -0.759453E-07
   2.62200   -0.758465E-07
   2.62400   -0.757325E-07
   2.62600   -0.756008E-07
   2.62800   -0.754525E-07
   2.63000   -0.752918E-07
   2.63200   -0.751242E-07
   2.63400   -0.749552E-07
   2.63600   -0.747887E-07
   2.63800   -0.746259E-07
   2.64000   -0.744650E-07
   2.64200   -0.743014E-07
   2.64400   -0.741288E-07
   2.64600   -0.739400E-07
   2.64800   -0.737286E-07
   2.65000   -0.734897E-07
   2.65200   -0.732210E-07
   2.65400   -0.729231E-07
   2.65600   -0.725994E-07
   2.65800   -0.722559E-07
   2.66000   -0.719002E-07
   2.66200   -0.715412E-07
   2.66400   -0.711877E-07
   2.66600   -0.708473E-07
   2.66800   -0.705260E-07
   2.67000   -0.702268E-07
   2.67200   -0.699491E-07
   2.67400   -0.696891E-07
   2.67600   -0.694392E-07
   2.67800   -0.691893E-07
   2.68000   -0.689270E-07
   2.68200   -0.686394E-07
   2.68400   -0.683143E-07
   2.68600   -0.679410E-07
   2.68800   -0.675117E-07
   2.69000   -0.670217E-07
   2.69200   -0.664703E-07
   2.69400   -0.658605E-07
   2.69600   -0.651986E-07
   2.69800   -0.644938E-07
   2.70000   -0.637575E-07
   2.70200   -0.630021E-07
   2.70400   -0.622398E-07
   2.70600   -0.614817E-07
   2.70800   -0.607363E-07
   2.71000   -0.600089E-07
   2.71200   -0.593008E-07
   2.71400   -0.586100E-07
   2.71600   -0.579315E-07
   2.71800   -0.572584E-07
   2.72000   -0.565837E-07
   2.72200   -0.559015E-07
   2.72400   -0.552085E-07
   2.72600   -0.545046E-07
   2.72800   -0.537934E-07
   2.73000   -0.530814E-07
   2.73200   -0.523773E-07
   2.73400   -0.516902E-07
   2.73600   -0.510287E-07
   2.73800   -0.503985E-07
   2.74000   -0.498023E-07
   2.74200   -0.492386E-07
   2.74400   -0.487018E-07
   2.74600   -0.481830E-07
   2.74800   -0.476710E-07
   2.75000   -0.471535E-07
   2.75200   -0.466192E-07
   2.75400   -0.460592E-07
   2.75600   -0.454678E-07
   2.75800   -0.448434E-07
   2.76000   -0.441886E-07
   2.76200   -0.435096E-07
   2.76400   -0.428157E-07
   2.76600   -0.421183E-07
   2.76800   -0.414295E-07
   2.77000   -0.407622E-07
   2.77200   -0.401285E-07
   2.77400   -0.395400E-07
   2.77600   -0.390072E-07
   2.77800   -0.385395E-07
   2.78000   -0.381448E-07
   2.78200   -0.378295E-07
   2.78400   -0.375986E-07
   2.78600   -0.374547E-07
   2.78800   -0.373982E-07
   2.79000   -0.374318E-07
   2.79200   -0.375572E-07
   2.79400   -0.377789E-07
   2.79600   -0.381059E-07
   2.79800   -0.385538E-07
   2.80000   -0.391458E-07
   2.80200   -0.399133E-07
   2.80400   -0.408941E-07
   2.80600   -0.421285E-07
   2.80800   -0.436526E-07
   2.81000   -0.454882E-07
   2.81200   -0.476293E-07
   2.81400   -0.500266E-07
   2.81600   -0.525706E-07
   2.81800   -0.550757E-07
   2.82000   -0.572687E-07
   2.82200   -0.587849E-07
   2.82400   -0.591763E-07
   2.82600   -0.579335E-07
   2.82800   -0.545236E-07
   2.83000   -0.484437E-07
   2.83200   -0.392835E-07
   2.83400   -0.267920E-07
   2.83600   -0.109376E-07
   2.83800    0.804907E-08
   2.84000    0.296588E-07
   2.84200    0.531208E-07
   2.84400    0.774537E-07
   2.84600    0.101548E-06
   2.84800    0.124266E-06
   2.85000    0.144556E-06
   2.85200    0.161544E-06
   2.85400    0.174617E-06
   2.85600    0.183464E-06
   2.85800    0.188083E-06
   2.86000    0.188749E-06
   2.86200    0.185961E-06
   2.86400    0.180365E-06
   2.86600    0.172671E-06
   2.86800    0.163587E-06
   2.87000    0.153755E-06
   2.87200    0.143711E-06
   2.87400    0.133872E-06
   2.87600    0.124528E-06
   2.87800    0.115858E-06
   2.88000    0.107950E-06
   2.88200    0.100822E-06
   2.88400    0.944494E-07
   2.88600    0.887788E-07
   2.88800    0.837472E-07
   2.89000    0.792899E-07
   2.89200    0.753468E-07
   2.89400    0.718648E-07
   2.89600    0.687977E-07
   2.89800    0.661065E-07
   2.90000    0.637583E-07
   2.90200    0.617259E-07
   2.90400    0.599891E-07
   2.90600    0.585351E-07
   2.90800    0.573597E-07
   2.91000    0.564681E-07
   2.91200    0.558777E-07
   2.91400    0.556105E-07
   2.91600    0.556927E-07
   2.91800    0.561476E-07
   2.92000    0.569874E-07
   2.92200    0.582040E-07
   2.92400    0.597606E-07
   2.92600    0.615854E-07
   2.92800    0.635694E-07
   2.93000    0.655696E-07
   2.93200    0.674163E-07
   2.93400    0.689270E-07
   2.93600    0.699249E-07
   2.93800    0.702573E-07
   2.94000    0.698136E-07
   2.94200    0.685399E-07
   2.94400    0.664463E-07
   2.94600    0.636086E-07
   2.94800    0.601613E-07
   2.95000    0.562851E-07
   2.95200    0.521908E-07
   2.95400    0.481008E-07
   2.95600    0.442319E-07
   2.95800    0.407819E-07
   2.96000    0.379184E-07
   2.96200    0.357738E-07
   2.96400    0.344421E-07
   2.96600    0.339790E-07
   2.96800    0.344024E-07
   2.97000    0.356927E-07
   2.97200    0.377926E-07
   2.97400    0.406050E-07
   2.97600    0.439917E-07
   2.97800    0.477737E-07
   2.98000    0.517337E-07
   2.98200    0.556239E-07
   2.98400    0.591792E-07
   2.98600    0.621346E-07
   2.98800    0.642472E-07
   2.99000    0.653186E-07
   2.99200    0.652152E-07
   2.99400    0.638832E-07
   2.99600    0.613551E-07
   2.99800    0.577474E-07
   3.00000    0.532487E-07
   3.00200    0.481001E-07
   3.00400    0.425722E-07
   3.00600    0.369395E-07
   3.00800    0.314576E-07
   3.01000    0.263453E-07
   3.01200    0.217722E-07
   3.01400    0.178533E-07
   3.01600    0.146488E-07
   3.01800    0.121683E-07
   3.02000    0.103781E-07
   3.02200    0.921069E-08
   3.02400    0.857322E-08
   3.02600    0.835721E-08
   3.02800    0.844683E-08
   3.03000    0.872665E-08
   3.03200    0.908846E-08
   3.03400    0.943706E-08
   3.03600    0.969490E-08
   3.03800    0.980541E-08
   3.04000    0.973469E-08
   3.04200    0.947181E-08
   3.04400    0.902754E-08
   3.04600    0.843171E-08
   3.04800    0.772956E-08
   3.05000    0.697739E-08
   3.05200    0.623684E-08
   3.05400    0.557148E-08
   3.05600    0.504086E-08
   3.05800    0.469454E-08
   3.06000    0.456978E-08
   3.06200    0.468749E-08
   3.06400    0.504994E-08
   3.06600    0.564001E-08
   3.06800    0.642193E-08
   3.07000    0.734388E-08
   3.07200    0.834203E-08
   3.07400    0.934599E-08
   3.07600    0.102850E-07
   3.07800    0.110943E-07
   3.08000    0.117203E-07
   3.08200    0.121256E-07
   3.08400    0.122906E-07
   3.08600    0.122145E-07
   3.08800    0.119135E-07
   3.09000    0.114176E-07
   3.09200    0.107665E-07
   3.09400    0.100045E-07
   3.09600    0.917650E-08
   3.09800    0.832361E-08
   3.10000    0.748080E-08
   3.10200    0.667505E-08
   3.10400    0.592534E-08
   3.10600    0.524335E-08
   3.10800    0.463334E-08
   3.11000    0.409544E-08
   3.11200    0.362640E-08
   3.11400    0.322069E-08
   3.11600    0.287128E-08
   3.11800    0.256946E-08
   3.12000    0.230438E-08
   3.12200    0.206213E-08
   3.12400    0.182477E-08
   3.12600    0.157015E-08
   3.12800    0.127240E-08
   3.13000    0.904029E-09
   3.13200    0.439397E-09
   3.13400   -0.140293E-09
   3.13600   -0.841073E-09
   3.13800   -0.165024E-08
   3.14000   -0.253122E-08
   3.14200   -0.342068E-08
   3.14400   -0.422882E-08
   3.14600   -0.484331E-08
   3.14800   -0.513744E-08
   3.15000   -0.498148E-08
   3.15200   -0.425614E-08
   3.15400   -0.286632E-08
   3.15600   -0.753095E-09
   3.15800    0.209813E-08
   3.16000    0.565435E-08
   3.16200    0.983748E-08
   3.16400    0.145320E-07
   3.16600    0.195967E-07
   3.16800    0.248783E-07
   3.17000    0.302254E-07
   3.17200    0.355002E-07
   3.17400    0.405875E-07
   3.17600    0.453990E-07
   3.17800    0.498747E-07
   3.18000    0.539807E-07
   3.18200    0.577048E-07
   3.18400    0.610516E-07
   3.18600    0.640371E-07
   3.18800    0.666835E-07
   3.19000    0.690160E-07
   3.19200    0.710594E-07
   3.19400    0.728361E-07
   3.19600    0.743654E-07
   3.19800    0.756629E-07
   3.20000    0.767408E-07
   3.20200    0.776089E-07
   3.20400    0.782760E-07
   3.20600    0.787515E-07
   3.20800    0.790469E-07
   3.21000    0.791775E-07
   3.21200    0.791638E-07
   3.21400    0.790312E-07
   3.21600    0.788106E-07
   3.21800    0.785360E-07
   3.22000    0.782440E-07
   3.22200    0.779710E-07
   3.22400    0.777499E-07
   3.22600    0.776089E-07
   3.22800    0.775676E-07
   3.23000    0.776392E-07
   3.23200    0.778264E-07
   3.23400    0.781252E-07
   3.23600    0.785266E-07
   3.23800    0.790218E-07
   3.24000    0.796063E-07
   3.24200    0.802863E-07
   3.24400    0.810848E-07
   3.24600    0.820465E-07
   3.24800    0.832416E-07
   3.25000    0.847662E-07
   3.25200    0.867409E-07
   3.25400    0.893044E-07
   3.25600    0.926039E-07
   3.25800    0.967815E-07
   3.26000    0.101958E-06
   3.26200    0.108215E-06
   3.26400    0.115571E-06
   3.26600    0.123967E-06
   3.26800    0.133245E-06
   3.27000    0.143130E-06
   3.27200    0.153231E-06
   3.27400    0.163036E-06
   3.27600    0.171931E-06
   3.27800    0.179227E-06
   3.28000    0.184211E-06
   3.28200    0.186198E-06
   3.28400    0.184602E-06
   3.28600    0.179004E-06
   3.28800    0.169212E-06
   3.29000    0.155302E-06
   3.29200    0.137634E-06
   3.29400    0.116839E-06
   3.29600    0.937744E-07
   3.29800    0.694495E-07
   3.30000    0.449392E-07
   3.30200    0.212885E-07
   3.30400   -0.574884E-09
   3.30600   -0.199101E-07
   3.30800   -0.362071E-07
   3.31000   -0.492025E-07
   3.31200   -0.588675E-07
   3.31400   -0.653746E-07
   3.31600   -0.690485E-07
   3.31800   -0.703125E-07
   3.32000   -0.696347E-07
   3.32200   -0.674833E-07
   3.32400   -0.642913E-07
   3.32600   -0.604348E-07
   3.32800   -0.562217E-07
   3.33000   -0.518902E-07
   3.33200   -0.476146E-07
   3.33400   -0.435141E-07
   3.33600   -0.396636E-07
   3.33800   -0.361046E-07
   3.34000   -0.328540E-07
   3.34200   -0.299126E-07
   3.34400   -0.272696E-07
   3.34600   -0.249069E-07
   3.34800   -0.228018E-07
   3.35000   -0.209281E-07
   3.35200   -0.192586E-07
   3.35400   -0.177646E-07
   3.35600   -0.164180E-07
   3.35800   -0.151917E-07
   3.36000   -0.140620E-07
   3.36200   -0.130076E-07
   3.36400   -0.120122E-07
   3.36600   -0.110635E-07
   3.36800   -0.101538E-07
   3.37000   -0.927933E-08
   3.37200   -0.843955E-08
   3.37400   -0.763632E-08
   3.37600   -0.687292E-08
   3.37800   -0.615324E-08
   3.38000   -0.548142E-08
   3.38200   -0.486150E-08
   3.38400   -0.429740E-08
   3.38600   -0.379288E-08
   3.38800   -0.335155E-08
   3.39000   -0.297666E-08
   3.39200   -0.267069E-08
   3.39400   -0.243475E-08
   3.39600   -0.226790E-08
   3.39800   -0.216662E-08
   3.40000   -0.212426E-08
   3.40200   -0.213097E-08
   3.40400   -0.217409E-08
   3.40600   -0.223905E-08
   3.40800   -0.231062E-08
   3.41000   -0.237467E-08
   3.41200   -0.241993E-08
   3.41400   -0.243965E-08
   3.41600   -0.243277E-08
   3.41800   -0.240443E-08
   3.42000   -0.236543E-08
   3.42200   -0.233085E-08
   3.42400   -0.231778E-08
   3.42600   -0.234251E-08
   3.42800   -0.241766E-08
   3.43000   -0.254973E-08
   3.43200   -0.273770E-08
   3.43400   -0.297282E-08
   3.43600   -0.324007E-08
   3.43800   -0.352069E-08
   3.44000   -0.379563E-08
   3.44200   -0.404932E-08
   3.44400   -0.427271E-08
   3.44600   -0.446531E-08
   3.44800   -0.463555E-08
   3.45000   -0.479937E-08
   3.45200   -0.497721E-08
   3.45400   -0.518999E-08
   3.45600   -0.545504E-08
   3.45800   -0.578222E-08
   3.46000   -0.617153E-08
   3.46200   -0.661243E-08
   3.46400   -0.708483E-08
   3.46600   -0.756209E-08
   3.46800   -0.801455E-08
   3.47000   -0.841373E-08
   3.47200   -0.873596E-08
   3.47400   -0.896488E-08
   3.47600   -0.909243E-08
   3.47800   -0.911813E-08
   3.48000   -0.904711E-08
   3.48200   -0.888709E-08
   3.48400   -0.864500E-08
   3.48600   -0.832388E-08
   3.48800   -0.792039E-08
   3.49000   -0.742324E-08
   3.49200   -0.681274E-08
   3.49400   -0.606117E-08
   3.49600   -0.513436E-08
   3.49800   -0.399331E-08
   3.50000   -0.259661E-08
   3.50200   -0.903551E-09
   3.50400    0.112325E-08
   3.50600    0.351443E-08
   3.50800    0.629083E-08
   3.51000    0.946069E-08
   3.51200    0.130176E-07
   3.51400    0.169395E-07
   3.51600    0.211890E-07
   3.51800    0.257153E-07
   3.52000    0.304581E-07
   3.52200    0.353513E-07
   3.52400    0.403283E-07
   3.52600    0.453271E-07
   3.52800    0.502935E-07
   3.53000    0.551846E-07
   3.53200    0.599698E-07
   3.53400    0.646321E-07
   3.53600    0.691653E-07
   3.53800    0.735774E-07
   3.54000    0.778769E-07
   3.54200    0.820937E-07
   3.54400    0.862600E-07
   3.54600    0.904183E-07
   3.54800    0.946214E-07
   3.55000    0.989330E-07
   3.55200    0.103428E-06
   3.55400    0.108192E-06
   3.55600    0.113318E-06
   3.55800    0.118902E-06
   3.56000    0.125033E-06
   3.56200    0.131775E-06
   3.56400    0.139151E-06
   3.56600    0.147112E-06
   3.56800    0.155508E-06
   3.57000    0.164055E-06
   3.57200    0.172308E-06
   3.57400    0.179642E-06
   3.57600    0.185255E-06
   3.57800    0.188194E-06
   3.58000    0.187414E-06
   3.58200    0.181866E-06
   3.58400    0.170614E-06
   3.58600    0.152966E-06
   3.58800    0.128597E-06
   3.59000    0.976594E-07
   3.59200    0.608352E-07
   3.59400    0.193398E-07
   3.59600   -0.251502E-07
   3.59800   -0.706306E-07
   3.60000   -0.114953E-06
   3.60200   -0.156032E-06
   3.60400   -0.192050E-06
   3.60600   -0.221620E-06
   3.60800   -0.243900E-06
   3.61000   -0.258628E-06
   3.61200   -0.266089E-06
   3.61400   -0.267024E-06
   3.61600   -0.262494E-06
   3.61800   -0.253732E-06
   3.62000   -0.242004E-06
   3.62200   -0.228482E-06
   3.62400   -0.214171E-06
   3.62600   -0.199860E-06
   3.62800   -0.186115E-06
   3.63000   -0.173298E-06
   3.63200   -0.161601E-06
   3.63400   -0.151090E-06
   3.63600   -0.141743E-06
   3.63800   -0.133486E-06
   3.64000   -0.126216E-06
   3.64200   -0.119822E-06
   3.64400   -0.114189E-06
   3.64600   -0.109206E-06
   3.64800   -0.104770E-06
   3.65000   -0.100783E-06
   3.65200   -0.971562E-07
   3.65400   -0.938150E-07
   3.65600   -0.906979E-07
   3.65800   -0.877590E-07
   3.66000   -0.849713E-07
   3.66200   -0.823174E-07
   3.66400   -0.798047E-07
   3.66600   -0.774399E-07
   3.66800   -0.752363E-07
   3.67000   -0.732061E-07
   3.67200   -0.713558E-07
   3.67400   -0.696836E-07
   3.67600   -0.681779E-07
   3.67800   -0.668181E-07
   3.68000   -0.655764E-07
   3.68200   -0.644216E-07
   3.68400   -0.633229E-07
   3.68600   -0.622532E-07
   3.68800   -0.611922E-07
   3.69000   -0.601278E-07
   3.69200   -0.590566E-07
   3.69400   -0.579827E-07
   3.69600   -0.569152E-07
   3.69800   -0.558656E-07
   3.70000   -0.548450E-07
   3.70200   -0.538614E-07
   3.70400   -0.529180E-07
   3.70600   -0.520130E-07
   3.70800   -0.511397E-07
   3.71000   -0.502883E-07
   3.71200   -0.494484E-07
   3.71400   -0.486107E-07
   3.71600   -0.477696E-07
   3.71800   -0.469247E-07
   3.72000   -0.460810E-07
   3.72200   -0.452489E-07
   3.72400   -0.444422E-07
   3.72600   -0.436763E-07
   3.72800   -0.429658E-07
   3.73000   -0.423220E-07
   3.73200   -0.417507E-07
   3.73400   -0.412513E-07
   3.73600   -0.408162E-07
   3.73800   -0.404317E-07
   3.74000   -0.400792E-07
   3.74200   -0.397374E-07
   3.74400   -0.393847E-07
   3.74600   -0.390016E-07
   3.74800   -0.385729E-07
   3.75000   -0.380894E-07
   3.75200   -0.375487E-07
   3.75400   -0.369557E-07
   3.75600   -0.363219E-07
   3.75800   -0.356641E-07
   3.76000   -0.350030E-07
   3.76200   -0.343606E-07
   3.76400   -0.337586E-07
   3.76600   -0.332155E-07
   3.76800   -0.327453E-07
   3.77000   -0.323559E-07
   3.77200   -0.320478E-07
   3.77400   -0.318150E-07
   3.77600   -0.316445E-07
   3.77800   -0.315182E-07
   3.78000   -0.314141E-07
   3.78200   -0.313089E-07
   3.78400   -0.311792E-07
   3.78600   -0.310045E-07
   3.78800   -0.307685E-07
   3.79000   -0.304602E-07
   3.79200   -0.300753E-07
   3.79400   -0.296161E-07
   3.79600   -0.290913E-07
   3.79800   -0.285152E-07
   3.80000   -0.279057E-07
   3.80200   -0.272834E-07
   3.80400   -0.266687E-07
   3.80600   -0.260803E-07
   3.80800   -0.255330E-07
   3.81000   -0.250368E-07
   3.81200   -0.245950E-07
   3.81400   -0.242049E-07
   3.81600   -0.238572E-07
   3.81800   -0.235375E-07
   3.82000   -0.232274E-07
   3.82200   -0.229064E-07
   3.82400   -0.225537E-07
   3.82600   -0.221500E-07
   3.82800   -0.216797E-07
   3.83000   -0.211320E-07
   3.83200   -0.205022E-07
   3.83400   -0.197924E-07
   3.83600   -0.190114E-07
   3.83800   -0.181738E-07
   3.84000   -0.172997E-07
   3.84200   -0.164123E-07
   3.84400   -0.155360E-07
   3.84600   -0.146949E-07
   3.84800   -0.139099E-07
   3.85000   -0.131977E-07
   3.85200   -0.125696E-07
   3.85400   -0.120305E-07
   3.85600   -0.115796E-07
   3.85800   -0.112107E-07
   3.86000   -0.109137E-07
   3.86200   -0.106755E-07
   3.86400   -0.104816E-07
   3.86600   -0.103170E-07
   3.86800   -0.101670E-07
   3.87000   -0.100175E-07
   3.87200   -0.985517E-08
   3.87400   -0.966736E-08
   3.87600   -0.944214E-08
   3.87800   -0.916833E-08
   3.88000   -0.883578E-08
   3.88200   -0.843591E-08
   3.88400   -0.796233E-08
   3.88600   -0.741164E-08
   3.88800   -0.678410E-08
   3.89000   -0.608411E-08
   3.89200   -0.532048E-08
   3.89400   -0.450629E-08
   3.89600   -0.365838E-08
   3.89800   -0.279657E-08
   3.90000   -0.194250E-08
   3.90200   -0.111841E-08
   3.90400   -0.345761E-09
   3.90600    0.355975E-09
   3.90800    0.970547E-09
   3.91000    0.148561E-08
   3.91200    0.189308E-08
   3.91400    0.218954E-08
   3.91600    0.237567E-08
   3.91800    0.245588E-08
   3.92000    0.243756E-08
   3.92200    0.233025E-08
   3.92400    0.214484E-08
   3.92600    0.189292E-08
   3.92800    0.158623E-08
   3.93000    0.123634E-08
   3.93200    0.854514E-09
   3.93400    0.451647E-09
   3.93600    0.382493E-10
   3.93800   -0.375561E-09
   3.94000   -0.780180E-09
   3.94200   -0.116678E-08
   3.94400   -0.152771E-08
   3.94600   -0.185697E-08
   3.94800   -0.215073E-08
   3.95000   -0.240776E-08
   3.95200   -0.262965E-08
   3.95400   -0.282077E-08
   3.95600   -0.298784E-08
   3.95800   -0.313923E-08
   3.96000   -0.328389E-08
   3.96200   -0.343017E-08
   3.96400   -0.358458E-08
   3.96600   -0.375077E-08
   3.96800   -0.392885E-08
   3.97000   -0.411511E-08
   3.97200   -0.430235E-08
   3.97400   -0.448054E-08
   3.97600   -0.463797E-08
   3.97800   -0.476252E-08
   3.98000   -0.484294E-08
   3.98200   -0.487007E-08
   3.98400   -0.483764E-08
   3.98600   -0.474280E-08
   3.98800   -0.458627E-08
   3.99000   -0.437207E-08
   3.99200   -0.410714E-08
   3.99400   -0.380063E-08
   3.99600   -0.346323E-08
   3.99800   -0.310639E-08
   4.00000   -0.274165E-08
