   0.00000    0.000000E+00
   0.00200    0.000000E+00
   0.00400    0.000000E+00
   0.00600    0.000000E+00
   0.00800    0.000000E+00
   0.01000    0.000000E+00
   0.01200    0.000000E+00
   0.01400    0.000000E+00
   0.01600    0.000000E+00
   0.01800    0.000000E+00
   0.02000    0.000000E+00
   0.02200    0.000000E+00
   0.02400    0.000000E+00
   0.02600    0.588881E-10
   0.02800    0.175030E-09
   0.03000    0.376041E-09
   0.03200    0.752981E-09
   0.03400    0.146469E-08
   0.03600    0.277681E-08
   0.03800    0.513548E-08
   0.04000    0.926869E-08
   0.04200    0.163268E-07
   0.04400    0.280689E-07
   0.04600    0.470952E-07
   0.04800    0.771161E-07
   0.05000    0.123232E-06
   0.05200    0.192187E-06
   0.05400    0.292513E-06
   0.05600    0.434499E-06
   0.05800    0.629875E-06
   0.06000    0.891129E-06
   0.06200    0.123039E-05
   0.06400    0.165792E-05
   0.06600    0.218018E-05
   0.06800    0.279788E-05
   0.07000    0.350399E-05
   0.07200    0.428237E-05
   0.07400    0.510717E-05
   0.07600    0.594335E-05
   0.07800    0.674860E-05
   0.08000    0.747647E-05
   0.08200    0.808052E-05
   0.08400    0.851898E-05
   0.08600    0.875935E-05
   0.08800    0.878208E-05
   0.09000    0.858300E-05
   0.09200    0.817382E-05
   0.09400    0.758086E-05
   0.09600    0.684203E-05
   0.09800    0.600262E-05
   0.10000    0.511055E-05
   0.10200    0.421170E-05
   0.10400    0.334607E-05
   0.10600    0.254506E-05
   0.10800    0.183009E-05
   0.11000    0.121269E-05
   0.11200    0.695549E-06
   0.11400    0.274410E-06
   0.11600   -0.597266E-07
   0.11800   -0.318422E-06
   0.12000   -0.513939E-06
   0.12200   -0.657863E-06
   0.12400   -0.760277E-06
   0.12600   -0.829431E-06
   0.12800   -0.871821E-06
   0.13000   -0.892504E-06
   0.13200   -0.895523E-06
   0.13400   -0.884313E-06
   0.13600   -0.862004E-06
   0.13800   -0.831587E-06
   0.14000   -0.795939E-06
   0.14200   -0.757748E-06
   0.14400   -0.719388E-06
   0.14600   -0.682783E-06
   0.14800   -0.649343E-06
   0.15000   -0.619834E-06
   0.15200   -0.594534E-06
   0.15400   -0.573315E-06
   0.15600   -0.555746E-06
   0.15800   -0.541248E-06
   0.16000   -0.529229E-06
   0.16200   -0.519186E-06
   0.16400   -0.510741E-06
   0.16600   -0.503643E-06
   0.16800   -0.497722E-06
   0.17000   -0.492831E-06
   0.17200   -0.488777E-06
   0.17400   -0.485286E-06
   0.17600   -0.481981E-06
   0.17800   -0.478408E-06
   0.18000   -0.474095E-06
   0.18200   -0.468623E-06
   0.18400   -0.461701E-06
   0.18600   -0.453234E-06
   0.18800   -0.443353E-06
   0.19000   -0.432403E-06
   0.19200   -0.420898E-06
   0.19400   -0.409443E-06
   0.19600   -0.398644E-06
   0.19800   -0.389007E-06
   0.20000   -0.380870E-06
   0.20200   -0.374353E-06
   0.20400   -0.369356E-06
   0.20600   -0.365589E-06
   0.20800   -0.362639E-06
   0.21000   -0.360053E-06
   0.21200   -0.357420E-06
   0.21400   -0.354442E-06
   0.21600   -0.350984E-06
   0.21800   -0.347084E-06
   0.22000   -0.342928E-06
   0.22200   -0.338806E-06
   0.22400   -0.335037E-06
   0.22600   -0.331903E-06
   0.22800   -0.329582E-06
   0.23000   -0.328110E-06
   0.23200   -0.327364E-06
   0.23400   -0.327088E-06
   0.23600   -0.326925E-06
   0.23800   -0.326482E-06
   0.24000   -0.325393E-06
   0.24200   -0.323370E-06
   0.24400   -0.320250E-06
   0.24600   -0.316005E-06
   0.24800   -0.310742E-06
   0.25000   -0.304672E-06
   0.25200   -0.298072E-06
   0.25400   -0.291239E-06
   0.25600   -0.284449E-06
   0.25800   -0.277925E-06
   0.26000   -0.271824E-06
   0.26200   -0.266236E-06
   0.26400   -0.261201E-06
   0.26600   -0.256723E-06
   0.26800   -0.252803E-06
   0.27000   -0.249450E-06
   0.27200   -0.246693E-06
   0.27400   -0.244576E-06
   0.27600   -0.243147E-06
   0.27800   -0.242435E-06
   0.28000   -0.242426E-06
   0.28200   -0.243041E-06
   0.28400   -0.244128E-06
   0.28600   -0.245457E-06
   0.28800   -0.246737E-06
   0.29000   -0.247644E-06
   0.29200   -0.247854E-06
   0.29400   -0.247085E-06
   0.29600   -0.245131E-06
   0.29800   -0.241898E-06
   0.30000   -0.237415E-06
   0.30200   -0.231836E-06
   0.30400   -0.225430E-06
   0.30600   -0.218552E-06
   0.30800   -0.211601E-06
   0.31000   -0.204981E-06
   0.31200   -0.199058E-06
   0.31400   -0.194125E-06
   0.31600   -0.190371E-06
   0.31800   -0.187875E-06
   0.32000   -0.186603E-06
   0.32200   -0.186420E-06
   0.32400   -0.187117E-06
   0.32600   -0.188431E-06
   0.32800   -0.190080E-06
   0.33000   -0.191782E-06
   0.33200   -0.193279E-06
   0.33400   -0.194349E-06
   0.33600   -0.194811E-06
   0.33800   -0.194534E-06
   0.34000   -0.193430E-06
   0.34200   -0.191465E-06
   0.34400   -0.188652E-06
   0.34600   -0.185058E-06
   0.34800   -0.180806E-06
   0.35000   -0.176068E-06
   0.35200   -0.171063E-06
   0.35400   -0.166040E-06
   0.35600   -0.161256E-06
   0.35800   -0.156953E-06
   0.36000   -0.153327E-06
   0.36200   -0.150507E-06
   0.36400   -0.148541E-06
   0.36600   -0.147383E-06
   0.36800   -0.146909E-06
   0.37000   -0.146928E-06
   0.37200   -0.147213E-06
   0.37400   -0.147528E-06
   0.37600   -0.147661E-06
   0.37800   -0.147441E-06
   0.38000   -0.146756E-06
   0.38200   -0.145555E-06
   0.38400   -0.143845E-06
   0.38600   -0.141682E-06
   0.38800   -0.139159E-06
   0.39000   -0.136395E-06
   0.39200   -0.133527E-06
   0.39400   -0.130703E-06
   0.39600   -0.128074E-06
   0.39800   -0.125789E-06
   0.40000   -0.123983E-06
   0.40200   -0.122764E-06
   0.40400   -0.122198E-06
   0.40600   -0.122295E-06
   0.40800   -0.123003E-06
   0.41000   -0.124202E-06
   0.41200   -0.125718E-06
   0.41400   -0.127334E-06
   0.41600   -0.128824E-06
   0.41800   -0.129975E-06
   0.42000   -0.130616E-06
   0.42200   -0.130643E-06
   0.42400   -0.130026E-06
   0.42600   -0.128809E-06
   0.42800   -0.127108E-06
   0.43000   -0.125084E-06
   0.43200   -0.122926E-06
   0.43400   -0.120825E-06
   0.43600   -0.118952E-06
   0.43800   -0.117440E-06
   0.44000   -0.116373E-06
   0.44200   -0.115779E-06
   0.44400   -0.115627E-06
   0.44600   -0.115842E-06
   0.44800   -0.116304E-06
   0.45000   -0.116874E-06
   0.45200   -0.117405E-06
   0.45400   -0.117759E-06
   0.45600   -0.117827E-06
   0.45800   -0.117538E-06
   0.46000   -0.116866E-06
   0.46200   -0.115830E-06
   0.46400   -0.114483E-06
   0.46600   -0.112902E-06
   0.46800   -0.111172E-06
   0.47000   -0.109369E-06
   0.47200   -0.107549E-06
   0.47400   -0.105745E-06
   0.47600   -0.103964E-06
   0.47800   -0.102196E-06
   0.48000   -0.100427E-06
   0.48200   -0.986489E-07
   0.48400   -0.968763E-07
   0.48600   -0.951486E-07
   0.48800   -0.935325E-07
   0.49000   -0.921144E-07
   0.49200   -0.909884E-07
   0.49400   -0.902400E-07
   0.49600   -0.899278E-07
   0.49800   -0.900704E-07
   0.50000   -0.906370E-07
   0.50200   -0.915461E-07
   0.50400   -0.926722E-07
   0.50600   -0.938601E-07
   0.50800   -0.949444E-07
   0.51000   -0.957715E-07
   0.51200   -0.962194E-07
   0.51400   -0.962136E-07
   0.51600   -0.957353E-07
   0.51800   -0.948221E-07
   0.52000   -0.935598E-07
   0.52200   -0.920687E-07
   0.52400   -0.904866E-07
   0.52600   -0.889505E-07
   0.52800   -0.875808E-07
   0.53000   -0.864707E-07
   0.53200   -0.856790E-07
   0.53400   -0.852294E-07
   0.53600   -0.851126E-07
   0.53800   -0.852924E-07
   0.54000   -0.857094E-07
   0.54200   -0.862897E-07
   0.54400   -0.869494E-07
   0.54600   -0.876008E-07
   0.54800   -0.881577E-07
   0.55000   -0.885414E-07
   0.55200   -0.886890E-07
   0.55400   -0.885590E-07
   0.55600   -0.881386E-07
   0.55800   -0.874475E-07
   0.56000   -0.865376E-07
   0.56200   -0.854964E-07
   0.56400   -0.844368E-07
   0.56600   -0.834888E-07
   0.56800   -0.827953E-07
   0.57000   -0.824934E-07
   0.57200   -0.827113E-07
   0.57400   -0.835685E-07
   0.57600   -0.851511E-07
   0.57800   -0.875283E-07
   0.58000   -0.907387E-07
   0.58200   -0.947970E-07
   0.58400   -0.996918E-07
   0.58600   -0.105391E-06
   0.58800   -0.111846E-06
   0.59000   -0.118990E-06
   0.59200   -0.126753E-06
   0.59400   -0.135051E-06
   0.59600   -0.143799E-06
   0.59800   -0.152894E-06
   0.60000   -0.162208E-06
   0.60200   -0.171575E-06
   0.60400   -0.180766E-06
   0.60600   -0.189475E-06
   0.60800   -0.197313E-06
   0.61000   -0.203813E-06
   0.61200   -0.208458E-06
   0.61400   -0.210729E-06
   0.61600   -0.210169E-06
   0.61800   -0.206465E-06
   0.62000   -0.199511E-06
   0.62200   -0.189464E-06
   0.62400   -0.176763E-06
   0.62600   -0.162106E-06
   0.62800   -0.146379E-06
   0.63000   -0.130557E-06
   0.63200   -0.115578E-06
   0.63400   -0.102220E-06
   0.63600   -0.910084E-07
   0.63800   -0.821500E-07
   0.64000   -0.755338E-07
   0.64200   -0.707730E-07
   0.64400   -0.672905E-07
   0.64600   -0.644268E-07
   0.64800   -0.615495E-07
   0.65000   -0.581469E-07
   0.65200   -0.538891E-07
   0.65400   -0.486531E-07
   0.65600   -0.425111E-07
   0.65800   -0.356909E-07
   0.66000   -0.285191E-07
   0.66200   -0.213604E-07
   0.66400   -0.145603E-07
   0.66600   -0.840416E-08
   0.66800   -0.309051E-08
   0.67000    0.127777E-08
   0.67200    0.468864E-08
   0.67400    0.720524E-08
   0.67600    0.894558E-08
   0.67800    0.100595E-07
   0.68000    0.107072E-07
   0.68200    0.110407E-07
   0.68400    0.111939E-07
   0.68600    0.112692E-07
   0.68800    0.113349E-07
   0.69000    0.114287E-07
   0.69200    0.115533E-07
   0.69400    0.116886E-07
   0.69600    0.118005E-07
   0.69800    0.118331E-07
   0.70000    0.117375E-07
   0.70200    0.114653E-07
   0.70400    0.109842E-07
   0.70600    0.102794E-07
   0.70800    0.936082E-08
   0.71000    0.826049E-08
   0.71200    0.703186E-08
   0.71400    0.574313E-08
   0.71600    0.446909E-08
   0.71800    0.328339E-08
   0.72000    0.224643E-08
   0.72200    0.140122E-08
   0.72400    0.766775E-09
   0.72600    0.337960E-09
   0.72800    0.882883E-10
   0.73000   -0.244552E-10
   0.73200   -0.504063E-10
   0.73400   -0.413581E-10
   0.73600   -0.417844E-10
   0.73800   -0.857212E-10
   0.74000   -0.193764E-09
   0.74200   -0.373765E-09
   0.74400   -0.623115E-09
   0.74600   -0.932475E-09
   0.74800   -0.128917E-08
   0.75000   -0.168077E-08
   0.75200   -0.209645E-08
   0.75400   -0.252717E-08
   0.75600   -0.296464E-08
   0.75800   -0.339940E-08
   0.76000   -0.381910E-08
   0.76200   -0.420737E-08
   0.76400   -0.454449E-08
   0.76600   -0.480899E-08
   0.76800   -0.498104E-08
   0.77000   -0.504607E-08
   0.77200   -0.499907E-08
   0.77400   -0.484740E-08
   0.77600   -0.461234E-08
   0.77800   -0.432840E-08
   0.78000   -0.404059E-08
   0.78200   -0.379969E-08
   0.78400   -0.365609E-08
   0.78600   -0.365330E-08
   0.78800   -0.382161E-08
   0.79000   -0.417318E-08
   0.79200   -0.469922E-08
   0.79400   -0.536952E-08
   0.79600   -0.613527E-08
   0.79800   -0.693404E-08
   0.80000   -0.769693E-08
   0.80200   -0.835707E-08
   0.80400   -0.885781E-08
   0.80600   -0.916017E-08
   0.80800   -0.924796E-08
   0.81000   -0.913004E-08
   0.81200   -0.883944E-08
   0.81400   -0.842935E-08
   0.81600   -0.796660E-08
   0.81800   -0.752347E-08
   0.82000   -0.716901E-08
   0.82200   -0.696074E-08
   0.82400   -0.693799E-08
   0.82600   -0.711745E-08
   0.82800   -0.749135E-08
   0.83000   -0.802847E-08
   0.83200   -0.867785E-08
   0.83400   -0.937445E-08
   0.83600   -0.100465E-07
   0.83800   -0.106234E-07
   0.84000   -0.110436E-07
   0.84200   -0.112610E-07
   0.84400   -0.112507E-07
   0.84600   -0.110109E-07
   0.84800   -0.105637E-07
   0.85000   -0.995254E-08
   0.85200   -0.923743E-08
   0.85400   -0.848893E-08
   0.85600   -0.778082E-08
   0.85800   -0.718276E-08
   0.86000   -0.675360E-08
   0.86200   -0.653592E-08
   0.86400   -0.655234E-08
   0.86600   -0.680392E-08
   0.86800   -0.727048E-08
   0.87000   -0.791289E-08
   0.87200   -0.867709E-08
   0.87400   -0.949927E-08
   0.87600   -0.103118E-07
   0.87800   -0.110493E-07
   0.88000   -0.116546E-07
   0.88200   -0.120838E-07
   0.88400   -0.123096E-07
   0.88600   -0.123231E-07
   0.88800   -0.121339E-07
   0.89000   -0.117681E-07
   0.89200   -0.112645E-07
   0.89400   -0.106700E-07
   0.89600   -0.100345E-07
   0.89800   -0.940541E-08
   0.90000   -0.882339E-08
   0.90200   -0.831914E-08
   0.90400   -0.791170E-08
   0.90600   -0.760806E-08
   0.90800   -0.740455E-08
   0.91000   -0.728903E-08
   0.91200   -0.724387E-08
   0.91400   -0.724912E-08
   0.91600   -0.728558E-08
   0.91800   -0.733717E-08
   0.92000   -0.739263E-08
   0.92200   -0.744616E-08
   0.92400   -0.749712E-08
   0.92600   -0.754888E-08
   0.92800   -0.760700E-08
   0.93000   -0.767719E-08
   0.93200   -0.776315E-08
   0.93400   -0.786490E-08
   0.93600   -0.797764E-08
   0.93800   -0.809142E-08
   0.94000   -0.819175E-08
   0.94200   -0.826087E-08
   0.94400   -0.827977E-08
   0.94600   -0.823057E-08
   0.94800   -0.809885E-08
   0.95000   -0.787587E-08
   0.95200   -0.756030E-08
   0.95400   -0.715912E-08
   0.95600   -0.668768E-08
   0.95800   -0.616885E-08
   0.96000   -0.563125E-08
   0.96200   -0.510662E-08
   0.96400   -0.462680E-08
   0.96600   -0.422050E-08
   0.96800   -0.391023E-08
   0.97000   -0.370979E-08
   0.97200   -0.362248E-08
   0.97400   -0.364047E-08
   0.97600   -0.374509E-08
   0.97800   -0.390827E-08
   0.98000   -0.409495E-08
   0.98200   -0.426612E-08
   0.98400   -0.438245E-08
   0.98600   -0.440806E-08
   0.98800   -0.431420E-08
   0.99000   -0.408249E-08
   0.99200   -0.370732E-08
   0.99400   -0.319708E-08
   0.99600   -0.257408E-08
   0.99800   -0.187286E-08
   1.00000   -0.113697E-08
   1.00200   -0.414457E-09
   1.00400    0.247410E-09
   1.00600    0.807727E-09
   1.00800    0.123703E-08
   1.01000    0.152125E-08
   1.01200    0.166388E-08
   1.01400    0.168604E-08
   1.01600    0.162431E-08
   1.01800    0.152647E-08
   1.02000    0.144585E-08
   1.02200    0.143461E-08
   1.02400    0.153710E-08
   1.02600    0.178404E-08
   1.02800    0.218840E-08
   1.03000    0.274346E-08
   1.03200    0.342338E-08
   1.03400    0.418628E-08
   1.03600    0.497952E-08
   1.03800    0.574645E-08
   1.04000    0.643371E-08
   1.04200    0.699825E-08
   1.04400    0.741306E-08
   1.04600    0.767086E-08
   1.04800    0.778535E-08
   1.05000    0.778968E-08
   1.05200    0.773251E-08
   1.05400    0.767200E-08
   1.05600    0.766854E-08
   1.05800    0.777704E-08
   1.06000    0.803975E-08
   1.06200    0.848056E-08
   1.06400    0.910143E-08
   1.06600    0.988163E-08
   1.06800    0.107797E-07
   1.07000    0.117380E-07
   1.07200    0.126900E-07
   1.07400    0.135677E-07
   1.07600    0.143107E-07
   1.07800    0.148733E-07
   1.08000    0.152300E-07
   1.08200    0.153790E-07
   1.08400    0.153419E-07
   1.08600    0.151606E-07
   1.08800    0.148924E-07
   1.09000    0.146024E-07
   1.09200    0.143554E-07
   1.09400    0.142086E-07
   1.09600    0.142045E-07
   1.09800    0.143674E-07
   1.10000    0.147006E-07
   1.10200    0.151879E-07
   1.10400    0.157970E-07
   1.10600    0.164846E-07
   1.10800    0.172032E-07
   1.11000    0.179079E-07
   1.11200    0.185628E-07
   1.11400    0.191454E-07
   1.11600    0.196494E-07
   1.11800    0.200851E-07
   1.12000    0.204770E-07
   1.12200    0.208598E-07
   1.12400    0.212732E-07
   1.12600    0.217552E-07
   1.12800    0.223363E-07
   1.13000    0.230342E-07
   1.13200    0.238507E-07
   1.13400    0.247695E-07
   1.13600    0.257581E-07
   1.13800    0.267706E-07
   1.14000    0.277534E-07
   1.14200    0.286514E-07
   1.14400    0.294161E-07
   1.14600    0.300120E-07
   1.14800    0.304222E-07
   1.15000    0.306516E-07
   1.15200    0.307273E-07
   1.15400    0.306964E-07
   1.15600    0.306206E-07
   1.15800    0.305688E-07
   1.16000    0.306089E-07
   1.16200    0.307989E-07
   1.16400    0.311797E-07
   1.16600    0.317696E-07
   1.16800    0.325618E-07
   1.17000    0.335255E-07
   1.17200    0.346095E-07
   1.17400    0.357494E-07
   1.17600    0.368754E-07
   1.17800    0.379218E-07
   1.18000    0.388351E-07
   1.18200    0.395805E-07
   1.18400    0.401455E-07
   1.18600    0.405410E-07
   1.18800    0.407979E-07
   1.19000    0.409622E-07
   1.19200    0.410873E-07
   1.19400    0.412260E-07
   1.19600    0.414225E-07
   1.19800    0.417062E-07
   1.20000    0.420883E-07
   1.20200    0.425605E-07
   1.20400    0.430981E-07
   1.20600    0.436647E-07
   1.20800    0.442196E-07
   1.21000    0.447250E-07
   1.21200    0.451535E-07
   1.21400    0.454937E-07
   1.21600    0.457524E-07
   1.21800    0.459546E-07
   1.22000    0.461399E-07
   1.22200    0.463563E-07
   1.22400    0.466522E-07
   1.22600    0.470687E-07
   1.22800    0.476320E-07
   1.23000    0.483486E-07
   1.23200    0.492032E-07
   1.23400    0.501601E-07
   1.23600    0.511681E-07
   1.23800    0.521676E-07
   1.24000    0.531001E-07
   1.24200    0.539166E-07
   1.24400    0.545861E-07
   1.24600    0.551005E-07
   1.24800    0.554768E-07
   1.25000    0.557551E-07
   1.25200    0.559933E-07
   1.25400    0.562586E-07
   1.25600    0.566180E-07
   1.25800    0.571278E-07
   1.26000    0.578254E-07
   1.26200    0.587230E-07
   1.26400    0.598055E-07
   1.26600    0.610324E-07
   1.26800    0.623430E-07
   1.27000    0.636657E-07
   1.27200    0.649277E-07
   1.27400    0.660662E-07
   1.27600    0.670372E-07
   1.27800    0.678215E-07
   1.28000    0.684275E-07
   1.28200    0.688886E-07
   1.28400    0.692570E-07
   1.28600    0.695951E-07
   1.28800    0.699642E-07
   1.29000    0.704141E-07
   1.29200    0.709741E-07
   1.29400    0.716482E-07
   1.29600    0.724132E-07
   1.29800    0.732228E-07
   1.30000    0.740148E-07
   1.30200    0.747213E-07
   1.30400    0.752805E-07
   1.30600    0.756472E-07
   1.30800    0.758012E-07
   1.31000    0.757521E-07
   1.31200    0.755389E-07
   1.31400    0.752253E-07
   1.31600    0.748914E-07
   1.31800    0.746220E-07
   1.32000    0.744954E-07
   1.32200    0.745720E-07
   1.32400    0.748867E-07
   1.32600    0.754452E-07
   1.32800    0.762241E-07
   1.33000    0.771766E-07
   1.33200    0.782414E-07
   1.33400    0.793526E-07
   1.33600    0.804517E-07
   1.33800    0.814960E-07
   1.34000    0.824655E-07
   1.34200    0.833636E-07
   1.34400    0.842148E-07
   1.34600    0.850575E-07
   1.34800    0.859335E-07
   1.35000    0.868775E-07
   1.35200    0.879072E-07
   1.35400    0.890160E-07
   1.35600    0.901713E-07
   1.35800    0.913167E-07
   1.36000    0.923804E-07
   1.36200    0.932860E-07
   1.36400    0.939661E-07
   1.36600    0.943750E-07
   1.36800    0.944984E-07
   1.37000    0.943582E-07
   1.37200    0.940121E-07
   1.37400    0.935463E-07
   1.37600    0.930645E-07
   1.37800    0.926726E-07
   1.38000    0.924643E-07
   1.38200    0.925074E-07
   1.38400    0.928357E-07
   1.38600    0.934453E-07
   1.38800    0.942983E-07
   1.39000    0.953305E-07
   1.39200    0.964644E-07
   1.39400    0.976219E-07
   1.39600    0.987380E-07
   1.39800    0.997688E-07
   1.40000    0.100697E-06
   1.40200    0.101528E-06
   1.40400    0.102286E-06
   1.40600    0.103005E-06
   1.40800    0.103712E-06
   1.41000    0.104421E-06
   1.41200    0.105127E-06
   1.41400    0.105800E-06
   1.41600    0.106391E-06
   1.41800    0.106839E-06
   1.42000    0.107086E-06
   1.42200    0.107086E-06
   1.42400    0.106820E-06
   1.42600    0.106302E-06
   1.42800    0.105581E-06
   1.43000    0.104737E-06
   1.43200    0.103870E-06
   1.43400    0.103091E-06
   1.43600    0.102498E-06
   1.43800    0.102172E-06
   1.44000    0.102156E-06
   1.44200    0.102458E-06
   1.44400    0.103047E-06
   1.44600    0.103863E-06
   1.44800    0.104823E-06
   1.45000    0.105841E-06
   1.45200    0.106833E-06
   1.45400    0.107731E-06
   1.45600    0.108488E-06
   1.45800    0.109081E-06
   1.46000    0.109504E-06
   1.46200    0.109766E-06
   1.46400    0.109884E-06
   1.46600    0.109874E-06
   1.46800    0.109748E-06
   1.47000    0.109516E-06
   1.47200    0.109182E-06
   1.47400    0.108756E-06
   1.47600    0.108252E-06
   1.47800    0.107700E-06
   1.48000    0.107143E-06
   1.48200    0.106638E-06
   1.48400    0.106250E-06
   1.48600    0.106045E-06
   1.48800    0.106078E-06
   1.49000    0.106383E-06
   1.49200    0.106962E-06
   1.49400    0.107780E-06
   1.49600    0.108769E-06
   1.49800    0.109828E-06
   1.50000    0.110840E-06
   1.50200    0.111684E-06
   1.50400    0.112252E-06
   1.50600    0.112464E-06
   1.50800    0.112280E-06
   1.51000    0.111704E-06
   1.51200    0.110781E-06
   1.51400    0.109594E-06
   1.51600    0.108244E-06
   1.51800    0.106842E-06
   1.52000    0.105489E-06
   1.52200    0.104267E-06
   1.52400    0.103229E-06
   1.52600    0.102397E-06
   1.52800    0.101766E-06
   1.53000    0.101311E-06
   1.53200    0.100995E-06
   1.53400    0.100774E-06
   1.53600    0.100611E-06
   1.53800    0.100474E-06
   1.54000    0.100339E-06
   1.54200    0.100188E-06
   1.54400    0.100011E-06
   1.54600    0.997985E-07
   1.54800    0.995436E-07
   1.55000    0.992437E-07
   1.55200    0.989027E-07
   1.55400    0.985338E-07
   1.55600    0.981624E-07
   1.55800    0.978259E-07
   1.56000    0.975712E-07
   1.56200    0.974483E-07
   1.56400    0.975011E-07
   1.56600    0.977576E-07
   1.56800    0.982212E-07
   1.57000    0.988637E-07
   1.57200    0.996250E-07
   1.57400    0.100417E-06
   1.57600    0.101135E-06
   1.57800    0.101670E-06
   1.58000    0.101929E-06
   1.58200    0.101847E-06
   1.58400    0.101402E-06
   1.58600    0.100617E-06
   1.58800    0.995664E-07
   1.59000    0.983583E-07
   1.59200    0.971267E-07
   1.59400    0.960104E-07
   1.59600    0.951352E-07
   1.59800    0.945971E-07
   1.60000    0.944515E-07
   1.60200    0.947082E-07
   1.60400    0.953332E-07
   1.60600    0.962572E-07
   1.60800    0.973872E-07
   1.61000    0.986211E-07
   1.61200    0.998606E-07
   1.61400    0.101023E-06
   1.61600    0.102046E-06
   1.61800    0.102894E-06
   1.62000    0.103555E-06
   1.62200    0.104038E-06
   1.62400    0.104369E-06
   1.62600    0.104583E-06
   1.62800    0.104722E-06
   1.63000    0.104828E-06
   1.63200    0.104944E-06
   1.63400    0.105107E-06
   1.63600    0.105346E-06
   1.63800    0.105686E-06
   1.64000    0.106137E-06
   1.64200    0.106706E-06
   1.64400    0.107388E-06
   1.64600    0.108177E-06
   1.64800    0.109069E-06
   1.65000    0.110061E-06
   1.65200    0.111162E-06
   1.65400    0.112389E-06
   1.65600    0.113766E-06
   1.65800    0.115318E-06
   1.66000    0.117065E-06
   1.66200    0.119009E-06
   1.66400    0.121130E-06
   1.66600    0.123382E-06
   1.66800    0.125691E-06
   1.67000    0.127967E-06
   1.67200    0.130115E-06
   1.67400    0.132046E-06
   1.67600    0.133695E-06
   1.67800    0.135035E-06
   1.68000    0.136075E-06
   1.68200    0.136865E-06
   1.68400    0.137487E-06
   1.68600    0.138040E-06
   1.68800    0.138623E-06
   1.69000    0.139324E-06
   1.69200    0.140204E-06
   1.69400    0.141293E-06
   1.69600    0.142588E-06
   1.69800    0.144064E-06
   1.70000    0.145674E-06
   1.70200    0.147368E-06
   1.70400    0.149097E-06
   1.70600    0.150823E-06
   1.70800    0.152521E-06
   1.71000    0.154178E-06
   1.71200    0.155788E-06
   1.71400    0.157352E-06
   1.71600    0.158872E-06
   1.71800    0.160347E-06
   1.72000    0.161773E-06
   1.72200    0.163146E-06
   1.72400    0.164459E-06
   1.72600    0.165708E-06
   1.72800    0.166895E-06
   1.73000    0.168024E-06
   1.73200    0.169108E-06
   1.73400    0.170161E-06
   1.73600    0.171202E-06
   1.73800    0.172251E-06
   1.74000    0.173330E-06
   1.74200    0.174457E-06
   1.74400    0.175650E-06
   1.74600    0.176923E-06
   1.74800    0.178289E-06
   1.75000    0.179756E-06
   1.75200    0.181328E-06
   1.75400    0.183006E-06
   1.75600    0.184790E-06
   1.75800    0.186676E-06
   1.76000    0.188658E-06
   1.76200    0.190734E-06
   1.76400    0.192898E-06
   1.76600    0.195147E-06
   1.76800    0.197476E-06
   1.77000    0.199880E-06
   1.77200    0.202351E-06
   1.77400    0.204881E-06
   1.77600    0.207457E-06
   1.77800    0.210068E-06
   1.78000    0.212702E-06
   1.78200    0.215348E-06
   1.78400    0.217998E-06
   1.78600    0.220644E-06
   1.78800    0.223280E-06
   1.79000    0.225900E-06
   1.79200    0.228499E-06
   1.79400    0.231071E-06
   1.79600    0.233609E-06
   1.79800    0.236114E-06
   1.80000    0.238592E-06
   1.80200    0.241057E-06
   1.80400    0.243537E-06
   1.80600    0.246069E-06
   1.80800    0.248698E-06
   1.81000    0.251473E-06
   1.81200    0.254440E-06
   1.81400    0.257638E-06
   1.81600    0.261093E-06
   1.81800    0.264813E-06
   1.82000    0.268792E-06
   1.82200    0.273006E-06
   1.82400    0.277419E-06
   1.82600    0.281991E-06
   1.82800    0.286680E-06
   1.83000    0.291449E-06
   1.83200    0.296274E-06
   1.83400    0.301142E-06
   1.83600    0.306059E-06
   1.83800    0.311045E-06
   1.84000    0.316135E-06
   1.84200    0.321371E-06
   1.84400    0.326796E-06
   1.84600    0.332451E-06
   1.84800    0.338364E-06
   1.85000    0.344552E-06
   1.85200    0.351013E-06
   1.85400    0.357731E-06
   1.85600    0.364680E-06
   1.85800    0.371827E-06
   1.86000    0.379139E-06
   1.86200    0.386590E-06
   1.86400    0.394161E-06
   1.86600    0.401849E-06
   1.86800    0.409660E-06
   1.87000    0.417604E-06
   1.87200    0.425695E-06
   1.87400    0.433945E-06
   1.87600    0.442360E-06
   1.87800    0.450938E-06
   1.88000    0.459668E-06
   1.88200    0.468535E-06
   1.88400    0.477524E-06
   1.88600    0.486629E-06
   1.88800    0.495865E-06
   1.89000    0.505287E-06
   1.89200    0.515008E-06
   1.89400    0.525247E-06
   1.89600    0.536310E-06
   1.89800    0.548682E-06
   1.90000    0.563084E-06
   1.90200    0.580448E-06
   1.90400    0.601980E-06
   1.90600    0.629139E-06
   1.90800    0.663605E-06
   1.91000    0.707197E-06
   1.91200    0.761753E-06
   1.91400    0.828955E-06
   1.91600    0.910129E-06
   1.91800    0.100600E-05
   1.92000    0.111645E-05
   1.92200    0.124028E-05
   1.92400    0.137495E-05
   1.92600    0.151643E-05
   1.92800    0.165901E-05
   1.93000    0.179531E-05
   1.93200    0.191632E-05
   1.93400    0.201172E-05
   1.93600    0.207032E-05
   1.93800    0.208077E-05
   1.94000    0.203257E-05
   1.94200    0.191707E-05
   1.94400    0.172873E-05
   1.94600    0.146610E-05
   1.94800    0.113263E-05
   1.95000    0.737011E-06
   1.95200    0.292901E-06
   1.95400   -0.181872E-06
   1.95600   -0.666701E-06
   1.95800   -0.113995E-05
   1.96000   -0.158087E-05
   1.96200   -0.197135E-05
   1.96400   -0.229742E-05
   1.96600   -0.255007E-05
   1.96800   -0.272559E-05
   1.97000   -0.282526E-05
   1.97200   -0.285455E-05
   1.97400   -0.282206E-05
   1.97600   -0.273832E-05
   1.97800   -0.261467E-05
   1.98000   -0.246230E-05
   1.98200   -0.229159E-05
   1.98400   -0.211169E-05
   1.98600   -0.193030E-05
   1.98800   -0.175364E-05
   1.99000   -0.158652E-05
   1.99200   -0.143245E-05
   1.99400   -0.129374E-05
   1.99600   -0.117159E-05
   1.99800   -0.106623E-05
   2.00000   -0.976972E-06
   2.00200   -0.902392E-06
   2.00400   -0.840457E-06
   2.00600   -0.788735E-06
   2.00800   -0.744633E-06
   2.01000   -0.705630E-06
   2.01200   -0.669514E-06
   2.01400   -0.634571E-06
   2.01600   -0.599726E-06
   2.01800   -0.564557E-06
   2.02000   -0.529320E-06
   2.02200   -0.494821E-06
   2.02400   -0.462177E-06
   2.02600   -0.432656E-06
   2.02800   -0.407423E-06
   2.03000   -0.387353E-06
   2.03200   -0.372892E-06
   2.03400   -0.363981E-06
   2.03600   -0.360083E-06
   2.03800   -0.360258E-06
   2.04000   -0.363311E-06
   2.04200   -0.367949E-06
   2.04400   -0.372953E-06
   2.04600   -0.377295E-06
   2.04800   -0.380223E-06
   2.05000   -0.381297E-06
   2.05200   -0.380372E-06
   2.05400   -0.377540E-06
   2.05600   -0.373066E-06
   2.05800   -0.367298E-06
   2.06000   -0.360608E-06
   2.06200   -0.353332E-06
   2.06400   -0.345734E-06
   2.06600   -0.337994E-06
   2.06800   -0.330197E-06
   2.07000   -0.322349E-06
   2.07200   -0.314391E-06
   2.07400   -0.306217E-06
   2.07600   -0.297697E-06
   2.07800   -0.288703E-06
   2.08000   -0.279126E-06
   2.08200   -0.268902E-06
   2.08400   -0.258026E-06
   2.08600   -0.246563E-06
   2.08800   -0.234654E-06
   2.09000   -0.222512E-06
   2.09200   -0.210413E-06
   2.09400   -0.198679E-06
   2.09600   -0.187653E-06
   2.09800   -0.177682E-06
   2.10000   -0.169085E-06
   2.10200   -0.162131E-06
   2.10400   -0.157013E-06
   2.10600   -0.153825E-06
   2.10800   -0.152546E-06
   2.11000   -0.153031E-06
   2.11200   -0.155008E-06
   2.11400   -0.158092E-06
   2.11600   -0.161810E-06
   2.11800   -0.165637E-06
   2.12000   -0.169042E-06
   2.12200   -0.171538E-06
   2.12400   -0.172726E-06
   2.12600   -0.172337E-06
   2.12800   -0.170255E-06
   2.13000   -0.166527E-06
   2.13200   -0.161350E-06
   2.13400   -0.155052E-06
   2.13600   -0.148052E-06
   2.13800   -0.140821E-06
   2.14000   -0.133831E-06
   2.14200   -0.127513E-06
   2.14400   -0.122221E-06
   2.14600   -0.118202E-06
   2.14800   -0.115581E-06
   2.15000   -0.114354E-06
   2.15200   -0.114405E-06
   2.15400   -0.115516E-06
   2.15600   -0.117400E-06
   2.15800   -0.119728E-06
   2.16000   -0.122158E-06
   2.16200   -0.124364E-06
   2.16400   -0.126052E-06
   2.16600   -0.126982E-06
   2.16800   -0.126972E-06
   2.17000   -0.125904E-06
   2.17200   -0.123734E-06
   2.17400   -0.120484E-06
   2.17600   -0.116245E-06
   2.17800   -0.111169E-06
   2.18000   -0.105460E-06
   2.18200   -0.993558E-07
   2.18400   -0.931096E-07
   2.18600   -0.869660E-07
   2.18800   -0.811355E-07
   2.19000   -0.757732E-07
   2.19200   -0.709599E-07
   2.19400   -0.666964E-07
   2.19600   -0.628999E-07
   2.19800   -0.594165E-07
   2.20000   -0.560400E-07
   2.20200   -0.525291E-07
   2.20400   -0.486285E-07
   2.20600   -0.440924E-07
   2.20800   -0.386969E-07
   2.21000   -0.322489E-07
   2.21200   -0.245884E-07
   2.21400   -0.155877E-07
   2.21600   -0.514755E-08
   2.21800    0.680538E-08
   2.22000    0.203179E-07
   2.22200    0.354045E-07
   2.22400    0.520367E-07
   2.22600    0.701234E-07
   2.22800    0.894858E-07
   2.23000    0.109824E-06
   2.23200    0.130680E-06
   2.23400    0.151398E-06
   2.23600    0.171095E-06
   2.23800    0.188637E-06
   2.24000    0.202653E-06
   2.24200    0.211578E-06
   2.24400    0.213742E-06
   2.24600    0.207504E-06
   2.24800    0.191427E-06
   2.25000    0.164472E-06
   2.25200    0.126183E-06
   2.25400    0.768384E-07
   2.25600    0.175336E-07
   2.25800   -0.498286E-07
   2.26000   -0.122647E-06
   2.26200   -0.197823E-06
   2.26400   -0.272039E-06
   2.26600   -0.342057E-06
   2.26800   -0.405019E-06
   2.27000   -0.458694E-06
   2.27200   -0.501639E-06
   2.27400   -0.533263E-06
   2.27600   -0.553791E-06
   2.27800   -0.564141E-06
   2.28000   -0.565747E-06
   2.28200   -0.560346E-06
   2.28400   -0.549778E-06
   2.28600   -0.535810E-06
   2.28800   -0.520001E-06
   2.29000   -0.503626E-06
   2.29200   -0.487640E-06
   2.29400   -0.472691E-06
   2.29600   -0.459155E-06
   2.29800   -0.447191E-06
   2.30000   -0.436797E-06
   2.30200   -0.427870E-06
   2.30400   -0.420244E-06
   2.30600   -0.413731E-06
   2.30800   -0.408140E-06
   2.31000   -0.403289E-06
   2.31200   -0.399020E-06
   2.31400   -0.395192E-06
   2.31600   -0.391686E-06
   2.31800   -0.388411E-06
   2.32000   -0.385293E-06
   2.32200   -0.382282E-06
   2.32400   -0.379352E-06
   2.32600   -0.376503E-06
   2.32800   -0.373748E-06
   2.33000   -0.371120E-06
   2.33200   -0.368661E-06
   2.33400   -0.366419E-06
   2.33600   -0.364442E-06
   2.33800   -0.362772E-06
   2.34000   -0.361439E-06
   2.34200   -0.360458E-06
   2.34400   -0.359824E-06
   2.34600   -0.359513E-06
   2.34800   -0.359480E-06
   2.35000   -0.359659E-06
   2.35200   -0.359969E-06
   2.35400   -0.360315E-06
   2.35600   -0.360599E-06
   2.35800   -0.360725E-06
   2.36000   -0.360611E-06
   2.36200   -0.360198E-06
   2.36400   -0.359460E-06
   2.36600   -0.358411E-06
   2.36800   -0.357102E-06
   2.37000   -0.355620E-06
   2.37200   -0.354080E-06
   2.37400   -0.352603E-06
   2.37600   -0.351308E-06
   2.37800   -0.350287E-06
   2.38000   -0.349594E-06
   2.38200   -0.349231E-06
   2.38400   -0.349154E-06
   2.38600   -0.349266E-06
   2.38800   -0.349440E-06
   2.39000   -0.349525E-06
   2.39200   -0.349374E-06
   2.39400   -0.348853E-06
   2.39600   -0.347863E-06
   2.39800   -0.346344E-06
   2.40000   -0.344283E-06
   2.40200   -0.341715E-06
   2.40400   -0.338712E-06
   2.40600   -0.335376E-06
   2.40800   -0.331832E-06
   2.41000   -0.328209E-06
   2.41200   -0.324633E-06
   2.41400   -0.321217E-06
   2.41600   -0.318052E-06
   2.41800   -0.315201E-06
   2.42000   -0.312700E-06
   2.42200   -0.310560E-06
   2.42400   -0.308769E-06
   2.42600   -0.307297E-06
   2.42800   -0.306111E-06
   2.43000   -0.305176E-06
   2.43200   -0.304465E-06
   2.43400   -0.303966E-06
   2.43600   -0.303679E-06
   2.43800   -0.303622E-06
   2.44000   -0.303816E-06
   2.44200   -0.304285E-06
   2.44400   -0.305038E-06
   2.44600   -0.306060E-06
   2.44800   -0.307306E-06
   2.45000   -0.308690E-06
   2.45200   -0.310087E-06
   2.45400   -0.311339E-06
   2.45600   -0.312273E-06
   2.45800   -0.312710E-06
   2.46000   -0.312493E-06
   2.46200   -0.311504E-06
   2.46400   -0.309678E-06
   2.46600   -0.307010E-06
   2.46800   -0.303561E-06
   2.47000   -0.299441E-06
   2.47200   -0.294800E-06
   2.47400   -0.289805E-06
   2.47600   -0.284620E-06
   2.47800   -0.279391E-06
   2.48000   -0.274230E-06
   2.48200   -0.269212E-06
   2.48400   -0.264372E-06
   2.48600   -0.259718E-06
   2.48800   -0.255233E-06
   2.49000   -0.250892E-06
   2.49200   -0.246668E-06
   2.49400   -0.242543E-06
   2.49600   -0.238508E-06
   2.49800   -0.234568E-06
   2.50000   -0.230738E-06
   2.50200   -0.227041E-06
   2.50400   -0.223502E-06
   2.50600   -0.220143E-06
   2.50800   -0.216982E-06
   2.51000   -0.214025E-06
   2.51200   -0.211271E-06
   2.51400   -0.208705E-06
   2.51600   -0.206302E-06
   2.51800   -0.204029E-06
   2.52000   -0.201845E-06
   2.52200   -0.199704E-06
   2.52400   -0.197559E-06
   2.52600   -0.195364E-06
   2.52800   -0.193079E-06
   2.53000   -0.190673E-06
   2.53200   -0.188126E-06
   2.53400   -0.185433E-06
   2.53600   -0.182607E-06
   2.53800   -0.179674E-06
   2.54000   -0.176670E-06
   2.54200   -0.173642E-06
   2.54400   -0.170636E-06
   2.54600   -0.167692E-06
   2.54800   -0.164842E-06
   2.55000   -0.162103E-06
   2.55200   -0.159479E-06
   2.55400   -0.156962E-06
   2.55600   -0.154539E-06
   2.55800   -0.152191E-06
   2.56000   -0.149905E-06
   2.56200   -0.147672E-06
   2.56400   -0.145490E-06
   2.56600   -0.143366E-06
   2.56800   -0.141313E-06
   2.57000   -0.139349E-06
   2.57200   -0.137496E-06
   2.57400   -0.135775E-06
   2.57600   -0.134209E-06
   2.57800   -0.132817E-06
   2.58000   -0.131618E-06
   2.58200   -0.130618E-06
   2.58400   -0.129821E-06
   2.58600   -0.129216E-06
   2.58800   -0.128783E-06
   2.59000   -0.128492E-06
   2.59200   -0.128305E-06
   2.59400   -0.128184E-06
   2.59600   -0.128096E-06
   2.59800   -0.128015E-06
   2.60000   -0.127929E-06
   2.60200   -0.127837E-06
   2.60400   -0.127751E-06
   2.60600   -0.127687E-06
   2.60800   -0.127666E-06
   2.61000   -0.127704E-06
   2.61200   -0.127809E-06
   2.61400   -0.127982E-06
   2.61600   -0.128214E-06
   2.61800   -0.128492E-06
   2.62000   -0.128801E-06
   2.62200   -0.129123E-06
   2.62400   -0.129447E-06
   2.62600   -0.129762E-06
   2.62800   -0.130060E-06
   2.63000   -0.130333E-06
   2.63200   -0.130574E-06
   2.63400   -0.130772E-06
   2.63600   -0.130917E-06
   2.63800   -0.130998E-06
   2.64000   -0.131009E-06
   2.64200   -0.130951E-06
   2.64400   -0.130834E-06
   2.64600   -0.130676E-06
   2.64800   -0.130504E-06
   2.65000   -0.130350E-06
   2.65200   -0.130242E-06
   2.65400   -0.130207E-06
   2.65600   -0.130257E-06
   2.65800   -0.130397E-06
   2.66000   -0.130617E-06
   2.66200   -0.130897E-06
   2.66400   -0.131214E-06
   2.66600   -0.131542E-06
   2.66800   -0.131864E-06
   2.67000   -0.132166E-06
   2.67200   -0.132446E-06
   2.67400   -0.132710E-06
   2.67600   -0.132970E-06
   2.67800   -0.133237E-06
   2.68000   -0.133520E-06
   2.68200   -0.133821E-06
   2.68400   -0.134135E-06
   2.68600   -0.134446E-06
   2.68800   -0.134732E-06
   2.69000   -0.134969E-06
   2.69200   -0.135132E-06
   2.69400   -0.135202E-06
   2.69600   -0.135168E-06
   2.69800   -0.135033E-06
   2.70000   -0.134810E-06
   2.70200   -0.134522E-06
   2.70400   -0.134199E-06
   2.70600   -0.133873E-06
   2.70800   -0.133572E-06
   2.71000   -0.133315E-06
   2.71200   -0.133111E-06
   2.71400   -0.132957E-06
   2.71600   -0.132841E-06
   2.71800   -0.132745E-06
   2.72000   -0.132656E-06
   2.72200   -0.132564E-06
   2.72400   -0.132474E-06
   2.72600   -0.132404E-06
   2.72800   -0.132384E-06
   2.73000   -0.132452E-06
   2.73200   -0.132647E-06
   2.73400   -0.133001E-06
   2.73600   -0.133533E-06
   2.73800   -0.134240E-06
   2.74000   -0.135102E-06
   2.74200   -0.136081E-06
   2.74400   -0.137129E-06
   2.74600   -0.138192E-06
   2.74800   -0.139227E-06
   2.75000   -0.140205E-06
   2.75200   -0.141116E-06
   2.75400   -0.141975E-06
   2.75600   -0.142817E-06
   2.75800   -0.143693E-06
   2.76000   -0.144658E-06
   2.76200   -0.145765E-06
   2.76400   -0.147059E-06
   2.76600   -0.148567E-06
   2.76800   -0.150302E-06
   2.77000   -0.152264E-06
   2.77200   -0.154442E-06
   2.77400   -0.156828E-06
   2.77600   -0.159420E-06
   2.77800   -0.162230E-06
   2.78000   -0.165288E-06
   2.78200   -0.168641E-06
   2.78400   -0.172352E-06
   2.78600   -0.176493E-06
   2.78800   -0.181134E-06
   2.79000   -0.186364E-06
   2.79200   -0.192261E-06
   2.79400   -0.198906E-06
   2.79600   -0.206389E-06
   2.79800   -0.214813E-06
   2.80000   -0.224303E-06
   2.80200   -0.235005E-06
   2.80400   -0.247091E-06
   2.80600   -0.260738E-06
   2.80800   -0.276105E-06
   2.81000   -0.293287E-06
   2.81200   -0.312252E-06
   2.81400   -0.332766E-06
   2.81600   -0.354306E-06
   2.81800   -0.375975E-06
   2.82000   -0.396437E-06
   2.82200   -0.413888E-06
   2.82400   -0.426077E-06
   2.82600   -0.430413E-06
   2.82800   -0.424136E-06
   2.83000   -0.404578E-06
   2.83200   -0.369477E-06
   2.83400   -0.317315E-06
   2.83600   -0.247630E-06
   2.83800   -0.161252E-06
   2.84000   -0.604079E-07
   2.84200    0.513337E-07
   2.84400    0.169292E-06
   2.84600    0.288057E-06
   2.84800    0.401990E-06
   2.85000    0.505755E-06
   2.85200    0.594826E-06
   2.85400    0.665886E-06
   2.85600    0.717069E-06
   2.85800    0.748022E-06
   2.86000    0.759787E-06
   2.86200    0.754542E-06
   2.86400    0.735249E-06
   2.86600    0.705267E-06
   2.86800    0.667993E-06
   2.87000    0.626565E-06
   2.87200    0.583652E-06
   2.87400    0.541345E-06
   2.87600    0.501132E-06
   2.87800    0.463947E-06
   2.88000    0.430252E-06
   2.88200    0.400150E-06
   2.88400    0.373496E-06
   2.88600    0.349991E-06
   2.88800    0.329268E-06
   2.89000    0.310947E-06
   2.89200    0.294670E-06
   2.89400    0.280126E-06
   2.89600    0.267057E-06
   2.89800    0.255258E-06
   2.90000    0.244571E-06
   2.90200    0.234878E-06
   2.90400    0.226090E-06
   2.90600    0.218147E-06
   2.90800    0.211001E-06
   2.91000    0.204619E-06
   2.91200    0.198992E-06
   2.91400    0.194105E-06
   2.91600    0.189948E-06
   2.91800    0.186513E-06
   2.92000    0.183782E-06
   2.92200    0.181721E-06
   2.92400    0.180275E-06
   2.92600    0.179358E-06
   2.92800    0.178850E-06
   2.93000    0.178606E-06
   2.93200    0.178456E-06
   2.93400    0.178212E-06
   2.93600    0.177693E-06
   2.93800    0.176738E-06
   2.94000    0.175219E-06
   2.94200    0.173060E-06
   2.94400    0.170243E-06
   2.94600    0.166814E-06
   2.94800    0.162884E-06
   2.95000    0.158619E-06
   2.95200    0.154240E-06
   2.95400    0.150007E-06
   2.95600    0.146217E-06
   2.95800    0.143190E-06
   2.96000    0.141265E-06
   2.96200    0.140788E-06
   2.96400    0.142098E-06
   2.96600    0.145510E-06
   2.96800    0.151283E-06
   2.97000    0.159590E-06
   2.97200    0.170480E-06
   2.97400    0.183833E-06
   2.97600    0.199329E-06
   2.97800    0.216431E-06
   2.98000    0.234385E-06
   2.98200    0.252250E-06
   2.98400    0.268962E-06
   2.98600    0.283419E-06
   2.98800    0.294581E-06
   2.99000    0.301588E-06
   2.99200    0.303846E-06
   2.99400    0.301105E-06
   2.99600    0.293484E-06
   2.99800    0.281460E-06
   3.00000    0.265809E-06
   3.00200    0.247517E-06
   3.00400    0.227672E-06
   3.00600    0.207352E-06
   3.00800    0.187529E-06
   3.01000    0.168992E-06
   3.01200    0.152312E-06
   3.01400    0.137828E-06
   3.01600    0.125669E-06
   3.01800    0.115786E-06
   3.02000    0.108005E-06
   3.02200    0.102070E-06
   3.02400    0.976910E-07
   3.02600    0.945757E-07
   3.02800    0.924535E-07
   3.03000    0.910888E-07
   3.03200    0.902859E-07
   3.03400    0.898878E-07
   3.03600    0.897724E-07
   3.03800    0.898469E-07
   3.04000    0.900421E-07
   3.04200    0.903082E-07
   3.04400    0.906108E-07
   3.04600    0.909285E-07
   3.04800    0.912504E-07
   3.05000    0.915748E-07
   3.05200    0.919035E-07
   3.05400    0.922465E-07
   3.05600    0.926164E-07
   3.05800    0.930207E-07
   3.06000    0.934676E-07
   3.06200    0.939620E-07
   3.06400    0.945045E-07
   3.06600    0.950918E-07
   3.06800    0.957165E-07
   3.07000    0.963685E-07
   3.07200    0.970356E-07
   3.07400    0.977047E-07
   3.07600    0.983630E-07
   3.07800    0.989989E-07
   3.08000    0.996030E-07
   3.08200    0.100169E-06
   3.08400    0.100692E-06
   3.08600    0.101175E-06
   3.08800    0.101618E-06
   3.09000    0.102030E-06
   3.09200    0.102417E-06
   3.09400    0.102787E-06
   3.09600    0.103147E-06
   3.09800    0.103503E-06
   3.10000    0.103859E-06
   3.10200    0.104216E-06
   3.10400    0.104573E-06
   3.10600    0.104928E-06
   3.10800    0.105278E-06
   3.11000    0.105621E-06
   3.11200    0.105957E-06
   3.11400    0.106287E-06
   3.11600    0.106616E-06
   3.11800    0.106951E-06
   3.12000    0.107300E-06
   3.12200    0.107670E-06
   3.12400    0.108069E-06
   3.12600    0.108499E-06
   3.12800    0.108962E-06
   3.13000    0.109451E-06
   3.13200    0.109962E-06
   3.13400    0.110485E-06
   3.13600    0.111014E-06
   3.13800    0.111548E-06
   3.14000    0.112090E-06
   3.14200    0.112655E-06
   3.14400    0.113267E-06
   3.14600    0.113958E-06
   3.14800    0.114768E-06
   3.15000    0.115740E-06
   3.15200    0.116915E-06
   3.15400    0.118331E-06
   3.15600    0.120017E-06
   3.15800    0.121992E-06
   3.16000    0.124262E-06
   3.16200    0.126824E-06
   3.16400    0.129665E-06
   3.16600    0.132762E-06
   3.16800    0.136082E-06
   3.17000    0.139588E-06
   3.17200    0.143232E-06
   3.17400    0.146955E-06
   3.17600    0.150693E-06
   3.17800    0.154373E-06
   3.18000    0.157913E-06
   3.18200    0.161234E-06
   3.18400    0.164257E-06
   3.18600    0.166911E-06
   3.18800    0.169136E-06
   3.19000    0.170889E-06
   3.19200    0.172143E-06
   3.19400    0.172885E-06
   3.19600    0.173122E-06
   3.19800    0.172869E-06
   3.20000    0.172156E-06
   3.20200    0.171016E-06
   3.20400    0.169495E-06
   3.20600    0.167641E-06
   3.20800    0.165508E-06
   3.21000    0.163154E-06
   3.21200    0.160643E-06
   3.21400    0.158039E-06
   3.21600    0.155404E-06
   3.21800    0.152794E-06
   3.22000    0.150255E-06
   3.22200    0.147818E-06
   3.22400    0.145490E-06
   3.22600    0.143256E-06
   3.22800    0.141070E-06
   3.23000    0.138868E-06
   3.23200    0.136562E-06
   3.23400    0.134055E-06
   3.23600    0.131255E-06
   3.23800    0.128090E-06
   3.24000    0.124528E-06
   3.24200    0.120594E-06
   3.24400    0.116390E-06
   3.24600    0.112105E-06
   3.24800    0.108017E-06
   3.25000    0.104485E-06
   3.25200    0.101932E-06
   3.25400    0.100813E-06
   3.25600    0.101577E-06
   3.25800    0.104619E-06
   3.26000    0.110237E-06
   3.26200    0.118583E-06
   3.26400    0.129632E-06
   3.26600    0.143154E-06
   3.26800    0.158705E-06
   3.27000    0.175630E-06
   3.27200    0.193079E-06
   3.27400    0.210048E-06
   3.27600    0.225419E-06
   3.27800    0.238033E-06
   3.28000    0.246759E-06
   3.28200    0.250587E-06
   3.28400    0.248713E-06
   3.28600    0.240624E-06
   3.28800    0.226168E-06
   3.29000    0.205593E-06
   3.29200    0.179553E-06
   3.29400    0.149073E-06
   3.29600    0.115475E-06
   3.29800    0.802685E-07
   3.30000    0.450236E-07
   3.30200    0.112391E-07
   3.30400   -0.197775E-07
   3.30600   -0.470024E-07
   3.30800   -0.697510E-07
   3.31000   -0.876940E-07
   3.31200   -0.100835E-06
   3.31400   -0.109457E-06
   3.31600   -0.114055E-06
   3.31800   -0.115252E-06
   3.32000   -0.113730E-06
   3.32200   -0.110161E-06
   3.32400   -0.105162E-06
   3.32600   -0.992667E-07
   3.32800   -0.929094E-07
   3.33000   -0.864243E-07
   3.33200   -0.800556E-07
   3.33400   -0.739696E-07
   3.33600   -0.682706E-07
   3.33800   -0.630156E-07
   3.34000   -0.582268E-07
   3.34200   -0.539025E-07
   3.34400   -0.500240E-07
   3.34600   -0.465608E-07
   3.34800   -0.434756E-07
   3.35000   -0.407255E-07
   3.35200   -0.382676E-07
   3.35400   -0.360581E-07
   3.35600   -0.340567E-07
   3.35800   -0.322286E-07
   3.36000   -0.305471E-07
   3.36200   -0.289929E-07
   3.36400   -0.275575E-07
   3.36600   -0.262401E-07
   3.36800   -0.250480E-07
   3.37000   -0.239924E-07
   3.37200   -0.230867E-07
   3.37400   -0.223423E-07
   3.37600   -0.217654E-07
   3.37800   -0.213550E-07
   3.38000   -0.211011E-07
   3.38200   -0.209849E-07
   3.38400   -0.209799E-07
   3.38600   -0.210541E-07
   3.38800   -0.211729E-07
   3.39000   -0.213021E-07
   3.39200   -0.214106E-07
   3.39400   -0.214726E-07
   3.39600   -0.214681E-07
   3.39800   -0.213837E-07
   3.40000   -0.212116E-07
   3.40200   -0.209483E-07
   3.40400   -0.205937E-07
   3.40600   -0.201500E-07
   3.40800   -0.196214E-07
   3.41000   -0.190149E-07
   3.41200   -0.183411E-07
   3.41400   -0.176155E-07
   3.41600   -0.168594E-07
   3.41800   -0.161004E-07
   3.42000   -0.153708E-07
   3.42200   -0.147058E-07
   3.42400   -0.141393E-07
   3.42600   -0.136994E-07
   3.42800   -0.134042E-07
   3.43000   -0.132580E-07
   3.43200   -0.132498E-07
   3.43400   -0.133537E-07
   3.43600   -0.135324E-07
   3.43800   -0.137424E-07
   3.44000   -0.139407E-07
   3.44200   -0.140925E-07
   3.44400   -0.141759E-07
   3.44600   -0.141863E-07
   3.44800   -0.141365E-07
   3.45000   -0.140534E-07
   3.45200   -0.139728E-07
   3.45400   -0.139310E-07
   3.45600   -0.139577E-07
   3.45800   -0.140681E-07
   3.46000   -0.142588E-07
   3.46200   -0.145066E-07
   3.46400   -0.147707E-07
   3.46600   -0.149982E-07
   3.46800   -0.151314E-07
   3.47000   -0.151160E-07
   3.47200   -0.149085E-07
   3.47400   -0.144809E-07
   3.47600   -0.138235E-07
   3.47800   -0.129436E-07
   3.48000   -0.118616E-07
   3.48200   -0.106054E-07
   3.48400   -0.920372E-08
   3.48600   -0.767928E-08
   3.48800   -0.604368E-08
   3.49000   -0.429377E-08
   3.49200   -0.241046E-08
   3.49400   -0.359166E-09
   3.49600    0.190700E-08
   3.49800    0.444365E-08
   3.50000    0.730992E-08
   3.50200    0.105623E-07
   3.50400    0.142495E-07
   3.50600    0.184061E-07
   3.50800    0.230479E-07
   3.51000    0.281677E-07
   3.51200    0.337337E-07
   3.51400    0.396890E-07
   3.51600    0.459540E-07
   3.51800    0.524320E-07
   3.52000    0.590158E-07
   3.52200    0.655963E-07
   3.52400    0.720711E-07
   3.52600    0.783524E-07
   3.52800    0.843724E-07
   3.53000    0.900879E-07
   3.53200    0.954801E-07
   3.53400    0.100555E-06
   3.53600    0.105337E-06
   3.53800    0.109872E-06
   3.54000    0.114206E-06
   3.54200    0.118412E-06
   3.54400    0.122561E-06
   3.54600    0.126735E-06
   3.54800    0.131025E-06
   3.55000    0.135532E-06
   3.55200    0.140368E-06
   3.55400    0.145661E-06
   3.55600    0.151546E-06
   3.55800    0.158163E-06
   3.56000    0.165645E-06
   3.56200    0.174095E-06
   3.56400    0.183559E-06
   3.56600    0.193990E-06
   3.56800    0.205199E-06
   3.57000    0.216815E-06
   3.57200    0.228235E-06
   3.57400    0.238603E-06
   3.57600    0.246807E-06
   3.57800    0.251511E-06
   3.58000    0.251237E-06
   3.58200    0.244485E-06
   3.58400    0.229894E-06
   3.58600    0.206427E-06
   3.58800    0.173554E-06
   3.59000    0.131398E-06
   3.59200    0.808300E-07
   3.59400    0.234735E-07
   3.59600   -0.383845E-07
   3.59800   -0.101974E-06
   3.60000   -0.164293E-06
   3.60200   -0.222402E-06
   3.60400   -0.273702E-06
   3.60600   -0.316184E-06
   3.60800   -0.348581E-06
   3.61000   -0.370441E-06
   3.61200   -0.382081E-06
   3.61400   -0.384474E-06
   3.61600   -0.379059E-06
   3.61800   -0.367541E-06
   3.62000   -0.351687E-06
   3.62200   -0.333156E-06
   3.62400   -0.313381E-06
   3.62600   -0.293497E-06
   3.62800   -0.274328E-06
   3.63000   -0.256407E-06
   3.63200   -0.240019E-06
   3.63400   -0.225263E-06
   3.63600   -0.212108E-06
   3.63800   -0.200444E-06
   3.64000   -0.190121E-06
   3.64200   -0.180974E-06
   3.64400   -0.172844E-06
   3.64600   -0.165580E-06
   3.64800   -0.159047E-06
   3.65000   -0.153125E-06
   3.65200   -0.147710E-06
   3.65400   -0.142711E-06
   3.65600   -0.138058E-06
   3.65800   -0.133694E-06
   3.66000   -0.129583E-06
   3.66200   -0.125699E-06
   3.66400   -0.122043E-06
   3.66600   -0.118616E-06
   3.66800   -0.115429E-06
   3.67000   -0.112494E-06
   3.67200   -0.109822E-06
   3.67400   -0.107416E-06
   3.67600   -0.105267E-06
   3.67800   -0.103358E-06
   3.68000   -0.101659E-06
   3.68200   -0.100134E-06
   3.68400   -0.987385E-07
   3.68600   -0.974296E-07
   3.68800   -0.961653E-07
   3.69000   -0.949106E-07
   3.69200   -0.936388E-07
   3.69400   -0.923336E-07
   3.69600   -0.909882E-07
   3.69800   -0.896040E-07
   3.70000   -0.881888E-07
   3.70200   -0.867535E-07
   3.70400   -0.853098E-07
   3.70600   -0.838684E-07
   3.70800   -0.824375E-07
   3.71000   -0.810228E-07
   3.71200   -0.796285E-07
   3.71400   -0.782580E-07
   3.71600   -0.769158E-07
   3.71800   -0.756084E-07
   3.72000   -0.743450E-07
   3.72200   -0.731370E-07
   3.72400   -0.719967E-07
   3.72600   -0.709359E-07
   3.72800   -0.699638E-07
   3.73000   -0.690846E-07
   3.73200   -0.682966E-07
   3.73400   -0.675909E-07
   3.73600   -0.669523E-07
   3.73800   -0.663603E-07
   3.74000   -0.657913E-07
   3.74200   -0.652208E-07
   3.74400   -0.646263E-07
   3.74600   -0.639894E-07
   3.74800   -0.632980E-07
   3.75000   -0.625472E-07
   3.75200   -0.617396E-07
   3.75400   -0.608852E-07
   3.75600   -0.600002E-07
   3.75800   -0.591053E-07
   3.76000   -0.582236E-07
   3.76200   -0.573791E-07
   3.76400   -0.565934E-07
   3.76600   -0.558846E-07
   3.76800   -0.552650E-07
   3.77000   -0.547398E-07
   3.77200   -0.543070E-07
   3.77400   -0.539570E-07
   3.77600   -0.536737E-07
   3.77800   -0.534356E-07
   3.78000   -0.532180E-07
   3.78200   -0.529950E-07
   3.78400   -0.527414E-07
   3.78600   -0.524356E-07
   3.78800   -0.520603E-07
   3.79000   -0.516038E-07
   3.79200   -0.510616E-07
   3.79400   -0.504358E-07
   3.79600   -0.497349E-07
   3.79800   -0.489735E-07
   3.80000   -0.481704E-07
   3.80200   -0.473482E-07
   3.80400   -0.465314E-07
   3.80600   -0.457455E-07
   3.80800   -0.450158E-07
   3.81000   -0.443675E-07
   3.81200   -0.438247E-07
   3.81400   -0.434113E-07
   3.81600   -0.431505E-07
   3.81800   -0.430650E-07
   3.82000   -0.431758E-07
   3.82200   -0.435009E-07
   3.82400   -0.440523E-07
   3.82600   -0.448322E-07
   3.82800   -0.458294E-07
   3.83000   -0.470150E-07
   3.83200   -0.483398E-07
   3.83400   -0.497332E-07
   3.83600   -0.511053E-07
   3.83800   -0.523517E-07
   3.84000   -0.533612E-07
   3.84200   -0.540262E-07
   3.84400   -0.542533E-07
   3.84600   -0.539743E-07
   3.84800   -0.531538E-07
   3.85000   -0.517943E-07
   3.85200   -0.499361E-07
   3.85400   -0.476536E-07
   3.85600   -0.450469E-07
   3.85800   -0.422315E-07
   3.86000   -0.393265E-07
   3.86200   -0.364431E-07
   3.86400   -0.336759E-07
   3.86600   -0.310954E-07
   3.86800   -0.287452E-07
   3.87000   -0.266410E-07
   3.87200   -0.247731E-07
   3.87400   -0.231105E-07
   3.87600   -0.216063E-07
   3.87800   -0.202039E-07
   3.88000   -0.188428E-07
   3.88200   -0.174639E-07
   3.88400   -0.160148E-07
   3.88600   -0.144525E-07
   3.88800   -0.127463E-07
   3.89000   -0.108789E-07
   3.89200   -0.884610E-08
   3.89400   -0.665654E-08
   3.89600   -0.432983E-08
   3.89800   -0.189481E-08
   3.90000    0.612765E-09
   3.90200    0.315232E-08
   3.90400    0.568079E-08
   3.90600    0.815445E-08
   3.90800    0.105311E-07
   3.91000    0.127710E-07
   3.91200    0.148384E-07
   3.91400    0.167030E-07
   3.91600    0.183399E-07
   3.91800    0.197302E-07
   3.92000    0.208611E-07
   3.92200    0.217256E-07
   3.92400    0.223223E-07
   3.92600    0.226545E-07
   3.92800    0.227299E-07
   3.93000    0.225604E-07
   3.93200    0.221613E-07
   3.93400    0.215517E-07
   3.93600    0.207536E-07
   3.93800    0.197922E-07
   3.94000    0.186950E-07
   3.94200    0.174912E-07
   3.94400    0.162102E-07
   3.94600    0.148802E-07
   3.94800    0.135267E-07
   3.95000    0.121708E-07
   3.95200    0.108277E-07
   3.95400    0.950656E-08
   3.95600    0.821047E-08
   3.95800    0.693763E-08
   3.96000    0.568352E-08
   3.96200    0.444341E-08
   3.96400    0.321525E-08
   3.96600    0.200231E-08
   3.96800    0.814756E-09
   3.97000   -0.329720E-09
   3.97200   -0.140679E-08
   3.97400   -0.238765E-08
   3.97600   -0.324234E-08
   3.97800   -0.394328E-08
   3.98000   -0.446899E-08
   3.98200   -0.480699E-08
   3.98400   -0.495554E-08
   3.98600   -0.492399E-08
   3.98800   -0.473176E-08
   3.99000   -0.440632E-08
   3.99200   -0.398033E-08
   3.99400   -0.348856E-08
   3.99600   -0.296496E-08
   3.99800   -0.244026E-08
   4.00000   -0.194011E-08
