   0.00000    0.000000E+00
   0.00200    0.000000E+00
   0.00400    0.000000E+00
   0.00600    0.000000E+00
   0.00800    0.000000E+00
   0.01000    0.000000E+00
   0.01200    0.000000E+00
   0.01400    0.000000E+00
   0.01600    0.000000E+00
   0.01800    0.000000E+00
   0.02000    0.000000E+00
   0.02200    0.000000E+00
   0.02400    0.000000E+00
   0.02600   -0.736764E-11
   0.02800   -0.216278E-10
   0.03000   -0.465639E-10
   0.03200   -0.934923E-10
   0.03400   -0.182175E-09
   0.03600   -0.345784E-09
   0.03800   -0.640080E-09
   0.04000   -0.115606E-08
   0.04200   -0.203778E-08
   0.04400   -0.350584E-08
   0.04600   -0.588690E-08
   0.04800   -0.964799E-08
   0.05000   -0.154327E-07
   0.05200   -0.240943E-07
   0.05400   -0.367167E-07
   0.05600   -0.546131E-07
   0.05800   -0.792904E-07
   0.06000   -0.112368E-06
   0.06200   -0.155443E-06
   0.06400   -0.209903E-06
   0.06600   -0.276687E-06
   0.06800   -0.356037E-06
   0.07000   -0.447248E-06
   0.07200   -0.548479E-06
   0.07400   -0.656661E-06
   0.07600   -0.767547E-06
   0.07800   -0.875919E-06
   0.08000   -0.975961E-06
   0.08200   -0.106175E-05
   0.08400   -0.112784E-05
   0.08600   -0.116983E-05
   0.08800   -0.118482E-05
   0.09000   -0.117178E-05
   0.09200   -0.113163E-05
   0.09400   -0.106714E-05
   0.09600   -0.982607E-06
   0.09800   -0.883374E-06
   0.10000   -0.775272E-06
   0.10200   -0.664065E-06
   0.10400   -0.554960E-06
   0.10600   -0.452244E-06
   0.10800   -0.359077E-06
   0.11000   -0.277434E-06
   0.11200   -0.208179E-06
   0.11400   -0.151237E-06
   0.11600   -0.105815E-06
   0.11800   -0.706421E-07
   0.12000   -0.441908E-07
   0.12200   -0.248589E-07
   0.12400   -0.111090E-07
   0.12600   -0.155794E-08
   0.12800    0.497474E-08
   0.13000    0.945040E-08
   0.13200    0.126179E-07
   0.13400    0.150339E-07
   0.13600    0.170894E-07
   0.13800    0.190384E-07
   0.14000    0.210251E-07
   0.14200    0.231090E-07
   0.14400    0.252871E-07
   0.14600    0.275128E-07
   0.14800    0.297170E-07
   0.15000    0.318091E-07
   0.15200    0.337050E-07
   0.15400    0.353329E-07
   0.15600    0.366365E-07
   0.15800    0.375797E-07
   0.16000    0.381490E-07
   0.16200    0.383531E-07
   0.16400    0.382200E-07
   0.16600    0.377927E-07
   0.16800    0.371251E-07
   0.17000    0.362765E-07
   0.17200    0.353080E-07
   0.17400    0.342789E-07
   0.17600    0.332435E-07
   0.17800    0.322491E-07
   0.18000    0.313359E-07
   0.18200    0.305358E-07
   0.18400    0.298729E-07
   0.18600    0.293646E-07
   0.18800    0.290218E-07
   0.19000    0.288495E-07
   0.19200    0.288474E-07
   0.19400    0.290100E-07
   0.19600    0.293270E-07
   0.19800    0.297829E-07
   0.20000    0.303571E-07
   0.20200    0.310237E-07
   0.20400    0.317518E-07
   0.20600    0.325060E-07
   0.20800    0.332473E-07
   0.21000    0.339342E-07
   0.21200    0.345253E-07
   0.21400    0.349810E-07
   0.21600    0.352669E-07
   0.21800    0.353561E-07
   0.22000    0.352324E-07
   0.22200    0.348920E-07
   0.22400    0.343451E-07
   0.22600    0.336154E-07
   0.22800    0.327395E-07
   0.23000    0.317638E-07
   0.23200    0.307416E-07
   0.23400    0.297284E-07
   0.23600    0.287782E-07
   0.23800    0.279391E-07
   0.24000    0.272507E-07
   0.24200    0.267416E-07
   0.24400    0.264283E-07
   0.24600    0.263155E-07
   0.24800    0.263970E-07
   0.25000    0.266565E-07
   0.25200    0.270696E-07
   0.25400    0.276054E-07
   0.25600    0.282279E-07
   0.25800    0.288972E-07
   0.26000    0.295716E-07
   0.26200    0.302084E-07
   0.26400    0.307663E-07
   0.26600    0.312074E-07
   0.26800    0.314997E-07
   0.27000    0.316192E-07
   0.27200    0.315530E-07
   0.27400    0.313004E-07
   0.27600    0.308742E-07
   0.27800    0.303003E-07
   0.28000    0.296164E-07
   0.28200    0.288696E-07
   0.28400    0.281127E-07
   0.28600    0.274000E-07
   0.28800    0.267833E-07
   0.29000    0.263079E-07
   0.29200    0.260088E-07
   0.29400    0.259088E-07
   0.29600    0.260169E-07
   0.29800    0.263273E-07
   0.30000    0.268207E-07
   0.30200    0.274651E-07
   0.30400    0.282181E-07
   0.30600    0.290294E-07
   0.30800    0.298446E-07
   0.31000    0.306083E-07
   0.31200    0.312683E-07
   0.31400    0.317792E-07
   0.31600    0.321064E-07
   0.31800    0.322287E-07
   0.32000    0.321401E-07
   0.32200    0.318509E-07
   0.32400    0.313867E-07
   0.32600    0.307867E-07
   0.32800    0.301003E-07
   0.33000    0.293833E-07
   0.33200    0.286936E-07
   0.33400    0.280868E-07
   0.33600    0.276120E-07
   0.33800    0.273087E-07
   0.34000    0.272042E-07
   0.34200    0.273115E-07
   0.34400    0.276288E-07
   0.34600    0.281396E-07
   0.34800    0.288134E-07
   0.35000    0.296079E-07
   0.35200    0.304713E-07
   0.35400    0.313464E-07
   0.35600    0.321741E-07
   0.35800    0.328987E-07
   0.36000    0.334716E-07
   0.36200    0.338560E-07
   0.36400    0.340299E-07
   0.36600    0.339881E-07
   0.36800    0.337427E-07
   0.37000    0.333220E-07
   0.37200    0.327685E-07
   0.37400    0.321348E-07
   0.37600    0.314797E-07
   0.37800    0.308636E-07
   0.38000    0.303436E-07
   0.38200    0.299693E-07
   0.38400    0.297790E-07
   0.38600    0.297967E-07
   0.38800    0.300298E-07
   0.39000    0.304679E-07
   0.39200    0.310833E-07
   0.39400    0.318322E-07
   0.39600    0.326581E-07
   0.39800    0.334960E-07
   0.40000    0.342781E-07
   0.40200    0.349402E-07
   0.40400    0.354277E-07
   0.40600    0.357016E-07
   0.40800    0.357422E-07
   0.41000    0.355513E-07
   0.41200    0.351519E-07
   0.41400    0.345856E-07
   0.41600    0.339084E-07
   0.41800    0.331844E-07
   0.42000    0.324800E-07
   0.42200    0.318575E-07
   0.42400    0.313697E-07
   0.42600    0.310560E-07
   0.42800    0.309398E-07
   0.43000    0.310272E-07
   0.43200    0.313075E-07
   0.43400    0.317546E-07
   0.43600    0.323301E-07
   0.43800    0.329861E-07
   0.44000    0.336697E-07
   0.44200    0.343273E-07
   0.44400    0.349089E-07
   0.44600    0.353721E-07
   0.44800    0.356850E-07
   0.45000    0.358285E-07
   0.45200    0.357973E-07
   0.45400    0.355989E-07
   0.45600    0.352527E-07
   0.45800    0.347875E-07
   0.46000    0.342390E-07
   0.46200    0.336475E-07
   0.46400    0.330551E-07
   0.46600    0.325042E-07
   0.46800    0.320345E-07
   0.47000    0.316821E-07
   0.47200    0.314762E-07
   0.47400    0.314376E-07
   0.47600    0.315756E-07
   0.47800    0.318862E-07
   0.48000    0.323502E-07
   0.48200    0.329335E-07
   0.48400    0.335881E-07
   0.48600    0.342553E-07
   0.48800    0.348707E-07
   0.49000    0.353700E-07
   0.49200    0.356962E-07
   0.49400    0.358056E-07
   0.49600    0.356730E-07
   0.49800    0.352954E-07
   0.50000    0.346931E-07
   0.50200    0.339075E-07
   0.50400    0.329981E-07
   0.50600    0.320364E-07
   0.50800    0.310988E-07
   0.51000    0.302596E-07
   0.51200    0.295834E-07
   0.51400    0.291196E-07
   0.51600    0.288975E-07
   0.51800    0.289238E-07
   0.52000    0.291824E-07
   0.52200    0.296359E-07
   0.52400    0.302293E-07
   0.52600    0.308951E-07
   0.52800    0.315595E-07
   0.53000    0.321489E-07
   0.53200    0.325966E-07
   0.53400    0.328480E-07
   0.53600    0.328657E-07
   0.53800    0.326316E-07
   0.54000    0.321489E-07
   0.54200    0.314403E-07
   0.54400    0.305469E-07
   0.54600    0.295233E-07
   0.54800    0.284342E-07
   0.55000    0.273477E-07
   0.55200    0.263306E-07
   0.55400    0.254424E-07
   0.55600    0.247304E-07
   0.55800    0.242253E-07
   0.56000    0.239389E-07
   0.56200    0.238614E-07
   0.56400    0.239628E-07
   0.56600    0.241953E-07
   0.56800    0.244957E-07
   0.57000    0.247926E-07
   0.57200    0.250116E-07
   0.57400    0.250797E-07
   0.57600    0.249356E-07
   0.57800    0.245306E-07
   0.58000    0.238343E-07
   0.58200    0.228344E-07
   0.58400    0.215368E-07
   0.58600    0.199622E-07
   0.58800    0.181424E-07
   0.59000    0.161153E-07
   0.59200    0.139203E-07
   0.59400    0.115947E-07
   0.59600    0.917107E-08
   0.59800    0.667804E-08
   0.60000    0.414208E-08
   0.60200    0.159219E-08
   0.60400   -0.934524E-09
   0.60600   -0.338728E-08
   0.60800   -0.569762E-08
   0.61000   -0.777866E-08
   0.61200   -0.952834E-08
   0.61400   -0.108382E-07
   0.61600   -0.116057E-07
   0.61800   -0.117502E-07
   0.62000   -0.112282E-07
   0.62200   -0.100459E-07
   0.62400   -0.826580E-08
   0.62600   -0.600455E-08
   0.62800   -0.342215E-08
   0.63000   -0.703379E-09
   0.63200    0.196579E-08
   0.63400    0.442231E-08
   0.63600    0.654648E-08
   0.63800    0.827495E-08
   0.64000    0.960384E-08
   0.64200    0.105821E-07
   0.64400    0.112964E-07
   0.64600    0.118518E-07
   0.64800    0.123505E-07
   0.65000    0.128750E-07
   0.65200    0.134758E-07
   0.65400    0.141672E-07
   0.65600    0.149295E-07
   0.65800    0.157175E-07
   0.66000    0.164718E-07
   0.66200    0.171309E-07
   0.66400    0.176427E-07
   0.66600    0.179718E-07
   0.66800    0.181047E-07
   0.67000    0.180500E-07
   0.67200    0.178364E-07
   0.67400    0.175074E-07
   0.67600    0.171155E-07
   0.67800    0.167156E-07
   0.68000    0.163584E-07
   0.68200    0.160849E-07
   0.68400    0.159233E-07
   0.68600    0.158853E-07
   0.68800    0.159654E-07
   0.69000    0.161432E-07
   0.69200    0.163841E-07
   0.69400    0.166451E-07
   0.69600    0.168797E-07
   0.69800    0.170408E-07
   0.70000    0.170891E-07
   0.70200    0.169963E-07
   0.70400    0.167489E-07
   0.70600    0.163495E-07
   0.70800    0.158174E-07
   0.71000    0.151864E-07
   0.71200    0.145008E-07
   0.71400    0.138112E-07
   0.71600    0.131687E-07
   0.71800    0.126202E-07
   0.72000    0.122028E-07
   0.72200    0.119407E-07
   0.72400    0.118430E-07
   0.72600    0.119030E-07
   0.72800    0.120997E-07
   0.73000    0.123999E-07
   0.73200    0.127621E-07
   0.73400    0.131407E-07
   0.73600    0.134903E-07
   0.73800    0.137700E-07
   0.74000    0.139467E-07
   0.74200    0.139977E-07
   0.74400    0.139119E-07
   0.74600    0.136906E-07
   0.74800    0.133463E-07
   0.75000    0.129017E-07
   0.75200    0.123877E-07
   0.75400    0.118406E-07
   0.75600    0.112999E-07
   0.75800    0.108046E-07
   0.76000    0.103906E-07
   0.76200    0.100874E-07
   0.76400    0.991499E-08
   0.76600    0.988171E-08
   0.76800    0.998278E-08
   0.77000    0.102000E-07
   0.77200    0.105027E-07
   0.77400    0.108506E-07
   0.77600    0.111973E-07
   0.77800    0.114953E-07
   0.78000    0.117012E-07
   0.78200    0.117804E-07
   0.78400    0.117114E-07
   0.78600    0.114888E-07
   0.78800    0.111240E-07
   0.79000    0.106446E-07
   0.79200    0.100920E-07
   0.79400    0.951717E-08
   0.79600    0.897506E-08
   0.79800    0.851885E-08
   0.80000    0.819374E-08
   0.80200    0.803148E-08
   0.80400    0.804621E-08
   0.80600    0.823204E-08
   0.80800    0.856291E-08
   0.81000    0.899477E-08
   0.81200    0.947001E-08
   0.81400    0.992360E-08
   0.81600    0.102903E-07
   0.81800    0.105121E-07
   0.82000    0.105449E-07
   0.82200    0.103636E-07
   0.82400    0.996535E-08
   0.82600    0.936992E-08
   0.82800    0.861796E-08
   0.83000    0.776683E-08
   0.83200    0.688469E-08
   0.83400    0.604356E-08
   0.83600    0.531192E-08
   0.83800    0.474785E-08
   0.84000    0.439315E-08
   0.84200    0.426912E-08
   0.84400    0.437451E-08
   0.84600    0.468582E-08
   0.84800    0.515993E-08
   0.85000    0.573871E-08
   0.85200    0.635526E-08
   0.85400    0.694085E-08
   0.85600    0.743194E-08
   0.85800    0.777645E-08
   0.86000    0.793847E-08
   0.86200    0.790114E-08
   0.86400    0.766738E-08
   0.86600    0.725845E-08
   0.86800    0.671085E-08
   0.87000    0.607178E-08
   0.87200    0.539375E-08
   0.87400    0.472908E-08
   0.87600    0.412465E-08
   0.87800    0.361744E-08
   0.88000    0.323130E-08
   0.88200    0.297509E-08
   0.88400    0.284250E-08
   0.88600    0.281359E-08
   0.88800    0.285768E-08
   0.89000    0.293749E-08
   0.89200    0.301385E-08
   0.89400    0.305065E-08
   0.89600    0.301916E-08
   0.89800    0.290145E-08
   0.90000    0.269233E-08
   0.90200    0.239964E-08
   0.90400    0.204299E-08
   0.90600    0.165108E-08
   0.90800    0.125792E-08
   0.91000    0.898487E-09
   0.91200    0.604369E-09
   0.91400    0.399792E-09
   0.91600    0.298478E-09
   0.91800    0.301741E-09
   0.92000    0.397969E-09
   0.92200    0.563571E-09
   0.92400    0.765351E-09
   0.92600    0.964017E-09
   0.92800    0.111847E-08
   0.93000    0.119035E-08
   0.93200    0.114835E-08
   0.93400    0.971845E-09
   0.93600    0.653248E-09
   0.93800    0.199079E-09
   0.94000   -0.370567E-09
   0.94200   -0.102394E-08
   0.94400   -0.172085E-08
   0.94600   -0.241679E-08
   0.94800   -0.306736E-08
   0.95000   -0.363286E-08
   0.95200   -0.408244E-08
   0.95400   -0.439730E-08
   0.95600   -0.457258E-08
   0.95800   -0.461784E-08
   0.96000   -0.455593E-08
   0.96200   -0.442009E-08
   0.96400   -0.424992E-08
   0.96600   -0.408656E-08
   0.96800   -0.396759E-08
   0.97000   -0.392236E-08
   0.97200   -0.396848E-08
   0.97400   -0.410972E-08
   0.97600   -0.433583E-08
   0.97800   -0.462407E-08
   0.98000   -0.494247E-08
   0.98200   -0.525423E-08
   0.98400   -0.552276E-08
   0.98600   -0.571683E-08
   0.98800   -0.581505E-08
   0.99000   -0.580931E-08
   0.99200   -0.570656E-08
   0.99400   -0.552873E-08
   0.99600   -0.531079E-08
   0.99800   -0.509688E-08
   1.00000   -0.493517E-08
   1.00200   -0.487176E-08
   1.00400   -0.494460E-08
   1.00600   -0.517817E-08
   1.00800   -0.557956E-08
   1.01000   -0.613667E-08
   1.01200   -0.681860E-08
   1.01400   -0.757858E-08
   1.01600   -0.835884E-08
   1.01800   -0.909685E-08
   1.02000   -0.973225E-08
   1.02200   -0.102136E-07
   1.02400   -0.105043E-07
   1.02600   -0.105863E-07
   1.02800   -0.104624E-07
   1.03000   -0.101558E-07
   1.03200   -0.970725E-08
   1.03400   -0.917087E-08
   1.03600   -0.860786E-08
   1.03800   -0.808008E-08
   1.04000   -0.764359E-08
   1.04200   -0.734301E-08
   1.04400   -0.720736E-08
   1.04600   -0.724782E-08
   1.04800   -0.745748E-08
   1.05000   -0.781309E-08
   1.05200   -0.827856E-08
   1.05400   -0.880956E-08
   1.05600   -0.935880E-08
   1.05800   -0.988146E-08
   1.06000   -0.103400E-07
   1.06200   -0.107079E-07
   1.06400   -0.109723E-07
   1.06600   -0.111344E-07
   1.06800   -0.112091E-07
   1.07000   -0.112217E-07
   1.07200   -0.112049E-07
   1.07400   -0.111932E-07
   1.07600   -0.112188E-07
   1.07800   -0.113065E-07
   1.08000   -0.114704E-07
   1.08200   -0.117122E-07
   1.08400   -0.120202E-07
   1.08600   -0.123722E-07
   1.08800   -0.127377E-07
   1.09000   -0.130831E-07
   1.09200   -0.133767E-07
   1.09400   -0.135934E-07
   1.09600   -0.137188E-07
   1.09800   -0.137516E-07
   1.10000   -0.137046E-07
   1.10200   -0.136030E-07
   1.10400   -0.134814E-07
   1.10600   -0.133792E-07
   1.10800   -0.133352E-07
   1.11000   -0.133822E-07
   1.11200   -0.135422E-07
   1.11400   -0.138228E-07
   1.11600   -0.142160E-07
   1.11800   -0.146984E-07
   1.12000   -0.152340E-07
   1.12200   -0.157781E-07
   1.12400   -0.162832E-07
   1.12600   -0.167043E-07
   1.12800   -0.170050E-07
   1.13000   -0.171617E-07
   1.13200   -0.171667E-07
   1.13400   -0.170290E-07
   1.13600   -0.167733E-07
   1.13800   -0.164366E-07
   1.14000   -0.160638E-07
   1.14200   -0.157018E-07
   1.14400   -0.153937E-07
   1.14600   -0.151738E-07
   1.14800   -0.150635E-07
   1.15000   -0.150693E-07
   1.15200   -0.151832E-07
   1.15400   -0.153840E-07
   1.15600   -0.156417E-07
   1.15800   -0.159217E-07
   1.16000   -0.161905E-07
   1.16200   -0.164200E-07
   1.16400   -0.165917E-07
   1.16600   -0.166984E-07
   1.16800   -0.167452E-07
   1.17000   -0.167475E-07
   1.17200   -0.167284E-07
   1.17400   -0.167145E-07
   1.17600   -0.167317E-07
   1.17800   -0.168007E-07
   1.18000   -0.169340E-07
   1.18200   -0.171337E-07
   1.18400   -0.173909E-07
   1.18600   -0.176876E-07
   1.18800   -0.179986E-07
   1.19000   -0.182954E-07
   1.19200   -0.185502E-07
   1.19400   -0.187403E-07
   1.19600   -0.188509E-07
   1.19800   -0.188776E-07
   1.20000   -0.188277E-07
   1.20200   -0.187186E-07
   1.20400   -0.185768E-07
   1.20600   -0.184336E-07
   1.20800   -0.183215E-07
   1.21000   -0.182702E-07
   1.21200   -0.183019E-07
   1.21400   -0.184293E-07
   1.21600   -0.186534E-07
   1.21800   -0.189636E-07
   1.22000   -0.193393E-07
   1.22200   -0.197530E-07
   1.22400   -0.201741E-07
   1.22600   -0.205726E-07
   1.22800   -0.209239E-07
   1.23000   -0.212112E-07
   1.23200   -0.214274E-07
   1.23400   -0.215756E-07
   1.23600   -0.216675E-07
   1.23800   -0.217211E-07
   1.24000   -0.217565E-07
   1.24200   -0.217925E-07
   1.24400   -0.218431E-07
   1.24600   -0.219145E-07
   1.24800   -0.220038E-07
   1.25000   -0.220996E-07
   1.25200   -0.221833E-07
   1.25400   -0.222325E-07
   1.25600   -0.222251E-07
   1.25800   -0.221429E-07
   1.26000   -0.219753E-07
   1.26200   -0.217222E-07
   1.26400   -0.213948E-07
   1.26600   -0.210150E-07
   1.26800   -0.206131E-07
   1.27000   -0.202243E-07
   1.27200   -0.198838E-07
   1.27400   -0.196229E-07
   1.27600   -0.194646E-07
   1.27800   -0.194205E-07
   1.28000   -0.194899E-07
   1.28200   -0.196603E-07
   1.28400   -0.199094E-07
   1.28600   -0.202088E-07
   1.28800   -0.205283E-07
   1.29000   -0.208401E-07
   1.29200   -0.211231E-07
   1.29400   -0.213645E-07
   1.29600   -0.215616E-07
   1.29800   -0.217204E-07
   1.30000   -0.218540E-07
   1.30200   -0.219787E-07
   1.30400   -0.221108E-07
   1.30600   -0.222627E-07
   1.30800   -0.224406E-07
   1.31000   -0.226426E-07
   1.31200   -0.228592E-07
   1.31400   -0.230747E-07
   1.31600   -0.232700E-07
   1.31800   -0.234258E-07
   1.32000   -0.235261E-07
   1.32200   -0.235613E-07
   1.32400   -0.235297E-07
   1.32600   -0.234385E-07
   1.32800   -0.233023E-07
   1.33000   -0.231410E-07
   1.33200   -0.229767E-07
   1.33400   -0.228298E-07
   1.33600   -0.227160E-07
   1.33800   -0.226432E-07
   1.34000   -0.226111E-07
   1.34200   -0.226110E-07
   1.34400   -0.226280E-07
   1.34600   -0.226438E-07
   1.34800   -0.226410E-07
   1.35000   -0.226065E-07
   1.35200   -0.225350E-07
   1.35400   -0.224306E-07
   1.35600   -0.223072E-07
   1.35800   -0.221868E-07
   1.36000   -0.220962E-07
   1.36200   -0.220628E-07
   1.36400   -0.221096E-07
   1.36600   -0.222511E-07
   1.36800   -0.224897E-07
   1.37000   -0.228148E-07
   1.37200   -0.232029E-07
   1.37400   -0.236207E-07
   1.37600   -0.240290E-07
   1.37800   -0.243884E-07
   1.38000   -0.246648E-07
   1.38200   -0.248336E-07
   1.38400   -0.248837E-07
   1.38600   -0.248181E-07
   1.38800   -0.246530E-07
   1.39000   -0.244152E-07
   1.39200   -0.241376E-07
   1.39400   -0.238545E-07
   1.39600   -0.235961E-07
   1.39800   -0.233855E-07
   1.40000   -0.232359E-07
   1.40200   -0.231506E-07
   1.40400   -0.231239E-07
   1.40600   -0.231440E-07
   1.40800   -0.231967E-07
   1.41000   -0.232686E-07
   1.41200   -0.233503E-07
   1.41400   -0.234380E-07
   1.41600   -0.235338E-07
   1.41800   -0.236441E-07
   1.42000   -0.237775E-07
   1.42200   -0.239418E-07
   1.42400   -0.241403E-07
   1.42600   -0.243705E-07
   1.42800   -0.246225E-07
   1.43000   -0.248793E-07
   1.43200   -0.251195E-07
   1.43400   -0.253195E-07
   1.43600   -0.254579E-07
   1.43800   -0.255185E-07
   1.44000   -0.254935E-07
   1.44200   -0.253847E-07
   1.44400   -0.252038E-07
   1.44600   -0.249705E-07
   1.44800   -0.247101E-07
   1.45000   -0.244498E-07
   1.45200   -0.242150E-07
   1.45400   -0.240268E-07
   1.45600   -0.238989E-07
   1.45800   -0.238377E-07
   1.46000   -0.238420E-07
   1.46200   -0.239043E-07
   1.46400   -0.240133E-07
   1.46600   -0.241556E-07
   1.46800   -0.243178E-07
   1.47000   -0.244877E-07
   1.47200   -0.246548E-07
   1.47400   -0.248101E-07
   1.47600   -0.249454E-07
   1.47800   -0.250526E-07
   1.48000   -0.251227E-07
   1.48200   -0.251464E-07
   1.48400   -0.251141E-07
   1.48600   -0.250178E-07
   1.48800   -0.248524E-07
   1.49000   -0.246180E-07
   1.49200   -0.243211E-07
   1.49400   -0.239754E-07
   1.49600   -0.236011E-07
   1.49800   -0.232235E-07
   1.50000   -0.228700E-07
   1.50200   -0.225669E-07
   1.50400   -0.223360E-07
   1.50600   -0.221916E-07
   1.50800   -0.221382E-07
   1.51000   -0.221706E-07
   1.51200   -0.222743E-07
   1.51400   -0.224275E-07
   1.51600   -0.226046E-07
   1.51800   -0.227789E-07
   1.52000   -0.229262E-07
   1.52200   -0.230268E-07
   1.52400   -0.230675E-07
   1.52600   -0.230410E-07
   1.52800   -0.229463E-07
   1.53000   -0.227869E-07
   1.53200   -0.225696E-07
   1.53400   -0.223028E-07
   1.53600   -0.219957E-07
   1.53800   -0.216573E-07
   1.54000   -0.212967E-07
   1.54200   -0.209224E-07
   1.54400   -0.205433E-07
   1.54600   -0.201680E-07
   1.54800   -0.198050E-07
   1.55000   -0.194617E-07
   1.55200   -0.191439E-07
   1.55400   -0.188550E-07
   1.55600   -0.185950E-07
   1.55800   -0.183604E-07
   1.56000   -0.181445E-07
   1.56200   -0.179383E-07
   1.56400   -0.177317E-07
   1.56600   -0.175152E-07
   1.56800   -0.172817E-07
   1.57000   -0.170271E-07
   1.57200   -0.167515E-07
   1.57400   -0.164587E-07
   1.57600   -0.161551E-07
   1.57800   -0.158487E-07
   1.58000   -0.155471E-07
   1.58200   -0.152559E-07
   1.58400   -0.149778E-07
   1.58600   -0.147122E-07
   1.58800   -0.144552E-07
   1.59000   -0.142012E-07
   1.59200   -0.139439E-07
   1.59400   -0.136783E-07
   1.59600   -0.134019E-07
   1.59800   -0.131157E-07
   1.60000   -0.128245E-07
   1.60200   -0.125362E-07
   1.60400   -0.122609E-07
   1.60600   -0.120091E-07
   1.60800   -0.117905E-07
   1.61000   -0.116123E-07
   1.61200   -0.114784E-07
   1.61400   -0.113892E-07
   1.61600   -0.113411E-07
   1.61800   -0.113279E-07
   1.62000   -0.113411E-07
   1.62200   -0.113709E-07
   1.62400   -0.114075E-07
   1.62600   -0.114418E-07
   1.62800   -0.114655E-07
   1.63000   -0.114722E-07
   1.63200   -0.114574E-07
   1.63400   -0.114186E-07
   1.63600   -0.113555E-07
   1.63800   -0.112702E-07
   1.64000   -0.111669E-07
   1.64200   -0.110513E-07
   1.64400   -0.109305E-07
   1.64600   -0.108119E-07
   1.64800   -0.107023E-07
   1.65000   -0.106071E-07
   1.65200   -0.105294E-07
   1.65400   -0.104698E-07
   1.65600   -0.104265E-07
   1.65800   -0.103954E-07
   1.66000   -0.103716E-07
   1.66200   -0.103499E-07
   1.66400   -0.103260E-07
   1.66600   -0.102973E-07
   1.66800   -0.102630E-07
   1.67000   -0.102243E-07
   1.67200   -0.101834E-07
   1.67400   -0.101433E-07
   1.67600   -0.101062E-07
   1.67800   -0.100736E-07
   1.68000   -0.100456E-07
   1.68200   -0.100212E-07
   1.68400   -0.999849E-08
   1.68600   -0.997583E-08
   1.68800   -0.995211E-08
   1.69000   -0.992745E-08
   1.69200   -0.990333E-08
   1.69400   -0.988231E-08
   1.69600   -0.986750E-08
   1.69800   -0.986173E-08
   1.70000   -0.986669E-08
   1.70200   -0.988238E-08
   1.70400   -0.990673E-08
   1.70600   -0.993577E-08
   1.70800   -0.996406E-08
   1.71000   -0.998550E-08
   1.71200   -0.999417E-08
   1.71400   -0.998521E-08
   1.71600   -0.995547E-08
   1.71800   -0.990395E-08
   1.72000   -0.983189E-08
   1.72200   -0.974267E-08
   1.72400   -0.964145E-08
   1.72600   -0.953468E-08
   1.72800   -0.942958E-08
   1.73000   -0.933350E-08
   1.73200   -0.925334E-08
   1.73400   -0.919495E-08
   1.73600   -0.916255E-08
   1.73800   -0.915828E-08
   1.74000   -0.918188E-08
   1.74200   -0.923057E-08
   1.74400   -0.929906E-08
   1.74600   -0.938000E-08
   1.74800   -0.946444E-08
   1.75000   -0.954264E-08
   1.75200   -0.960483E-08
   1.75400   -0.964209E-08
   1.75600   -0.964706E-08
   1.75800   -0.961463E-08
   1.76000   -0.954231E-08
   1.76200   -0.943050E-08
   1.76400   -0.928252E-08
   1.76600   -0.910438E-08
   1.76800   -0.890439E-08
   1.77000   -0.869248E-08
   1.77200   -0.847944E-08
   1.77400   -0.827593E-08
   1.77600   -0.809152E-08
   1.77800   -0.793379E-08
   1.78000   -0.780749E-08
   1.78200   -0.771416E-08
   1.78400   -0.765196E-08
   1.78600   -0.761595E-08
   1.78800   -0.759872E-08
   1.79000   -0.759124E-08
   1.79200   -0.758393E-08
   1.79400   -0.756767E-08
   1.79600   -0.753475E-08
   1.79800   -0.747953E-08
   1.80000   -0.739892E-08
   1.80200   -0.729246E-08
   1.80400   -0.716218E-08
   1.80600   -0.701226E-08
   1.80800   -0.684838E-08
   1.81000   -0.667709E-08
   1.81200   -0.650504E-08
   1.81400   -0.633830E-08
   1.81600   -0.618172E-08
   1.81800   -0.603847E-08
   1.82000   -0.590980E-08
   1.82200   -0.579502E-08
   1.82400   -0.569170E-08
   1.82600   -0.559615E-08
   1.82800   -0.550396E-08
   1.83000   -0.541061E-08
   1.83200   -0.531209E-08
   1.83400   -0.520530E-08
   1.83600   -0.508836E-08
   1.83800   -0.496064E-08
   1.84000   -0.482256E-08
   1.84200   -0.467532E-08
   1.84400   -0.452042E-08
   1.84600   -0.435930E-08
   1.84800   -0.419296E-08
   1.85000   -0.402175E-08
   1.85200   -0.384540E-08
   1.85400   -0.366315E-08
   1.85600   -0.347409E-08
   1.85800   -0.327751E-08
   1.86000   -0.307339E-08
   1.86200   -0.286267E-08
   1.86400   -0.264747E-08
   1.86600   -0.243096E-08
   1.86800   -0.221728E-08
   1.87000   -0.201123E-08
   1.87200   -0.181768E-08
   1.87400   -0.164120E-08
   1.87600   -0.148573E-08
   1.87800   -0.135432E-08
   1.88000   -0.124909E-08
   1.88200   -0.117120E-08
   1.88400   -0.112108E-08
   1.88600   -0.109846E-08
   1.88800   -0.110226E-08
   1.89000   -0.113036E-08
   1.89200   -0.117904E-08
   1.89400   -0.124185E-08
   1.89600   -0.130947E-08
   1.89800   -0.136777E-08
   1.90000   -0.139667E-08
   1.90200   -0.137052E-08
   1.90400   -0.125748E-08
   1.90600   -0.102076E-08
   1.90800   -0.620456E-09
   1.91000   -0.165672E-10
   1.91200    0.827158E-09
   1.91400    0.193878E-08
   1.91600    0.333364E-08
   1.91800    0.500999E-08
   1.92000    0.694558E-08
   1.92200    0.909550E-08
   1.92400    0.113912E-07
   1.92600    0.137408E-07
   1.92800    0.160312E-07
   1.93000    0.181309E-07
   1.93200    0.198946E-07
   1.93400    0.211688E-07
   1.93600    0.217994E-07
   1.93800    0.216411E-07
   1.94000    0.205690E-07
   1.94200    0.184911E-07
   1.94400    0.153618E-07
   1.94600    0.111932E-07
   1.94800    0.606347E-08
   1.95000    0.119271E-09
   1.95200   -0.642852E-08
   1.95400   -0.133172E-07
   1.95600   -0.202512E-07
   1.95800   -0.269260E-07
   1.96000   -0.330540E-07
   1.96200   -0.383881E-07
   1.96400   -0.427411E-07
   1.96600   -0.459974E-07
   1.96800   -0.481161E-07
   1.97000   -0.491261E-07
   1.97200   -0.491155E-07
   1.97400   -0.482156E-07
   1.97600   -0.465848E-07
   1.97800   -0.443920E-07
   1.98000   -0.418032E-07
   1.98200   -0.389721E-07
   1.98400   -0.360333E-07
   1.98600   -0.330989E-07
   1.98800   -0.302578E-07
   1.99000   -0.275758E-07
   1.99200   -0.250974E-07
   1.99400   -0.228473E-07
   1.99600   -0.208320E-07
   1.99800   -0.190423E-07
   2.00000   -0.174551E-07
   2.00200   -0.160366E-07
   2.00400   -0.147456E-07
   2.00600   -0.135368E-07
   2.00800   -0.123657E-07
   2.01000   -0.111926E-07
   2.01200   -0.998706E-08
   2.01400   -0.873142E-08
   2.01600   -0.742341E-08
   2.01800   -0.607655E-08
   2.02000   -0.472036E-08
   2.02200   -0.339745E-08
   2.02400   -0.215850E-08
   2.02600   -0.105780E-08
   2.02800   -0.146936E-09
   2.03000    0.530573E-09
   2.03200    0.943854E-09
   2.03400    0.107758E-08
   2.03600    0.932992E-09
   2.03800    0.527068E-09
   2.04000   -0.109609E-09
   2.04200   -0.936129E-09
   2.04400   -0.190485E-08
   2.04600   -0.296463E-08
   2.04800   -0.406383E-08
   2.05000   -0.515269E-08
   2.05200   -0.618528E-08
   2.05400   -0.712114E-08
   2.05600   -0.792682E-08
   2.05800   -0.857724E-08
   2.06000   -0.905701E-08
   2.06200   -0.936129E-08
   2.06400   -0.949596E-08
   2.06600   -0.947704E-08
   2.06800   -0.932907E-08
   2.07000   -0.908262E-08
   2.07200   -0.877121E-08
   2.07400   -0.842790E-08
   2.07600   -0.808218E-08
   2.07800   -0.775738E-08
   2.08000   -0.746915E-08
   2.08200   -0.722490E-08
   2.08400   -0.702440E-08
   2.08600   -0.686121E-08
   2.08800   -0.672471E-08
   2.09000   -0.660230E-08
   2.09200   -0.648158E-08
   2.09400   -0.635206E-08
   2.09600   -0.620634E-08
   2.09800   -0.604076E-08
   2.10000   -0.585547E-08
   2.10200   -0.565407E-08
   2.10400   -0.544238E-08
   2.10600   -0.522773E-08
   2.10800   -0.501775E-08
   2.11000   -0.481936E-08
   2.11200   -0.463788E-08
   2.11400   -0.447651E-08
   2.11600   -0.433614E-08
   2.11800   -0.421553E-08
   2.12000   -0.411165E-08
   2.12200   -0.402041E-08
   2.12400   -0.393732E-08
   2.12600   -0.385826E-08
   2.12800   -0.377997E-08
   2.13000   -0.370047E-08
   2.13200   -0.361905E-08
   2.13400   -0.353620E-08
   2.13600   -0.345322E-08
   2.13800   -0.337178E-08
   2.14000   -0.329340E-08
   2.14200   -0.321897E-08
   2.14400   -0.314833E-08
   2.14600   -0.308007E-08
   2.14800   -0.301147E-08
   2.15000   -0.293856E-08
   2.15200   -0.285649E-08
   2.15400   -0.275990E-08
   2.15600   -0.264347E-08
   2.15800   -0.250244E-08
   2.16000   -0.233317E-08
   2.16200   -0.213354E-08
   2.16400   -0.190328E-08
   2.16600   -0.164408E-08
   2.16800   -0.135956E-08
   2.17000   -0.105509E-08
   2.17200   -0.737335E-09
   2.17400   -0.413848E-09
   2.17600   -0.924235E-10
   2.17800    0.219493E-09
   2.18000    0.515416E-09
   2.18200    0.790338E-09
   2.18400    0.104112E-08
   2.18600    0.126672E-08
   2.18800    0.146832E-08
   2.19000    0.164920E-08
   2.19200    0.181450E-08
   2.19400    0.197089E-08
   2.19600    0.212614E-08
   2.19800    0.228871E-08
   2.20000    0.246723E-08
   2.20200    0.267037E-08
   2.20400    0.290643E-08
   2.20600    0.318312E-08
   2.20800    0.350742E-08
   2.21000    0.388538E-08
   2.21200    0.432195E-08
   2.21400    0.482077E-08
   2.21600    0.538386E-08
   2.21800    0.601138E-08
   2.22000    0.670131E-08
   2.22200    0.744926E-08
   2.22400    0.824827E-08
   2.22600    0.908874E-08
   2.22800    0.995822E-08
   2.23000    0.108412E-07
   2.23200    0.117186E-07
   2.23400    0.125671E-07
   2.23600    0.133583E-07
   2.23800    0.140579E-07
   2.24000    0.146253E-07
   2.24200    0.150145E-07
   2.24400    0.151754E-07
   2.24600    0.150577E-07
   2.24800    0.146152E-07
   2.25000    0.138124E-07
   2.25200    0.126298E-07
   2.25400    0.110702E-07
   2.25600    0.916209E-08
   2.25800    0.696018E-08
   2.26000    0.454346E-08
   2.26200    0.200933E-08
   2.26400   -0.534608E-09
   2.26600   -0.298043E-08
   2.26800   -0.522977E-08
   2.27000   -0.720254E-08
   2.27200   -0.884311E-08
   2.27400   -0.101234E-07
   2.27600   -0.110425E-07
   2.27800   -0.116239E-07
   2.28000   -0.119094E-07
   2.28200   -0.119534E-07
   2.28400   -0.118153E-07
   2.28600   -0.115542E-07
   2.28800   -0.112234E-07
   2.29000   -0.108676E-07
   2.29200   -0.105211E-07
   2.29400   -0.102075E-07
   2.29600   -0.994079E-08
   2.29800   -0.972664E-08
   2.30000   -0.956454E-08
   2.30200   -0.944971E-08
   2.30400   -0.937491E-08
   2.30600   -0.933195E-08
   2.30800   -0.931276E-08
   2.31000   -0.931018E-08
   2.31200   -0.931830E-08
   2.31400   -0.933260E-08
   2.31600   -0.934988E-08
   2.31800   -0.936815E-08
   2.32000   -0.938635E-08
   2.32200   -0.940407E-08
   2.32400   -0.942173E-08
   2.32600   -0.944014E-08
   2.32800   -0.946069E-08
   2.33000   -0.948545E-08
   2.33200   -0.951744E-08
   2.33400   -0.956081E-08
   2.33600   -0.962114E-08
   2.33800   -0.970563E-08
   2.34000   -0.982305E-08
   2.34200   -0.998351E-08
   2.34400   -0.101979E-07
   2.34600   -0.104768E-07
   2.34800   -0.108295E-07
   2.35000   -0.112622E-07
   2.35200   -0.117766E-07
   2.35400   -0.123684E-07
   2.35600   -0.130268E-07
   2.35800   -0.137342E-07
   2.36000   -0.144674E-07
   2.36200   -0.151990E-07
   2.36400   -0.159003E-07
   2.36600   -0.165446E-07
   2.36800   -0.171100E-07
   2.37000   -0.175819E-07
   2.37200   -0.179546E-07
   2.37400   -0.182314E-07
   2.37600   -0.184236E-07
   2.37800   -0.185481E-07
   2.38000   -0.186245E-07
   2.38200   -0.186718E-07
   2.38400   -0.187061E-07
   2.38600   -0.187384E-07
   2.38800   -0.187744E-07
   2.39000   -0.188144E-07
   2.39200   -0.188555E-07
   2.39400   -0.188925E-07
   2.39600   -0.189206E-07
   2.39800   -0.189366E-07
   2.40000   -0.189403E-07
   2.40200   -0.189344E-07
   2.40400   -0.189243E-07
   2.40600   -0.189171E-07
   2.40800   -0.189204E-07
   2.41000   -0.189410E-07
   2.41200   -0.189836E-07
   2.41400   -0.190504E-07
   2.41600   -0.191405E-07
   2.41800   -0.192500E-07
   2.42000   -0.193728E-07
   2.42200   -0.195011E-07
   2.42400   -0.196264E-07
   2.42600   -0.197406E-07
   2.42800   -0.198362E-07
   2.43000   -0.199072E-07
   2.43200   -0.199491E-07
   2.43400   -0.199588E-07
   2.43600   -0.199341E-07
   2.43800   -0.198738E-07
   2.44000   -0.197766E-07
   2.44200   -0.196413E-07
   2.44400   -0.194664E-07
   2.44600   -0.192506E-07
   2.44800   -0.189927E-07
   2.45000   -0.186927E-07
   2.45200   -0.183519E-07
   2.45400   -0.179733E-07
   2.45600   -0.175628E-07
   2.45800   -0.171281E-07
   2.46000   -0.166794E-07
   2.46200   -0.162282E-07
   2.46400   -0.157867E-07
   2.46600   -0.153671E-07
   2.46800   -0.149799E-07
   2.47000   -0.146338E-07
   2.47200   -0.143347E-07
   2.47400   -0.140855E-07
   2.47600   -0.138861E-07
   2.47800   -0.137337E-07
   2.48000   -0.136232E-07
   2.48200   -0.135483E-07
   2.48400   -0.135017E-07
   2.48600   -0.134761E-07
   2.48800   -0.134644E-07
   2.49000   -0.134606E-07
   2.49200   -0.134597E-07
   2.49400   -0.134581E-07
   2.49600   -0.134534E-07
   2.49800   -0.134446E-07
   2.50000   -0.134318E-07
   2.50200   -0.134159E-07
   2.50400   -0.133988E-07
   2.50600   -0.133826E-07
   2.50800   -0.133696E-07
   2.51000   -0.133619E-07
   2.51200   -0.133614E-07
   2.51400   -0.133690E-07
   2.51600   -0.133851E-07
   2.51800   -0.134089E-07
   2.52000   -0.134386E-07
   2.52200   -0.134717E-07
   2.52400   -0.135046E-07
   2.52600   -0.135338E-07
   2.52800   -0.135555E-07
   2.53000   -0.135666E-07
   2.53200   -0.135648E-07
   2.53400   -0.135491E-07
   2.53600   -0.135203E-07
   2.53800   -0.134806E-07
   2.54000   -0.134337E-07
   2.54200   -0.133844E-07
   2.54400   -0.133377E-07
   2.54600   -0.132986E-07
   2.54800   -0.132710E-07
   2.55000   -0.132573E-07
   2.55200   -0.132578E-07
   2.55400   -0.132709E-07
   2.55600   -0.132930E-07
   2.55800   -0.133192E-07
   2.56000   -0.133435E-07
   2.56200   -0.133603E-07
   2.56400   -0.133647E-07
   2.56600   -0.133535E-07
   2.56800   -0.133256E-07
   2.57000   -0.132822E-07
   2.57200   -0.132268E-07
   2.57400   -0.131644E-07
   2.57600   -0.131014E-07
   2.57800   -0.130439E-07
   2.58000   -0.129973E-07
   2.58200   -0.129653E-07
   2.58400   -0.129496E-07
   2.58600   -0.129491E-07
   2.58800   -0.129608E-07
   2.59000   -0.129799E-07
   2.59200   -0.130008E-07
   2.59400   -0.130177E-07
   2.59600   -0.130261E-07
   2.59800   -0.130228E-07
   2.60000   -0.130068E-07
   2.60200   -0.129790E-07
   2.60400   -0.129420E-07
   2.60600   -0.128994E-07
   2.60800   -0.128551E-07
   2.61000   -0.128126E-07
   2.61200   -0.127742E-07
   2.61400   -0.127409E-07
   2.61600   -0.127122E-07
   2.61800   -0.126865E-07
   2.62000   -0.126614E-07
   2.62200   -0.126346E-07
   2.62400   -0.126040E-07
   2.62600   -0.125687E-07
   2.62800   -0.125289E-07
   2.63000   -0.124860E-07
   2.63200   -0.124424E-07
   2.63400   -0.124006E-07
   2.63600   -0.123633E-07
   2.63800   -0.123322E-07
   2.64000   -0.123076E-07
   2.64200   -0.122884E-07
   2.64400   -0.122721E-07
   2.64600   -0.122546E-07
   2.64800   -0.122311E-07
   2.65000   -0.121970E-07
   2.65200   -0.121478E-07
   2.65400   -0.120808E-07
   2.65600   -0.119948E-07
   2.65800   -0.118906E-07
   2.66000   -0.117710E-07
   2.66200   -0.116404E-07
   2.66400   -0.115040E-07
   2.66600   -0.113675E-07
   2.66800   -0.112359E-07
   2.67000   -0.111131E-07
   2.67200   -0.110011E-07
   2.67400   -0.109003E-07
   2.67600   -0.108091E-07
   2.67800   -0.107245E-07
   2.68000   -0.106424E-07
   2.68200   -0.105583E-07
   2.68400   -0.104678E-07
   2.68600   -0.103673E-07
   2.68800   -0.102540E-07
   2.69000   -0.101266E-07
   2.69200   -0.998499E-08
   2.69400   -0.983022E-08
   2.69600   -0.966443E-08
   2.69800   -0.949048E-08
   2.70000   -0.931168E-08
   2.70200   -0.913144E-08
   2.70400   -0.895300E-08
   2.70600   -0.877912E-08
   2.70800   -0.861185E-08
   2.71000   -0.845237E-08
   2.71200   -0.830084E-08
   2.71400   -0.815648E-08
   2.71600   -0.801757E-08
   2.71800   -0.788168E-08
   2.72000   -0.774592E-08
   2.72200   -0.760727E-08
   2.72400   -0.746296E-08
   2.72600   -0.731079E-08
   2.72800   -0.714946E-08
   2.73000   -0.697877E-08
   2.73200   -0.679968E-08
   2.73400   -0.661425E-08
   2.73600   -0.642543E-08
   2.73800   -0.623663E-08
   2.74000   -0.605130E-08
   2.74200   -0.587244E-08
   2.74400   -0.570209E-08
   2.74600   -0.554105E-08
   2.74800   -0.538868E-08
   2.75000   -0.524293E-08
   2.75200   -0.510064E-08
   2.75400   -0.495789E-08
   2.75600   -0.481059E-08
   2.75800   -0.465495E-08
   2.76000   -0.448806E-08
   2.76200   -0.430817E-08
   2.76400   -0.411496E-08
   2.76600   -0.390950E-08
   2.76800   -0.369407E-08
   2.77000   -0.347187E-08
   2.77200   -0.324664E-08
   2.77400   -0.302217E-08
   2.77600   -0.280192E-08
   2.77800   -0.258872E-08
   2.78000   -0.238452E-08
   2.78200   -0.219027E-08
   2.78400   -0.200593E-08
   2.78600   -0.183061E-08
   2.78800   -0.166267E-08
   2.79000   -0.150000E-08
   2.79200   -0.134022E-08
   2.79400   -0.118091E-08
   2.79600   -0.101988E-08
   2.79800   -0.855310E-09
   2.80000   -0.685927E-09
   2.80200   -0.511114E-09
   2.80400   -0.330946E-09
   2.80600   -0.146163E-09
   2.80800    0.419415E-10
   2.81000    0.231712E-09
   2.81200    0.421410E-09
   2.81400    0.609553E-09
   2.81600    0.795267E-09
   2.81800    0.978635E-09
   2.82000    0.116099E-08
   2.82200    0.134505E-08
   2.82400    0.153492E-08
   2.82600    0.173590E-08
   2.82800    0.195397E-08
   2.83000    0.219527E-08
   2.83200    0.246525E-08
   2.83400    0.276789E-08
   2.83600    0.310499E-08
   2.83800    0.347555E-08
   2.84000    0.387559E-08
   2.84200    0.429822E-08
   2.84400    0.473413E-08
   2.84600    0.517245E-08
   2.84800    0.560182E-08
   2.85000    0.601154E-08
   2.85200    0.639265E-08
   2.85400    0.673876E-08
   2.85600    0.704656E-08
   2.85800    0.731587E-08
   2.86000    0.754937E-08
   2.86200    0.775192E-08
   2.86400    0.792976E-08
   2.86600    0.808963E-08
   2.86800    0.823788E-08
   2.87000    0.837993E-08
   2.87200    0.851980E-08
   2.87400    0.866003E-08
   2.87600    0.880181E-08
   2.87800    0.894524E-08
   2.88000    0.908981E-08
   2.88200    0.923470E-08
   2.88400    0.937922E-08
   2.88600    0.952316E-08
   2.88800    0.966688E-08
   2.89000    0.981136E-08
   2.89200    0.995814E-08
   2.89400    0.101092E-07
   2.89600    0.102668E-07
   2.89800    0.104335E-07
   2.90000    0.106120E-07
   2.90200    0.108053E-07
   2.90400    0.110168E-07
   2.90600    0.112508E-07
   2.90800    0.115122E-07
   2.91000    0.118068E-07
   2.91200    0.121412E-07
   2.91400    0.125220E-07
   2.91600    0.129546E-07
   2.91800    0.134423E-07
   2.92000    0.139839E-07
   2.92200    0.145724E-07
   2.92400    0.151935E-07
   2.92600    0.158244E-07
   2.92800    0.164342E-07
   2.93000    0.169856E-07
   2.93200    0.174368E-07
   2.93400    0.177460E-07
   2.93600    0.178757E-07
   2.93800    0.177971E-07
   2.94000    0.174943E-07
   2.94200    0.169669E-07
   2.94400    0.162307E-07
   2.94600    0.153173E-07
   2.94800    0.142704E-07
   2.95000    0.131421E-07
   2.95200    0.119875E-07
   2.95400    0.108595E-07
   2.95600    0.980421E-08
   2.95800    0.885751E-08
   2.96000    0.804300E-08
   2.96200    0.737150E-08
   2.96400    0.684201E-08
   2.96600    0.644379E-08
   2.96800    0.615908E-08
   2.97000    0.596631E-08
   2.97200    0.584315E-08
   2.97400    0.576918E-08
   2.97600    0.572792E-08
   2.97800    0.570802E-08
   2.98000    0.570346E-08
   2.98200    0.571291E-08
   2.98400    0.573840E-08
   2.98600    0.578349E-08
   2.98800    0.585135E-08
   2.99000    0.594310E-08
   2.99200    0.605670E-08
   2.99400    0.618665E-08
   2.99600    0.632451E-08
   2.99800    0.646018E-08
   3.00000    0.658373E-08
   3.00200    0.668729E-08
   3.00400    0.676696E-08
   3.00600    0.682387E-08
   3.00800    0.686453E-08
   3.01000    0.690034E-08
   3.01200    0.694615E-08
   3.01400    0.701812E-08
   3.01600    0.713128E-08
   3.01800    0.729708E-08
   3.02000    0.752136E-08
   3.02200    0.780315E-08
   3.02400    0.813424E-08
   3.02600    0.849986E-08
   3.02800    0.888018E-08
   3.03000    0.925255E-08
   3.03200    0.959397E-08
   3.03400    0.988365E-08
   3.03600    0.101052E-07
   3.03800    0.102482E-07
   3.04000    0.103090E-07
   3.04200    0.102910E-07
   3.04400    0.102041E-07
   3.04600    0.100630E-07
   3.04800    0.988675E-08
   3.05000    0.969615E-08
   3.05200    0.951271E-08
   3.05400    0.935680E-08
   3.05600    0.924638E-08
   3.05800    0.919569E-08
   3.06000    0.921434E-08
   3.06200    0.930658E-08
   3.06400    0.947093E-08
   3.06600    0.970020E-08
   3.06800    0.998201E-08
   3.07000    0.102997E-07
   3.07200    0.106337E-07
   3.07400    0.109632E-07
   3.07600    0.112683E-07
   3.07800    0.115311E-07
   3.08000    0.117380E-07
   3.08200    0.118800E-07
   3.08400    0.119539E-07
   3.08600    0.119612E-07
   3.08800    0.119080E-07
   3.09000    0.118035E-07
   3.09200    0.116587E-07
   3.09400    0.114849E-07
   3.09600    0.112929E-07
   3.09800    0.110917E-07
   3.10000    0.108884E-07
   3.10200    0.106884E-07
   3.10400    0.104954E-07
   3.10600    0.103123E-07
   3.10800    0.101417E-07
   3.11000    0.998663E-08
   3.11200    0.985105E-08
   3.11400    0.973965E-08
   3.11600    0.965792E-08
   3.11800    0.961149E-08
   3.12000    0.960545E-08
   3.12200    0.964345E-08
   3.12400    0.972676E-08
   3.12600    0.985354E-08
   3.12800    0.100184E-07
   3.13000    0.102122E-07
   3.13200    0.104227E-07
   3.13400    0.106346E-07
   3.13600    0.108315E-07
   3.13800    0.109963E-07
   3.14000    0.111131E-07
   3.14200    0.111683E-07
   3.14400    0.111513E-07
   3.14600    0.110555E-07
   3.14800    0.108789E-07
   3.15000    0.106242E-07
   3.15200    0.102986E-07
   3.15400    0.991396E-08
   3.15600    0.948618E-08
   3.15800    0.903492E-08
   3.16000    0.858281E-08
   3.16200    0.815450E-08
   3.16400    0.777553E-08
   3.16600    0.747082E-08
   3.16800    0.726312E-08
   3.17000    0.717140E-08
   3.17200    0.720935E-08
   3.17400    0.738427E-08
   3.17600    0.769648E-08
   3.17800    0.813927E-08
   3.18000    0.869960E-08
   3.18200    0.935923E-08
   3.18400    0.100963E-07
   3.18600    0.108869E-07
   3.18800    0.117071E-07
   3.19000    0.125340E-07
   3.19200    0.133471E-07
   3.19400    0.141285E-07
   3.19600    0.148640E-07
   3.19800    0.155420E-07
   3.20000    0.161542E-07
   3.20200    0.166953E-07
   3.20400    0.171623E-07
   3.20600    0.175550E-07
   3.20800    0.178759E-07
   3.21000    0.181305E-07
   3.21200    0.183268E-07
   3.21400    0.184756E-07
   3.21600    0.185899E-07
   3.21800    0.186842E-07
   3.22000    0.187737E-07
   3.22200    0.188724E-07
   3.22400    0.189929E-07
   3.22600    0.191441E-07
   3.22800    0.193309E-07
   3.23000    0.195531E-07
   3.23200    0.198053E-07
   3.23400    0.200774E-07
   3.23600    0.203550E-07
   3.23800    0.206212E-07
   3.24000    0.208580E-07
   3.24200    0.210486E-07
   3.24400    0.211790E-07
   3.24600    0.212403E-07
   3.24800    0.212299E-07
   3.25000    0.211516E-07
   3.25200    0.210158E-07
   3.25400    0.208382E-07
   3.25600    0.206374E-07
   3.25800    0.204322E-07
   3.26000    0.202393E-07
   3.26200    0.200701E-07
   3.26400    0.199288E-07
   3.26600    0.198115E-07
   3.26800    0.197062E-07
   3.27000    0.195933E-07
   3.27200    0.194484E-07
   3.27400    0.192438E-07
   3.27600    0.189525E-07
   3.27800    0.185503E-07
   3.28000    0.180191E-07
   3.28200    0.173487E-07
   3.28400    0.165388E-07
   3.28600    0.155994E-07
   3.28800    0.145511E-07
   3.29000    0.134240E-07
   3.29200    0.122555E-07
   3.29400    0.110878E-07
   3.29600    0.996448E-08
   3.29800    0.892697E-08
   3.30000    0.801124E-08
   3.30200    0.724496E-08
   3.30400    0.664568E-08
   3.30600    0.622003E-08
   3.30800    0.596410E-08
   3.31000    0.586477E-08
   3.31200    0.590186E-08
   3.31400    0.605057E-08
   3.31600    0.628410E-08
   3.31800    0.657583E-08
   3.32000    0.690127E-08
   3.32200    0.723923E-08
   3.32400    0.757264E-08
   3.32600    0.788872E-08
   3.32800    0.817882E-08
   3.33000    0.843802E-08
   3.33200    0.866447E-08
   3.33400    0.885880E-08
   3.33600    0.902336E-08
   3.33800    0.916162E-08
   3.34000    0.927761E-08
   3.34200    0.937530E-08
   3.34400    0.945838E-08
   3.34600    0.952996E-08
   3.34800    0.959245E-08
   3.35000    0.964762E-08
   3.35200    0.969653E-08
   3.35400    0.973993E-08
   3.35600    0.977826E-08
   3.35800    0.981191E-08
   3.36000    0.984126E-08
   3.36200    0.986673E-08
   3.36400    0.988886E-08
   3.36600    0.990815E-08
   3.36800    0.992502E-08
   3.37000    0.993974E-08
   3.37200    0.995234E-08
   3.37400    0.996263E-08
   3.37600    0.997024E-08
   3.37800    0.997466E-08
   3.38000    0.997534E-08
   3.38200    0.997183E-08
   3.38400    0.996379E-08
   3.38600    0.995110E-08
   3.38800    0.993385E-08
   3.39000    0.991231E-08
   3.39200    0.988689E-08
   3.39400    0.985811E-08
   3.39600    0.982647E-08
   3.39800    0.979247E-08
   3.40000    0.975652E-08
   3.40200    0.971894E-08
   3.40400    0.967997E-08
   3.40600    0.963972E-08
   3.40800    0.959822E-08
   3.41000    0.955535E-08
   3.41200    0.951082E-08
   3.41400    0.946412E-08
   3.41600    0.941445E-08
   3.41800    0.936076E-08
   3.42000    0.930171E-08
   3.42200    0.923582E-08
   3.42400    0.916156E-08
   3.42600    0.907761E-08
   3.42800    0.898302E-08
   3.43000    0.887741E-08
   3.43200    0.876112E-08
   3.43400    0.863521E-08
   3.43600    0.850136E-08
   3.43800    0.836169E-08
   3.44000    0.821842E-08
   3.44200    0.807357E-08
   3.44400    0.792865E-08
   3.44600    0.778443E-08
   3.44800    0.764087E-08
   3.45000    0.749712E-08
   3.45200    0.735174E-08
   3.45400    0.720299E-08
   3.45600    0.704912E-08
   3.45800    0.688866E-08
   3.46000    0.672066E-08
   3.46200    0.654476E-08
   3.46400    0.636114E-08
   3.46600    0.617036E-08
   3.46800    0.597318E-08
   3.47000    0.577024E-08
   3.47200    0.556199E-08
   3.47400    0.534847E-08
   3.47600    0.512946E-08
   3.47800    0.490456E-08
   3.48000    0.467346E-08
   3.48200    0.443627E-08
   3.48400    0.419378E-08
   3.48600    0.394781E-08
   3.48800    0.370134E-08
   3.49000    0.345864E-08
   3.49200    0.322528E-08
   3.49400    0.300805E-08
   3.49600    0.281476E-08
   3.49800    0.265407E-08
   3.50000    0.253519E-08
   3.50200    0.246752E-08
   3.50400    0.246029E-08
   3.50600    0.252211E-08
   3.50800    0.266051E-08
   3.51000    0.288144E-08
   3.51200    0.318885E-08
   3.51400    0.358430E-08
   3.51600    0.406671E-08
   3.51800    0.463237E-08
   3.52000    0.527506E-08
   3.52200    0.598634E-08
   3.52400    0.675606E-08
   3.52600    0.757298E-08
   3.52800    0.842522E-08
   3.53000    0.930101E-08
   3.53200    0.101891E-07
   3.53400    0.110792E-07
   3.53600    0.119623E-07
   3.53800    0.128314E-07
   3.54000    0.136796E-07
   3.54200    0.145041E-07
   3.54400    0.153027E-07
   3.54600    0.160752E-07
   3.54800    0.168233E-07
   3.55000    0.175502E-07
   3.55200    0.182600E-07
   3.55400    0.189574E-07
   3.55600    0.196465E-07
   3.55800    0.203298E-07
   3.56000    0.210059E-07
   3.56200    0.216680E-07
   3.56400    0.223013E-07
   3.56600    0.228798E-07
   3.56800    0.233648E-07
   3.57000    0.237022E-07
   3.57200    0.238224E-07
   3.57400    0.236421E-07
   3.57600    0.230681E-07
   3.57800    0.220053E-07
   3.58000    0.203671E-07
   3.58200    0.180882E-07
   3.58400    0.151384E-07
   3.58600    0.115354E-07
   3.58800    0.735381E-08
   3.59000    0.272807E-08
   3.59200   -0.215166E-08
   3.59400   -0.705221E-08
   3.59600   -0.117173E-07
   3.59800   -0.158924E-07
   3.60000   -0.193512E-07
   3.60200   -0.219199E-07
   3.60400   -0.234945E-07
   3.60600   -0.240507E-07
   3.60800   -0.236420E-07
   3.61000   -0.223891E-07
   3.61200   -0.204620E-07
   3.61400   -0.180577E-07
   3.61600   -0.153769E-07
   3.61800   -0.126041E-07
   3.62000   -0.989302E-08
   3.62200   -0.735809E-08
   3.62400   -0.507246E-08
   3.62600   -0.307165E-08
   3.62800   -0.136061E-08
   3.63000    0.772944E-10
   3.63200    0.127145E-08
   3.63400    0.225642E-08
   3.63600    0.306639E-08
   3.63800    0.373208E-08
   3.64000    0.427939E-08
   3.64200    0.472966E-08
   3.64400    0.510073E-08
   3.64600    0.540808E-08
   3.64800    0.566574E-08
   3.65000    0.588674E-08
   3.65200    0.608285E-08
   3.65400    0.626415E-08
   3.65600    0.643818E-08
   3.65800    0.660968E-08
   3.66000    0.677982E-08
   3.66200    0.694786E-08
   3.66400    0.710866E-08
   3.66600    0.725800E-08
   3.66800    0.739096E-08
   3.67000    0.750390E-08
   3.67200    0.759537E-08
   3.67400    0.766651E-08
   3.67600    0.772102E-08
   3.67800    0.776465E-08
   3.68000    0.780429E-08
   3.68200    0.784689E-08
   3.68400    0.789837E-08
   3.68600    0.796272E-08
   3.68800    0.804149E-08
   3.69000    0.813356E-08
   3.69200    0.823544E-08
   3.69400    0.834186E-08
   3.69600    0.844666E-08
   3.69800    0.854370E-08
   3.70000    0.862781E-08
   3.70200    0.869546E-08
   3.70400    0.874525E-08
   3.70600    0.877801E-08
   3.70800    0.879660E-08
   3.71000    0.880538E-08
   3.71200    0.880955E-08
   3.71400    0.881441E-08
   3.71600    0.882459E-08
   3.71800    0.884344E-08
   3.72000    0.887269E-08
   3.72200    0.891224E-08
   3.72400    0.896032E-08
   3.72600    0.901381E-08
   3.72800    0.906874E-08
   3.73000    0.912086E-08
   3.73200    0.916628E-08
   3.73400    0.920200E-08
   3.73600    0.922624E-08
   3.73800    0.923871E-08
   3.74000    0.924062E-08
   3.74200    0.923451E-08
   3.74400    0.922394E-08
   3.74600    0.921303E-08
   3.74800    0.920598E-08
   3.75000    0.920655E-08
   3.75200    0.921767E-08
   3.75400    0.924105E-08
   3.75600    0.927700E-08
   3.75800    0.932437E-08
   3.76000    0.938067E-08
   3.76200    0.944230E-08
   3.76400    0.950493E-08
   3.76600    0.956394E-08
   3.76800    0.961485E-08
   3.77000    0.965382E-08
   3.77200    0.967803E-08
   3.77400    0.968589E-08
   3.77600    0.967726E-08
   3.77800    0.965339E-08
   3.78000    0.961681E-08
   3.78200    0.957109E-08
   3.78400    0.952049E-08
   3.78600    0.946959E-08
   3.78800    0.942284E-08
   3.79000    0.938429E-08
   3.79200    0.935719E-08
   3.79400    0.934385E-08
   3.79600    0.934544E-08
   3.79800    0.936201E-08
   3.80000    0.939254E-08
   3.80200    0.943518E-08
   3.80400    0.948755E-08
   3.80600    0.954705E-08
   3.80800    0.961137E-08
   3.81000    0.967888E-08
   3.81200    0.974899E-08
   3.81400    0.982252E-08
   3.81600    0.990175E-08
   3.81800    0.999038E-08
   3.82000    0.100932E-07
   3.82200    0.102155E-07
   3.82400    0.103622E-07
   3.82600    0.105370E-07
   3.82800    0.107413E-07
   3.83000    0.109732E-07
   3.83200    0.112269E-07
   3.83400    0.114927E-07
   3.83600    0.117569E-07
   3.83800    0.120031E-07
   3.84000    0.122133E-07
   3.84200    0.123698E-07
   3.84400    0.124570E-07
   3.84600    0.124637E-07
   3.84800    0.123836E-07
   3.85000    0.122169E-07
   3.85200    0.119698E-07
   3.85400    0.116540E-07
   3.85600    0.112852E-07
   3.85800    0.108814E-07
   3.86000    0.104609E-07
   3.86200    0.100409E-07
   3.86400    0.963568E-08
   3.86600    0.925618E-08
   3.86800    0.890943E-08
   3.87000    0.859882E-08
   3.87200    0.832463E-08
   3.87400    0.808481E-08
   3.87600    0.787579E-08
   3.87800    0.769319E-08
   3.88000    0.753250E-08
   3.88200    0.738944E-08
   3.88400    0.726029E-08
   3.88600    0.714189E-08
   3.88800    0.703178E-08
   3.89000    0.692803E-08
   3.89200    0.682928E-08
   3.89400    0.673460E-08
   3.89600    0.664346E-08
   3.89800    0.655571E-08
   3.90000    0.647151E-08
   3.90200    0.639129E-08
   3.90400    0.631571E-08
   3.90600    0.624556E-08
   3.90800    0.618167E-08
   3.91000    0.612484E-08
   3.91200    0.607570E-08
   3.91400    0.603465E-08
   3.91600    0.600175E-08
   3.91800    0.597676E-08
   3.92000    0.595907E-08
   3.92200    0.594776E-08
   3.92400    0.594163E-08
   3.92600    0.593928E-08
   3.92800    0.593917E-08
   3.93000    0.593973E-08
   3.93200    0.593942E-08
   3.93400    0.593683E-08
   3.93600    0.593069E-08
   3.93800    0.591999E-08
   3.94000    0.590397E-08
   3.94200    0.588217E-08
   3.94400    0.585439E-08
   3.94600    0.582073E-08
   3.94800    0.578150E-08
   3.95000    0.573719E-08
   3.95200    0.568836E-08
   3.95400    0.563559E-08
   3.95600    0.557939E-08
   3.95800    0.552013E-08
   3.96000    0.545802E-08
   3.96200    0.539308E-08
   3.96400    0.532516E-08
   3.96600    0.525392E-08
   3.96800    0.517884E-08
   3.97000    0.509923E-08
   3.97200    0.501421E-08
   3.97400    0.492263E-08
   3.97600    0.482304E-08
   3.97800    0.471367E-08
   3.98000    0.459244E-08
   3.98200    0.445703E-08
   3.98400    0.430507E-08
   3.98600    0.413435E-08
   3.98800    0.394316E-08
   3.99000    0.373059E-08
   3.99200    0.349686E-08
   3.99400    0.324351E-08
   3.99600    0.297348E-08
   3.99800    0.269111E-08
   4.00000    0.240182E-08
