   0.00000    0.000000E+00
   0.00200    0.000000E+00
   0.00400    0.000000E+00
   0.00600    0.000000E+00
   0.00800    0.000000E+00
   0.01000    0.000000E+00
   0.01200    0.000000E+00
   0.01400    0.000000E+00
   0.01600    0.000000E+00
   0.01800    0.000000E+00
   0.02000    0.000000E+00
   0.02200    0.000000E+00
   0.02400    0.000000E+00
   0.02600    0.691224E-11
   0.02800    0.201864E-10
   0.03000    0.432248E-10
   0.03200    0.865253E-10
   0.03400    0.168256E-09
   0.03600    0.318866E-09
   0.03800    0.589483E-09
   0.04000    0.106349E-08
   0.04200    0.187259E-08
   0.04400    0.321805E-08
   0.04600    0.539723E-08
   0.04800    0.883420E-08
   0.05000    0.141116E-07
   0.05200    0.219992E-07
   0.05400    0.334707E-07
   0.05600    0.496988E-07
   0.05800    0.720203E-07
   0.06000    0.101858E-06
   0.06200    0.140591E-06
   0.06400    0.189387E-06
   0.06600    0.248984E-06
   0.06800    0.319464E-06
   0.07000    0.400037E-06
   0.07200    0.488882E-06
   0.07400    0.583087E-06
   0.07600    0.678713E-06
   0.07800    0.771009E-06
   0.08000    0.854775E-06
   0.08200    0.924830E-06
   0.08400    0.976536E-06
   0.08600    0.100631E-05
   0.08800    0.101204E-05
   0.09000    0.993321E-06
   0.09200    0.951512E-06
   0.09400    0.889569E-06
   0.09600    0.811681E-06
   0.09800    0.722789E-06
   0.10000    0.628044E-06
   0.10200    0.532291E-06
   0.10400    0.439657E-06
   0.10600    0.353277E-06
   0.10800    0.275186E-06
   0.11000    0.206371E-06
   0.11200    0.146941E-06
   0.11400    0.963716E-07
   0.11600    0.537740E-07
   0.11800    0.181405E-07
   0.12000   -0.114686E-07
   0.12200   -0.358115E-07
   0.12400   -0.554269E-07
   0.12600   -0.706597E-07
   0.12800   -0.817269E-07
   0.13000   -0.888019E-07
   0.13200   -0.920924E-07
   0.13400   -0.918961E-07
   0.13600   -0.886260E-07
   0.13800   -0.828039E-07
   0.14000   -0.750290E-07
   0.14200   -0.659316E-07
   0.14400   -0.561240E-07
   0.14600   -0.461586E-07
   0.14800   -0.365030E-07
   0.15000   -0.275175E-07
   0.15200   -0.194736E-07
   0.15400   -0.125662E-07
   0.15600   -0.692981E-08
   0.15800   -0.265692E-08
   0.16000    0.189275E-09
   0.16200    0.157334E-08
   0.16400    0.149521E-08
   0.16600    0.417159E-11
   0.16800   -0.278527E-08
   0.17000   -0.668150E-08
   0.17200   -0.114124E-07
   0.17400   -0.166341E-07
   0.17600   -0.219520E-07
   0.17800   -0.269533E-07
   0.18000   -0.312456E-07
   0.18200   -0.344958E-07
   0.18400   -0.364624E-07
   0.18600   -0.370190E-07
   0.18800   -0.361612E-07
   0.19000   -0.339971E-07
   0.19200   -0.307267E-07
   0.19400   -0.266113E-07
   0.19600   -0.219392E-07
   0.19800   -0.169932E-07
   0.20000   -0.120254E-07
   0.20200   -0.724219E-08
   0.20400   -0.280029E-08
   0.20600    0.118784E-08
   0.20800    0.464137E-08
   0.21000    0.749630E-08
   0.21200    0.969253E-08
   0.21400    0.111665E-07
   0.21600    0.118514E-07
   0.21800    0.116860E-07
   0.22000    0.106293E-07
   0.22200    0.867804E-08
   0.22400    0.588404E-08
   0.22600    0.236555E-08
   0.22800   -0.169030E-08
   0.23000   -0.603518E-08
   0.23200   -0.103776E-07
   0.23400   -0.144095E-07
   0.23600   -0.178364E-07
   0.23800   -0.204075E-07
   0.24000   -0.219425E-07
   0.24200   -0.223464E-07
   0.24400   -0.216167E-07
   0.24600   -0.198386E-07
   0.24800   -0.171705E-07
   0.25000   -0.138232E-07
   0.25200   -0.100362E-07
   0.25400   -0.605489E-08
   0.25600   -0.211112E-08
   0.25800    0.159012E-08
   0.26000    0.487789E-08
   0.26200    0.761717E-08
   0.26400    0.970704E-08
   0.26600    0.110772E-07
   0.26800    0.116849E-07
   0.27000    0.115145E-07
   0.27200    0.105781E-07
   0.27400    0.892061E-08
   0.27600    0.662268E-08
   0.27800    0.380414E-08
   0.28000    0.624072E-09
   0.28200   -0.272400E-08
   0.28400   -0.602198E-08
   0.28600   -0.904192E-08
   0.28800   -0.115640E-07
   0.29000   -0.133961E-07
   0.29200   -0.143921E-07
   0.29400   -0.144666E-07
   0.29600   -0.136046E-07
   0.29800   -0.118639E-07
   0.30000   -0.937068E-08
   0.30200   -0.630963E-08
   0.30400   -0.290760E-08
   0.30600    0.585155E-09
   0.30800    0.391550E-08
   0.31000    0.684740E-08
   0.31200    0.917963E-08
   0.31400    0.107601E-07
   0.31600    0.114955E-07
   0.31800    0.113571E-07
   0.32000    0.103798E-07
   0.32200    0.865818E-08
   0.32400    0.633850E-08
   0.32600    0.360524E-08
   0.32800    0.668923E-09
   0.33000   -0.225000E-08
   0.33200   -0.493619E-08
   0.33400   -0.719372E-08
   0.33600   -0.885880E-08
   0.33800   -0.981009E-08
   0.34000   -0.997652E-08
   0.34200   -0.934210E-08
   0.34400   -0.794750E-08
   0.34600   -0.588861E-08
   0.34800   -0.331130E-08
   0.35000   -0.401949E-09
   0.35200    0.262533E-08
   0.35400    0.554496E-08
   0.35600    0.813934E-08
   0.35800    0.102183E-07
   0.36000    0.116381E-07
   0.36200    0.123162E-07
   0.36400    0.122411E-07
   0.36600    0.114736E-07
   0.36800    0.101403E-07
   0.37000    0.841953E-08
   0.37200    0.652090E-08
   0.37400    0.466206E-08
   0.37600    0.304525E-08
   0.37800    0.183714E-08
   0.38000    0.115415E-08
   0.38200    0.105452E-08
   0.38400    0.153716E-08
   0.38600    0.254628E-08
   0.38800    0.398016E-08
   0.39000    0.570182E-08
   0.39200    0.755191E-08
   0.39400    0.936066E-08
   0.39600    0.109602E-07
   0.39800    0.121977E-07
   0.40000    0.129482E-07
   0.40200    0.131261E-07
   0.40400    0.126961E-07
   0.40600    0.116806E-07
   0.40800    0.101606E-07
   0.41000    0.827143E-08
   0.41200    0.618978E-08
   0.41400    0.411508E-08
   0.41600    0.224618E-08
   0.41800    0.756852E-09
   0.42000   -0.226088E-09
   0.42200   -0.638930E-09
   0.42400   -0.488404E-09
   0.42600    0.150301E-09
   0.42800    0.114324E-08
   0.43000    0.231743E-08
   0.43200    0.348283E-08
   0.43400    0.445653E-08
   0.43600    0.508531E-08
   0.43800    0.526370E-08
   0.44000    0.494532E-08
   0.44200    0.414820E-08
   0.44400    0.295078E-08
   0.44600    0.148149E-08
   0.44800   -0.969480E-10
   0.45000   -0.160961E-08
   0.45200   -0.288986E-08
   0.45400   -0.380136E-08
   0.45600   -0.425460E-08
   0.45800   -0.421761E-08
   0.46000   -0.371831E-08
   0.46200   -0.283833E-08
   0.46400   -0.169928E-08
   0.46600   -0.443499E-09
   0.46800    0.787705E-09
   0.47000    0.187434E-08
   0.47200    0.273378E-08
   0.47400    0.332919E-08
   0.47600    0.367078E-08
   0.47800    0.380749E-08
   0.48000    0.381375E-08
   0.48200    0.377191E-08
   0.48400    0.375468E-08
   0.48600    0.381046E-08
   0.48800    0.395451E-08
   0.49000    0.416727E-08
   0.49200    0.439959E-08
   0.49400    0.458378E-08
   0.49600    0.464973E-08
   0.49800    0.453957E-08
   0.50000    0.422133E-08
   0.50200    0.369691E-08
   0.50400    0.300345E-08
   0.50600    0.220735E-08
   0.50800    0.139269E-08
   0.51000    0.645690E-09
   0.51200    0.387199E-10
   0.51400   -0.381954E-09
   0.51600   -0.603898E-09
   0.51800   -0.649670E-09
   0.52000   -0.570513E-09
   0.52200   -0.435421E-09
   0.52400   -0.317582E-09
   0.52600   -0.281385E-09
   0.52800   -0.371935E-09
   0.53000   -0.610289E-09
   0.53200   -0.993033E-09
   0.53400   -0.149666E-08
   0.53600   -0.208465E-08
   0.53800   -0.271579E-08
   0.54000   -0.334825E-08
   0.54200   -0.394625E-08
   0.54400   -0.448027E-08
   0.54600   -0.492745E-08
   0.54800   -0.527113E-08
   0.55000   -0.549970E-08
   0.55200   -0.561030E-08
   0.55400   -0.561057E-08
   0.55600   -0.552289E-08
   0.55800   -0.538714E-08
   0.56000   -0.526203E-08
   0.56200   -0.522546E-08
   0.56400   -0.536903E-08
   0.56600   -0.579100E-08
   0.56800   -0.659109E-08
   0.57000   -0.785915E-08
   0.57200   -0.967107E-08
   0.57400   -0.120878E-07
   0.57600   -0.151445E-07
   0.57800   -0.188589E-07
   0.58000   -0.232266E-07
   0.58200   -0.282261E-07
   0.58400   -0.338181E-07
   0.58600   -0.399501E-07
   0.58800   -0.465565E-07
   0.59000   -0.535617E-07
   0.59200   -0.608828E-07
   0.59400   -0.684304E-07
   0.59600   -0.761107E-07
   0.59800   -0.838234E-07
   0.60000   -0.914576E-07
   0.60200   -0.988853E-07
   0.60400   -0.105953E-06
   0.60600   -0.112473E-06
   0.60800   -0.118221E-06
   0.61000   -0.122940E-06
   0.61200   -0.126348E-06
   0.61400   -0.128168E-06
   0.61600   -0.128155E-06
   0.61800   -0.126139E-06
   0.62000   -0.122057E-06
   0.62200   -0.115984E-06
   0.62400   -0.108144E-06
   0.62600   -0.989024E-07
   0.62800   -0.887366E-07
   0.63000   -0.781860E-07
   0.63200   -0.677927E-07
   0.63400   -0.580396E-07
   0.63600   -0.492996E-07
   0.63800   -0.417991E-07
   0.64000   -0.356072E-07
   0.64200   -0.306478E-07
   0.64400   -0.267322E-07
   0.64600   -0.236030E-07
   0.64800   -0.209828E-07
   0.65000   -0.186180E-07
   0.65200   -0.163106E-07
   0.65400   -0.139357E-07
   0.65600   -0.114441E-07
   0.65800   -0.885243E-08
   0.66000   -0.622466E-08
   0.66200   -0.365231E-08
   0.66400   -0.123120E-08
   0.66600    0.953198E-09
   0.66800    0.283753E-08
   0.67000    0.438600E-08
   0.67200    0.559006E-08
   0.67400    0.646557E-08
   0.67600    0.704666E-08
   0.67800    0.737921E-08
   0.68000    0.751422E-08
   0.68200    0.750258E-08
   0.68400    0.739192E-08
   0.68600    0.722221E-08
   0.68800    0.702425E-08
   0.69000    0.682097E-08
   0.69200    0.662422E-08
   0.69400    0.643839E-08
   0.69600    0.626239E-08
   0.69800    0.608476E-08
   0.70000    0.589416E-08
   0.70200    0.567593E-08
   0.70400    0.541773E-08
   0.70600    0.511028E-08
   0.70800    0.475071E-08
   0.71000    0.434203E-08
   0.71200    0.389387E-08
   0.71400    0.342071E-08
   0.71600    0.293970E-08
   0.71800    0.246867E-08
   0.72000    0.202224E-08
   0.72200    0.161124E-08
   0.72400    0.124091E-08
   0.72600    0.911511E-09
   0.72800    0.619622E-09
   0.73000    0.360115E-09
   0.73200    0.128394E-09
   0.73400   -0.785682E-10
   0.73600   -0.260562E-09
   0.73800   -0.414963E-09
   0.74000   -0.537653E-09
   0.74200   -0.625000E-09
   0.74400   -0.675819E-09
   0.74600   -0.693145E-09
   0.74800   -0.684974E-09
   0.75000   -0.664298E-09
   0.75200   -0.647612E-09
   0.75400   -0.652679E-09
   0.75600   -0.695701E-09
   0.75800   -0.788436E-09
   0.76000   -0.935931E-09
   0.76200   -0.113520E-08
   0.76400   -0.137525E-08
   0.76600   -0.163839E-08
   0.76800   -0.190283E-08
   0.77000   -0.214589E-08
   0.77200   -0.234768E-08
   0.77400   -0.249433E-08
   0.77600   -0.258042E-08
   0.77800   -0.261011E-08
   0.78000   -0.259696E-08
   0.78200   -0.256213E-08
   0.78400   -0.253151E-08
   0.78600   -0.253203E-08
   0.78800   -0.258766E-08
   0.79000   -0.271576E-08
   0.79200   -0.292424E-08
   0.79400   -0.321003E-08
   0.79600   -0.355913E-08
   0.79800   -0.394813E-08
   0.80000   -0.434711E-08
   0.80200   -0.472363E-08
   0.80400   -0.504684E-08
   0.80600   -0.529171E-08
   0.80800   -0.544232E-08
   0.81000   -0.549396E-08
   0.81200   -0.545390E-08
   0.81400   -0.534048E-08
   0.81600   -0.518099E-08
   0.81800   -0.500843E-08
   0.82000   -0.485765E-08
   0.82200   -0.476137E-08
   0.82400   -0.474640E-08
   0.82600   -0.483071E-08
   0.82800   -0.502134E-08
   0.83000   -0.531363E-08
   0.83200   -0.569170E-08
   0.83400   -0.613010E-08
   0.83600   -0.659653E-08
   0.83800   -0.705525E-08
   0.84000   -0.747086E-08
   0.84200   -0.781190E-08
   0.84400   -0.805410E-08
   0.84600   -0.818267E-08
   0.84800   -0.819360E-08
   0.85000   -0.809384E-08
   0.85200   -0.790032E-08
   0.85400   -0.763810E-08
   0.85600   -0.733779E-08
   0.85800   -0.703261E-08
   0.86000   -0.675533E-08
   0.86200   -0.653537E-08
   0.86400   -0.639632E-08
   0.86600   -0.635411E-08
   0.86800   -0.641576E-08
   0.87000   -0.657904E-08
   0.87200   -0.683298E-08
   0.87400   -0.715903E-08
   0.87600   -0.753303E-08
   0.87800   -0.792750E-08
   0.88000   -0.831433E-08
   0.88200   -0.866733E-08
   0.88400   -0.896452E-08
   0.88600   -0.918987E-08
   0.88800   -0.933432E-08
   0.89000   -0.939607E-08
   0.89200   -0.938014E-08
   0.89400   -0.929734E-08
   0.89600   -0.916284E-08
   0.89800   -0.899464E-08
   0.90000   -0.881198E-08
   0.90200   -0.863400E-08
   0.90400   -0.847866E-08
   0.90600   -0.836177E-08
   0.90800   -0.829631E-08
   0.91000   -0.829197E-08
   0.91200   -0.835466E-08
   0.91400   -0.848612E-08
   0.91600   -0.868382E-08
   0.91800   -0.894086E-08
   0.92000   -0.924629E-08
   0.92200   -0.958568E-08
   0.92400   -0.994208E-08
   0.92600   -0.102973E-07
   0.92800   -0.106334E-07
   0.93000   -0.109341E-07
   0.93200   -0.111865E-07
   0.93400   -0.113819E-07
   0.93600   -0.115167E-07
   0.93800   -0.115927E-07
   0.94000   -0.116166E-07
   0.94200   -0.115998E-07
   0.94400   -0.115567E-07
   0.94600   -0.115040E-07
   0.94800   -0.114588E-07
   0.95000   -0.114372E-07
   0.95200   -0.114532E-07
   0.95400   -0.115173E-07
   0.95600   -0.116358E-07
   0.95800   -0.118103E-07
   0.96000   -0.120373E-07
   0.96200   -0.123089E-07
   0.96400   -0.126132E-07
   0.96600   -0.129355E-07
   0.96800   -0.132593E-07
   0.97000   -0.135683E-07
   0.97200   -0.138473E-07
   0.97400   -0.140837E-07
   0.97600   -0.142682E-07
   0.97800   -0.143956E-07
   0.98000   -0.144647E-07
   0.98200   -0.144781E-07
   0.98400   -0.144412E-07
   0.98600   -0.143622E-07
   0.98800   -0.142508E-07
   0.99000   -0.141176E-07
   0.99200   -0.139743E-07
   0.99400   -0.138325E-07
   0.99600   -0.137042E-07
   0.99800   -0.136013E-07
   1.00000   -0.135350E-07
   1.00200   -0.135156E-07
   1.00400   -0.135514E-07
   1.00600   -0.136481E-07
   1.00800   -0.138074E-07
   1.01000   -0.140267E-07
   1.01200   -0.142986E-07
   1.01400   -0.146106E-07
   1.01600   -0.149466E-07
   1.01800   -0.152871E-07
   1.02000   -0.156119E-07
   1.02200   -0.159011E-07
   1.02400   -0.161378E-07
   1.02600   -0.163092E-07
   1.02800   -0.164081E-07
   1.03000   -0.164337E-07
   1.03200   -0.163912E-07
   1.03400   -0.162912E-07
   1.03600   -0.161490E-07
   1.03800   -0.159823E-07
   1.04000   -0.158102E-07
   1.04200   -0.156513E-07
   1.04400   -0.155218E-07
   1.04600   -0.154348E-07
   1.04800   -0.153993E-07
   1.05000   -0.154198E-07
   1.05200   -0.154960E-07
   1.05400   -0.156237E-07
   1.05600   -0.157949E-07
   1.05800   -0.159991E-07
   1.06000   -0.162242E-07
   1.06200   -0.164577E-07
   1.06400   -0.166880E-07
   1.06600   -0.169052E-07
   1.06800   -0.171018E-07
   1.07000   -0.172736E-07
   1.07200   -0.174194E-07
   1.07400   -0.175409E-07
   1.07600   -0.176419E-07
   1.07800   -0.177275E-07
   1.08000   -0.178030E-07
   1.08200   -0.178732E-07
   1.08400   -0.179412E-07
   1.08600   -0.180082E-07
   1.08800   -0.180736E-07
   1.09000   -0.181351E-07
   1.09200   -0.181895E-07
   1.09400   -0.182338E-07
   1.09600   -0.182657E-07
   1.09800   -0.182847E-07
   1.10000   -0.182926E-07
   1.10200   -0.182933E-07
   1.10400   -0.182929E-07
   1.10600   -0.182988E-07
   1.10800   -0.183187E-07
   1.11000   -0.183596E-07
   1.11200   -0.184269E-07
   1.11400   -0.185234E-07
   1.11600   -0.186488E-07
   1.11800   -0.187998E-07
   1.12000   -0.189701E-07
   1.12200   -0.191516E-07
   1.12400   -0.193351E-07
   1.12600   -0.195113E-07
   1.12800   -0.196722E-07
   1.13000   -0.198118E-07
   1.13200   -0.199266E-07
   1.13400   -0.200160E-07
   1.13600   -0.200822E-07
   1.13800   -0.201295E-07
   1.14000   -0.201640E-07
   1.14200   -0.201923E-07
   1.14400   -0.202213E-07
   1.14600   -0.202573E-07
   1.14800   -0.203048E-07
   1.15000   -0.203672E-07
   1.15200   -0.204455E-07
   1.15400   -0.205392E-07
   1.15600   -0.206460E-07
   1.15800   -0.207623E-07
   1.16000   -0.208836E-07
   1.16200   -0.210050E-07
   1.16400   -0.211217E-07
   1.16600   -0.212295E-07
   1.16800   -0.213252E-07
   1.17000   -0.214068E-07
   1.17200   -0.214739E-07
   1.17400   -0.215281E-07
   1.17600   -0.215721E-07
   1.17800   -0.216106E-07
   1.18000   -0.216491E-07
   1.18200   -0.216937E-07
   1.18400   -0.217505E-07
   1.18600   -0.218250E-07
   1.18800   -0.219212E-07
   1.19000   -0.220413E-07
   1.19200   -0.221853E-07
   1.19400   -0.223508E-07
   1.19600   -0.225336E-07
   1.19800   -0.227274E-07
   1.20000   -0.229252E-07
   1.20200   -0.231195E-07
   1.20400   -0.233032E-07
   1.20600   -0.234706E-07
   1.20800   -0.236174E-07
   1.21000   -0.237412E-07
   1.21200   -0.238417E-07
   1.21400   -0.239202E-07
   1.21600   -0.239798E-07
   1.21800   -0.240245E-07
   1.22000   -0.240593E-07
   1.22200   -0.240896E-07
   1.22400   -0.241210E-07
   1.22600   -0.241590E-07
   1.22800   -0.242093E-07
   1.23000   -0.242771E-07
   1.23200   -0.243672E-07
   1.23400   -0.244836E-07
   1.23600   -0.246295E-07
   1.23800   -0.248059E-07
   1.24000   -0.250123E-07
   1.24200   -0.252454E-07
   1.24400   -0.254993E-07
   1.24600   -0.257656E-07
   1.24800   -0.260336E-07
   1.25000   -0.262915E-07
   1.25200   -0.265269E-07
   1.25400   -0.267287E-07
   1.25600   -0.268878E-07
   1.25800   -0.269986E-07
   1.26000   -0.270593E-07
   1.26200   -0.270726E-07
   1.26400   -0.270454E-07
   1.26600   -0.269882E-07
   1.26800   -0.269140E-07
   1.27000   -0.268373E-07
   1.27200   -0.267727E-07
   1.27400   -0.267338E-07
   1.27600   -0.267322E-07
   1.27800   -0.267767E-07
   1.28000   -0.268729E-07
   1.28200   -0.270229E-07
   1.28400   -0.272253E-07
   1.28600   -0.274755E-07
   1.28800   -0.277660E-07
   1.29000   -0.280870E-07
   1.29200   -0.284271E-07
   1.29400   -0.287738E-07
   1.29600   -0.291147E-07
   1.29800   -0.294381E-07
   1.30000   -0.297339E-07
   1.30200   -0.299942E-07
   1.30400   -0.302140E-07
   1.30600   -0.303912E-07
   1.30800   -0.305266E-07
   1.31000   -0.306242E-07
   1.31200   -0.306903E-07
   1.31400   -0.307330E-07
   1.31600   -0.307620E-07
   1.31800   -0.307876E-07
   1.32000   -0.308203E-07
   1.32200   -0.308696E-07
   1.32400   -0.309439E-07
   1.32600   -0.310496E-07
   1.32800   -0.311903E-07
   1.33000   -0.313667E-07
   1.33200   -0.315760E-07
   1.33400   -0.318122E-07
   1.33600   -0.320662E-07
   1.33800   -0.323268E-07
   1.34000   -0.325819E-07
   1.34200   -0.328195E-07
   1.34400   -0.330296E-07
   1.34600   -0.332053E-07
   1.34800   -0.333439E-07
   1.35000   -0.334478E-07
   1.35200   -0.335240E-07
   1.35400   -0.335844E-07
   1.35600   -0.336439E-07
   1.35800   -0.337187E-07
   1.36000   -0.338251E-07
   1.36200   -0.339764E-07
   1.36400   -0.341817E-07
   1.36600   -0.344440E-07
   1.36800   -0.347596E-07
   1.37000   -0.351180E-07
   1.37200   -0.355028E-07
   1.37400   -0.358936E-07
   1.37600   -0.362683E-07
   1.37800   -0.366062E-07
   1.38000   -0.368904E-07
   1.38200   -0.371106E-07
   1.38400   -0.372646E-07
   1.38600   -0.373588E-07
   1.38800   -0.374079E-07
   1.39000   -0.374329E-07
   1.39200   -0.374587E-07
   1.39400   -0.375104E-07
   1.39600   -0.376107E-07
   1.39800   -0.377760E-07
   1.40000   -0.380147E-07
   1.40200   -0.383262E-07
   1.40400   -0.387004E-07
   1.40600   -0.391198E-07
   1.40800   -0.395617E-07
   1.41000   -0.400015E-07
   1.41200   -0.404161E-07
   1.41400   -0.407874E-07
   1.41600   -0.411045E-07
   1.41800   -0.413649E-07
   1.42000   -0.415746E-07
   1.42200   -0.417462E-07
   1.42400   -0.418970E-07
   1.42600   -0.420452E-07
   1.42800   -0.422071E-07
   1.43000   -0.423941E-07
   1.43200   -0.426109E-07
   1.43400   -0.428549E-07
   1.43600   -0.431173E-07
   1.43800   -0.433850E-07
   1.44000   -0.436433E-07
   1.44200   -0.438790E-07
   1.44400   -0.440833E-07
   1.44600   -0.442533E-07
   1.44800   -0.443929E-07
   1.45000   -0.445124E-07
   1.45200   -0.446263E-07
   1.45400   -0.447507E-07
   1.45600   -0.449011E-07
   1.45800   -0.450891E-07
   1.46000   -0.453212E-07
   1.46200   -0.455979E-07
   1.46400   -0.459143E-07
   1.46600   -0.462613E-07
   1.46800   -0.466278E-07
   1.47000   -0.470024E-07
   1.47200   -0.473754E-07
   1.47400   -0.477393E-07
   1.47600   -0.480892E-07
   1.47800   -0.484220E-07
   1.48000   -0.487349E-07
   1.48200   -0.490250E-07
   1.48400   -0.492877E-07
   1.48600   -0.495172E-07
   1.48800   -0.497066E-07
   1.49000   -0.498499E-07
   1.49200   -0.499424E-07
   1.49400   -0.499830E-07
   1.49600   -0.499743E-07
   1.49800   -0.499229E-07
   1.50000   -0.498384E-07
   1.50200   -0.497319E-07
   1.50400   -0.496138E-07
   1.50600   -0.494930E-07
   1.50800   -0.493748E-07
   1.51000   -0.492606E-07
   1.51200   -0.491487E-07
   1.51400   -0.490344E-07
   1.51600   -0.489116E-07
   1.51800   -0.487738E-07
   1.52000   -0.486149E-07
   1.52200   -0.484298E-07
   1.52400   -0.482143E-07
   1.52600   -0.479651E-07
   1.52800   -0.476795E-07
   1.53000   -0.473553E-07
   1.53200   -0.469908E-07
   1.53400   -0.465846E-07
   1.53600   -0.461364E-07
   1.53800   -0.456466E-07
   1.54000   -0.451165E-07
   1.54200   -0.445485E-07
   1.54400   -0.439451E-07
   1.54600   -0.433096E-07
   1.54800   -0.426448E-07
   1.55000   -0.419534E-07
   1.55200   -0.412375E-07
   1.55400   -0.404986E-07
   1.55600   -0.397377E-07
   1.55800   -0.389552E-07
   1.56000   -0.381510E-07
   1.56200   -0.373245E-07
   1.56400   -0.364748E-07
   1.56600   -0.356005E-07
   1.56800   -0.347000E-07
   1.57000   -0.337716E-07
   1.57200   -0.328135E-07
   1.57400   -0.318240E-07
   1.57600   -0.308014E-07
   1.57800   -0.297444E-07
   1.58000   -0.286519E-07
   1.58200   -0.275234E-07
   1.58400   -0.263588E-07
   1.58600   -0.251588E-07
   1.58800   -0.239252E-07
   1.59000   -0.226607E-07
   1.59200   -0.213693E-07
   1.59400   -0.200558E-07
   1.59600   -0.187263E-07
   1.59800   -0.173876E-07
   1.60000   -0.160467E-07
   1.60200   -0.147108E-07
   1.60400   -0.133868E-07
   1.60600   -0.120810E-07
   1.60800   -0.107987E-07
   1.61000   -0.954385E-08
   1.61200   -0.831963E-08
   1.61400   -0.712799E-08
   1.61600   -0.597004E-08
   1.61800   -0.484626E-08
   1.62000   -0.375675E-08
   1.62200   -0.270134E-08
   1.62400   -0.167970E-08
   1.62600   -0.691195E-09
   1.62800    0.265239E-09
   1.63000    0.119126E-08
   1.63200    0.208925E-08
   1.63400    0.296242E-08
   1.63600    0.381456E-08
   1.63800    0.464982E-08
   1.64000    0.547228E-08
   1.64200    0.628544E-08
   1.64400    0.709187E-08
   1.64600    0.789281E-08
   1.64800    0.868811E-08
   1.65000    0.947630E-08
   1.65200    0.102548E-07
   1.65400    0.110206E-07
   1.65600    0.117701E-07
   1.65800    0.125001E-07
   1.66000    0.132080E-07
   1.66200    0.138913E-07
   1.66400    0.145482E-07
   1.66600    0.151770E-07
   1.66800    0.157758E-07
   1.67000    0.163428E-07
   1.67200    0.168754E-07
   1.67400    0.173712E-07
   1.67600    0.178280E-07
   1.67800    0.182444E-07
   1.68000    0.186203E-07
   1.68200    0.189577E-07
   1.68400    0.192605E-07
   1.68600    0.195350E-07
   1.68800    0.197888E-07
   1.69000    0.200307E-07
   1.69200    0.202692E-07
   1.69400    0.205120E-07
   1.69600    0.207642E-07
   1.69800    0.210286E-07
   1.70000    0.213046E-07
   1.70200    0.215890E-07
   1.70400    0.218760E-07
   1.70600    0.221584E-07
   1.70800    0.224286E-07
   1.71000    0.226793E-07
   1.71200    0.229049E-07
   1.71400    0.231015E-07
   1.71600    0.232676E-07
   1.71800    0.234043E-07
   1.72000    0.235143E-07
   1.72200    0.236020E-07
   1.72400    0.236727E-07
   1.72600    0.237320E-07
   1.72800    0.237847E-07
   1.73000    0.238351E-07
   1.73200    0.238857E-07
   1.73400    0.239376E-07
   1.73600    0.239905E-07
   1.73800    0.240427E-07
   1.74000    0.240919E-07
   1.74200    0.241355E-07
   1.74400    0.241714E-07
   1.74600    0.241989E-07
   1.74800    0.242185E-07
   1.75000    0.242325E-07
   1.75200    0.242451E-07
   1.75400    0.242615E-07
   1.75600    0.242875E-07
   1.75800    0.243287E-07
   1.76000    0.243895E-07
   1.76200    0.244725E-07
   1.76400    0.245779E-07
   1.76600    0.247031E-07
   1.76800    0.248430E-07
   1.77000    0.249905E-07
   1.77200    0.251369E-07
   1.77400    0.252734E-07
   1.77600    0.253915E-07
   1.77800    0.254845E-07
   1.78000    0.255481E-07
   1.78200    0.255809E-07
   1.78400    0.255845E-07
   1.78600    0.255635E-07
   1.78800    0.255247E-07
   1.79000    0.254767E-07
   1.79200    0.254287E-07
   1.79400    0.253898E-07
   1.79600    0.253682E-07
   1.79800    0.253705E-07
   1.80000    0.254013E-07
   1.80200    0.254629E-07
   1.80400    0.255558E-07
   1.80600    0.256781E-07
   1.80800    0.258262E-07
   1.81000    0.259954E-07
   1.81200    0.261796E-07
   1.81400    0.263722E-07
   1.81600    0.265665E-07
   1.81800    0.267560E-07
   1.82000    0.269348E-07
   1.82200    0.270983E-07
   1.82400    0.272433E-07
   1.82600    0.273685E-07
   1.82800    0.274743E-07
   1.83000    0.275631E-07
   1.83200    0.276387E-07
   1.83400    0.277065E-07
   1.83600    0.277724E-07
   1.83800    0.278423E-07
   1.84000    0.279220E-07
   1.84200    0.280163E-07
   1.84400    0.281289E-07
   1.84600    0.282622E-07
   1.84800    0.284173E-07
   1.85000    0.285942E-07
   1.85200    0.287922E-07
   1.85400    0.290103E-07
   1.85600    0.292473E-07
   1.85800    0.295026E-07
   1.86000    0.297758E-07
   1.86200    0.300672E-07
   1.86400    0.303776E-07
   1.86600    0.307075E-07
   1.86800    0.310578E-07
   1.87000    0.314288E-07
   1.87200    0.318201E-07
   1.87400    0.322306E-07
   1.87600    0.326587E-07
   1.87800    0.331022E-07
   1.88000    0.335591E-07
   1.88200    0.340280E-07
   1.88400    0.345085E-07
   1.88600    0.350016E-07
   1.88800    0.355100E-07
   1.89000    0.360379E-07
   1.89200    0.365902E-07
   1.89400    0.371719E-07
   1.89600    0.377860E-07
   1.89800    0.384328E-07
   1.90000    0.391084E-07
   1.90200    0.398031E-07
   1.90400    0.405009E-07
   1.90600    0.411800E-07
   1.90800    0.418147E-07
   1.91000    0.423771E-07
   1.91200    0.428417E-07
   1.91400    0.431886E-07
   1.91600    0.434080E-07
   1.91800    0.435021E-07
   1.92000    0.434862E-07
   1.92200    0.433864E-07
   1.92400    0.432349E-07
   1.92600    0.430617E-07
   1.92800    0.428856E-07
   1.93000    0.427035E-07
   1.93200    0.424827E-07
   1.93400    0.421556E-07
   1.93600    0.416200E-07
   1.93800    0.407465E-07
   1.94000    0.393908E-07
   1.94200    0.374129E-07
   1.94400    0.346978E-07
   1.94600    0.311767E-07
   1.94800    0.268444E-07
   1.95000    0.217695E-07
   1.95200    0.160957E-07
   1.95400    0.100326E-07
   1.95600    0.383801E-08
   1.95800   -0.220737E-08
   1.96000   -0.782756E-08
   1.96200   -0.127786E-07
   1.96400   -0.168705E-07
   1.96600   -0.199824E-07
   1.96800   -0.220676E-07
   1.97000   -0.231508E-07
   1.97200   -0.233170E-07
   1.97400   -0.226963E-07
   1.97600   -0.214456E-07
   1.97800   -0.197317E-07
   1.98000   -0.177159E-07
   1.98200   -0.155428E-07
   1.98400   -0.133332E-07
   1.98600   -0.111807E-07
   1.98800   -0.915155E-08
   1.99000   -0.728632E-08
   1.99200   -0.560408E-08
   1.99400   -0.410596E-08
   1.99600   -0.277988E-08
   1.99800   -0.160451E-08
   2.00000   -0.552935E-09
   2.00200    0.403949E-09
   2.00400    0.129499E-08
   2.00600    0.214627E-08
   2.00800    0.297939E-08
   2.01000    0.380954E-08
   2.01200    0.464412E-08
   2.01400    0.548171E-08
   2.01600    0.631122E-08
   2.01800    0.711261E-08
   2.02000    0.785703E-08
   2.02200    0.850920E-08
   2.02400    0.903144E-08
   2.02600    0.938693E-08
   2.02800    0.954451E-08
   2.03000    0.948288E-08
   2.03200    0.919396E-08
   2.03400    0.868469E-08
   2.03600    0.797696E-08
   2.03800    0.710542E-08
   2.04000    0.611388E-08
   2.04200    0.505037E-08
   2.04400    0.396197E-08
   2.04600    0.289052E-08
   2.04800    0.186913E-08
   2.05000    0.920660E-09
   2.05200    0.577207E-10
   2.05400   -0.715935E-09
   2.05600   -0.140311E-08
   2.05800   -0.201031E-08
   2.06000   -0.254559E-08
   2.06200   -0.301646E-08
   2.06400   -0.342879E-08
   2.06600   -0.378659E-08
   2.06800   -0.409216E-08
   2.07000   -0.434675E-08
   2.07200   -0.455122E-08
   2.07400   -0.470664E-08
   2.07600   -0.481463E-08
   2.07800   -0.487759E-08
   2.08000   -0.489865E-08
   2.08200   -0.488162E-08
   2.08400   -0.483092E-08
   2.08600   -0.475159E-08
   2.08800   -0.464940E-08
   2.09000   -0.453089E-08
   2.09200   -0.440350E-08
   2.09400   -0.427548E-08
   2.09600   -0.415564E-08
   2.09800   -0.405292E-08
   2.10000   -0.397566E-08
   2.10200   -0.393104E-08
   2.10400   -0.392414E-08
   2.10600   -0.395732E-08
   2.10800   -0.402973E-08
   2.11000   -0.413725E-08
   2.11200   -0.427278E-08
   2.11400   -0.442679E-08
   2.11600   -0.458833E-08
   2.11800   -0.474610E-08
   2.12000   -0.488951E-08
   2.12200   -0.500974E-08
   2.12400   -0.510039E-08
   2.12600   -0.515785E-08
   2.12800   -0.518132E-08
   2.13000   -0.517251E-08
   2.13200   -0.513506E-08
   2.13400   -0.507395E-08
   2.13600   -0.499485E-08
   2.13800   -0.490347E-08
   2.14000   -0.480519E-08
   2.14200   -0.470459E-08
   2.14400   -0.460527E-08
   2.14600   -0.450962E-08
   2.14800   -0.441878E-08
   2.15000   -0.433250E-08
   2.15200   -0.424924E-08
   2.15400   -0.416619E-08
   2.15600   -0.407951E-08
   2.15800   -0.398456E-08
   2.16000   -0.387629E-08
   2.16200   -0.374966E-08
   2.16400   -0.360016E-08
   2.16600   -0.342428E-08
   2.16800   -0.321995E-08
   2.17000   -0.298689E-08
   2.17200   -0.272681E-08
   2.17400   -0.244335E-08
   2.17600   -0.214191E-08
   2.17800   -0.182913E-08
   2.18000   -0.151233E-08
   2.18200   -0.119874E-08
   2.18400   -0.894851E-09
   2.18600   -0.605729E-09
   2.18800   -0.334567E-09
   2.19000   -0.824343E-10
   2.19200    0.151772E-09
   2.19400    0.371086E-09
   2.19600    0.580162E-09
   2.19800    0.784753E-09
   2.20000    0.991168E-09
   2.20200    0.120577E-08
   2.20400    0.143453E-08
   2.20600    0.168253E-08
   2.20800    0.195369E-08
   2.21000    0.225053E-08
   2.21200    0.257403E-08
   2.21400    0.292353E-08
   2.21600    0.329682E-08
   2.21800    0.369022E-08
   2.22000    0.409879E-08
   2.22200    0.451669E-08
   2.22400    0.493758E-08
   2.22600    0.535501E-08
   2.22800    0.576282E-08
   2.23000    0.615538E-08
   2.23200    0.652755E-08
   2.23400    0.687440E-08
   2.23600    0.719067E-08
   2.23800    0.746998E-08
   2.24000    0.770409E-08
   2.24200    0.788241E-08
   2.24400    0.799194E-08
   2.24600    0.801794E-08
   2.24800    0.794528E-08
   2.25000    0.776049E-08
   2.25200    0.745416E-08
   2.25400    0.702340E-08
   2.25600    0.647370E-08
   2.25800    0.582001E-08
   2.26000    0.508656E-08
   2.26200    0.430537E-08
   2.26400    0.351367E-08
   2.26600    0.275042E-08
   2.26800    0.205260E-08
   2.27000    0.145172E-08
   2.27200    0.971001E-09
   2.27400    0.623677E-09
   2.27600    0.412531E-09
   2.27800    0.330597E-09
   2.28000    0.362842E-09
   2.28200    0.488524E-09
   2.28400    0.683813E-09
   2.28600    0.924360E-09
   2.28800    0.118748E-08
   2.29000    0.145379E-08
   2.29200    0.170820E-08
   2.29400    0.194030E-08
   2.29600    0.214418E-08
   2.29800    0.231783E-08
   2.30000    0.246232E-08
   2.30200    0.258084E-08
   2.30400    0.267782E-08
   2.30600    0.275810E-08
   2.30800    0.282632E-08
   2.31000    0.288649E-08
   2.31200    0.294170E-08
   2.31400    0.299406E-08
   2.31600    0.304468E-08
   2.31800    0.309373E-08
   2.32000    0.314062E-08
   2.32200    0.318423E-08
   2.32400    0.322292E-08
   2.32600    0.325489E-08
   2.32800    0.327823E-08
   2.33000    0.329104E-08
   2.33200    0.329139E-08
   2.33400    0.327728E-08
   2.33600    0.324650E-08
   2.33800    0.319651E-08
   2.34000    0.312423E-08
   2.34200    0.302605E-08
   2.34400    0.289788E-08
   2.34600    0.273542E-08
   2.34800    0.253455E-08
   2.35000    0.229202E-08
   2.35200    0.200613E-08
   2.35400    0.167733E-08
   2.35600    0.130886E-08
   2.35800    0.906890E-09
   2.36000    0.480485E-09
   2.36200    0.410057E-10
   2.36400   -0.398699E-09
   2.36600   -0.825398E-09
   2.36800   -0.122659E-08
   2.37000   -0.159144E-08
   2.37200   -0.191137E-08
   2.37400   -0.218025E-08
   2.37600   -0.239402E-08
   2.37800   -0.255014E-08
   2.38000   -0.264677E-08
   2.38200   -0.268201E-08
   2.38400   -0.265355E-08
   2.38600   -0.255864E-08
   2.38800   -0.239462E-08
   2.39000   -0.215980E-08
   2.39200   -0.185461E-08
   2.39400   -0.148269E-08
   2.39600   -0.105171E-08
   2.39800   -0.573721E-09
   2.40000   -0.648978E-10
   2.40200    0.455394E-09
   2.40400    0.966008E-09
   2.40600    0.144581E-08
   2.40800    0.187555E-08
   2.41000    0.223953E-08
   2.41200    0.252698E-08
   2.41400    0.273275E-08
   2.41600    0.285745E-08
   2.41800    0.290695E-08
   2.42000    0.289134E-08
   2.42200    0.282363E-08
   2.42400    0.271821E-08
   2.42600    0.258949E-08
   2.42800    0.245068E-08
   2.43000    0.231297E-08
   2.43200    0.218513E-08
   2.43400    0.207341E-08
   2.43600    0.198183E-08
   2.43800    0.191258E-08
   2.44000    0.186661E-08
   2.44200    0.184399E-08
   2.44400    0.184434E-08
   2.44600    0.186699E-08
   2.44800    0.191089E-08
   2.45000    0.197453E-08
   2.45200    0.205573E-08
   2.45400    0.215135E-08
   2.45600    0.225723E-08
   2.45800    0.236822E-08
   2.46000    0.247836E-08
   2.46200    0.258128E-08
   2.46400    0.267071E-08
   2.46600    0.274105E-08
   2.46800    0.278784E-08
   2.47000    0.280822E-08
   2.47200    0.280107E-08
   2.47400    0.276708E-08
   2.47600    0.270853E-08
   2.47800    0.262895E-08
   2.48000    0.253264E-08
   2.48200    0.242432E-08
   2.48400    0.230859E-08
   2.48600    0.218966E-08
   2.48800    0.207110E-08
   2.49000    0.195564E-08
   2.49200    0.184519E-08
   2.49400    0.174077E-08
   2.49600    0.164261E-08
   2.49800    0.155020E-08
   2.50000    0.146244E-08
   2.50200    0.137775E-08
   2.50400    0.129424E-08
   2.50600    0.120989E-08
   2.50800    0.112279E-08
   2.51000    0.103130E-08
   2.51200    0.934279E-09
   2.51400    0.831230E-09
   2.51600    0.722467E-09
   2.51800    0.609190E-09
   2.52000    0.493494E-09
   2.52200    0.378312E-09
   2.52400    0.267235E-09
   2.52600    0.164222E-09
   2.52800    0.732094E-10
   2.53000   -0.232365E-11
   2.53200   -0.598612E-10
   2.53400   -0.982373E-10
   2.53600   -0.117918E-09
   2.53800   -0.121090E-09
   2.54000   -0.111467E-09
   2.54200   -0.938620E-10
   2.54400   -0.735708E-10
   2.54600   -0.555892E-10
   2.54800   -0.438811E-10
   2.55000   -0.407566E-10
   2.55200   -0.464830E-10
   2.55400   -0.592268E-10
   2.55600   -0.752907E-10
   2.55800   -0.897008E-10
   2.56000   -0.969698E-10
   2.56200   -0.919907E-10
   2.56400   -0.708828E-10
   2.56600   -0.317001E-10
   2.56800    0.251505E-10
   2.57000    0.968141E-10
   2.57200    0.178249E-09
   2.57400    0.262841E-09
   2.57600    0.343273E-09
   2.57800    0.412511E-09
   2.58000    0.464787E-09
   2.58200    0.496462E-09
   2.58400    0.506546E-09
   2.58600    0.496858E-09
   2.58800    0.471738E-09
   2.59000    0.437393E-09
   2.59200    0.400949E-09
   2.59400    0.369354E-09
   2.59600    0.348336E-09
   2.59800    0.341566E-09
   2.60000    0.350217E-09
   2.60200    0.372916E-09
   2.60400    0.406111E-09
   2.60600    0.444835E-09
   2.60800    0.483615E-09
   2.61000    0.517450E-09
   2.61200    0.542630E-09
   2.61400    0.557292E-09
   2.61600    0.561610E-09
   2.61800    0.557592E-09
   2.62000    0.548592E-09
   2.62200    0.538559E-09
   2.62400    0.531253E-09
   2.62600    0.529520E-09
   2.62800    0.534772E-09
   2.63000    0.546770E-09
   2.63200    0.563728E-09
   2.63400    0.582729E-09
   2.63600    0.600328E-09
   2.63800    0.613285E-09
   2.64000    0.619250E-09
   2.64200    0.617284E-09
   2.64400    0.608147E-09
   2.64600    0.594254E-09
   2.64800    0.579351E-09
   2.65000    0.567941E-09
   2.65200    0.564561E-09
   2.65400    0.573035E-09
   2.65600    0.595813E-09
   2.65800    0.633518E-09
   2.66000    0.684760E-09
   2.66200    0.746248E-09
   2.66400    0.813178E-09
   2.66600    0.879882E-09
   2.66800    0.940555E-09
   2.67000    0.990046E-09
   2.67200    0.102453E-08
   2.67400    0.104199E-08
   2.67600    0.104247E-08
   2.67800    0.102794E-08
   2.68000    0.100210E-08
   2.68200    0.969771E-09
   2.68400    0.936362E-09
   2.68600    0.907214E-09
   2.68800    0.887082E-09
   2.69000    0.879741E-09
   2.69200    0.887668E-09
   2.69400    0.911906E-09
   2.69600    0.952044E-09
   2.69800    0.100626E-08
   2.70000    0.107150E-08
   2.70200    0.114369E-08
   2.70400    0.121809E-08
   2.70600    0.128975E-08
   2.70800    0.135404E-08
   2.71000    0.140725E-08
   2.71200    0.144709E-08
   2.71400    0.147303E-08
   2.71600    0.148649E-08
   2.71800    0.149056E-08
   2.72000    0.148955E-08
   2.72200    0.148819E-08
   2.72400    0.149078E-08
   2.72600    0.150035E-08
   2.72800    0.151809E-08
   2.73000    0.154308E-08
   2.73200    0.157246E-08
   2.73400    0.160205E-08
   2.73600    0.162709E-08
   2.73800    0.164328E-08
   2.74000    0.164756E-08
   2.74200    0.163869E-08
   2.74400    0.161742E-08
   2.74600    0.158626E-08
   2.74800    0.154884E-08
   2.75000    0.150912E-08
   2.75200    0.147059E-08
   2.75400    0.143558E-08
   2.75600    0.140491E-08
   2.75800    0.137792E-08
   2.76000    0.135286E-08
   2.76200    0.132739E-08
   2.76400    0.129931E-08
   2.76600    0.126705E-08
   2.76800    0.122994E-08
   2.77000    0.118817E-08
   2.77200    0.114236E-08
   2.77400    0.109292E-08
   2.77600    0.103938E-08
   2.77800    0.979657E-09
   2.78000    0.909782E-09
   2.78200    0.823839E-09
   2.78400    0.714372E-09
   2.78600    0.573224E-09
   2.78800    0.392695E-09
   2.79000    0.165650E-09
   2.79200   -0.112776E-09
   2.79400   -0.445236E-09
   2.79600   -0.832208E-09
   2.79800   -0.127268E-08
   2.80000   -0.176511E-08
   2.80200   -0.230869E-08
   2.80400   -0.290442E-08
   2.80600   -0.355580E-08
   2.80800   -0.426867E-08
   2.81000   -0.504999E-08
   2.81200   -0.590542E-08
   2.81400   -0.683567E-08
   2.81600   -0.783205E-08
   2.81800   -0.887155E-08
   2.82000   -0.991246E-08
   2.82200   -0.108913E-07
   2.82400   -0.117222E-07
   2.82600   -0.122994E-07
   2.82800   -0.125035E-07
   2.83000   -0.122115E-07
   2.83200   -0.113098E-07
   2.83400   -0.970863E-08
   2.83600   -0.735648E-08
   2.83800   -0.425164E-08
   2.84000   -0.449088E-09
   2.84200    0.393902E-08
   2.84400    0.874990E-08
   2.84600    0.137835E-07
   2.84800    0.188208E-07
   2.85000    0.236451E-07
   2.85200    0.280624E-07
   2.85400    0.319191E-07
   2.85600    0.351139E-07
   2.85800    0.376030E-07
   2.86000    0.393980E-07
   2.86200    0.405581E-07
   2.86400    0.411776E-07
   2.86600    0.413715E-07
   2.86800    0.412612E-07
   2.87000    0.409621E-07
   2.87200    0.405739E-07
   2.87400    0.401749E-07
   2.87600    0.398199E-07
   2.87800    0.395409E-07
   2.88000    0.393500E-07
   2.88200    0.392439E-07
   2.88400    0.392087E-07
   2.88600    0.392248E-07
   2.88800    0.392708E-07
   2.89000    0.393276E-07
   2.89200    0.393804E-07
   2.89400    0.394202E-07
   2.89600    0.394445E-07
   2.89800    0.394563E-07
   2.90000    0.394639E-07
   2.90200    0.394783E-07
   2.90400    0.395118E-07
   2.90600    0.395761E-07
   2.90800    0.396803E-07
   2.91000    0.398297E-07
   2.91200    0.400255E-07
   2.91400    0.402635E-07
   2.91600    0.405345E-07
   2.91800    0.408253E-07
   2.92000    0.411186E-07
   2.92200    0.413941E-07
   2.92400    0.416294E-07
   2.92600    0.418014E-07
   2.92800    0.418872E-07
   2.93000    0.418662E-07
   2.93200    0.417214E-07
   2.93400    0.414414E-07
   2.93600    0.410218E-07
   2.93800    0.404666E-07
   2.94000    0.397882E-07
   2.94200    0.390070E-07
   2.94400    0.381503E-07
   2.94600    0.372501E-07
   2.94800    0.363402E-07
   2.95000    0.354532E-07
   2.95200    0.346179E-07
   2.95400    0.338568E-07
   2.95600    0.331842E-07
   2.95800    0.326055E-07
   2.96000    0.321169E-07
   2.96200    0.317066E-07
   2.96400    0.313561E-07
   2.96600    0.310429E-07
   2.96800    0.307424E-07
   2.97000    0.304315E-07
   2.97200    0.300906E-07
   2.97400    0.297063E-07
   2.97600    0.292730E-07
   2.97800    0.287933E-07
   2.98000    0.282781E-07
   2.98200    0.277446E-07
   2.98400    0.272147E-07
   2.98600    0.267117E-07
   2.98800    0.262572E-07
   2.99000    0.258683E-07
   2.99200    0.255557E-07
   2.99400    0.253220E-07
   2.99600    0.251618E-07
   2.99800    0.250627E-07
   3.00000    0.250071E-07
   3.00200    0.249745E-07
   3.00400    0.249445E-07
   3.00600    0.248984E-07
   3.00800    0.248217E-07
   3.01000    0.247051E-07
   3.01200    0.245445E-07
   3.01400    0.243412E-07
   3.01600    0.241003E-07
   3.01800    0.238300E-07
   3.02000    0.235403E-07
   3.02200    0.232413E-07
   3.02400    0.229428E-07
   3.02600    0.226535E-07
   3.02800    0.223806E-07
   3.03000    0.221296E-07
   3.03200    0.219042E-07
   3.03400    0.217067E-07
   3.03600    0.215379E-07
   3.03800    0.213969E-07
   3.04000    0.212817E-07
   3.04200    0.211893E-07
   3.04400    0.211157E-07
   3.04600    0.210566E-07
   3.04800    0.210071E-07
   3.05000    0.209627E-07
   3.05200    0.209189E-07
   3.05400    0.208721E-07
   3.05600    0.208188E-07
   3.05800    0.207566E-07
   3.06000    0.206836E-07
   3.06200    0.205990E-07
   3.06400    0.205031E-07
   3.06600    0.203973E-07
   3.06800    0.202846E-07
   3.07000    0.201696E-07
   3.07200    0.200582E-07
   3.07400    0.199576E-07
   3.07600    0.198756E-07
   3.07800    0.198206E-07
   3.08000    0.198002E-07
   3.08200    0.198207E-07
   3.08400    0.198864E-07
   3.08600    0.199989E-07
   3.08800    0.201559E-07
   3.09000    0.203519E-07
   3.09200    0.205771E-07
   3.09400    0.208182E-07
   3.09600    0.210590E-07
   3.09800    0.212812E-07
   3.10000    0.214659E-07
   3.10200    0.215948E-07
   3.10400    0.216523E-07
   3.10600    0.216269E-07
   3.10800    0.215127E-07
   3.11000    0.213106E-07
   3.11200    0.210290E-07
   3.11400    0.206835E-07
   3.11600    0.202965E-07
   3.11800    0.198954E-07
   3.12000    0.195105E-07
   3.12200    0.191721E-07
   3.12400    0.189082E-07
   3.12600    0.187412E-07
   3.12800    0.186858E-07
   3.13000    0.187478E-07
   3.13200    0.189232E-07
   3.13400    0.191989E-07
   3.13600    0.195537E-07
   3.13800    0.199600E-07
   3.14000    0.203863E-07
   3.14200    0.207989E-07
   3.14400    0.211643E-07
   3.14600    0.214506E-07
   3.14800    0.216294E-07
   3.15000    0.216769E-07
   3.15200    0.215752E-07
   3.15400    0.213141E-07
   3.15600    0.208918E-07
   3.15800    0.203166E-07
   3.16000    0.196077E-07
   3.16200    0.187950E-07
   3.16400    0.179189E-07
   3.16600    0.170281E-07
   3.16800    0.161766E-07
   3.17000    0.154202E-07
   3.17200    0.148115E-07
   3.17400    0.143958E-07
   3.17600    0.142073E-07
   3.17800    0.142655E-07
   3.18000    0.145745E-07
   3.18200    0.151222E-07
   3.18400    0.158822E-07
   3.18600    0.168155E-07
   3.18800    0.178742E-07
   3.19000    0.190051E-07
   3.19200    0.201525E-07
   3.19400    0.212619E-07
   3.19600    0.222830E-07
   3.19800    0.231717E-07
   3.20000    0.238932E-07
   3.20200    0.244232E-07
   3.20400    0.247505E-07
   3.20600    0.248776E-07
   3.20800    0.248215E-07
   3.21000    0.246137E-07
   3.21200    0.242983E-07
   3.21400    0.239294E-07
   3.21600    0.235671E-07
   3.21800    0.232720E-07
   3.22000    0.231006E-07
   3.22200    0.230988E-07
   3.22400    0.232980E-07
   3.22600    0.237107E-07
   3.22800    0.243291E-07
   3.23000    0.251257E-07
   3.23200    0.260546E-07
   3.23400    0.270563E-07
   3.23600    0.280632E-07
   3.23800    0.290066E-07
   3.24000    0.298243E-07
   3.24200    0.304674E-07
   3.24400    0.309073E-07
   3.24600    0.311395E-07
   3.24800    0.311860E-07
   3.25000    0.310937E-07
   3.25200    0.309301E-07
   3.25400    0.307751E-07
   3.25600    0.307106E-07
   3.25800    0.308087E-07
   3.26000    0.311201E-07
   3.26200    0.316643E-07
   3.26400    0.324224E-07
   3.26600    0.333349E-07
   3.26800    0.343029E-07
   3.27000    0.351955E-07
   3.27200    0.358588E-07
   3.27400    0.361299E-07
   3.27600    0.358507E-07
   3.27800    0.348835E-07
   3.28000    0.331244E-07
   3.28200    0.305155E-07
   3.28400    0.270537E-07
   3.28600    0.227949E-07
   3.28800    0.178538E-07
   3.29000    0.123975E-07
   3.29200    0.663431E-08
   3.29400    0.798250E-09
   3.29600   -0.487015E-08
   3.29800   -0.101433E-07
   3.30000   -0.148250E-07
   3.30200   -0.187649E-07
   3.30400   -0.218681E-07
   3.30600   -0.240984E-07
   3.30800   -0.254745E-07
   3.31000   -0.260628E-07
   3.31200   -0.259644E-07
   3.31400   -0.253025E-07
   3.31600   -0.242079E-07
   3.31800   -0.228083E-07
   3.32000   -0.212189E-07
   3.32200   -0.195369E-07
   3.32400   -0.178388E-07
   3.32600   -0.161806E-07
   3.32800   -0.145998E-07
   3.33000   -0.131183E-07
   3.33200   -0.117462E-07
   3.33400   -0.104850E-07
   3.33600   -0.933096E-08
   3.33800   -0.827717E-08
   3.34000   -0.731542E-08
   3.34200   -0.643763E-08
   3.34400   -0.563603E-08
   3.34600   -0.490323E-08
   3.34800   -0.423236E-08
   3.35000   -0.361642E-08
   3.35200   -0.304884E-08
   3.35400   -0.252233E-08
   3.35600   -0.202962E-08
   3.35800   -0.156350E-08
   3.36000   -0.111715E-08
   3.36200   -0.684617E-09
   3.36400   -0.261072E-09
   3.36600    0.156671E-09
   3.36800    0.570089E-09
   3.37000    0.979069E-09
   3.37200    0.138212E-08
   3.37400    0.177677E-08
   3.37600    0.216004E-08
   3.37800    0.252907E-08
   3.38000    0.288156E-08
   3.38200    0.321619E-08
   3.38400    0.353289E-08
   3.38600    0.383299E-08
   3.38800    0.411908E-08
   3.39000    0.439488E-08
   3.39200    0.466478E-08
   3.39400    0.493348E-08
   3.39600    0.520549E-08
   3.39800    0.548462E-08
   3.40000    0.577365E-08
   3.40200    0.607402E-08
   3.40400    0.638572E-08
   3.40600    0.670731E-08
   3.40800    0.703613E-08
   3.41000    0.736852E-08
   3.41200    0.770020E-08
   3.41400    0.802657E-08
   3.41600    0.834304E-08
   3.41800    0.864523E-08
   3.42000    0.892923E-08
   3.42200    0.919170E-08
   3.42400    0.943000E-08
   3.42600    0.964232E-08
   3.42800    0.982772E-08
   3.43000    0.998627E-08
   3.43200    0.101191E-07
   3.43400    0.102282E-07
   3.43600    0.103169E-07
   3.43800    0.103887E-07
   3.44000    0.104478E-07
   3.44200    0.104986E-07
   3.44400    0.105449E-07
   3.44600    0.105899E-07
   3.44800    0.106358E-07
   3.45000    0.106840E-07
   3.45200    0.107343E-07
   3.45400    0.107859E-07
   3.45600    0.108369E-07
   3.45800    0.108851E-07
   3.46000    0.109280E-07
   3.46200    0.109631E-07
   3.46400    0.109882E-07
   3.46600    0.110015E-07
   3.46800    0.110015E-07
   3.47000    0.109875E-07
   3.47200    0.109590E-07
   3.47400    0.109161E-07
   3.47600    0.108595E-07
   3.47800    0.107903E-07
   3.48000    0.107106E-07
   3.48200    0.106231E-07
   3.48400    0.105314E-07
   3.48600    0.104401E-07
   3.48800    0.103550E-07
   3.49000    0.102832E-07
   3.49200    0.102328E-07
   3.49400    0.102134E-07
   3.49600    0.102356E-07
   3.49800    0.103114E-07
   3.50000    0.104533E-07
   3.50200    0.106747E-07
   3.50400    0.109886E-07
   3.50600    0.114074E-07
   3.50800    0.119423E-07
   3.51000    0.126021E-07
   3.51200    0.133925E-07
   3.51400    0.143158E-07
   3.51600    0.153703E-07
   3.51800    0.165498E-07
   3.52000    0.178445E-07
   3.52200    0.192408E-07
   3.52400    0.207220E-07
   3.52600    0.222697E-07
   3.52800    0.238641E-07
   3.53000    0.254851E-07
   3.53200    0.271136E-07
   3.53400    0.287319E-07
   3.53600    0.303247E-07
   3.53800    0.318801E-07
   3.54000    0.333881E-07
   3.54200    0.348446E-07
   3.54400    0.362485E-07
   3.54600    0.376034E-07
   3.54800    0.389170E-07
   3.55000    0.402012E-07
   3.55200    0.414717E-07
   3.55400    0.427470E-07
   3.55600    0.440479E-07
   3.55800    0.453955E-07
   3.56000    0.468094E-07
   3.56200    0.483049E-07
   3.56400    0.498893E-07
   3.56600    0.515573E-07
   3.56800    0.532869E-07
   3.57000    0.550334E-07
   3.57200    0.567261E-07
   3.57400    0.582654E-07
   3.57600    0.595235E-07
   3.57800    0.603488E-07
   3.58000    0.605757E-07
   3.58200    0.600380E-07
   3.58400    0.585879E-07
   3.58600    0.561162E-07
   3.58800    0.525723E-07
   3.59000    0.479800E-07
   3.59200    0.424473E-07
   3.59400    0.361658E-07
   3.59600    0.293992E-07
   3.59800    0.224629E-07
   3.60000    0.156946E-07
   3.60200    0.942172E-08
   3.60400    0.392979E-08
   3.60600   -0.563962E-09
   3.60800   -0.392768E-08
   3.61000   -0.612081E-08
   3.61200   -0.718893E-08
   3.61400   -0.724894E-08
   3.61600   -0.646809E-08
   3.61800   -0.504037E-08
   3.62000   -0.316399E-08
   3.62200   -0.102286E-08
   3.62400    0.122631E-08
   3.62600    0.346068E-08
   3.62800    0.559238E-08
   3.63000    0.756531E-08
   3.63200    0.934947E-08
   3.63400    0.109343E-07
   3.63600    0.123225E-07
   3.63800    0.135245E-07
   3.64000    0.145556E-07
   3.64200    0.154331E-07
   3.64400    0.161753E-07
   3.64600    0.168016E-07
   3.64800    0.173311E-07
   3.65000    0.177830E-07
   3.65200    0.181756E-07
   3.65400    0.185251E-07
   3.65600    0.188452E-07
   3.65800    0.191460E-07
   3.66000    0.194340E-07
   3.66200    0.197125E-07
   3.66400    0.199804E-07
   3.66600    0.202361E-07
   3.66800    0.204769E-07
   3.67000    0.207005E-07
   3.67200    0.209061E-07
   3.67400    0.210951E-07
   3.67600    0.212707E-07
   3.67800    0.214381E-07
   3.68000    0.216033E-07
   3.68200    0.217725E-07
   3.68400    0.219506E-07
   3.68600    0.221410E-07
   3.68800    0.223442E-07
   3.69000    0.225584E-07
   3.69200    0.227789E-07
   3.69400    0.229994E-07
   3.69600    0.232123E-07
   3.69800    0.234100E-07
   3.70000    0.235857E-07
   3.70200    0.237347E-07
   3.70400    0.238545E-07
   3.70600    0.239458E-07
   3.70800    0.240117E-07
   3.71000    0.240576E-07
   3.71200    0.240908E-07
   3.71400    0.241189E-07
   3.71600    0.241496E-07
   3.71800    0.241891E-07
   3.72000    0.242420E-07
   3.72200    0.243103E-07
   3.72400    0.243938E-07
   3.72600    0.244898E-07
   3.72800    0.245940E-07
   3.73000    0.247006E-07
   3.73200    0.248039E-07
   3.73400    0.248983E-07
   3.73600    0.249797E-07
   3.73800    0.250455E-07
   3.74000    0.250953E-07
   3.74200    0.251306E-07
   3.74400    0.251547E-07
   3.74600    0.251723E-07
   3.74800    0.251885E-07
   3.75000    0.252086E-07
   3.75200    0.252367E-07
   3.75400    0.252761E-07
   3.75600    0.253278E-07
   3.75800    0.253912E-07
   3.76000    0.254638E-07
   3.76200    0.255413E-07
   3.76400    0.256183E-07
   3.76600    0.256889E-07
   3.76800    0.257471E-07
   3.77000    0.257876E-07
   3.77200    0.258063E-07
   3.77400    0.258006E-07
   3.77600    0.257698E-07
   3.77800    0.257151E-07
   3.78000    0.256394E-07
   3.78200    0.255470E-07
   3.78400    0.254435E-07
   3.78600    0.253346E-07
   3.78800    0.252266E-07
   3.79000    0.251248E-07
   3.79200    0.250341E-07
   3.79400    0.249579E-07
   3.79600    0.248983E-07
   3.79800    0.248563E-07
   3.80000    0.248310E-07
   3.80200    0.248205E-07
   3.80400    0.248219E-07
   3.80600    0.248312E-07
   3.80800    0.248437E-07
   3.81000    0.248546E-07
   3.81200    0.248589E-07
   3.81400    0.248517E-07
   3.81600    0.248290E-07
   3.81800    0.247873E-07
   3.82000    0.247246E-07
   3.82200    0.246398E-07
   3.82400    0.245332E-07
   3.82600    0.244061E-07
   3.82800    0.242606E-07
   3.83000    0.240995E-07
   3.83200    0.239254E-07
   3.83400    0.237412E-07
   3.83600    0.235490E-07
   3.83800    0.233508E-07
   3.84000    0.231479E-07
   3.84200    0.229412E-07
   3.84400    0.227317E-07
   3.84600    0.225199E-07
   3.84800    0.223066E-07
   3.85000    0.220922E-07
   3.85200    0.218772E-07
   3.85400    0.216615E-07
   3.85600    0.214449E-07
   3.85800    0.212263E-07
   3.86000    0.210042E-07
   3.86200    0.207768E-07
   3.86400    0.205418E-07
   3.86600    0.202970E-07
   3.86800    0.200402E-07
   3.87000    0.197698E-07
   3.87200    0.194847E-07
   3.87400    0.191841E-07
   3.87600    0.188679E-07
   3.87800    0.185363E-07
   3.88000    0.181895E-07
   3.88200    0.178281E-07
   3.88400    0.174522E-07
   3.88600    0.170620E-07
   3.88800    0.166574E-07
   3.89000    0.162386E-07
   3.89200    0.158057E-07
   3.89400    0.153594E-07
   3.89600    0.149008E-07
   3.89800    0.144322E-07
   3.90000    0.139565E-07
   3.90200    0.134779E-07
   3.90400    0.130015E-07
   3.90600    0.125329E-07
   3.90800    0.120784E-07
   3.91000    0.116444E-07
   3.91200    0.112369E-07
   3.91400    0.108613E-07
   3.91600    0.105219E-07
   3.91800    0.102213E-07
   3.92000    0.996084E-08
   3.92200    0.973977E-08
   3.92400    0.955570E-08
   3.92600    0.940459E-08
   3.92800    0.928103E-08
   3.93000    0.917868E-08
   3.93200    0.909074E-08
   3.93400    0.901047E-08
   3.93600    0.893175E-08
   3.93800    0.884953E-08
   3.94000    0.876020E-08
   3.94200    0.866173E-08
   3.94400    0.855371E-08
   3.94600    0.843708E-08
   3.94800    0.831371E-08
   3.95000    0.818596E-08
   3.95200    0.805604E-08
   3.95400    0.792560E-08
   3.95600    0.779540E-08
   3.95800    0.766515E-08
   3.96000    0.753372E-08
   3.96200    0.739936E-08
   3.96400    0.726023E-08
   3.96600    0.711479E-08
   3.96800    0.696218E-08
   3.97000    0.680235E-08
   3.97200    0.663599E-08
   3.97400    0.646417E-08
   3.97600    0.628786E-08
   3.97800    0.610742E-08
   3.98000    0.592212E-08
   3.98200    0.572995E-08
   3.98400    0.552767E-08
   3.98600    0.531120E-08
   3.98800    0.507621E-08
   3.99000    0.481892E-08
   3.99200    0.453687E-08
   3.99400    0.422951E-08
   3.99600    0.389860E-08
   3.99800    0.354827E-08
   4.00000    0.318475E-08
