   0.00000    0.000000E+00
   0.00200    0.000000E+00
   0.00400    0.000000E+00
   0.00600    0.000000E+00
   0.00800    0.000000E+00
   0.01000    0.000000E+00
   0.01200    0.000000E+00
   0.01400    0.000000E+00
   0.01600    0.000000E+00
   0.01800    0.000000E+00
   0.02000    0.000000E+00
   0.02200    0.000000E+00
   0.02400    0.000000E+00
   0.02600    0.228922E-10
   0.02800    0.673773E-10
   0.03000    0.144443E-09
   0.03200    0.289322E-09
   0.03400    0.562880E-09
   0.03600    0.106716E-08
   0.03800    0.197355E-08
   0.04000    0.356170E-08
   0.04200    0.627349E-08
   0.04400    0.107846E-07
   0.04600    0.180937E-07
   0.04800    0.296261E-07
   0.05000    0.473411E-07
   0.05200    0.738304E-07
   0.05400    0.112374E-06
   0.05600    0.166929E-06
   0.05800    0.242011E-06
   0.06000    0.342433E-06
   0.06200    0.472882E-06
   0.06400    0.637336E-06
   0.06600    0.838341E-06
   0.06800    0.107624E-05
   0.07000    0.134843E-05
   0.07200    0.164882E-05
   0.07400    0.196759E-05
   0.07600    0.229141E-05
   0.07800    0.260410E-05
   0.08000    0.288788E-05
   0.08200    0.312488E-05
   0.08400    0.329896E-05
   0.08600    0.339746E-05
   0.08800    0.341259E-05
   0.09000    0.334240E-05
   0.09200    0.319100E-05
   0.09400    0.296811E-05
   0.09600    0.268795E-05
   0.09800    0.236767E-05
   0.10000    0.202556E-05
   0.10200    0.167930E-05
   0.10400    0.134445E-05
   0.10600    0.103344E-05
   0.10800    0.754950E-06
   0.11000    0.513903E-06
   0.11200    0.311817E-06
   0.11400    0.147458E-06
   0.11600    0.176361E-07
   0.11800   -0.819851E-07
   0.12000   -0.156180E-06
   0.12200   -0.209615E-06
   0.12400   -0.246492E-06
   0.12600   -0.270368E-06
   0.12800   -0.284128E-06
   0.13000   -0.290049E-06
   0.13200   -0.289922E-06
   0.13400   -0.285181E-06
   0.13600   -0.277016E-06
   0.13800   -0.266449E-06
   0.14000   -0.254373E-06
   0.14200   -0.241565E-06
   0.14400   -0.228677E-06
   0.14600   -0.216221E-06
   0.14800   -0.204575E-06
   0.15000   -0.193940E-06
   0.15200   -0.184409E-06
   0.15400   -0.175982E-06
   0.15600   -0.168588E-06
   0.15800   -0.162123E-06
   0.16000   -0.156477E-06
   0.16200   -0.151561E-06
   0.16400   -0.147304E-06
   0.16600   -0.143658E-06
   0.16800   -0.140579E-06
   0.17000   -0.138020E-06
   0.17200   -0.135910E-06
   0.17400   -0.134152E-06
   0.17600   -0.132620E-06
   0.17800   -0.131171E-06
   0.18000   -0.129658E-06
   0.18200   -0.127953E-06
   0.18400   -0.125964E-06
   0.18600   -0.123652E-06
   0.18800   -0.121037E-06
   0.19000   -0.118195E-06
   0.19200   -0.115240E-06
   0.19400   -0.112310E-06
   0.19600   -0.109538E-06
   0.19800   -0.107034E-06
   0.20000   -0.104864E-06
   0.20200   -0.103042E-06
   0.20400   -0.101529E-06
   0.20600   -0.100245E-06
   0.20800   -0.990829E-07
   0.21000   -0.979338E-07
   0.21200   -0.967038E-07
   0.21400   -0.953328E-07
   0.21600   -0.938051E-07
   0.21800   -0.921504E-07
   0.22000   -0.904370E-07
   0.22200   -0.887583E-07
   0.22400   -0.872148E-07
   0.22600   -0.858946E-07
   0.22800   -0.848580E-07
   0.23000   -0.841266E-07
   0.23200   -0.836797E-07
   0.23400   -0.834585E-07
   0.23600   -0.833760E-07
   0.23800   -0.833312E-07
   0.24000   -0.832247E-07
   0.24200   -0.829716E-07
   0.24400   -0.825119E-07
   0.24600   -0.818145E-07
   0.24800   -0.808771E-07
   0.25000   -0.797203E-07
   0.25200   -0.783803E-07
   0.25400   -0.768995E-07
   0.25600   -0.753197E-07
   0.25800   -0.736766E-07
   0.26000   -0.719993E-07
   0.26200   -0.703112E-07
   0.26400   -0.686343E-07
   0.26600   -0.669939E-07
   0.26800   -0.654221E-07
   0.27000   -0.639598E-07
   0.27200   -0.626550E-07
   0.27400   -0.615579E-07
   0.27600   -0.607140E-07
   0.27800   -0.601558E-07
   0.28000   -0.598945E-07
   0.28200   -0.599139E-07
   0.28400   -0.601680E-07
   0.28600   -0.605822E-07
   0.28800   -0.610591E-07
   0.29000   -0.614874E-07
   0.29200   -0.617541E-07
   0.29400   -0.617569E-07
   0.29600   -0.614162E-07
   0.29800   -0.606844E-07
   0.30000   -0.595522E-07
   0.30200   -0.580503E-07
   0.30400   -0.562463E-07
   0.30600   -0.542381E-07
   0.30800   -0.521437E-07
   0.31000   -0.500889E-07
   0.31200   -0.481947E-07
   0.31400   -0.465654E-07
   0.31600   -0.452794E-07
   0.31800   -0.443826E-07
   0.32000   -0.438862E-07
   0.32200   -0.437676E-07
   0.32400   -0.439754E-07
   0.32600   -0.444361E-07
   0.32800   -0.450616E-07
   0.33000   -0.457581E-07
   0.33200   -0.464326E-07
   0.33400   -0.469997E-07
   0.33600   -0.473851E-07
   0.33800   -0.475296E-07
   0.34000   -0.473909E-07
   0.34200   -0.469452E-07
   0.34400   -0.461889E-07
   0.34600   -0.451396E-07
   0.34800   -0.438363E-07
   0.35000   -0.423381E-07
   0.35200   -0.407215E-07
   0.35400   -0.390749E-07
   0.35600   -0.374916E-07
   0.35800   -0.360609E-07
   0.36000   -0.348586E-07
   0.36200   -0.339394E-07
   0.36400   -0.333304E-07
   0.36600   -0.330287E-07
   0.36800   -0.330024E-07
   0.37000   -0.331954E-07
   0.37200   -0.335344E-07
   0.37400   -0.339380E-07
   0.37600   -0.343253E-07
   0.37800   -0.346239E-07
   0.38000   -0.347746E-07
   0.38200   -0.347354E-07
   0.38400   -0.344824E-07
   0.38600   -0.340100E-07
   0.38800   -0.333292E-07
   0.39000   -0.324675E-07
   0.39200   -0.314668E-07
   0.39400   -0.303821E-07
   0.39600   -0.292793E-07
   0.39800   -0.282306E-07
   0.40000   -0.273097E-07
   0.40200   -0.265848E-07
   0.40400   -0.261102E-07
   0.40600   -0.259199E-07
   0.40800   -0.260214E-07
   0.41000   -0.263937E-07
   0.41200   -0.269878E-07
   0.41400   -0.277328E-07
   0.41600   -0.285431E-07
   0.41800   -0.293289E-07
   0.42000   -0.300067E-07
   0.42200   -0.305084E-07
   0.42400   -0.307873E-07
   0.42600   -0.308221E-07
   0.42800   -0.306169E-07
   0.43000   -0.301978E-07
   0.43200   -0.296086E-07
   0.43400   -0.289041E-07
   0.43600   -0.281442E-07
   0.43800   -0.273877E-07
   0.44000   -0.266869E-07
   0.44200   -0.260839E-07
   0.44400   -0.256079E-07
   0.44600   -0.252737E-07
   0.44800   -0.250813E-07
   0.45000   -0.250189E-07
   0.45200   -0.250642E-07
   0.45400   -0.251886E-07
   0.45600   -0.253612E-07
   0.45800   -0.255518E-07
   0.46000   -0.257342E-07
   0.46200   -0.258870E-07
   0.46400   -0.259934E-07
   0.46600   -0.260404E-07
   0.46800   -0.260164E-07
   0.47000   -0.259099E-07
   0.47200   -0.257088E-07
   0.47400   -0.254008E-07
   0.47600   -0.249759E-07
   0.47800   -0.244294E-07
   0.48000   -0.237659E-07
   0.48200   -0.230024E-07
   0.48400   -0.221700E-07
   0.48600   -0.213137E-07
   0.48800   -0.204894E-07
   0.49000   -0.197587E-07
   0.49200   -0.191817E-07
   0.49400   -0.188096E-07
   0.49600   -0.186772E-07
   0.49800   -0.187972E-07
   0.50000   -0.191577E-07
   0.50200   -0.197216E-07
   0.50400   -0.204306E-07
   0.50600   -0.212112E-07
   0.50800   -0.219828E-07
   0.51000   -0.226674E-07
   0.51200   -0.231977E-07
   0.51400   -0.235247E-07
   0.51600   -0.236221E-07
   0.51800   -0.234879E-07
   0.52000   -0.231434E-07
   0.52200   -0.226289E-07
   0.52400   -0.219984E-07
   0.52600   -0.213127E-07
   0.52800   -0.206333E-07
   0.53000   -0.200166E-07
   0.53200   -0.195096E-07
   0.53400   -0.191465E-07
   0.53600   -0.189479E-07
   0.53800   -0.189198E-07
   0.54000   -0.190533E-07
   0.54200   -0.193269E-07
   0.54400   -0.197073E-07
   0.54600   -0.201523E-07
   0.54800   -0.206139E-07
   0.55000   -0.210421E-07
   0.55200   -0.213907E-07
   0.55400   -0.216217E-07
   0.55600   -0.217108E-07
   0.55800   -0.216511E-07
   0.56000   -0.214557E-07
   0.56200   -0.211600E-07
   0.56400   -0.208188E-07
   0.56600   -0.205028E-07
   0.56800   -0.202962E-07
   0.57000   -0.202868E-07
   0.57200   -0.205623E-07
   0.57400   -0.212098E-07
   0.57600   -0.222992E-07
   0.57800   -0.238909E-07
   0.58000   -0.260268E-07
   0.58200   -0.287336E-07
   0.58400   -0.320213E-07
   0.58600   -0.358890E-07
   0.58800   -0.403262E-07
   0.59000   -0.453186E-07
   0.59200   -0.508509E-07
   0.59400   -0.569088E-07
   0.59600   -0.634797E-07
   0.59800   -0.705458E-07
   0.60000   -0.780768E-07
   0.60200   -0.860163E-07
   0.60400   -0.942674E-07
   0.60600   -0.102679E-06
   0.60800   -0.111038E-06
   0.61000   -0.119068E-06
   0.61200   -0.126445E-06
   0.61400   -0.132822E-06
   0.61600   -0.137865E-06
   0.61800   -0.141302E-06
   0.62000   -0.142962E-06
   0.62200   -0.142813E-06
   0.62400   -0.140975E-06
   0.62600   -0.137717E-06
   0.62800   -0.133421E-06
   0.63000   -0.128530E-06
   0.63200   -0.123483E-06
   0.63400   -0.118651E-06
   0.63600   -0.114283E-06
   0.63800   -0.110475E-06
   0.64000   -0.107170E-06
   0.64200   -0.104183E-06
   0.64400   -0.101243E-06
   0.64600   -0.980567E-07
   0.64800   -0.943637E-07
   0.65000   -0.899826E-07
   0.65200   -0.848407E-07
   0.65400   -0.789804E-07
   0.65600   -0.725465E-07
   0.65800   -0.657585E-07
   0.66000   -0.588745E-07
   0.66200   -0.521551E-07
   0.66400   -0.458304E-07
   0.66600   -0.400790E-07
   0.66800   -0.350152E-07
   0.67000   -0.306879E-07
   0.67200   -0.270872E-07
   0.67400   -0.241561E-07
   0.67600   -0.218059E-07
   0.67800   -0.199307E-07
   0.68000   -0.184211E-07
   0.68200   -0.171750E-07
   0.68400   -0.161040E-07
   0.68600   -0.151392E-07
   0.68800   -0.142337E-07
   0.69000   -0.133593E-07
   0.69200   -0.125094E-07
   0.69400   -0.116918E-07
   0.69600   -0.109234E-07
   0.69800   -0.102356E-07
   0.70000   -0.965671E-08
   0.70200   -0.921590E-08
   0.70400   -0.893328E-08
   0.70600   -0.881860E-08
   0.70800   -0.886607E-08
   0.71000   -0.905582E-08
   0.71200   -0.935389E-08
   0.71400   -0.971635E-08
   0.71600   -0.100946E-07
   0.71800   -0.104402E-07
   0.72000   -0.107131E-07
   0.72200   -0.108844E-07
   0.72400   -0.109400E-07
   0.72600   -0.108815E-07
   0.72800   -0.107232E-07
   0.73000   -0.104893E-07
   0.73200   -0.102078E-07
   0.73400   -0.990753E-08
   0.73600   -0.961206E-08
   0.73800   -0.933833E-08
   0.74000   -0.909542E-08
   0.74200   -0.888554E-08
   0.74400   -0.870607E-08
   0.74600   -0.855230E-08
   0.74800   -0.841964E-08
   0.75000   -0.830571E-08
   0.75200   -0.821066E-08
   0.75400   -0.813662E-08
   0.75600   -0.808608E-08
   0.75800   -0.805985E-08
   0.76000   -0.805515E-08
   0.76200   -0.806442E-08
   0.76400   -0.807528E-08
   0.76600   -0.807170E-08
   0.76800   -0.803635E-08
   0.77000   -0.795349E-08
   0.77200   -0.781241E-08
   0.77400   -0.761005E-08
   0.77600   -0.735278E-08
   0.77800   -0.705666E-08
   0.78000   -0.674628E-08
   0.78200   -0.645199E-08
   0.78400   -0.620606E-08
   0.78600   -0.603833E-08
   0.78800   -0.597170E-08
   0.79000   -0.601846E-08
   0.79200   -0.617782E-08
   0.79400   -0.643499E-08
   0.79600   -0.676242E-08
   0.79800   -0.712264E-08
   0.80000   -0.747263E-08
   0.80200   -0.776929E-08
   0.80400   -0.797482E-08
   0.80600   -0.806193E-08
   0.80800   -0.801745E-08
   0.81000   -0.784430E-08
   0.81200   -0.756135E-08
   0.81400   -0.720121E-08
   0.81600   -0.680627E-08
   0.81800   -0.642357E-08
   0.82000   -0.609914E-08
   0.82200   -0.587255E-08
   0.82400   -0.577224E-08
   0.82600   -0.581234E-08
   0.82800   -0.599108E-08
   0.83000   -0.629102E-08
   0.83200   -0.668115E-08
   0.83400   -0.712023E-08
   0.83600   -0.756148E-08
   0.83800   -0.795758E-08
   0.84000   -0.826583E-08
   0.84200   -0.845267E-08
   0.84400   -0.849719E-08
   0.84600   -0.839319E-08
   0.84800   -0.814965E-08
   0.85000   -0.778955E-08
   0.85200   -0.734731E-08
   0.85400   -0.686496E-08
   0.85600   -0.638787E-08
   0.85800   -0.596012E-08
   0.86000   -0.562030E-08
   0.86200   -0.539793E-08
   0.86400   -0.531094E-08
   0.86600   -0.536446E-08
   0.86800   -0.555069E-08
   0.87000   -0.585008E-08
   0.87200   -0.623357E-08
   0.87400   -0.666563E-08
   0.87600   -0.710777E-08
   0.87800   -0.752229E-08
   0.88000   -0.787582E-08
   0.88200   -0.814232E-08
   0.88400   -0.830527E-08
   0.88600   -0.835869E-08
   0.88800   -0.830716E-08
   0.89000   -0.816455E-08
   0.89200   -0.795194E-08
   0.89400   -0.769484E-08
   0.89600   -0.742014E-08
   0.89800   -0.715325E-08
   0.90000   -0.691567E-08
   0.90200   -0.672327E-08
   0.90400   -0.658555E-08
   0.90600   -0.650552E-08
   0.90800   -0.648058E-08
   0.91000   -0.650376E-08
   0.91200   -0.656534E-08
   0.91400   -0.665445E-08
   0.91600   -0.676065E-08
   0.91800   -0.687499E-08
   0.92000   -0.699086E-08
   0.92200   -0.710425E-08
   0.92400   -0.721361E-08
   0.92600   -0.731931E-08
   0.92800   -0.742296E-08
   0.93000   -0.752649E-08
   0.93200   -0.763135E-08
   0.93400   -0.773786E-08
   0.93600   -0.784474E-08
   0.93800   -0.794904E-08
   0.94000   -0.804635E-08
   0.94200   -0.813126E-08
   0.94400   -0.819809E-08
   0.94600   -0.824175E-08
   0.94800   -0.825846E-08
   0.95000   -0.824658E-08
   0.95200   -0.820711E-08
   0.95400   -0.814397E-08
   0.95600   -0.806390E-08
   0.95800   -0.797610E-08
   0.96000   -0.789141E-08
   0.96200   -0.782129E-08
   0.96400   -0.777656E-08
   0.96600   -0.776617E-08
   0.96800   -0.779599E-08
   0.97000   -0.786802E-08
   0.97200   -0.797976E-08
   0.97400   -0.812429E-08
   0.97600   -0.829057E-08
   0.97800   -0.846440E-08
   0.98000   -0.862959E-08
   0.98200   -0.876946E-08
   0.98400   -0.886847E-08
   0.98600   -0.891381E-08
   0.98800   -0.889693E-08
   0.99000   -0.881473E-08
   0.99200   -0.867036E-08
   0.99400   -0.847342E-08
   0.99600   -0.823958E-08
   0.99800   -0.798935E-08
   1.00000   -0.774630E-08
   1.00200   -0.753463E-08
   1.00400   -0.737652E-08
   1.00600   -0.728939E-08
   1.00800   -0.728361E-08
   1.01000   -0.736083E-08
   1.01200   -0.751330E-08
   1.01400   -0.772428E-08
   1.01600   -0.796969E-08
   1.01800   -0.822060E-08
   1.02000   -0.844649E-08
   1.02200   -0.861879E-08
   1.02400   -0.871433E-08
   1.02600   -0.871820E-08
   1.02800   -0.862558E-08
   1.03000   -0.844248E-08
   1.03200   -0.818512E-08
   1.03400   -0.787807E-08
   1.03600   -0.755144E-08
   1.03800   -0.723725E-08
   1.04000   -0.696576E-08
   1.04200   -0.676195E-08
   1.04400   -0.664270E-08
   1.04600   -0.661492E-08
   1.04800   -0.667497E-08
   1.05000   -0.680929E-08
   1.05200   -0.699617E-08
   1.05400   -0.720847E-08
   1.05600   -0.741696E-08
   1.05800   -0.759382E-08
   1.06000   -0.771596E-08
   1.06200   -0.776777E-08
   1.06400   -0.774294E-08
   1.06600   -0.764511E-08
   1.06800   -0.748734E-08
   1.07000   -0.729039E-08
   1.07200   -0.707999E-08
   1.07400   -0.688352E-08
   1.07600   -0.672640E-08
   1.07800   -0.662884E-08
   1.08000   -0.660324E-08
   1.08200   -0.665259E-08
   1.08400   -0.677026E-08
   1.08600   -0.694097E-08
   1.08800   -0.714291E-08
   1.09000   -0.735073E-08
   1.09200   -0.753896E-08
   1.09400   -0.768531E-08
   1.09600   -0.777355E-08
   1.09800   -0.779547E-08
   1.10000   -0.775170E-08
   1.10200   -0.765130E-08
   1.10400   -0.751028E-08
   1.10600   -0.734909E-08
   1.10800   -0.718962E-08
   1.11000   -0.705206E-08
   1.11200   -0.695202E-08
   1.11400   -0.689838E-08
   1.11600   -0.689212E-08
   1.11800   -0.692629E-08
   1.12000   -0.698701E-08
   1.12200   -0.705554E-08
   1.12400   -0.711092E-08
   1.12600   -0.713301E-08
   1.12800   -0.710532E-08
   1.13000   -0.701751E-08
   1.13200   -0.686701E-08
   1.13400   -0.665969E-08
   1.13600   -0.640931E-08
   1.13800   -0.613603E-08
   1.14000   -0.586393E-08
   1.14200   -0.561799E-08
   1.14400   -0.542085E-08
   1.14600   -0.528972E-08
   1.14800   -0.523404E-08
   1.15000   -0.525410E-08
   1.15200   -0.534075E-08
   1.15400   -0.547645E-08
   1.15600   -0.563742E-08
   1.15800   -0.579663E-08
   1.16000   -0.592723E-08
   1.16200   -0.600600E-08
   1.16400   -0.601631E-08
   1.16600   -0.595017E-08
   1.16800   -0.580916E-08
   1.17000   -0.560405E-08
   1.17200   -0.535322E-08
   1.17400   -0.508003E-08
   1.17600   -0.480962E-08
   1.17800   -0.456555E-08
   1.18000   -0.436669E-08
   1.18200   -0.422491E-08
   1.18400   -0.414381E-08
   1.18600   -0.411866E-08
   1.18800   -0.413747E-08
   1.19000   -0.418318E-08
   1.19200   -0.423646E-08
   1.19400   -0.427880E-08
   1.19600   -0.429533E-08
   1.19800   -0.427711E-08
   1.20000   -0.422241E-08
   1.20200   -0.413682E-08
   1.20400   -0.403222E-08
   1.20600   -0.392471E-08
   1.20800   -0.383188E-08
   1.21000   -0.376980E-08
   1.21200   -0.375015E-08
   1.21400   -0.377819E-08
   1.21600   -0.385161E-08
   1.21800   -0.396060E-08
   1.22000   -0.408922E-08
   1.22200   -0.421773E-08
   1.22400   -0.432554E-08
   1.22600   -0.439438E-08
   1.22800   -0.441115E-08
   1.23000   -0.436991E-08
   1.23200   -0.427287E-08
   1.23400   -0.412992E-08
   1.23600   -0.395708E-08
   1.23800   -0.377379E-08
   1.24000   -0.359972E-08
   1.24200   -0.345140E-08
   1.24400   -0.333934E-08
   1.24600   -0.326609E-08
   1.24800   -0.322553E-08
   1.25000   -0.320349E-08
   1.25200   -0.317978E-08
   1.25400   -0.313123E-08
   1.25600   -0.303526E-08
   1.25800   -0.287357E-08
   1.26000   -0.263518E-08
   1.26200   -0.231852E-08
   1.26400   -0.193219E-08
   1.26600   -0.149416E-08
   1.26800   -0.102955E-08
   1.27000   -0.567423E-09
   1.27200   -0.136798E-09
   1.27400    0.237197E-09
   1.27600    0.536635E-09
   1.27800    0.753019E-09
   1.28000    0.888068E-09
   1.28200    0.952857E-09
   1.28400    0.965558E-09
   1.28600    0.948096E-09
   1.28800    0.922295E-09
   1.29000    0.906154E-09
   1.29200    0.910847E-09
   1.29400    0.939020E-09
   1.29600    0.984614E-09
   1.29800    0.103429E-08
   1.30000    0.107021E-08
   1.30200    0.107367E-08
   1.30400    0.102906E-08
   1.30600    0.927269E-09
   1.30800    0.768208E-09
   1.31000    0.561783E-09
   1.31200    0.327256E-09
   1.31400    0.910395E-10
   1.31600   -0.116739E-09
   1.31800   -0.266345E-09
   1.32000   -0.332529E-09
   1.32200   -0.298042E-09
   1.32400   -0.155972E-09
   1.32600    0.894677E-10
   1.32800    0.423773E-09
   1.33000    0.824499E-09
   1.33200    0.126473E-08
   1.33400    0.171704E-08
   1.33600    0.215749E-08
   1.33800    0.256873E-08
   1.34000    0.294192E-08
   1.34200    0.327705E-08
   1.34400    0.358158E-08
   1.34600    0.386768E-08
   1.34800    0.414858E-08
   1.35000    0.443465E-08
   1.35200    0.472996E-08
   1.35400    0.503009E-08
   1.35600    0.532159E-08
   1.35800    0.558333E-08
   1.36000    0.578966E-08
   1.36200    0.591478E-08
   1.36400    0.593769E-08
   1.36600    0.584690E-08
   1.36800    0.564385E-08
   1.37000    0.534442E-08
   1.37200    0.497822E-08
   1.37400    0.458561E-08
   1.37600    0.421283E-08
   1.37800    0.390607E-08
   1.38000    0.370533E-08
   1.38200    0.363924E-08
   1.38400    0.372147E-08
   1.38600    0.394956E-08
   1.38800    0.430607E-08
   1.39000    0.476194E-08
   1.39200    0.528133E-08
   1.39400    0.582718E-08
   1.39600    0.636636E-08
   1.39800    0.687356E-08
   1.40000    0.733345E-08
   1.40200    0.774061E-08
   1.40400    0.809759E-08
   1.40600    0.841160E-08
   1.40800    0.869050E-08
   1.41000    0.893908E-08
   1.41200    0.915645E-08
   1.41400    0.933512E-08
   1.41600    0.946195E-08
   1.41800    0.952081E-08
   1.42000    0.949655E-08
   1.42200    0.937929E-08
   1.42400    0.916815E-08
   1.42600    0.887366E-08
   1.42800    0.851825E-08
   1.43000    0.813449E-08
   1.43200    0.776149E-08
   1.43400    0.743983E-08
   1.43600    0.720618E-08
   1.43800    0.708815E-08
   1.44000    0.710073E-08
   1.44200    0.724446E-08
   1.44400    0.750591E-08
   1.44600    0.786013E-08
   1.44800    0.827460E-08
   1.45000    0.871395E-08
   1.45200    0.914445E-08
   1.45400    0.953781E-08
   1.45600    0.987352E-08
   1.45800    0.101396E-07
   1.46000    0.103317E-07
   1.46200    0.104520E-07
   1.46400    0.105060E-07
   1.46600    0.105014E-07
   1.46800    0.104460E-07
   1.47000    0.103474E-07
   1.47200    0.102131E-07
   1.47400    0.100519E-07
   1.47600    0.987478E-08
   1.47800    0.969625E-08
   1.48000    0.953462E-08
   1.48200    0.941119E-08
   1.48400    0.934848E-08
   1.48600    0.936729E-08
   1.48800    0.948334E-08
   1.49000    0.970392E-08
   1.49200    0.100253E-07
   1.49400    0.104316E-07
   1.49600    0.108950E-07
   1.49800    0.113783E-07
   1.50000    0.118390E-07
   1.50200    0.122343E-07
   1.50400    0.125266E-07
   1.50600    0.126885E-07
   1.50800    0.127062E-07
   1.51000    0.125812E-07
   1.51200    0.123300E-07
   1.51400    0.119811E-07
   1.51600    0.115708E-07
   1.51800    0.111381E-07
   1.52000    0.107200E-07
   1.52200    0.103467E-07
   1.52400    0.100394E-07
   1.52600    0.980902E-08
   1.52800    0.965681E-08
   1.53000    0.957640E-08
   1.53200    0.955636E-08
   1.53400    0.958288E-08
   1.53600    0.964201E-08
   1.53800    0.972110E-08
   1.54000    0.980940E-08
   1.54200    0.989800E-08
   1.54400    0.997935E-08
   1.54600    0.100471E-07
   1.54800    0.100960E-07
   1.55000    0.101226E-07
   1.55200    0.101260E-07
   1.55400    0.101090E-07
   1.55600    0.100791E-07
   1.55800    0.100479E-07
   1.56000    0.100308E-07
   1.56200    0.100446E-07
   1.56400    0.101048E-07
   1.56600    0.102225E-07
   1.56800    0.104015E-07
   1.57000    0.106361E-07
   1.57200    0.109107E-07
   1.57400    0.112012E-07
   1.57600    0.114775E-07
   1.57800    0.117083E-07
   1.58000    0.118655E-07
   1.58200    0.119292E-07
   1.58400    0.118915E-07
   1.58600    0.117580E-07
   1.58800    0.115479E-07
   1.59000    0.112916E-07
   1.59200    0.110264E-07
   1.59400    0.107913E-07
   1.59600    0.106216E-07
   1.59800    0.105439E-07
   1.60000    0.105727E-07
   1.60200    0.107095E-07
   1.60400    0.109423E-07
   1.60600    0.112493E-07
   1.60800    0.116016E-07
   1.61000    0.119680E-07
   1.61200    0.123192E-07
   1.61400    0.126310E-07
   1.61600    0.128870E-07
   1.61800    0.130789E-07
   1.62000    0.132070E-07
   1.62200    0.132783E-07
   1.62400    0.133051E-07
   1.62600    0.133030E-07
   1.62800    0.132893E-07
   1.63000    0.132807E-07
   1.63200    0.132928E-07
   1.63400    0.133388E-07
   1.63600    0.134288E-07
   1.63800    0.135692E-07
   1.64000    0.137628E-07
   1.64200    0.140087E-07
   1.64400    0.143034E-07
   1.64600    0.146418E-07
   1.64800    0.150187E-07
   1.65000    0.154306E-07
   1.65200    0.158765E-07
   1.65400    0.163590E-07
   1.65600    0.168831E-07
   1.65800    0.174550E-07
   1.66000    0.180800E-07
   1.66200    0.187592E-07
   1.66400    0.194876E-07
   1.66600    0.202530E-07
   1.66800    0.210356E-07
   1.67000    0.218108E-07
   1.67200    0.225518E-07
   1.67400    0.232342E-07
   1.67600    0.238403E-07
   1.67800    0.243621E-07
   1.68000    0.248032E-07
   1.68200    0.251785E-07
   1.68400    0.255118E-07
   1.68600    0.258319E-07
   1.68800    0.261681E-07
   1.69000    0.265455E-07
   1.69200    0.269816E-07
   1.69400    0.274845E-07
   1.69600    0.280529E-07
   1.69800    0.286776E-07
   1.70000    0.293441E-07
   1.70200    0.300361E-07
   1.70400    0.307386E-07
   1.70600    0.314397E-07
   1.70800    0.321319E-07
   1.71000    0.328124E-07
   1.71200    0.334819E-07
   1.71400    0.341430E-07
   1.71600    0.347995E-07
   1.71800    0.354542E-07
   1.72000    0.361088E-07
   1.72200    0.367633E-07
   1.72400    0.374167E-07
   1.72600    0.380667E-07
   1.72800    0.387111E-07
   1.73000    0.393479E-07
   1.73200    0.399760E-07
   1.73400    0.405955E-07
   1.73600    0.412078E-07
   1.73800    0.418160E-07
   1.74000    0.424246E-07
   1.74200    0.430395E-07
   1.74400    0.436677E-07
   1.74600    0.443168E-07
   1.74800    0.449947E-07
   1.75000    0.457086E-07
   1.75200    0.464644E-07
   1.75400    0.472664E-07
   1.75600    0.481167E-07
   1.75800    0.490151E-07
   1.76000    0.499596E-07
   1.76200    0.509464E-07
   1.76400    0.519702E-07
   1.76600    0.530253E-07
   1.76800    0.541054E-07
   1.77000    0.552044E-07
   1.77200    0.563167E-07
   1.77400    0.574375E-07
   1.77600    0.585629E-07
   1.77800    0.596907E-07
   1.78000    0.608204E-07
   1.78200    0.619529E-07
   1.78400    0.630909E-07
   1.78600    0.642377E-07
   1.78800    0.653974E-07
   1.79000    0.665732E-07
   1.79200    0.677677E-07
   1.79400    0.689821E-07
   1.79600    0.702164E-07
   1.79800    0.714704E-07
   1.80000    0.727439E-07
   1.80200    0.740383E-07
   1.80400    0.753569E-07
   1.80600    0.767054E-07
   1.80800    0.780914E-07
   1.81000    0.795240E-07
   1.81200    0.810124E-07
   1.81400    0.825647E-07
   1.81600    0.841867E-07
   1.81800    0.858810E-07
   1.82000    0.876469E-07
   1.82200    0.894807E-07
   1.82400    0.913767E-07
   1.82600    0.933282E-07
   1.82800    0.953291E-07
   1.83000    0.973752E-07
   1.83200    0.994654E-07
   1.83400    0.101602E-06
   1.83600    0.103792E-06
   1.83800    0.106044E-06
   1.84000    0.108370E-06
   1.84200    0.110785E-06
   1.84400    0.113300E-06
   1.84600    0.115925E-06
   1.84800    0.118670E-06
   1.85000    0.121537E-06
   1.85200    0.124528E-06
   1.85400    0.127638E-06
   1.85600    0.130866E-06
   1.85800    0.134207E-06
   1.86000    0.137661E-06
   1.86200    0.141231E-06
   1.86400    0.144926E-06
   1.86600    0.148758E-06
   1.86800    0.152745E-06
   1.87000    0.156912E-06
   1.87200    0.161285E-06
   1.87400    0.165895E-06
   1.87600    0.170774E-06
   1.87800    0.175961E-06
   1.88000    0.181499E-06
   1.88200    0.187436E-06
   1.88400    0.193831E-06
   1.88600    0.200751E-06
   1.88800    0.208268E-06
   1.89000    0.216458E-06
   1.89200    0.225387E-06
   1.89400    0.235111E-06
   1.89600    0.245644E-06
   1.89800    0.256956E-06
   1.90000    0.268960E-06
   1.90200    0.281489E-06
   1.90400    0.294301E-06
   1.90600    0.307077E-06
   1.90800    0.319446E-06
   1.91000    0.331008E-06
   1.91200    0.341380E-06
   1.91400    0.350237E-06
   1.91600    0.357362E-06
   1.91800    0.362672E-06
   1.92000    0.366232E-06
   1.92200    0.368237E-06
   1.92400    0.368963E-06
   1.92600    0.368679E-06
   1.92800    0.367549E-06
   1.93000    0.365523E-06
   1.93200    0.362237E-06
   1.93400    0.356965E-06
   1.93600    0.348613E-06
   1.93800    0.335795E-06
   1.94000    0.316976E-06
   1.94200    0.290670E-06
   1.94400    0.255680E-06
   1.94600    0.211326E-06
   1.94800    0.157647E-06
   1.95000    0.955075E-07
   1.95200    0.266164E-07
   1.95400   -0.465788E-07
   1.95600   -0.121095E-06
   1.95800   -0.193698E-06
   1.96000   -0.261213E-06
   1.96200   -0.320836E-06
   1.96400   -0.370378E-06
   1.96600   -0.408428E-06
   1.96800   -0.434413E-06
   1.97000   -0.448560E-06
   1.97200   -0.451767E-06
   1.97400   -0.445438E-06
   1.97600   -0.431283E-06
   1.97800   -0.411136E-06
   1.98000   -0.386797E-06
   1.98200   -0.359917E-06
   1.98400   -0.331930E-06
   1.98600   -0.304020E-06
   1.98800   -0.277110E-06
   1.99000   -0.251881E-06
   1.99200   -0.228793E-06
   1.99400   -0.208101E-06
   1.99600   -0.189887E-06
   1.99800   -0.174075E-06
   2.00000   -0.160458E-06
   2.00200   -0.148725E-06
   2.00400   -0.138488E-06
   2.00600   -0.129322E-06
   2.00800   -0.120800E-06
   2.01000   -0.112539E-06
   2.01200   -0.104244E-06
   2.01400   -0.957383E-07
   2.01600   -0.869961E-07
   2.01800   -0.781450E-07
   2.02000   -0.694692E-07
   2.02200   -0.613785E-07
   2.02400   -0.543530E-07
   2.02600   -0.488891E-07
   2.02800   -0.454272E-07
   2.03000   -0.442855E-07
   2.03200   -0.456065E-07
   2.03400   -0.493259E-07
   2.03600   -0.551699E-07
   2.03800   -0.626831E-07
   2.04000   -0.712812E-07
   2.04200   -0.803228E-07
   2.04400   -0.891861E-07
   2.04600   -0.973375E-07
   2.04800   -0.104384E-06
   2.05000   -0.110100E-06
   2.05200   -0.114431E-06
   2.05400   -0.117465E-06
   2.05600   -0.119398E-06
   2.05800   -0.120482E-06
   2.06000   -0.120976E-06
   2.06200   -0.121107E-06
   2.06400   -0.121044E-06
   2.06600   -0.120880E-06
   2.06800   -0.120639E-06
   2.07000   -0.120285E-06
   2.07200   -0.119741E-06
   2.07400   -0.118910E-06
   2.07600   -0.117697E-06
   2.07800   -0.116023E-06
   2.08000   -0.113837E-06
   2.08200   -0.111125E-06
   2.08400   -0.107906E-06
   2.08600   -0.104236E-06
   2.08800   -0.100202E-06
   2.09000   -0.959154E-07
   2.09200   -0.915067E-07
   2.09400   -0.871177E-07
   2.09600   -0.828939E-07
   2.09800   -0.789758E-07
   2.10000   -0.754878E-07
   2.10200   -0.725325E-07
   2.10400   -0.701790E-07
   2.10600   -0.684567E-07
   2.10800   -0.673503E-07
   2.11000   -0.668005E-07
   2.11200   -0.667070E-07
   2.11400   -0.669374E-07
   2.11600   -0.673386E-07
   2.11800   -0.677519E-07
   2.12000   -0.680277E-07
   2.12200   -0.680389E-07
   2.12400   -0.676921E-07
   2.12600   -0.669340E-07
   2.12800   -0.657530E-07
   2.13000   -0.641767E-07
   2.13200   -0.622646E-07
   2.13400   -0.601002E-07
   2.13600   -0.577814E-07
   2.13800   -0.554104E-07
   2.14000   -0.530858E-07
   2.14200   -0.508965E-07
   2.14400   -0.489163E-07
   2.14600   -0.472015E-07
   2.14800   -0.457884E-07
   2.15000   -0.446925E-07
   2.15200   -0.439087E-07
   2.15400   -0.434116E-07
   2.15600   -0.431568E-07
   2.15800   -0.430835E-07
   2.16000   -0.431181E-07
   2.16200   -0.431782E-07
   2.16400   -0.431788E-07
   2.16600   -0.430386E-07
   2.16800   -0.426867E-07
   2.17000   -0.420682E-07
   2.17200   -0.411493E-07
   2.17400   -0.399198E-07
   2.17600   -0.383937E-07
   2.17800   -0.366058E-07
   2.18000   -0.346076E-07
   2.18200   -0.324600E-07
   2.18400   -0.302261E-07
   2.18600   -0.279637E-07
   2.18800   -0.257190E-07
   2.19000   -0.235222E-07
   2.19200   -0.213853E-07
   2.19400   -0.193021E-07
   2.19600   -0.172499E-07
   2.19800   -0.151922E-07
   2.20000   -0.130839E-07
   2.20200   -0.108729E-07
   2.20400   -0.850277E-08
   2.20600   -0.591650E-08
   2.20800   -0.305686E-08
   2.21000    0.132844E-09
   2.21200    0.370832E-08
   2.21400    0.772363E-08
   2.21600    0.122300E-07
   2.21800    0.172735E-07
   2.22000    0.228915E-07
   2.22200    0.291078E-07
   2.22400    0.359260E-07
   2.22600    0.433219E-07
   2.22800    0.512326E-07
   2.23000    0.595453E-07
   2.23200    0.680839E-07
   2.23400    0.765954E-07
   2.23600    0.847387E-07
   2.23800    0.920790E-07
   2.24000    0.980915E-07
   2.24200    0.102178E-06
   2.24400    0.103701E-06
   2.24600    0.102035E-06
   2.24800    0.966299E-07
   2.25000    0.870834E-07
   2.25200    0.732140E-07
   2.25400    0.551157E-07
   2.25600    0.331901E-07
   2.25800    0.814378E-08
   2.26000   -0.190531E-07
   2.26200   -0.472425E-07
   2.26400   -0.751815E-07
   2.26600   -0.101658E-06
   2.26800   -0.125601E-06
   2.27000   -0.146177E-06
   2.27200   -0.162846E-06
   2.27400   -0.175390E-06
   2.27600   -0.183895E-06
   2.27800   -0.188706E-06
   2.28000   -0.190358E-06
   2.28200   -0.189496E-06
   2.28400   -0.186800E-06
   2.28600   -0.182917E-06
   2.28800   -0.178414E-06
   2.29000   -0.173744E-06
   2.29200   -0.169240E-06
   2.29400   -0.165118E-06
   2.29600   -0.161491E-06
   2.29800   -0.158394E-06
   2.30000   -0.155802E-06
   2.30200   -0.153659E-06
   2.30400   -0.151890E-06
   2.30600   -0.150418E-06
   2.30800   -0.149174E-06
   2.31000   -0.148096E-06
   2.31200   -0.147137E-06
   2.31400   -0.146261E-06
   2.31600   -0.145444E-06
   2.31800   -0.144667E-06
   2.32000   -0.143921E-06
   2.32200   -0.143198E-06
   2.32400   -0.142499E-06
   2.32600   -0.141824E-06
   2.32800   -0.141178E-06
   2.33000   -0.140567E-06
   2.33200   -0.140000E-06
   2.33400   -0.139486E-06
   2.33600   -0.139037E-06
   2.33800   -0.138664E-06
   2.34000   -0.138380E-06
   2.34200   -0.138194E-06
   2.34400   -0.138115E-06
   2.34600   -0.138150E-06
   2.34800   -0.138297E-06
   2.35000   -0.138552E-06
   2.35200   -0.138901E-06
   2.35400   -0.139324E-06
   2.35600   -0.139790E-06
   2.35800   -0.140265E-06
   2.36000   -0.140710E-06
   2.36200   -0.141083E-06
   2.36400   -0.141349E-06
   2.36600   -0.141476E-06
   2.36800   -0.141446E-06
   2.37000   -0.141252E-06
   2.37200   -0.140901E-06
   2.37400   -0.140411E-06
   2.37600   -0.139810E-06
   2.37800   -0.139131E-06
   2.38000   -0.138406E-06
   2.38200   -0.137662E-06
   2.38400   -0.136917E-06
   2.38600   -0.136179E-06
   2.38800   -0.135443E-06
   2.39000   -0.134695E-06
   2.39200   -0.133913E-06
   2.39400   -0.133074E-06
   2.39600   -0.132155E-06
   2.39800   -0.131136E-06
   2.40000   -0.130008E-06
   2.40200   -0.128770E-06
   2.40400   -0.127434E-06
   2.40600   -0.126017E-06
   2.40800   -0.124548E-06
   2.41000   -0.123058E-06
   2.41200   -0.121581E-06
   2.41400   -0.120149E-06
   2.41600   -0.118791E-06
   2.41800   -0.117529E-06
   2.42000   -0.116378E-06
   2.42200   -0.115341E-06
   2.42400   -0.114414E-06
   2.42600   -0.113587E-06
   2.42800   -0.112838E-06
   2.43000   -0.112143E-06
   2.43200   -0.111471E-06
   2.43400   -0.110791E-06
   2.43600   -0.110069E-06
   2.43800   -0.109274E-06
   2.44000   -0.108375E-06
   2.44200   -0.107346E-06
   2.44400   -0.106165E-06
   2.44600   -0.104813E-06
   2.44800   -0.103281E-06
   2.45000   -0.101563E-06
   2.45200   -0.996652E-07
   2.45400   -0.975996E-07
   2.45600   -0.953898E-07
   2.45800   -0.930687E-07
   2.46000   -0.906780E-07
   2.46200   -0.882664E-07
   2.46400   -0.858866E-07
   2.46600   -0.835910E-07
   2.46800   -0.814277E-07
   2.47000   -0.794360E-07
   2.47200   -0.776429E-07
   2.47400   -0.760606E-07
   2.47600   -0.746862E-07
   2.47800   -0.735029E-07
   2.48000   -0.724825E-07
   2.48200   -0.715895E-07
   2.48400   -0.707855E-07
   2.48600   -0.700337E-07
   2.48800   -0.693023E-07
   2.49000   -0.685669E-07
   2.49200   -0.678120E-07
   2.49400   -0.670309E-07
   2.49600   -0.662244E-07
   2.49800   -0.653990E-07
   2.50000   -0.645650E-07
   2.50200   -0.637340E-07
   2.50400   -0.629166E-07
   2.50600   -0.621217E-07
   2.50800   -0.613544E-07
   2.51000   -0.606160E-07
   2.51200   -0.599039E-07
   2.51400   -0.592117E-07
   2.51600   -0.585299E-07
   2.51800   -0.578467E-07
   2.52000   -0.571487E-07
   2.52200   -0.564223E-07
   2.52400   -0.556540E-07
   2.52600   -0.548321E-07
   2.52800   -0.539472E-07
   2.53000   -0.529930E-07
   2.53200   -0.519677E-07
   2.53400   -0.508739E-07
   2.53600   -0.497189E-07
   2.53800   -0.485148E-07
   2.54000   -0.472768E-07
   2.54200   -0.460222E-07
   2.54400   -0.447685E-07
   2.54600   -0.435319E-07
   2.54800   -0.423252E-07
   2.55000   -0.411575E-07
   2.55200   -0.400336E-07
   2.55400   -0.389545E-07
   2.55600   -0.379186E-07
   2.55800   -0.369234E-07
   2.56000   -0.359661E-07
   2.56200   -0.350457E-07
   2.56400   -0.341634E-07
   2.56600   -0.333227E-07
   2.56800   -0.325296E-07
   2.57000   -0.317920E-07
   2.57200   -0.311191E-07
   2.57400   -0.305203E-07
   2.57600   -0.300047E-07
   2.57800   -0.295797E-07
   2.58000   -0.292505E-07
   2.58200   -0.290189E-07
   2.58400   -0.288826E-07
   2.58600   -0.288352E-07
   2.58800   -0.288662E-07
   2.59000   -0.289619E-07
   2.59200   -0.291069E-07
   2.59400   -0.292857E-07
   2.59600   -0.294847E-07
   2.59800   -0.296937E-07
   2.60000   -0.299065E-07
   2.60200   -0.301217E-07
   2.60400   -0.303413E-07
   2.60600   -0.305699E-07
   2.60800   -0.308127E-07
   2.61000   -0.310743E-07
   2.61200   -0.313567E-07
   2.61400   -0.316593E-07
   2.61600   -0.319785E-07
   2.61800   -0.323083E-07
   2.62000   -0.326412E-07
   2.62200   -0.329693E-07
   2.62400   -0.332851E-07
   2.62600   -0.335822E-07
   2.62800   -0.338558E-07
   2.63000   -0.341023E-07
   2.63200   -0.343198E-07
   2.63400   -0.345077E-07
   2.63600   -0.346663E-07
   2.63800   -0.347973E-07
   2.64000   -0.349037E-07
   2.64200   -0.349898E-07
   2.64400   -0.350613E-07
   2.64600   -0.351247E-07
   2.64800   -0.351873E-07
   2.65000   -0.352561E-07
   2.65200   -0.353373E-07
   2.65400   -0.354355E-07
   2.65600   -0.355534E-07
   2.65800   -0.356914E-07
   2.66000   -0.358483E-07
   2.66200   -0.360213E-07
   2.66400   -0.362073E-07
   2.66600   -0.364031E-07
   2.66800   -0.366063E-07
   2.67000   -0.368154E-07
   2.67200   -0.370293E-07
   2.67400   -0.372474E-07
   2.67600   -0.374687E-07
   2.67800   -0.376910E-07
   2.68000   -0.379107E-07
   2.68200   -0.381226E-07
   2.68400   -0.383202E-07
   2.68600   -0.384958E-07
   2.68800   -0.386413E-07
   2.69000   -0.387490E-07
   2.69200   -0.388120E-07
   2.69400   -0.388255E-07
   2.69600   -0.387871E-07
   2.69800   -0.386970E-07
   2.70000   -0.385590E-07
   2.70200   -0.383792E-07
   2.70400   -0.381665E-07
   2.70600   -0.379310E-07
   2.70800   -0.376828E-07
   2.71000   -0.374308E-07
   2.71200   -0.371815E-07
   2.71400   -0.369385E-07
   2.71600   -0.367022E-07
   2.71800   -0.364709E-07
   2.72000   -0.362420E-07
   2.72200   -0.360138E-07
   2.72400   -0.357870E-07
   2.72600   -0.355656E-07
   2.72800   -0.353570E-07
   2.73000   -0.351714E-07
   2.73200   -0.350193E-07
   2.73400   -0.349101E-07
   2.73600   -0.348491E-07
   2.73800   -0.348359E-07
   2.74000   -0.348640E-07
   2.74200   -0.349206E-07
   2.74400   -0.349891E-07
   2.74600   -0.350515E-07
   2.74800   -0.350913E-07
   2.75000   -0.350971E-07
   2.75200   -0.350645E-07
   2.75400   -0.349969E-07
   2.75600   -0.349052E-07
   2.75800   -0.348056E-07
   2.76000   -0.347166E-07
   2.76200   -0.346561E-07
   2.76400   -0.346380E-07
   2.76600   -0.346704E-07
   2.76800   -0.347546E-07
   2.77000   -0.348858E-07
   2.77200   -0.350558E-07
   2.77400   -0.352552E-07
   2.77600   -0.354766E-07
   2.77800   -0.357174E-07
   2.78000   -0.359816E-07
   2.78200   -0.362803E-07
   2.78400   -0.366309E-07
   2.78600   -0.370548E-07
   2.78800   -0.375746E-07
   2.79000   -0.382162E-07
   2.79200   -0.390019E-07
   2.79400   -0.399528E-07
   2.79600   -0.410883E-07
   2.79800   -0.424284E-07
   2.80000   -0.439952E-07
   2.80200   -0.458149E-07
   2.80400   -0.479177E-07
   2.80600   -0.503365E-07
   2.80800   -0.531009E-07
   2.81000   -0.562283E-07
   2.81200   -0.597099E-07
   2.81400   -0.634937E-07
   2.81600   -0.674647E-07
   2.81800   -0.714259E-07
   2.82000   -0.750832E-07
   2.82200   -0.780387E-07
   2.82400   -0.797972E-07
   2.82600   -0.797882E-07
   2.82800   -0.774074E-07
   2.83000   -0.720745E-07
   2.83200   -0.633043E-07
   2.83400   -0.507817E-07
   2.83600   -0.344314E-07
   2.83800   -0.144687E-07
   2.84000    0.857927E-08
   2.84200    0.338881E-07
   2.84400    0.603903E-07
   2.84600    0.868637E-07
   2.84800    0.112044E-06
   2.85000    0.134745E-06
   2.85200    0.153973E-06
   2.85400    0.169011E-06
   2.85600    0.179476E-06
   2.85800    0.185325E-06
   2.86000    0.186830E-06
   2.86200    0.184517E-06
   2.86400    0.179080E-06
   2.86600    0.171301E-06
   2.86800    0.161962E-06
   2.87000    0.151781E-06
   2.87200    0.141362E-06
   2.87400    0.131178E-06
   2.87600    0.121556E-06
   2.87800    0.112699E-06
   2.88000    0.104697E-06
   2.88200    0.975593E-07
   2.88400    0.912376E-07
   2.88600    0.856500E-07
   2.88800    0.807000E-07
   2.89000    0.762905E-07
   2.89200    0.723336E-07
   2.89400    0.687554E-07
   2.89600    0.654985E-07
   2.89800    0.625217E-07
   2.90000    0.597980E-07
   2.90200    0.573120E-07
   2.90400    0.550571E-07
   2.90600    0.530321E-07
   2.90800    0.512381E-07
   2.91000    0.496767E-07
   2.91200    0.483515E-07
   2.91400    0.472605E-07
   2.91600    0.463995E-07
   2.91800    0.457595E-07
   2.92000    0.453262E-07
   2.92200    0.450782E-07
   2.92400    0.449858E-07
   2.92600    0.450110E-07
   2.92800    0.451072E-07
   2.93000    0.452214E-07
   2.93200    0.452971E-07
   2.93400    0.452783E-07
   2.93600    0.451148E-07
   2.93800    0.447674E-07
   2.94000    0.442121E-07
   2.94200    0.434430E-07
   2.94400    0.424736E-07
   2.94600    0.413348E-07
   2.94800    0.400717E-07
   2.95000    0.387385E-07
   2.95200    0.373923E-07
   2.95400    0.360870E-07
   2.95600    0.348684E-07
   2.95800    0.337698E-07
   2.96000    0.328098E-07
   2.96200    0.319919E-07
   2.96400    0.313056E-07
   2.96600    0.307286E-07
   2.96800    0.302304E-07
   2.97000    0.297764E-07
   2.97200    0.293323E-07
   2.97400    0.288680E-07
   2.97600    0.283614E-07
   2.97800    0.278012E-07
   2.98000    0.271881E-07
   2.98200    0.265349E-07
   2.98400    0.258652E-07
   2.98600    0.252101E-07
   2.98800    0.246044E-07
   2.99000    0.240823E-07
   2.99200    0.236729E-07
   2.99400    0.233967E-07
   2.99600    0.232635E-07
   2.99800    0.232715E-07
   3.00000    0.234085E-07
   3.00200    0.236541E-07
   3.00400    0.239830E-07
   3.00600    0.243684E-07
   3.00800    0.247856E-07
   3.01000    0.252143E-07
   3.01200    0.256402E-07
   3.01400    0.260555E-07
   3.01600    0.264581E-07
   3.01800    0.268504E-07
   3.02000    0.272373E-07
   3.02200    0.276246E-07
   3.02400    0.280174E-07
   3.02600    0.284190E-07
   3.02800    0.288302E-07
   3.03000    0.292497E-07
   3.03200    0.296741E-07
   3.03400    0.300985E-07
   3.03600    0.305178E-07
   3.03800    0.309272E-07
   3.04000    0.313229E-07
   3.04200    0.317028E-07
   3.04400    0.320669E-07
   3.04600    0.324173E-07
   3.04800    0.327581E-07
   3.05000    0.330950E-07
   3.05200    0.334348E-07
   3.05400    0.337847E-07
   3.05600    0.341514E-07
   3.05800    0.345407E-07
   3.06000    0.349566E-07
   3.06200    0.354011E-07
   3.06400    0.358737E-07
   3.06600    0.363716E-07
   3.06800    0.368897E-07
   3.07000    0.374211E-07
   3.07200    0.379575E-07
   3.07400    0.384900E-07
   3.07600    0.390099E-07
   3.07800    0.395094E-07
   3.08000    0.399821E-07
   3.08200    0.404241E-07
   3.08400    0.408338E-07
   3.08600    0.412119E-07
   3.08800    0.415615E-07
   3.09000    0.418869E-07
   3.09200    0.421931E-07
   3.09400    0.424848E-07
   3.09600    0.427655E-07
   3.09800    0.430372E-07
   3.10000    0.432997E-07
   3.10200    0.435514E-07
   3.10400    0.437894E-07
   3.10600    0.440106E-07
   3.10800    0.442129E-07
   3.11000    0.443961E-07
   3.11200    0.445631E-07
   3.11400    0.447202E-07
   3.11600    0.448769E-07
   3.11800    0.450457E-07
   3.12000    0.452404E-07
   3.12200    0.454743E-07
   3.12400    0.457581E-07
   3.12600    0.460978E-07
   3.12800    0.464918E-07
   3.13000    0.469293E-07
   3.13200    0.473889E-07
   3.13400    0.478378E-07
   3.13600    0.482316E-07
   3.13800    0.485156E-07
   3.14000    0.486266E-07
   3.14200    0.484962E-07
   3.14400    0.480558E-07
   3.14600    0.472422E-07
   3.14800    0.460058E-07
   3.15000    0.443187E-07
   3.15200    0.421836E-07
   3.15400    0.396415E-07
   3.15600    0.367769E-07
   3.15800    0.337195E-07
   3.16000    0.306398E-07
   3.16200    0.277405E-07
   3.16400    0.252406E-07
   3.16600    0.233566E-07
   3.16800    0.222809E-07
   3.17000    0.221610E-07
   3.17200    0.230826E-07
   3.17400    0.250590E-07
   3.17600    0.280286E-07
   3.17800    0.318601E-07
   3.18000    0.363665E-07
   3.18200    0.413239E-07
   3.18400    0.464922E-07
   3.18600    0.516369E-07
   3.18800    0.565471E-07
   3.19000    0.610483E-07
   3.19200    0.650107E-07
   3.19400    0.683501E-07
   3.19600    0.710261E-07
   3.19800    0.730353E-07
   3.20000    0.744041E-07
   3.20200    0.751807E-07
   3.20400    0.754276E-07
   3.20600    0.752163E-07
   3.20800    0.746225E-07
   3.21000    0.737237E-07
   3.21200    0.725965E-07
   3.21400    0.713152E-07
   3.21600    0.699501E-07
   3.21800    0.685651E-07
   3.22000    0.672161E-07
   3.22200    0.659481E-07
   3.22400    0.647930E-07
   3.22600    0.637676E-07
   3.22800    0.628726E-07
   3.23000    0.620934E-07
   3.23200    0.614008E-07
   3.23400    0.607544E-07
   3.23600    0.601071E-07
   3.23800    0.594108E-07
   3.24000    0.586220E-07
   3.24200    0.577082E-07
   3.24400    0.566530E-07
   3.24600    0.554603E-07
   3.24800    0.541557E-07
   3.25000    0.527853E-07
   3.25200    0.514115E-07
   3.25400    0.501063E-07
   3.25600    0.489419E-07
   3.25800    0.479808E-07
   3.26000    0.472652E-07
   3.26200    0.468086E-07
   3.26400    0.465901E-07
   3.26600    0.465516E-07
   3.26800    0.466002E-07
   3.27000    0.466141E-07
   3.27200    0.464512E-07
   3.27400    0.459622E-07
   3.27600    0.450032E-07
   3.27800    0.434503E-07
   3.28000    0.412122E-07
   3.28200    0.382414E-07
   3.28400    0.345420E-07
   3.28600    0.301735E-07
   3.28800    0.252492E-07
   3.29000    0.199302E-07
   3.29200    0.144134E-07
   3.29400    0.891641E-08
   3.29600    0.365878E-08
   3.29800   -0.115630E-08
   3.30000   -0.535920E-08
   3.30200   -0.882700E-08
   3.30400   -0.114912E-07
   3.30600   -0.133395E-07
   3.30800   -0.144108E-07
   3.31000   -0.147868E-07
   3.31200   -0.145784E-07
   3.31400   -0.139126E-07
   3.31600   -0.129188E-07
   3.31800   -0.117177E-07
   3.32000   -0.104138E-07
   3.32200   -0.909084E-08
   3.32400   -0.781020E-08
   3.32600   -0.661305E-08
   3.32800   -0.552286E-08
   3.33000   -0.454964E-08
   3.33200   -0.369411E-08
   3.33400   -0.295121E-08
   3.33600   -0.231287E-08
   3.33800   -0.177008E-08
   3.34000   -0.131371E-08
   3.34200   -0.935339E-09
   3.34400   -0.626814E-09
   3.34600   -0.379865E-09
   3.34800   -0.185952E-09
   3.35000   -0.356627E-10
   3.35200    0.806684E-10
   3.35400    0.173579E-09
   3.35600    0.253401E-09
   3.35800    0.329770E-09
   3.36000    0.410911E-09
   3.36200    0.502930E-09
   3.36400    0.609428E-09
   3.36600    0.731093E-09
   3.36800    0.865793E-09
   3.37000    0.100907E-08
   3.37200    0.115454E-08
   3.37400    0.129486E-08
   3.37600    0.142233E-08
   3.37800    0.152982E-08
   3.38000    0.161126E-08
   3.38200    0.166210E-08
   3.38400    0.167950E-08
   3.38600    0.166234E-08
   3.38800    0.161099E-08
   3.39000    0.152718E-08
   3.39200    0.141364E-08
   3.39400    0.127400E-08
   3.39600    0.111264E-08
   3.39800    0.934615E-09
   3.40000    0.745673E-09
   3.40200    0.552189E-09
   3.40400    0.360996E-09
   3.40600    0.179008E-09
   3.40800    0.126594E-10
   3.41000   -0.132836E-09
   3.41200   -0.254310E-09
   3.41400   -0.351373E-09
   3.41600   -0.426871E-09
   3.41800   -0.486929E-09
   3.42000   -0.540391E-09
   3.42200   -0.597752E-09
   3.42400   -0.669534E-09
   3.42600   -0.764460E-09
   3.42800   -0.887704E-09
   3.43000   -0.103954E-08
   3.43200   -0.121476E-08
   3.43400   -0.140307E-08
   3.43600   -0.159056E-08
   3.43800   -0.176187E-08
   3.44000   -0.190304E-08
   3.44200   -0.200426E-08
   3.44400   -0.206211E-08
   3.44600   -0.208080E-08
   3.44800   -0.207210E-08
   3.45000   -0.205386E-08
   3.45200   -0.204721E-08
   3.45400   -0.207316E-08
   3.45600   -0.214897E-08
   3.45800   -0.228499E-08
   3.46000   -0.248263E-08
   3.46200   -0.273387E-08
   3.46400   -0.302224E-08
   3.46600   -0.332539E-08
   3.46800   -0.361839E-08
   3.47000   -0.387744E-08
   3.47200   -0.408320E-08
   3.47400   -0.422323E-08
   3.47600   -0.429305E-08
   3.47800   -0.429588E-08
   3.48000   -0.424107E-08
   3.48200   -0.414167E-08
   3.48400   -0.401161E-08
   3.48600   -0.386292E-08
   3.48800   -0.370344E-08
   3.49000   -0.353513E-08
   3.49200   -0.335343E-08
   3.49400   -0.314703E-08
   3.49600   -0.289873E-08
   3.49800   -0.258645E-08
   3.50000   -0.218464E-08
   3.50200   -0.166641E-08
   3.50400   -0.100522E-08
   3.50600   -0.177189E-09
   3.50800    0.836737E-09
   3.51000    0.204879E-08
   3.51200    0.346273E-08
   3.51400    0.507310E-08
   3.51600    0.686478E-08
   3.51800    0.881433E-08
   3.52000    0.108918E-07
   3.52200    0.130634E-07
   3.52400    0.152943E-07
   3.52600    0.175521E-07
   3.52800    0.198090E-07
   3.53000    0.220436E-07
   3.53200    0.242423E-07
   3.53400    0.263994E-07
   3.53600    0.285162E-07
   3.53800    0.306022E-07
   3.54000    0.326675E-07
   3.54200    0.347345E-07
   3.54400    0.368267E-07
   3.54600    0.389732E-07
   3.54800    0.412081E-07
   3.55000    0.435708E-07
   3.55200    0.461062E-07
   3.55400    0.488645E-07
   3.55600    0.518992E-07
   3.55800    0.552649E-07
   3.56000    0.590113E-07
   3.56200    0.631750E-07
   3.56400    0.677680E-07
   3.56600    0.727613E-07
   3.56800    0.780670E-07
   3.57000    0.835185E-07
   3.57200    0.888531E-07
   3.57400    0.937000E-07
   3.57600    0.975800E-07
   3.57800    0.999197E-07
   3.58000    0.100084E-06
   3.58200    0.974293E-07
   3.58400    0.913700E-07
   3.58600    0.814592E-07
   3.58800    0.674652E-07
   3.59000    0.494371E-07
   3.59200    0.277441E-07
   3.59400    0.307948E-08
   3.59600   -0.235765E-07
   3.59800   -0.510333E-07
   3.60000   -0.779971E-07
   3.60200   -0.103196E-06
   3.60400   -0.125501E-06
   3.60600   -0.144034E-06
   3.60800   -0.158234E-06
   3.61000   -0.167888E-06
   3.61200   -0.173119E-06
   3.61400   -0.174332E-06
   3.61600   -0.172140E-06
   3.61800   -0.167273E-06
   3.62000   -0.160496E-06
   3.62200   -0.152529E-06
   3.62400   -0.144001E-06
   3.62600   -0.135412E-06
   3.62800   -0.127129E-06
   3.63000   -0.119390E-06
   3.63200   -0.112324E-06
   3.63400   -0.105976E-06
   3.63600   -0.100329E-06
   3.63800   -0.953285E-07
   3.64000   -0.909008E-07
   3.64200   -0.869647E-07
   3.64400   -0.834406E-07
   3.64600   -0.802558E-07
   3.64800   -0.773467E-07
   3.65000   -0.746600E-07
   3.65200   -0.721530E-07
   3.65400   -0.697934E-07
   3.65600   -0.675589E-07
   3.65800   -0.654359E-07
   3.66000   -0.634203E-07
   3.66200   -0.615108E-07
   3.66400   -0.597182E-07
   3.66600   -0.580502E-07
   3.66800   -0.565167E-07
   3.67000   -0.551256E-07
   3.67200   -0.538808E-07
   3.67400   -0.527807E-07
   3.67600   -0.518174E-07
   3.67800   -0.509763E-07
   3.68000   -0.502368E-07
   3.68200   -0.495743E-07
   3.68400   -0.489615E-07
   3.68600   -0.483714E-07
   3.68800   -0.477794E-07
   3.69000   -0.471655E-07
   3.69200   -0.465159E-07
   3.69400   -0.458241E-07
   3.69600   -0.450907E-07
   3.69800   -0.443226E-07
   3.70000   -0.435318E-07
   3.70200   -0.427332E-07
   3.70400   -0.419425E-07
   3.70600   -0.411744E-07
   3.70800   -0.404408E-07
   3.71000   -0.397500E-07
   3.71200   -0.391061E-07
   3.71400   -0.385096E-07
   3.71600   -0.379580E-07
   3.71800   -0.374469E-07
   3.72000   -0.369711E-07
   3.72200   -0.365255E-07
   3.72400   -0.361058E-07
   3.72600   -0.357087E-07
   3.72800   -0.353321E-07
   3.73000   -0.349739E-07
   3.73200   -0.346326E-07
   3.73400   -0.343057E-07
   3.73600   -0.339900E-07
   3.73800   -0.336809E-07
   3.74000   -0.333730E-07
   3.74200   -0.330601E-07
   3.74400   -0.327362E-07
   3.74600   -0.323959E-07
   3.74800   -0.320353E-07
   3.75000   -0.316532E-07
   3.75200   -0.312512E-07
   3.75400   -0.308343E-07
   3.75600   -0.304110E-07
   3.75800   -0.299927E-07
   3.76000   -0.295931E-07
   3.76200   -0.292271E-07
   3.76400   -0.289088E-07
   3.76600   -0.286507E-07
   3.76800   -0.284615E-07
   3.77000   -0.283450E-07
   3.77200   -0.282993E-07
   3.77400   -0.283167E-07
   3.77600   -0.283836E-07
   3.77800   -0.284823E-07
   3.78000   -0.285925E-07
   3.78200   -0.286930E-07
   3.78400   -0.287644E-07
   3.78600   -0.287905E-07
   3.78800   -0.287599E-07
   3.79000   -0.286666E-07
   3.79200   -0.285102E-07
   3.79400   -0.282955E-07
   3.79600   -0.280307E-07
   3.79800   -0.277273E-07
   3.80000   -0.273977E-07
   3.80200   -0.270550E-07
   3.80400   -0.267118E-07
   3.80600   -0.263803E-07
   3.80800   -0.260717E-07
   3.81000   -0.257966E-07
   3.81200   -0.255648E-07
   3.81400   -0.253855E-07
   3.81600   -0.252661E-07
   3.81800   -0.252124E-07
   3.82000   -0.252268E-07
   3.82200   -0.253084E-07
   3.82400   -0.254517E-07
   3.82600   -0.256468E-07
   3.82800   -0.258795E-07
   3.83000   -0.261319E-07
   3.83200   -0.263837E-07
   3.83400   -0.266139E-07
   3.83600   -0.268019E-07
   3.83800   -0.269296E-07
   3.84000   -0.269827E-07
   3.84200   -0.269518E-07
   3.84400   -0.268332E-07
   3.84600   -0.266294E-07
   3.84800   -0.263492E-07
   3.85000   -0.260070E-07
   3.85200   -0.256222E-07
   3.85400   -0.252178E-07
   3.85600   -0.248190E-07
   3.85800   -0.244512E-07
   3.86000   -0.241382E-07
   3.86200   -0.239011E-07
   3.86400   -0.237561E-07
   3.86600   -0.237145E-07
   3.86800   -0.237816E-07
   3.87000   -0.239578E-07
   3.87200   -0.242383E-07
   3.87400   -0.246150E-07
   3.87600   -0.250775E-07
   3.87800   -0.256143E-07
   3.88000   -0.262145E-07
   3.88200   -0.268683E-07
   3.88400   -0.275681E-07
   3.88600   -0.283087E-07
   3.88800   -0.290868E-07
   3.89000   -0.299012E-07
   3.89200   -0.307511E-07
   3.89400   -0.316358E-07
   3.89600   -0.325531E-07
   3.89800   -0.334986E-07
   3.90000   -0.344646E-07
   3.90200   -0.354399E-07
   3.90400   -0.364097E-07
   3.90600   -0.373562E-07
   3.90800   -0.382591E-07
   3.91000   -0.390974E-07
   3.91200   -0.398508E-07
   3.91400   -0.405006E-07
   3.91600   -0.410322E-07
   3.91800   -0.414357E-07
   3.92000   -0.417069E-07
   3.92200   -0.418479E-07
   3.92400   -0.418668E-07
   3.92600   -0.417774E-07
   3.92800   -0.415981E-07
   3.93000   -0.413501E-07
   3.93200   -0.410558E-07
   3.93400   -0.407368E-07
   3.93600   -0.404121E-07
   3.93800   -0.400967E-07
   3.94000   -0.398004E-07
   3.94200   -0.395277E-07
   3.94400   -0.392781E-07
   3.94600   -0.390471E-07
   3.94800   -0.388279E-07
   3.95000   -0.386132E-07
   3.95200   -0.383967E-07
   3.95400   -0.381747E-07
   3.95600   -0.379465E-07
   3.95800   -0.377142E-07
   3.96000   -0.374815E-07
   3.96200   -0.372524E-07
   3.96400   -0.370284E-07
   3.96600   -0.368074E-07
   3.96800   -0.365815E-07
   3.97000   -0.363363E-07
   3.97200   -0.360516E-07
   3.97400   -0.357021E-07
   3.97600   -0.352596E-07
   3.97800   -0.346949E-07
   3.98000   -0.339811E-07
   3.98200   -0.330952E-07
   3.98400   -0.320201E-07
   3.98600   -0.307467E-07
   3.98800   -0.292738E-07
   3.99000   -0.276098E-07
   3.99200   -0.257716E-07
   3.99400   -0.237855E-07
   3.99600   -0.216852E-07
   3.99800   -0.195117E-07
   4.00000   -0.173102E-07
