   0.00000    0.000000E+00
   0.00200    0.000000E+00
   0.00400    0.000000E+00
   0.00600    0.000000E+00
   0.00800    0.000000E+00
   0.01000    0.000000E+00
   0.01200    0.000000E+00
   0.01400    0.000000E+00
   0.01600    0.000000E+00
   0.01800    0.000000E+00
   0.02000    0.000000E+00
   0.02200    0.000000E+00
   0.02400    0.000000E+00
   0.02600   -0.155457E-10
   0.02800   -0.459427E-10
   0.03000   -0.989946E-10
   0.03200   -0.198729E-09
   0.03400   -0.387201E-09
   0.03600   -0.734932E-09
   0.03800   -0.136046E-08
   0.04000   -0.245730E-08
   0.04200   -0.433172E-08
   0.04400   -0.745284E-08
   0.04600   -0.125152E-07
   0.04800   -0.205120E-07
   0.05000   -0.328115E-07
   0.05200   -0.512282E-07
   0.05400   -0.780662E-07
   0.05600   -0.116117E-06
   0.05800   -0.168582E-06
   0.06000   -0.238902E-06
   0.06200   -0.330467E-06
   0.06400   -0.446213E-06
   0.06600   -0.588129E-06
   0.06800   -0.756708E-06
   0.07000   -0.950426E-06
   0.07200   -0.116534E-05
   0.07400   -0.139489E-05
   0.07600   -0.163001E-05
   0.07800   -0.185959E-05
   0.08000   -0.207122E-05
   0.08200   -0.225230E-05
   0.08400   -0.239124E-05
   0.08600   -0.247869E-05
   0.08800   -0.250852E-05
   0.09000   -0.247857E-05
   0.09200   -0.239083E-05
   0.09400   -0.225122E-05
   0.09600   -0.206892E-05
   0.09800   -0.185532E-05
   0.10000   -0.162283E-05
   0.10200   -0.138374E-05
   0.10400   -0.114914E-05
   0.10600   -0.928170E-06
   0.10800   -0.727584E-06
   0.11000   -0.551629E-06
   0.11200   -0.402201E-06
   0.11400   -0.279202E-06
   0.11600   -0.181011E-06
   0.11800   -0.104979E-06
   0.12000   -0.478927E-07
   0.12200   -0.635771E-08
   0.12400    0.229107E-07
   0.12600    0.428978E-07
   0.12800    0.561829E-07
   0.13000    0.648988E-07
   0.13200    0.707379E-07
   0.13400    0.749866E-07
   0.13600    0.785741E-07
   0.13800    0.821263E-07
   0.14000    0.860188E-07
   0.14200    0.904275E-07
   0.14400    0.953744E-07
   0.14600    0.100770E-06
   0.14800    0.106458E-06
   0.15000    0.112223E-06
   0.15200    0.117850E-06
   0.15400    0.123140E-06
   0.15600    0.127922E-06
   0.15800    0.132060E-06
   0.16000    0.135462E-06
   0.16200    0.138082E-06
   0.16400    0.139910E-06
   0.16600    0.140969E-06
   0.16800    0.141304E-06
   0.17000    0.140977E-06
   0.17200    0.140059E-06
   0.17400    0.138624E-06
   0.17600    0.136752E-06
   0.17800    0.134520E-06
   0.18000    0.132010E-06
   0.18200    0.129306E-06
   0.18400    0.126496E-06
   0.18600    0.123670E-06
   0.18800    0.120919E-06
   0.19000    0.118335E-06
   0.19200    0.116001E-06
   0.19400    0.113993E-06
   0.19600    0.112369E-06
   0.19800    0.111171E-06
   0.20000    0.110416E-06
   0.20200    0.110098E-06
   0.20400    0.110185E-06
   0.20600    0.110622E-06
   0.20800    0.111331E-06
   0.21000    0.112220E-06
   0.21200    0.113183E-06
   0.21400    0.114110E-06
   0.21600    0.114892E-06
   0.21800    0.115430E-06
   0.22000    0.115640E-06
   0.22200    0.115461E-06
   0.22400    0.114857E-06
   0.22600    0.113822E-06
   0.22800    0.112380E-06
   0.23000    0.110581E-06
   0.23200    0.108502E-06
   0.23400    0.106233E-06
   0.23600    0.103875E-06
   0.23800    0.101534E-06
   0.24000    0.993076E-07
   0.24200    0.972823E-07
   0.24400    0.955284E-07
   0.24600    0.940959E-07
   0.24800    0.930131E-07
   0.25000    0.922862E-07
   0.25200    0.919005E-07
   0.25400    0.918219E-07
   0.25600    0.919998E-07
   0.25800    0.923697E-07
   0.26000    0.928570E-07
   0.26200    0.933813E-07
   0.26400    0.938605E-07
   0.26600    0.942162E-07
   0.26800    0.943787E-07
   0.27000    0.942919E-07
   0.27200    0.939180E-07
   0.27400    0.932404E-07
   0.27600    0.922658E-07
   0.27800    0.910241E-07
   0.28000    0.895662E-07
   0.28200    0.879602E-07
   0.28400    0.862866E-07
   0.28600    0.846317E-07
   0.28800    0.830811E-07
   0.29000    0.817139E-07
   0.29200    0.805962E-07
   0.29400    0.797774E-07
   0.29600    0.792864E-07
   0.29800    0.791296E-07
   0.30000    0.792908E-07
   0.30200    0.797315E-07
   0.30400    0.803939E-07
   0.30600    0.812041E-07
   0.30800    0.820771E-07
   0.31000    0.829232E-07
   0.31200    0.836544E-07
   0.31400    0.841913E-07
   0.31600    0.844697E-07
   0.31800    0.844461E-07
   0.32000    0.841008E-07
   0.32200    0.834399E-07
   0.32400    0.824941E-07
   0.32600    0.813161E-07
   0.32800    0.799753E-07
   0.33000    0.785525E-07
   0.33200    0.771329E-07
   0.33400    0.758006E-07
   0.33600    0.746318E-07
   0.33800    0.736909E-07
   0.34000    0.730262E-07
   0.34200    0.726672E-07
   0.34400    0.726229E-07
   0.34600    0.728809E-07
   0.34800    0.734083E-07
   0.35000    0.741527E-07
   0.35200    0.750459E-07
   0.35400    0.760080E-07
   0.35600    0.769531E-07
   0.35800    0.777958E-07
   0.36000    0.784582E-07
   0.36200    0.788760E-07
   0.36400    0.790045E-07
   0.36600    0.788218E-07
   0.36800    0.783310E-07
   0.37000    0.775598E-07
   0.37200    0.765583E-07
   0.37400    0.753949E-07
   0.37600    0.741513E-07
   0.37800    0.729160E-07
   0.38000    0.717787E-07
   0.38200    0.708227E-07
   0.38400    0.701195E-07
   0.38600    0.697223E-07
   0.38800    0.696614E-07
   0.39000    0.699406E-07
   0.39200    0.705353E-07
   0.39400    0.713931E-07
   0.39600    0.724368E-07
   0.39800    0.735703E-07
   0.40000    0.746863E-07
   0.40200    0.756766E-07
   0.40400    0.764423E-07
   0.40600    0.769032E-07
   0.40800    0.770067E-07
   0.41000    0.767322E-07
   0.41200    0.760937E-07
   0.41400    0.751378E-07
   0.41600    0.739388E-07
   0.41800    0.725914E-07
   0.42000    0.712017E-07
   0.42200    0.698779E-07
   0.42400    0.687212E-07
   0.42600    0.678175E-07
   0.42800    0.672310E-07
   0.43000    0.670001E-07
   0.43200    0.671337E-07
   0.43400    0.676118E-07
   0.43600    0.683861E-07
   0.43800    0.693843E-07
   0.44000    0.705155E-07
   0.44200    0.716777E-07
   0.44400    0.727663E-07
   0.44600    0.736833E-07
   0.44800    0.743451E-07
   0.45000    0.746903E-07
   0.45200    0.746845E-07
   0.45400    0.743226E-07
   0.45600    0.736288E-07
   0.45800    0.726540E-07
   0.46000    0.714708E-07
   0.46200    0.701677E-07
   0.46400    0.688422E-07
   0.46600    0.675939E-07
   0.46800    0.665167E-07
   0.47000    0.656927E-07
   0.47200    0.651856E-07
   0.47400    0.650351E-07
   0.47600    0.652530E-07
   0.47800    0.658205E-07
   0.48000    0.666880E-07
   0.48200    0.677775E-07
   0.48400    0.689881E-07
   0.48600    0.702042E-07
   0.48800    0.713056E-07
   0.49000    0.721789E-07
   0.49200    0.727286E-07
   0.49400    0.728872E-07
   0.49600    0.726214E-07
   0.49800    0.719366E-07
   0.50000    0.708754E-07
   0.50200    0.695145E-07
   0.50400    0.679567E-07
   0.50600    0.663218E-07
   0.50800    0.647356E-07
   0.51000    0.633192E-07
   0.51200    0.621789E-07
   0.51400    0.613969E-07
   0.51600    0.610250E-07
   0.51800    0.610798E-07
   0.52000    0.615418E-07
   0.52200    0.623560E-07
   0.52400    0.634370E-07
   0.52600    0.646757E-07
   0.52800    0.659484E-07
   0.53000    0.671284E-07
   0.53200    0.680966E-07
   0.53400    0.687523E-07
   0.53600    0.690227E-07
   0.53800    0.688688E-07
   0.54000    0.682883E-07
   0.54200    0.673159E-07
   0.54400    0.660192E-07
   0.54600    0.644926E-07
   0.54800    0.628487E-07
   0.55000    0.612089E-07
   0.55200    0.596928E-07
   0.55400    0.584089E-07
   0.55600    0.574452E-07
   0.55800    0.568613E-07
   0.56000    0.566840E-07
   0.56200    0.569023E-07
   0.56400    0.574687E-07
   0.56600    0.583024E-07
   0.56800    0.592937E-07
   0.57000    0.603157E-07
   0.57200    0.612340E-07
   0.57400    0.619146E-07
   0.57600    0.622430E-07
   0.57800    0.621272E-07
   0.58000    0.615079E-07
   0.58200    0.603598E-07
   0.58400    0.586914E-07
   0.58600    0.565391E-07
   0.58800    0.539606E-07
   0.59000    0.510251E-07
   0.59200    0.478043E-07
   0.59400    0.443645E-07
   0.59600    0.407613E-07
   0.59800    0.370394E-07
   0.60000    0.332343E-07
   0.60200    0.293797E-07
   0.60400    0.255164E-07
   0.60600    0.217022E-07
   0.60800    0.180200E-07
   0.61000    0.145805E-07
   0.61200    0.115201E-07
   0.61400    0.898967E-08
   0.61600    0.713734E-08
   0.61800    0.608571E-08
   0.62000    0.590880E-08
   0.62200    0.661282E-08
   0.62400    0.812580E-08
   0.62600    0.102994E-07
   0.62800    0.129245E-07
   0.63000    0.157583E-07
   0.63200    0.185586E-07
   0.63400    0.211194E-07
   0.63600    0.232999E-07
   0.63800    0.250421E-07
   0.64000    0.263724E-07
   0.64200    0.273892E-07
   0.64400    0.282369E-07
   0.64600    0.290741E-07
   0.64800    0.300418E-07
   0.65000    0.312368E-07
   0.65200    0.326963E-07
   0.65400    0.343946E-07
   0.65600    0.362513E-07
   0.65800    0.381481E-07
   0.66000    0.399510E-07
   0.66200    0.415319E-07
   0.66400    0.427882E-07
   0.66600    0.436552E-07
   0.66800    0.441127E-07
   0.67000    0.441841E-07
   0.67200    0.439304E-07
   0.67400    0.434399E-07
   0.67600    0.428158E-07
   0.67800    0.421641E-07
   0.68000    0.415814E-07
   0.68200    0.411450E-07
   0.68400    0.409072E-07
   0.68600    0.408898E-07
   0.68800    0.410835E-07
   0.69000    0.414517E-07
   0.69200    0.419327E-07
   0.69400    0.424498E-07
   0.69600    0.429207E-07
   0.69800    0.432615E-07
   0.70000    0.434029E-07
   0.70200    0.432938E-07
   0.70400    0.429093E-07
   0.70600    0.422529E-07
   0.70800    0.413572E-07
   0.71000    0.402799E-07
   0.71200    0.390982E-07
   0.71400    0.379006E-07
   0.71600    0.367777E-07
   0.71800    0.358128E-07
   0.72000    0.350730E-07
   0.72200    0.346030E-07
   0.72400    0.344208E-07
   0.72600    0.345159E-07
   0.72800    0.348517E-07
   0.73000    0.353691E-07
   0.73200    0.359937E-07
   0.73400    0.366427E-07
   0.73600    0.372344E-07
   0.73800    0.376947E-07
   0.74000    0.379648E-07
   0.74200    0.380057E-07
   0.74400    0.378007E-07
   0.74600    0.373557E-07
   0.74800    0.366982E-07
   0.75000    0.358734E-07
   0.75200    0.349404E-07
   0.75400    0.339663E-07
   0.75600    0.330214E-07
   0.75800    0.321727E-07
   0.76000    0.314790E-07
   0.76200    0.309858E-07
   0.76400    0.307208E-07
   0.76600    0.306911E-07
   0.76800    0.308818E-07
   0.77000    0.312567E-07
   0.77200    0.317606E-07
   0.77400    0.323247E-07
   0.77600    0.328729E-07
   0.77800    0.333296E-07
   0.78000    0.336280E-07
   0.78200    0.337174E-07
   0.78400    0.335691E-07
   0.78600    0.331798E-07
   0.78800    0.325728E-07
   0.79000    0.317958E-07
   0.79200    0.309166E-07
   0.79400    0.300157E-07
   0.79600    0.291783E-07
   0.79800    0.284848E-07
   0.80000    0.280017E-07
   0.80200    0.277740E-07
   0.80400    0.278189E-07
   0.80600    0.281233E-07
   0.80800    0.286436E-07
   0.81000    0.293099E-07
   0.81200    0.300329E-07
   0.81400    0.307134E-07
   0.81600    0.312536E-07
   0.81800    0.315680E-07
   0.82000    0.315931E-07
   0.82200    0.312951E-07
   0.82400    0.306740E-07
   0.82600    0.297638E-07
   0.82800    0.286292E-07
   0.83000    0.273590E-07
   0.83200    0.260567E-07
   0.83400    0.248299E-07
   0.83600    0.237793E-07
   0.83800    0.229884E-07
   0.84000    0.225152E-07
   0.84200    0.223863E-07
   0.84400    0.225943E-07
   0.84600    0.230989E-07
   0.84800    0.238311E-07
   0.85000    0.247009E-07
   0.85200    0.256066E-07
   0.85400    0.264454E-07
   0.85600    0.271242E-07
   0.85800    0.275687E-07
   0.86000    0.277301E-07
   0.86200    0.275897E-07
   0.86400    0.271585E-07
   0.86600    0.264753E-07
   0.86800    0.256013E-07
   0.87000    0.246123E-07
   0.87200    0.235907E-07
   0.87400    0.226163E-07
   0.87600    0.217587E-07
   0.87800    0.210702E-07
   0.88000    0.205815E-07
   0.88200    0.202993E-07
   0.88400    0.202062E-07
   0.88600    0.202642E-07
   0.88800    0.204196E-07
   0.89000    0.206097E-07
   0.89200    0.207708E-07
   0.89400    0.208458E-07
   0.89600    0.207911E-07
   0.89800    0.205819E-07
   0.90000    0.202148E-07
   0.90200    0.197080E-07
   0.90400    0.190991E-07
   0.90600    0.184399E-07
   0.90800    0.177904E-07
   0.91000    0.172112E-07
   0.91200    0.167563E-07
   0.91400    0.164663E-07
   0.91600    0.163636E-07
   0.91800    0.164487E-07
   0.92000    0.167001E-07
   0.92200    0.170757E-07
   0.92400    0.175170E-07
   0.92600    0.179557E-07
   0.92800    0.183207E-07
   0.93000    0.185459E-07
   0.93200    0.185779E-07
   0.93400    0.183817E-07
   0.93600    0.179449E-07
   0.93800    0.172791E-07
   0.94000    0.164190E-07
   0.94200    0.154188E-07
   0.94400    0.143468E-07
   0.94600    0.132784E-07
   0.94800    0.122883E-07
   0.95000    0.114434E-07
   0.95200    0.107954E-07
   0.95400    0.103756E-07
   0.95600    0.101922E-07
   0.95800    0.102288E-07
   0.96000    0.104471E-07
   0.96200    0.107907E-07
   0.96400    0.111926E-07
   0.96600    0.115824E-07
   0.96800    0.118954E-07
   0.97000    0.120801E-07
   0.97200    0.121040E-07
   0.97400    0.119579E-07
   0.97600    0.116559E-07
   0.97800    0.112335E-07
   0.98000    0.107424E-07
   0.98200    0.102435E-07
   0.98400    0.979835E-08
   0.98600    0.946134E-08
   0.98800    0.927171E-08
   0.99000    0.924795E-08
   0.99200    0.938468E-08
   0.99400    0.965242E-08
   0.99600    0.100004E-07
   0.99800    0.103627E-07
   1.00000    0.106656E-07
   1.00200    0.108379E-07
   1.00400    0.108197E-07
   1.00600    0.105708E-07
   1.00800    0.100774E-07
   1.01000    0.935431E-08
   1.01200    0.844506E-08
   1.01400    0.741725E-08
   1.01600    0.635545E-08
   1.01800    0.535170E-08
   1.02000    0.449515E-08
   1.02200    0.386180E-08
   1.02400    0.350577E-08
   1.02600    0.345310E-08
   1.02800    0.369874E-08
   1.03000    0.420714E-08
   1.03200    0.491618E-08
   1.03400    0.574410E-08
   1.03600    0.659862E-08
   1.03800    0.738701E-08
   1.04000    0.802610E-08
   1.04200    0.845091E-08
   1.04400    0.862107E-08
   1.04600    0.852420E-08
   1.04800    0.817615E-08
   1.05000    0.761799E-08
   1.05200    0.691029E-08
   1.05400    0.612557E-08
   1.05600    0.533960E-08
   1.05800    0.462270E-08
   1.06000    0.403194E-08
   1.06200    0.360511E-08
   1.06400    0.335701E-08
   1.06600    0.327869E-08
   1.06800    0.333934E-08
   1.07000    0.349094E-08
   1.07200    0.367503E-08
   1.07400    0.383074E-08
   1.07600    0.390310E-08
   1.07800    0.385046E-08
   1.08000    0.365013E-08
   1.08200    0.330152E-08
   1.08400    0.282589E-08
   1.08600    0.226332E-08
   1.08800    0.166698E-08
   1.09000    0.109544E-08
   1.09200    0.604206E-09
   1.09400    0.237685E-09
   1.09600    0.225899E-10
   1.09800   -0.361720E-10
   1.10000    0.434043E-10
   1.10200    0.222565E-09
   1.10400    0.446882E-09
   1.10600    0.653590E-09
   1.10800    0.780279E-09
   1.11000    0.773686E-09
   1.11200    0.597380E-09
   1.11400    0.237316E-09
   1.11600   -0.295560E-09
   1.11800   -0.966015E-09
   1.12000   -0.171845E-08
   1.12200   -0.248351E-08
   1.12400   -0.318662E-08
   1.12600   -0.375732E-08
   1.12800   -0.413820E-08
   1.13000   -0.429219E-08
   1.13200   -0.420744E-08
   1.13400   -0.389896E-08
   1.13600   -0.340684E-08
   1.13800   -0.279122E-08
   1.14000   -0.212477E-08
   1.14200   -0.148361E-08
   1.14400   -0.937662E-09
   1.14600   -0.542155E-09
   1.14800   -0.331085E-09
   1.15000   -0.313841E-09
   1.15200   -0.475118E-09
   1.15400   -0.778160E-09
   1.15600   -0.117099E-08
   1.15800   -0.159447E-08
   1.16000   -0.199107E-08
   1.16200   -0.231306E-08
   1.16400   -0.252901E-08
   1.16600   -0.262762E-08
   1.16800   -0.261843E-08
   1.17000   -0.252942E-08
   1.17200   -0.240183E-08
   1.17400   -0.228319E-08
   1.17600   -0.221956E-08
   1.17800   -0.224806E-08
   1.18000   -0.239101E-08
   1.18200   -0.265234E-08
   1.18400   -0.301690E-08
   1.18600   -0.345252E-08
   1.18800   -0.391472E-08
   1.19000   -0.435311E-08
   1.19200   -0.471879E-08
   1.19400   -0.497152E-08
   1.19600   -0.508569E-08
   1.19800   -0.505440E-08
   1.20000   -0.489089E-08
   1.20200   -0.462725E-08
   1.20400   -0.431050E-08
   1.20600   -0.399648E-08
   1.20800   -0.374258E-08
   1.21000   -0.360020E-08
   1.21200   -0.360768E-08
   1.21400   -0.378539E-08
   1.21600   -0.413304E-08
   1.21800   -0.462980E-08
   1.22000   -0.523739E-08
   1.22200   -0.590544E-08
   1.22400   -0.657843E-08
   1.22600   -0.720320E-08
   1.22800   -0.773585E-08
   1.23000   -0.814716E-08
   1.23200   -0.842562E-08
   1.23400   -0.857772E-08
   1.23600   -0.862556E-08
   1.23800   -0.860203E-08
   1.24000   -0.854449E-08
   1.24200   -0.848794E-08
   1.24400   -0.845873E-08
   1.24600   -0.846988E-08
   1.24800   -0.851864E-08
   1.25000   -0.858687E-08
   1.25200   -0.864403E-08
   1.25400   -0.865250E-08
   1.25600   -0.857428E-08
   1.25800   -0.837795E-08
   1.26000   -0.804503E-08
   1.26200   -0.757434E-08
   1.26400   -0.698399E-08
   1.26600   -0.631021E-08
   1.26800   -0.560347E-08
   1.27000   -0.492220E-08
   1.27200   -0.432491E-08
   1.27400   -0.386231E-08
   1.27600   -0.357034E-08
   1.27800   -0.346525E-08
   1.28000   -0.354153E-08
   1.28200   -0.377329E-08
   1.28400   -0.411862E-08
   1.28600   -0.452623E-08
   1.28800   -0.494355E-08
   1.29000   -0.532468E-08
   1.29200   -0.563708E-08
   1.29400   -0.586584E-08
   1.29600   -0.601488E-08
   1.29800   -0.610494E-08
   1.30000   -0.616876E-08
   1.30200   -0.624421E-08
   1.30400   -0.636677E-08
   1.30600   -0.656254E-08
   1.30800   -0.684298E-08
   1.31000   -0.720219E-08
   1.31200   -0.761734E-08
   1.31400   -0.805194E-08
   1.31600   -0.846159E-08
   1.31800   -0.880099E-08
   1.32000   -0.903117E-08
   1.32200   -0.912572E-08
   1.32400   -0.907500E-08
   1.32600   -0.888758E-08
   1.32800   -0.858873E-08
   1.33000   -0.821630E-08
   1.33200   -0.781447E-08
   1.33400   -0.742673E-08
   1.33600   -0.708892E-08
   1.33800   -0.682383E-08
   1.34000   -0.663816E-08
   1.34200   -0.652234E-08
   1.34400   -0.645332E-08
   1.34600   -0.639993E-08
   1.34800   -0.632975E-08
   1.35000   -0.621630E-08
   1.35200   -0.604534E-08
   1.35400   -0.581890E-08
   1.35600   -0.555636E-08
   1.35800   -0.529227E-08
   1.36000   -0.507104E-08
   1.36200   -0.493954E-08
   1.36400   -0.493874E-08
   1.36600   -0.509571E-08
   1.36800   -0.541777E-08
   1.37000   -0.588960E-08
   1.37200   -0.647401E-08
   1.37400   -0.711629E-08
   1.37600   -0.775149E-08
   1.37800   -0.831356E-08
   1.38000   -0.874466E-08
   1.38200   -0.900318E-08
   1.38400   -0.906915E-08
   1.38600   -0.894622E-08
   1.38800   -0.865991E-08
   1.39000   -0.825259E-08
   1.39200   -0.777617E-08
   1.39400   -0.728377E-08
   1.39600   -0.682197E-08
   1.39800   -0.642485E-08
   1.40000   -0.611090E-08
   1.40200   -0.588311E-08
   1.40400   -0.573183E-08
   1.40600   -0.563995E-08
   1.40800   -0.558896E-08
   1.41000   -0.556474E-08
   1.41200   -0.556164E-08
   1.41400   -0.558426E-08
   1.41600   -0.564632E-08
   1.41800   -0.576710E-08
   1.42000   -0.596603E-08
   1.42200   -0.625668E-08
   1.42400   -0.664148E-08
   1.42600   -0.710838E-08
   1.42800   -0.763015E-08
   1.43000   -0.816672E-08
   1.43200   -0.867022E-08
   1.43400   -0.909178E-08
   1.43600   -0.938889E-08
   1.43800   -0.953210E-08
   1.44000   -0.950963E-08
   1.44200   -0.932920E-08
   1.44400   -0.901690E-08
   1.44600   -0.861303E-08
   1.44800   -0.816609E-08
   1.45000   -0.772584E-08
   1.45200   -0.733671E-08
   1.45400   -0.703265E-08
   1.45600   -0.683411E-08
   1.45800   -0.674758E-08
   1.46000   -0.676728E-08
   1.46200   -0.687849E-08
   1.46400   -0.706152E-08
   1.46600   -0.729563E-08
   1.46800   -0.756181E-08
   1.47000   -0.784423E-08
   1.47200   -0.813009E-08
   1.47400   -0.840817E-08
   1.47600   -0.866691E-08
   1.47800   -0.889252E-08
   1.48000   -0.906798E-08
   1.48200   -0.917345E-08
   1.48400   -0.918813E-08
   1.48600   -0.909360E-08
   1.48800   -0.887790E-08
   1.49000   -0.853946E-08
   1.49200   -0.809015E-08
   1.49400   -0.755650E-08
   1.49600   -0.697869E-08
   1.49800   -0.640708E-08
   1.50000   -0.589666E-08
   1.50200   -0.550031E-08
   1.50400   -0.526186E-08
   1.50600   -0.521008E-08
   1.50800   -0.535466E-08
   1.51000   -0.568490E-08
   1.51200   -0.617124E-08
   1.51400   -0.676946E-08
   1.51600   -0.742673E-08
   1.51800   -0.808842E-08
   1.52000   -0.870462E-08
   1.52200   -0.923524E-08
   1.52400   -0.965314E-08
   1.52600   -0.994493E-08
   1.52800   -0.101097E-07
   1.53000   -0.101565E-07
   1.53200   -0.101006E-07
   1.53400   -0.996038E-08
   1.53600   -0.975508E-08
   1.53800   -0.950295E-08
   1.54000   -0.922116E-08
   1.54200   -0.892608E-08
   1.54400   -0.863391E-08
   1.54600   -0.836083E-08
   1.54800   -0.812258E-08
   1.55000   -0.793318E-08
   1.55200   -0.780304E-08
   1.55400   -0.773684E-08
   1.55600   -0.773194E-08
   1.55800   -0.777772E-08
   1.56000   -0.785636E-08
   1.56200   -0.794508E-08
   1.56400   -0.801963E-08
   1.56600   -0.805831E-08
   1.56800   -0.804589E-08
   1.57000   -0.797668E-08
   1.57200   -0.785570E-08
   1.57400   -0.769803E-08
   1.57600   -0.752618E-08
   1.57800   -0.736605E-08
   1.58000   -0.724212E-08
   1.58200   -0.717293E-08
   1.58400   -0.716773E-08
   1.58600   -0.722486E-08
   1.58800   -0.733228E-08
   1.59000   -0.747014E-08
   1.59200   -0.761465E-08
   1.59400   -0.774280E-08
   1.59600   -0.783664E-08
   1.59800   -0.788655E-08
   1.60000   -0.789278E-08
   1.60200   -0.786519E-08
   1.60400   -0.782121E-08
   1.60600   -0.778261E-08
   1.60800   -0.777163E-08
   1.61000   -0.780742E-08
   1.61200   -0.790312E-08
   1.61400   -0.806423E-08
   1.61600   -0.828825E-08
   1.61800   -0.856542E-08
   1.62000   -0.888042E-08
   1.62200   -0.921448E-08
   1.62400   -0.954755E-08
   1.62600   -0.986023E-08
   1.62800   -0.101354E-07
   1.63000   -0.103594E-07
   1.63200   -0.105231E-07
   1.63400   -0.106223E-07
   1.63600   -0.106581E-07
   1.63800   -0.106374E-07
   1.64000   -0.105718E-07
   1.64200   -0.104773E-07
   1.64400   -0.103720E-07
   1.64600   -0.102745E-07
   1.64800   -0.102009E-07
   1.65000   -0.101627E-07
   1.65200   -0.101647E-07
   1.65400   -0.102044E-07
   1.65600   -0.102725E-07
   1.65800   -0.103542E-07
   1.66000   -0.104326E-07
   1.66200   -0.104918E-07
   1.66400   -0.105194E-07
   1.66600   -0.105096E-07
   1.66800   -0.104630E-07
   1.67000   -0.103865E-07
   1.67200   -0.102913E-07
   1.67400   -0.101898E-07
   1.67600   -0.100929E-07
   1.67800   -0.100079E-07
   1.68000   -0.993717E-08
   1.68200   -0.987859E-08
   1.68400   -0.982714E-08
   1.68600   -0.977712E-08
   1.68800   -0.972462E-08
   1.69000   -0.966939E-08
   1.69200   -0.961556E-08
   1.69400   -0.957126E-08
   1.69600   -0.954687E-08
   1.69800   -0.955261E-08
   1.70000   -0.959585E-08
   1.70200   -0.967903E-08
   1.70400   -0.979833E-08
   1.70600   -0.994376E-08
   1.70800   -0.101002E-07
   1.71000   -0.102497E-07
   1.71200   -0.103739E-07
   1.71400   -0.104564E-07
   1.71600   -0.104853E-07
   1.71800   -0.104545E-07
   1.72000   -0.103639E-07
   1.72200   -0.102201E-07
   1.72400   -0.100346E-07
   1.72600   -0.982354E-08
   1.72800   -0.960574E-08
   1.73000   -0.940117E-08
   1.73200   -0.922929E-08
   1.73400   -0.910736E-08
   1.73600   -0.904880E-08
   1.73800   -0.906182E-08
   1.74000   -0.914840E-08
   1.74200   -0.930382E-08
   1.74400   -0.951678E-08
   1.74600   -0.977020E-08
   1.74800   -0.100427E-07
   1.75000   -0.103105E-07
   1.75200   -0.105494E-07
   1.75400   -0.107371E-07
   1.75600   -0.108550E-07
   1.75800   -0.108897E-07
   1.76000   -0.108339E-07
   1.76200   -0.106871E-07
   1.76400   -0.104557E-07
   1.76600   -0.101524E-07
   1.76800   -0.979544E-08
   1.77000   -0.940717E-08
   1.77200   -0.901232E-08
   1.77400   -0.863585E-08
   1.77600   -0.830063E-08
   1.77800   -0.802521E-08
   1.78000   -0.782190E-08
   1.78200   -0.769545E-08
   1.78400   -0.764276E-08
   1.78600   -0.765341E-08
   1.78800   -0.771115E-08
   1.79000   -0.779604E-08
   1.79200   -0.788697E-08
   1.79400   -0.796417E-08
   1.79600   -0.801136E-08
   1.79800   -0.801719E-08
   1.80000   -0.797608E-08
   1.80200   -0.788819E-08
   1.80400   -0.775878E-08
   1.80600   -0.759712E-08
   1.80800   -0.741499E-08
   1.81000   -0.722510E-08
   1.81200   -0.703954E-08
   1.81400   -0.686829E-08
   1.81600   -0.671813E-08
   1.81800   -0.659184E-08
   1.82000   -0.648794E-08
   1.82200   -0.640097E-08
   1.82400   -0.632224E-08
   1.82600   -0.624109E-08
   1.82800   -0.614629E-08
   1.83000   -0.602763E-08
   1.83200   -0.587712E-08
   1.83400   -0.569001E-08
   1.83600   -0.546511E-08
   1.83800   -0.520462E-08
   1.84000   -0.491344E-08
   1.84200   -0.459813E-08
   1.84400   -0.426570E-08
   1.84600   -0.392251E-08
   1.84800   -0.357342E-08
   1.85000   -0.322127E-08
   1.85200   -0.286686E-08
   1.85400   -0.250933E-08
   1.85600   -0.214683E-08
   1.85800   -0.177734E-08
   1.86000   -0.139960E-08
   1.86200   -0.101372E-08
   1.86400   -0.621698E-09
   1.86600   -0.226999E-09
   1.86800    0.165310E-09
   1.87000    0.549078E-09
   1.87200    0.918221E-09
   1.87400    0.126726E-08
   1.87600    0.159177E-08
   1.87800    0.188874E-08
   1.88000    0.215673E-08
   1.88200    0.239581E-08
   1.88400    0.260712E-08
   1.88600    0.279310E-08
   1.88800    0.295799E-08
   1.89000    0.310892E-08
   1.89200    0.325741E-08
   1.89400    0.342379E-08
   1.89600    0.363553E-08
   1.89800    0.393548E-08
   1.90000    0.438652E-08
   1.90200    0.506878E-08
   1.90400    0.608468E-08
   1.90600    0.755580E-08
   1.90800    0.961924E-08
   1.91000    0.124199E-07
   1.91200    0.160995E-07
   1.91400    0.207825E-07
   1.91600    0.265606E-07
   1.91800    0.334741E-07
   1.92000    0.414948E-07
   1.92200    0.505091E-07
   1.92400    0.603023E-07
   1.92600    0.705457E-07
   1.92800    0.807883E-07
   1.93000    0.904548E-07
   1.93200    0.988531E-07
   1.93400    0.105194E-06
   1.93600    0.108629E-06
   1.93800    0.108301E-06
   1.94000    0.103421E-06
   1.94200    0.933481E-07
   1.94400    0.776821E-07
   1.94600    0.563429E-07
   1.94800    0.296313E-07
   1.95000   -0.174602E-08
   1.95200   -0.366958E-07
   1.95400   -0.738045E-07
   1.95600   -0.111447E-06
   1.95800   -0.147926E-06
   1.96000   -0.181620E-06
   1.96200   -0.211127E-06
   1.96400   -0.235371E-06
   1.96600   -0.253677E-06
   1.96800   -0.265787E-06
   1.97000   -0.271836E-06
   1.97200   -0.272288E-06
   1.97400   -0.267850E-06
   1.97600   -0.259378E-06
   1.97800   -0.247787E-06
   1.98000   -0.233973E-06
   1.98200   -0.218767E-06
   1.98400   -0.202894E-06
   1.98600   -0.186959E-06
   1.98800   -0.171444E-06
   1.99000   -0.156714E-06
   1.99200   -0.143022E-06
   1.99400   -0.130521E-06
   1.99600   -0.119271E-06
   1.99800   -0.109251E-06
   2.00000   -0.100367E-06
   2.00200   -0.924643E-07
   2.00400   -0.853423E-07
   2.00600   -0.787718E-07
   2.00800   -0.725164E-07
   2.01000   -0.663545E-07
   2.01200   -0.601017E-07
   2.01400   -0.536308E-07
   2.01600   -0.468880E-07
   2.01800   -0.398976E-07
   2.02000   -0.327673E-07
   2.02200   -0.256767E-07
   2.02400   -0.188547E-07
   2.02600   -0.125595E-07
   2.02800   -0.704776E-08
   2.03000   -0.254696E-08
   2.03200    0.768911E-09
   2.03400    0.279669E-08
   2.03600    0.351204E-08
   2.03800    0.296865E-08
   2.04000    0.128949E-08
   2.04200   -0.134796E-08
   2.04400   -0.472948E-08
   2.04600   -0.862092E-08
   2.04800   -0.127842E-07
   2.05000   -0.169907E-07
   2.05200   -0.210313E-07
   2.05400   -0.247245E-07
   2.05600   -0.279229E-07
   2.05800   -0.305179E-07
   2.06000   -0.324439E-07
   2.06200   -0.336798E-07
   2.06400   -0.342492E-07
   2.06600   -0.342160E-07
   2.06800   -0.336773E-07
   2.07000   -0.327539E-07
   2.07200   -0.315768E-07
   2.07400   -0.302748E-07
   2.07600   -0.289618E-07
   2.07800   -0.277273E-07
   2.08000   -0.266303E-07
   2.08200   -0.256981E-07
   2.08400   -0.249283E-07
   2.08600   -0.242951E-07
   2.08800   -0.237573E-07
   2.09000   -0.232676E-07
   2.09200   -0.227806E-07
   2.09400   -0.222597E-07
   2.09600   -0.216812E-07
   2.09800   -0.210364E-07
   2.10000   -0.203311E-07
   2.10200   -0.195837E-07
   2.10400   -0.188195E-07
   2.10600   -0.180677E-07
   2.10800   -0.173560E-07
   2.11000   -0.167075E-07
   2.11200   -0.161373E-07
   2.11400   -0.156508E-07
   2.11600   -0.152444E-07
   2.11800   -0.149068E-07
   2.12000   -0.146210E-07
   2.12200   -0.143672E-07
   2.12400   -0.141268E-07
   2.12600   -0.138840E-07
   2.12800   -0.136287E-07
   2.13000   -0.133568E-07
   2.13200   -0.130704E-07
   2.13400   -0.127768E-07
   2.13600   -0.124867E-07
   2.13800   -0.122122E-07
   2.14000   -0.119647E-07
   2.14200   -0.117525E-07
   2.14400   -0.115795E-07
   2.14600   -0.114438E-07
   2.14800   -0.113370E-07
   2.15000   -0.112448E-07
   2.15200   -0.111479E-07
   2.15400   -0.110233E-07
   2.15600   -0.108465E-07
   2.15800   -0.105938E-07
   2.16000   -0.102450E-07
   2.16200   -0.978497E-08
   2.16400   -0.920584E-08
   2.16600   -0.850793E-08
   2.16800   -0.770000E-08
   2.17000   -0.679890E-08
   2.17200   -0.582833E-08
   2.17400   -0.481701E-08
   2.17600   -0.379637E-08
   2.17800   -0.279788E-08
   2.18000   -0.185043E-08
   2.18200   -0.977747E-09
   2.18400   -0.196428E-09
   2.18600    0.485572E-09
   2.18800    0.106969E-08
   2.19000    0.156681E-08
   2.19200    0.199650E-08
   2.19400    0.238571E-08
   2.19600    0.276691E-08
   2.19800    0.317636E-08
   2.20000    0.365147E-08
   2.20200    0.422992E-08
   2.20400    0.494785E-08
   2.20600    0.583839E-08
   2.20800    0.693089E-08
   2.21000    0.825020E-08
   2.21200    0.981597E-08
   2.21400    0.116420E-07
   2.21600    0.137354E-07
   2.21800    0.160961E-07
   2.22000    0.187158E-07
   2.22200    0.215769E-07
   2.22400    0.246525E-07
   2.22600    0.279043E-07
   2.22800    0.312823E-07
   2.23000    0.347214E-07
   2.23200    0.381393E-07
   2.23400    0.414324E-07
   2.23600    0.444721E-07
   2.23800    0.471020E-07
   2.24000    0.491380E-07
   2.24200    0.503729E-07
   2.24400    0.505864E-07
   2.24600    0.495620E-07
   2.24800    0.471099E-07
   2.25000    0.430927E-07
   2.25200    0.374520E-07
   2.25400    0.302301E-07
   2.25600    0.215831E-07
   2.25800    0.117807E-07
   2.26000    0.119278E-08
   2.26200   -0.973840E-08
   2.26400   -0.205364E-07
   2.26600   -0.307338E-07
   2.26800   -0.399152E-07
   2.27000   -0.477528E-07
   2.27200   -0.540311E-07
   2.27400   -0.586572E-07
   2.27600   -0.616569E-07
   2.27800   -0.631583E-07
   2.28000   -0.633666E-07
   2.28200   -0.625350E-07
   2.28400   -0.609350E-07
   2.28600   -0.588307E-07
   2.28800   -0.564587E-07
   2.29000   -0.540157E-07
   2.29200   -0.516518E-07
   2.29400   -0.494709E-07
   2.29600   -0.475346E-07
   2.29800   -0.458691E-07
   2.30000   -0.444737E-07
   2.30200   -0.433286E-07
   2.30400   -0.424024E-07
   2.30600   -0.416584E-07
   2.30800   -0.410587E-07
   2.31000   -0.405678E-07
   2.31200   -0.401543E-07
   2.31400   -0.397918E-07
   2.31600   -0.394594E-07
   2.31800   -0.391411E-07
   2.32000   -0.388256E-07
   2.32200   -0.385055E-07
   2.32400   -0.381771E-07
   2.32600   -0.378397E-07
   2.32800   -0.374948E-07
   2.33000   -0.371459E-07
   2.33200   -0.367985E-07
   2.33400   -0.364596E-07
   2.33600   -0.361378E-07
   2.33800   -0.358429E-07
   2.34000   -0.355860E-07
   2.34200   -0.353785E-07
   2.34400   -0.352321E-07
   2.34600   -0.351571E-07
   2.34800   -0.351620E-07
   2.35000   -0.352515E-07
   2.35200   -0.354255E-07
   2.35400   -0.356776E-07
   2.35600   -0.359952E-07
   2.35800   -0.363589E-07
   2.36000   -0.367444E-07
   2.36200   -0.371245E-07
   2.36400   -0.374720E-07
   2.36600   -0.377631E-07
   2.36800   -0.379806E-07
   2.37000   -0.381164E-07
   2.37200   -0.381726E-07
   2.37400   -0.381610E-07
   2.37600   -0.381015E-07
   2.37800   -0.380186E-07
   2.38000   -0.379378E-07
   2.38200   -0.378811E-07
   2.38400   -0.378644E-07
   2.38600   -0.378948E-07
   2.38800   -0.379706E-07
   2.39000   -0.380819E-07
   2.39200   -0.382129E-07
   2.39400   -0.383448E-07
   2.39600   -0.384592E-07
   2.39800   -0.385405E-07
   2.40000   -0.385780E-07
   2.40200   -0.385672E-07
   2.40400   -0.385098E-07
   2.40600   -0.384127E-07
   2.40800   -0.382865E-07
   2.41000   -0.381439E-07
   2.41200   -0.379978E-07
   2.41400   -0.378592E-07
   2.41600   -0.377366E-07
   2.41800   -0.376344E-07
   2.42000   -0.375537E-07
   2.42200   -0.374915E-07
   2.42400   -0.374422E-07
   2.42600   -0.373980E-07
   2.42800   -0.373499E-07
   2.43000   -0.372887E-07
   2.43200   -0.372053E-07
   2.43400   -0.370915E-07
   2.43600   -0.369396E-07
   2.43800   -0.367427E-07
   2.44000   -0.364944E-07
   2.44200   -0.361887E-07
   2.44400   -0.358203E-07
   2.44600   -0.353845E-07
   2.44800   -0.348782E-07
   2.45000   -0.343004E-07
   2.45200   -0.336531E-07
   2.45400   -0.329419E-07
   2.45600   -0.321764E-07
   2.45800   -0.313703E-07
   2.46000   -0.305409E-07
   2.46200   -0.297080E-07
   2.46400   -0.288925E-07
   2.46600   -0.281149E-07
   2.46800   -0.273930E-07
   2.47000   -0.267410E-07
   2.47200   -0.261679E-07
   2.47400   -0.256771E-07
   2.47600   -0.252664E-07
   2.47800   -0.249284E-07
   2.48000   -0.246521E-07
   2.48200   -0.244242E-07
   2.48400   -0.242300E-07
   2.48600   -0.240560E-07
   2.48800   -0.238898E-07
   2.49000   -0.237220E-07
   2.49200   -0.235459E-07
   2.49400   -0.233580E-07
   2.49600   -0.231573E-07
   2.49800   -0.229455E-07
   2.50000   -0.227257E-07
   2.50200   -0.225022E-07
   2.50400   -0.222799E-07
   2.50600   -0.220635E-07
   2.50800   -0.218569E-07
   2.51000   -0.216633E-07
   2.51200   -0.214846E-07
   2.51400   -0.213210E-07
   2.51600   -0.211710E-07
   2.51800   -0.210318E-07
   2.52000   -0.208989E-07
   2.52200   -0.207664E-07
   2.52400   -0.206280E-07
   2.52600   -0.204768E-07
   2.52800   -0.203069E-07
   2.53000   -0.201131E-07
   2.53200   -0.198925E-07
   2.53400   -0.196443E-07
   2.53600   -0.193704E-07
   2.53800   -0.190754E-07
   2.54000   -0.187657E-07
   2.54200   -0.184492E-07
   2.54400   -0.181342E-07
   2.54600   -0.178281E-07
   2.54800   -0.175369E-07
   2.55000   -0.172640E-07
   2.55200   -0.170103E-07
   2.55400   -0.167740E-07
   2.55600   -0.165512E-07
   2.55800   -0.163362E-07
   2.56000   -0.161233E-07
   2.56200   -0.159066E-07
   2.56400   -0.156817E-07
   2.56600   -0.154459E-07
   2.56800   -0.151986E-07
   2.57000   -0.149415E-07
   2.57200   -0.146781E-07
   2.57400   -0.144135E-07
   2.57600   -0.141536E-07
   2.57800   -0.139042E-07
   2.58000   -0.136704E-07
   2.58200   -0.134558E-07
   2.58400   -0.132621E-07
   2.58600   -0.130890E-07
   2.58800   -0.129343E-07
   2.59000   -0.127945E-07
   2.59200   -0.126657E-07
   2.59400   -0.125440E-07
   2.59600   -0.124268E-07
   2.59800   -0.123133E-07
   2.60000   -0.122041E-07
   2.60200   -0.121020E-07
   2.60400   -0.120103E-07
   2.60600   -0.119330E-07
   2.60800   -0.118734E-07
   2.61000   -0.118333E-07
   2.61200   -0.118129E-07
   2.61400   -0.118104E-07
   2.61600   -0.118224E-07
   2.61800   -0.118442E-07
   2.62000   -0.118709E-07
   2.62200   -0.118975E-07
   2.62400   -0.119202E-07
   2.62600   -0.119362E-07
   2.62800   -0.119439E-07
   2.63000   -0.119430E-07
   2.63200   -0.119340E-07
   2.63400   -0.119179E-07
   2.63600   -0.118959E-07
   2.63800   -0.118688E-07
   2.64000   -0.118372E-07
   2.64200   -0.118014E-07
   2.64400   -0.117612E-07
   2.64600   -0.117164E-07
   2.64800   -0.116666E-07
   2.65000   -0.116116E-07
   2.65200   -0.115512E-07
   2.65400   -0.114857E-07
   2.65600   -0.114155E-07
   2.65800   -0.113414E-07
   2.66000   -0.112641E-07
   2.66200   -0.111848E-07
   2.66400   -0.111048E-07
   2.66600   -0.110253E-07
   2.66800   -0.109476E-07
   2.67000   -0.108730E-07
   2.67200   -0.108023E-07
   2.67400   -0.107361E-07
   2.67600   -0.106746E-07
   2.67800   -0.106171E-07
   2.68000   -0.105627E-07
   2.68200   -0.105096E-07
   2.68400   -0.104554E-07
   2.68600   -0.103974E-07
   2.68800   -0.103326E-07
   2.69000   -0.102579E-07
   2.69200   -0.101705E-07
   2.69400   -0.100679E-07
   2.69600   -0.994875E-08
   2.69800   -0.981253E-08
   2.70000   -0.965998E-08
   2.70200   -0.949300E-08
   2.70400   -0.931447E-08
   2.70600   -0.912785E-08
   2.70800   -0.893678E-08
   2.71000   -0.874454E-08
   2.71200   -0.855365E-08
   2.71400   -0.836566E-08
   2.71600   -0.818109E-08
   2.71800   -0.799961E-08
   2.72000   -0.782049E-08
   2.72200   -0.764301E-08
   2.72400   -0.746691E-08
   2.72600   -0.729275E-08
   2.72800   -0.712194E-08
   2.73000   -0.695668E-08
   2.73200   -0.679954E-08
   2.73400   -0.665296E-08
   2.73600   -0.651873E-08
   2.73800   -0.639751E-08
   2.74000   -0.628850E-08
   2.74200   -0.618945E-08
   2.74400   -0.609683E-08
   2.74600   -0.600631E-08
   2.74800   -0.591335E-08
   2.75000   -0.581387E-08
   2.75200   -0.570485E-08
   2.75400   -0.558473E-08
   2.75600   -0.545364E-08
   2.75800   -0.531321E-08
   2.76000   -0.516632E-08
   2.76200   -0.501662E-08
   2.76400   -0.486797E-08
   2.76600   -0.472404E-08
   2.76800   -0.458789E-08
   2.77000   -0.446197E-08
   2.77200   -0.434823E-08
   2.77400   -0.424831E-08
   2.77600   -0.416386E-08
   2.77800   -0.409701E-08
   2.78000   -0.405042E-08
   2.78200   -0.402751E-08
   2.78400   -0.403245E-08
   2.78600   -0.406992E-08
   2.78800   -0.414393E-08
   2.79000   -0.426024E-08
   2.79200   -0.442391E-08
   2.79400   -0.464048E-08
   2.79600   -0.491625E-08
   2.79800   -0.525894E-08
   2.80000   -0.567817E-08
   2.80200   -0.618594E-08
   2.80400   -0.679660E-08
   2.80600   -0.752619E-08
   2.80800   -0.839067E-08
   2.81000   -0.940298E-08
   2.81200   -0.105687E-07
   2.81400   -0.118804E-07
   2.81600   -0.133109E-07
   2.81800   -0.148065E-07
   2.82000   -0.162810E-07
   2.82200   -0.176116E-07
   2.82400   -0.186386E-07
   2.82600   -0.191712E-07
   2.82800   -0.189976E-07
   2.83000   -0.179038E-07
   2.83200   -0.156954E-07
   2.83400   -0.122245E-07
   2.83600   -0.741456E-08
   2.83800   -0.128257E-08
   2.84000    0.604867E-08
   2.84200    0.143491E-07
   2.84400    0.232937E-07
   2.84600    0.324875E-07
   2.84800    0.415005E-07
   2.85000    0.499088E-07
   2.85200    0.573344E-07
   2.85400    0.634799E-07
   2.85600    0.681525E-07
   2.85800    0.712735E-07
   2.86000    0.728759E-07
   2.86200    0.730878E-07
   2.86400    0.721088E-07
   2.86600    0.701812E-07
   2.86800    0.675618E-07
   2.87000    0.644971E-07
   2.87200    0.612054E-07
   2.87400    0.578649E-07
   2.87600    0.546098E-07
   2.87800    0.515310E-07
   2.88000    0.486822E-07
   2.88200    0.460865E-07
   2.88400    0.437446E-07
   2.88600    0.416433E-07
   2.88800    0.397608E-07
   2.89000    0.380723E-07
   2.89200    0.365534E-07
   2.89400    0.351821E-07
   2.89600    0.339402E-07
   2.89800    0.328137E-07
   2.90000    0.317933E-07
   2.90200    0.308735E-07
   2.90400    0.300535E-07
   2.90600    0.293361E-07
   2.90800    0.287281E-07
   2.91000    0.282387E-07
   2.91200    0.278812E-07
   2.91400    0.276685E-07
   2.91600    0.276133E-07
   2.91800    0.277248E-07
   2.92000    0.280063E-07
   2.92200    0.284516E-07
   2.92400    0.290424E-07
   2.92600    0.297464E-07
   2.92800    0.305173E-07
   2.93000    0.312955E-07
   2.93200    0.320128E-07
   2.93400    0.325970E-07
   2.93600    0.329794E-07
   2.93800    0.331018E-07
   2.94000    0.329235E-07
   2.94200    0.324257E-07
   2.94400    0.316149E-07
   2.94600    0.305215E-07
   2.94800    0.291971E-07
   2.95000    0.277086E-07
   2.95200    0.261307E-07
   2.95400    0.245388E-07
   2.95600    0.230015E-07
   2.95800    0.215756E-07
   2.96000    0.203019E-07
   2.96200    0.192043E-07
   2.96400    0.182900E-07
   2.96600    0.175519E-07
   2.96800    0.169715E-07
   2.97000    0.165231E-07
   2.97200    0.161778E-07
   2.97400    0.159064E-07
   2.97600    0.156835E-07
   2.97800    0.154888E-07
   2.98000    0.153088E-07
   2.98200    0.151366E-07
   2.98400    0.149715E-07
   2.98600    0.148175E-07
   2.98800    0.146809E-07
   2.99000    0.145686E-07
   2.99200    0.144859E-07
   2.99400    0.144355E-07
   2.99600    0.144167E-07
   2.99800    0.144260E-07
   3.00000    0.144576E-07
   3.00200    0.145055E-07
   3.00400    0.145649E-07
   3.00600    0.146339E-07
   3.00800    0.147138E-07
   3.01000    0.148098E-07
   3.01200    0.149301E-07
   3.01400    0.150845E-07
   3.01600    0.152825E-07
   3.01800    0.155310E-07
   3.02000    0.158329E-07
   3.02200    0.161855E-07
   3.02400    0.165797E-07
   3.02600    0.170012E-07
   3.02800    0.174309E-07
   3.03000    0.178471E-07
   3.03200    0.182281E-07
   3.03400    0.185537E-07
   3.03600    0.188082E-07
   3.03800    0.189816E-07
   3.04000    0.190702E-07
   3.04200    0.190774E-07
   3.04400    0.190128E-07
   3.04600    0.188914E-07
   3.04800    0.187321E-07
   3.05000    0.185558E-07
   3.05200    0.183843E-07
   3.05400    0.182381E-07
   3.05600    0.181350E-07
   3.05800    0.180890E-07
   3.06000    0.181093E-07
   3.06200    0.181995E-07
   3.06400    0.183572E-07
   3.06600    0.185742E-07
   3.06800    0.188371E-07
   3.07000    0.191284E-07
   3.07200    0.194277E-07
   3.07400    0.197137E-07
   3.07600    0.199662E-07
   3.07800    0.201676E-07
   3.08000    0.203048E-07
   3.08200    0.203700E-07
   3.08400    0.203613E-07
   3.08600    0.202824E-07
   3.08800    0.201418E-07
   3.09000    0.199517E-07
   3.09200    0.197263E-07
   3.09400    0.194802E-07
   3.09600    0.192271E-07
   3.09800    0.189789E-07
   3.10000    0.187452E-07
   3.10200    0.185327E-07
   3.10400    0.183462E-07
   3.10600    0.181884E-07
   3.10800    0.180612E-07
   3.11000    0.179662E-07
   3.11200    0.179050E-07
   3.11400    0.178800E-07
   3.11600    0.178939E-07
   3.11800    0.179498E-07
   3.12000    0.180502E-07
   3.12200    0.181968E-07
   3.12400    0.183890E-07
   3.12600    0.186235E-07
   3.12800    0.188931E-07
   3.13000    0.191865E-07
   3.13200    0.194879E-07
   3.13400    0.197773E-07
   3.13600    0.200311E-07
   3.13800    0.202228E-07
   3.14000    0.203245E-07
   3.14200    0.203083E-07
   3.14400    0.201486E-07
   3.14600    0.198239E-07
   3.14800    0.193198E-07
   3.15000    0.186312E-07
   3.15200    0.177650E-07
   3.15400    0.167423E-07
   3.15600    0.155995E-07
   3.15800    0.143885E-07
   3.16000    0.131750E-07
   3.16200    0.120347E-07
   3.16400    0.110485E-07
   3.16600    0.102955E-07
   3.16800    0.984604E-08
   3.17000    0.975412E-08
   3.17200    0.100521E-07
   3.17400    0.107468E-07
   3.17600    0.118187E-07
   3.17800    0.132237E-07
   3.18000    0.148981E-07
   3.18200    0.167644E-07
   3.18400    0.187394E-07
   3.18600    0.207410E-07
   3.18800    0.226947E-07
   3.19000    0.245384E-07
   3.19200    0.262248E-07
   3.19400    0.277221E-07
   3.19600    0.290131E-07
   3.19800    0.300930E-07
   3.20000    0.309666E-07
   3.20200    0.316459E-07
   3.20400    0.321470E-07
   3.20600    0.324889E-07
   3.20800    0.326920E-07
   3.21000    0.327775E-07
   3.21200    0.327673E-07
   3.21400    0.326842E-07
   3.21600    0.325517E-07
   3.21800    0.323938E-07
   3.22000    0.322347E-07
   3.22200    0.320978E-07
   3.22400    0.320039E-07
   3.22600    0.319699E-07
   3.22800    0.320064E-07
   3.23000    0.321164E-07
   3.23200    0.322928E-07
   3.23400    0.325177E-07
   3.23600    0.327620E-07
   3.23800    0.329866E-07
   3.24000    0.331448E-07
   3.24200    0.331854E-07
   3.24400    0.330586E-07
   3.24600    0.327208E-07
   3.24800    0.321410E-07
   3.25000    0.313051E-07
   3.25200    0.302199E-07
   3.25400    0.289134E-07
   3.25600    0.274333E-07
   3.25800    0.258425E-07
   3.26000    0.242128E-07
   3.26200    0.226164E-07
   3.26400    0.211186E-07
   3.26600    0.197702E-07
   3.26800    0.186028E-07
   3.27000    0.176264E-07
   3.27200    0.168302E-07
   3.27400    0.161849E-07
   3.27600    0.156487E-07
   3.27800    0.151729E-07
   3.28000    0.147089E-07
   3.28200    0.142137E-07
   3.28400    0.136553E-07
   3.28600    0.130156E-07
   3.28800    0.122916E-07
   3.29000    0.114952E-07
   3.29200    0.106507E-07
   3.29400    0.979154E-08
   3.29600    0.895587E-08
   3.29800    0.818210E-08
   3.30000    0.750462E-08
   3.30200    0.695035E-08
   3.30400    0.653641E-08
   3.30600    0.626917E-08
   3.30800    0.614461E-08
   3.31000    0.614968E-08
   3.31200    0.626461E-08
   3.31400    0.646551E-08
   3.31600    0.672708E-08
   3.31800    0.702465E-08
   3.32000    0.733624E-08
   3.32200    0.764344E-08
   3.32400    0.793229E-08
   3.32600    0.819287E-08
   3.32800    0.841937E-08
   3.33000    0.860941E-08
   3.33200    0.876329E-08
   3.33400    0.888333E-08
   3.33600    0.897324E-08
   3.33800    0.903745E-08
   3.34000    0.908069E-08
   3.34200    0.910752E-08
   3.34400    0.912207E-08
   3.34600    0.912794E-08
   3.34800    0.912807E-08
   3.35000    0.912484E-08
   3.35200    0.912002E-08
   3.35400    0.911508E-08
   3.35600    0.911112E-08
   3.35800    0.910908E-08
   3.36000    0.910961E-08
   3.36200    0.911312E-08
   3.36400    0.911974E-08
   3.36600    0.912917E-08
   3.36800    0.914068E-08
   3.37000    0.915309E-08
   3.37200    0.916480E-08
   3.37400    0.917400E-08
   3.37600    0.917877E-08
   3.37800    0.917733E-08
   3.38000    0.916822E-08
   3.38200    0.915040E-08
   3.38400    0.912340E-08
   3.38600    0.908720E-08
   3.38800    0.904223E-08
   3.39000    0.898917E-08
   3.39200    0.892880E-08
   3.39400    0.886187E-08
   3.39600    0.878903E-08
   3.39800    0.871077E-08
   3.40000    0.862746E-08
   3.40200    0.853946E-08
   3.40400    0.844720E-08
   3.40600    0.835117E-08
   3.40800    0.825200E-08
   3.41000    0.815027E-08
   3.41200    0.804637E-08
   3.41400    0.794029E-08
   3.41600    0.783145E-08
   3.41800    0.771855E-08
   3.42000    0.759959E-08
   3.42200    0.747212E-08
   3.42400    0.733350E-08
   3.42600    0.718143E-08
   3.42800    0.701440E-08
   3.43000    0.683214E-08
   3.43200    0.663581E-08
   3.43400    0.642802E-08
   3.43600    0.621249E-08
   3.43800    0.599353E-08
   3.44000    0.577532E-08
   3.44200    0.556111E-08
   3.44400    0.535269E-08
   3.44600    0.514990E-08
   3.44800    0.495067E-08
   3.45000    0.475134E-08
   3.45200    0.454728E-08
   3.45400    0.433375E-08
   3.45600    0.410676E-08
   3.45800    0.386381E-08
   3.46000    0.360441E-08
   3.46200    0.333010E-08
   3.46400    0.304428E-08
   3.46600    0.275154E-08
   3.46800    0.245697E-08
   3.47000    0.216532E-08
   3.47200    0.188036E-08
   3.47400    0.160449E-08
   3.47600    0.133859E-08
   3.47800    0.108231E-08
   3.48000    0.834540E-09
   3.48200    0.594071E-09
   3.48400    0.360256E-09
   3.48600    0.133637E-09
   3.48800   -0.836510E-10
   3.49000   -0.287618E-09
   3.49200   -0.472438E-09
   3.49400   -0.630556E-09
   3.49600   -0.753062E-09
   3.49800   -0.830006E-09
   3.50000   -0.850824E-09
   3.50200   -0.804970E-09
   3.50400   -0.682325E-09
   3.50600   -0.473890E-09
   3.50800   -0.172431E-09
   3.51000    0.226877E-09
   3.51200    0.725835E-09
   3.51400    0.132285E-08
   3.51600    0.201254E-08
   3.51800    0.278605E-08
   3.52000    0.363134E-08
   3.52200    0.453392E-08
   3.52400    0.547777E-08
   3.52600    0.644642E-08
   3.52800    0.742386E-08
   3.53000    0.839555E-08
   3.53200    0.934904E-08
   3.53400    0.102747E-07
   3.53600    0.111654E-07
   3.53800    0.120177E-07
   3.54000    0.128287E-07
   3.54200    0.136017E-07
   3.54400    0.143400E-07
   3.54600    0.150493E-07
   3.54800    0.157372E-07
   3.55000    0.164121E-07
   3.55200    0.170826E-07
   3.55400    0.177568E-07
   3.55600    0.184408E-07
   3.55800    0.191367E-07
   3.56000    0.198410E-07
   3.56200    0.205408E-07
   3.56400    0.212110E-07
   3.56600    0.218095E-07
   3.56800    0.222743E-07
   3.57000    0.225198E-07
   3.57200    0.224361E-07
   3.57400    0.218909E-07
   3.57600    0.207363E-07
   3.57800    0.188198E-07
   3.58000    0.160010E-07
   3.58200    0.121720E-07
   3.58400    0.727914E-08
   3.58600    0.134403E-08
   3.58800   -0.552163E-08
   3.59000   -0.131100E-07
   3.59200   -0.211231E-07
   3.59400   -0.291919E-07
   3.59600   -0.369076E-07
   3.59800   -0.438609E-07
   3.60000   -0.496840E-07
   3.60200   -0.540902E-07
   3.60400   -0.569028E-07
   3.60600   -0.580708E-07
   3.60800   -0.576683E-07
   3.61000   -0.558784E-07
   3.61200   -0.529653E-07
   3.61400   -0.492393E-07
   3.61600   -0.450204E-07
   3.61800   -0.406065E-07
   3.62000   -0.362488E-07
   3.62200   -0.321383E-07
   3.62400   -0.284012E-07
   3.62600   -0.251033E-07
   3.62800   -0.222606E-07
   3.63000   -0.198524E-07
   3.63200   -0.178345E-07
   3.63400   -0.161516E-07
   3.63600   -0.147461E-07
   3.63800   -0.135640E-07
   3.64000   -0.125580E-07
   3.64200   -0.116886E-07
   3.64400   -0.109232E-07
   3.64600   -0.102356E-07
   3.64800   -0.960447E-08
   3.65000   -0.901296E-08
   3.65200   -0.844827E-08
   3.65400   -0.790152E-08
   3.65600   -0.736807E-08
   3.65800   -0.684692E-08
   3.66000   -0.634139E-08
   3.66200   -0.585592E-08
   3.66400   -0.540032E-08
   3.66600   -0.498154E-08
   3.66800   -0.460693E-08
   3.67000   -0.428159E-08
   3.67200   -0.400761E-08
   3.67400   -0.378350E-08
   3.67600   -0.360429E-08
   3.67800   -0.346190E-08
   3.68000   -0.334616E-08
   3.68200   -0.324580E-08
   3.68400   -0.314970E-08
   3.68600   -0.304793E-08
   3.68800   -0.293262E-08
   3.69000   -0.279860E-08
   3.69200   -0.264361E-08
   3.69400   -0.246827E-08
   3.69600   -0.227562E-08
   3.69800   -0.207061E-08
   3.70000   -0.185929E-08
   3.70200   -0.164801E-08
   3.70400   -0.144260E-08
   3.70600   -0.124778E-08
   3.70800   -0.106664E-08
   3.71000   -0.900483E-09
   3.71200   -0.748826E-09
   3.71400   -0.609699E-09
   3.71600   -0.480152E-09
   3.71800   -0.356859E-09
   3.72000   -0.236745E-09
   3.72200   -0.117538E-09
   3.72400    0.186602E-11
   3.72600    0.121242E-09
   3.72800    0.239133E-09
   3.73000    0.353187E-09
   3.73200    0.460666E-09
   3.73400    0.559059E-09
   3.73600    0.646589E-09
   3.73800    0.722702E-09
   3.74000    0.788317E-09
   3.74200    0.845813E-09
   3.74400    0.898784E-09
   3.74600    0.951572E-09
   3.74800    0.100865E-08
   3.75000    0.107394E-08
   3.75200    0.115018E-08
   3.75400    0.123845E-08
   3.75600    0.133783E-08
   3.75800    0.144543E-08
   3.76000    0.155657E-08
   3.76200    0.166529E-08
   3.76400    0.176501E-08
   3.76600    0.184928E-08
   3.76800    0.191259E-08
   3.77000    0.195106E-08
   3.77200    0.196298E-08
   3.77400    0.194901E-08
   3.77600    0.191227E-08
   3.77800    0.185795E-08
   3.78000    0.179286E-08
   3.78200    0.172467E-08
   3.78400    0.166126E-08
   3.78600    0.160993E-08
   3.78800    0.157674E-08
   3.79000    0.156615E-08
   3.79200    0.158087E-08
   3.79400    0.162186E-08
   3.79600    0.168847E-08
   3.79800    0.177888E-08
   3.80000    0.189045E-08
   3.80200    0.202032E-08
   3.80400    0.216595E-08
   3.80600    0.232572E-08
   3.80800    0.249970E-08
   3.81000    0.269031E-08
   3.81200    0.290308E-08
   3.81400    0.314720E-08
   3.81600    0.343581E-08
   3.81800    0.378575E-08
   3.82000    0.421662E-08
   3.82200    0.474898E-08
   3.82400    0.540171E-08
   3.82600    0.618863E-08
   3.82800    0.711482E-08
   3.83000    0.817301E-08
   3.83200    0.934091E-08
   3.83400    0.105800E-07
   3.83600    0.118363E-07
   3.83800    0.130434E-07
   3.84000    0.141279E-07
   3.84200    0.150164E-07
   3.84400    0.156428E-07
   3.84600    0.159562E-07
   3.84800    0.159265E-07
   3.85000    0.155481E-07
   3.85200    0.148404E-07
   3.85400    0.138454E-07
   3.85600    0.126224E-07
   3.85800    0.112417E-07
   3.86000    0.977661E-08
   3.86200    0.829691E-08
   3.86400    0.686288E-08
   3.86600    0.552157E-08
   3.86800    0.430512E-08
   3.87000    0.323093E-08
   3.87200    0.230340E-08
   3.87400    0.151659E-08
   3.87600    0.857286E-09
   3.87800    0.307900E-09
   3.88000   -0.150937E-09
   3.88200   -0.538498E-09
   3.88400   -0.872564E-09
   3.88600   -0.116870E-08
   3.88800   -0.143985E-08
   3.89000   -0.169626E-08
   3.89200   -0.194555E-08
   3.89400   -0.219283E-08
   3.89600   -0.244089E-08
   3.89800   -0.269035E-08
   3.90000   -0.293985E-08
   3.90200   -0.318635E-08
   3.90400   -0.342539E-08
   3.90600   -0.365153E-08
   3.90800   -0.385874E-08
   3.91000   -0.404084E-08
   3.91200   -0.419213E-08
   3.91400   -0.430781E-08
   3.91600   -0.438439E-08
   3.91800   -0.441997E-08
   3.92000   -0.441446E-08
   3.92200   -0.436972E-08
   3.92400   -0.428948E-08
   3.92600   -0.417914E-08
   3.92800   -0.404555E-08
   3.93000   -0.389645E-08
   3.93200   -0.374004E-08
   3.93400   -0.358427E-08
   3.93600   -0.343635E-08
   3.93800   -0.330209E-08
   3.94000   -0.318554E-08
   3.94200   -0.308870E-08
   3.94400   -0.301149E-08
   3.94600   -0.295201E-08
   3.94800   -0.290696E-08
   3.95000   -0.287221E-08
   3.95200   -0.284345E-08
   3.95400   -0.281678E-08
   3.95600   -0.278911E-08
   3.95800   -0.275840E-08
   3.96000   -0.272354E-08
   3.96200   -0.268411E-08
   3.96400   -0.263999E-08
   3.96600   -0.259087E-08
   3.96800   -0.253598E-08
   3.97000   -0.247390E-08
   3.97200   -0.240264E-08
   3.97400   -0.231999E-08
   3.97600   -0.222395E-08
   3.97800   -0.211319E-08
   3.98000   -0.198751E-08
   3.98200   -0.184799E-08
   3.98400   -0.169701E-08
   3.98600   -0.153802E-08
   3.98800   -0.137510E-08
   3.99000   -0.121255E-08
   3.99200   -0.105440E-08
   3.99400   -0.904073E-09
   3.99600   -0.764210E-09
   3.99800   -0.636597E-09
   4.00000   -0.522231E-09
