   0.00000    0.000000E+00
   0.00200    0.000000E+00
   0.00400    0.000000E+00
   0.00600    0.000000E+00
   0.00800    0.000000E+00
   0.01000    0.000000E+00
   0.01200    0.000000E+00
   0.01400    0.000000E+00
   0.01600    0.000000E+00
   0.01800    0.000000E+00
   0.02000    0.000000E+00
   0.02200    0.000000E+00
   0.02400    0.000000E+00
   0.02600   -0.112261E-10
   0.02800   -0.337417E-10
   0.03000   -0.733277E-10
   0.03200   -0.147529E-09
   0.03400   -0.287853E-09
   0.03600   -0.547013E-09
   0.03800   -0.101368E-08
   0.04000   -0.183272E-08
   0.04200   -0.323382E-08
   0.04400   -0.556940E-08
   0.04600   -0.936210E-08
   0.04800   -0.153608E-07
   0.05000   -0.245998E-07
   0.05200   -0.384532E-07
   0.05400   -0.586712E-07
   0.05600   -0.873816E-07
   0.05800   -0.127036E-06
   0.06000   -0.180284E-06
   0.06200   -0.249759E-06
   0.06400   -0.337777E-06
   0.06600   -0.445961E-06
   0.06800   -0.574826E-06
   0.07000   -0.723377E-06
   0.07200   -0.888790E-06
   0.07400   -0.106625E-05
   0.07600   -0.124902E-05
   0.07800   -0.142875E-05
   0.08000   -0.159603E-05
   0.08200   -0.174127E-05
   0.08400   -0.185550E-05
   0.08600   -0.193141E-05
   0.08800   -0.196403E-05
   0.09000   -0.195138E-05
   0.09200   -0.189458E-05
   0.09400   -0.179776E-05
   0.09600   -0.166753E-05
   0.09800   -0.151224E-05
   0.10000   -0.134110E-05
   0.10200   -0.116328E-05
   0.10400   -0.987157E-06
   0.10600   -0.819695E-06
   0.10800   -0.666133E-06
   0.11000   -0.529872E-06
   0.11200   -0.412580E-06
   0.11400   -0.314444E-06
   0.11600   -0.234500E-06
   0.11800   -0.170989E-06
   0.12000   -0.121685E-06
   0.12200   -0.841721E-07
   0.12400   -0.560514E-07
   0.12600   -0.350877E-07
   0.12800   -0.192953E-07
   0.13000   -0.698233E-08
   0.13200    0.323634E-08
   0.13400    0.124465E-07
   0.13600    0.214541E-07
   0.13800    0.308110E-07
   0.14000    0.408454E-07
   0.14200    0.516937E-07
   0.14400    0.633336E-07
   0.14600    0.756174E-07
   0.14800    0.883116E-07
   0.15000    0.101110E-06
   0.15200    0.113688E-06
   0.15400    0.125725E-06
   0.15600    0.136923E-06
   0.15800    0.147026E-06
   0.16000    0.155837E-06
   0.16200    0.163222E-06
   0.16400    0.169115E-06
   0.16600    0.173512E-06
   0.16800    0.176467E-06
   0.17000    0.178079E-06
   0.17200    0.178483E-06
   0.17400    0.177838E-06
   0.17600    0.176313E-06
   0.17800    0.174085E-06
   0.18000    0.171320E-06
   0.18200    0.168177E-06
   0.18400    0.164801E-06
   0.18600    0.161323E-06
   0.18800    0.157862E-06
   0.19000    0.154524E-06
   0.19200    0.151409E-06
   0.19400    0.148608E-06
   0.19600    0.146205E-06
   0.19800    0.144275E-06
   0.20000    0.142880E-06
   0.20200    0.142064E-06
   0.20400    0.141848E-06
   0.20600    0.142223E-06
   0.20800    0.143144E-06
   0.21000    0.144532E-06
   0.21200    0.146271E-06
   0.21400    0.148213E-06
   0.21600    0.150187E-06
   0.21800    0.152009E-06
   0.22000    0.153497E-06
   0.22200    0.154486E-06
   0.22400    0.154838E-06
   0.22600    0.154461E-06
   0.22800    0.153311E-06
   0.23000    0.151403E-06
   0.23200    0.148801E-06
   0.23400    0.145618E-06
   0.23600    0.142007E-06
   0.23800    0.138142E-06
   0.24000    0.134209E-06
   0.24200    0.130394E-06
   0.24400    0.126868E-06
   0.24600    0.123779E-06
   0.24800    0.121246E-06
   0.25000    0.119356E-06
   0.25200    0.118157E-06
   0.25400    0.117661E-06
   0.25600    0.117839E-06
   0.25800    0.118626E-06
   0.26000    0.119916E-06
   0.26200    0.121570E-06
   0.26400    0.123421E-06
   0.26600    0.125281E-06
   0.26800    0.126953E-06
   0.27000    0.128247E-06
   0.27200    0.128995E-06
   0.27400    0.129067E-06
   0.27600    0.128382E-06
   0.27800    0.126921E-06
   0.28000    0.124729E-06
   0.28200    0.121911E-06
   0.28400    0.118630E-06
   0.28600    0.115088E-06
   0.28800    0.111514E-06
   0.29000    0.108141E-06
   0.29200    0.105191E-06
   0.29400    0.102857E-06
   0.29600    0.101283E-06
   0.29800    0.100560E-06
   0.30000    0.100712E-06
   0.30200    0.101697E-06
   0.30400    0.103409E-06
   0.30600    0.105684E-06
   0.30800    0.108312E-06
   0.31000    0.111054E-06
   0.31200    0.113660E-06
   0.31400    0.115891E-06
   0.31600    0.117538E-06
   0.31800    0.118442E-06
   0.32000    0.118504E-06
   0.32200    0.117697E-06
   0.32400    0.116062E-06
   0.32600    0.113707E-06
   0.32800    0.110793E-06
   0.33000    0.107522E-06
   0.33200    0.104117E-06
   0.33400    0.100809E-06
   0.33600    0.978133E-07
   0.33800    0.953225E-07
   0.34000    0.934895E-07
   0.34200    0.924199E-07
   0.34400    0.921648E-07
   0.34600    0.927171E-07
   0.34800    0.940105E-07
   0.35000    0.959235E-07
   0.35200    0.982862E-07
   0.35400    0.100892E-06
   0.35600    0.103512E-06
   0.35800    0.105917E-06
   0.36000    0.107892E-06
   0.36200    0.109258E-06
   0.36400    0.109887E-06
   0.36600    0.109712E-06
   0.36800    0.108735E-06
   0.37000    0.107024E-06
   0.37200    0.104706E-06
   0.37400    0.101954E-06
   0.37600    0.989777E-07
   0.37800    0.959998E-07
   0.38000    0.932445E-07
   0.38200    0.909182E-07
   0.38400    0.891953E-07
   0.38600    0.882049E-07
   0.38800    0.880199E-07
   0.39000    0.886493E-07
   0.39200    0.900353E-07
   0.39400    0.920541E-07
   0.39600    0.945238E-07
   0.39800    0.972178E-07
   0.40000    0.998832E-07
   0.40200    0.102264E-06
   0.40400    0.104125E-06
   0.40600    0.105276E-06
   0.40800    0.105590E-06
   0.41000    0.105016E-06
   0.41200    0.103586E-06
   0.41400    0.101406E-06
   0.41600    0.986487E-07
   0.41800    0.955328E-07
   0.42000    0.923030E-07
   0.42200    0.892069E-07
   0.42400    0.864740E-07
   0.42600    0.842971E-07
   0.42800    0.828183E-07
   0.43000    0.821197E-07
   0.43200    0.822186E-07
   0.43400    0.830679E-07
   0.43600    0.845613E-07
   0.43800    0.865423E-07
   0.44000    0.888176E-07
   0.44200    0.911731E-07
   0.44400    0.933923E-07
   0.44600    0.952745E-07
   0.44800    0.966514E-07
   0.45000    0.974004E-07
   0.45200    0.974540E-07
   0.45400    0.968026E-07
   0.45600    0.954934E-07
   0.45800    0.936240E-07
   0.46000    0.913322E-07
   0.46200    0.887851E-07
   0.46400    0.861659E-07
   0.46600    0.836617E-07
   0.46800    0.814509E-07
   0.47000    0.796919E-07
   0.47200    0.785118E-07
   0.47400    0.779962E-07
   0.47600    0.781808E-07
   0.47800    0.790451E-07
   0.48000    0.805101E-07
   0.48200    0.824405E-07
   0.48400    0.846534E-07
   0.48600    0.869319E-07
   0.48800    0.890441E-07
   0.49000    0.907650E-07
   0.49200    0.918994E-07
   0.49400    0.923017E-07
   0.49600    0.918925E-07
   0.49800    0.906668E-07
   0.50000    0.886954E-07
   0.50200    0.861178E-07
   0.50400    0.831291E-07
   0.50600    0.799604E-07
   0.50800    0.768572E-07
   0.51000    0.740570E-07
   0.51200    0.717676E-07
   0.51400    0.701491E-07
   0.51600    0.693003E-07
   0.51800    0.692508E-07
   0.52000    0.699587E-07
   0.52200    0.713149E-07
   0.52400    0.731529E-07
   0.52600    0.752634E-07
   0.52800    0.774132E-07
   0.53000    0.793659E-07
   0.53200    0.809031E-07
   0.53400    0.818440E-07
   0.53600    0.820605E-07
   0.53800    0.814886E-07
   0.54000    0.801324E-07
   0.54200    0.780629E-07
   0.54400    0.754102E-07
   0.54600    0.723512E-07
   0.54800    0.690937E-07
   0.55000    0.658580E-07
   0.55200    0.628586E-07
   0.55400    0.602865E-07
   0.55600    0.582926E-07
   0.55800    0.569749E-07
   0.56000    0.563718E-07
   0.56200    0.564526E-07
   0.56400    0.571229E-07
   0.56600    0.582314E-07
   0.56800    0.595758E-07
   0.57000    0.609272E-07
   0.57200    0.620435E-07
   0.57400    0.626805E-07
   0.57600    0.626321E-07
   0.57800    0.617253E-07
   0.58000    0.598448E-07
   0.58200    0.569310E-07
   0.58400    0.529829E-07
   0.58600    0.480470E-07
   0.58800    0.422078E-07
   0.59000    0.355714E-07
   0.59200    0.282513E-07
   0.59400    0.203566E-07
   0.59600    0.119843E-07
   0.59800    0.322307E-08
   0.60000   -0.584062E-08
   0.60200   -0.151035E-07
   0.60400   -0.244254E-07
   0.60600   -0.336091E-07
   0.60800   -0.423874E-07
   0.61000   -0.504238E-07
   0.61200   -0.573287E-07
   0.61400   -0.626988E-07
   0.61600   -0.661707E-07
   0.61800   -0.674852E-07
   0.62000   -0.665479E-07
   0.62200   -0.634747E-07
   0.62400   -0.586068E-07
   0.62600   -0.524892E-07
   0.62800   -0.458090E-07
   0.63000   -0.393023E-07
   0.63200   -0.336452E-07
   0.63400   -0.293473E-07
   0.63600   -0.266704E-07
   0.63800   -0.255877E-07
   0.64000   -0.257930E-07
   0.64200   -0.267578E-07
   0.64400   -0.278250E-07
   0.64600   -0.283205E-07
   0.64800   -0.276630E-07
   0.65000   -0.254499E-07
   0.65200   -0.215087E-07
   0.65400   -0.159070E-07
   0.65600   -0.892370E-08
   0.65800   -0.992162E-09
   0.66000    0.737365E-08
   0.66200    0.156536E-07
   0.66400    0.233868E-07
   0.66600    0.302186E-07
   0.66800    0.359262E-07
   0.67000    0.404234E-07
   0.67200    0.437477E-07
   0.67400    0.460343E-07
   0.67600    0.474847E-07
   0.67800    0.483329E-07
   0.68000    0.488145E-07
   0.68200    0.491392E-07
   0.68400    0.494774E-07
   0.68600    0.499427E-07
   0.68800    0.505906E-07
   0.69000    0.514244E-07
   0.69200    0.523957E-07
   0.69400    0.534229E-07
   0.69600    0.544069E-07
   0.69800    0.552292E-07
   0.70000    0.557883E-07
   0.70200    0.559975E-07
   0.70400    0.558048E-07
   0.70600    0.551962E-07
   0.70800    0.542035E-07
   0.71000    0.529005E-07
   0.71200    0.513996E-07
   0.71400    0.498396E-07
   0.71600    0.483716E-07
   0.71800    0.471432E-07
   0.72000    0.462780E-07
   0.72200    0.458632E-07
   0.72400    0.459359E-07
   0.72600    0.464782E-07
   0.72800    0.474181E-07
   0.73000    0.486383E-07
   0.73200    0.499900E-07
   0.73400    0.513089E-07
   0.73600    0.524373E-07
   0.73800    0.532394E-07
   0.74000    0.536169E-07
   0.74200    0.535174E-07
   0.74400    0.529377E-07
   0.74600    0.519204E-07
   0.74800    0.505470E-07
   0.75000    0.489256E-07
   0.75200    0.471797E-07
   0.75400    0.454353E-07
   0.75600    0.438105E-07
   0.75800    0.424067E-07
   0.76000    0.413022E-07
   0.76200    0.405487E-07
   0.76400    0.401681E-07
   0.76600    0.401528E-07
   0.76800    0.404659E-07
   0.77000    0.410447E-07
   0.77200    0.418046E-07
   0.77400    0.426455E-07
   0.77600    0.434603E-07
   0.77800    0.441437E-07
   0.78000    0.446027E-07
   0.78200    0.447658E-07
   0.78400    0.445905E-07
   0.78600    0.440689E-07
   0.78800    0.432295E-07
   0.79000    0.421350E-07
   0.79200    0.408772E-07
   0.79400    0.395683E-07
   0.79600    0.383290E-07
   0.79800    0.372763E-07
   0.80000    0.365102E-07
   0.80200    0.361024E-07
   0.80400    0.360861E-07
   0.80600    0.364516E-07
   0.80800    0.371444E-07
   0.81000    0.380702E-07
   0.81200    0.391036E-07
   0.81400    0.401011E-07
   0.81600    0.409170E-07
   0.81800    0.414196E-07
   0.82000    0.415069E-07
   0.82200    0.411185E-07
   0.82400    0.402436E-07
   0.82600    0.389230E-07
   0.82800    0.372460E-07
   0.83000    0.353416E-07
   0.83200    0.333651E-07
   0.83400    0.314825E-07
   0.83600    0.298526E-07
   0.83800    0.286109E-07
   0.84000    0.278551E-07
   0.84200    0.276350E-07
   0.84400    0.279467E-07
   0.84600    0.287331E-07
   0.84800    0.298904E-07
   0.85000    0.312789E-07
   0.85200    0.327379E-07
   0.85400    0.341031E-07
   0.85600    0.352232E-07
   0.85800    0.359756E-07
   0.86000    0.362779E-07
   0.86200    0.360946E-07
   0.86400    0.354388E-07
   0.86600    0.343685E-07
   0.86800    0.329780E-07
   0.87000    0.313872E-07
   0.87200    0.297272E-07
   0.87400    0.281271E-07
   0.87600    0.267009E-07
   0.87800    0.255369E-07
   0.88000    0.246897E-07
   0.88200    0.241765E-07
   0.88400    0.239768E-07
   0.88600    0.240368E-07
   0.88800    0.242766E-07
   0.89000    0.246004E-07
   0.89200    0.249080E-07
   0.89400    0.251074E-07
   0.89600    0.251249E-07
   0.89800    0.249137E-07
   0.90000    0.244597E-07
   0.90200    0.237818E-07
   0.90400    0.229298E-07
   0.90600    0.219779E-07
   0.90800    0.210154E-07
   0.91000    0.201359E-07
   0.91200    0.194257E-07
   0.91400    0.189533E-07
   0.91600    0.187600E-07
   0.91800    0.188545E-07
   0.92000    0.192107E-07
   0.92200    0.197691E-07
   0.92400    0.204435E-07
   0.92600    0.211291E-07
   0.92800    0.217151E-07
   0.93000    0.220965E-07
   0.93200    0.221861E-07
   0.93400    0.219249E-07
   0.93600    0.212889E-07
   0.93800    0.202919E-07
   0.94000    0.189849E-07
   0.94200    0.174506E-07
   0.94400    0.157952E-07
   0.94600    0.141373E-07
   0.94800    0.125961E-07
   0.95000    0.112787E-07
   0.95200    0.102692E-07
   0.95400    0.961985E-08
   0.95600    0.934565E-08
   0.95800    0.942274E-08
   0.96000    0.979119E-08
   0.96200    0.103624E-07
   0.96400    0.110295E-07
   0.96600    0.116805E-07
   0.96800    0.122117E-07
   0.97000    0.125405E-07
   0.97200    0.126151E-07
   0.97400    0.124203E-07
   0.97600    0.119789E-07
   0.97800    0.113476E-07
   0.98000    0.106087E-07
   0.98200    0.985871E-08
   0.98400    0.919507E-08
   0.98600    0.870274E-08
   0.98800    0.844230E-08
   0.99000    0.844101E-08
   0.99200    0.868816E-08
   0.99400    0.913516E-08
   0.99600    0.970047E-08
   0.99800    0.102792E-07
   1.00000    0.107559E-07
   1.00200    0.110196E-07
   1.00400    0.109785E-07
   1.00600    0.105730E-07
   1.00800    0.978495E-08
   1.01000    0.864178E-08
   1.01200    0.721530E-08
   1.01400    0.561465E-08
   1.01600    0.397449E-08
   1.01800    0.244002E-08
   1.02000    0.115051E-08
   1.02200    0.223314E-09
   1.02400   -0.259691E-09
   1.02600   -0.261591E-09
   1.02800    0.205177E-09
   1.03000    0.108012E-08
   1.03200    0.226130E-08
   1.03400    0.361656E-08
   1.03600    0.499815E-08
   1.03800    0.625892E-08
   1.04000    0.726808E-08
   1.04200    0.792487E-08
   1.04400    0.816846E-08
   1.04600    0.798313E-08
   1.04800    0.739826E-08
   1.05000    0.648318E-08
   1.05200    0.533781E-08
   1.05400    0.408037E-08
   1.05600    0.283336E-08
   1.05800    0.170967E-08
   1.06000    0.800181E-09
   1.06200    0.164247E-09
   1.06400   -0.175984E-09
   1.06600   -0.236670E-09
   1.06800   -0.689628E-10
   1.07000    0.248495E-09
   1.07200    0.620495E-09
   1.07400    0.948158E-09
   1.07600    0.114213E-08
   1.07800    0.113446E-08
   1.08000    0.887528E-09
   1.08200    0.398970E-09
   1.08400   -0.298630E-09
   1.08600   -0.114260E-08
   1.08800   -0.204921E-08
   1.09000   -0.292585E-08
   1.09200   -0.368436E-08
   1.09400   -0.425381E-08
   1.09600   -0.459087E-08
   1.09800   -0.468636E-08
   1.10000   -0.456702E-08
   1.10200   -0.429214E-08
   1.10400   -0.394566E-08
   1.10600   -0.362462E-08
   1.10800   -0.342551E-08
   1.11000   -0.343055E-08
   1.11200   -0.369565E-08
   1.11400   -0.424177E-08
   1.11600   -0.505095E-08
   1.11800   -0.606750E-08
   1.12000   -0.720427E-08
   1.12200   -0.835306E-08
   1.12400   -0.939808E-08
   1.12600   -0.102306E-07
   1.12800   -0.107626E-07
   1.13000   -0.109385E-07
   1.13200   -0.107425E-07
   1.13400   -0.102006E-07
   1.13600   -0.937803E-08
   1.13800   -0.837097E-08
   1.14000   -0.729461E-08
   1.14200   -0.626873E-08
   1.14400   -0.540260E-08
   1.14600   -0.478156E-08
   1.14800   -0.445682E-08
   1.15000   -0.444037E-08
   1.15200   -0.470497E-08
   1.15400   -0.518953E-08
   1.15600   -0.580913E-08
   1.15800   -0.646800E-08
   1.16000   -0.707355E-08
   1.16200   -0.754949E-08
   1.16400   -0.784614E-08
   1.16600   -0.794657E-08
   1.16800   -0.786764E-08
   1.17000   -0.765608E-08
   1.17200   -0.738010E-08
   1.17400   -0.711807E-08
   1.17600   -0.694594E-08
   1.17800   -0.692520E-08
   1.18000   -0.709323E-08
   1.18200   -0.745752E-08
   1.18400   -0.799442E-08
   1.18600   -0.865251E-08
   1.18800   -0.936006E-08
   1.19000   -0.100355E-07
   1.19200   -0.105994E-07
   1.19400   -0.109860E-07
   1.19600   -0.111531E-07
   1.19800   -0.110886E-07
   1.20000   -0.108130E-07
   1.20200   -0.103772E-07
   1.20400   -0.985646E-08
   1.20600   -0.934007E-08
   1.20800   -0.892002E-08
   1.21000   -0.867857E-08
   1.21200   -0.867688E-08
   1.21400   -0.894703E-08
   1.21600   -0.948769E-08
   1.21800   -0.102644E-07
   1.22000   -0.112146E-07
   1.22200   -0.122563E-07
   1.22400   -0.132996E-07
   1.22600   -0.142585E-07
   1.22800   -0.150625E-07
   1.23000   -0.156651E-07
   1.23200   -0.160489E-07
   1.23400   -0.162257E-07
   1.23600   -0.162328E-07
   1.23800   -0.161250E-07
   1.24000   -0.159644E-07
   1.24200   -0.158091E-07
   1.24400   -0.157032E-07
   1.24600   -0.156689E-07
   1.24800   -0.157027E-07
   1.25000   -0.157758E-07
   1.25200   -0.158391E-07
   1.25400   -0.158316E-07
   1.25600   -0.156911E-07
   1.25800   -0.153658E-07
   1.26000   -0.148243E-07
   1.26200   -0.140627E-07
   1.26400   -0.131081E-07
   1.26600   -0.120169E-07
   1.26800   -0.108685E-07
   1.27000   -0.975537E-08
   1.27200   -0.877059E-08
   1.27400   -0.799519E-08
   1.27600   -0.748701E-08
   1.27800   -0.727266E-08
   1.28000   -0.734428E-08
   1.28200   -0.766163E-08
   1.28400   -0.815897E-08
   1.28600   -0.875574E-08
   1.28800   -0.936938E-08
   1.29000   -0.992807E-08
   1.29200   -0.103813E-07
   1.29400   -0.107066E-07
   1.29600   -0.109115E-07
   1.29800   -0.110299E-07
   1.30000   -0.111143E-07
   1.30200   -0.112250E-07
   1.30400   -0.114175E-07
   1.30600   -0.117317E-07
   1.30800   -0.121836E-07
   1.31000   -0.127607E-07
   1.31200   -0.134236E-07
   1.31400   -0.141109E-07
   1.31600   -0.147492E-07
   1.31800   -0.152643E-07
   1.32000   -0.155930E-07
   1.32200   -0.156933E-07
   1.32400   -0.155507E-07
   1.32600   -0.151812E-07
   1.32800   -0.146277E-07
   1.33000   -0.139537E-07
   1.33200   -0.132330E-07
   1.33400   -0.125378E-07
   1.33600   -0.119275E-07
   1.33800   -0.114398E-07
   1.34000   -0.110860E-07
   1.34200   -0.108502E-07
   1.34400   -0.106947E-07
   1.34600   -0.105680E-07
   1.34800   -0.104167E-07
   1.35000   -0.101970E-07
   1.35200   -0.988529E-08
   1.35400   -0.948449E-08
   1.35600   -0.902619E-08
   1.35800   -0.856689E-08
   1.36000   -0.817943E-08
   1.36200   -0.794091E-08
   1.36400   -0.791889E-08
   1.36600   -0.815834E-08
   1.36800   -0.867189E-08
   1.37000   -0.943503E-08
   1.37200   -0.103873E-07
   1.37400   -0.114391E-07
   1.37600   -0.124837E-07
   1.37800   -0.134124E-07
   1.38000   -0.141289E-07
   1.38200   -0.145636E-07
   1.38400   -0.146817E-07
   1.38600   -0.144871E-07
   1.38800   -0.140194E-07
   1.39000   -0.133462E-07
   1.39200   -0.125510E-07
   1.39400   -0.117200E-07
   1.39600   -0.109293E-07
   1.39800   -0.102354E-07
   1.40000   -0.966996E-08
   1.40200   -0.923993E-08
   1.40400   -0.893214E-08
   1.40600   -0.872152E-08
   1.40800   -0.858089E-08
   1.41000   -0.849003E-08
   1.41200   -0.844235E-08
   1.41400   -0.844735E-08
   1.41600   -0.852880E-08
   1.41800   -0.871870E-08
   1.42000   -0.904843E-08
   1.42200   -0.953894E-08
   1.42400   -0.101923E-07
   1.42600   -0.109864E-07
   1.42800   -0.118739E-07
   1.43000   -0.127865E-07
   1.43200   -0.136435E-07
   1.43400   -0.143628E-07
   1.43600   -0.148734E-07
   1.43800   -0.151261E-07
   1.44000   -0.151013E-07
   1.44200   -0.148121E-07
   1.44400   -0.143017E-07
   1.44600   -0.136370E-07
   1.44800   -0.128986E-07
   1.45000   -0.121690E-07
   1.45200   -0.115222E-07
   1.45400   -0.110148E-07
   1.45600   -0.106815E-07
   1.45800   -0.105342E-07
   1.46000   -0.105647E-07
   1.46200   -0.107501E-07
   1.46400   -0.110595E-07
   1.46600   -0.114600E-07
   1.46800   -0.119213E-07
   1.47000   -0.124178E-07
   1.47200   -0.129286E-07
   1.47400   -0.134347E-07
   1.47600   -0.139163E-07
   1.47800   -0.143493E-07
   1.48000   -0.147044E-07
   1.48200   -0.149476E-07
   1.48400   -0.150431E-07
   1.48600   -0.149595E-07
   1.48800   -0.146763E-07
   1.49000   -0.141902E-07
   1.49200   -0.135202E-07
   1.49400   -0.127096E-07
   1.49600   -0.118244E-07
   1.49800   -0.109474E-07
   1.50000   -0.101693E-07
   1.50200   -0.957742E-08
   1.50400   -0.924440E-08
   1.50600   -0.921824E-08
   1.50800   -0.951564E-08
   1.51000   -0.101198E-07
   1.51200   -0.109826E-07
   1.51400   -0.120318E-07
   1.51600   -0.131806E-07
   1.51800   -0.143392E-07
   1.52000   -0.154252E-07
   1.52200   -0.163722E-07
   1.52400   -0.171353E-07
   1.52600   -0.176924E-07
   1.52800   -0.180422E-07
   1.53000   -0.181995E-07
   1.53200   -0.181903E-07
   1.53400   -0.180455E-07
   1.53600   -0.177971E-07
   1.53800   -0.174758E-07
   1.54000   -0.171097E-07
   1.54200   -0.167257E-07
   1.54400   -0.163495E-07
   1.54600   -0.160066E-07
   1.54800   -0.157211E-07
   1.55000   -0.155138E-07
   1.55200   -0.153993E-07
   1.55400   -0.153827E-07
   1.55600   -0.154566E-07
   1.55800   -0.156011E-07
   1.56000   -0.157843E-07
   1.56200   -0.159669E-07
   1.56400   -0.161077E-07
   1.56600   -0.161705E-07
   1.56800   -0.161308E-07
   1.57000   -0.159802E-07
   1.57200   -0.157288E-07
   1.57400   -0.154036E-07
   1.57600   -0.150441E-07
   1.57800   -0.146953E-07
   1.58000   -0.143996E-07
   1.58200   -0.141894E-07
   1.58400   -0.140814E-07
   1.58600   -0.140740E-07
   1.58800   -0.141487E-07
   1.59000   -0.142744E-07
   1.59200   -0.144138E-07
   1.59400   -0.145319E-07
   1.59600   -0.146023E-07
   1.59800   -0.146133E-07
   1.60000   -0.145695E-07
   1.60200   -0.144912E-07
   1.60400   -0.144107E-07
   1.60600   -0.143661E-07
   1.60800   -0.143949E-07
   1.61000   -0.145279E-07
   1.61200   -0.147838E-07
   1.61400   -0.151675E-07
   1.61600   -0.156692E-07
   1.61800   -0.162664E-07
   1.62000   -0.169273E-07
   1.62200   -0.176146E-07
   1.62400   -0.182897E-07
   1.62600   -0.189163E-07
   1.62800   -0.194629E-07
   1.63000   -0.199051E-07
   1.63200   -0.202271E-07
   1.63400   -0.204223E-07
   1.63600   -0.204937E-07
   1.63800   -0.204540E-07
   1.64000   -0.203245E-07
   1.64200   -0.201333E-07
   1.64400   -0.199125E-07
   1.64600   -0.196942E-07
   1.64800   -0.195062E-07
   1.65000   -0.193683E-07
   1.65200   -0.192886E-07
   1.65400   -0.192624E-07
   1.65600   -0.192732E-07
   1.65800   -0.192956E-07
   1.66000   -0.193004E-07
   1.66200   -0.192601E-07
   1.66400   -0.191544E-07
   1.66600   -0.189739E-07
   1.66800   -0.187215E-07
   1.67000   -0.184109E-07
   1.67200   -0.180636E-07
   1.67400   -0.177030E-07
   1.67600   -0.173503E-07
   1.67800   -0.170192E-07
   1.68000   -0.167149E-07
   1.68200   -0.164336E-07
   1.68400   -0.161655E-07
   1.68600   -0.158988E-07
   1.68800   -0.156244E-07
   1.69000   -0.153390E-07
   1.69200   -0.150475E-07
   1.69400   -0.147623E-07
   1.69600   -0.145007E-07
   1.69800   -0.142813E-07
   1.70000   -0.141191E-07
   1.70200   -0.140217E-07
   1.70400   -0.139867E-07
   1.70600   -0.140015E-07
   1.70800   -0.140442E-07
   1.71000   -0.140871E-07
   1.71200   -0.141005E-07
   1.71400   -0.140570E-07
   1.71600   -0.139348E-07
   1.71800   -0.137208E-07
   1.72000   -0.134114E-07
   1.72200   -0.130129E-07
   1.72400   -0.125407E-07
   1.72600   -0.120175E-07
   1.72800   -0.114714E-07
   1.73000   -0.109331E-07
   1.73200   -0.104335E-07
   1.73400   -0.100007E-07
   1.73600   -0.965774E-08
   1.73800   -0.941936E-08
   1.74000   -0.929076E-08
   1.74200   -0.926623E-08
   1.74400   -0.932911E-08
   1.74600   -0.945284E-08
   1.74800   -0.960321E-08
   1.75000   -0.974135E-08
   1.75200   -0.982722E-08
   1.75400   -0.982326E-08
   1.75600   -0.969772E-08
   1.75800   -0.942733E-08
   1.76000   -0.899929E-08
   1.76200   -0.841242E-08
   1.76400   -0.767736E-08
   1.76600   -0.681586E-08
   1.76800   -0.585926E-08
   1.77000   -0.484609E-08
   1.77200   -0.381886E-08
   1.77400   -0.282027E-08
   1.77600   -0.188912E-08
   1.77800   -0.105638E-08
   1.78000   -0.341853E-09
   1.78200    0.247932E-09
   1.78400    0.720244E-09
   1.78600    0.109503E-08
   1.78800    0.140221E-08
   1.79000    0.167783E-08
   1.79200    0.195957E-08
   1.79400    0.228241E-08
   1.79600    0.267486E-08
   1.79800    0.315651E-08
   1.80000    0.373676E-08
   1.80200    0.441500E-08
   1.80400    0.518178E-08
   1.80600    0.602092E-08
   1.80800    0.691215E-08
   1.81000    0.783388E-08
   1.81200    0.876591E-08
   1.81400    0.969182E-08
   1.81600    0.106010E-07
   1.81800    0.114897E-07
   1.82000    0.123618E-07
   1.82200    0.132279E-07
   1.82400    0.141044E-07
   1.82600    0.150114E-07
   1.82800    0.159697E-07
   1.83000    0.169989E-07
   1.83200    0.181145E-07
   1.83400    0.193265E-07
   1.83600    0.206386E-07
   1.83800    0.220482E-07
   1.84000    0.235475E-07
   1.84200    0.251254E-07
   1.84400    0.267697E-07
   1.84600    0.284685E-07
   1.84800    0.302129E-07
   1.85000    0.319974E-07
   1.85200    0.338205E-07
   1.85400    0.356847E-07
   1.85600    0.375952E-07
   1.85800    0.395594E-07
   1.86000    0.415848E-07
   1.86200    0.436789E-07
   1.86400    0.458478E-07
   1.86600    0.480966E-07
   1.86800    0.504291E-07
   1.87000    0.528503E-07
   1.87200    0.553661E-07
   1.87400    0.579857E-07
   1.87600    0.607229E-07
   1.87800    0.635964E-07
   1.88000    0.666318E-07
   1.88200    0.698600E-07
   1.88400    0.733186E-07
   1.88600    0.770495E-07
   1.88800    0.810977E-07
   1.89000    0.855095E-07
   1.89200    0.903284E-07
   1.89400    0.955949E-07
   1.89600    0.101334E-06
   1.89800    0.107559E-06
   1.90000    0.114271E-06
   1.90200    0.121446E-06
   1.90400    0.129045E-06
   1.90600    0.137008E-06
   1.90800    0.145272E-06
   1.91000    0.153768E-06
   1.91200    0.162444E-06
   1.91400    0.171270E-06
   1.91600    0.180247E-06
   1.91800    0.189406E-06
   1.92000    0.198795E-06
   1.92200    0.208456E-06
   1.92400    0.218377E-06
   1.92600    0.228439E-06
   1.92800    0.238350E-06
   1.93000    0.247592E-06
   1.93200    0.255372E-06
   1.93400    0.260616E-06
   1.93600    0.262004E-06
   1.93800    0.258048E-06
   1.94000    0.247240E-06
   1.94200    0.228220E-06
   1.94400    0.199985E-06
   1.94600    0.162073E-06
   1.94800    0.114719E-06
   1.95000    0.589351E-07
   1.95200   -0.350175E-08
   1.95400   -0.701565E-07
   1.95600   -0.138138E-06
   1.95800   -0.204360E-06
   1.96000   -0.265840E-06
   1.96200   -0.319970E-06
   1.96400   -0.364743E-06
   1.96600   -0.398896E-06
   1.96800   -0.421956E-06
   1.97000   -0.434193E-06
   1.97200   -0.436499E-06
   1.97400   -0.430218E-06
   1.97600   -0.416964E-06
   1.97800   -0.398442E-06
   1.98000   -0.376301E-06
   1.98200   -0.352030E-06
   1.98400   -0.326896E-06
   1.98600   -0.301920E-06
   1.98800   -0.277876E-06
   1.99000   -0.255310E-06
   1.99200   -0.234571E-06
   1.99400   -0.215832E-06
   1.99600   -0.199117E-06
   1.99800   -0.184321E-06
   2.00000   -0.171236E-06
   2.00200   -0.159564E-06
   2.00400   -0.148947E-06
   2.00600   -0.138992E-06
   2.00800   -0.129310E-06
   2.01000   -0.119547E-06
   2.01200   -0.109426E-06
   2.01400   -0.987785E-07
   2.01600   -0.875728E-07
   2.01800   -0.759181E-07
   2.02000   -0.640703E-07
   2.02200   -0.524068E-07
   2.02400   -0.413788E-07
   2.02600   -0.314676E-07
   2.02800   -0.231233E-07
   2.03000   -0.167106E-07
   2.03200   -0.124636E-07
   2.03400   -0.104588E-07
   2.03600   -0.106093E-07
   2.03800   -0.126802E-07
   2.04000   -0.163215E-07
   2.04200   -0.211134E-07
   2.04400   -0.266142E-07
   2.04600   -0.324026E-07
   2.04800   -0.381117E-07
   2.05000   -0.434493E-07
   2.05200   -0.482049E-07
   2.05400   -0.522462E-07
   2.05600   -0.555079E-07
   2.05800   -0.579783E-07
   2.06000   -0.596850E-07
   2.06200   -0.606838E-07
   2.06400   -0.610490E-07
   2.06600   -0.608672E-07
   2.06800   -0.602314E-07
   2.07000   -0.592361E-07
   2.07200   -0.579715E-07
   2.07400   -0.565175E-07
   2.07600   -0.549391E-07
   2.07800   -0.532819E-07
   2.08000   -0.515709E-07
   2.08200   -0.498118E-07
   2.08400   -0.479953E-07
   2.08600   -0.461046E-07
   2.08800   -0.441229E-07
   2.09000   -0.420425E-07
   2.09200   -0.398707E-07
   2.09400   -0.376346E-07
   2.09600   -0.353812E-07
   2.09800   -0.331739E-07
   2.10000   -0.310875E-07
   2.10200   -0.291994E-07
   2.10400   -0.275781E-07
   2.10600   -0.262751E-07
   2.10800   -0.253169E-07
   2.11000   -0.247007E-07
   2.11200   -0.243924E-07
   2.11400   -0.243303E-07
   2.11600   -0.244313E-07
   2.11800   -0.246007E-07
   2.12000   -0.247423E-07
   2.12200   -0.247689E-07
   2.12400   -0.246115E-07
   2.12600   -0.242253E-07
   2.12800   -0.235930E-07
   2.13000   -0.227240E-07
   2.13200   -0.216510E-07
   2.13400   -0.204249E-07
   2.13600   -0.191079E-07
   2.13800   -0.177665E-07
   2.14000   -0.164652E-07
   2.14200   -0.152611E-07
   2.14400   -0.141994E-07
   2.14600   -0.133105E-07
   2.14800   -0.126087E-07
   2.15000   -0.120912E-07
   2.15200   -0.117393E-07
   2.15400   -0.115200E-07
   2.15600   -0.113887E-07
   2.15800   -0.112926E-07
   2.16000   -0.111753E-07
   2.16200   -0.109806E-07
   2.16400   -0.106578E-07
   2.16600   -0.101653E-07
   2.16800   -0.947479E-08
   2.17000   -0.857349E-08
   2.17200   -0.746553E-08
   2.17400   -0.617159E-08
   2.17600   -0.472687E-08
   2.17800   -0.317737E-08
   2.18000   -0.157495E-08
   2.18200    0.282848E-10
   2.18400    0.158578E-08
   2.18600    0.306140E-08
   2.18800    0.443362E-08
   2.19000    0.569748E-08
   2.19200    0.686554E-08
   2.19400    0.796596E-08
   2.19600    0.904059E-08
   2.19800    0.101410E-07
   2.20000    0.113241E-07
   2.20200    0.126492E-07
   2.20400    0.141751E-07
   2.20600    0.159570E-07
   2.20800    0.180443E-07
   2.21000    0.204807E-07
   2.21200    0.233023E-07
   2.21400    0.265376E-07
   2.21600    0.302067E-07
   2.21800    0.343199E-07
   2.22000    0.388763E-07
   2.22200    0.438615E-07
   2.22400    0.492457E-07
   2.22600    0.549792E-07
   2.22800    0.609884E-07
   2.23000    0.671690E-07
   2.23200    0.733785E-07
   2.23400    0.794274E-07
   2.23600    0.850708E-07
   2.23800    0.900032E-07
   2.24000    0.938595E-07
   2.24200    0.962248E-07
   2.24400    0.966565E-07
   2.24600    0.947193E-07
   2.24800    0.900309E-07
   2.25000    0.823148E-07
   2.25200    0.714524E-07
   2.25400    0.575257E-07
   2.25600    0.408415E-07
   2.25800    0.219312E-07
   2.26000    0.152164E-08
   2.26200   -0.195204E-07
   2.26400   -0.402637E-07
   2.26600   -0.597987E-07
   2.26800   -0.773211E-07
   2.27000   -0.922021E-07
   2.27200   -0.104035E-06
   2.27400   -0.112655E-06
   2.27600   -0.118129E-06
   2.27800   -0.120721E-06
   2.28000   -0.120844E-06
   2.28200   -0.119001E-06
   2.28400   -0.115723E-06
   2.28600   -0.111521E-06
   2.28800   -0.106849E-06
   2.29000   -0.102076E-06
   2.29200   -0.974803E-07
   2.29400   -0.932451E-07
   2.29600   -0.894737E-07
   2.29800   -0.862020E-07
   2.30000   -0.834168E-07
   2.30200   -0.810720E-07
   2.30400   -0.791033E-07
   2.30600   -0.774400E-07
   2.30800   -0.760126E-07
   2.31000   -0.747588E-07
   2.31200   -0.736255E-07
   2.31400   -0.725704E-07
   2.31600   -0.715607E-07
   2.31800   -0.705734E-07
   2.32000   -0.695932E-07
   2.32200   -0.686107E-07
   2.32400   -0.676230E-07
   2.32600   -0.666316E-07
   2.32800   -0.656403E-07
   2.33000   -0.646555E-07
   2.33200   -0.636850E-07
   2.33400   -0.627370E-07
   2.33600   -0.618197E-07
   2.33800   -0.609406E-07
   2.34000   -0.601061E-07
   2.34200   -0.593207E-07
   2.34400   -0.585866E-07
   2.34600   -0.579028E-07
   2.34800   -0.572644E-07
   2.35000   -0.566613E-07
   2.35200   -0.560775E-07
   2.35400   -0.554898E-07
   2.35600   -0.548680E-07
   2.35800   -0.541749E-07
   2.36000   -0.533682E-07
   2.36200   -0.524027E-07
   2.36400   -0.512350E-07
   2.36600   -0.498279E-07
   2.36800   -0.481558E-07
   2.37000   -0.462106E-07
   2.37200   -0.440047E-07
   2.37400   -0.415741E-07
   2.37600   -0.389772E-07
   2.37800   -0.362921E-07
   2.38000   -0.336096E-07
   2.38200   -0.310255E-07
   2.38400   -0.286309E-07
   2.38600   -0.265029E-07
   2.38800   -0.246967E-07
   2.39000   -0.232406E-07
   2.39200   -0.221345E-07
   2.39400   -0.213510E-07
   2.39600   -0.208409E-07
   2.39800   -0.205403E-07
   2.40000   -0.203785E-07
   2.40200   -0.202866E-07
   2.40400   -0.202043E-07
   2.40600   -0.200845E-07
   2.40800   -0.198963E-07
   2.41000   -0.196252E-07
   2.41200   -0.192709E-07
   2.41400   -0.188444E-07
   2.41600   -0.183637E-07
   2.41800   -0.178499E-07
   2.42000   -0.173237E-07
   2.42200   -0.168021E-07
   2.42400   -0.162977E-07
   2.42600   -0.158174E-07
   2.42800   -0.153632E-07
   2.43000   -0.149340E-07
   2.43200   -0.145265E-07
   2.43400   -0.141376E-07
   2.43600   -0.137661E-07
   2.43800   -0.134131E-07
   2.44000   -0.130831E-07
   2.44200   -0.127831E-07
   2.44400   -0.125216E-07
   2.44600   -0.123074E-07
   2.44800   -0.121473E-07
   2.45000   -0.120445E-07
   2.45200   -0.119981E-07
   2.45400   -0.120020E-07
   2.45600   -0.120453E-07
   2.45800   -0.121134E-07
   2.46000   -0.121898E-07
   2.46200   -0.122573E-07
   2.46400   -0.123002E-07
   2.46600   -0.123048E-07
   2.46800   -0.122607E-07
   2.47000   -0.121603E-07
   2.47200   -0.119982E-07
   2.47400   -0.117707E-07
   2.47600   -0.114745E-07
   2.47800   -0.111064E-07
   2.48000   -0.106629E-07
   2.48200   -0.101407E-07
   2.48400   -0.953674E-08
   2.48600   -0.884948E-08
   2.48800   -0.807952E-08
   2.49000   -0.723018E-08
   2.49200   -0.630777E-08
   2.49400   -0.532165E-08
   2.49600   -0.428364E-08
   2.49800   -0.320745E-08
   2.50000   -0.210774E-08
   2.50200   -0.999155E-09
   2.50400    0.104584E-09
   2.50600    0.119146E-08
   2.50800    0.225182E-08
   2.51000    0.327886E-08
   2.51200    0.426888E-08
   2.51400    0.522134E-08
   2.51600    0.613882E-08
   2.51800    0.702668E-08
   2.52000    0.789273E-08
   2.52200    0.874662E-08
   2.52400    0.959924E-08
   2.52600    0.104617E-07
   2.52800    0.113445E-07
   2.53000    0.122564E-07
   2.53200    0.132035E-07
   2.53400    0.141882E-07
   2.53600    0.152090E-07
   2.53800    0.162603E-07
   2.54000    0.173324E-07
   2.54200    0.184134E-07
   2.54400    0.194893E-07
   2.54600    0.205466E-07
   2.54800    0.215726E-07
   2.55000    0.225573E-07
   2.55200    0.234930E-07
   2.55400    0.243749E-07
   2.55600    0.252003E-07
   2.55800    0.259677E-07
   2.56000    0.266759E-07
   2.56200    0.273235E-07
   2.56400    0.279083E-07
   2.56600    0.284269E-07
   2.56800    0.288749E-07
   2.57000    0.292475E-07
   2.57200    0.295396E-07
   2.57400    0.297462E-07
   2.57600    0.298635E-07
   2.57800    0.298889E-07
   2.58000    0.298216E-07
   2.58200    0.296632E-07
   2.58400    0.294181E-07
   2.58600    0.290931E-07
   2.58800    0.286976E-07
   2.59000    0.282425E-07
   2.59200    0.277390E-07
   2.59400    0.271977E-07
   2.59600    0.266271E-07
   2.59800    0.260324E-07
   2.60000    0.254154E-07
   2.60200    0.247744E-07
   2.60400    0.241054E-07
   2.60600    0.234034E-07
   2.60800    0.226634E-07
   2.61000    0.218831E-07
   2.61200    0.210628E-07
   2.61400    0.202068E-07
   2.61600    0.193232E-07
   2.61800    0.184232E-07
   2.62000    0.175202E-07
   2.62200    0.166284E-07
   2.62400    0.157620E-07
   2.62600    0.149334E-07
   2.62800    0.141531E-07
   2.63000    0.134286E-07
   2.63200    0.127641E-07
   2.63400    0.121608E-07
   2.63600    0.116163E-07
   2.63800    0.111253E-07
   2.64000    0.106798E-07
   2.64200    0.102696E-07
   2.64400    0.988337E-08
   2.64600    0.950907E-08
   2.64800    0.913549E-08
   2.65000    0.875306E-08
   2.65200    0.835482E-08
   2.65400    0.793707E-08
   2.65600    0.749955E-08
   2.65800    0.704517E-08
   2.66000    0.657934E-08
   2.66200    0.610890E-08
   2.66400    0.564078E-08
   2.66600    0.518094E-08
   2.66800    0.473346E-08
   2.67000    0.430014E-08
   2.67200    0.388055E-08
   2.67400    0.347262E-08
   2.67600    0.307345E-08
   2.67800    0.268023E-08
   2.68000    0.229111E-08
   2.68200    0.190581E-08
   2.68400    0.152587E-08
   2.68600    0.115483E-08
   2.68800    0.797900E-09
   2.69000    0.461668E-09
   2.69200    0.153368E-09
   2.69400   -0.119840E-09
   2.69600   -0.351710E-09
   2.69800   -0.537859E-09
   2.70000   -0.676441E-09
   2.70200   -0.768758E-09
   2.70400   -0.819349E-09
   2.70600   -0.835537E-09
   2.70800   -0.826500E-09
   2.71000   -0.801945E-09
   2.71200   -0.770816E-09
   2.71400   -0.740109E-09
   2.71600   -0.714228E-09
   2.71800   -0.695229E-09
   2.72000   -0.683585E-09
   2.72200   -0.679478E-09
   2.72400   -0.684107E-09
   2.72600   -0.700721E-09
   2.72800   -0.734979E-09
   2.73000   -0.794223E-09
   2.73200   -0.886023E-09
   2.73400   -0.101615E-08
   2.73600   -0.118651E-08
   2.73800   -0.139348E-08
   2.74000   -0.162737E-08
   2.74200   -0.187307E-08
   2.74400   -0.211200E-08
   2.74600   -0.232517E-08
   2.74800   -0.249639E-08
   2.75000   -0.261555E-08
   2.75200   -0.268078E-08
   2.75400   -0.269920E-08
   2.75600   -0.268607E-08
   2.75800   -0.266224E-08
   2.76000   -0.265073E-08
   2.76200   -0.267283E-08
   2.76400   -0.274465E-08
   2.76600   -0.287478E-08
   2.76800   -0.306330E-08
   2.77000   -0.330297E-08
   2.77200   -0.358161E-08
   2.77400   -0.388553E-08
   2.77600   -0.420318E-08
   2.77800   -0.452873E-08
   2.78000   -0.486393E-08
   2.78200   -0.521913E-08
   2.78400   -0.561251E-08
   2.78600   -0.606758E-08
   2.78800   -0.660931E-08
   2.79000   -0.726571E-08
   2.79200   -0.806059E-08
   2.79400   -0.901451E-08
   2.79600   -0.101445E-07
   2.79800   -0.114656E-07
   2.80000   -0.129926E-07
   2.80200   -0.147428E-07
   2.80400   -0.167368E-07
   2.80600   -0.189982E-07
   2.80800   -0.215501E-07
   2.81000   -0.244083E-07
   2.81200   -0.275694E-07
   2.81400   -0.309969E-07
   2.81600   -0.346039E-07
   2.81800   -0.382356E-07
   2.82000   -0.416558E-07
   2.82200   -0.445390E-07
   2.82400   -0.464742E-07
   2.82600   -0.469816E-07
   2.82800   -0.455463E-07
   2.83000   -0.416665E-07
   2.83200   -0.349124E-07
   2.83400   -0.249917E-07
   2.83600   -0.118091E-07
   2.83800    0.448763E-08
   2.84000    0.234866E-07
   2.84200    0.445205E-07
   2.84400    0.667093E-07
   2.84600    0.890324E-07
   2.84800    0.110422E-06
   2.85000    0.129865E-06
   2.85200    0.146499E-06
   2.85400    0.159691E-06
   2.85600    0.169083E-06
   2.85800    0.174605E-06
   2.86000    0.176456E-06
   2.86200    0.175053E-06
   2.86400    0.170965E-06
   2.86600    0.164841E-06
   2.86800    0.157338E-06
   2.87000    0.149064E-06
   2.87200    0.140537E-06
   2.87400    0.132161E-06
   2.87600    0.124224E-06
   2.87800    0.116902E-06
   2.88000    0.110276E-06
   2.88200    0.104358E-06
   2.88400    0.991057E-07
   2.88600    0.944489E-07
   2.88800    0.903040E-07
   2.89000    0.865869E-07
   2.89200    0.832220E-07
   2.89400    0.801478E-07
   2.89600    0.773185E-07
   2.89800    0.747041E-07
   2.90000    0.722892E-07
   2.90200    0.700692E-07
   2.90400    0.680478E-07
   2.90600    0.662332E-07
   2.90800    0.646348E-07
   2.91000    0.632604E-07
   2.91200    0.621174E-07
   2.91400    0.612060E-07
   2.91600    0.605217E-07
   2.91800    0.600532E-07
   2.92000    0.597823E-07
   2.92200    0.596827E-07
   2.92400    0.597193E-07
   2.92600    0.598486E-07
   2.92800    0.600195E-07
   2.93000    0.601755E-07
   2.93200    0.602580E-07
   2.93400    0.602109E-07
   2.93600    0.599857E-07
   2.93800    0.595463E-07
   2.94000    0.588739E-07
   2.94200    0.579688E-07
   2.94400    0.568512E-07
   2.94600    0.555594E-07
   2.94800    0.541453E-07
   2.95000    0.526690E-07
   2.95200    0.511925E-07
   2.95400    0.497727E-07
   2.95600    0.484568E-07
   2.95800    0.472778E-07
   2.96000    0.462526E-07
   2.96200    0.453817E-07
   2.96400    0.446513E-07
   2.96600    0.440354E-07
   2.96800    0.435004E-07
   2.97000    0.430094E-07
   2.97200    0.425265E-07
   2.97400    0.420215E-07
   2.97600    0.414730E-07
   2.97800    0.408712E-07
   2.98000    0.402188E-07
   2.98200    0.395308E-07
   2.98400    0.388327E-07
   2.98600    0.381572E-07
   2.98800    0.375401E-07
   2.99000    0.370159E-07
   2.99200    0.366133E-07
   2.99400    0.363519E-07
   2.99600    0.362401E-07
   2.99800    0.362740E-07
   3.00000    0.364394E-07
   3.00200    0.367131E-07
   3.00400    0.370673E-07
   3.00600    0.374723E-07
   3.00800    0.379007E-07
   3.01000    0.383294E-07
   3.01200    0.387418E-07
   3.01400    0.391279E-07
   3.01600    0.394841E-07
   3.01800    0.398117E-07
   3.02000    0.401153E-07
   3.02200    0.404013E-07
   3.02400    0.406761E-07
   3.02600    0.409451E-07
   3.02800    0.412122E-07
   3.03000    0.414795E-07
   3.03200    0.417476E-07
   3.03400    0.420155E-07
   3.03600    0.422817E-07
   3.03800    0.425446E-07
   3.04000    0.428022E-07
   3.04200    0.430535E-07
   3.04400    0.432978E-07
   3.04600    0.435356E-07
   3.04800    0.437678E-07
   3.05000    0.439961E-07
   3.05200    0.442224E-07
   3.05400    0.444486E-07
   3.05600    0.446760E-07
   3.05800    0.449052E-07
   3.06000    0.451356E-07
   3.06200    0.453656E-07
   3.06400    0.455923E-07
   3.06600    0.458120E-07
   3.06800    0.460207E-07
   3.07000    0.462143E-07
   3.07200    0.463894E-07
   3.07400    0.465436E-07
   3.07600    0.466761E-07
   3.07800    0.467878E-07
   3.08000    0.468815E-07
   3.08200    0.469617E-07
   3.08400    0.470342E-07
   3.08600    0.471058E-07
   3.08800    0.471830E-07
   3.09000    0.472718E-07
   3.09200    0.473764E-07
   3.09400    0.474987E-07
   3.09600    0.476377E-07
   3.09800    0.477899E-07
   3.10000    0.479490E-07
   3.10200    0.481071E-07
   3.10400    0.482553E-07
   3.10600    0.483857E-07
   3.10800    0.484918E-07
   3.11000    0.485706E-07
   3.11200    0.486233E-07
   3.11400    0.486559E-07
   3.11600    0.486789E-07
   3.11800    0.487066E-07
   3.12000    0.487559E-07
   3.12200    0.488439E-07
   3.12400    0.489855E-07
   3.12600    0.491912E-07
   3.12800    0.494636E-07
   3.13000    0.497957E-07
   3.13200    0.501687E-07
   3.13400    0.505514E-07
   3.13600    0.508995E-07
   3.13800    0.511567E-07
   3.14000    0.512567E-07
   3.14200    0.511264E-07
   3.14400    0.506913E-07
   3.14600    0.498816E-07
   3.14800    0.486401E-07
   3.15000    0.469314E-07
   3.15200    0.447508E-07
   3.15400    0.421328E-07
   3.15600    0.391564E-07
   3.15800    0.359476E-07
   3.16000    0.326754E-07
   3.16200    0.295431E-07
   3.16400    0.267732E-07
   3.16600    0.245881E-07
   3.16800    0.231883E-07
   3.17000    0.227317E-07
   3.17200    0.233160E-07
   3.17400    0.249670E-07
   3.17600    0.276356E-07
   3.17800    0.312026E-07
   3.18000    0.354911E-07
   3.18200    0.402854E-07
   3.18400    0.453511E-07
   3.18600    0.504564E-07
   3.18800    0.553904E-07
   3.19000    0.599761E-07
   3.19200    0.640787E-07
   3.19400    0.676075E-07
   3.19600    0.705143E-07
   3.19800    0.727872E-07
   3.20000    0.744444E-07
   3.20200    0.755255E-07
   3.20400    0.760858E-07
   3.20600    0.761901E-07
   3.20800    0.759081E-07
   3.21000    0.753122E-07
   3.21200    0.744748E-07
   3.21400    0.734665E-07
   3.21600    0.723543E-07
   3.21800    0.711991E-07
   3.22000    0.700543E-07
   3.22200    0.689619E-07
   3.22400    0.679511E-07
   3.22600    0.670356E-07
   3.22800    0.662124E-07
   3.23000    0.654621E-07
   3.23200    0.647498E-07
   3.23400    0.640276E-07
   3.23600    0.632396E-07
   3.23800    0.623271E-07
   3.24000    0.612351E-07
   3.24200    0.599196E-07
   3.24400    0.583539E-07
   3.24600    0.565343E-07
   3.24800    0.544836E-07
   3.25000    0.522513E-07
   3.25200    0.499113E-07
   3.25400    0.475550E-07
   3.25600    0.452821E-07
   3.25800    0.431893E-07
   3.26000    0.413579E-07
   3.26200    0.398431E-07
   3.26400    0.386652E-07
   3.26600    0.378048E-07
   3.26800    0.372036E-07
   3.27000    0.367681E-07
   3.27200    0.363794E-07
   3.27400    0.359043E-07
   3.27600    0.352093E-07
   3.27800    0.341744E-07
   3.28000    0.327052E-07
   3.28200    0.307432E-07
   3.28400    0.282726E-07
   3.28600    0.253234E-07
   3.28800    0.219693E-07
   3.29000    0.183228E-07
   3.29200    0.145255E-07
   3.29400    0.107355E-07
   3.29600    0.711409E-08
   3.29800    0.381099E-08
   3.30000    0.951966E-09
   3.30200   -0.137107E-08
   3.30400   -0.310587E-08
   3.30600   -0.424116E-08
   3.30800   -0.480359E-08
   3.31000   -0.485120E-08
   3.31200   -0.446439E-08
   3.31400   -0.373592E-08
   3.31600   -0.276134E-08
   3.31800   -0.163108E-08
   3.32000   -0.424307E-09
   3.32200    0.794145E-09
   3.32400    0.197549E-08
   3.32600    0.308556E-08
   3.32800    0.410364E-08
   3.33000    0.501963E-08
   3.33200    0.583117E-08
   3.33400    0.654134E-08
   3.33600    0.715666E-08
   3.33800    0.768539E-08
   3.34000    0.813674E-08
   3.34200    0.851980E-08
   3.34400    0.884347E-08
   3.34600    0.911635E-08
   3.34800    0.934640E-08
   3.35000    0.954118E-08
   3.35200    0.970716E-08
   3.35400    0.985037E-08
   3.35600    0.997570E-08
   3.35800    0.100870E-07
   3.36000    0.101869E-07
   3.36200    0.102766E-07
   3.36400    0.103566E-07
   3.36600    0.104262E-07
   3.36800    0.104843E-07
   3.37000    0.105297E-07
   3.37200    0.105614E-07
   3.37400    0.105795E-07
   3.37600    0.105850E-07
   3.37800    0.105800E-07
   3.38000    0.105678E-07
   3.38200    0.105526E-07
   3.38400    0.105389E-07
   3.38600    0.105309E-07
   3.38800    0.105323E-07
   3.39000    0.105457E-07
   3.39200    0.105724E-07
   3.39400    0.106124E-07
   3.39600    0.106646E-07
   3.39800    0.107272E-07
   3.40000    0.107983E-07
   3.40200    0.108764E-07
   3.40400    0.109603E-07
   3.40600    0.110498E-07
   3.40800    0.111450E-07
   3.41000    0.112456E-07
   3.41200    0.113510E-07
   3.41400    0.114585E-07
   3.41600    0.115637E-07
   3.41800    0.116598E-07
   3.42000    0.117378E-07
   3.42200    0.117880E-07
   3.42400    0.118003E-07
   3.42600    0.117669E-07
   3.42800    0.116830E-07
   3.43000    0.115485E-07
   3.43200    0.113685E-07
   3.43400    0.111530E-07
   3.43600    0.109157E-07
   3.43800    0.106720E-07
   3.44000    0.104366E-07
   3.44200    0.102211E-07
   3.44400    0.100318E-07
   3.44600    0.986817E-08
   3.44800    0.972344E-08
   3.45000    0.958521E-08
   3.45200    0.943788E-08
   3.45400    0.926556E-08
   3.45600    0.905507E-08
   3.45800    0.879872E-08
   3.46000    0.849596E-08
   3.46200    0.815390E-08
   3.46400    0.778644E-08
   3.46600    0.741215E-08
   3.46800    0.705147E-08
   3.47000    0.672365E-08
   3.47200    0.644401E-08
   3.47400    0.622200E-08
   3.47600    0.606049E-08
   3.47800    0.595619E-08
   3.48000    0.590118E-08
   3.48200    0.588517E-08
   3.48400    0.589796E-08
   3.48600    0.593185E-08
   3.48800    0.598351E-08
   3.49000    0.605526E-08
   3.49200    0.615543E-08
   3.49400    0.629824E-08
   3.49600    0.650285E-08
   3.49800    0.679234E-08
   3.50000    0.719227E-08
   3.50200    0.772879E-08
   3.50400    0.842711E-08
   3.50600    0.930951E-08
   3.50800    0.103934E-07
   3.51000    0.116898E-07
   3.51200    0.132015E-07
   3.51400    0.149231E-07
   3.51600    0.168398E-07
   3.51800    0.189295E-07
   3.52000    0.211640E-07
   3.52200    0.235112E-07
   3.52400    0.259385E-07
   3.52600    0.284151E-07
   3.52800    0.309139E-07
   3.53000    0.334139E-07
   3.53200    0.359006E-07
   3.53400    0.383664E-07
   3.53600    0.408099E-07
   3.53800    0.432371E-07
   3.54000    0.456538E-07
   3.54200    0.480784E-07
   3.54400    0.505300E-07
   3.54600    0.530342E-07
   3.54800    0.556219E-07
   3.55000    0.583308E-07
   3.55200    0.612051E-07
   3.55400    0.642952E-07
   3.55600    0.676562E-07
   3.55800    0.713450E-07
   3.56000    0.754139E-07
   3.56200    0.799021E-07
   3.56400    0.848225E-07
   3.56600    0.901455E-07
   3.56800    0.957792E-07
   3.57000    0.101549E-06
   3.57200    0.107180E-06
   3.57400    0.112282E-06
   3.57600    0.116355E-06
   3.57800    0.118798E-06
   3.58000    0.118947E-06
   3.58200    0.116131E-06
   3.58400    0.109741E-06
   3.58600    0.993136E-07
   3.58800    0.846118E-07
   3.59000    0.656935E-07
   3.59200    0.429510E-07
   3.59400    0.171153E-07
   3.59600   -0.107838E-07
   3.59800   -0.394986E-07
   3.60000   -0.676756E-07
   3.60200   -0.939861E-07
   3.60400   -0.117254E-06
   3.60600   -0.136565E-06
   3.60800   -0.151339E-06
   3.61000   -0.161360E-06
   3.61200   -0.166760E-06
   3.61400   -0.167969E-06
   3.61600   -0.165629E-06
   3.61800   -0.160505E-06
   3.62000   -0.153395E-06
   3.62200   -0.145049E-06
   3.62400   -0.136122E-06
   3.62600   -0.127133E-06
   3.62800   -0.118464E-06
   3.63000   -0.110361E-06
   3.63200   -0.102960E-06
   3.63400   -0.963066E-07
   3.63600   -0.903872E-07
   3.63800   -0.851482E-07
   3.64000   -0.805161E-07
   3.64200   -0.764101E-07
   3.64400   -0.727502E-07
   3.64600   -0.694626E-07
   3.64800   -0.664818E-07
   3.65000   -0.637512E-07
   3.65200   -0.612246E-07
   3.65400   -0.588649E-07
   3.65600   -0.566453E-07
   3.65800   -0.545471E-07
   3.66000   -0.525617E-07
   3.66200   -0.506836E-07
   3.66400   -0.489200E-07
   3.66600   -0.472755E-07
   3.66800   -0.457574E-07
   3.67000   -0.443714E-07
   3.67200   -0.431200E-07
   3.67400   -0.420006E-07
   3.67600   -0.410049E-07
   3.67800   -0.401188E-07
   3.68000   -0.393231E-07
   3.68200   -0.385952E-07
   3.68400   -0.379111E-07
   3.68600   -0.372474E-07
   3.68800   -0.365837E-07
   3.69000   -0.359040E-07
   3.69200   -0.351984E-07
   3.69400   -0.344632E-07
   3.69600   -0.337008E-07
   3.69800   -0.329189E-07
   3.70000   -0.321283E-07
   3.70200   -0.313420E-07
   3.70400   -0.305725E-07
   3.70600   -0.298306E-07
   3.70800   -0.291242E-07
   3.71000   -0.284575E-07
   3.71200   -0.278312E-07
   3.71400   -0.272433E-07
   3.71600   -0.266896E-07
   3.71800   -0.261651E-07
   3.72000   -0.256653E-07
   3.72200   -0.251863E-07
   3.72400   -0.247261E-07
   3.72600   -0.242839E-07
   3.72800   -0.238602E-07
   3.73000   -0.234559E-07
   3.73200   -0.230718E-07
   3.73400   -0.227078E-07
   3.73600   -0.223625E-07
   3.73800   -0.220326E-07
   3.74000   -0.217137E-07
   3.74200   -0.213999E-07
   3.74400   -0.210848E-07
   3.74600   -0.207622E-07
   3.74800   -0.204270E-07
   3.75000   -0.200757E-07
   3.75200   -0.197079E-07
   3.75400   -0.193257E-07
   3.75600   -0.189348E-07
   3.75800   -0.185436E-07
   3.76000   -0.181631E-07
   3.76200   -0.178055E-07
   3.76400   -0.174832E-07
   3.76600   -0.172075E-07
   3.76800   -0.169864E-07
   3.77000   -0.168245E-07
   3.77200   -0.167211E-07
   3.77400   -0.166706E-07
   3.77600   -0.166627E-07
   3.77800   -0.166834E-07
   3.78000   -0.167162E-07
   3.78200   -0.167440E-07
   3.78400   -0.167510E-07
   3.78600   -0.167239E-07
   3.78800   -0.166532E-07
   3.79000   -0.165338E-07
   3.79200   -0.163648E-07
   3.79400   -0.161494E-07
   3.79600   -0.158937E-07
   3.79800   -0.156060E-07
   3.80000   -0.152959E-07
   3.80200   -0.149735E-07
   3.80400   -0.146494E-07
   3.80600   -0.143346E-07
   3.80800   -0.140407E-07
   3.81000   -0.137802E-07
   3.81200   -0.135666E-07
   3.81400   -0.134147E-07
   3.81600   -0.133395E-07
   3.81800   -0.133561E-07
   3.82000   -0.134775E-07
   3.82200   -0.137134E-07
   3.82400   -0.140683E-07
   3.82600   -0.145395E-07
   3.82800   -0.151161E-07
   3.83000   -0.157777E-07
   3.83200   -0.164941E-07
   3.83400   -0.172268E-07
   3.83600   -0.179302E-07
   3.83800   -0.185549E-07
   3.84000   -0.190516E-07
   3.84200   -0.193751E-07
   3.84400   -0.194895E-07
   3.84600   -0.193717E-07
   3.84800   -0.190145E-07
   3.85000   -0.184282E-07
   3.85200   -0.176400E-07
   3.85400   -0.166919E-07
   3.85600   -0.156368E-07
   3.85800   -0.145335E-07
   3.86000   -0.134412E-07
   3.86200   -0.124145E-07
   3.86400   -0.114992E-07
   3.86600   -0.107295E-07
   3.86800   -0.101266E-07
   3.87000   -0.969941E-08
   3.87200   -0.944569E-08
   3.87400   -0.935474E-08
   3.87600   -0.941021E-08
   3.87800   -0.959298E-08
   3.88000   -0.988368E-08
   3.88200   -0.102647E-07
   3.88400   -0.107215E-07
   3.88600   -0.112429E-07
   3.88800   -0.118215E-07
   3.89000   -0.124527E-07
   3.89200   -0.131339E-07
   3.89400   -0.138631E-07
   3.89600   -0.146378E-07
   3.89800   -0.154539E-07
   3.90000   -0.163043E-07
   3.90200   -0.171788E-07
   3.90400   -0.180638E-07
   3.90600   -0.189423E-07
   3.90800   -0.197953E-07
   3.91000   -0.206026E-07
   3.91200   -0.213442E-07
   3.91400   -0.220018E-07
   3.91600   -0.225603E-07
   3.91800   -0.230092E-07
   3.92000   -0.233435E-07
   3.92200   -0.235641E-07
   3.92400   -0.236778E-07
   3.92600   -0.236969E-07
   3.92800   -0.236383E-07
   3.93000   -0.235216E-07
   3.93200   -0.233676E-07
   3.93400   -0.231966E-07
   3.93600   -0.230259E-07
   3.93800   -0.228690E-07
   3.94000   -0.227344E-07
   3.94200   -0.226251E-07
   3.94400   -0.225394E-07
   3.94600   -0.224716E-07
   3.94800   -0.224137E-07
   3.95000   -0.223577E-07
   3.95200   -0.222965E-07
   3.95400   -0.222259E-07
   3.95600   -0.221450E-07
   3.95800   -0.220558E-07
   3.96000   -0.219627E-07
   3.96200   -0.218705E-07
   3.96400   -0.217825E-07
   3.96600   -0.216987E-07
   3.96800   -0.216146E-07
   3.97000   -0.215204E-07
   3.97200   -0.214011E-07
   3.97400   -0.212381E-07
   3.97600   -0.210105E-07
   3.97800   -0.206979E-07
   3.98000   -0.202819E-07
   3.98200   -0.197483E-07
   3.98400   -0.190881E-07
   3.98600   -0.182984E-07
   3.98800   -0.173823E-07
   3.99000   -0.163490E-07
   3.99200   -0.152129E-07
   3.99400   -0.139930E-07
   3.99600   -0.127124E-07
   3.99800   -0.113969E-07
   4.00000   -0.100741E-07
