   0.00000    0.000000E+00
   0.00200    0.000000E+00
   0.00400    0.000000E+00
   0.00600    0.000000E+00
   0.00800    0.000000E+00
   0.01000    0.000000E+00
   0.01200    0.000000E+00
   0.01400    0.000000E+00
   0.01600    0.000000E+00
   0.01800    0.000000E+00
   0.02000    0.000000E+00
   0.02200    0.000000E+00
   0.02400    0.000000E+00
   0.02600    0.431198E-10
   0.02800    0.128166E-09
   0.03000    0.275321E-09
   0.03200    0.551404E-09
   0.03400    0.107271E-08
   0.03600    0.203383E-08
   0.03800    0.376164E-08
   0.04000    0.678947E-08
   0.04200    0.119602E-07
   0.04400    0.205629E-07
   0.04600    0.345031E-07
   0.04800    0.565002E-07
   0.05000    0.902928E-07
   0.05200    0.140826E-06
   0.05400    0.214357E-06
   0.05600    0.318432E-06
   0.05800    0.461658E-06
   0.06000    0.653205E-06
   0.06200    0.901988E-06
   0.06400    0.121554E-05
   0.06600    0.159867E-05
   0.06800    0.205190E-05
   0.07000    0.257014E-05
   0.07200    0.314160E-05
   0.07400    0.374734E-05
   0.07600    0.436169E-05
   0.07800    0.495360E-05
   0.08000    0.548894E-05
   0.08200    0.593351E-05
   0.08400    0.625652E-05
   0.08600    0.643389E-05
   0.08800    0.645100E-05
   0.09000    0.630450E-05
   0.09200    0.600269E-05
   0.09400    0.556464E-05
   0.09600    0.501798E-05
   0.09800    0.439589E-05
   0.10000    0.373361E-05
   0.10200    0.306506E-05
   0.10400    0.241994E-05
   0.10600    0.182176E-05
   0.10800    0.128681E-05
   0.11000    0.824105E-06
   0.11200    0.436152E-06
   0.11400    0.120265E-06
   0.11600   -0.129863E-06
   0.11800   -0.322584E-06
   0.12000   -0.466936E-06
   0.12200   -0.571621E-06
   0.12400   -0.644358E-06
   0.12600   -0.691602E-06
   0.12800   -0.718541E-06
   0.13000   -0.729280E-06
   0.13200   -0.727107E-06
   0.13400   -0.714763E-06
   0.13600   -0.694660E-06
   0.13800   -0.669006E-06
   0.14000   -0.639853E-06
   0.14200   -0.609077E-06
   0.14400   -0.578318E-06
   0.14600   -0.548913E-06
   0.14800   -0.521869E-06
   0.15000   -0.497767E-06
   0.15200   -0.476878E-06
   0.15400   -0.459194E-06
   0.15600   -0.444484E-06
   0.15800   -0.432378E-06
   0.16000   -0.422454E-06
   0.16200   -0.414297E-06
   0.16400   -0.407536E-06
   0.16600   -0.401856E-06
   0.16800   -0.396995E-06
   0.17000   -0.392719E-06
   0.17200   -0.388807E-06
   0.17400   -0.385034E-06
   0.17600   -0.381163E-06
   0.17800   -0.376959E-06
   0.18000   -0.372211E-06
   0.18200   -0.366757E-06
   0.18400   -0.360518E-06
   0.18600   -0.353517E-06
   0.18800   -0.345890E-06
   0.19000   -0.337869E-06
   0.19200   -0.329757E-06
   0.19400   -0.321891E-06
   0.19600   -0.314592E-06
   0.19800   -0.308120E-06
   0.20000   -0.302639E-06
   0.20200   -0.298196E-06
   0.20400   -0.294719E-06
   0.20600   -0.292037E-06
   0.20800   -0.289907E-06
   0.21000   -0.288062E-06
   0.21200   -0.286246E-06
   0.21400   -0.284261E-06
   0.21600   -0.281985E-06
   0.21800   -0.279386E-06
   0.22000   -0.276516E-06
   0.22200   -0.273493E-06
   0.22400   -0.270466E-06
   0.22600   -0.267586E-06
   0.22800   -0.264976E-06
   0.23000   -0.262704E-06
   0.23200   -0.260776E-06
   0.23400   -0.259136E-06
   0.23600   -0.257679E-06
   0.23800   -0.256273E-06
   0.24000   -0.254779E-06
   0.24200   -0.253078E-06
   0.24400   -0.251084E-06
   0.24600   -0.248756E-06
   0.24800   -0.246096E-06
   0.25000   -0.243142E-06
   0.25200   -0.239957E-06
   0.25400   -0.236616E-06
   0.25600   -0.233189E-06
   0.25800   -0.229737E-06
   0.26000   -0.226306E-06
   0.26200   -0.222931E-06
   0.26400   -0.219638E-06
   0.26600   -0.216459E-06
   0.26800   -0.213429E-06
   0.27000   -0.210598E-06
   0.27200   -0.208027E-06
   0.27400   -0.205782E-06
   0.27600   -0.203924E-06
   0.27800   -0.202498E-06
   0.28000   -0.201519E-06
   0.28200   -0.200962E-06
   0.28400   -0.200760E-06
   0.28600   -0.200801E-06
   0.28800   -0.200939E-06
   0.29000   -0.201007E-06
   0.29200   -0.200832E-06
   0.29400   -0.200256E-06
   0.29600   -0.199158E-06
   0.29800   -0.197462E-06
   0.30000   -0.195152E-06
   0.30200   -0.192276E-06
   0.30400   -0.188936E-06
   0.30600   -0.185284E-06
   0.30800   -0.181503E-06
   0.31000   -0.177786E-06
   0.31200   -0.174320E-06
   0.31400   -0.171264E-06
   0.31600   -0.168736E-06
   0.31800   -0.166802E-06
   0.32000   -0.165473E-06
   0.32200   -0.164708E-06
   0.32400   -0.164425E-06
   0.32600   -0.164506E-06
   0.32800   -0.164818E-06
   0.33000   -0.165222E-06
   0.33200   -0.165582E-06
   0.33400   -0.165779E-06
   0.33600   -0.165714E-06
   0.33800   -0.165310E-06
   0.34000   -0.164515E-06
   0.34200   -0.163305E-06
   0.34400   -0.161678E-06
   0.34600   -0.159665E-06
   0.34800   -0.157318E-06
   0.35000   -0.154720E-06
   0.35200   -0.151973E-06
   0.35400   -0.149197E-06
   0.35600   -0.146516E-06
   0.35800   -0.144052E-06
   0.36000   -0.141909E-06
   0.36200   -0.140164E-06
   0.36400   -0.138856E-06
   0.36600   -0.137985E-06
   0.36800   -0.137514E-06
   0.37000   -0.137370E-06
   0.37200   -0.137454E-06
   0.37400   -0.137658E-06
   0.37600   -0.137866E-06
   0.37800   -0.137973E-06
   0.38000   -0.137890E-06
   0.38200   -0.137545E-06
   0.38400   -0.136891E-06
   0.38600   -0.135906E-06
   0.38800   -0.134593E-06
   0.39000   -0.132977E-06
   0.39200   -0.131111E-06
   0.39400   -0.129071E-06
   0.39600   -0.126950E-06
   0.39800   -0.124859E-06
   0.40000   -0.122913E-06
   0.40200   -0.121226E-06
   0.40400   -0.119892E-06
   0.40600   -0.118980E-06
   0.40800   -0.118520E-06
   0.41000   -0.118502E-06
   0.41200   -0.118873E-06
   0.41400   -0.119541E-06
   0.41600   -0.120390E-06
   0.41800   -0.121289E-06
   0.42000   -0.122107E-06
   0.42200   -0.122727E-06
   0.42400   -0.123057E-06
   0.42600   -0.123035E-06
   0.42800   -0.122634E-06
   0.43000   -0.121859E-06
   0.43200   -0.120748E-06
   0.43400   -0.119360E-06
   0.43600   -0.117775E-06
   0.43800   -0.116081E-06
   0.44000   -0.114371E-06
   0.44200   -0.112735E-06
   0.44400   -0.111250E-06
   0.44600   -0.109981E-06
   0.44800   -0.108969E-06
   0.45000   -0.108236E-06
   0.45200   -0.107782E-06
   0.45400   -0.107585E-06
   0.45600   -0.107608E-06
   0.45800   -0.107797E-06
   0.46000   -0.108095E-06
   0.46200   -0.108436E-06
   0.46400   -0.108756E-06
   0.46600   -0.108991E-06
   0.46800   -0.109082E-06
   0.47000   -0.108975E-06
   0.47200   -0.108626E-06
   0.47400   -0.108002E-06
   0.47600   -0.107089E-06
   0.47800   -0.105891E-06
   0.48000   -0.104439E-06
   0.48200   -0.102787E-06
   0.48400   -0.101015E-06
   0.48600   -0.992227E-07
   0.48800   -0.975204E-07
   0.49000   -0.960196E-07
   0.49200   -0.948213E-07
   0.49400   -0.940039E-07
   0.49600   -0.936136E-07
   0.49800   -0.936581E-07
   0.50000   -0.941042E-07
   0.50200   -0.948805E-07
   0.50400   -0.958834E-07
   0.50600   -0.969881E-07
   0.50800   -0.980606E-07
   0.51000   -0.989713E-07
   0.51200   -0.996072E-07
   0.51400   -0.998829E-07
   0.51600   -0.997475E-07
   0.51800   -0.991893E-07
   0.52000   -0.982346E-07
   0.52200   -0.969448E-07
   0.52400   -0.954090E-07
   0.52600   -0.937355E-07
   0.52800   -0.920407E-07
   0.53000   -0.904396E-07
   0.53200   -0.890351E-07
   0.53400   -0.879104E-07
   0.53600   -0.871225E-07
   0.53800   -0.866987E-07
   0.54000   -0.866347E-07
   0.54200   -0.868964E-07
   0.54400   -0.874225E-07
   0.54600   -0.881307E-07
   0.54800   -0.889238E-07
   0.55000   -0.896978E-07
   0.55200   -0.903512E-07
   0.55400   -0.907932E-07
   0.55600   -0.909528E-07
   0.55800   -0.907850E-07
   0.56000   -0.902765E-07
   0.56200   -0.894481E-07
   0.56400   -0.883543E-07
   0.56600   -0.870796E-07
   0.56800   -0.857325E-07
   0.57000   -0.844354E-07
   0.57200   -0.833149E-07
   0.57400   -0.824933E-07
   0.57600   -0.820727E-07
   0.57800   -0.821314E-07
   0.58000   -0.827143E-07
   0.58200   -0.838315E-07
   0.58400   -0.854575E-07
   0.58600   -0.875358E-07
   0.58800   -0.899839E-07
   0.59000   -0.927027E-07
   0.59200   -0.955853E-07
   0.59400   -0.985261E-07
   0.59600   -0.101429E-06
   0.59800   -0.104212E-06
   0.60000   -0.106811E-06
   0.60200   -0.109179E-06
   0.60400   -0.111283E-06
   0.60600   -0.113099E-06
   0.60800   -0.114605E-06
   0.61000   -0.115781E-06
   0.61200   -0.116605E-06
   0.61400   -0.117055E-06
   0.61600   -0.117117E-06
   0.61800   -0.116790E-06
   0.62000   -0.116100E-06
   0.62200   -0.115102E-06
   0.62400   -0.113881E-06
   0.62600   -0.112549E-06
   0.62800   -0.111228E-06
   0.63000   -0.110033E-06
   0.63200   -0.109052E-06
   0.63400   -0.108325E-06
   0.63600   -0.107833E-06
   0.63800   -0.107494E-06
   0.64000   -0.107176E-06
   0.64200   -0.106711E-06
   0.64400   -0.105928E-06
   0.64600   -0.104675E-06
   0.64800   -0.102847E-06
   0.65000   -0.100405E-06
   0.65200   -0.973807E-07
   0.65400   -0.938726E-07
   0.65600   -0.900310E-07
   0.65800   -0.860378E-07
   0.66000   -0.820818E-07
   0.66200   -0.783365E-07
   0.66400   -0.749417E-07
   0.66600   -0.719914E-07
   0.66800   -0.695294E-07
   0.67000   -0.675510E-07
   0.67200   -0.660102E-07
   0.67400   -0.648302E-07
   0.67600   -0.639158E-07
   0.67800   -0.631662E-07
   0.68000   -0.624861E-07
   0.68200   -0.617956E-07
   0.68400   -0.610369E-07
   0.68600   -0.601782E-07
   0.68800   -0.592155E-07
   0.69000   -0.581701E-07
   0.69200   -0.570853E-07
   0.69400   -0.560192E-07
   0.69600   -0.550356E-07
   0.69800   -0.542006E-07
   0.70000   -0.535685E-07
   0.70200   -0.531791E-07
   0.70400   -0.530505E-07
   0.70600   -0.531777E-07
   0.70800   -0.535319E-07
   0.71000   -0.540643E-07
   0.71200   -0.547101E-07
   0.71400   -0.553963E-07
   0.71600   -0.560485E-07
   0.71800   -0.565983E-07
   0.72000   -0.569909E-07
   0.72200   -0.571887E-07
   0.72400   -0.571749E-07
   0.72600   -0.569539E-07
   0.72800   -0.565497E-07
   0.73000   -0.560015E-07
   0.73200   -0.553597E-07
   0.73400   -0.546798E-07
   0.73600   -0.540164E-07
   0.73800   -0.534186E-07
   0.74000   -0.529258E-07
   0.74200   -0.525652E-07
   0.74400   -0.523500E-07
   0.74600   -0.522803E-07
   0.74800   -0.523430E-07
   0.75000   -0.525145E-07
   0.75200   -0.527623E-07
   0.75400   -0.530476E-07
   0.75600   -0.533280E-07
   0.75800   -0.535605E-07
   0.76000   -0.537045E-07
   0.76200   -0.537247E-07
   0.76400   -0.535950E-07
   0.76600   -0.533013E-07
   0.76800   -0.528436E-07
   0.77000   -0.522373E-07
   0.77200   -0.515131E-07
   0.77400   -0.507152E-07
   0.77600   -0.498974E-07
   0.77800   -0.491179E-07
   0.78000   -0.484341E-07
   0.78200   -0.478956E-07
   0.78400   -0.475391E-07
   0.78600   -0.473836E-07
   0.78800   -0.474280E-07
   0.79000   -0.476502E-07
   0.79200   -0.480090E-07
   0.79400   -0.484478E-07
   0.79600   -0.489006E-07
   0.79800   -0.492987E-07
   0.80000   -0.495784E-07
   0.80200   -0.496883E-07
   0.80400   -0.495953E-07
   0.80600   -0.492890E-07
   0.80800   -0.487831E-07
   0.81000   -0.481146E-07
   0.81200   -0.473392E-07
   0.81400   -0.465255E-07
   0.81600   -0.457466E-07
   0.81800   -0.450718E-07
   0.82000   -0.445585E-07
   0.82200   -0.442453E-07
   0.82400   -0.441479E-07
   0.82600   -0.442571E-07
   0.82800   -0.445397E-07
   0.83000   -0.449428E-07
   0.83200   -0.453990E-07
   0.83400   -0.458339E-07
   0.83600   -0.461743E-07
   0.83800   -0.463559E-07
   0.84000   -0.463299E-07
   0.84200   -0.460691E-07
   0.84400   -0.455700E-07
   0.84600   -0.448539E-07
   0.84800   -0.439648E-07
   0.85000   -0.429646E-07
   0.85200   -0.419267E-07
   0.85400   -0.409288E-07
   0.85600   -0.400448E-07
   0.85800   -0.393373E-07
   0.86000   -0.388520E-07
   0.86200   -0.386134E-07
   0.86400   -0.386232E-07
   0.86600   -0.388608E-07
   0.86800   -0.392856E-07
   0.87000   -0.398416E-07
   0.87200   -0.404629E-07
   0.87400   -0.410801E-07
   0.87600   -0.416261E-07
   0.87800   -0.420426E-07
   0.88000   -0.422845E-07
   0.88200   -0.423242E-07
   0.88400   -0.421532E-07
   0.88600   -0.417823E-07
   0.88800   -0.412396E-07
   0.89000   -0.405670E-07
   0.89200   -0.398152E-07
   0.89400   -0.390381E-07
   0.89600   -0.382864E-07
   0.89800   -0.376029E-07
   0.90000   -0.370181E-07
   0.90200   -0.365476E-07
   0.90400   -0.361920E-07
   0.90600   -0.359380E-07
   0.90800   -0.357613E-07
   0.91000   -0.356308E-07
   0.91200   -0.355135E-07
   0.91400   -0.353789E-07
   0.91600   -0.352036E-07
   0.91800   -0.349741E-07
   0.92000   -0.346884E-07
   0.92200   -0.343563E-07
   0.92400   -0.339975E-07
   0.92600   -0.336387E-07
   0.92800   -0.333094E-07
   0.93000   -0.330374E-07
   0.93200   -0.328443E-07
   0.93400   -0.327421E-07
   0.93600   -0.327304E-07
   0.93800   -0.327960E-07
   0.94000   -0.329135E-07
   0.94200   -0.330479E-07
   0.94400   -0.331587E-07
   0.94600   -0.332040E-07
   0.94800   -0.331462E-07
   0.95000   -0.329561E-07
   0.95200   -0.326167E-07
   0.95400   -0.321262E-07
   0.95600   -0.314984E-07
   0.95800   -0.307621E-07
   0.96000   -0.299584E-07
   0.96200   -0.291365E-07
   0.96400   -0.283488E-07
   0.96600   -0.276447E-07
   0.96800   -0.270660E-07
   0.97000   -0.266413E-07
   0.97200   -0.263832E-07
   0.97400   -0.262866E-07
   0.97600   -0.263289E-07
   0.97800   -0.264725E-07
   0.98000   -0.266680E-07
   0.98200   -0.268603E-07
   0.98400   -0.269933E-07
   0.98600   -0.270168E-07
   0.98800   -0.268913E-07
   0.99000   -0.265930E-07
   0.99200   -0.261164E-07
   0.99400   -0.254760E-07
   0.99600   -0.247042E-07
   0.99800   -0.238494E-07
   1.00000   -0.229696E-07
   1.00200   -0.221269E-07
   1.00400   -0.213794E-07
   1.00600   -0.207749E-07
   1.00800   -0.203444E-07
   1.01000   -0.200981E-07
   1.01200   -0.200240E-07
   1.01400   -0.200884E-07
   1.01600   -0.202406E-07
   1.01800   -0.204179E-07
   1.02000   -0.205540E-07
   1.02200   -0.205866E-07
   1.02400   -0.204656E-07
   1.02600   -0.201589E-07
   1.02800   -0.196573E-07
   1.03000   -0.189750E-07
   1.03200   -0.181485E-07
   1.03400   -0.172320E-07
   1.03600   -0.162910E-07
   1.03800   -0.153932E-07
   1.04000   -0.146010E-07
   1.04200   -0.139630E-07
   1.04400   -0.135081E-07
   1.04600   -0.132417E-07
   1.04800   -0.131451E-07
   1.05000   -0.131781E-07
   1.05200   -0.132835E-07
   1.05400   -0.133947E-07
   1.05600   -0.134442E-07
   1.05800   -0.133715E-07
   1.06000   -0.131317E-07
   1.06200   -0.127009E-07
   1.06400   -0.120797E-07
   1.06600   -0.112936E-07
   1.06800   -0.103905E-07
   1.07000   -0.943467E-08
   1.07200   -0.849902E-08
   1.07400   -0.765618E-08
   1.07600   -0.696924E-08
   1.07800   -0.648379E-08
   1.08000   -0.622216E-08
   1.08200   -0.618057E-08
   1.08400   -0.632987E-08
   1.08600   -0.661931E-08
   1.08800   -0.698310E-08
   1.09000   -0.734880E-08
   1.09200   -0.764646E-08
   1.09400   -0.781709E-08
   1.09600   -0.781962E-08
   1.09800   -0.763526E-08
   1.10000   -0.726893E-08
   1.10200   -0.674739E-08
   1.10400   -0.611467E-08
   1.10600   -0.542532E-08
   1.10800   -0.473635E-08
   1.11000   -0.409918E-08
   1.11200   -0.355249E-08
   1.11400   -0.311710E-08
   1.11600   -0.279336E-08
   1.11800   -0.256151E-08
   1.12000   -0.238484E-08
   1.12200   -0.221506E-08
   1.12400   -0.199940E-08
   1.12600   -0.168831E-08
   1.12800   -0.124283E-08
   1.13000   -0.640623E-09
   1.13200    0.120033E-09
   1.13400    0.101900E-08
   1.13600    0.201593E-08
   1.13800    0.305475E-08
   1.14000    0.407034E-08
   1.14200    0.499680E-08
   1.14400    0.577616E-08
   1.14600    0.636634E-08
   1.14800    0.674727E-08
   1.15000    0.692413E-08
   1.15200    0.692740E-08
   1.15400    0.680954E-08
   1.15600    0.663860E-08
   1.15800    0.648953E-08
   1.16000    0.643460E-08
   1.16200    0.653389E-08
   1.16400    0.682745E-08
   1.16600    0.733001E-08
   1.16800    0.802908E-08
   1.17000    0.888678E-08
   1.17200    0.984504E-08
   1.17400    0.108335E-07
   1.17600    0.117792E-07
   1.17800    0.126161E-07
   1.18000    0.132940E-07
   1.18200    0.137850E-07
   1.18400    0.140861E-07
   1.18600    0.142194E-07
   1.18800    0.142278E-07
   1.19000    0.141681E-07
   1.19200    0.141024E-07
   1.19400    0.140891E-07
   1.19600    0.141740E-07
   1.19800    0.143843E-07
   1.20000    0.147247E-07
   1.20200    0.151778E-07
   1.20400    0.157072E-07
   1.20600    0.162638E-07
   1.20800    0.167944E-07
   1.21000    0.172503E-07
   1.21200    0.175956E-07
   1.21400    0.178133E-07
   1.21600    0.179086E-07
   1.21800    0.179082E-07
   1.22000    0.178566E-07
   1.22200    0.178091E-07
   1.22400    0.178234E-07
   1.22600    0.179501E-07
   1.22800    0.182244E-07
   1.23000    0.186608E-07
   1.23200    0.192496E-07
   1.23400    0.199586E-07
   1.23600    0.207377E-07
   1.23800    0.215263E-07
   1.24000    0.222631E-07
   1.24200    0.228956E-07
   1.24400    0.233888E-07
   1.24600    0.237313E-07
   1.24800    0.239373E-07
   1.25000    0.240456E-07
   1.25200    0.241141E-07
   1.25400    0.242112E-07
   1.25600    0.244057E-07
   1.25800    0.247562E-07
   1.26000    0.253023E-07
   1.26200    0.260575E-07
   1.26400    0.270070E-07
   1.26600    0.281089E-07
   1.26800    0.293001E-07
   1.27000    0.305048E-07
   1.27200    0.316454E-07
   1.27400    0.326537E-07
   1.27600    0.334805E-07
   1.27800    0.341020E-07
   1.28000    0.345233E-07
   1.28200    0.347758E-07
   1.28400    0.349119E-07
   1.28600    0.349954E-07
   1.28800    0.350909E-07
   1.29000    0.352528E-07
   1.29200    0.355163E-07
   1.29400    0.358914E-07
   1.29600    0.363615E-07
   1.29800    0.368866E-07
   1.30000    0.374101E-07
   1.30200    0.378688E-07
   1.30400    0.382044E-07
   1.30600    0.383737E-07
   1.30800    0.383566E-07
   1.31000    0.381611E-07
   1.31200    0.378228E-07
   1.31400    0.374007E-07
   1.31600    0.369684E-07
   1.31800    0.366036E-07
   1.32000    0.363770E-07
   1.32200    0.363418E-07
   1.32400    0.365261E-07
   1.32600    0.369301E-07
   1.32800    0.375270E-07
   1.33000    0.382682E-07
   1.33200    0.390927E-07
   1.33400    0.399374E-07
   1.33600    0.407478E-07
   1.33800    0.414871E-07
   1.34000    0.421415E-07
   1.34200    0.427212E-07
   1.34400    0.432567E-07
   1.34600    0.437916E-07
   1.34800    0.443719E-07
   1.35000    0.450353E-07
   1.35200    0.458009E-07
   1.35400    0.466630E-07
   1.35600    0.475890E-07
   1.35800    0.485219E-07
   1.36000    0.493893E-07
   1.36200    0.501137E-07
   1.36400    0.506264E-07
   1.36600    0.508802E-07
   1.36800    0.508585E-07
   1.37000    0.505807E-07
   1.37200    0.501011E-07
   1.37400    0.495023E-07
   1.37600    0.488842E-07
   1.37800    0.483496E-07
   1.38000    0.479892E-07
   1.38200    0.478694E-07
   1.38400    0.480232E-07
   1.38600    0.484474E-07
   1.38800    0.491052E-07
   1.39000    0.499346E-07
   1.39200    0.508595E-07
   1.39400    0.518032E-07
   1.39600    0.527010E-07
   1.39800    0.535085E-07
   1.40000    0.542064E-07
   1.40200    0.547992E-07
   1.40400    0.553097E-07
   1.40600    0.557694E-07
   1.40800    0.562080E-07
   1.41000    0.566434E-07
   1.41200    0.570752E-07
   1.41400    0.574820E-07
   1.41600    0.578247E-07
   1.41800    0.580534E-07
   1.42000    0.581186E-07
   1.42200    0.579826E-07
   1.42400    0.576300E-07
   1.42600    0.570744E-07
   1.42800    0.563607E-07
   1.43000    0.555605E-07
   1.43200    0.547638E-07
   1.43400    0.540660E-07
   1.43600    0.535545E-07
   1.43800    0.532954E-07
   1.44000    0.533246E-07
   1.44200    0.536429E-07
   1.44400    0.542178E-07
   1.44600    0.549888E-07
   1.44800    0.558785E-07
   1.45000    0.568040E-07
   1.45200    0.576886E-07
   1.45400    0.584710E-07
   1.45600    0.591106E-07
   1.45800    0.595890E-07
   1.46000    0.599066E-07
   1.46200    0.600778E-07
   1.46400    0.601238E-07
   1.46600    0.600665E-07
   1.46800    0.599242E-07
   1.47000    0.597105E-07
   1.47200    0.594351E-07
   1.47400    0.591078E-07
   1.47600    0.587435E-07
   1.47800    0.583659E-07
   1.48000    0.580101E-07
   1.48200    0.577220E-07
   1.48400    0.575539E-07
   1.48600    0.575579E-07
   1.48800    0.577763E-07
   1.49000    0.582326E-07
   1.49200    0.589242E-07
   1.49400    0.598183E-07
   1.49600    0.608518E-07
   1.49800    0.619372E-07
   1.50000    0.629726E-07
   1.50200    0.638546E-07
   1.50400    0.644924E-07
   1.50600    0.648204E-07
   1.50800    0.648073E-07
   1.51000    0.644604E-07
   1.51200    0.638233E-07
   1.51400    0.629694E-07
   1.51600    0.619897E-07
   1.51800    0.609805E-07
   1.52000    0.600297E-07
   1.52200    0.592065E-07
   1.52400    0.585551E-07
   1.52600    0.580931E-07
   1.52800    0.578136E-07
   1.53000    0.576920E-07
   1.53200    0.576931E-07
   1.53400    0.577787E-07
   1.53600    0.579137E-07
   1.53800    0.580698E-07
   1.54000    0.582261E-07
   1.54200    0.583681E-07
   1.54400    0.584859E-07
   1.54600    0.585723E-07
   1.54800    0.586217E-07
   1.55000    0.586313E-07
   1.55200    0.586029E-07
   1.55400    0.585454E-07
   1.55600    0.584768E-07
   1.55800    0.584249E-07
   1.56000    0.584244E-07
   1.56200    0.585127E-07
   1.56400    0.587227E-07
   1.56600    0.590747E-07
   1.56800    0.595693E-07
   1.57000    0.601826E-07
   1.57200    0.608655E-07
   1.57400    0.615473E-07
   1.57600    0.621442E-07
   1.57800    0.625711E-07
   1.58000    0.627546E-07
   1.58200    0.626459E-07
   1.58400    0.622298E-07
   1.58600    0.615293E-07
   1.58800    0.606039E-07
   1.59000    0.595431E-07
   1.59200    0.584534E-07
   1.59400    0.574446E-07
   1.59600    0.566142E-07
   1.59800    0.560356E-07
   1.60000    0.557493E-07
   1.60200    0.557596E-07
   1.60400    0.560373E-07
   1.60600    0.565261E-07
   1.60800    0.571530E-07
   1.61000    0.578387E-07
   1.61200    0.585085E-07
   1.61400    0.590998E-07
   1.61600    0.595675E-07
   1.61800    0.598857E-07
   1.62000    0.600464E-07
   1.62200    0.600573E-07
   1.62400    0.599373E-07
   1.62600    0.597132E-07
   1.62800    0.594159E-07
   1.63000    0.590779E-07
   1.63200    0.587309E-07
   1.63400    0.584042E-07
   1.63600    0.581230E-07
   1.63800    0.579071E-07
   1.64000    0.577699E-07
   1.64200    0.577189E-07
   1.64400    0.577559E-07
   1.64600    0.578796E-07
   1.64800    0.580886E-07
   1.65000    0.583841E-07
   1.65200    0.587724E-07
   1.65400    0.592658E-07
   1.65600    0.598806E-07
   1.65800    0.606329E-07
   1.66000    0.615335E-07
   1.66200    0.625808E-07
   1.66400    0.637564E-07
   1.66600    0.650223E-07
   1.66800    0.663221E-07
   1.67000    0.675872E-07
   1.67200    0.687453E-07
   1.67400    0.697315E-07
   1.67600    0.704993E-07
   1.67800    0.710288E-07
   1.68000    0.713304E-07
   1.68200    0.714440E-07
   1.68400    0.714326E-07
   1.68600    0.713722E-07
   1.68800    0.713398E-07
   1.69000    0.714025E-07
   1.69200    0.716084E-07
   1.69400    0.719824E-07
   1.69600    0.725259E-07
   1.69800    0.732210E-07
   1.70000    0.740367E-07
   1.70200    0.749371E-07
   1.70400    0.758872E-07
   1.70600    0.768581E-07
   1.70800    0.778289E-07
   1.71000    0.787857E-07
   1.71200    0.797201E-07
   1.71400    0.806255E-07
   1.71600    0.814953E-07
   1.71800    0.823214E-07
   1.72000    0.830941E-07
   1.72200    0.838038E-07
   1.72400    0.844429E-07
   1.72600    0.850085E-07
   1.72800    0.855033E-07
   1.73000    0.859368E-07
   1.73200    0.863249E-07
   1.73400    0.866881E-07
   1.73600    0.870499E-07
   1.73800    0.874346E-07
   1.74000    0.878649E-07
   1.74200    0.883602E-07
   1.74400    0.889354E-07
   1.74600    0.896001E-07
   1.74800    0.903577E-07
   1.75000    0.912065E-07
   1.75200    0.921393E-07
   1.75400    0.931454E-07
   1.75600    0.942117E-07
   1.75800    0.953249E-07
   1.76000    0.964735E-07
   1.76200    0.976491E-07
   1.76400    0.988476E-07
   1.76600    0.100069E-06
   1.76800    0.101319E-06
   1.77000    0.102602E-06
   1.77200    0.103927E-06
   1.77400    0.105302E-06
   1.77600    0.106729E-06
   1.77800    0.108211E-06
   1.78000    0.109746E-06
   1.78200    0.111328E-06
   1.78400    0.112946E-06
   1.78600    0.114587E-06
   1.78800    0.116236E-06
   1.79000    0.117873E-06
   1.79200    0.119479E-06
   1.79400    0.121034E-06
   1.79600    0.122524E-06
   1.79800    0.123940E-06
   1.80000    0.125282E-06
   1.80200    0.126563E-06
   1.80400    0.127809E-06
   1.80600    0.129056E-06
   1.80800    0.130348E-06
   1.81000    0.131736E-06
   1.81200    0.133263E-06
   1.81400    0.134969E-06
   1.81600    0.136877E-06
   1.81800    0.138995E-06
   1.82000    0.141313E-06
   1.82200    0.143804E-06
   1.82400    0.146430E-06
   1.82600    0.149145E-06
   1.82800    0.151904E-06
   1.83000    0.154667E-06
   1.83200    0.157405E-06
   1.83400    0.160104E-06
   1.83600    0.162769E-06
   1.83800    0.165422E-06
   1.84000    0.168096E-06
   1.84200    0.170836E-06
   1.84400    0.173686E-06
   1.84600    0.176687E-06
   1.84800    0.179870E-06
   1.85000    0.183249E-06
   1.85200    0.186823E-06
   1.85400    0.190574E-06
   1.85600    0.194474E-06
   1.85800    0.198487E-06
   1.86000    0.202578E-06
   1.86200    0.206717E-06
   1.86400    0.210883E-06
   1.86600    0.215065E-06
   1.86800    0.219264E-06
   1.87000    0.223484E-06
   1.87200    0.227731E-06
   1.87400    0.232009E-06
   1.87600    0.236310E-06
   1.87800    0.240621E-06
   1.88000    0.244916E-06
   1.88200    0.249163E-06
   1.88400    0.253327E-06
   1.88600    0.257381E-06
   1.88800    0.261310E-06
   1.89000    0.265133E-06
   1.89200    0.268914E-06
   1.89400    0.272796E-06
   1.89600    0.276995E-06
   1.89800    0.281859E-06
   1.90000    0.287907E-06
   1.90200    0.295818E-06
   1.90400    0.306464E-06
   1.90600    0.320900E-06
   1.90800    0.340330E-06
   1.91000    0.366046E-06
   1.91200    0.399338E-06
   1.91400    0.441362E-06
   1.91600    0.493003E-06
   1.91800    0.554701E-06
   1.92000    0.626299E-06
   1.92200    0.706887E-06
   1.92400    0.794670E-06
   1.92600    0.886868E-06
   1.92800    0.979664E-06
   1.93000    0.106821E-05
   1.93200    0.114672E-05
   1.93400    0.120866E-05
   1.93600    0.124705E-05
   1.93800    0.125495E-05
   1.94000    0.122598E-05
   1.94200    0.115501E-05
   1.94400    0.103885E-05
   1.94600    0.876842E-06
   1.94800    0.671341E-06
   1.95000    0.427870E-06
   1.95200    0.154966E-06
   1.95400   -0.136336E-06
   1.95600   -0.433352E-06
   1.95800   -0.722812E-06
   1.96000   -0.992016E-06
   1.96200   -0.122992E-05
   1.96400   -0.142802E-05
   1.96600   -0.158083E-05
   1.96800   -0.168615E-05
   1.97000   -0.174479E-05
   1.97200   -0.176013E-05
   1.97400   -0.173749E-05
   1.97600   -0.168334E-05
   1.97800   -0.160469E-05
   1.98000   -0.150847E-05
   1.98200   -0.140112E-05
   1.98400   -0.128834E-05
   1.98600   -0.117497E-05
   1.98800   -0.106493E-05
   1.99000   -0.961255E-06
   1.99200   -0.866171E-06
   1.99400   -0.781113E-06
   1.99600   -0.706803E-06
   1.99800   -0.643296E-06
   2.00000   -0.590053E-06
   2.00200   -0.546019E-06
   2.00400   -0.509747E-06
   2.00600   -0.479529E-06
   2.00800   -0.453562E-06
   2.01000   -0.430114E-06
   2.01200   -0.407690E-06
   2.01400   -0.385160E-06
   2.01600   -0.361859E-06
   2.01800   -0.337605E-06
   2.02000   -0.312703E-06
   2.02200   -0.287865E-06
   2.02400   -0.264042E-06
   2.02600   -0.242306E-06
   2.02800   -0.223664E-06
   2.03000   -0.208921E-06
   2.03200   -0.198566E-06
   2.03400   -0.192710E-06
   2.03600   -0.191090E-06
   2.03800   -0.193116E-06
   2.04000   -0.197962E-06
   2.04200   -0.204684E-06
   2.04400   -0.212335E-06
   2.04600   -0.220060E-06
   2.04800   -0.227164E-06
   2.05000   -0.233149E-06
   2.05200   -0.237713E-06
   2.05400   -0.240725E-06
   2.05600   -0.242189E-06
   2.05800   -0.242191E-06
   2.06000   -0.240867E-06
   2.06200   -0.238363E-06
   2.06400   -0.234818E-06
   2.06600   -0.230355E-06
   2.06800   -0.225072E-06
   2.07000   -0.219048E-06
   2.07200   -0.212348E-06
   2.07400   -0.205026E-06
   2.07600   -0.197132E-06
   2.07800   -0.188718E-06
   2.08000   -0.179843E-06
   2.08200   -0.170580E-06
   2.08400   -0.161020E-06
   2.08600   -0.151274E-06
   2.08800   -0.141481E-06
   2.09000   -0.131798E-06
   2.09200   -0.122403E-06
   2.09400   -0.113486E-06
   2.09600   -0.105239E-06
   2.09800   -0.978459E-07
   2.10000   -0.914731E-07
   2.10200   -0.862552E-07
   2.10400   -0.822819E-07
   2.10600   -0.795869E-07
   2.10800   -0.781365E-07
   2.11000   -0.778240E-07
   2.11200   -0.784678E-07
   2.11400   -0.798169E-07
   2.11600   -0.815658E-07
   2.11800   -0.833775E-07
   2.12000   -0.849095E-07
   2.12200   -0.858460E-07
   2.12400   -0.859276E-07
   2.12600   -0.849766E-07
   2.12800   -0.829128E-07
   2.13000   -0.797615E-07
   2.13200   -0.756453E-07
   2.13400   -0.707726E-07
   2.13600   -0.654141E-07
   2.13800   -0.598746E-07
   2.14000   -0.544631E-07
   2.14200   -0.494641E-07
   2.14400   -0.451127E-07
   2.14600   -0.415748E-07
   2.14800   -0.389365E-07
   2.15000   -0.372010E-07
   2.15200   -0.362940E-07
   2.15400   -0.360765E-07
   2.15600   -0.363626E-07
   2.15800   -0.369388E-07
   2.16000   -0.375846E-07
   2.16200   -0.380894E-07
   2.16400   -0.382664E-07
   2.16600   -0.379626E-07
   2.16800   -0.370640E-07
   2.17000   -0.354996E-07
   2.17200   -0.332428E-07
   2.17400   -0.303105E-07
   2.17600   -0.267629E-07
   2.17800   -0.226979E-07
   2.18000   -0.182457E-07
   2.18200   -0.135576E-07
   2.18400   -0.879409E-08
   2.18600   -0.410928E-08
   2.18800    0.365422E-09
   2.19000    0.453551E-08
   2.19200    0.835542E-08
   2.19400    0.118326E-07
   2.19600    0.150300E-07
   2.19800    0.180582E-07
   2.20000    0.210622E-07
   2.20200    0.242114E-07
   2.20400    0.276862E-07
   2.20600    0.316621E-07
   2.20800    0.363020E-07
   2.21000    0.417515E-07
   2.21200    0.481364E-07
   2.21400    0.555645E-07
   2.21600    0.641265E-07
   2.21800    0.738966E-07
   2.22000    0.849308E-07
   2.22200    0.972597E-07
   2.22400    0.110878E-06
   2.22600    0.125727E-06
   2.22800    0.141673E-06
   2.23000    0.158479E-06
   2.23200    0.175776E-06
   2.23400    0.193029E-06
   2.23600    0.209509E-06
   2.23800    0.224288E-06
   2.24000    0.236238E-06
   2.24200    0.244074E-06
   2.24400    0.246427E-06
   2.24600    0.241955E-06
   2.24800    0.229482E-06
   2.25000    0.208158E-06
   2.25200    0.177609E-06
   2.25400    0.138053E-06
   2.25600    0.903714E-07
   2.25800    0.360931E-07
   2.26000   -0.226896E-07
   2.26200   -0.834888E-07
   2.26400   -0.143640E-06
   2.26600   -0.200547E-06
   2.26800   -0.251923E-06
   2.27000   -0.295979E-06
   2.27200   -0.331562E-06
   2.27400   -0.358197E-06
   2.27600   -0.376061E-06
   2.27800   -0.385880E-06
   2.28000   -0.388789E-06
   2.28200   -0.386163E-06
   2.28400   -0.379458E-06
   2.28600   -0.370067E-06
   2.28800   -0.359218E-06
   2.29000   -0.347914E-06
   2.29200   -0.336901E-06
   2.29400   -0.326684E-06
   2.29600   -0.317550E-06
   2.29800   -0.309617E-06
   2.30000   -0.302875E-06
   2.30200   -0.297236E-06
   2.30400   -0.292565E-06
   2.30600   -0.288710E-06
   2.30800   -0.285520E-06
   2.31000   -0.282856E-06
   2.31200   -0.280596E-06
   2.31400   -0.278639E-06
   2.31600   -0.276899E-06
   2.31800   -0.275311E-06
   2.32000   -0.273829E-06
   2.32200   -0.272418E-06
   2.32400   -0.271065E-06
   2.32600   -0.269771E-06
   2.32800   -0.268549E-06
   2.33000   -0.267424E-06
   2.33200   -0.266430E-06
   2.33400   -0.265606E-06
   2.33600   -0.264994E-06
   2.33800   -0.264631E-06
   2.34000   -0.264554E-06
   2.34200   -0.264788E-06
   2.34400   -0.265348E-06
   2.34600   -0.266232E-06
   2.34800   -0.267420E-06
   2.35000   -0.268872E-06
   2.35200   -0.270521E-06
   2.35400   -0.272279E-06
   2.35600   -0.274034E-06
   2.35800   -0.275658E-06
   2.36000   -0.277017E-06
   2.36200   -0.277979E-06
   2.36400   -0.278429E-06
   2.36600   -0.278283E-06
   2.36800   -0.277501E-06
   2.37000   -0.276088E-06
   2.37200   -0.274103E-06
   2.37400   -0.271647E-06
   2.37600   -0.268857E-06
   2.37800   -0.265887E-06
   2.38000   -0.262890E-06
   2.38200   -0.260003E-06
   2.38400   -0.257326E-06
   2.38600   -0.254920E-06
   2.38800   -0.252801E-06
   2.39000   -0.250943E-06
   2.39200   -0.249288E-06
   2.39400   -0.247758E-06
   2.39600   -0.246273E-06
   2.39800   -0.244758E-06
   2.40000   -0.243158E-06
   2.40200   -0.241444E-06
   2.40400   -0.239613E-06
   2.40600   -0.237688E-06
   2.40800   -0.235715E-06
   2.41000   -0.233749E-06
   2.41200   -0.231853E-06
   2.41400   -0.230085E-06
   2.41600   -0.228494E-06
   2.41800   -0.227113E-06
   2.42000   -0.225958E-06
   2.42200   -0.225029E-06
   2.42400   -0.224311E-06
   2.42600   -0.223779E-06
   2.42800   -0.223403E-06
   2.43000   -0.223153E-06
   2.43200   -0.223005E-06
   2.43400   -0.222939E-06
   2.43600   -0.222948E-06
   2.43800   -0.223030E-06
   2.44000   -0.223187E-06
   2.44200   -0.223423E-06
   2.44400   -0.223730E-06
   2.44600   -0.224092E-06
   2.44800   -0.224470E-06
   2.45000   -0.224810E-06
   2.45200   -0.225034E-06
   2.45400   -0.225055E-06
   2.45600   -0.224776E-06
   2.45800   -0.224108E-06
   2.46000   -0.222979E-06
   2.46200   -0.221345E-06
   2.46400   -0.219197E-06
   2.46600   -0.216564E-06
   2.46800   -0.213511E-06
   2.47000   -0.210132E-06
   2.47200   -0.206537E-06
   2.47400   -0.202840E-06
   2.47600   -0.199147E-06
   2.47800   -0.195546E-06
   2.48000   -0.192098E-06
   2.48200   -0.188835E-06
   2.48400   -0.185767E-06
   2.48600   -0.182882E-06
   2.48800   -0.180154E-06
   2.49000   -0.177555E-06
   2.49200   -0.175056E-06
   2.49400   -0.172637E-06
   2.49600   -0.170287E-06
   2.49800   -0.168003E-06
   2.50000   -0.165794E-06
   2.50200   -0.163673E-06
   2.50400   -0.161656E-06
   2.50600   -0.159760E-06
   2.50800   -0.157998E-06
   2.51000   -0.156378E-06
   2.51200   -0.154899E-06
   2.51400   -0.153557E-06
   2.51600   -0.152335E-06
   2.51800   -0.151213E-06
   2.52000   -0.150162E-06
   2.52200   -0.149149E-06
   2.52400   -0.148141E-06
   2.52600   -0.147103E-06
   2.52800   -0.146003E-06
   2.53000   -0.144816E-06
   2.53200   -0.143527E-06
   2.53400   -0.142129E-06
   2.53600   -0.140631E-06
   2.53800   -0.139051E-06
   2.54000   -0.137417E-06
   2.54200   -0.135765E-06
   2.54400   -0.134128E-06
   2.54600   -0.132540E-06
   2.54800   -0.131023E-06
   2.55000   -0.129591E-06
   2.55200   -0.128245E-06
   2.55400   -0.126978E-06
   2.55600   -0.125775E-06
   2.55800   -0.124618E-06
   2.56000   -0.123490E-06
   2.56200   -0.122380E-06
   2.56400   -0.121281E-06
   2.56600   -0.120198E-06
   2.56800   -0.119138E-06
   2.57000   -0.118120E-06
   2.57200   -0.117165E-06
   2.57400   -0.116296E-06
   2.57600   -0.115538E-06
   2.57800   -0.114914E-06
   2.58000   -0.114440E-06
   2.58200   -0.114126E-06
   2.58400   -0.113971E-06
   2.58600   -0.113963E-06
   2.58800   -0.114081E-06
   2.59000   -0.114292E-06
   2.59200   -0.114558E-06
   2.59400   -0.114842E-06
   2.59600   -0.115109E-06
   2.59800   -0.115334E-06
   2.60000   -0.115503E-06
   2.60200   -0.115613E-06
   2.60400   -0.115674E-06
   2.60600   -0.115700E-06
   2.60800   -0.115711E-06
   2.61000   -0.115723E-06
   2.61200   -0.115748E-06
   2.61400   -0.115792E-06
   2.61600   -0.115853E-06
   2.61800   -0.115926E-06
   2.62000   -0.116001E-06
   2.62200   -0.116071E-06
   2.62400   -0.116128E-06
   2.62600   -0.116170E-06
   2.62800   -0.116195E-06
   2.63000   -0.116203E-06
   2.63200   -0.116194E-06
   2.63400   -0.116167E-06
   2.63600   -0.116118E-06
   2.63800   -0.116043E-06
   2.64000   -0.115935E-06
   2.64200   -0.115792E-06
   2.64400   -0.115611E-06
   2.64600   -0.115395E-06
   2.64800   -0.115152E-06
   2.65000   -0.114890E-06
   2.65200   -0.114624E-06
   2.65400   -0.114364E-06
   2.65600   -0.114119E-06
   2.65800   -0.113897E-06
   2.66000   -0.113699E-06
   2.66200   -0.113524E-06
   2.66400   -0.113367E-06
   2.66600   -0.113223E-06
   2.66800   -0.113088E-06
   2.67000   -0.112957E-06
   2.67200   -0.112828E-06
   2.67400   -0.112701E-06
   2.67600   -0.112574E-06
   2.67800   -0.112444E-06
   2.68000   -0.112308E-06
   2.68200   -0.112158E-06
   2.68400   -0.111983E-06
   2.68600   -0.111771E-06
   2.68800   -0.111507E-06
   2.69000   -0.111179E-06
   2.69200   -0.110776E-06
   2.69400   -0.110291E-06
   2.69600   -0.109725E-06
   2.69800   -0.109085E-06
   2.70000   -0.108383E-06
   2.70200   -0.107636E-06
   2.70400   -0.106865E-06
   2.70600   -0.106089E-06
   2.70800   -0.105325E-06
   2.71000   -0.104585E-06
   2.71200   -0.103872E-06
   2.71400   -0.103185E-06
   2.71600   -0.102517E-06
   2.71800   -0.101858E-06
   2.72000   -0.101200E-06
   2.72200   -0.100536E-06
   2.72400   -0.998693E-07
   2.72600   -0.992075E-07
   2.72800   -0.985659E-07
   2.73000   -0.979640E-07
   2.73200   -0.974222E-07
   2.73400   -0.969582E-07
   2.73600   -0.965829E-07
   2.73800   -0.962980E-07
   2.74000   -0.960957E-07
   2.74200   -0.959585E-07
   2.74400   -0.958625E-07
   2.74600   -0.957811E-07
   2.74800   -0.956890E-07
   2.75000   -0.955667E-07
   2.75200   -0.954032E-07
   2.75400   -0.951985E-07
   2.75600   -0.949626E-07
   2.75800   -0.947143E-07
   2.76000   -0.944775E-07
   2.76200   -0.942783E-07
   2.76400   -0.941409E-07
   2.76600   -0.940854E-07
   2.76800   -0.941259E-07
   2.77000   -0.942716E-07
   2.77200   -0.945279E-07
   2.77400   -0.948988E-07
   2.77600   -0.953894E-07
   2.77800   -0.960088E-07
   2.78000   -0.967704E-07
   2.78200   -0.976932E-07
   2.78400   -0.988011E-07
   2.78600   -0.100120E-06
   2.78800   -0.101674E-06
   2.79000   -0.103498E-06
   2.79200   -0.105622E-06
   2.79400   -0.108082E-06
   2.79600   -0.110921E-06
   2.79800   -0.114193E-06
   2.80000   -0.117967E-06
   2.80200   -0.122327E-06
   2.80400   -0.127366E-06
   2.80600   -0.133185E-06
   2.80800   -0.139869E-06
   2.81000   -0.147466E-06
   2.81200   -0.155955E-06
   2.81400   -0.165200E-06
   2.81600   -0.174911E-06
   2.81800   -0.184595E-06
   2.82000   -0.193531E-06
   2.82200   -0.200751E-06
   2.82400   -0.205059E-06
   2.82600   -0.205089E-06
   2.82800   -0.199401E-06
   2.83000   -0.186618E-06
   2.83200   -0.165598E-06
   2.83400   -0.135607E-06
   2.83600   -0.964824E-07
   2.83800   -0.487549E-07
   2.84000    0.630521E-08
   2.84200    0.667241E-07
   2.84400    0.129954E-06
   2.84600    0.193085E-06
   2.84800    0.253109E-06
   2.85000    0.307212E-06
   2.85200    0.353036E-06
   2.85400    0.388886E-06
   2.85600    0.413856E-06
   2.85800    0.427850E-06
   2.86000    0.431513E-06
   2.86200    0.426087E-06
   2.86400    0.413213E-06
   2.86600    0.394733E-06
   2.86800    0.372487E-06
   2.87000    0.348163E-06
   2.87200    0.323186E-06
   2.87400    0.298666E-06
   2.87600    0.275387E-06
   2.87800    0.253836E-06
   2.88000    0.234250E-06
   2.88200    0.216681E-06
   2.88400    0.201048E-06
   2.88600    0.187196E-06
   2.88800    0.174936E-06
   2.89000    0.164069E-06
   2.89200    0.154413E-06
   2.89400    0.145809E-06
   2.89600    0.138123E-06
   2.89800    0.131252E-06
   2.90000    0.125118E-06
   2.90200    0.119670E-06
   2.90400    0.114880E-06
   2.90600    0.110745E-06
   2.90800    0.107286E-06
   2.91000    0.104544E-06
   2.91200    0.102585E-06
   2.91400    0.101482E-06
   2.91600    0.101312E-06
   2.91800    0.102137E-06
   2.92000    0.103991E-06
   2.92200    0.106858E-06
   2.92400    0.110651E-06
   2.92600    0.115202E-06
   2.92800    0.120256E-06
   2.93000    0.125480E-06
   2.93200    0.130476E-06
   2.93400    0.134815E-06
   2.93600    0.138077E-06
   2.93800    0.139894E-06
   2.94000    0.139989E-06
   2.94200    0.138210E-06
   2.94400    0.134549E-06
   2.94600    0.129145E-06
   2.94800    0.122268E-06
   2.95000    0.114296E-06
   2.95200    0.105671E-06
   2.95400    0.968673E-07
   2.95600    0.883459E-07
   2.95800    0.805280E-07
   2.96000    0.737715E-07
   2.96200    0.683593E-07
   2.96400    0.644952E-07
   2.96600    0.623051E-07
   2.96800    0.618401E-07
   2.97000    0.630784E-07
   2.97200    0.659256E-07
   2.97400    0.702118E-07
   2.97600    0.756893E-07
   2.97800    0.820323E-07
   2.98000    0.888430E-07
   2.98200    0.956664E-07
   2.98400    0.102015E-06
   2.98600    0.107404E-06
   2.98800    0.111392E-06
   2.99000    0.113621E-06
   2.99200    0.113855E-06
   2.99400    0.112004E-06
   2.99600    0.108134E-06
   2.99800    0.102458E-06
   3.00000    0.953134E-07
   3.00200    0.871188E-07
   3.00400    0.783351E-07
   3.00600    0.694170E-07
   3.00800    0.607736E-07
   3.01000    0.527404E-07
   3.01200    0.455622E-07
   3.01400    0.393890E-07
   3.01600    0.342828E-07
   3.01800    0.302308E-07
   3.02000    0.271632E-07
   3.02200    0.249716E-07
   3.02400    0.235251E-07
   3.02600    0.226844E-07
   3.02800    0.223115E-07
   3.03000    0.222771E-07
   3.03200    0.224652E-07
   3.03400    0.227757E-07
   3.03600    0.231266E-07
   3.03800    0.234544E-07
   3.04000    0.237151E-07
   3.04200    0.238835E-07
   3.04400    0.239529E-07
   3.04600    0.239329E-07
   3.04800    0.238473E-07
   3.05000    0.237309E-07
   3.05200    0.236245E-07
   3.05400    0.235734E-07
   3.05600    0.236214E-07
   3.05800    0.238050E-07
   3.06000    0.241522E-07
   3.06200    0.246788E-07
   3.06400    0.253866E-07
   3.06600    0.262627E-07
   3.06800    0.272803E-07
   3.07000    0.284008E-07
   3.07200    0.295770E-07
   3.07400    0.307568E-07
   3.07600    0.318886E-07
   3.07800    0.329249E-07
   3.08000    0.338269E-07
   3.08200    0.345679E-07
   3.08400    0.351343E-07
   3.08600    0.355268E-07
   3.08800    0.357591E-07
   3.09000    0.358554E-07
   3.09200    0.358476E-07
   3.09400    0.357714E-07
   3.09600    0.356628E-07
   3.09800    0.355550E-07
   3.10000    0.354759E-07
   3.10200    0.354464E-07
   3.10400    0.354804E-07
   3.10600    0.355851E-07
   3.10800    0.357612E-07
   3.11000    0.360057E-07
   3.11200    0.363127E-07
   3.11400    0.366750E-07
   3.11600    0.370853E-07
   3.11800    0.375360E-07
   3.12000    0.380197E-07
   3.12200    0.385282E-07
   3.12400    0.390515E-07
   3.12600    0.395769E-07
   3.12800    0.400882E-07
   3.13000    0.405661E-07
   3.13200    0.409885E-07
   3.13400    0.413328E-07
   3.13600    0.415779E-07
   3.13800    0.417074E-07
   3.14000    0.417122E-07
   3.14200    0.415932E-07
   3.14400    0.413628E-07
   3.14600    0.410453E-07
   3.14800    0.406767E-07
   3.15000    0.403031E-07
   3.15200    0.399790E-07
   3.15400    0.397650E-07
   3.15600    0.397260E-07
   3.15800    0.399289E-07
   3.16000    0.404408E-07
   3.16200    0.413259E-07
   3.16400    0.426426E-07
   3.16600    0.444391E-07
   3.16800    0.467482E-07
   3.17000    0.495826E-07
   3.17200    0.529301E-07
   3.17400    0.567506E-07
   3.17600    0.609758E-07
   3.17800    0.655114E-07
   3.18000    0.702430E-07
   3.18200    0.750439E-07
   3.18400    0.797844E-07
   3.18600    0.843416E-07
   3.18800    0.886074E-07
   3.19000    0.924948E-07
   3.19200    0.959411E-07
   3.19400    0.989078E-07
   3.19600    0.101380E-06
   3.19800    0.103360E-06
   3.20000    0.104866E-06
   3.20200    0.105925E-06
   3.20400    0.106574E-06
   3.20600    0.106851E-06
   3.20800    0.106798E-06
   3.21000    0.106459E-06
   3.21200    0.105879E-06
   3.21400    0.105106E-06
   3.21600    0.104187E-06
   3.21800    0.103165E-06
   3.22000    0.102083E-06
   3.22200    0.100976E-06
   3.22400    0.998709E-07
   3.22600    0.987812E-07
   3.22800    0.977080E-07
   3.23000    0.966402E-07
   3.23200    0.955536E-07
   3.23400    0.944156E-07
   3.23600    0.931918E-07
   3.23800    0.918536E-07
   3.24000    0.903875E-07
   3.24200    0.888060E-07
   3.24400    0.871570E-07
   3.24600    0.855318E-07
   3.24800    0.840688E-07
   3.25000    0.829526E-07
   3.25200    0.824068E-07
   3.25400    0.826799E-07
   3.25600    0.840257E-07
   3.25800    0.866789E-07
   3.26000    0.908280E-07
   3.26200    0.965881E-07
   3.26400    0.103976E-06
   3.26600    0.112887E-06
   3.26800    0.123086E-06
   3.27000    0.134195E-06
   3.27200    0.145700E-06
   3.27400    0.156965E-06
   3.27600    0.167261E-06
   3.27800    0.175804E-06
   3.28000    0.181808E-06
   3.28200    0.184548E-06
   3.28400    0.183426E-06
   3.28600    0.178037E-06
   3.28800    0.168223E-06
   3.29000    0.154106E-06
   3.29200    0.136102E-06
   3.29400    0.114896E-06
   3.29600    0.913928E-07
   3.29800    0.666435E-07
   3.30000    0.417526E-07
   3.30200    0.177844E-07
   3.30400   -0.432423E-08
   3.30600   -0.238312E-07
   3.30800   -0.402315E-07
   3.31000   -0.532703E-07
   3.31200   -0.629294E-07
   3.31400   -0.693916E-07
   3.31600   -0.729913E-07
   3.31800   -0.741599E-07
   3.32000   -0.733719E-07
   3.32200   -0.711004E-07
   3.32400   -0.677822E-07
   3.32600   -0.637975E-07
   3.32800   -0.594573E-07
   3.33000   -0.550034E-07
   3.33200   -0.506140E-07
   3.33400   -0.464121E-07
   3.33600   -0.424759E-07
   3.33800   -0.388498E-07
   3.34000   -0.355523E-07
   3.34200   -0.325846E-07
   3.34400   -0.299347E-07
   3.34600   -0.275819E-07
   3.34800   -0.254999E-07
   3.35000   -0.236582E-07
   3.35200   -0.220258E-07
   3.35400   -0.205704E-07
   3.35600   -0.192621E-07
   3.35800   -0.180742E-07
   3.36000   -0.169851E-07
   3.36200   -0.159781E-07
   3.36400   -0.150432E-07
   3.36600   -0.141758E-07
   3.36800   -0.133762E-07
   3.37000   -0.126478E-07
   3.37200   -0.119957E-07
   3.37400   -0.114249E-07
   3.37600   -0.109383E-07
   3.37800   -0.105360E-07
   3.38000   -0.102146E-07
   3.38200   -0.996774E-08
   3.38400   -0.978649E-08
   3.38600   -0.966068E-08
   3.38800   -0.958003E-08
   3.39000   -0.953512E-08
   3.39200   -0.951799E-08
   3.39400   -0.952222E-08
   3.39600   -0.954255E-08
   3.39800   -0.957435E-08
   3.40000   -0.961254E-08
   3.40200   -0.965109E-08
   3.40400   -0.968256E-08
   3.40600   -0.969848E-08
   3.40800   -0.969017E-08
   3.41000   -0.965031E-08
   3.41200   -0.957470E-08
   3.41400   -0.946413E-08
   3.41600   -0.932562E-08
   3.41800   -0.917299E-08
   3.42000   -0.902601E-08
   3.42200   -0.890852E-08
   3.42400   -0.884526E-08
   3.42600   -0.885803E-08
   3.42800   -0.896195E-08
   3.43000   -0.916226E-08
   3.43200   -0.945272E-08
   3.43400   -0.981579E-08
   3.43600   -0.102251E-07
   3.43800   -0.106495E-07
   3.44000   -0.110582E-07
   3.44200   -0.114262E-07
   3.44400   -0.117393E-07
   3.44600   -0.119959E-07
   3.44800   -0.122083E-07
   3.45000   -0.123998E-07
   3.45200   -0.126000E-07
   3.45400   -0.128395E-07
   3.45600   -0.131429E-07
   3.45800   -0.135239E-07
   3.46000   -0.139812E-07
   3.46200   -0.144982E-07
   3.46400   -0.150443E-07
   3.46600   -0.155795E-07
   3.46800   -0.160603E-07
   3.47000   -0.164456E-07
   3.47200   -0.167025E-07
   3.47400   -0.168104E-07
   3.47600   -0.167623E-07
   3.47800   -0.165638E-07
   3.48000   -0.162303E-07
   3.48200   -0.157824E-07
   3.48400   -0.152400E-07
   3.48600   -0.146182E-07
   3.48800   -0.139224E-07
   3.49000   -0.131462E-07
   3.49200   -0.122703E-07
   3.49400   -0.112630E-07
   3.49600   -0.100827E-07
   3.49800   -0.868053E-08
   3.50000   -0.700414E-08
   3.50200   -0.500249E-08
   3.50400   -0.262964E-08
   3.50600    0.150461E-09
   3.50800    0.336005E-08
   3.51000    0.700424E-08
   3.51200    0.110689E-07
   3.51400    0.155203E-07
   3.51600    0.203059E-07
   3.51800    0.253584E-07
   3.52000    0.306006E-07
   3.52200    0.359511E-07
   3.52400    0.413315E-07
   3.52600    0.466721E-07
   3.52800    0.519160E-07
   3.53000    0.570230E-07
   3.53200    0.619698E-07
   3.53400    0.667501E-07
   3.53600    0.713713E-07
   3.53800    0.758556E-07
   3.54000    0.802253E-07
   3.54200    0.845235E-07
   3.54400    0.887940E-07
   3.54600    0.930895E-07
   3.54800    0.974715E-07
   3.55000    0.102012E-06
   3.55200    0.106795E-06
   3.55400    0.111915E-06
   3.55600    0.117478E-06
   3.55800    0.123593E-06
   3.56000    0.130367E-06
   3.56200    0.137880E-06
   3.56400    0.146170E-06
   3.56600    0.155200E-06
   3.56800    0.164821E-06
   3.57000    0.174733E-06
   3.57200    0.184456E-06
   3.57400    0.193305E-06
   3.57600    0.200386E-06
   3.57800    0.204627E-06
   3.58000    0.204836E-06
   3.58200    0.199804E-06
   3.58400    0.188426E-06
   3.58600    0.169855E-06
   3.58800    0.143645E-06
   3.59000    0.109877E-06
   3.59200    0.692288E-07
   3.59400    0.229857E-07
   3.59600   -0.270278E-07
   3.59800   -0.785918E-07
   3.60000   -0.129291E-06
   3.60200   -0.176749E-06
   3.60400   -0.218855E-06
   3.60600   -0.253960E-06
   3.60800   -0.281013E-06
   3.61000   -0.299607E-06
   3.61200   -0.309962E-06
   3.61400   -0.312824E-06
   3.61600   -0.309322E-06
   3.61800   -0.300808E-06
   3.62000   -0.288687E-06
   3.62200   -0.274292E-06
   3.62400   -0.258774E-06
   3.62600   -0.243056E-06
   3.62800   -0.227814E-06
   3.63000   -0.213491E-06
   3.63200   -0.200335E-06
   3.63400   -0.188444E-06
   3.63600   -0.177813E-06
   3.63800   -0.168368E-06
   3.64000   -0.160004E-06
   3.64200   -0.152600E-06
   3.64400   -0.146033E-06
   3.64600   -0.140185E-06
   3.64800   -0.134946E-06
   3.65000   -0.130215E-06
   3.65200   -0.125902E-06
   3.65400   -0.121929E-06
   3.65600   -0.118232E-06
   3.65800   -0.114762E-06
   3.66000   -0.111487E-06
   3.66200   -0.108383E-06
   3.66400   -0.105452E-06
   3.66600   -0.102697E-06
   3.66800   -0.100125E-06
   3.67000   -0.977481E-07
   3.67200   -0.955725E-07
   3.67400   -0.935989E-07
   3.67600   -0.918190E-07
   3.67800   -0.902161E-07
   3.68000   -0.887656E-07
   3.68200   -0.874376E-07
   3.68400   -0.862002E-07
   3.68600   -0.850225E-07
   3.68800   -0.838777E-07
   3.69000   -0.827457E-07
   3.69200   -0.816135E-07
   3.69400   -0.804760E-07
   3.69600   -0.793341E-07
   3.69800   -0.781933E-07
   3.70000   -0.770612E-07
   3.70200   -0.759452E-07
   3.70400   -0.748504E-07
   3.70600   -0.737790E-07
   3.70800   -0.727299E-07
   3.71000   -0.716997E-07
   3.71200   -0.706839E-07
   3.71400   -0.696791E-07
   3.71600   -0.686841E-07
   3.71800   -0.677016E-07
   3.72000   -0.667385E-07
   3.72200   -0.658054E-07
   3.72400   -0.649151E-07
   3.72600   -0.640811E-07
   3.72800   -0.633146E-07
   3.73000   -0.626232E-07
   3.73200   -0.620084E-07
   3.73400   -0.614651E-07
   3.73600   -0.609819E-07
   3.73800   -0.605415E-07
   3.74000   -0.601230E-07
   3.74200   -0.597044E-07
   3.74400   -0.592644E-07
   3.74600   -0.587859E-07
   3.74800   -0.582568E-07
   3.75000   -0.576721E-07
   3.75200   -0.570341E-07
   3.75400   -0.563522E-07
   3.75600   -0.556416E-07
   3.75800   -0.549220E-07
   3.76000   -0.542158E-07
   3.76200   -0.535453E-07
   3.76400   -0.529310E-07
   3.76600   -0.523896E-07
   3.76800   -0.519321E-07
   3.77000   -0.515629E-07
   3.77200   -0.512789E-07
   3.77400   -0.510703E-07
   3.77600   -0.509207E-07
   3.77800   -0.508090E-07
   3.78000   -0.507108E-07
   3.78200   -0.506010E-07
   3.78400   -0.504552E-07
   3.78600   -0.502529E-07
   3.78800   -0.499783E-07
   3.79000   -0.496218E-07
   3.79200   -0.491810E-07
   3.79400   -0.486607E-07
   3.79600   -0.480724E-07
   3.79800   -0.474331E-07
   3.80000   -0.467640E-07
   3.80200   -0.460883E-07
   3.80400   -0.454298E-07
   3.80600   -0.448108E-07
   3.80800   -0.442508E-07
   3.81000   -0.437658E-07
   3.81200   -0.433674E-07
   3.81400   -0.430635E-07
   3.81600   -0.428584E-07
   3.81800   -0.427535E-07
   3.82000   -0.427474E-07
   3.82200   -0.428364E-07
   3.82400   -0.430141E-07
   3.82600   -0.432698E-07
   3.82800   -0.435884E-07
   3.83000   -0.439481E-07
   3.83200   -0.443206E-07
   3.83400   -0.446704E-07
   3.83600   -0.449560E-07
   3.83800   -0.451329E-07
   3.84000   -0.451565E-07
   3.84200   -0.449867E-07
   3.84400   -0.445926E-07
   3.84600   -0.439564E-07
   3.84800   -0.430759E-07
   3.85000   -0.419663E-07
   3.85200   -0.406586E-07
   3.85400   -0.391972E-07
   3.85600   -0.376355E-07
   3.85800   -0.360306E-07
   3.86000   -0.344380E-07
   3.86200   -0.329070E-07
   3.86400   -0.314763E-07
   3.86600   -0.301720E-07
   3.86800   -0.290064E-07
   3.87000   -0.279785E-07
   3.87200   -0.270753E-07
   3.87400   -0.262739E-07
   3.87600   -0.255448E-07
   3.87800   -0.248542E-07
   3.88000   -0.241677E-07
   3.88200   -0.234526E-07
   3.88400   -0.226805E-07
   3.88600   -0.218290E-07
   3.88800   -0.208836E-07
   3.89000   -0.198375E-07
   3.89200   -0.186924E-07
   3.89400   -0.174580E-07
   3.89600   -0.161502E-07
   3.89800   -0.147909E-07
   3.90000   -0.134055E-07
   3.90200   -0.120217E-07
   3.90400   -0.106675E-07
   3.90600   -0.936993E-08
   3.90800   -0.815338E-08
   3.91000   -0.703889E-08
   3.91200   -0.604344E-08
   3.91400   -0.517912E-08
   3.91600   -0.445368E-08
   3.91800   -0.387060E-08
   3.92000   -0.342949E-08
   3.92200   -0.312689E-08
   3.92400   -0.295682E-08
   3.92600   -0.291143E-08
   3.92800   -0.298144E-08
   3.93000   -0.315650E-08
   3.93200   -0.342535E-08
   3.93400   -0.377579E-08
   3.93600   -0.419489E-08
   3.93800   -0.466898E-08
   3.94000   -0.518390E-08
   3.94200   -0.572549E-08
   3.94400   -0.628022E-08
   3.94600   -0.683603E-08
   3.94800   -0.738317E-08
   3.95000   -0.791500E-08
   3.95200   -0.842847E-08
   3.95400   -0.892429E-08
   3.95600   -0.940650E-08
   3.95800   -0.988147E-08
   3.96000   -0.103564E-07
   3.96200   -0.108377E-07
   3.96400   -0.113287E-07
   3.96600   -0.118283E-07
   3.96800   -0.123297E-07
   3.97000   -0.128200E-07
   3.97200   -0.132802E-07
   3.97400   -0.136870E-07
   3.97600   -0.140147E-07
   3.97800   -0.142374E-07
   3.98000   -0.143315E-07
   3.98200   -0.142785E-07
   3.98400   -0.140663E-07
   3.98600   -0.136908E-07
   3.98800   -0.131558E-07
   3.99000   -0.124733E-07
   3.99200   -0.116622E-07
   3.99400   -0.107473E-07
   3.99600   -0.975686E-08
   3.99800   -0.872175E-08
   4.00000   -0.767292E-08
