   0.00000    0.000000E+00
   0.00200    0.000000E+00
   0.00400    0.000000E+00
   0.00600    0.000000E+00
   0.00800    0.000000E+00
   0.01000    0.000000E+00
   0.01200    0.000000E+00
   0.01400    0.000000E+00
   0.01600    0.000000E+00
   0.01800    0.000000E+00
   0.02000    0.000000E+00
   0.02200    0.000000E+00
   0.02400    0.000000E+00
   0.02600    0.196574E-10
   0.02800    0.581112E-10
   0.03000    0.124797E-09
   0.03200    0.249754E-09
   0.03400    0.485630E-09
   0.03600    0.920394E-09
   0.03800    0.170174E-08
   0.04000    0.307062E-08
   0.04200    0.540765E-08
   0.04400    0.929460E-08
   0.04600    0.155911E-07
   0.04800    0.255233E-07
   0.05000    0.407759E-07
   0.05200    0.635749E-07
   0.05400    0.967347E-07
   0.05600    0.143646E-06
   0.05800    0.208170E-06
   0.06000    0.294415E-06
   0.06200    0.406360E-06
   0.06400    0.547357E-06
   0.06600    0.719512E-06
   0.06800    0.923018E-06
   0.07000    0.115553E-05
   0.07200    0.141173E-05
   0.07400    0.168310E-05
   0.07600    0.195818E-05
   0.07800    0.222317E-05
   0.08000    0.246299E-05
   0.08200    0.266267E-05
   0.08400    0.280887E-05
   0.08600    0.289135E-05
   0.08800    0.290422E-05
   0.09000    0.284657E-05
   0.09200    0.272266E-05
   0.09400    0.254134E-05
   0.09600    0.231503E-05
   0.09800    0.205825E-05
   0.10000    0.178600E-05
   0.10200    0.151230E-05
   0.10400    0.124890E-05
   0.10600    0.100457E-05
   0.10800    0.784787E-06
   0.11000    0.591928E-06
   0.11200    0.425809E-06
   0.11400    0.284463E-06
   0.11600    0.164967E-06
   0.11800    0.641933E-07
   0.12000   -0.206319E-07
   0.12200   -0.915987E-07
   0.12400   -0.150031E-06
   0.12600   -0.196600E-06
   0.12800   -0.231575E-06
   0.13000   -0.255116E-06
   0.13200   -0.267554E-06
   0.13400   -0.269583E-06
   0.13600   -0.262348E-06
   0.13800   -0.247415E-06
   0.14000   -0.226658E-06
   0.14200   -0.202082E-06
   0.14400   -0.175639E-06
   0.14600   -0.149059E-06
   0.14800   -0.123757E-06
   0.15000   -0.100747E-06
   0.15200   -0.807001E-07
   0.15400   -0.640008E-07
   0.15600   -0.508237E-07
   0.15800   -0.412235E-07
   0.16000   -0.352045E-07
   0.16200   -0.327524E-07
   0.16400   -0.338256E-07
   0.16600   -0.383156E-07
   0.16800   -0.459882E-07
   0.17000   -0.564273E-07
   0.17200   -0.689994E-07
   0.17400   -0.828539E-07
   0.17600   -0.969672E-07
   0.17800   -0.110226E-06
   0.18000   -0.121542E-06
   0.18200   -0.129972E-06
   0.18400   -0.134828E-06
   0.18600   -0.135760E-06
   0.18800   -0.132785E-06
   0.19000   -0.126271E-06
   0.19200   -0.116865E-06
   0.19400   -0.105400E-06
   0.19600   -0.927737E-07
   0.19800   -0.798390E-07
   0.20000   -0.673123E-07
   0.20200   -0.557223E-07
   0.20400   -0.453970E-07
   0.20600   -0.364899E-07
   0.20800   -0.290349E-07
   0.21000   -0.230129E-07
   0.21200   -0.184162E-07
   0.21400   -0.152936E-07
   0.21600   -0.137663E-07
   0.21800   -0.140119E-07
   0.22000   -0.162185E-07
   0.22200   -0.205218E-07
   0.22400   -0.269360E-07
   0.22600   -0.352968E-07
   0.22800   -0.452305E-07
   0.23000   -0.561566E-07
   0.23200   -0.673269E-07
   0.23400   -0.778973E-07
   0.23600   -0.870197E-07
   0.23800   -0.939392E-07
   0.24000   -0.980853E-07
   0.24200   -0.991322E-07
   0.24400   -0.970316E-07
   0.24600   -0.920075E-07
   0.24800   -0.845169E-07
   0.25000   -0.751858E-07
   0.25200   -0.647314E-07
   0.25400   -0.538843E-07
   0.25600   -0.433215E-07
   0.25800   -0.336178E-07
   0.26000   -0.252213E-07
   0.26200   -0.184495E-07
   0.26400   -0.135015E-07
   0.26600   -0.104807E-07
   0.26800   -0.941659E-08
   0.27000   -0.102825E-07
   0.27200   -0.130027E-07
   0.27400   -0.174470E-07
   0.27600   -0.234215E-07
   0.27800   -0.306543E-07
   0.28000   -0.387849E-07
   0.28200   -0.473645E-07
   0.28400   -0.558702E-07
   0.28600   -0.637342E-07
   0.28800   -0.703870E-07
   0.29000   -0.753084E-07
   0.29200   -0.780813E-07
   0.29400   -0.784387E-07
   0.29600   -0.762993E-07
   0.29800   -0.717824E-07
   0.30000   -0.652050E-07
   0.30200   -0.570556E-07
   0.30400   -0.479522E-07
   0.30600   -0.385863E-07
   0.30800   -0.296609E-07
   0.31000   -0.218295E-07
   0.31200   -0.156414E-07
   0.31400   -0.114996E-07
   0.31600   -0.963410E-08
   0.31800   -0.100901E-07
   0.32000   -0.127366E-07
   0.32200   -0.172848E-07
   0.32400   -0.233191E-07
   0.32600   -0.303382E-07
   0.32800   -0.377919E-07
   0.33000   -0.451236E-07
   0.33200   -0.518062E-07
   0.33400   -0.573737E-07
   0.33600   -0.614460E-07
   0.33800   -0.637480E-07
   0.34000   -0.641235E-07
   0.34200   -0.625442E-07
   0.34400   -0.591118E-07
   0.34600   -0.540576E-07
   0.34800   -0.477317E-07
   0.35000   -0.405836E-07
   0.35200   -0.331335E-07
   0.35400   -0.259332E-07
   0.35600   -0.195177E-07
   0.35800   -0.143542E-07
   0.36000   -0.107932E-07
   0.36200   -0.902808E-08
   0.36400   -0.907154E-08
   0.36600   -0.107521E-07
   0.36800   -0.137350E-07
   0.37000   -0.175615E-07
   0.37200   -0.217064E-07
   0.37400   -0.256405E-07
   0.37600   -0.288917E-07
   0.37800   -0.310942E-07
   0.38000   -0.320214E-07
   0.38200   -0.315982E-07
   0.38400   -0.298947E-07
   0.38600   -0.271052E-07
   0.38800   -0.235185E-07
   0.39000   -0.194864E-07
   0.39200   -0.153899E-07
   0.39400   -0.116121E-07
   0.39600   -0.851258E-08
   0.39800   -0.640133E-08
   0.40000   -0.551597E-08
   0.40200   -0.599941E-08
   0.40400   -0.787871E-08
   0.40600   -0.110516E-07
   0.40800   -0.152850E-07
   0.41000   -0.202285E-07
   0.41200   -0.254446E-07
   0.41400   -0.304549E-07
   0.41600   -0.347965E-07
   0.41800   -0.380798E-07
   0.42000   -0.400400E-07
   0.42200   -0.405737E-07
   0.42400   -0.397517E-07
   0.42600   -0.378101E-07
   0.42800   -0.351204E-07
   0.43000   -0.321379E-07
   0.43200   -0.293438E-07
   0.43400   -0.271856E-07
   0.43600   -0.260222E-07
   0.43800   -0.260825E-07
   0.44000   -0.274418E-07
   0.44200   -0.300132E-07
   0.44400   -0.335622E-07
   0.44600   -0.377357E-07
   0.44800   -0.421023E-07
   0.45000   -0.462086E-07
   0.45200   -0.496287E-07
   0.45400   -0.520177E-07
   0.45600   -0.531509E-07
   0.45800   -0.529500E-07
   0.46000   -0.514881E-07
   0.46200   -0.489751E-07
   0.46400   -0.457246E-07
   0.46600   -0.421071E-07
   0.46800   -0.384972E-07
   0.47000   -0.352231E-07
   0.47200   -0.325259E-07
   0.47400   -0.305365E-07
   0.47600   -0.292692E-07
   0.47800   -0.286383E-07
   0.48000   -0.284860E-07
   0.48200   -0.286225E-07
   0.48400   -0.288656E-07
   0.48600   -0.290759E-07
   0.48800   -0.291786E-07
   0.49000   -0.291709E-07
   0.49200   -0.291137E-07
   0.49400   -0.291103E-07
   0.49600   -0.292749E-07
   0.49800   -0.297026E-07
   0.50000   -0.304428E-07
   0.50200   -0.314826E-07
   0.50400   -0.327452E-07
   0.50600   -0.341023E-07
   0.50800   -0.353980E-07
   0.51000   -0.364801E-07
   0.51200   -0.372315E-07
   0.51400   -0.375937E-07
   0.51600   -0.375796E-07
   0.51800   -0.372723E-07
   0.52000   -0.368089E-07
   0.52200   -0.363551E-07
   0.52400   -0.360742E-07
   0.52600   -0.360994E-07
   0.52800   -0.365116E-07
   0.53000   -0.373303E-07
   0.53200   -0.385148E-07
   0.53400   -0.399765E-07
   0.53600   -0.415967E-07
   0.53800   -0.432478E-07
   0.54000   -0.448078E-07
   0.54200   -0.461757E-07
   0.54400   -0.472765E-07
   0.54600   -0.480635E-07
   0.54800   -0.485161E-07
   0.55000   -0.486372E-07
   0.55200   -0.484547E-07
   0.55400   -0.480199E-07
   0.55600   -0.474092E-07
   0.55800   -0.467234E-07
   0.56000   -0.460839E-07
   0.56200   -0.456308E-07
   0.56400   -0.455086E-07
   0.56600   -0.458551E-07
   0.56800   -0.467936E-07
   0.57000   -0.484171E-07
   0.57200   -0.507879E-07
   0.57400   -0.539411E-07
   0.57600   -0.578752E-07
   0.57800   -0.625701E-07
   0.58000   -0.679854E-07
   0.58200   -0.740693E-07
   0.58400   -0.807587E-07
   0.58600   -0.879817E-07
   0.58800   -0.956549E-07
   0.59000   -0.103683E-06
   0.59200   -0.111956E-06
   0.59400   -0.120352E-06
   0.59600   -0.128733E-06
   0.59800   -0.136943E-06
   0.60000   -0.144809E-06
   0.60200   -0.152125E-06
   0.60400   -0.158651E-06
   0.60600   -0.164101E-06
   0.60800   -0.168142E-06
   0.61000   -0.170404E-06
   0.61200   -0.170498E-06
   0.61400   -0.168058E-06
   0.61600   -0.162787E-06
   0.61800   -0.154517E-06
   0.62000   -0.143256E-06
   0.62200   -0.129234E-06
   0.62400   -0.112908E-06
   0.62600   -0.949437E-07
   0.62800   -0.761661E-07
   0.63000   -0.574725E-07
   0.63200   -0.397371E-07
   0.63400   -0.237124E-07
   0.63600   -0.994957E-08
   0.63800    0.125536E-08
   0.64000    0.987436E-08
   0.64200    0.161219E-07
   0.64400    0.203984E-07
   0.64600    0.232132E-07
   0.64800    0.251024E-07
   0.65000    0.265549E-07
   0.65200    0.279586E-07
   0.65400    0.295697E-07
   0.65600    0.315079E-07
   0.65800    0.337722E-07
   0.66000    0.362717E-07
   0.66200    0.388595E-07
   0.66400    0.413711E-07
   0.66600    0.436518E-07
   0.66800    0.455778E-07
   0.67000    0.470677E-07
   0.67200    0.480849E-07
   0.67400    0.486337E-07
   0.67600    0.487514E-07
   0.67800    0.484987E-07
   0.68000    0.479486E-07
   0.68200    0.471774E-07
   0.68400    0.462608E-07
   0.68600    0.452631E-07
   0.68800    0.442365E-07
   0.69000    0.432218E-07
   0.69200    0.422423E-07
   0.69400    0.413100E-07
   0.69600    0.404279E-07
   0.69800    0.395819E-07
   0.70000    0.387574E-07
   0.70200    0.379330E-07
   0.70400    0.370894E-07
   0.70600    0.362104E-07
   0.70800    0.352876E-07
   0.71000    0.343201E-07
   0.71200    0.333160E-07
   0.71400    0.322904E-07
   0.71600    0.312623E-07
   0.71800    0.302524E-07
   0.72000    0.292776E-07
   0.72200    0.283505E-07
   0.72400    0.274767E-07
   0.72600    0.266555E-07
   0.72800    0.258819E-07
   0.73000    0.251490E-07
   0.73200    0.244514E-07
   0.73400    0.237864E-07
   0.73600    0.231565E-07
   0.73800    0.225676E-07
   0.74000    0.220281E-07
   0.74200    0.215457E-07
   0.74400    0.211240E-07
   0.74600    0.207601E-07
   0.74800    0.204435E-07
   0.75000    0.201554E-07
   0.75200    0.198710E-07
   0.75400    0.195630E-07
   0.75600    0.192057E-07
   0.75800    0.187794E-07
   0.76000    0.182741E-07
   0.76200    0.176921E-07
   0.76400    0.170479E-07
   0.76600    0.163667E-07
   0.76800    0.156811E-07
   0.77000    0.150261E-07
   0.77200    0.144334E-07
   0.77400    0.139265E-07
   0.77600    0.135170E-07
   0.77800    0.132019E-07
   0.78000    0.129636E-07
   0.78200    0.127724E-07
   0.78400    0.125903E-07
   0.78600    0.123763E-07
   0.78800    0.120928E-07
   0.79000    0.117108E-07
   0.79200    0.112145E-07
   0.79400    0.106043E-07
   0.79600    0.989703E-08
   0.79800    0.912382E-08
   0.80000    0.832653E-08
   0.80200    0.755199E-08
   0.80400    0.684601E-08
   0.80600    0.624722E-08
   0.80800    0.578201E-08
   0.81000    0.546109E-08
   0.81200    0.527811E-08
   0.81400    0.521032E-08
   0.81600    0.522135E-08
   0.81800    0.526549E-08
   0.82000    0.529297E-08
   0.82200    0.525569E-08
   0.82400    0.511270E-08
   0.82600    0.483475E-08
   0.82800    0.440760E-08
   0.83000    0.383376E-08
   0.83200    0.313210E-08
   0.83400    0.233616E-08
   0.83600    0.149046E-08
   0.83800    0.645892E-09
   0.84000   -0.145638E-09
   0.84200   -0.836555E-09
   0.84400   -0.138843E-08
   0.84600   -0.177575E-08
   0.84800   -0.198821E-08
   0.85000   -0.203143E-08
   0.85200   -0.192612E-08
   0.85400   -0.170578E-08
   0.85600   -0.141330E-08
   0.85800   -0.109688E-08
   0.86000   -0.805661E-09
   0.86200   -0.585301E-09
   0.86400   -0.474122E-09
   0.86600   -0.500026E-09
   0.86800   -0.678190E-09
   0.87000   -0.101009E-08
   0.87200   -0.148374E-08
   0.87400   -0.207510E-08
   0.87600   -0.275061E-08
   0.87800   -0.347046E-08
   0.88000   -0.419248E-08
   0.88200   -0.487601E-08
   0.88400   -0.548545E-08
   0.88600   -0.599307E-08
   0.88800   -0.638088E-08
   0.89000   -0.664141E-08
   0.89200   -0.677746E-08
   0.89400   -0.680098E-08
   0.89600   -0.673138E-08
   0.89800   -0.659355E-08
   0.90000   -0.641581E-08
   0.90200   -0.622796E-08
   0.90400   -0.605975E-08
   0.90600   -0.593911E-08
   0.90800   -0.589091E-08
   0.91000   -0.593559E-08
   0.91200   -0.608792E-08
   0.91400   -0.635570E-08
   0.91600   -0.673894E-08
   0.91800   -0.722926E-08
   0.92000   -0.781001E-08
   0.92200   -0.845713E-08
   0.92400   -0.914082E-08
   0.92600   -0.982794E-08
   0.92800   -0.104849E-07
   0.93000   -0.110809E-07
   0.93200   -0.115907E-07
   0.93400   -0.119974E-07
   0.93600   -0.122937E-07
   0.93800   -0.124829E-07
   0.94000   -0.125783E-07
   0.94200   -0.126018E-07
   0.94400   -0.125816E-07
   0.94600   -0.125497E-07
   0.94800   -0.125385E-07
   0.95000   -0.125779E-07
   0.95200   -0.126928E-07
   0.95400   -0.129004E-07
   0.95600   -0.132091E-07
   0.95800   -0.136176E-07
   0.96000   -0.141153E-07
   0.96200   -0.146830E-07
   0.96400   -0.152953E-07
   0.96600   -0.159224E-07
   0.96800   -0.165337E-07
   0.97000   -0.170999E-07
   0.97200   -0.175964E-07
   0.97400   -0.180046E-07
   0.97600   -0.183137E-07
   0.97800   -0.185208E-07
   0.98000   -0.186303E-07
   0.98200   -0.186525E-07
   0.98400   -0.186023E-07
   0.98600   -0.184971E-07
   0.98800   -0.183549E-07
   0.99000   -0.181938E-07
   0.99200   -0.180307E-07
   0.99400   -0.178811E-07
   0.99600   -0.177598E-07
   0.99800   -0.176804E-07
   1.00000   -0.176562E-07
   1.00200   -0.176991E-07
   1.00400   -0.178198E-07
   1.00600   -0.180260E-07
   1.00800   -0.183214E-07
   1.01000   -0.187044E-07
   1.01200   -0.191671E-07
   1.01400   -0.196948E-07
   1.01600   -0.202662E-07
   1.01800   -0.208553E-07
   1.02000   -0.214327E-07
   1.02200   -0.219686E-07
   1.02400   -0.224355E-07
   1.02600   -0.228108E-07
   1.02800   -0.230791E-07
   1.03000   -0.232337E-07
   1.03200   -0.232769E-07
   1.03400   -0.232200E-07
   1.03600   -0.230820E-07
   1.03800   -0.228874E-07
   1.04000   -0.226645E-07
   1.04200   -0.224422E-07
   1.04400   -0.222482E-07
   1.04600   -0.221065E-07
   1.04800   -0.220357E-07
   1.05000   -0.220480E-07
   1.05200   -0.221482E-07
   1.05400   -0.223341E-07
   1.05600   -0.225967E-07
   1.05800   -0.229221E-07
   1.06000   -0.232920E-07
   1.06200   -0.236865E-07
   1.06400   -0.240859E-07
   1.06600   -0.244721E-07
   1.06800   -0.248311E-07
   1.07000   -0.251532E-07
   1.07200   -0.254344E-07
   1.07400   -0.256758E-07
   1.07600   -0.258826E-07
   1.07800   -0.260630E-07
   1.08000   -0.262261E-07
   1.08200   -0.263807E-07
   1.08400   -0.265332E-07
   1.08600   -0.266869E-07
   1.08800   -0.268414E-07
   1.09000   -0.269933E-07
   1.09200   -0.271367E-07
   1.09400   -0.272652E-07
   1.09600   -0.273727E-07
   1.09800   -0.274556E-07
   1.10000   -0.275132E-07
   1.10200   -0.275490E-07
   1.10400   -0.275699E-07
   1.10600   -0.275862E-07
   1.10800   -0.276099E-07
   1.11000   -0.276531E-07
   1.11200   -0.277271E-07
   1.11400   -0.278401E-07
   1.11600   -0.279966E-07
   1.11800   -0.281968E-07
   1.12000   -0.284368E-07
   1.12200   -0.287088E-07
   1.12400   -0.290026E-07
   1.12600   -0.293067E-07
   1.12800   -0.296097E-07
   1.13000   -0.299016E-07
   1.13200   -0.301745E-07
   1.13400   -0.304235E-07
   1.13600   -0.306465E-07
   1.13800   -0.308443E-07
   1.14000   -0.310200E-07
   1.14200   -0.311784E-07
   1.14400   -0.313251E-07
   1.14600   -0.314664E-07
   1.14800   -0.316079E-07
   1.15000   -0.317548E-07
   1.15200   -0.319106E-07
   1.15400   -0.320777E-07
   1.15600   -0.322562E-07
   1.15800   -0.324446E-07
   1.16000   -0.326395E-07
   1.16200   -0.328357E-07
   1.16400   -0.330269E-07
   1.16600   -0.332060E-07
   1.16800   -0.333663E-07
   1.17000   -0.335021E-07
   1.17200   -0.336100E-07
   1.17400   -0.336895E-07
   1.17600   -0.337443E-07
   1.17800   -0.337817E-07
   1.18000   -0.338130E-07
   1.18200   -0.338526E-07
   1.18400   -0.339164E-07
   1.18600   -0.340207E-07
   1.18800   -0.341793E-07
   1.19000   -0.344025E-07
   1.19200   -0.346948E-07
   1.19400   -0.350545E-07
   1.19600   -0.354728E-07
   1.19800   -0.359349E-07
   1.20000   -0.364210E-07
   1.20200   -0.369080E-07
   1.20400   -0.373724E-07
   1.20600   -0.377919E-07
   1.20800   -0.381483E-07
   1.21000   -0.384286E-07
   1.21200   -0.386266E-07
   1.21400   -0.387431E-07
   1.21600   -0.387853E-07
   1.21800   -0.387665E-07
   1.22000   -0.387047E-07
   1.22200   -0.386205E-07
   1.22400   -0.385365E-07
   1.22600   -0.384746E-07
   1.22800   -0.384557E-07
   1.23000   -0.384977E-07
   1.23200   -0.386148E-07
   1.23400   -0.388165E-07
   1.23600   -0.391073E-07
   1.23800   -0.394859E-07
   1.24000   -0.399450E-07
   1.24200   -0.404714E-07
   1.24400   -0.410466E-07
   1.24600   -0.416475E-07
   1.24800   -0.422482E-07
   1.25000   -0.428217E-07
   1.25200   -0.433422E-07
   1.25400   -0.437874E-07
   1.25600   -0.441409E-07
   1.25800   -0.443934E-07
   1.26000   -0.445440E-07
   1.26200   -0.446003E-07
   1.26400   -0.445772E-07
   1.26600   -0.444959E-07
   1.26800   -0.443818E-07
   1.27000   -0.442620E-07
   1.27200   -0.441637E-07
   1.27400   -0.441119E-07
   1.27600   -0.441280E-07
   1.27800   -0.442290E-07
   1.28000   -0.444259E-07
   1.28200   -0.447243E-07
   1.28400   -0.451233E-07
   1.28600   -0.456157E-07
   1.28800   -0.461884E-07
   1.29000   -0.468227E-07
   1.29200   -0.474954E-07
   1.29400   -0.481801E-07
   1.29600   -0.488492E-07
   1.29800   -0.494759E-07
   1.30000   -0.500365E-07
   1.30200   -0.505125E-07
   1.30400   -0.508923E-07
   1.30600   -0.511724E-07
   1.30800   -0.513574E-07
   1.31000   -0.514599E-07
   1.31200   -0.514992E-07
   1.31400   -0.514994E-07
   1.31600   -0.514878E-07
   1.31800   -0.514919E-07
   1.32000   -0.515381E-07
   1.32200   -0.516487E-07
   1.32400   -0.518408E-07
   1.32600   -0.521246E-07
   1.32800   -0.525026E-07
   1.33000   -0.529690E-07
   1.33200   -0.535100E-07
   1.33400   -0.541050E-07
   1.33600   -0.547279E-07
   1.33800   -0.553500E-07
   1.34000   -0.559422E-07
   1.34200   -0.564785E-07
   1.34400   -0.569388E-07
   1.34600   -0.573114E-07
   1.34800   -0.575944E-07
   1.35000   -0.577964E-07
   1.35200   -0.579361E-07
   1.35400   -0.580404E-07
   1.35600   -0.581414E-07
   1.35800   -0.582733E-07
   1.36000   -0.584683E-07
   1.36200   -0.587525E-07
   1.36400   -0.591432E-07
   1.36600   -0.596456E-07
   1.36800   -0.602523E-07
   1.37000   -0.609431E-07
   1.37200   -0.616875E-07
   1.37400   -0.624474E-07
   1.37600   -0.631826E-07
   1.37800   -0.638550E-07
   1.38000   -0.644348E-07
   1.38200   -0.649042E-07
   1.38400   -0.652606E-07
   1.38600   -0.655177E-07
   1.38800   -0.657046E-07
   1.39000   -0.658619E-07
   1.39200   -0.660371E-07
   1.39400   -0.662781E-07
   1.39600   -0.666268E-07
   1.39800   -0.671129E-07
   1.40000   -0.677497E-07
   1.40200   -0.685315E-07
   1.40400   -0.694339E-07
   1.40600   -0.704169E-07
   1.40800   -0.714299E-07
   1.41000   -0.724185E-07
   1.41200   -0.733323E-07
   1.41400   -0.741318E-07
   1.41600   -0.747940E-07
   1.41800   -0.753156E-07
   1.42000   -0.757125E-07
   1.42200   -0.760175E-07
   1.42400   -0.762742E-07
   1.42600   -0.765299E-07
   1.42800   -0.768281E-07
   1.43000   -0.772012E-07
   1.43200   -0.776662E-07
   1.43400   -0.782223E-07
   1.43600   -0.788522E-07
   1.43800   -0.795264E-07
   1.44000   -0.802090E-07
   1.44200   -0.808653E-07
   1.44400   -0.814677E-07
   1.44600   -0.820015E-07
   1.44800   -0.824668E-07
   1.45000   -0.828783E-07
   1.45200   -0.832619E-07
   1.45400   -0.836498E-07
   1.45600   -0.840740E-07
   1.45800   -0.845610E-07
   1.46000   -0.851274E-07
   1.46200   -0.857782E-07
   1.46400   -0.865071E-07
   1.46600   -0.872991E-07
   1.46800   -0.881348E-07
   1.47000   -0.889942E-07
   1.47200   -0.898602E-07
   1.47400   -0.907208E-07
   1.47600   -0.915685E-07
   1.47800   -0.923993E-07
   1.48000   -0.932093E-07
   1.48200   -0.939929E-07
   1.48400   -0.947399E-07
   1.48600   -0.954360E-07
   1.48800   -0.960636E-07
   1.49000   -0.966052E-07
   1.49200   -0.970461E-07
   1.49400   -0.973781E-07
   1.49600   -0.976012E-07
   1.49800   -0.977242E-07
   1.50000   -0.977629E-07
   1.50200   -0.977371E-07
   1.50400   -0.976668E-07
   1.50600   -0.975688E-07
   1.50800   -0.974542E-07
   1.51000   -0.973270E-07
   1.51200   -0.971850E-07
   1.51400   -0.970213E-07
   1.51600   -0.968261E-07
   1.51800   -0.965895E-07
   1.52000   -0.963024E-07
   1.52200   -0.959572E-07
   1.52400   -0.955479E-07
   1.52600   -0.950693E-07
   1.52800   -0.945165E-07
   1.53000   -0.938849E-07
   1.53200   -0.931700E-07
   1.53400   -0.923682E-07
   1.53600   -0.914772E-07
   1.53800   -0.904971E-07
   1.54000   -0.894301E-07
   1.54200   -0.882807E-07
   1.54400   -0.870546E-07
   1.54600   -0.857582E-07
   1.54800   -0.843972E-07
   1.55000   -0.829762E-07
   1.55200   -0.814978E-07
   1.55400   -0.799630E-07
   1.55600   -0.783702E-07
   1.55800   -0.767166E-07
   1.56000   -0.749977E-07
   1.56200   -0.732082E-07
   1.56400   -0.713425E-07
   1.56600   -0.693948E-07
   1.56800   -0.673600E-07
   1.57000   -0.652337E-07
   1.57200   -0.630129E-07
   1.57400   -0.606955E-07
   1.57600   -0.582806E-07
   1.57800   -0.557686E-07
   1.58000   -0.531606E-07
   1.58200   -0.504586E-07
   1.58400   -0.476657E-07
   1.58600   -0.447860E-07
   1.58800   -0.418248E-07
   1.59000   -0.387892E-07
   1.59200   -0.356879E-07
   1.59400   -0.325315E-07
   1.59600   -0.293323E-07
   1.59800   -0.261042E-07
   1.60000   -0.228618E-07
   1.60200   -0.196200E-07
   1.60400   -0.163932E-07
   1.60600   -0.131945E-07
   1.60800   -0.100350E-07
   1.61000   -0.692343E-08
   1.61200   -0.386570E-08
   1.61400   -0.865414E-09
   1.61600    0.207609E-08
   1.61800    0.495902E-08
   1.62000    0.778455E-08
   1.62200    0.105544E-07
   1.62400    0.132703E-07
   1.62600    0.159348E-07
   1.62800    0.185505E-07
   1.63000    0.211211E-07
   1.63200    0.236511E-07
   1.63400    0.261462E-07
   1.63600    0.286123E-07
   1.63800    0.310550E-07
   1.64000    0.334784E-07
   1.64200    0.358844E-07
   1.64400    0.382715E-07
   1.64600    0.406354E-07
   1.64800    0.429687E-07
   1.65000    0.452625E-07
   1.65200    0.475078E-07
   1.65400    0.496967E-07
   1.65600    0.518242E-07
   1.65800    0.538884E-07
   1.66000    0.558905E-07
   1.66200    0.578341E-07
   1.66400    0.597238E-07
   1.66600    0.615630E-07
   1.66800    0.633531E-07
   1.67000    0.650919E-07
   1.67200    0.667740E-07
   1.67400    0.683915E-07
   1.67600    0.699353E-07
   1.67800    0.713978E-07
   1.68000    0.727743E-07
   1.68200    0.740652E-07
   1.68400    0.752763E-07
   1.68600    0.764186E-07
   1.68800    0.775072E-07
   1.69000    0.785585E-07
   1.69200    0.795880E-07
   1.69400    0.806077E-07
   1.69600    0.816242E-07
   1.69800    0.826377E-07
   1.70000    0.836422E-07
   1.70200    0.846268E-07
   1.70400    0.855777E-07
   1.70600    0.864810E-07
   1.70800    0.873246E-07
   1.71000    0.881012E-07
   1.71200    0.888085E-07
   1.71400    0.894504E-07
   1.71600    0.900360E-07
   1.71800    0.905783E-07
   1.72000    0.910922E-07
   1.72200    0.915928E-07
   1.72400    0.920928E-07
   1.72600    0.926013E-07
   1.72800    0.931226E-07
   1.73000    0.936558E-07
   1.73200    0.941953E-07
   1.73400    0.947316E-07
   1.73600    0.952529E-07
   1.73800    0.957470E-07
   1.74000    0.962030E-07
   1.74200    0.966133E-07
   1.74400    0.969749E-07
   1.74600    0.972908E-07
   1.74800    0.975693E-07
   1.75000    0.978243E-07
   1.75200    0.980737E-07
   1.75400    0.983375E-07
   1.75600    0.986357E-07
   1.75800    0.989861E-07
   1.76000    0.994017E-07
   1.76200    0.998897E-07
   1.76400    0.100450E-06
   1.76600    0.101073E-06
   1.76800    0.101745E-06
   1.77000    0.102445E-06
   1.77200    0.103149E-06
   1.77400    0.103830E-06
   1.77600    0.104466E-06
   1.77800    0.105038E-06
   1.78000    0.105535E-06
   1.78200    0.105954E-06
   1.78400    0.106300E-06
   1.78600    0.106588E-06
   1.78800    0.106839E-06
   1.79000    0.107078E-06
   1.79200    0.107331E-06
   1.79400    0.107624E-06
   1.79600    0.107977E-06
   1.79800    0.108407E-06
   1.80000    0.108920E-06
   1.80200    0.109520E-06
   1.80400    0.110202E-06
   1.80600    0.110953E-06
   1.80800    0.111762E-06
   1.81000    0.112610E-06
   1.81200    0.113481E-06
   1.81400    0.114359E-06
   1.81600    0.115231E-06
   1.81800    0.116086E-06
   1.82000    0.116920E-06
   1.82200    0.117732E-06
   1.82400    0.118526E-06
   1.82600    0.119309E-06
   1.82800    0.120092E-06
   1.83000    0.120889E-06
   1.83200    0.121712E-06
   1.83400    0.122573E-06
   1.83600    0.123482E-06
   1.83800    0.124446E-06
   1.84000    0.125468E-06
   1.84200    0.126551E-06
   1.84400    0.127692E-06
   1.84600    0.128886E-06
   1.84800    0.130131E-06
   1.85000    0.131421E-06
   1.85200    0.132753E-06
   1.85400    0.134125E-06
   1.85600    0.135537E-06
   1.85800    0.136989E-06
   1.86000    0.138485E-06
   1.86200    0.140029E-06
   1.86400    0.141624E-06
   1.86600    0.143273E-06
   1.86800    0.144980E-06
   1.87000    0.146746E-06
   1.87200    0.148569E-06
   1.87400    0.150447E-06
   1.87600    0.152378E-06
   1.87800    0.154355E-06
   1.88000    0.156374E-06
   1.88200    0.158430E-06
   1.88400    0.160517E-06
   1.88600    0.162635E-06
   1.88800    0.164784E-06
   1.89000    0.166972E-06
   1.89200    0.169214E-06
   1.89400    0.171545E-06
   1.89600    0.174007E-06
   1.89800    0.176675E-06
   1.90000    0.179661E-06
   1.90200    0.183110E-06
   1.90400    0.187215E-06
   1.90600    0.192215E-06
   1.90800    0.198393E-06
   1.91000    0.206063E-06
   1.91200    0.215558E-06
   1.91400    0.227200E-06
   1.91600    0.241268E-06
   1.91800    0.257956E-06
   1.92000    0.277321E-06
   1.92200    0.299238E-06
   1.92400    0.323338E-06
   1.92600    0.348959E-06
   1.92800    0.375105E-06
   1.93000    0.400422E-06
   1.93200    0.423201E-06
   1.93400    0.441423E-06
   1.93600    0.452851E-06
   1.93800    0.455179E-06
   1.94000    0.446226E-06
   1.94200    0.424167E-06
   1.94400    0.387781E-06
   1.94600    0.336674E-06
   1.94800    0.271442E-06
   1.95000    0.193745E-06
   1.95200    0.106262E-06
   1.95400    0.125269E-07
   1.95600   -0.833539E-07
   1.95800   -0.177052E-06
   1.96000   -0.264401E-06
   1.96200   -0.341764E-06
   1.96400   -0.406315E-06
   1.96600   -0.456231E-06
   1.96800   -0.490745E-06
   1.97000   -0.510092E-06
   1.97200   -0.515352E-06
   1.97400   -0.508233E-06
   1.97600   -0.490838E-06
   1.97800   -0.465434E-06
   1.98000   -0.434264E-06
   1.98200   -0.399410E-06
   1.98400   -0.362707E-06
   1.98600   -0.325702E-06
   1.98800   -0.289651E-06
   1.99000   -0.255529E-06
   1.99200   -0.224055E-06
   1.99400   -0.195709E-06
   1.99600   -0.170759E-06
   1.99800   -0.149277E-06
   2.00000   -0.131158E-06
   2.00200   -0.116145E-06
   2.00400   -0.103857E-06
   2.00600   -0.938321E-07
   2.00800   -0.855645E-07
   2.01000   -0.785555E-07
   2.01200   -0.723580E-07
   2.01400   -0.666118E-07
   2.01600   -0.610727E-07
   2.01800   -0.556152E-07
   2.02000   -0.502402E-07
   2.02200   -0.450513E-07
   2.02400   -0.402133E-07
   2.02600   -0.359239E-07
   2.02800   -0.323701E-07
   2.03000   -0.296950E-07
   2.03200   -0.279736E-07
   2.03400   -0.271999E-07
   2.03600   -0.272898E-07
   2.03800   -0.280935E-07
   2.04000   -0.294183E-07
   2.04200   -0.310545E-07
   2.04400   -0.328015E-07
   2.04600   -0.344871E-07
   2.04800   -0.359813E-07
   2.05000   -0.372019E-07
   2.05200   -0.381134E-07
   2.05400   -0.387192E-07
   2.05600   -0.390524E-07
   2.05800   -0.391639E-07
   2.06000   -0.391130E-07
   2.06200   -0.389571E-07
   2.06400   -0.387474E-07
   2.06600   -0.385227E-07
   2.06800   -0.383075E-07
   2.07000   -0.381112E-07
   2.07200   -0.379287E-07
   2.07400   -0.377423E-07
   2.07600   -0.375249E-07
   2.07800   -0.372444E-07
   2.08000   -0.368683E-07
   2.08200   -0.363688E-07
   2.08400   -0.357274E-07
   2.08600   -0.349386E-07
   2.08800   -0.340114E-07
   2.09000   -0.329702E-07
   2.09200   -0.318532E-07
   2.09400   -0.307092E-07
   2.09600   -0.295943E-07
   2.09800   -0.285673E-07
   2.10000   -0.276849E-07
   2.10200   -0.269978E-07
   2.10400   -0.265454E-07
   2.10600   -0.263520E-07
   2.10800   -0.264237E-07
   2.11000   -0.267454E-07
   2.11200   -0.272804E-07
   2.11400   -0.279709E-07
   2.11600   -0.287422E-07
   2.11800   -0.295088E-07
   2.12000   -0.301814E-07
   2.12200   -0.306764E-07
   2.12400   -0.309248E-07
   2.12600   -0.308800E-07
   2.12800   -0.305228E-07
   2.13000   -0.298641E-07
   2.13200   -0.289428E-07
   2.13400   -0.278222E-07
   2.13600   -0.265828E-07
   2.13800   -0.253132E-07
   2.14000   -0.241009E-07
   2.14200   -0.230232E-07
   2.14400   -0.221395E-07
   2.14600   -0.214860E-07
   2.14800   -0.210731E-07
   2.15000   -0.208858E-07
   2.15200   -0.208867E-07
   2.15400   -0.210216E-07
   2.15600   -0.212260E-07
   2.15800   -0.214327E-07
   2.16000   -0.215778E-07
   2.16200   -0.216066E-07
   2.16400   -0.214766E-07
   2.16600   -0.211599E-07
   2.16800   -0.206429E-07
   2.17000   -0.199263E-07
   2.17200   -0.190231E-07
   2.17400   -0.179575E-07
   2.17600   -0.167631E-07
   2.17800   -0.154807E-07
   2.18000   -0.141564E-07
   2.18200   -0.128381E-07
   2.18400   -0.115727E-07
   2.18600   -0.104026E-07
   2.18800   -0.936093E-08
   2.19000   -0.846927E-08
   2.19200   -0.773431E-08
   2.19400   -0.714742E-08
   2.19600   -0.668484E-08
   2.19800   -0.631043E-08
   2.20000   -0.597961E-08
   2.20200   -0.564359E-08
   2.20400   -0.525435E-08
   2.20600   -0.476942E-08
   2.20800   -0.415526E-08
   2.21000   -0.338928E-08
   2.21200   -0.246076E-08
   2.21400   -0.137031E-08
   2.21600   -0.128525E-09
   2.21800    0.124579E-08
   2.22000    0.272758E-08
   2.22200    0.428719E-08
   2.22400    0.589168E-08
   2.22600    0.750545E-08
   2.22800    0.908996E-08
   2.23000    0.106027E-07
   2.23200    0.119953E-07
   2.23400    0.132101E-07
   2.23600    0.141779E-07
   2.23800    0.148145E-07
   2.24000    0.150204E-07
   2.24200    0.146825E-07
   2.24400    0.136806E-07
   2.24600    0.118973E-07
   2.24800    0.923291E-08
   2.25000    0.562260E-08
   2.25200    0.105333E-08
   2.25400   -0.442190E-08
   2.25600   -0.106760E-07
   2.25800   -0.175084E-07
   2.26000   -0.246550E-07
   2.26200   -0.318076E-07
   2.26400   -0.386402E-07
   2.26600   -0.448388E-07
   2.26800   -0.501301E-07
   2.27000   -0.543059E-07
   2.27200   -0.572392E-07
   2.27400   -0.588906E-07
   2.27600   -0.593047E-07
   2.27800   -0.585977E-07
   2.28000   -0.569397E-07
   2.28200   -0.545332E-07
   2.28400   -0.515916E-07
   2.28600   -0.483210E-07
   2.28800   -0.449055E-07
   2.29000   -0.414979E-07
   2.29200   -0.382152E-07
   2.29400   -0.351389E-07
   2.29600   -0.323174E-07
   2.29800   -0.297721E-07
   2.30000   -0.275029E-07
   2.30200   -0.254944E-07
   2.30400   -0.237217E-07
   2.30600   -0.221543E-07
   2.30800   -0.207596E-07
   2.31000   -0.195057E-07
   2.31200   -0.183628E-07
   2.31400   -0.173043E-07
   2.31600   -0.163077E-07
   2.31800   -0.153553E-07
   2.32000   -0.144342E-07
   2.32200   -0.135362E-07
   2.32400   -0.126583E-07
   2.32600   -0.118019E-07
   2.32800   -0.109717E-07
   2.33000   -0.101750E-07
   2.33200   -0.942102E-08
   2.33400   -0.871934E-08
   2.33600   -0.807952E-08
   2.33800   -0.751014E-08
   2.34000   -0.701832E-08
   2.34200   -0.660933E-08
   2.34400   -0.628626E-08
   2.34600   -0.604970E-08
   2.34800   -0.589756E-08
   2.35000   -0.582479E-08
   2.35200   -0.582345E-08
   2.35400   -0.588317E-08
   2.35600   -0.599206E-08
   2.35800   -0.613829E-08
   2.36000   -0.631205E-08
   2.36200   -0.650791E-08
   2.36400   -0.672670E-08
   2.36600   -0.697673E-08
   2.36800   -0.727367E-08
   2.37000   -0.763863E-08
   2.37200   -0.809468E-08
   2.37400   -0.866197E-08
   2.37600   -0.935222E-08
   2.37800   -0.101638E-07
   2.38000   -0.110782E-07
   2.38200   -0.120590E-07
   2.38400   -0.130536E-07
   2.38600   -0.139980E-07
   2.38800   -0.148236E-07
   2.39000   -0.154656E-07
   2.39200   -0.158706E-07
   2.39400   -0.160033E-07
   2.39600   -0.158512E-07
   2.39800   -0.154257E-07
   2.40000   -0.147604E-07
   2.40200   -0.139074E-07
   2.40400   -0.129309E-07
   2.40600   -0.119006E-07
   2.40800   -0.108849E-07
   2.41000   -0.994436E-08
   2.41200   -0.912785E-08
   2.41400   -0.846909E-08
   2.41600   -0.798576E-08
   2.41800   -0.768010E-08
   2.42000   -0.754093E-08
   2.42200   -0.754669E-08
   2.42400   -0.766911E-08
   2.42600   -0.787703E-08
   2.42800   -0.813997E-08
   2.43000   -0.843120E-08
   2.43200   -0.872990E-08
   2.43400   -0.902250E-08
   2.43600   -0.930285E-08
   2.43800   -0.957175E-08
   2.44000   -0.983542E-08
   2.44200   -0.101040E-07
   2.44400   -0.103891E-07
   2.44600   -0.107021E-07
   2.44800   -0.110523E-07
   2.45000   -0.114454E-07
   2.45200   -0.118831E-07
   2.45400   -0.123625E-07
   2.45600   -0.128770E-07
   2.45800   -0.134165E-07
   2.46000   -0.139693E-07
   2.46200   -0.145226E-07
   2.46400   -0.150641E-07
   2.46600   -0.155829E-07
   2.46800   -0.160700E-07
   2.47000   -0.165183E-07
   2.47200   -0.169230E-07
   2.47400   -0.172810E-07
   2.47600   -0.175901E-07
   2.47800   -0.178491E-07
   2.48000   -0.180570E-07
   2.48200   -0.182132E-07
   2.48400   -0.183172E-07
   2.48600   -0.183691E-07
   2.48800   -0.183699E-07
   2.49000   -0.183216E-07
   2.49200   -0.182281E-07
   2.49400   -0.180951E-07
   2.49600   -0.179301E-07
   2.49800   -0.177425E-07
   2.50000   -0.175429E-07
   2.50200   -0.173427E-07
   2.50400   -0.171534E-07
   2.50600   -0.169856E-07
   2.50800   -0.168481E-07
   2.51000   -0.167477E-07
   2.51200   -0.166876E-07
   2.51400   -0.166682E-07
   2.51600   -0.166858E-07
   2.51800   -0.167335E-07
   2.52000   -0.168009E-07
   2.52200   -0.168754E-07
   2.52400   -0.169423E-07
   2.52600   -0.169867E-07
   2.52800   -0.169945E-07
   2.53000   -0.169542E-07
   2.53200   -0.168586E-07
   2.53400   -0.167053E-07
   2.53600   -0.164983E-07
   2.53800   -0.162470E-07
   2.54000   -0.159658E-07
   2.54200   -0.156720E-07
   2.54400   -0.153834E-07
   2.54600   -0.151158E-07
   2.54800   -0.148804E-07
   2.55000   -0.146826E-07
   2.55200   -0.145204E-07
   2.55400   -0.143855E-07
   2.55600   -0.142648E-07
   2.55800   -0.141418E-07
   2.56000   -0.140004E-07
   2.56200   -0.138266E-07
   2.56400   -0.136113E-07
   2.56600   -0.133517E-07
   2.56800   -0.130522E-07
   2.57000   -0.127237E-07
   2.57200   -0.123830E-07
   2.57400   -0.120508E-07
   2.57600   -0.117490E-07
   2.57800   -0.114986E-07
   2.58000   -0.113166E-07
   2.58200   -0.112142E-07
   2.58400   -0.111947E-07
   2.58600   -0.112537E-07
   2.58800   -0.113792E-07
   2.59000   -0.115531E-07
   2.59200   -0.117544E-07
   2.59400   -0.119618E-07
   2.59600   -0.121568E-07
   2.59800   -0.123266E-07
   2.60000   -0.124654E-07
   2.60200   -0.125750E-07
   2.60400   -0.126636E-07
   2.60600   -0.127440E-07
   2.60800   -0.128312E-07
   2.61000   -0.129391E-07
   2.61200   -0.130786E-07
   2.61400   -0.132557E-07
   2.61600   -0.134709E-07
   2.61800   -0.137195E-07
   2.62000   -0.139930E-07
   2.62200   -0.142811E-07
   2.62400   -0.145729E-07
   2.62600   -0.148594E-07
   2.62800   -0.151342E-07
   2.63000   -0.153943E-07
   2.63200   -0.156399E-07
   2.63400   -0.158742E-07
   2.63600   -0.161019E-07
   2.63800   -0.163284E-07
   2.64000   -0.165588E-07
   2.64200   -0.167970E-07
   2.64400   -0.170456E-07
   2.64600   -0.173050E-07
   2.64800   -0.175741E-07
   2.65000   -0.178504E-07
   2.65200   -0.181306E-07
   2.65400   -0.184109E-07
   2.65600   -0.186878E-07
   2.65800   -0.189586E-07
   2.66000   -0.192218E-07
   2.66200   -0.194776E-07
   2.66400   -0.197280E-07
   2.66600   -0.199769E-07
   2.66800   -0.202293E-07
   2.67000   -0.204910E-07
   2.67200   -0.207680E-07
   2.67400   -0.210649E-07
   2.67600   -0.213846E-07
   2.67800   -0.217275E-07
   2.68000   -0.220912E-07
   2.68200   -0.224706E-07
   2.68400   -0.228583E-07
   2.68600   -0.232456E-07
   2.68800   -0.236231E-07
   2.69000   -0.239824E-07
   2.69200   -0.243165E-07
   2.69400   -0.246212E-07
   2.69600   -0.248955E-07
   2.69800   -0.251423E-07
   2.70000   -0.253678E-07
   2.70200   -0.255814E-07
   2.70400   -0.257942E-07
   2.70600   -0.260180E-07
   2.70800   -0.262634E-07
   2.71000   -0.265383E-07
   2.71200   -0.268464E-07
   2.71400   -0.271870E-07
   2.71600   -0.275546E-07
   2.71800   -0.279404E-07
   2.72000   -0.283340E-07
   2.72200   -0.287254E-07
   2.72400   -0.291079E-07
   2.72600   -0.294791E-07
   2.72800   -0.298427E-07
   2.73000   -0.302077E-07
   2.73200   -0.305873E-07
   2.73400   -0.309969E-07
   2.73600   -0.314510E-07
   2.73800   -0.319611E-07
   2.74000   -0.325333E-07
   2.74200   -0.331678E-07
   2.74400   -0.338587E-07
   2.74600   -0.345955E-07
   2.74800   -0.353657E-07
   2.75000   -0.361565E-07
   2.75200   -0.369578E-07
   2.75400   -0.377633E-07
   2.75600   -0.385713E-07
   2.75800   -0.393842E-07
   2.76000   -0.402074E-07
   2.76200   -0.410480E-07
   2.76400   -0.419127E-07
   2.76600   -0.428076E-07
   2.76800   -0.437375E-07
   2.77000   -0.447069E-07
   2.77200   -0.457211E-07
   2.77400   -0.467882E-07
   2.77600   -0.479202E-07
   2.77800   -0.491344E-07
   2.78000   -0.504533E-07
   2.78200   -0.519037E-07
   2.78400   -0.535153E-07
   2.78600   -0.553180E-07
   2.78800   -0.573377E-07
   2.79000   -0.596014E-07
   2.79200   -0.621293E-07
   2.79400   -0.649384E-07
   2.79600   -0.680444E-07
   2.79800   -0.714644E-07
   2.80000   -0.752208E-07
   2.80200   -0.793437E-07
   2.80400   -0.838725E-07
   2.80600   -0.888545E-07
   2.80800   -0.943383E-07
   2.81000   -0.100363E-06
   2.81200   -0.106940E-06
   2.81400   -0.114032E-06
   2.81600   -0.121525E-06
   2.81800   -0.129202E-06
   2.82000   -0.136720E-06
   2.82200   -0.143597E-06
   2.82400   -0.149212E-06
   2.82600   -0.152831E-06
   2.82800   -0.153650E-06
   2.83000   -0.150865E-06
   2.83200   -0.143758E-06
   2.83400   -0.131795E-06
   2.83600   -0.114720E-06
   2.83800   -0.926237E-07
   2.84000   -0.659847E-07
   2.84200   -0.356673E-07
   2.84400   -0.286730E-08
   2.84600    0.309846E-07
   2.84800    0.643532E-07
   2.85000    0.957445E-07
   2.85200    0.123847E-06
   2.85400    0.147646E-06
   2.85600    0.166504E-06
   2.85800    0.180183E-06
   2.86000    0.188830E-06
   2.86200    0.192911E-06
   2.86400    0.193126E-06
   2.86600    0.190308E-06
   2.86800    0.185321E-06
   2.87000    0.178985E-06
   2.87200    0.172008E-06
   2.87400    0.164956E-06
   2.87600    0.158239E-06
   2.87800    0.152119E-06
   2.88000    0.146729E-06
   2.88200    0.142101E-06
   2.88400    0.138200E-06
   2.88600    0.134942E-06
   2.88800    0.132226E-06
   2.89000    0.129948E-06
   2.89200    0.128011E-06
   2.89400    0.126336E-06
   2.89600    0.124863E-06
   2.89800    0.123553E-06
   2.90000    0.122382E-06
   2.90200    0.121340E-06
   2.90400    0.120426E-06
   2.90600    0.119643E-06
   2.90800    0.118995E-06
   2.91000    0.118481E-06
   2.91200    0.118103E-06
   2.91400    0.117850E-06
   2.91600    0.117709E-06
   2.91800    0.117658E-06
   2.92000    0.117671E-06
   2.92200    0.117716E-06
   2.92400    0.117754E-06
   2.92600    0.117743E-06
   2.92800    0.117638E-06
   2.93000    0.117393E-06
   2.93200    0.116965E-06
   2.93400    0.116316E-06
   2.93600    0.115419E-06
   2.93800    0.114260E-06
   2.94000    0.112839E-06
   2.94200    0.111177E-06
   2.94400    0.109306E-06
   2.94600    0.107276E-06
   2.94800    0.105146E-06
   2.95000    0.102985E-06
   2.95200    0.100863E-06
   2.95400    0.988550E-07
   2.95600    0.970314E-07
   2.95800    0.954626E-07
   2.96000    0.942156E-07
   2.96200    0.933544E-07
   2.96400    0.929382E-07
   2.96600    0.930194E-07
   2.96800    0.936387E-07
   2.97000    0.948188E-07
   2.97200    0.965558E-07
   2.97400    0.988106E-07
   2.97600    0.101501E-06
   2.97800    0.104496E-06
   2.98000    0.107616E-06
   2.98200    0.110641E-06
   2.98400    0.113320E-06
   2.98600    0.115395E-06
   2.98800    0.116624E-06
   2.99000    0.116807E-06
   2.99200    0.115807E-06
   2.99400    0.113572E-06
   2.99600    0.110137E-06
   2.99800    0.105624E-06
   3.00000    0.100228E-06
   3.00200    0.941932E-07
   3.00400    0.877900E-07
   3.00600    0.812855E-07
   3.00800    0.749207E-07
   3.01000    0.688932E-07
   3.01200    0.633467E-07
   3.01400    0.583693E-07
   3.01600    0.539979E-07
   3.01800    0.502264E-07
   3.02000    0.470177E-07
   3.02200    0.443151E-07
   3.02400    0.420522E-07
   3.02600    0.401615E-07
   3.02800    0.385793E-07
   3.03000    0.372487E-07
   3.03200    0.361212E-07
   3.03400    0.351554E-07
   3.03600    0.343170E-07
   3.03800    0.335769E-07
   3.04000    0.329103E-07
   3.04200    0.322965E-07
   3.04400    0.317181E-07
   3.04600    0.311612E-07
   3.04800    0.306154E-07
   3.05000    0.300737E-07
   3.05200    0.295317E-07
   3.05400    0.289886E-07
   3.05600    0.284455E-07
   3.05800    0.279030E-07
   3.06000    0.273624E-07
   3.06200    0.268241E-07
   3.06400    0.262873E-07
   3.06600    0.257502E-07
   3.06800    0.252103E-07
   3.07000    0.246650E-07
   3.07200    0.241130E-07
   3.07400    0.235544E-07
   3.07600    0.229920E-07
   3.07800    0.224312E-07
   3.08000    0.218798E-07
   3.08200    0.213475E-07
   3.08400    0.208442E-07
   3.08600    0.203784E-07
   3.08800    0.199560E-07
   3.09000    0.195780E-07
   3.09200    0.192395E-07
   3.09400    0.189288E-07
   3.09600    0.186277E-07
   3.09800    0.183120E-07
   3.10000    0.179539E-07
   3.10200    0.175227E-07
   3.10400    0.169891E-07
   3.10600    0.163276E-07
   3.10800    0.155158E-07
   3.11000    0.145396E-07
   3.11200    0.133919E-07
   3.11400    0.120733E-07
   3.11600    0.105900E-07
   3.11800    0.895246E-08
   3.12000    0.717249E-08
   3.12200    0.526067E-08
   3.12400    0.322407E-08
   3.12600    0.106520E-08
   3.12800   -0.121743E-08
   3.13000   -0.362640E-08
   3.13200   -0.616020E-08
   3.13400   -0.880576E-08
   3.13600   -0.115296E-07
   3.13800   -0.142689E-07
   3.14000   -0.169240E-07
   3.14200   -0.193548E-07
   3.14400   -0.213824E-07
   3.14600   -0.227973E-07
   3.14800   -0.233755E-07
   3.15000   -0.229000E-07
   3.15200   -0.211874E-07
   3.15400   -0.181142E-07
   3.15600   -0.136402E-07
   3.15800   -0.782332E-08
   3.16000   -0.823888E-09
   3.16200    0.710406E-08
   3.16400    0.156337E-07
   3.16600    0.243959E-07
   3.16800    0.330149E-07
   3.17000    0.411443E-07
   3.17200    0.484968E-07
   3.17400    0.548659E-07
   3.17600    0.601350E-07
   3.17800    0.642760E-07
   3.18000    0.673377E-07
   3.18200    0.694275E-07
   3.18400    0.706899E-07
   3.18600    0.712861E-07
   3.18800    0.713749E-07
   3.19000    0.711001E-07
   3.19200    0.705813E-07
   3.19400    0.699098E-07
   3.19600    0.691500E-07
   3.19800    0.683411E-07
   3.20000    0.675042E-07
   3.20200    0.666470E-07
   3.20400    0.657722E-07
   3.20600    0.648825E-07
   3.20800    0.639854E-07
   3.21000    0.630982E-07
   3.21200    0.622481E-07
   3.21400    0.614725E-07
   3.21600    0.608158E-07
   3.21800    0.603241E-07
   3.22000    0.600408E-07
   3.22200    0.599989E-07
   3.22400    0.602151E-07
   3.22600    0.606845E-07
   3.22800    0.613765E-07
   3.23000    0.622401E-07
   3.23200    0.632003E-07
   3.23400    0.641701E-07
   3.23600    0.650600E-07
   3.23800    0.657937E-07
   3.24000    0.663218E-07
   3.24200    0.666402E-07
   3.24400    0.668033E-07
   3.24600    0.669352E-07
   3.24800    0.672328E-07
   3.25000    0.679619E-07
   3.25200    0.694432E-07
   3.25400    0.720292E-07
   3.25600    0.760723E-07
   3.25800    0.818888E-07
   3.26000    0.897188E-07
   3.26200    0.996882E-07
   3.26400    0.111775E-06
   3.26600    0.125784E-06
   3.26800    0.141330E-06
   3.27000    0.157832E-06
   3.27200    0.174527E-06
   3.27400    0.190491E-06
   3.27600    0.204682E-06
   3.27800    0.215999E-06
   3.28000    0.223359E-06
   3.28200    0.225779E-06
   3.28400    0.222476E-06
   3.28600    0.212948E-06
   3.28800    0.197057E-06
   3.29000    0.175064E-06
   3.29200    0.147645E-06
   3.29400    0.115850E-06
   3.29600    0.810313E-07
   3.29800    0.447278E-07
   3.30000    0.853716E-08
   3.30200   -0.260210E-07
   3.30400   -0.576271E-07
   3.30600   -0.852549E-07
   3.30800   -0.108227E-06
   3.31000   -0.126229E-06
   3.31200   -0.139286E-06
   3.31400   -0.147705E-06
   3.31600   -0.152006E-06
   3.31800   -0.152837E-06
   3.32000   -0.150899E-06
   3.32200   -0.146881E-06
   3.32400   -0.141415E-06
   3.32600   -0.135040E-06
   3.32800   -0.128197E-06
   3.33000   -0.121221E-06
   3.33200   -0.114357E-06
   3.33400   -0.107771E-06
   3.33600   -0.101566E-06
   3.33800   -0.957997E-07
   3.34000   -0.904948E-07
   3.34200   -0.856529E-07
   3.34400   -0.812595E-07
   3.34600   -0.772893E-07
   3.34800   -0.737108E-07
   3.35000   -0.704867E-07
   3.35200   -0.675787E-07
   3.35400   -0.649449E-07
   3.35600   -0.625447E-07
   3.35800   -0.603391E-07
   3.36000   -0.582940E-07
   3.36200   -0.563800E-07
   3.36400   -0.545761E-07
   3.36600   -0.528689E-07
   3.36800   -0.512538E-07
   3.37000   -0.497334E-07
   3.37200   -0.483163E-07
   3.37400   -0.470146E-07
   3.37600   -0.458411E-07
   3.37800   -0.448056E-07
   3.38000   -0.439132E-07
   3.38200   -0.431617E-07
   3.38400   -0.425411E-07
   3.38600   -0.420334E-07
   3.38800   -0.416141E-07
   3.39000   -0.412544E-07
   3.39200   -0.409237E-07
   3.39400   -0.405929E-07
   3.39600   -0.402366E-07
   3.39800   -0.398356E-07
   3.40000   -0.393778E-07
   3.40200   -0.388586E-07
   3.40400   -0.382806E-07
   3.40600   -0.376515E-07
   3.40800   -0.369832E-07
   3.41000   -0.362892E-07
   3.41200   -0.355836E-07
   3.41400   -0.348792E-07
   3.41600   -0.341872E-07
   3.41800   -0.335166E-07
   3.42000   -0.328746E-07
   3.42200   -0.322670E-07
   3.42400   -0.316985E-07
   3.42600   -0.311730E-07
   3.42800   -0.306944E-07
   3.43000   -0.302661E-07
   3.43200   -0.298911E-07
   3.43400   -0.295721E-07
   3.43600   -0.293111E-07
   3.43800   -0.291096E-07
   3.44000   -0.289685E-07
   3.44200   -0.288879E-07
   3.44400   -0.288677E-07
   3.44600   -0.289068E-07
   3.44800   -0.290038E-07
   3.45000   -0.291563E-07
   3.45200   -0.293609E-07
   3.45400   -0.296125E-07
   3.45600   -0.299048E-07
   3.45800   -0.302300E-07
   3.46000   -0.305784E-07
   3.46200   -0.309397E-07
   3.46400   -0.313024E-07
   3.46600   -0.316551E-07
   3.46800   -0.319867E-07
   3.47000   -0.322869E-07
   3.47200   -0.325465E-07
   3.47400   -0.327576E-07
   3.47600   -0.329135E-07
   3.47800   -0.330082E-07
   3.48000   -0.330361E-07
   3.48200   -0.329916E-07
   3.48400   -0.328679E-07
   3.48600   -0.326567E-07
   3.48800   -0.323474E-07
   3.49000   -0.319261E-07
   3.49200   -0.313754E-07
   3.49400   -0.306735E-07
   3.49600   -0.297945E-07
   3.49800   -0.287082E-07
   3.50000   -0.273813E-07
   3.50200   -0.257789E-07
   3.50400   -0.238659E-07
   3.50600   -0.216106E-07
   3.50800   -0.189870E-07
   3.51000   -0.159782E-07
   3.51200   -0.125787E-07
   3.51400   -0.879721E-08
   3.51600   -0.465755E-08
   3.51800   -0.198755E-09
   3.52000    0.452590E-08
   3.52200    0.945108E-08
   3.52400    0.145026E-07
   3.52600    0.196011E-07
   3.52800    0.246661E-07
   3.53000    0.296204E-07
   3.53200    0.343929E-07
   3.53400    0.389225E-07
   3.53600    0.431600E-07
   3.53800    0.470702E-07
   3.54000    0.506300E-07
   3.54200    0.538341E-07
   3.54400    0.566898E-07
   3.54600    0.592179E-07
   3.54800    0.614519E-07
   3.55000    0.634363E-07
   3.55200    0.652247E-07
   3.55400    0.668777E-07
   3.55600    0.684603E-07
   3.55800    0.700379E-07
   3.56000    0.716720E-07
   3.56200    0.734141E-07
   3.56400    0.752984E-07
   3.56600    0.773339E-07
   3.56800    0.794949E-07
   3.57000    0.817125E-07
   3.57200    0.838677E-07
   3.57400    0.857875E-07
   3.57600    0.872476E-07
   3.57800    0.879817E-07
   3.58000    0.876992E-07
   3.58200    0.861122E-07
   3.58400    0.829678E-07
   3.58600    0.780846E-07
   3.58800    0.713870E-07
   3.59000    0.629321E-07
   3.59200    0.529239E-07
   3.59400    0.417097E-07
   3.59600    0.297588E-07
   3.59800    0.176232E-07
   3.60000    0.588560E-08
   3.60200   -0.489738E-08
   3.60400   -0.142503E-07
   3.60600   -0.218224E-07
   3.60800   -0.274151E-07
   3.61000   -0.309884E-07
   3.61200   -0.326491E-07
   3.61400   -0.326215E-07
   3.61600   -0.312091E-07
   3.61800   -0.287519E-07
   3.62000   -0.255882E-07
   3.62200   -0.220231E-07
   3.62400   -0.183089E-07
   3.62600   -0.146368E-07
   3.62800   -0.111385E-07
   3.63000   -0.789494E-08
   3.63200   -0.494823E-08
   3.63400   -0.231459E-08
   3.63600    0.509618E-11
   3.63800    0.201813E-08
   3.64000    0.373616E-08
   3.64200    0.517457E-08
   3.64400    0.635354E-08
   3.64600    0.729930E-08
   3.64800    0.804479E-08
   3.65000    0.862870E-08
   3.65200    0.909292E-08
   3.65400    0.947887E-08
   3.65600    0.982310E-08
   3.65800    0.101538E-07
   3.66000    0.104880E-07
   3.66200    0.108326E-07
   3.66400    0.111808E-07
   3.66600    0.115211E-07
   3.66800    0.118379E-07
   3.67000    0.121161E-07
   3.67200    0.123452E-07
   3.67400    0.125221E-07
   3.67600    0.126514E-07
   3.67800    0.127454E-07
   3.68000    0.128218E-07
   3.68200    0.129001E-07
   3.68400    0.129990E-07
   3.68600    0.131322E-07
   3.68800    0.133070E-07
   3.69000    0.135226E-07
   3.69200    0.137707E-07
   3.69400    0.140371E-07
   3.69600    0.143043E-07
   3.69800    0.145547E-07
   3.70000    0.147734E-07
   3.70200    0.149509E-07
   3.70400    0.150845E-07
   3.70600    0.151789E-07
   3.70800    0.152448E-07
   3.71000    0.152971E-07
   3.71200    0.153526E-07
   3.71400    0.154265E-07
   3.71600    0.155304E-07
   3.71800    0.156698E-07
   3.72000    0.158433E-07
   3.72200    0.160423E-07
   3.72400    0.162524E-07
   3.72600    0.164554E-07
   3.72800    0.166314E-07
   3.73000    0.167623E-07
   3.73200    0.168338E-07
   3.73400    0.168381E-07
   3.73600    0.167748E-07
   3.73800    0.166514E-07
   3.74000    0.164823E-07
   3.74200    0.162879E-07
   3.74400    0.160916E-07
   3.74600    0.159174E-07
   3.74800    0.157873E-07
   3.75000    0.157186E-07
   3.75200    0.157222E-07
   3.75400    0.158016E-07
   3.75600    0.159526E-07
   3.75800    0.161639E-07
   3.76000    0.164185E-07
   3.76200    0.166955E-07
   3.76400    0.169724E-07
   3.76600    0.172271E-07
   3.76800    0.174400E-07
   3.77000    0.175960E-07
   3.77200    0.176850E-07
   3.77400    0.177029E-07
   3.77600    0.176515E-07
   3.77800    0.175384E-07
   3.78000    0.173758E-07
   3.78200    0.171796E-07
   3.78400    0.169681E-07
   3.78600    0.167603E-07
   3.78800    0.165750E-07
   3.79000    0.164286E-07
   3.79200    0.163346E-07
   3.79400    0.163018E-07
   3.79600    0.163338E-07
   3.79800    0.164289E-07
   3.80000    0.165800E-07
   3.80200    0.167750E-07
   3.80400    0.169984E-07
   3.80600    0.172322E-07
   3.80800    0.174577E-07
   3.81000    0.176568E-07
   3.81200    0.178137E-07
   3.81400    0.179153E-07
   3.81600    0.179526E-07
   3.81800    0.179202E-07
   3.82000    0.178164E-07
   3.82200    0.176427E-07
   3.82400    0.174036E-07
   3.82600    0.171058E-07
   3.82800    0.167580E-07
   3.83000    0.163703E-07
   3.83200    0.159547E-07
   3.83400    0.155242E-07
   3.83600    0.150930E-07
   3.83800    0.146757E-07
   3.84000    0.142868E-07
   3.84200    0.139399E-07
   3.84400    0.136465E-07
   3.84600    0.134151E-07
   3.84800    0.132505E-07
   3.85000    0.131530E-07
   3.85200    0.131190E-07
   3.85400    0.131406E-07
   3.85600    0.132071E-07
   3.85800    0.133055E-07
   3.86000    0.134224E-07
   3.86200    0.135447E-07
   3.86400    0.136614E-07
   3.86600    0.137639E-07
   3.86800    0.138473E-07
   3.87000    0.139104E-07
   3.87200    0.139554E-07
   3.87400    0.139882E-07
   3.87600    0.140174E-07
   3.87800    0.140532E-07
   3.88000    0.141068E-07
   3.88200    0.141894E-07
   3.88400    0.143105E-07
   3.88600    0.144779E-07
   3.88800    0.146963E-07
   3.89000    0.149673E-07
   3.89200    0.152890E-07
   3.89400    0.156563E-07
   3.89600    0.160610E-07
   3.89800    0.164925E-07
   3.90000    0.169384E-07
   3.90200    0.173851E-07
   3.90400    0.178187E-07
   3.90600    0.182257E-07
   3.90800    0.185936E-07
   3.91000    0.189116E-07
   3.91200    0.191707E-07
   3.91400    0.193647E-07
   3.91600    0.194894E-07
   3.91800    0.195435E-07
   3.92000    0.195277E-07
   3.92200    0.194447E-07
   3.92400    0.192991E-07
   3.92600    0.190963E-07
   3.92800    0.188426E-07
   3.93000    0.185449E-07
   3.93200    0.182100E-07
   3.93400    0.178451E-07
   3.93600    0.174571E-07
   3.93800    0.170531E-07
   3.94000    0.166400E-07
   3.94200    0.162248E-07
   3.94400    0.158138E-07
   3.94600    0.154129E-07
   3.94800    0.150264E-07
   3.95000    0.146572E-07
   3.95200    0.143058E-07
   3.95400    0.139701E-07
   3.95600    0.136456E-07
   3.95800    0.133260E-07
   3.96000    0.130036E-07
   3.96200    0.126703E-07
   3.96400    0.123196E-07
   3.96600    0.119466E-07
   3.96800    0.115499E-07
   3.97000    0.111310E-07
   3.97200    0.106945E-07
   3.97400    0.102471E-07
   3.97600    0.979652E-08
   3.97800    0.934980E-08
   3.98000    0.891215E-08
   3.98200    0.848596E-08
   3.98400    0.807037E-08
   3.98600    0.766152E-08
   3.98800    0.725337E-08
   3.99000    0.683888E-08
   3.99200    0.641145E-08
   3.99400    0.596623E-08
   3.99600    0.550112E-08
   3.99800    0.501735E-08
   4.00000    0.451948E-08
