   0.00000    0.000000E+00
   0.00200    0.000000E+00
   0.00400    0.000000E+00
   0.00600    0.000000E+00
   0.00800    0.000000E+00
   0.01000    0.000000E+00
   0.01200    0.000000E+00
   0.01400    0.000000E+00
   0.01600    0.000000E+00
   0.01800    0.000000E+00
   0.02000    0.000000E+00
   0.02200    0.000000E+00
   0.02400    0.000000E+00
   0.02600   -0.749296E-11
   0.02800   -0.224276E-10
   0.03000   -0.486979E-10
   0.03200   -0.979846E-10
   0.03400   -0.191191E-09
   0.03600   -0.363323E-09
   0.03800   -0.673260E-09
   0.04000   -0.121718E-08
   0.04200   -0.214759E-08
   0.04400   -0.369847E-08
   0.04600   -0.621680E-08
   0.04800   -0.101997E-07
   0.05000   -0.163340E-07
   0.05200   -0.255317E-07
   0.05400   -0.389549E-07
   0.05600   -0.580163E-07
   0.05800   -0.843442E-07
   0.06000   -0.119698E-06
   0.06200   -0.165828E-06
   0.06400   -0.224273E-06
   0.06600   -0.296117E-06
   0.06800   -0.381706E-06
   0.07000   -0.480387E-06
   0.07200   -0.590297E-06
   0.07400   -0.708252E-06
   0.07600   -0.829790E-06
   0.07800   -0.949379E-06
   0.08000   -0.106080E-05
   0.08200   -0.115768E-05
   0.08400   -0.123409E-05
   0.08600   -0.128517E-05
   0.08800   -0.130763E-05
   0.09000   -0.130014E-05
   0.09200   -0.126346E-05
   0.09400   -0.120030E-05
   0.09600   -0.111504E-05
   0.09800   -0.101322E-05
   0.10000   -0.900928E-06
   0.10200   -0.784248E-06
   0.10400   -0.668715E-06
   0.10600   -0.558942E-06
   0.10800   -0.458387E-06
   0.11000   -0.369290E-06
   0.11200   -0.292736E-06
   0.11400   -0.228827E-06
   0.11600   -0.176904E-06
   0.11800   -0.135780E-06
   0.12000   -0.103962E-06
   0.12200   -0.798363E-07
   0.12400   -0.618068E-07
   0.12600   -0.483908E-07
   0.12800   -0.382774E-07
   0.13000   -0.303551E-07
   0.13200   -0.237201E-07
   0.13400   -0.176699E-07
   0.13600   -0.116898E-07
   0.13800   -0.543499E-08
   0.14000    0.129037E-08
   0.14200    0.855448E-08
   0.14400    0.163208E-07
   0.14600    0.244710E-07
   0.14800    0.328326E-07
   0.15000    0.411887E-07
   0.15200    0.493153E-07
   0.15400    0.569986E-07
   0.15600    0.640480E-07
   0.15800    0.703092E-07
   0.16000    0.756739E-07
   0.16200    0.800836E-07
   0.16400    0.835283E-07
   0.16600    0.860423E-07
   0.16800    0.876952E-07
   0.17000    0.885839E-07
   0.17200    0.888215E-07
   0.17400    0.885283E-07
   0.17600    0.878236E-07
   0.17800    0.868190E-07
   0.18000    0.856143E-07
   0.18200    0.842952E-07
   0.18400    0.829332E-07
   0.18600    0.815873E-07
   0.18800    0.803062E-07
   0.19000    0.791311E-07
   0.19200    0.780985E-07
   0.19400    0.772417E-07
   0.19600    0.765915E-07
   0.19800    0.761757E-07
   0.20000    0.760174E-07
   0.20200    0.761321E-07
   0.20400    0.765248E-07
   0.20600    0.771868E-07
   0.20800    0.780933E-07
   0.21000    0.792019E-07
   0.21200    0.804523E-07
   0.21400    0.817688E-07
   0.21600    0.830633E-07
   0.21800    0.842411E-07
   0.22000    0.852075E-07
   0.22200    0.858755E-07
   0.22400    0.861729E-07
   0.22600    0.860492E-07
   0.22800    0.854808E-07
   0.23000    0.844733E-07
   0.23200    0.830618E-07
   0.23400    0.813084E-07
   0.23600    0.792982E-07
   0.23800    0.771322E-07
   0.24000    0.749207E-07
   0.24200    0.727761E-07
   0.24400    0.708062E-07
   0.24600    0.691078E-07
   0.24800    0.677623E-07
   0.25000    0.668313E-07
   0.25200    0.663536E-07
   0.25400    0.663426E-07
   0.25600    0.667848E-07
   0.25800    0.676385E-07
   0.26000    0.688349E-07
   0.26200    0.702797E-07
   0.26400    0.718580E-07
   0.26600    0.734405E-07
   0.26800    0.748921E-07
   0.27000    0.760824E-07
   0.27200    0.768965E-07
   0.27400    0.772460E-07
   0.27600    0.770770E-07
   0.27800    0.763769E-07
   0.28000    0.751764E-07
   0.28200    0.735483E-07
   0.28400    0.716015E-07
   0.28600    0.694729E-07
   0.28800    0.673162E-07
   0.29000    0.652893E-07
   0.29200    0.635424E-07
   0.29400    0.622060E-07
   0.29600    0.613809E-07
   0.29800    0.611302E-07
   0.30000    0.614739E-07
   0.30200    0.623866E-07
   0.30400    0.637982E-07
   0.30600    0.655986E-07
   0.30800    0.676451E-07
   0.31000    0.697733E-07
   0.31200    0.718104E-07
   0.31400    0.735900E-07
   0.31600    0.749662E-07
   0.31800    0.758265E-07
   0.32000    0.761019E-07
   0.32200    0.757721E-07
   0.32400    0.748662E-07
   0.32600    0.734595E-07
   0.32800    0.716649E-07
   0.33000    0.696230E-07
   0.33200    0.674899E-07
   0.33400    0.654248E-07
   0.33600    0.635786E-07
   0.33800    0.620840E-07
   0.34000    0.610468E-07
   0.34200    0.605402E-07
   0.34400    0.605995E-07
   0.34600    0.612198E-07
   0.34800    0.623554E-07
   0.35000    0.639220E-07
   0.35200    0.658014E-07
   0.35400    0.678494E-07
   0.35600    0.699062E-07
   0.35800    0.718089E-07
   0.36000    0.734051E-07
   0.36200    0.745658E-07
   0.36400    0.751968E-07
   0.36600    0.752468E-07
   0.36800    0.747119E-07
   0.37000    0.736354E-07
   0.37200    0.721041E-07
   0.37400    0.702410E-07
   0.37600    0.681955E-07
   0.37800    0.661319E-07
   0.38000    0.642176E-07
   0.38200    0.626102E-07
   0.38400    0.614463E-07
   0.38600    0.608302E-07
   0.38800    0.608248E-07
   0.39000    0.614450E-07
   0.39200    0.626537E-07
   0.39400    0.643628E-07
   0.39600    0.664378E-07
   0.39800    0.687077E-07
   0.40000    0.709791E-07
   0.40200    0.730538E-07
   0.40400    0.747472E-07
   0.40600    0.759063E-07
   0.40800    0.764252E-07
   0.41000    0.762551E-07
   0.41200    0.754090E-07
   0.41400    0.739596E-07
   0.41600    0.720319E-07
   0.41800    0.697902E-07
   0.42000    0.674229E-07
   0.42200    0.651257E-07
   0.42400    0.630852E-07
   0.42600    0.614633E-07
   0.42800    0.603858E-07
   0.43000    0.599326E-07
   0.43200    0.601325E-07
   0.43400    0.609612E-07
   0.43600    0.623434E-07
   0.43800    0.641589E-07
   0.44000    0.662524E-07
   0.44200    0.684458E-07
   0.44400    0.705540E-07
   0.44600    0.723998E-07
   0.44800    0.738297E-07
   0.45000    0.747265E-07
   0.45200    0.750188E-07
   0.45400    0.746858E-07
   0.45600    0.737580E-07
   0.45800    0.723127E-07
   0.46000    0.704672E-07
   0.46200    0.683683E-07
   0.46400    0.661806E-07
   0.46600    0.640748E-07
   0.46800    0.622148E-07
   0.47000    0.607462E-07
   0.47200    0.597852E-07
   0.47400    0.594088E-07
   0.47600    0.596472E-07
   0.47800    0.604796E-07
   0.48000    0.618331E-07
   0.48200    0.635862E-07
   0.48400    0.655779E-07
   0.48600    0.676206E-07
   0.48800    0.695168E-07
   0.49000    0.710782E-07
   0.49200    0.721437E-07
   0.49400    0.725958E-07
   0.49600    0.723725E-07
   0.49800    0.714731E-07
   0.50000    0.699582E-07
   0.50200    0.679434E-07
   0.50400    0.655881E-07
   0.50600    0.630804E-07
   0.50800    0.606198E-07
   0.51000    0.584001E-07
   0.51200    0.565932E-07
   0.51400    0.553339E-07
   0.51600    0.547099E-07
   0.51800    0.547538E-07
   0.52000    0.554409E-07
   0.52200    0.566903E-07
   0.52400    0.583721E-07
   0.52600    0.603176E-07
   0.52800    0.623343E-07
   0.53000    0.642229E-07
   0.53200    0.657948E-07
   0.53400    0.668897E-07
   0.53600    0.673898E-07
   0.53800    0.672299E-07
   0.54000    0.664030E-07
   0.54200    0.649599E-07
   0.54400    0.630035E-07
   0.54600    0.606795E-07
   0.54800    0.581630E-07
   0.55000    0.556433E-07
   0.55200    0.533080E-07
   0.55400    0.513280E-07
   0.55600    0.498425E-07
   0.55800    0.489475E-07
   0.56000    0.486875E-07
   0.56200    0.490489E-07
   0.56400    0.499614E-07
   0.56600    0.513020E-07
   0.56800    0.529030E-07
   0.57000    0.545690E-07
   0.57200    0.560918E-07
   0.57400    0.572642E-07
   0.57600    0.579088E-07
   0.57800    0.578827E-07
   0.58000    0.570950E-07
   0.58200    0.555088E-07
   0.58400    0.531420E-07
   0.58600    0.500586E-07
   0.58800    0.463589E-07
   0.59000    0.421637E-07
   0.59200    0.376001E-07
   0.59400    0.327874E-07
   0.59600    0.278263E-07
   0.59800    0.227951E-07
   0.60000    0.177477E-07
   0.60200    0.127209E-07
   0.60400    0.774329E-08
   0.60600    0.284653E-08
   0.60800   -0.192408E-08
   0.61000   -0.650441E-08
   0.61200   -0.108108E-07
   0.61400   -0.147502E-07
   0.61600   -0.182357E-07
   0.61800   -0.212074E-07
   0.62000   -0.236536E-07
   0.62200   -0.256255E-07
   0.62400   -0.272416E-07
   0.62600   -0.286764E-07
   0.62800   -0.301349E-07
   0.63000   -0.318146E-07
   0.63200   -0.338626E-07
   0.63400   -0.363367E-07
   0.63600   -0.391801E-07
   0.63800   -0.422149E-07
   0.64000   -0.451594E-07
   0.64200   -0.476658E-07
   0.64400   -0.493726E-07
   0.64600   -0.499611E-07
   0.64800   -0.492070E-07
   0.65000   -0.470159E-07
   0.65200   -0.434386E-07
   0.65400   -0.386630E-07
   0.65600   -0.329872E-07
   0.65800   -0.267778E-07
   0.66000   -0.204226E-07
   0.66200   -0.142851E-07
   0.66400   -0.866723E-08
   0.66600   -0.378413E-08
   0.66800    0.246565E-09
   0.67000    0.340289E-08
   0.67200    0.574596E-08
   0.67400    0.739976E-08
   0.67600    0.852795E-08
   0.67800    0.930976E-08
   0.68000    0.991833E-08
   0.68200    0.105024E-07
   0.68400    0.111752E-07
   0.68600    0.120054E-07
   0.68800    0.130157E-07
   0.69000    0.141872E-07
   0.69200    0.154632E-07
   0.69400    0.167623E-07
   0.69600    0.179911E-07
   0.69800    0.190483E-07
   0.70000    0.198478E-07
   0.70200    0.203210E-07
   0.70400    0.204303E-07
   0.70600    0.201721E-07
   0.70800    0.195809E-07
   0.71000    0.187252E-07
   0.71200    0.177039E-07
   0.71400    0.166355E-07
   0.71600    0.156465E-07
   0.71800    0.148586E-07
   0.72000    0.143729E-07
   0.72200    0.142603E-07
   0.72400    0.145506E-07
   0.72600    0.152292E-07
   0.72800    0.162374E-07
   0.73000    0.174793E-07
   0.73200    0.188322E-07
   0.73400    0.201595E-07
   0.73600    0.213282E-07
   0.73800    0.222214E-07
   0.74000    0.227518E-07
   0.74200    0.228694E-07
   0.74400    0.225651E-07
   0.74600    0.218696E-07
   0.74800    0.208480E-07
   0.75000    0.195913E-07
   0.75200    0.182066E-07
   0.75400    0.168062E-07
   0.75600    0.154982E-07
   0.75800    0.143774E-07
   0.76000    0.135193E-07
   0.76200    0.129749E-07
   0.76400    0.127673E-07
   0.76600    0.128910E-07
   0.76800    0.133124E-07
   0.77000    0.139724E-07
   0.77200    0.147911E-07
   0.77400    0.156746E-07
   0.77600    0.165233E-07
   0.77800    0.172410E-07
   0.78000    0.177444E-07
   0.78200    0.179717E-07
   0.78400    0.178894E-07
   0.78600    0.174959E-07
   0.78800    0.168229E-07
   0.79000    0.159321E-07
   0.79200    0.149097E-07
   0.79400    0.138579E-07
   0.79600    0.128840E-07
   0.79800    0.120894E-07
   0.80000    0.115581E-07
   0.80200    0.113469E-07
   0.80400    0.114781E-07
   0.80600    0.119360E-07
   0.80800    0.126661E-07
   0.81000    0.135809E-07
   0.81200    0.145675E-07
   0.81400    0.154999E-07
   0.81600    0.162524E-07
   0.81800    0.167143E-07
   0.82000    0.168022E-07
   0.82200    0.164700E-07
   0.82400    0.157154E-07
   0.82600    0.145804E-07
   0.82800    0.131480E-07
   0.83000    0.115336E-07
   0.83200    0.987393E-08
   0.83400    0.831230E-08
   0.83600    0.698409E-08
   0.83800    0.600280E-08
   0.84000    0.544813E-08
   0.84200    0.535768E-08
   0.84400    0.572289E-08
   0.84600    0.649004E-08
   0.84800    0.756606E-08
   0.85000    0.882838E-08
   0.85200    0.101380E-07
   0.85400    0.113542E-07
   0.85600    0.123490E-07
   0.85800    0.130200E-07
   0.86000    0.132998E-07
   0.86200    0.131617E-07
   0.86400    0.126202E-07
   0.86600    0.117279E-07
   0.86800    0.105674E-07
   0.87000    0.924202E-08
   0.87200    0.786387E-08
   0.87400    0.654214E-08
   0.87600    0.537235E-08
   0.87800    0.442743E-08
   0.88000    0.375154E-08
   0.88200    0.335694E-08
   0.88400    0.322430E-08
   0.88600    0.330635E-08
   0.88800    0.353438E-08
   0.89000    0.382695E-08
   0.89200    0.409974E-08
   0.89400    0.427567E-08
   0.89600    0.429388E-08
   0.89800    0.411675E-08
   0.90000    0.373404E-08
   0.90200    0.316372E-08
   0.90400    0.244945E-08
   0.90600    0.165525E-08
   0.90800    0.857463E-09
   0.91000    0.135553E-09
   0.91200   -0.437606E-09
   0.91400   -0.804797E-09
   0.91600   -0.931902E-09
   0.91800   -0.812745E-09
   0.92000   -0.470875E-09
   0.92200    0.420862E-10
   0.92400    0.651457E-09
   0.92600    0.126734E-08
   0.92800    0.179445E-08
   0.93000    0.214271E-08
   0.93200    0.223753E-08
   0.93400    0.202834E-08
   0.93600    0.149457E-08
   0.93800    0.648268E-09
   0.94000   -0.466806E-09
   0.94200   -0.177944E-08
   0.94400   -0.319831E-08
   0.94600   -0.462126E-08
   0.94800   -0.594573E-08
   0.95000   -0.707929E-08
   0.95200   -0.794924E-08
   0.95400   -0.851023E-08
   0.95600   -0.874882E-08
   0.95800   -0.868481E-08
   0.96000   -0.836895E-08
   0.96200   -0.787656E-08
   0.96400   -0.729856E-08
   0.96600   -0.673045E-08
   0.96800   -0.626070E-08
   0.97000   -0.595998E-08
   0.97200   -0.587284E-08
   0.97400   -0.601271E-08
   0.97600   -0.636102E-08
   0.97800   -0.687049E-08
   0.98000   -0.747212E-08
   0.98200   -0.808493E-08
   0.98400   -0.862721E-08
   0.98600   -0.902783E-08
   0.98800   -0.923626E-08
   0.99000   -0.923007E-08
   0.99200   -0.901882E-08
   0.99400   -0.864395E-08
   0.99600   -0.817449E-08
   0.99800   -0.769899E-08
   1.00000   -0.731454E-08
   1.00200   -0.711421E-08
   1.00400   -0.717460E-08
   1.00600   -0.754489E-08
   1.00800   -0.823919E-08
   1.01000   -0.923302E-08
   1.01200   -0.104646E-07
   1.01400   -0.118409E-07
   1.01600   -0.132475E-07
   1.01800   -0.145615E-07
   1.02000   -0.156655E-07
   1.02200   -0.164606E-07
   1.02400   -0.168780E-07
   1.02600   -0.168870E-07
   1.02800   -0.164983E-07
   1.03000   -0.157629E-07
   1.03200   -0.147664E-07
   1.03400   -0.136197E-07
   1.03600   -0.124466E-07
   1.03800   -0.113705E-07
   1.04000   -0.105011E-07
   1.04200   -0.992326E-08
   1.04400   -0.968900E-08
   1.04600   -0.981293E-08
   1.04800   -0.102725E-07
   1.05000   -0.110122E-07
   1.05200   -0.119511E-07
   1.05400   -0.129930E-07
   1.05600   -0.140380E-07
   1.05800   -0.149934E-07
   1.06000   -0.157842E-07
   1.06200   -0.163603E-07
   1.06400   -0.167018E-07
   1.06600   -0.168195E-07
   1.06800   -0.167526E-07
   1.07000   -0.165622E-07
   1.07200   -0.163235E-07
   1.07400   -0.161144E-07
   1.07600   -0.160058E-07
   1.07800   -0.160514E-07
   1.08000   -0.162810E-07
   1.08200   -0.166963E-07
   1.08400   -0.172710E-07
   1.08600   -0.179548E-07
   1.08800   -0.186811E-07
   1.09000   -0.193761E-07
   1.09200   -0.199701E-07
   1.09400   -0.204074E-07
   1.09600   -0.206552E-07
   1.09800   -0.207080E-07
   1.10000   -0.205899E-07
   1.10200   -0.203508E-07
   1.10400   -0.200606E-07
   1.10600   -0.197992E-07
   1.10800   -0.196457E-07
   1.11000   -0.196670E-07
   1.11200   -0.199081E-07
   1.11400   -0.203850E-07
   1.11600   -0.210817E-07
   1.11800   -0.219515E-07
   1.12000   -0.229217E-07
   1.12200   -0.239028E-07
   1.12400   -0.247992E-07
   1.12600   -0.255213E-07
   1.12800   -0.259968E-07
   1.13000   -0.261800E-07
   1.13200   -0.260575E-07
   1.13400   -0.256506E-07
   1.13600   -0.250120E-07
   1.13800   -0.242197E-07
   1.14000   -0.233672E-07
   1.14200   -0.225515E-07
   1.14400   -0.218611E-07
   1.14600   -0.213649E-07
   1.14800   -0.211048E-07
   1.15000   -0.210907E-07
   1.15200   -0.213015E-07
   1.15400   -0.216889E-07
   1.15600   -0.221856E-07
   1.15800   -0.227160E-07
   1.16000   -0.232069E-07
   1.16200   -0.235983E-07
   1.16400   -0.238514E-07
   1.16600   -0.239531E-07
   1.16800   -0.239173E-07
   1.17000   -0.237809E-07
   1.17200   -0.235976E-07
   1.17400   -0.234290E-07
   1.17600   -0.233341E-07
   1.17800   -0.233605E-07
   1.18000   -0.235365E-07
   1.18200   -0.238667E-07
   1.18400   -0.243312E-07
   1.18600   -0.248886E-07
   1.18800   -0.254814E-07
   1.19000   -0.260450E-07
   1.19200   -0.265165E-07
   1.19400   -0.268441E-07
   1.19600   -0.269948E-07
   1.19800   -0.269595E-07
   1.20000   -0.267548E-07
   1.20200   -0.264212E-07
   1.20400   -0.260185E-07
   1.20600   -0.256178E-07
   1.20800   -0.252924E-07
   1.21000   -0.251077E-07
   1.21200   -0.251131E-07
   1.21400   -0.253348E-07
   1.21600   -0.257728E-07
   1.21800   -0.264010E-07
   1.22000   -0.271707E-07
   1.22200   -0.280179E-07
   1.22400   -0.288718E-07
   1.22600   -0.296643E-07
   1.22800   -0.303392E-07
   1.23000   -0.308588E-07
   1.23200   -0.312080E-07
   1.23400   -0.313949E-07
   1.23600   -0.314474E-07
   1.23800   -0.314077E-07
   1.24000   -0.313237E-07
   1.24200   -0.312405E-07
   1.24400   -0.311927E-07
   1.24600   -0.311976E-07
   1.24800   -0.312529E-07
   1.25000   -0.313362E-07
   1.25200   -0.314093E-07
   1.25400   -0.314247E-07
   1.25600   -0.313337E-07
   1.25800   -0.310959E-07
   1.26000   -0.306864E-07
   1.26200   -0.301023E-07
   1.26400   -0.293644E-07
   1.26600   -0.285170E-07
   1.26800   -0.276223E-07
   1.27000   -0.267531E-07
   1.27200   -0.259831E-07
   1.27400   -0.253770E-07
   1.27600   -0.249815E-07
   1.27800   -0.248196E-07
   1.28000   -0.248874E-07
   1.28200   -0.251557E-07
   1.28400   -0.255751E-07
   1.28600   -0.260840E-07
   1.28800   -0.266184E-07
   1.29000   -0.271216E-07
   1.29200   -0.275524E-07
   1.29400   -0.278900E-07
   1.29600   -0.281363E-07
   1.29800   -0.283129E-07
   1.30000   -0.284559E-07
   1.30200   -0.286075E-07
   1.30400   -0.288072E-07
   1.30600   -0.290837E-07
   1.30800   -0.294484E-07
   1.31000   -0.298927E-07
   1.31200   -0.303884E-07
   1.31400   -0.308917E-07
   1.31600   -0.313506E-07
   1.31800   -0.317128E-07
   1.32000   -0.319346E-07
   1.32200   -0.319878E-07
   1.32400   -0.318649E-07
   1.32600   -0.315803E-07
   1.32800   -0.311679E-07
   1.33000   -0.306761E-07
   1.33200   -0.301596E-07
   1.33400   -0.296713E-07
   1.33600   -0.292534E-07
   1.33800   -0.289313E-07
   1.34000   -0.287103E-07
   1.34200   -0.285757E-07
   1.34400   -0.284963E-07
   1.34600   -0.284320E-07
   1.34800   -0.283418E-07
   1.35000   -0.281932E-07
   1.35200   -0.279698E-07
   1.35400   -0.276759E-07
   1.35600   -0.273378E-07
   1.35800   -0.270008E-07
   1.36000   -0.267223E-07
   1.36200   -0.265622E-07
   1.36400   -0.265726E-07
   1.36600   -0.267877E-07
   1.36800   -0.272162E-07
   1.37000   -0.278381E-07
   1.37200   -0.286051E-07
   1.37400   -0.294468E-07
   1.37600   -0.302796E-07
   1.37800   -0.310179E-07
   1.38000   -0.315868E-07
   1.38200   -0.319315E-07
   1.38400   -0.320248E-07
   1.38600   -0.318698E-07
   1.38800   -0.314978E-07
   1.39000   -0.309622E-07
   1.39200   -0.303294E-07
   1.39400   -0.296685E-07
   1.39600   -0.290411E-07
   1.39800   -0.284937E-07
   1.40000   -0.280535E-07
   1.40200   -0.277278E-07
   1.40400   -0.275076E-07
   1.40600   -0.273732E-07
   1.40800   -0.273021E-07
   1.41000   -0.272755E-07
   1.41200   -0.272844E-07
   1.41400   -0.273313E-07
   1.41600   -0.274298E-07
   1.41800   -0.276004E-07
   1.42000   -0.278640E-07
   1.42200   -0.282353E-07
   1.42400   -0.287158E-07
   1.42600   -0.292904E-07
   1.42800   -0.299256E-07
   1.43000   -0.305729E-07
   1.43200   -0.311740E-07
   1.43400   -0.316698E-07
   1.43600   -0.320082E-07
   1.43800   -0.321532E-07
   1.44000   -0.320902E-07
   1.44200   -0.318283E-07
   1.44400   -0.313995E-07
   1.44600   -0.308536E-07
   1.44800   -0.302510E-07
   1.45000   -0.296541E-07
   1.45200   -0.291197E-07
   1.45400   -0.286918E-07
   1.45600   -0.283980E-07
   1.45800   -0.282485E-07
   1.46000   -0.282378E-07
   1.46200   -0.283483E-07
   1.46400   -0.285556E-07
   1.46600   -0.288325E-07
   1.46800   -0.291535E-07
   1.47000   -0.294962E-07
   1.47200   -0.298416E-07
   1.47400   -0.301732E-07
   1.47600   -0.304745E-07
   1.47800   -0.307271E-07
   1.48000   -0.309096E-07
   1.48200   -0.309983E-07
   1.48400   -0.309687E-07
   1.48600   -0.307998E-07
   1.48800   -0.304786E-07
   1.49000   -0.300047E-07
   1.49200   -0.293935E-07
   1.49400   -0.286777E-07
   1.49600   -0.279061E-07
   1.49800   -0.271395E-07
   1.50000   -0.264436E-07
   1.50200   -0.258817E-07
   1.50400   -0.255060E-07
   1.50600   -0.253507E-07
   1.50800   -0.254272E-07
   1.51000   -0.257228E-07
   1.51200   -0.262022E-07
   1.51400   -0.268125E-07
   1.51600   -0.274909E-07
   1.51800   -0.281720E-07
   1.52000   -0.287963E-07
   1.52200   -0.293155E-07
   1.52400   -0.296969E-07
   1.52600   -0.299242E-07
   1.52800   -0.299958E-07
   1.53000   -0.299222E-07
   1.53200   -0.297217E-07
   1.53400   -0.294167E-07
   1.53600   -0.290304E-07
   1.53800   -0.285853E-07
   1.54000   -0.281026E-07
   1.54200   -0.276022E-07
   1.54400   -0.271035E-07
   1.54600   -0.266255E-07
   1.54800   -0.261861E-07
   1.55000   -0.258013E-07
   1.55200   -0.254823E-07
   1.55400   -0.252338E-07
   1.55600   -0.250523E-07
   1.55800   -0.249252E-07
   1.56000   -0.248319E-07
   1.56200   -0.247464E-07
   1.56400   -0.246413E-07
   1.56600   -0.244922E-07
   1.56800   -0.242820E-07
   1.57000   -0.240043E-07
   1.57200   -0.236648E-07
   1.57400   -0.232799E-07
   1.57600   -0.228745E-07
   1.57800   -0.224768E-07
   1.58000   -0.221133E-07
   1.58200   -0.218039E-07
   1.58400   -0.215585E-07
   1.58600   -0.213753E-07
   1.58800   -0.212420E-07
   1.59000   -0.211386E-07
   1.59200   -0.210423E-07
   1.59400   -0.209322E-07
   1.59600   -0.207942E-07
   1.59800   -0.206241E-07
   1.60000   -0.204288E-07
   1.60200   -0.202252E-07
   1.60400   -0.200373E-07
   1.60600   -0.198922E-07
   1.60800   -0.198156E-07
   1.61000   -0.198273E-07
   1.61200   -0.199387E-07
   1.61400   -0.201510E-07
   1.61600   -0.204552E-07
   1.61800   -0.208339E-07
   1.62000   -0.212635E-07
   1.62200   -0.217170E-07
   1.62400   -0.221669E-07
   1.62600   -0.225874E-07
   1.62800   -0.229565E-07
   1.63000   -0.232571E-07
   1.63200   -0.234778E-07
   1.63400   -0.236138E-07
   1.63600   -0.236667E-07
   1.63800   -0.236448E-07
   1.64000   -0.235621E-07
   1.64200   -0.234373E-07
   1.64400   -0.232918E-07
   1.64600   -0.231472E-07
   1.64800   -0.230228E-07
   1.65000   -0.229323E-07
   1.65200   -0.228821E-07
   1.65400   -0.228705E-07
   1.65600   -0.228880E-07
   1.65800   -0.229191E-07
   1.66000   -0.229458E-07
   1.66200   -0.229505E-07
   1.66400   -0.229199E-07
   1.66600   -0.228471E-07
   1.66800   -0.227324E-07
   1.67000   -0.225828E-07
   1.67200   -0.224099E-07
   1.67400   -0.222267E-07
   1.67600   -0.220447E-07
   1.67800   -0.218714E-07
   1.68000   -0.217094E-07
   1.68200   -0.215561E-07
   1.68400   -0.214059E-07
   1.68600   -0.212525E-07
   1.68800   -0.210915E-07
   1.69000   -0.209224E-07
   1.69200   -0.207493E-07
   1.69400   -0.205810E-07
   1.69600   -0.204287E-07
   1.69800   -0.203034E-07
   1.70000   -0.202136E-07
   1.70200   -0.201624E-07
   1.70400   -0.201464E-07
   1.70600   -0.201556E-07
   1.70800   -0.201747E-07
   1.71000   -0.201850E-07
   1.71200   -0.201675E-07
   1.71400   -0.201051E-07
   1.71600   -0.199854E-07
   1.71800   -0.198017E-07
   1.72000   -0.195541E-07
   1.72200   -0.192490E-07
   1.72400   -0.188987E-07
   1.72600   -0.185195E-07
   1.72800   -0.181309E-07
   1.73000   -0.177531E-07
   1.73200   -0.174058E-07
   1.73400   -0.171064E-07
   1.73600   -0.168679E-07
   1.73800   -0.166979E-07
   1.74000   -0.165976E-07
   1.74200   -0.165608E-07
   1.74400   -0.165751E-07
   1.74600   -0.166216E-07
   1.74800   -0.166775E-07
   1.75000   -0.167176E-07
   1.75200   -0.167165E-07
   1.75400   -0.166513E-07
   1.75600   -0.165028E-07
   1.75800   -0.162580E-07
   1.76000   -0.159105E-07
   1.76200   -0.154612E-07
   1.76400   -0.149183E-07
   1.76600   -0.142966E-07
   1.76800   -0.136167E-07
   1.77000   -0.129032E-07
   1.77200   -0.121826E-07
   1.77400   -0.114814E-07
   1.77600   -0.108233E-07
   1.77800   -0.102269E-07
   1.78000   -0.970397E-08
   1.78200   -0.925807E-08
   1.78400   -0.888435E-08
   1.78600   -0.857026E-08
   1.78800   -0.829722E-08
   1.79000   -0.804293E-08
   1.79200   -0.778409E-08
   1.79400   -0.749894E-08
   1.79600   -0.716962E-08
   1.79800   -0.678361E-08
   1.80000   -0.633458E-08
   1.80200   -0.582239E-08
   1.80400   -0.525241E-08
   1.80600   -0.463436E-08
   1.80800   -0.398074E-08
   1.81000   -0.330518E-08
   1.81200   -0.262079E-08
   1.81400   -0.193858E-08
   1.81600   -0.126622E-08
   1.81800   -0.607197E-09
   1.82000    0.395305E-10
   1.82200    0.679353E-09
   1.82400    0.132127E-08
   1.82600    0.197665E-08
   1.82800    0.265773E-08
   1.83000    0.337603E-08
   1.83200    0.414093E-08
   1.83400    0.495869E-08
   1.83600    0.583185E-08
   1.83800    0.675944E-08
   1.84000    0.773753E-08
   1.84200    0.876037E-08
   1.84400    0.982155E-08
   1.84600    0.109153E-07
   1.84800    0.120373E-07
   1.85000    0.131855E-07
   1.85200    0.143602E-07
   1.85400    0.155637E-07
   1.85600    0.167999E-07
   1.85800    0.180729E-07
   1.86000    0.193870E-07
   1.86200    0.207454E-07
   1.86400    0.221500E-07
   1.86600    0.236017E-07
   1.86800    0.251000E-07
   1.87000    0.266454E-07
   1.87200    0.282386E-07
   1.87400    0.298828E-07
   1.87600    0.315840E-07
   1.87800    0.333520E-07
   1.88000    0.352007E-07
   1.88200    0.371480E-07
   1.88400    0.392159E-07
   1.88600    0.414288E-07
   1.88800    0.438134E-07
   1.89000    0.463967E-07
   1.89200    0.492043E-07
   1.89400    0.522592E-07
   1.89600    0.555751E-07
   1.89800    0.591580E-07
   1.90000    0.630050E-07
   1.90200    0.670976E-07
   1.90400    0.714050E-07
   1.90600    0.758839E-07
   1.90800    0.804827E-07
   1.91000    0.851471E-07
   1.91200    0.898274E-07
   1.91400    0.944863E-07
   1.91600    0.991043E-07
   1.91800    0.103682E-06
   1.92000    0.108235E-06
   1.92200    0.112783E-06
   1.92400    0.117327E-06
   1.92600    0.121819E-06
   1.92800    0.126134E-06
   1.93000    0.130030E-06
   1.93200    0.133131E-06
   1.93400    0.134915E-06
   1.93600    0.134733E-06
   1.93800    0.131846E-06
   1.94000    0.125499E-06
   1.94200    0.115011E-06
   1.94400    0.998773E-07
   1.94600    0.798674E-07
   1.94800    0.551053E-07
   1.95000    0.261105E-07
   1.95200   -0.620628E-08
   1.95400   -0.405992E-07
   1.95600   -0.755895E-07
   1.95800   -0.109601E-06
   1.96000   -0.141111E-06
   1.96200   -0.168790E-06
   1.96400   -0.191620E-06
   1.96600   -0.208964E-06
   1.96800   -0.220590E-06
   1.97000   -0.226648E-06
   1.97200   -0.227608E-06
   1.97400   -0.224172E-06
   1.97600   -0.217176E-06
   1.97800   -0.207505E-06
   1.98000   -0.196014E-06
   1.98200   -0.183474E-06
   1.98400   -0.170541E-06
   1.98600   -0.157740E-06
   1.98800   -0.145470E-06
   1.99000   -0.134007E-06
   1.99200   -0.123525E-06
   1.99400   -0.114102E-06
   1.99600   -0.105737E-06
   1.99800   -0.983635E-07
   2.00000   -0.918562E-07
   2.00200   -0.860475E-07
   2.00400   -0.807393E-07
   2.00600   -0.757199E-07
   2.00800   -0.707818E-07
   2.01000   -0.657422E-07
   2.01200   -0.604625E-07
   2.01400   -0.548653E-07
   2.01600   -0.489482E-07
   2.01800   -0.427854E-07
   2.02000   -0.365291E-07
   2.02200   -0.303946E-07
   2.02400   -0.246342E-07
   2.02600   -0.195127E-07
   2.02800   -0.152736E-07
   2.03000   -0.121106E-07
   2.03200   -0.101429E-07
   2.03400   -0.940192E-08
   2.03600   -0.982916E-08
   2.03800   -0.112856E-07
   2.04000   -0.135710E-07
   2.04200   -0.164491E-07
   2.04400   -0.196746E-07
   2.04600   -0.230163E-07
   2.04800   -0.262757E-07
   2.05000   -0.292972E-07
   2.05200   -0.319712E-07
   2.05400   -0.342315E-07
   2.05600   -0.360484E-07
   2.05800   -0.374199E-07
   2.06000   -0.383644E-07
   2.06200   -0.389135E-07
   2.06400   -0.391075E-07
   2.06600   -0.389914E-07
   2.06800   -0.386134E-07
   2.07000   -0.380214E-07
   2.07200   -0.372617E-07
   2.07400   -0.363757E-07
   2.07600   -0.353978E-07
   2.07800   -0.343531E-07
   2.08000   -0.332570E-07
   2.08200   -0.321156E-07
   2.08400   -0.309278E-07
   2.08600   -0.296886E-07
   2.08800   -0.283934E-07
   2.09000   -0.270420E-07
   2.09200   -0.256422E-07
   2.09400   -0.242113E-07
   2.09600   -0.227770E-07
   2.09800   -0.213751E-07
   2.10000   -0.200470E-07
   2.10200   -0.188351E-07
   2.10400   -0.177770E-07
   2.10600   -0.169006E-07
   2.10800   -0.162204E-07
   2.11000   -0.157350E-07
   2.11200   -0.154258E-07
   2.11400   -0.152590E-07
   2.11600   -0.151888E-07
   2.11800   -0.151626E-07
   2.12000   -0.151267E-07
   2.12200   -0.150316E-07
   2.12400   -0.148375E-07
   2.12600   -0.145175E-07
   2.12800   -0.140597E-07
   2.13000   -0.134669E-07
   2.13200   -0.127553E-07
   2.13400   -0.119513E-07
   2.13600   -0.110880E-07
   2.13800   -0.102018E-07
   2.14000   -0.932816E-08
   2.14200   -0.849905E-08
   2.14400   -0.774017E-08
   2.14600   -0.706928E-08
   2.14800   -0.649533E-08
   2.15000   -0.601800E-08
   2.15200   -0.562821E-08
   2.15400   -0.530910E-08
   2.15600   -0.503748E-08
   2.15800   -0.478572E-08
   2.16000   -0.452406E-08
   2.16200   -0.422288E-08
   2.16400   -0.385518E-08
   2.16600   -0.339890E-08
   2.16800   -0.283874E-08
   2.17000   -0.216765E-08
   2.17200   -0.138749E-08
   2.17400   -0.508924E-09
   2.17600    0.449661E-09
   2.17800    0.146407E-08
   2.18000    0.250689E-08
   2.18200    0.355053E-08
   2.18400    0.457024E-08
   2.18600    0.554675E-08
   2.18800    0.646854E-08
   2.19000    0.733284E-08
   2.19200    0.814618E-08
   2.19400    0.892336E-08
   2.19600    0.968653E-08
   2.19800    0.104630E-07
   2.20000    0.112832E-07
   2.20200    0.121788E-07
   2.20400    0.131819E-07
   2.20600    0.143226E-07
   2.20800    0.156291E-07
   2.21000    0.171266E-07
   2.21200    0.188371E-07
   2.21400    0.207790E-07
   2.21600    0.229664E-07
   2.21800    0.254082E-07
   2.22000    0.281071E-07
   2.22200    0.310579E-07
   2.22400    0.342459E-07
   2.22600    0.376445E-07
   2.22800    0.412128E-07
   2.23000    0.448915E-07
   2.23200    0.485988E-07
   2.23400    0.522252E-07
   2.23600    0.556293E-07
   2.23800    0.586343E-07
   2.24000    0.610285E-07
   2.24200    0.625708E-07
   2.24400    0.630034E-07
   2.24600    0.620712E-07
   2.24800    0.595481E-07
   2.25000    0.552680E-07
   2.25200    0.491544E-07
   2.25400    0.412457E-07
   2.25600    0.317104E-07
   2.25800    0.208468E-07
   2.26000    0.906774E-08
   2.26200   -0.313117E-08
   2.26400   -0.152147E-07
   2.26600   -0.266573E-07
   2.26800   -0.369919E-07
   2.27000   -0.458504E-07
   2.27200   -0.529916E-07
   2.27400   -0.583125E-07
   2.27600   -0.618439E-07
   2.27800   -0.637311E-07
   2.28000   -0.642055E-07
   2.28200   -0.635502E-07
   2.28400   -0.620673E-07
   2.28600   -0.600476E-07
   2.28800   -0.577489E-07
   2.29000   -0.553814E-07
   2.29200   -0.531022E-07
   2.29400   -0.510155E-07
   2.29600   -0.491786E-07
   2.29800   -0.476112E-07
   2.30000   -0.463047E-07
   2.30200   -0.452325E-07
   2.30400   -0.443582E-07
   2.30600   -0.436424E-07
   2.30800   -0.430473E-07
   2.31000   -0.425396E-07
   2.31200   -0.420917E-07
   2.31400   -0.416821E-07
   2.31600   -0.412952E-07
   2.31800   -0.409202E-07
   2.32000   -0.405506E-07
   2.32200   -0.401826E-07
   2.32400   -0.398156E-07
   2.32600   -0.394509E-07
   2.32800   -0.390908E-07
   2.33000   -0.387387E-07
   2.33200   -0.383985E-07
   2.33400   -0.380748E-07
   2.33600   -0.377722E-07
   2.33800   -0.374953E-07
   2.34000   -0.372486E-07
   2.34200   -0.370360E-07
   2.34400   -0.368604E-07
   2.34600   -0.367227E-07
   2.34800   -0.366211E-07
   2.35000   -0.365497E-07
   2.35200   -0.364972E-07
   2.35400   -0.364457E-07
   2.35600   -0.363700E-07
   2.35800   -0.362375E-07
   2.36000   -0.360093E-07
   2.36200   -0.356421E-07
   2.36400   -0.350918E-07
   2.36600   -0.343178E-07
   2.36800   -0.332885E-07
   2.37000   -0.319859E-07
   2.37200   -0.304100E-07
   2.37400   -0.285822E-07
   2.37600   -0.265447E-07
   2.37800   -0.243594E-07
   2.38000   -0.221022E-07
   2.38200   -0.198568E-07
   2.38400   -0.177063E-07
   2.38600   -0.157247E-07
   2.38800   -0.139698E-07
   2.39000   -0.124785E-07
   2.39200   -0.112642E-07
   2.39400   -0.103179E-07
   2.39600   -0.961165E-08
   2.39800   -0.910430E-08
   2.40000   -0.874788E-08
   2.40200   -0.849424E-08
   2.40400   -0.830053E-08
   2.40600   -0.813289E-08
   2.40800   -0.796865E-08
   2.41000   -0.779601E-08
   2.41200   -0.761274E-08
   2.41400   -0.742346E-08
   2.41600   -0.723670E-08
   2.41800   -0.706197E-08
   2.42000   -0.690738E-08
   2.42200   -0.677799E-08
   2.42400   -0.667516E-08
   2.42600   -0.659671E-08
   2.42800   -0.653774E-08
   2.43000   -0.649200E-08
   2.43200   -0.645339E-08
   2.43400   -0.641745E-08
   2.43600   -0.638243E-08
   2.43800   -0.634993E-08
   2.44000   -0.632480E-08
   2.44200   -0.631454E-08
   2.44400   -0.632809E-08
   2.44600   -0.637427E-08
   2.44800   -0.646006E-08
   2.45000   -0.658919E-08
   2.45200   -0.676128E-08
   2.45400   -0.697124E-08
   2.45600   -0.720974E-08
   2.45800   -0.746407E-08
   2.46000   -0.771963E-08
   2.46200   -0.796150E-08
   2.46400   -0.817605E-08
   2.46600   -0.835209E-08
   2.46800   -0.848164E-08
   2.47000   -0.855999E-08
   2.47200   -0.858540E-08
   2.47400   -0.855835E-08
   2.47600   -0.848063E-08
   2.47800   -0.835453E-08
   2.48000   -0.818225E-08
   2.48200   -0.796551E-08
   2.48400   -0.770552E-08
   2.48600   -0.740322E-08
   2.48800   -0.705967E-08
   2.49000   -0.667637E-08
   2.49200   -0.625568E-08
   2.49400   -0.580111E-08
   2.49600   -0.531736E-08
   2.49800   -0.481036E-08
   2.50000   -0.428712E-08
   2.50200   -0.375539E-08
   2.50400   -0.322334E-08
   2.50600   -0.269917E-08
   2.50800   -0.219057E-08
   2.51000   -0.170429E-08
   2.51200   -0.124566E-08
   2.51400   -0.818187E-09
   2.51600   -0.423224E-09
   2.51800   -0.598033E-10
   2.52000    0.275393E-09
   2.52200    0.587891E-09
   2.52400    0.885066E-09
   2.52600    0.117551E-08
   2.52800    0.146816E-08
   2.53000    0.177167E-08
   2.53200    0.209309E-08
   2.53400    0.243721E-08
   2.53600    0.280585E-08
   2.53800    0.319753E-08
   2.54000    0.360753E-08
   2.54200    0.402848E-08
   2.54400    0.445118E-08
   2.54600    0.486571E-08
   2.54800    0.526258E-08
   2.55000    0.563362E-08
   2.55200    0.597264E-08
   2.55400    0.627568E-08
   2.55600    0.654086E-08
   2.55800    0.676788E-08
   2.56000    0.695739E-08
   2.56200    0.711036E-08
   2.56400    0.722740E-08
   2.56600    0.730838E-08
   2.56800    0.735224E-08
   2.57000    0.735699E-08
   2.57200    0.731998E-08
   2.57400    0.723831E-08
   2.57600    0.710938E-08
   2.57800    0.693149E-08
   2.58000    0.670435E-08
   2.58200    0.642966E-08
   2.58400    0.611135E-08
   2.58600    0.575552E-08
   2.58800    0.537013E-08
   2.59000    0.496422E-08
   2.59200    0.454699E-08
   2.59400    0.412663E-08
   2.59600    0.370926E-08
   2.59800    0.329818E-08
   2.60000    0.289356E-08
   2.60200    0.249262E-08
   2.60400    0.209035E-08
   2.60600    0.168065E-08
   2.60800    0.125763E-08
   2.61000    0.816871E-09
   2.61200    0.356406E-09
   2.61400   -0.122719E-09
   2.61600   -0.616376E-09
   2.61800   -0.111783E-08
   2.62000   -0.161852E-08
   2.62200   -0.210911E-08
   2.62400   -0.258051E-08
   2.62600   -0.302486E-08
   2.62800   -0.343612E-08
   2.63000   -0.381057E-08
   2.63200   -0.414680E-08
   2.63400   -0.444558E-08
   2.63600   -0.470946E-08
   2.63800   -0.494234E-08
   2.64000   -0.514889E-08
   2.64200   -0.533409E-08
   2.64400   -0.550280E-08
   2.64600   -0.565945E-08
   2.64800   -0.580777E-08
   2.65000   -0.595071E-08
   2.65200   -0.609040E-08
   2.65400   -0.622821E-08
   2.65600   -0.636492E-08
   2.65800   -0.650082E-08
   2.66000   -0.663592E-08
   2.66200   -0.677010E-08
   2.66400   -0.690321E-08
   2.66600   -0.703511E-08
   2.66800   -0.716560E-08
   2.67000   -0.729426E-08
   2.67200   -0.742034E-08
   2.67400   -0.754251E-08
   2.67600   -0.765885E-08
   2.67800   -0.776680E-08
   2.68000   -0.786331E-08
   2.68200   -0.794507E-08
   2.68400   -0.800884E-08
   2.68600   -0.805166E-08
   2.68800   -0.807114E-08
   2.69000   -0.806557E-08
   2.69200   -0.803402E-08
   2.69400   -0.797638E-08
   2.69600   -0.789330E-08
   2.69800   -0.778625E-08
   2.70000   -0.765738E-08
   2.70200   -0.750955E-08
   2.70400   -0.734619E-08
   2.70600   -0.717106E-08
   2.70800   -0.698795E-08
   2.71000   -0.680030E-08
   2.71200   -0.661094E-08
   2.71400   -0.642176E-08
   2.71600   -0.623374E-08
   2.71800   -0.604706E-08
   2.72000   -0.586154E-08
   2.72200   -0.567703E-08
   2.72400   -0.549392E-08
   2.72600   -0.531343E-08
   2.72800   -0.513771E-08
   2.73000   -0.496956E-08
   2.73200   -0.481194E-08
   2.73400   -0.466726E-08
   2.73600   -0.453663E-08
   2.73800   -0.441927E-08
   2.74000   -0.431225E-08
   2.74200   -0.421054E-08
   2.74400   -0.410757E-08
   2.74600   -0.399614E-08
   2.74800   -0.386943E-08
   2.75000   -0.372212E-08
   2.75200   -0.355133E-08
   2.75400   -0.335705E-08
   2.75600   -0.314220E-08
   2.75800   -0.291211E-08
   2.76000   -0.267366E-08
   2.76200   -0.243417E-08
   2.76400   -0.220033E-08
   2.76600   -0.197730E-08
   2.76800   -0.176814E-08
   2.77000   -0.157387E-08
   2.77200   -0.139390E-08
   2.77400   -0.122668E-08
   2.77600   -0.107062E-08
   2.77800   -0.925027E-09
   2.78000   -0.790639E-09
   2.78200   -0.669954E-09
   2.78400   -0.567195E-09
   2.78600   -0.487745E-09
   2.78800   -0.437140E-09
   2.79000   -0.422163E-09
   2.79200   -0.448565E-09
   2.79400   -0.521744E-09
   2.79600   -0.646795E-09
   2.79800   -0.829087E-09
   2.80000   -0.107480E-08
   2.80200   -0.139150E-08
   2.80400   -0.178826E-08
   2.80600   -0.227508E-08
   2.80800   -0.286122E-08
   2.81000   -0.355233E-08
   2.81200   -0.434616E-08
   2.81400   -0.522712E-08
   2.81600   -0.616017E-08
   2.81800   -0.708483E-08
   2.82000   -0.791036E-08
   2.82200   -0.851367E-08
   2.82400   -0.874116E-08
   2.82600   -0.841583E-08
   2.82800   -0.735000E-08
   2.83000   -0.536359E-08
   2.83200   -0.230634E-08
   2.83400    0.191847E-08
   2.83600    0.733225E-08
   2.83800    0.138651E-07
   2.84000    0.213487E-07
   2.84200    0.295217E-07
   2.84400    0.380459E-07
   2.84600    0.465349E-07
   2.84800    0.545890E-07
   2.85000    0.618341E-07
   2.85200    0.679568E-07
   2.85400    0.727324E-07
   2.85600    0.760416E-07
   2.85800    0.778735E-07
   2.86000    0.783170E-07
   2.86200    0.775408E-07
   2.86400    0.757679E-07
   2.86600    0.732477E-07
   2.86800    0.702297E-07
   2.87000    0.669420E-07
   2.87200    0.635773E-07
   2.87400    0.602847E-07
   2.87600    0.571689E-07
   2.87800    0.542938E-07
   2.88000    0.516892E-07
   2.88200    0.493594E-07
   2.88400    0.472911E-07
   2.88600    0.454612E-07
   2.88800    0.438421E-07
   2.89000    0.424065E-07
   2.89200    0.411295E-07
   2.89400    0.399904E-07
   2.89600    0.389729E-07
   2.89800    0.380650E-07
   2.90000    0.372587E-07
   2.90200    0.365493E-07
   2.90400    0.359349E-07
   2.90600    0.354161E-07
   2.90800    0.349954E-07
   2.91000    0.346768E-07
   2.91200    0.344664E-07
   2.91400    0.343696E-07
   2.91600    0.343911E-07
   2.91800    0.345330E-07
   2.92000    0.347927E-07
   2.92200    0.351608E-07
   2.92400    0.356190E-07
   2.92600    0.361389E-07
   2.92800    0.366822E-07
   2.93000    0.372019E-07
   2.93200    0.376453E-07
   2.93400    0.379587E-07
   2.93600    0.380926E-07
   2.93800    0.380073E-07
   2.94000    0.376782E-07
   2.94200    0.370989E-07
   2.94400    0.362831E-07
   2.94600    0.352633E-07
   2.94800    0.340878E-07
   2.95000    0.328155E-07
   2.95200    0.315098E-07
   2.95400    0.302324E-07
   2.95600    0.290372E-07
   2.95800    0.279662E-07
   2.96000    0.270467E-07
   2.96200    0.262903E-07
   2.96400    0.256941E-07
   2.96600    0.252428E-07
   2.96800    0.249122E-07
   2.97000    0.246731E-07
   2.97200    0.244952E-07
   2.97400    0.243512E-07
   2.97600    0.242190E-07
   2.97800    0.240846E-07
   2.98000    0.239422E-07
   2.98200    0.237946E-07
   2.98400    0.236509E-07
   2.98600    0.235247E-07
   2.98800    0.234313E-07
   2.99000    0.233842E-07
   2.99200    0.233935E-07
   2.99400    0.234635E-07
   2.99600    0.235928E-07
   2.99800    0.237744E-07
   3.00000    0.239978E-07
   3.00200    0.242507E-07
   3.00400    0.245223E-07
   3.00600    0.248046E-07
   3.00800    0.250943E-07
   3.01000    0.253934E-07
   3.01200    0.257082E-07
   3.01400    0.260478E-07
   3.01600    0.264222E-07
   3.01800    0.268395E-07
   3.02000    0.273037E-07
   3.02200    0.278132E-07
   3.02400    0.283599E-07
   3.02600    0.289298E-07
   3.02800    0.295043E-07
   3.03000    0.300621E-07
   3.03200    0.305815E-07
   3.03400    0.310434E-07
   3.03600    0.314331E-07
   3.03800    0.317417E-07
   3.04000    0.319675E-07
   3.04200    0.321154E-07
   3.04400    0.321967E-07
   3.04600    0.322278E-07
   3.04800    0.322285E-07
   3.05000    0.322206E-07
   3.05200    0.322260E-07
   3.05400    0.322649E-07
   3.05600    0.323545E-07
   3.05800    0.325079E-07
   3.06000    0.327326E-07
   3.06200    0.330301E-07
   3.06400    0.333959E-07
   3.06600    0.338192E-07
   3.06800    0.342840E-07
   3.07000    0.347703E-07
   3.07200    0.352555E-07
   3.07400    0.357168E-07
   3.07600    0.361330E-07
   3.07800    0.364866E-07
   3.08000    0.367654E-07
   3.08200    0.369634E-07
   3.08400    0.370810E-07
   3.08600    0.371245E-07
   3.08800    0.371051E-07
   3.09000    0.370370E-07
   3.09200    0.369360E-07
   3.09400    0.368173E-07
   3.09600    0.366942E-07
   3.09800    0.365774E-07
   3.10000    0.364742E-07
   3.10200    0.363890E-07
   3.10400    0.363238E-07
   3.10600    0.362793E-07
   3.10800    0.362556E-07
   3.11000    0.362537E-07
   3.11200    0.362758E-07
   3.11400    0.363263E-07
   3.11600    0.364108E-07
   3.11800    0.365363E-07
   3.12000    0.367096E-07
   3.12200    0.369365E-07
   3.12400    0.372195E-07
   3.12600    0.375569E-07
   3.12800    0.379412E-07
   3.13000    0.383581E-07
   3.13200    0.387863E-07
   3.13400    0.391970E-07
   3.13600    0.395555E-07
   3.13800    0.398215E-07
   3.14000    0.399518E-07
   3.14200    0.399023E-07
   3.14400    0.396312E-07
   3.14600    0.391027E-07
   3.14800    0.382911E-07
   3.15000    0.371856E-07
   3.15200    0.357942E-07
   3.15400    0.341480E-07
   3.15600    0.323033E-07
   3.15800    0.303425E-07
   3.16000    0.283709E-07
   3.16200    0.265119E-07
   3.16400    0.248986E-07
   3.16600    0.236622E-07
   3.16800    0.229208E-07
   3.17000    0.227673E-07
   3.17200    0.232595E-07
   3.17400    0.244140E-07
   3.17600    0.262039E-07
   3.17800    0.285613E-07
   3.18000    0.313846E-07
   3.18200    0.345483E-07
   3.18400    0.379152E-07
   3.18600    0.413478E-07
   3.18800    0.447191E-07
   3.19000    0.479208E-07
   3.19200    0.508678E-07
   3.19400    0.534999E-07
   3.19600    0.557815E-07
   3.19800    0.576980E-07
   3.20000    0.592526E-07
   3.20200    0.604616E-07
   3.20400    0.613508E-07
   3.20600    0.619524E-07
   3.20800    0.623022E-07
   3.21000    0.624385E-07
   3.21200    0.624008E-07
   3.21400    0.622286E-07
   3.21600    0.619608E-07
   3.21800    0.616341E-07
   3.22000    0.612824E-07
   3.22200    0.609343E-07
   3.22400    0.606122E-07
   3.22600    0.603305E-07
   3.22800    0.600947E-07
   3.23000    0.599010E-07
   3.23200    0.597371E-07
   3.23400    0.595829E-07
   3.23600    0.594132E-07
   3.23800    0.592009E-07
   3.24000    0.589201E-07
   3.24200    0.585503E-07
   3.24400    0.580793E-07
   3.24600    0.575069E-07
   3.24800    0.568451E-07
   3.25000    0.561191E-07
   3.25200    0.553645E-07
   3.25400    0.546239E-07
   3.25600    0.539411E-07
   3.25800    0.533552E-07
   3.26000    0.528939E-07
   3.26200    0.525684E-07
   3.26400    0.523690E-07
   3.26600    0.522635E-07
   3.26800    0.521983E-07
   3.27000    0.521013E-07
   3.27200    0.518878E-07
   3.27400    0.514679E-07
   3.27600    0.507541E-07
   3.27800    0.496710E-07
   3.28000    0.481623E-07
   3.28200    0.461984E-07
   3.28400    0.437811E-07
   3.28600    0.409465E-07
   3.28800    0.377643E-07
   3.29000    0.343339E-07
   3.29200    0.307784E-07
   3.29400    0.272344E-07
   3.29600    0.238413E-07
   3.29800    0.207294E-07
   3.30000    0.180093E-07
   3.30200    0.157632E-07
   3.30400    0.140393E-07
   3.30600    0.128507E-07
   3.30800    0.121773E-07
   3.31000    0.119712E-07
   3.31200    0.121639E-07
   3.31400    0.126752E-07
   3.31600    0.134216E-07
   3.31800    0.143226E-07
   3.32000    0.153073E-07
   3.32200    0.163163E-07
   3.32400    0.173043E-07
   3.32600    0.182391E-07
   3.32800    0.191005E-07
   3.33000    0.198782E-07
   3.33200    0.205694E-07
   3.33400    0.211767E-07
   3.33600    0.217062E-07
   3.33800    0.221659E-07
   3.34000    0.225644E-07
   3.34200    0.229101E-07
   3.34400    0.232110E-07
   3.34600    0.234741E-07
   3.34800    0.237055E-07
   3.35000    0.239107E-07
   3.35200    0.240938E-07
   3.35400    0.242588E-07
   3.35600    0.244090E-07
   3.35800    0.245468E-07
   3.36000    0.246743E-07
   3.36200    0.247929E-07
   3.36400    0.249034E-07
   3.36600    0.250061E-07
   3.36800    0.251006E-07
   3.37000    0.251862E-07
   3.37200    0.252622E-07
   3.37400    0.253276E-07
   3.37600    0.253818E-07
   3.37800    0.254245E-07
   3.38000    0.254560E-07
   3.38200    0.254766E-07
   3.38400    0.254872E-07
   3.38600    0.254887E-07
   3.38800    0.254819E-07
   3.39000    0.254676E-07
   3.39200    0.254461E-07
   3.39400    0.254176E-07
   3.39600    0.253821E-07
   3.39800    0.253398E-07
   3.40000    0.252911E-07
   3.40200    0.252372E-07
   3.40400    0.251796E-07
   3.40600    0.251207E-07
   3.40800    0.250628E-07
   3.41000    0.250082E-07
   3.41200    0.249583E-07
   3.41400    0.249133E-07
   3.41600    0.248711E-07
   3.41800    0.248281E-07
   3.42000    0.247783E-07
   3.42200    0.247147E-07
   3.42400    0.246298E-07
   3.42600    0.245169E-07
   3.42800    0.243715E-07
   3.43000    0.241920E-07
   3.43200    0.239805E-07
   3.43400    0.237428E-07
   3.43600    0.234877E-07
   3.43800    0.232257E-07
   3.44000    0.229672E-07
   3.44200    0.227208E-07
   3.44400    0.224918E-07
   3.44600    0.222813E-07
   3.44800    0.220855E-07
   3.45000    0.218969E-07
   3.45200    0.217051E-07
   3.45400    0.214994E-07
   3.45600    0.212702E-07
   3.45800    0.210112E-07
   3.46000    0.207205E-07
   3.46200    0.204013E-07
   3.46400    0.200611E-07
   3.46600    0.197104E-07
   3.46800    0.193610E-07
   3.47000    0.190244E-07
   3.47200    0.187091E-07
   3.47400    0.184206E-07
   3.47600    0.181599E-07
   3.47800    0.179248E-07
   3.48000    0.177105E-07
   3.48200    0.175111E-07
   3.48400    0.173216E-07
   3.48600    0.171396E-07
   3.48800    0.169659E-07
   3.49000    0.168057E-07
   3.49200    0.166687E-07
   3.49400    0.165687E-07
   3.49600    0.165231E-07
   3.49800    0.165516E-07
   3.50000    0.166761E-07
   3.50200    0.169184E-07
   3.50400    0.172999E-07
   3.50600    0.178397E-07
   3.50800    0.185536E-07
   3.51000    0.194524E-07
   3.51200    0.205414E-07
   3.51400    0.218193E-07
   3.51600    0.232780E-07
   3.51800    0.249032E-07
   3.52000    0.266758E-07
   3.52200    0.285731E-07
   3.52400    0.305711E-07
   3.52600    0.326463E-07
   3.52800    0.347772E-07
   3.53000    0.369461E-07
   3.53200    0.391391E-07
   3.53400    0.413474E-07
   3.53600    0.435661E-07
   3.53800    0.457965E-07
   3.54000    0.480390E-07
   3.54200    0.503048E-07
   3.54400    0.526062E-07
   3.54600    0.549611E-07
   3.54800    0.573930E-07
   3.55000    0.599312E-07
   3.55200    0.626114E-07
   3.55400    0.654750E-07
   3.55600    0.685678E-07
   3.55800    0.719370E-07
   3.56000    0.756263E-07
   3.56200    0.796679E-07
   3.56400    0.840713E-07
   3.56600    0.888096E-07
   3.56800    0.938025E-07
   3.57000    0.988988E-07
   3.57200    0.103861E-06
   3.57400    0.108356E-06
   3.57600    0.111951E-06
   3.57800    0.114133E-06
   3.58000    0.114334E-06
   3.58200    0.111977E-06
   3.58400    0.106542E-06
   3.58600    0.976335E-07
   3.58800    0.850485E-07
   3.59000    0.688372E-07
   3.59200    0.493367E-07
   3.59400    0.271735E-07
   3.59600    0.323009E-08
   3.59800   -0.214240E-07
   3.60000   -0.456289E-07
   3.60200   -0.682454E-07
   3.60400   -0.882654E-07
   3.60600   -0.104904E-06
   3.60800   -0.117663E-06
   3.61000   -0.126355E-06
   3.61200   -0.131092E-06
   3.61400   -0.132238E-06
   3.61600   -0.130342E-06
   3.61800   -0.126057E-06
   3.62000   -0.120061E-06
   3.62200   -0.112999E-06
   3.62400   -0.105426E-06
   3.62600   -0.977885E-07
   3.62800   -0.904113E-07
   3.63000   -0.835075E-07
   3.63200   -0.771947E-07
   3.63400   -0.715163E-07
   3.63600   -0.664640E-07
   3.63800   -0.619969E-07
   3.64000   -0.580565E-07
   3.64200   -0.545780E-07
   3.64400   -0.514961E-07
   3.64600   -0.487496E-07
   3.64800   -0.462832E-07
   3.65000   -0.440478E-07
   3.65200   -0.420020E-07
   3.65400   -0.401115E-07
   3.65600   -0.383500E-07
   3.65800   -0.366986E-07
   3.66000   -0.351460E-07
   3.66200   -0.336842E-07
   3.66400   -0.323159E-07
   3.66600   -0.310416E-07
   3.66800   -0.298639E-07
   3.67000   -0.287845E-07
   3.67200   -0.278020E-07
   3.67400   -0.269117E-07
   3.67600   -0.261048E-07
   3.67800   -0.253685E-07
   3.68000   -0.246879E-07
   3.68200   -0.240463E-07
   3.68400   -0.234279E-07
   3.68600   -0.228187E-07
   3.68800   -0.222080E-07
   3.69000   -0.215895E-07
   3.69200   -0.209612E-07
   3.69400   -0.203256E-07
   3.69600   -0.196884E-07
   3.69800   -0.190576E-07
   3.70000   -0.184419E-07
   3.70200   -0.178496E-07
   3.70400   -0.172868E-07
   3.70600   -0.167575E-07
   3.70800   -0.162627E-07
   3.71000   -0.158006E-07
   3.71200   -0.153674E-07
   3.71400   -0.149583E-07
   3.71600   -0.145678E-07
   3.71800   -0.141915E-07
   3.72000   -0.138261E-07
   3.72200   -0.134701E-07
   3.72400   -0.131233E-07
   3.72600   -0.127873E-07
   3.72800   -0.124639E-07
   3.73000   -0.121554E-07
   3.73200   -0.118631E-07
   3.73400   -0.115875E-07
   3.73600   -0.113273E-07
   3.73800   -0.110799E-07
   3.74000   -0.108414E-07
   3.74200   -0.106066E-07
   3.74400   -0.103704E-07
   3.74600   -0.101276E-07
   3.74800   -0.987374E-08
   3.75000   -0.960599E-08
   3.75200   -0.932331E-08
   3.75400   -0.902683E-08
   3.75600   -0.872002E-08
   3.75800   -0.840846E-08
   3.76000   -0.809950E-08
   3.76200   -0.780171E-08
   3.76400   -0.752393E-08
   3.76600   -0.727446E-08
   3.76800   -0.706001E-08
   3.77000   -0.688491E-08
   3.77200   -0.675044E-08
   3.77400   -0.665460E-08
   3.77600   -0.659215E-08
   3.77800   -0.655508E-08
   3.78000   -0.653344E-08
   3.78200   -0.651627E-08
   3.78400   -0.649272E-08
   3.78600   -0.645312E-08
   3.78800   -0.638967E-08
   3.79000   -0.629695E-08
   3.79200   -0.617232E-08
   3.79400   -0.601571E-08
   3.79600   -0.582937E-08
   3.79800   -0.561742E-08
   3.80000   -0.538543E-08
   3.80200   -0.513996E-08
   3.80400   -0.488825E-08
   3.80600   -0.463808E-08
   3.80800   -0.439760E-08
   3.81000   -0.417536E-08
   3.81200   -0.398023E-08
   3.81400   -0.382133E-08
   3.81600   -0.370767E-08
   3.81800   -0.364776E-08
   3.82000   -0.364890E-08
   3.82200   -0.371633E-08
   3.82400   -0.385231E-08
   3.82600   -0.405508E-08
   3.82800   -0.431799E-08
   3.83000   -0.462892E-08
   3.83200   -0.497007E-08
   3.83400   -0.531838E-08
   3.83600   -0.564656E-08
   3.83800   -0.592490E-08
   3.84000   -0.612356E-08
   3.84200   -0.621535E-08
   3.84400   -0.617855E-08
   3.84600   -0.599940E-08
   3.84800   -0.567402E-08
   3.85000   -0.520924E-08
   3.85200   -0.462231E-08
   3.85400   -0.393953E-08
   3.85600   -0.319375E-08
   3.85800   -0.242132E-08
   3.86000   -0.165877E-08
   3.86200   -0.939669E-09
   3.86400   -0.292127E-09
   3.86600    0.262925E-09
   3.86800    0.712488E-09
   3.87000    0.105130E-08
   3.87200    0.128096E-08
   3.87400    0.140845E-08
   3.87600    0.144452E-08
   3.87800    0.140188E-08
   3.88000    0.129376E-08
   3.88200    0.113260E-08
   3.88400    0.929267E-09
   3.88600    0.692527E-09
   3.88800    0.429001E-09
   3.89000    0.143368E-09
   3.89200   -0.161181E-09
   3.89400   -0.482350E-09
   3.89600   -0.818033E-09
   3.89800   -0.116572E-08
   3.90000   -0.152191E-08
   3.90200   -0.188184E-08
   3.90400   -0.223931E-08
   3.90600   -0.258684E-08
   3.90800   -0.291597E-08
   3.91000   -0.321788E-08
   3.91200   -0.348408E-08
   3.91400   -0.370696E-08
   3.91600   -0.388066E-08
   3.91800   -0.400160E-08
   3.92000   -0.406885E-08
   3.92200   -0.408432E-08
   3.92400   -0.405269E-08
   3.92600   -0.398106E-08
   3.92800   -0.387841E-08
   3.93000   -0.375482E-08
   3.93200   -0.362064E-08
   3.93400   -0.348556E-08
   3.93600   -0.335789E-08
   3.93800   -0.324391E-08
   3.94000   -0.314749E-08
   3.94200   -0.307006E-08
   3.94400   -0.301084E-08
   3.94600   -0.296739E-08
   3.94800   -0.293629E-08
   3.95000   -0.291396E-08
   3.95200   -0.289737E-08
   3.95400   -0.288461E-08
   3.95600   -0.287514E-08
   3.95800   -0.286973E-08
   3.96000   -0.287003E-08
   3.96200   -0.287798E-08
   3.96400   -0.289501E-08
   3.96600   -0.292138E-08
   3.96800   -0.295566E-08
   3.97000   -0.299451E-08
   3.97200   -0.303287E-08
   3.97400   -0.306446E-08
   3.97600   -0.308250E-08
   3.97800   -0.308057E-08
   3.98000   -0.305335E-08
   3.98200   -0.299727E-08
   3.98400   -0.291076E-08
   3.98600   -0.279430E-08
   3.98800   -0.265021E-08
   3.99000   -0.248226E-08
   3.99200   -0.229519E-08
   3.99400   -0.209429E-08
   3.99600   -0.188506E-08
   3.99800   -0.167288E-08
   4.00000   -0.146281E-08
