   0.00000    0.000000E+00
   0.00200    0.000000E+00
   0.00400    0.000000E+00
   0.00600    0.000000E+00
   0.00800    0.000000E+00
   0.01000    0.000000E+00
   0.01200    0.000000E+00
   0.01400    0.000000E+00
   0.01600    0.000000E+00
   0.01800    0.000000E+00
   0.02000    0.000000E+00
   0.02200    0.000000E+00
   0.02400    0.000000E+00
   0.02600   -0.249032E-10
   0.02800   -0.736884E-10
   0.03000   -0.158933E-09
   0.03200   -0.319023E-09
   0.03400   -0.621541E-09
   0.03600   -0.117970E-08
   0.03800   -0.218379E-08
   0.04000   -0.394444E-08
   0.04200   -0.695333E-08
   0.04400   -0.119635E-07
   0.04600   -0.200899E-07
   0.04800   -0.329268E-07
   0.05000   -0.526706E-07
   0.05200   -0.822336E-07
   0.05400   -0.125314E-06
   0.05600   -0.186389E-06
   0.05800   -0.270598E-06
   0.06000   -0.383455E-06
   0.06200   -0.530395E-06
   0.06400   -0.716118E-06
   0.06600   -0.943798E-06
   0.06800   -0.121420E-05
   0.07000   -0.152485E-05
   0.07200   -0.186938E-05
   0.07400   -0.223723E-05
   0.07600   -0.261382E-05
   0.07800   -0.298125E-05
   0.08000   -0.331962E-05
   0.08200   -0.360870E-05
   0.08400   -0.382991E-05
   0.08600   -0.396830E-05
   0.08800   -0.401412E-05
   0.09000   -0.396400E-05
   0.09200   -0.382127E-05
   0.09400   -0.359556E-05
   0.09600   -0.330169E-05
   0.09800   -0.295801E-05
   0.10000   -0.258452E-05
   0.10200   -0.220089E-05
   0.10400   -0.182485E-05
   0.10600   -0.147098E-05
   0.10800   -0.114996E-05
   0.11000   -0.868440E-06
   0.11200   -0.629291E-06
   0.11400   -0.432213E-06
   0.11600   -0.274499E-06
   0.11800   -0.151839E-06
   0.12000   -0.590745E-07
   0.12200    0.919251E-08
   0.12400    0.581426E-07
   0.12600    0.924477E-07
   0.12800    0.116117E-06
   0.13000    0.132451E-06
   0.13200    0.144066E-06
   0.13400    0.152959E-06
   0.13600    0.160594E-06
   0.13800    0.167986E-06
   0.14000    0.175781E-06
   0.14200    0.184325E-06
   0.14400    0.193726E-06
   0.14600    0.203908E-06
   0.14800    0.214669E-06
   0.15000    0.225689E-06
   0.15200    0.236614E-06
   0.15400    0.247090E-06
   0.15600    0.256777E-06
   0.15800    0.265377E-06
   0.16000    0.272651E-06
   0.16200    0.278435E-06
   0.16400    0.282637E-06
   0.16600    0.285233E-06
   0.16800    0.286259E-06
   0.17000    0.285801E-06
   0.17200    0.283981E-06
   0.17400    0.280949E-06
   0.17600    0.276874E-06
   0.17800    0.271936E-06
   0.18000    0.266325E-06
   0.18200    0.260235E-06
   0.18400    0.253867E-06
   0.18600    0.247424E-06
   0.18800    0.241110E-06
   0.19000    0.235127E-06
   0.19200    0.229664E-06
   0.19400    0.224891E-06
   0.19600    0.220948E-06
   0.19800    0.217937E-06
   0.20000    0.215911E-06
   0.20200    0.214869E-06
   0.20400    0.214752E-06
   0.20600    0.215442E-06
   0.20800    0.216769E-06
   0.21000    0.218521E-06
   0.21200    0.220456E-06
   0.21400    0.222316E-06
   0.21600    0.223850E-06
   0.21800    0.224828E-06
   0.22000    0.225063E-06
   0.22200    0.224422E-06
   0.22400    0.222838E-06
   0.22600    0.220313E-06
   0.22800    0.216919E-06
   0.23000    0.212790E-06
   0.23200    0.208104E-06
   0.23400    0.203076E-06
   0.23600    0.197929E-06
   0.23800    0.192884E-06
   0.24000    0.188140E-06
   0.24200    0.183862E-06
   0.24400    0.180173E-06
   0.24600    0.177151E-06
   0.24800    0.174827E-06
   0.25000    0.173191E-06
   0.25200    0.172194E-06
   0.25400    0.171755E-06
   0.25600    0.171768E-06
   0.25800    0.172104E-06
   0.26000    0.172621E-06
   0.26200    0.173168E-06
   0.26400    0.173592E-06
   0.26600    0.173749E-06
   0.26800    0.173509E-06
   0.27000    0.172768E-06
   0.27200    0.171454E-06
   0.27400    0.169540E-06
   0.27600    0.167042E-06
   0.27800    0.164023E-06
   0.28000    0.160590E-06
   0.28200    0.156884E-06
   0.28400    0.153072E-06
   0.28600    0.149331E-06
   0.28800    0.145834E-06
   0.29000    0.142737E-06
   0.29200    0.140169E-06
   0.29400    0.138216E-06
   0.29600    0.136924E-06
   0.29800    0.136289E-06
   0.30000    0.136263E-06
   0.30200    0.136757E-06
   0.30400    0.137646E-06
   0.30600    0.138782E-06
   0.30800    0.139999E-06
   0.31000    0.141129E-06
   0.31200    0.142012E-06
   0.31400    0.142507E-06
   0.31600    0.142502E-06
   0.31800    0.141923E-06
   0.32000    0.140741E-06
   0.32200    0.138972E-06
   0.32400    0.136675E-06
   0.32600    0.133951E-06
   0.32800    0.130930E-06
   0.33000    0.127764E-06
   0.33200    0.124615E-06
   0.33400    0.121642E-06
   0.33600    0.118989E-06
   0.33800    0.116777E-06
   0.34000    0.115095E-06
   0.34200    0.113995E-06
   0.34400    0.113486E-06
   0.34600    0.113537E-06
   0.34800    0.114076E-06
   0.35000    0.114999E-06
   0.35200    0.116170E-06
   0.35400    0.117438E-06
   0.35600    0.118645E-06
   0.35800    0.119637E-06
   0.36000    0.120283E-06
   0.36200    0.120480E-06
   0.36400    0.120166E-06
   0.36600    0.119322E-06
   0.36800    0.117977E-06
   0.37000    0.116199E-06
   0.37200    0.114094E-06
   0.37400    0.111792E-06
   0.37600    0.109437E-06
   0.37800    0.107175E-06
   0.38000    0.105140E-06
   0.38200    0.103445E-06
   0.38400    0.102178E-06
   0.38600    0.101389E-06
   0.38800    0.101090E-06
   0.39000    0.101252E-06
   0.39200    0.101810E-06
   0.39400    0.102660E-06
   0.39600    0.103674E-06
   0.39800    0.104706E-06
   0.40000    0.105604E-06
   0.40200    0.106229E-06
   0.40400    0.106462E-06
   0.40600    0.106225E-06
   0.40800    0.105483E-06
   0.41000    0.104252E-06
   0.41200    0.102594E-06
   0.41400    0.100612E-06
   0.41600    0.984367E-07
   0.41800    0.962145E-07
   0.42000    0.940889E-07
   0.42200    0.921879E-07
   0.42400    0.906129E-07
   0.42600    0.894302E-07
   0.42800    0.886677E-07
   0.43000    0.883154E-07
   0.43200    0.883288E-07
   0.43400    0.886351E-07
   0.43600    0.891415E-07
   0.43800    0.897443E-07
   0.44000    0.903377E-07
   0.44200    0.908238E-07
   0.44400    0.911201E-07
   0.44600    0.911658E-07
   0.44800    0.909256E-07
   0.45000    0.903911E-07
   0.45200    0.895788E-07
   0.45400    0.885265E-07
   0.45600    0.872873E-07
   0.45800    0.859233E-07
   0.46000    0.845000E-07
   0.46200    0.830819E-07
   0.46400    0.817288E-07
   0.46600    0.804950E-07
   0.46800    0.794287E-07
   0.47000    0.785713E-07
   0.47200    0.779567E-07
   0.47400    0.776088E-07
   0.47600    0.775382E-07
   0.47800    0.777377E-07
   0.48000    0.781784E-07
   0.48200    0.788072E-07
   0.48400    0.795467E-07
   0.48600    0.802990E-07
   0.48800    0.809531E-07
   0.49000    0.813953E-07
   0.49200    0.815214E-07
   0.49400    0.812501E-07
   0.49600    0.805338E-07
   0.49800    0.793661E-07
   0.50000    0.777855E-07
   0.50200    0.758726E-07
   0.50400    0.737430E-07
   0.50600    0.715353E-07
   0.50800    0.693967E-07
   0.51000    0.674677E-07
   0.51200    0.658668E-07
   0.51400    0.646787E-07
   0.51600    0.639466E-07
   0.51800    0.636679E-07
   0.52000    0.637964E-07
   0.52200    0.642478E-07
   0.52400    0.649090E-07
   0.52600    0.656497E-07
   0.52800    0.663352E-07
   0.53000    0.668386E-07
   0.53200    0.670512E-07
   0.53400    0.668915E-07
   0.53600    0.663106E-07
   0.53800    0.652950E-07
   0.54000    0.638662E-07
   0.54200    0.620778E-07
   0.54400    0.600099E-07
   0.54600    0.577618E-07
   0.54800    0.554438E-07
   0.55000    0.531669E-07
   0.55200    0.510340E-07
   0.55400    0.491314E-07
   0.55600    0.475202E-07
   0.55800    0.462316E-07
   0.56000    0.452657E-07
   0.56200    0.445866E-07
   0.56400    0.441295E-07
   0.56600    0.438060E-07
   0.56800    0.435068E-07
   0.57000    0.431175E-07
   0.57200    0.425221E-07
   0.57400    0.416054E-07
   0.57600    0.402735E-07
   0.57800    0.384462E-07
   0.58000    0.360655E-07
   0.58200    0.330925E-07
   0.58400    0.295068E-07
   0.58600    0.253002E-07
   0.58800    0.204733E-07
   0.59000    0.150300E-07
   0.59200    0.897478E-08
   0.59400    0.231356E-08
   0.59600   -0.494159E-08
   0.59800   -0.127600E-07
   0.60000   -0.210763E-07
   0.60200   -0.297689E-07
   0.60400   -0.386383E-07
   0.60600   -0.473893E-07
   0.60800   -0.556238E-07
   0.61000   -0.628485E-07
   0.61200   -0.685022E-07
   0.61400   -0.720043E-07
   0.61600   -0.728194E-07
   0.61800   -0.705322E-07
   0.62000   -0.649193E-07
   0.62200   -0.560052E-07
   0.62400   -0.440908E-07
   0.62600   -0.297435E-07
   0.62800   -0.137483E-07
   0.63000    0.297520E-08
   0.63200    0.194781E-07
   0.63400    0.348928E-07
   0.63600    0.485285E-07
   0.63800    0.599392E-07
   0.64000    0.689501E-07
   0.64200    0.756443E-07
   0.64400    0.803119E-07
   0.64600    0.833768E-07
   0.64800    0.853144E-07
   0.65000    0.865747E-07
   0.65200    0.875256E-07
   0.65400    0.884182E-07
   0.65600    0.893798E-07
   0.65800    0.904269E-07
   0.66000    0.914947E-07
   0.66200    0.924725E-07
   0.66400    0.932382E-07
   0.66600    0.936879E-07
   0.66800    0.937548E-07
   0.67000    0.934182E-07
   0.67200    0.927052E-07
   0.67400    0.916808E-07
   0.67600    0.904386E-07
   0.67800    0.890857E-07
   0.68000    0.877295E-07
   0.68200    0.864635E-07
   0.68400    0.853627E-07
   0.68600    0.844709E-07
   0.68800    0.838002E-07
   0.69000    0.833346E-07
   0.69200    0.830270E-07
   0.69400    0.828120E-07
   0.69600    0.826153E-07
   0.69800    0.823514E-07
   0.70000    0.819478E-07
   0.70200    0.813451E-07
   0.70400    0.805088E-07
   0.70600    0.794309E-07
   0.70800    0.781342E-07
   0.71000    0.766673E-07
   0.71200    0.751008E-07
   0.71400    0.735186E-07
   0.71600    0.720080E-07
   0.71800    0.706509E-07
   0.72000    0.695129E-07
   0.72200    0.686382E-07
   0.72400    0.680443E-07
   0.72600    0.677222E-07
   0.72800    0.676385E-07
   0.73000    0.677402E-07
   0.73200    0.679622E-07
   0.73400    0.682335E-07
   0.73600    0.684860E-07
   0.73800    0.686595E-07
   0.74000    0.687068E-07
   0.74200    0.685965E-07
   0.74400    0.683136E-07
   0.74600    0.678594E-07
   0.74800    0.672498E-07
   0.75000    0.665127E-07
   0.75200    0.656862E-07
   0.75400    0.648152E-07
   0.75600    0.639488E-07
   0.75800    0.631373E-07
   0.76000    0.624283E-07
   0.76200    0.618632E-07
   0.76400    0.614729E-07
   0.76600    0.612742E-07
   0.76800    0.612667E-07
   0.77000    0.614313E-07
   0.77200    0.617305E-07
   0.77400    0.621109E-07
   0.77600    0.625079E-07
   0.77800    0.628519E-07
   0.78000    0.630762E-07
   0.78200    0.631242E-07
   0.78400    0.629566E-07
   0.78600    0.625564E-07
   0.78800    0.619324E-07
   0.79000    0.611190E-07
   0.79200    0.601736E-07
   0.79400    0.591717E-07
   0.79600    0.581984E-07
   0.79800    0.573399E-07
   0.80000    0.566728E-07
   0.80200    0.562554E-07
   0.80400    0.561193E-07
   0.80600    0.562647E-07
   0.80800    0.566589E-07
   0.81000    0.572386E-07
   0.81200    0.579163E-07
   0.81400    0.585900E-07
   0.81600    0.591546E-07
   0.81800    0.595141E-07
   0.82000    0.595929E-07
   0.82200    0.593447E-07
   0.82400    0.587580E-07
   0.82600    0.578576E-07
   0.82800    0.567023E-07
   0.83000    0.553784E-07
   0.83200    0.539909E-07
   0.83400    0.526521E-07
   0.83600    0.514704E-07
   0.83800    0.505393E-07
   0.84000    0.499274E-07
   0.84200    0.496720E-07
   0.84400    0.497752E-07
   0.84600    0.502040E-07
   0.84800    0.508937E-07
   0.85000    0.517552E-07
   0.85200    0.526842E-07
   0.85400    0.535721E-07
   0.85600    0.543173E-07
   0.85800    0.548353E-07
   0.86000    0.550666E-07
   0.86200    0.549820E-07
   0.86400    0.545845E-07
   0.86600    0.539074E-07
   0.86800    0.530094E-07
   0.87000    0.519681E-07
   0.87200    0.508706E-07
   0.87400    0.498045E-07
   0.87600    0.488484E-07
   0.87800    0.480644E-07
   0.88000    0.474919E-07
   0.88200    0.471441E-07
   0.88400    0.470079E-07
   0.88600    0.470458E-07
   0.88800    0.472019E-07
   0.89000    0.474089E-07
   0.89200    0.475970E-07
   0.89400    0.477025E-07
   0.89600    0.476761E-07
   0.89800    0.474884E-07
   0.90000    0.471336E-07
   0.90200    0.466294E-07
   0.90400    0.460144E-07
   0.90600    0.453429E-07
   0.90800    0.446773E-07
   0.91000    0.440809E-07
   0.91200    0.436091E-07
   0.91400    0.433032E-07
   0.91600    0.431846E-07
   0.91800    0.432523E-07
   0.92000    0.434824E-07
   0.92200    0.438302E-07
   0.92400    0.442355E-07
   0.92600    0.446286E-07
   0.92800    0.449382E-07
   0.93000    0.450993E-07
   0.93200    0.450604E-07
   0.93400    0.447894E-07
   0.93600    0.442772E-07
   0.93800    0.435387E-07
   0.94000    0.426118E-07
   0.94200    0.415531E-07
   0.94400    0.404327E-07
   0.94600    0.393268E-07
   0.94800    0.383103E-07
   0.95000    0.374493E-07
   0.95200    0.367943E-07
   0.95400    0.363749E-07
   0.95600    0.361970E-07
   0.95800    0.362420E-07
   0.96000    0.364688E-07
   0.96200    0.368186E-07
   0.96400    0.372215E-07
   0.96600    0.376050E-07
   0.96800    0.379024E-07
   0.97000    0.380609E-07
   0.97200    0.380478E-07
   0.97400    0.378549E-07
   0.97600    0.374983E-07
   0.97800    0.370173E-07
   0.98000    0.364681E-07
   0.98200    0.359171E-07
   0.98400    0.354322E-07
   0.98600    0.350733E-07
   0.98800    0.348844E-07
   0.99000    0.348870E-07
   0.99200    0.350763E-07
   0.99400    0.354204E-07
   0.99600    0.358634E-07
   0.99800    0.363311E-07
   1.00000    0.367397E-07
   1.00200    0.370067E-07
   1.00400    0.370612E-07
   1.00600    0.368537E-07
   1.00800    0.363641E-07
   1.01000    0.356050E-07
   1.01200    0.346223E-07
   1.01400    0.334906E-07
   1.01600    0.323055E-07
   1.01800    0.311731E-07
   1.02000    0.301978E-07
   1.02200    0.294706E-07
   1.02400    0.290580E-07
   1.02600    0.289948E-07
   1.02800    0.292792E-07
   1.03000    0.298736E-07
   1.03200    0.307081E-07
   1.03400    0.316882E-07
   1.03600    0.327058E-07
   1.03800    0.336507E-07
   1.04000    0.344228E-07
   1.04200    0.349428E-07
   1.04400    0.351606E-07
   1.04600    0.350596E-07
   1.04800    0.346574E-07
   1.05000    0.340031E-07
   1.05200    0.331703E-07
   1.05400    0.322480E-07
   1.05600    0.313300E-07
   1.05800    0.305039E-07
   1.06000    0.298414E-07
   1.06200    0.293901E-07
   1.06400    0.291687E-07
   1.06600    0.291656E-07
   1.06800    0.293412E-07
   1.07000    0.296335E-07
   1.07200    0.299663E-07
   1.07400    0.302603E-07
   1.07600    0.304427E-07
   1.07800    0.304579E-07
   1.08000    0.302743E-07
   1.08200    0.298889E-07
   1.08400    0.293271E-07
   1.08600    0.286394E-07
   1.08800    0.278940E-07
   1.09000    0.271671E-07
   1.09200    0.265323E-07
   1.09400    0.260499E-07
   1.09600    0.257583E-07
   1.09800    0.256685E-07
   1.10000    0.257623E-07
   1.10200    0.259944E-07
   1.10400    0.262985E-07
   1.10600    0.265966E-07
   1.10800    0.268096E-07
   1.11000    0.268684E-07
   1.11200    0.267241E-07
   1.11400    0.263551E-07
   1.11600    0.257712E-07
   1.11800    0.250126E-07
   1.12000    0.241460E-07
   1.12200    0.232564E-07
   1.12400    0.224364E-07
   1.12600    0.217750E-07
   1.12800    0.213457E-07
   1.13000    0.211970E-07
   1.13200    0.213465E-07
   1.13400    0.217775E-07
   1.13600    0.224414E-07
   1.13800    0.232636E-07
   1.14000    0.241524E-07
   1.14200    0.250109E-07
   1.14400    0.257490E-07
   1.14600    0.262946E-07
   1.14800    0.266024E-07
   1.15000    0.266584E-07
   1.15200    0.264807E-07
   1.15400    0.261156E-07
   1.15600    0.256302E-07
   1.15800    0.251017E-07
   1.16000    0.246063E-07
   1.16200    0.242084E-07
   1.16400    0.239521E-07
   1.16600    0.238550E-07
   1.16800    0.239078E-07
   1.17000    0.240763E-07
   1.17200    0.243077E-07
   1.17400    0.245399E-07
   1.17600    0.247114E-07
   1.17800    0.247710E-07
   1.18000    0.246856E-07
   1.18200    0.244458E-07
   1.18400    0.240669E-07
   1.18600    0.235867E-07
   1.18800    0.230598E-07
   1.19000    0.225497E-07
   1.19200    0.221190E-07
   1.19400    0.218205E-07
   1.19600    0.216889E-07
   1.19800    0.217354E-07
   1.20000    0.219456E-07
   1.20200    0.222810E-07
   1.20400    0.226834E-07
   1.20600    0.230833E-07
   1.20800    0.234089E-07
   1.21000    0.235958E-07
   1.21200    0.235961E-07
   1.21400    0.233851E-07
   1.21600    0.229645E-07
   1.21800    0.223620E-07
   1.22000    0.216274E-07
   1.22200    0.208254E-07
   1.22400    0.200269E-07
   1.22600    0.192986E-07
   1.22800    0.186946E-07
   1.23000    0.182496E-07
   1.23200    0.179747E-07
   1.23400    0.178579E-07
   1.23600    0.178673E-07
   1.23800    0.179579E-07
   1.24000    0.180798E-07
   1.24200    0.181877E-07
   1.24400    0.182489E-07
   1.24600    0.182496E-07
   1.24800    0.181970E-07
   1.25000    0.181195E-07
   1.25200    0.180614E-07
   1.25400    0.180757E-07
   1.25600    0.182148E-07
   1.25800    0.185211E-07
   1.26000    0.190182E-07
   1.26200    0.197054E-07
   1.26400    0.205551E-07
   1.26600    0.215152E-07
   1.26800    0.225143E-07
   1.27000    0.234712E-07
   1.27200    0.243055E-07
   1.27400    0.249489E-07
   1.27600    0.253546E-07
   1.27800    0.255038E-07
   1.28000    0.254085E-07
   1.28200    0.251089E-07
   1.28400    0.246669E-07
   1.28600    0.241565E-07
   1.28800    0.236522E-07
   1.29000    0.232175E-07
   1.29200    0.228956E-07
   1.29400    0.227033E-07
   1.29600    0.226296E-07
   1.29800    0.226391E-07
   1.30000    0.226789E-07
   1.30200    0.226893E-07
   1.30400    0.226145E-07
   1.30600    0.224132E-07
   1.30800    0.220668E-07
   1.31000    0.215829E-07
   1.31200    0.209952E-07
   1.31400    0.203587E-07
   1.31600    0.197412E-07
   1.31800    0.192129E-07
   1.32000    0.188357E-07
   1.32200    0.186535E-07
   1.32400    0.186858E-07
   1.32600    0.189252E-07
   1.32800    0.193390E-07
   1.33000    0.198747E-07
   1.33200    0.204694E-07
   1.33400    0.210593E-07
   1.33600    0.215903E-07
   1.33800    0.220261E-07
   1.34000    0.223530E-07
   1.34200    0.225807E-07
   1.34400    0.227385E-07
   1.34600    0.228684E-07
   1.34800    0.230153E-07
   1.35000    0.232166E-07
   1.35200    0.234933E-07
   1.35400    0.238438E-07
   1.35600    0.242423E-07
   1.35800    0.246414E-07
   1.36000    0.249796E-07
   1.36200    0.251915E-07
   1.36400    0.252195E-07
   1.36600    0.250255E-07
   1.36800    0.245990E-07
   1.37000    0.239614E-07
   1.37200    0.231648E-07
   1.37400    0.222857E-07
   1.37600    0.214149E-07
   1.37800    0.206445E-07
   1.38000    0.200546E-07
   1.38200    0.197018E-07
   1.38400    0.196124E-07
   1.38600    0.197790E-07
   1.38800    0.201640E-07
   1.39000    0.207065E-07
   1.39200    0.213335E-07
   1.39400    0.219714E-07
   1.39600    0.225574E-07
   1.39800    0.230476E-07
   1.40000    0.234211E-07
   1.40200    0.236792E-07
   1.40400    0.238410E-07
   1.40600    0.239351E-07
   1.40800    0.239902E-07
   1.41000    0.240268E-07
   1.41200    0.240511E-07
   1.41400    0.240523E-07
   1.41600    0.240048E-07
   1.41800    0.238738E-07
   1.42000    0.236239E-07
   1.42200    0.232286E-07
   1.42400    0.226787E-07
   1.42600    0.219875E-07
   1.42800    0.211922E-07
   1.43000    0.203508E-07
   1.43200    0.195346E-07
   1.43400    0.188178E-07
   1.43600    0.182663E-07
   1.43800    0.179276E-07
   1.44000    0.178235E-07
   1.44200    0.179471E-07
   1.44400    0.182641E-07
   1.44600    0.187185E-07
   1.44800    0.192420E-07
   1.45000    0.197638E-07
   1.45200    0.202201E-07
   1.45400    0.205623E-07
   1.45600    0.207607E-07
   1.45800    0.208056E-07
   1.46000    0.207042E-07
   1.46200    0.204761E-07
   1.46400    0.201469E-07
   1.46600    0.197428E-07
   1.46800    0.192868E-07
   1.47000    0.187967E-07
   1.47200    0.182860E-07
   1.47400    0.177667E-07
   1.47600    0.172526E-07
   1.47800    0.167629E-07
   1.48000    0.163234E-07
   1.48200    0.159664E-07
   1.48400    0.157276E-07
   1.48600    0.156405E-07
   1.48800    0.157295E-07
   1.49000    0.160036E-07
   1.49200    0.164507E-07
   1.49400    0.170354E-07
   1.49600    0.177000E-07
   1.49800    0.183695E-07
   1.50000    0.189600E-07
   1.50200    0.193895E-07
   1.50400    0.195886E-07
   1.50600    0.195102E-07
   1.50800    0.191359E-07
   1.51000    0.184790E-07
   1.51200    0.175817E-07
   1.51400    0.165094E-07
   1.51600    0.153412E-07
   1.51800    0.141595E-07
   1.52000    0.130400E-07
   1.52200    0.120437E-07
   1.52400    0.112123E-07
   1.52600    0.105666E-07
   1.52800    0.101087E-07
   1.53000    0.982600E-08
   1.53200    0.969638E-08
   1.53400    0.969317E-08
   1.53600    0.978881E-08
   1.53800    0.995690E-08
   1.54000    0.101726E-07
   1.54200    0.104117E-07
   1.54400    0.106500E-07
   1.54600    0.108628E-07
   1.54800    0.110259E-07
   1.55000    0.111175E-07
   1.55200    0.111220E-07
   1.55400    0.110329E-07
   1.55600    0.108559E-07
   1.55800    0.106100E-07
   1.56000    0.103257E-07
   1.56200    0.100420E-07
   1.56400    0.979971E-08
   1.56600    0.963541E-08
   1.56800    0.957442E-08
   1.57000    0.962569E-08
   1.57200    0.977969E-08
   1.57400    0.100094E-07
   1.57600    0.102747E-07
   1.57800    0.105290E-07
   1.58000    0.107279E-07
   1.58200    0.108365E-07
   1.58400    0.108361E-07
   1.58600    0.107272E-07
   1.58800    0.105291E-07
   1.59000    0.102765E-07
   1.59200    0.100129E-07
   1.59400    0.978286E-08
   1.59600    0.962443E-08
   1.59800    0.956278E-08
   1.60000    0.960668E-08
   1.60200    0.974786E-08
   1.60400    0.996337E-08
   1.60600    0.102203E-07
   1.60800    0.104815E-07
   1.61000    0.107121E-07
   1.61200    0.108844E-07
   1.61400    0.109814E-07
   1.61600    0.109982E-07
   1.61800    0.109419E-07
   1.62000    0.108294E-07
   1.62200    0.106842E-07
   1.62400    0.105337E-07
   1.62600    0.104057E-07
   1.62800    0.103257E-07
   1.63000    0.103148E-07
   1.63200    0.103879E-07
   1.63400    0.105526E-07
   1.63600    0.108079E-07
   1.63800    0.111442E-07
   1.64000    0.115433E-07
   1.64200    0.119806E-07
   1.64400    0.124270E-07
   1.64600    0.128527E-07
   1.64800    0.132320E-07
   1.65000    0.135469E-07
   1.65200    0.137906E-07
   1.65400    0.139691E-07
   1.65600    0.141001E-07
   1.65800    0.142100E-07
   1.66000    0.143291E-07
   1.66200    0.144853E-07
   1.66400    0.146989E-07
   1.66600    0.149787E-07
   1.66800    0.153204E-07
   1.67000    0.157079E-07
   1.67200    0.161174E-07
   1.67400    0.165225E-07
   1.67600    0.169000E-07
   1.67800    0.172344E-07
   1.68000    0.175201E-07
   1.68200    0.177613E-07
   1.68400    0.179695E-07
   1.68600    0.181587E-07
   1.68800    0.183410E-07
   1.69000    0.185222E-07
   1.69200    0.186997E-07
   1.69400    0.188625E-07
   1.69600    0.189938E-07
   1.69800    0.190747E-07
   1.70000    0.190892E-07
   1.70200    0.190281E-07
   1.70400    0.188924E-07
   1.70600    0.186937E-07
   1.70800    0.184531E-07
   1.71000    0.181985E-07
   1.71200    0.179604E-07
   1.71400    0.177678E-07
   1.71600    0.176445E-07
   1.71800    0.176059E-07
   1.72000    0.176578E-07
   1.72200    0.177956E-07
   1.72400    0.180053E-07
   1.72600    0.182645E-07
   1.72800    0.185446E-07
   1.73000    0.188132E-07
   1.73200    0.190369E-07
   1.73400    0.191841E-07
   1.73600    0.192284E-07
   1.73800    0.191510E-07
   1.74000    0.189436E-07
   1.74200    0.186094E-07
   1.74400    0.181637E-07
   1.74600    0.176330E-07
   1.74800    0.170528E-07
   1.75000    0.164645E-07
   1.75200    0.159116E-07
   1.75400    0.154358E-07
   1.75600    0.150731E-07
   1.75800    0.148512E-07
   1.76000    0.147865E-07
   1.76200    0.148831E-07
   1.76400    0.151322E-07
   1.76600    0.155122E-07
   1.76800    0.159910E-07
   1.77000    0.165277E-07
   1.77200    0.170760E-07
   1.77400    0.175890E-07
   1.77600    0.180229E-07
   1.77800    0.183421E-07
   1.78000    0.185227E-07
   1.78200    0.185551E-07
   1.78400    0.184450E-07
   1.78600    0.182121E-07
   1.78800    0.178874E-07
   1.79000    0.175090E-07
   1.79200    0.171172E-07
   1.79400    0.167498E-07
   1.79600    0.164374E-07
   1.79800    0.162014E-07
   1.80000    0.160520E-07
   1.80200    0.159887E-07
   1.80400    0.160013E-07
   1.80600    0.160726E-07
   1.80800    0.161808E-07
   1.81000    0.163029E-07
   1.81200    0.164171E-07
   1.81400    0.165058E-07
   1.81600    0.165575E-07
   1.81800    0.165679E-07
   1.82000    0.165408E-07
   1.82200    0.164869E-07
   1.82400    0.164229E-07
   1.82600    0.163692E-07
   1.82800    0.163469E-07
   1.83000    0.163756E-07
   1.83200    0.164704E-07
   1.83400    0.166407E-07
   1.83600    0.168887E-07
   1.83800    0.172104E-07
   1.84000    0.175962E-07
   1.84200    0.180329E-07
   1.84400    0.185061E-07
   1.84600    0.190021E-07
   1.84800    0.195094E-07
   1.85000    0.200206E-07
   1.85200    0.205317E-07
   1.85400    0.210425E-07
   1.85600    0.215554E-07
   1.85800    0.220743E-07
   1.86000    0.226028E-07
   1.86200    0.231435E-07
   1.86400    0.236969E-07
   1.86600    0.242618E-07
   1.86800    0.248350E-07
   1.87000    0.254115E-07
   1.87200    0.259863E-07
   1.87400    0.265551E-07
   1.87600    0.271148E-07
   1.87800    0.276642E-07
   1.88000    0.282041E-07
   1.88200    0.287375E-07
   1.88400    0.292693E-07
   1.88600    0.298065E-07
   1.88800    0.303594E-07
   1.89000    0.309435E-07
   1.89200    0.315819E-07
   1.89400    0.323138E-07
   1.89600    0.331892E-07
   1.89800    0.342858E-07
   1.90000    0.357173E-07
   1.90200    0.376278E-07
   1.90400    0.402029E-07
   1.90600    0.436649E-07
   1.90800    0.482682E-07
   1.91000    0.542867E-07
   1.91200    0.619951E-07
   1.91400    0.716445E-07
   1.91600    0.834320E-07
   1.91800    0.974653E-07
   1.92000    0.113726E-06
   1.92200    0.132031E-06
   1.92400    0.151996E-06
   1.92600    0.173001E-06
   1.92800    0.194163E-06
   1.93000    0.214328E-06
   1.93200    0.232072E-06
   1.93400    0.245748E-06
   1.93600    0.253552E-06
   1.93800    0.253645E-06
   1.94000    0.244305E-06
   1.94200    0.224114E-06
   1.94400    0.192152E-06
   1.94600    0.148178E-06
   1.94800    0.927604E-07
   1.95000    0.273395E-07
   1.95200   -0.458140E-07
   1.95400   -0.123737E-06
   1.95600   -0.203003E-06
   1.95800   -0.280021E-06
   1.96000   -0.351351E-06
   1.96200   -0.414005E-06
   1.96400   -0.465686E-06
   1.96600   -0.504938E-06
   1.96800   -0.531190E-06
   1.97000   -0.544699E-06
   1.97200   -0.546425E-06
   1.97400   -0.537841E-06
   1.97600   -0.520735E-06
   1.97800   -0.497023E-06
   1.98000   -0.468589E-06
   1.98200   -0.437169E-06
   1.98400   -0.404283E-06
   1.98600   -0.371201E-06
   1.98800   -0.338935E-06
   1.99000   -0.308250E-06
   1.99200   -0.279682E-06
   1.99400   -0.253561E-06
   1.99600   -0.230029E-06
   1.99800   -0.209057E-06
   2.00000   -0.190466E-06
   2.00200   -0.173954E-06
   2.00400   -0.159121E-06
   2.00600   -0.145504E-06
   2.00800   -0.132619E-06
   2.01000   -0.120009E-06
   2.01200   -0.107285E-06
   2.01400   -0.941675E-07
   2.01600   -0.805246E-07
   2.01800   -0.663780E-07
   2.02000   -0.519186E-07
   2.02200   -0.374844E-07
   2.02400   -0.235168E-07
   2.02600   -0.105217E-07
   2.02800    0.991729E-09
   2.03000    0.105661E-07
   2.03200    0.178455E-07
   2.03400    0.226115E-07
   2.03600    0.247999E-07
   2.03800    0.245010E-07
   2.04000    0.219430E-07
   2.04200    0.174629E-07
   2.04400    0.114710E-07
   2.04600    0.441763E-08
   2.04800   -0.323926E-08
   2.05000   -0.110608E-07
   2.05200   -0.186473E-07
   2.05400   -0.256533E-07
   2.05600   -0.317990E-07
   2.05800   -0.368785E-07
   2.06000   -0.407664E-07
   2.06200   -0.434200E-07
   2.06400   -0.448777E-07
   2.06600   -0.452519E-07
   2.06800   -0.447154E-07
   2.07000   -0.434829E-07
   2.07200   -0.417882E-07
   2.07400   -0.398599E-07
   2.07600   -0.378996E-07
   2.07800   -0.360642E-07
   2.08000   -0.344554E-07
   2.08200   -0.331175E-07
   2.08400   -0.320421E-07
   2.08600   -0.311800E-07
   2.08800   -0.304564E-07
   2.09000   -0.297880E-07
   2.09200   -0.290981E-07
   2.09400   -0.283288E-07
   2.09600   -0.274483E-07
   2.09800   -0.264526E-07
   2.10000   -0.253648E-07
   2.10200   -0.242288E-07
   2.10400   -0.230988E-07
   2.10600   -0.220318E-07
   2.10800   -0.210783E-07
   2.11000   -0.202755E-07
   2.11200   -0.196424E-07
   2.11400   -0.191778E-07
   2.11600   -0.188627E-07
   2.11800   -0.186640E-07
   2.12000   -0.185401E-07
   2.12200   -0.184476E-07
   2.12400   -0.183478E-07
   2.12600   -0.182116E-07
   2.12800   -0.180229E-07
   2.13000   -0.177796E-07
   2.13200   -0.174928E-07
   2.13400   -0.171838E-07
   2.13600   -0.168803E-07
   2.13800   -0.166121E-07
   2.14000   -0.164067E-07
   2.14200   -0.162850E-07
   2.14400   -0.162585E-07
   2.14600   -0.163265E-07
   2.14800   -0.164759E-07
   2.15000   -0.166808E-07
   2.15200   -0.169046E-07
   2.15400   -0.171027E-07
   2.15600   -0.172264E-07
   2.15800   -0.172271E-07
   2.16000   -0.170613E-07
   2.16200   -0.166942E-07
   2.16400   -0.161043E-07
   2.16600   -0.152849E-07
   2.16800   -0.142461E-07
   2.17000   -0.130136E-07
   2.17200   -0.116275E-07
   2.17400   -0.101392E-07
   2.17600   -0.860662E-08
   2.17800   -0.709006E-08
   2.18000   -0.564636E-08
   2.18200   -0.432408E-08
   2.18400   -0.315917E-08
   2.18600   -0.217162E-08
   2.18800   -0.136358E-08
   2.19000   -0.718816E-09
   2.19200   -0.203845E-09
   2.19400    0.229586E-09
   2.19600    0.641042E-09
   2.19800    0.109773E-08
   2.20000    0.166918E-08
   2.20200    0.242509E-08
   2.20400    0.343138E-08
   2.20600    0.474715E-08
   2.20800    0.642292E-08
   2.21000    0.849927E-08
   2.21200    0.110057E-07
   2.21400    0.139601E-07
   2.21600    0.173677E-07
   2.21800    0.212210E-07
   2.22000    0.254989E-07
   2.22200    0.301662E-07
   2.22400    0.351728E-07
   2.22600    0.404524E-07
   2.22800    0.459200E-07
   2.23000    0.514679E-07
   2.23200    0.569604E-07
   2.23400    0.622267E-07
   2.23600    0.670540E-07
   2.23800    0.711827E-07
   2.24000    0.743063E-07
   2.24200    0.760790E-07
   2.24400    0.761338E-07
   2.24600    0.741114E-07
   2.24800    0.696986E-07
   2.25000    0.626734E-07
   2.25200    0.529489E-07
   2.25400    0.406098E-07
   2.25600    0.259332E-07
   2.25800    0.938805E-08
   2.26000   -0.839004E-08
   2.26200   -0.266465E-07
   2.26400   -0.445731E-07
   2.26600   -0.613814E-07
   2.26800   -0.763754E-07
   2.27000   -0.890113E-07
   2.27200   -0.989377E-07
   2.27400   -0.106013E-06
   2.27600   -0.110295E-06
   2.27800   -0.112016E-06
   2.28000   -0.111535E-06
   2.28200   -0.109294E-06
   2.28400   -0.105761E-06
   2.28600   -0.101390E-06
   2.28800   -0.965870E-07
   2.29000   -0.916903E-07
   2.29200   -0.869576E-07
   2.29400   -0.825676E-07
   2.29600   -0.786267E-07
   2.29800   -0.751811E-07
   2.30000   -0.722301E-07
   2.30200   -0.697401E-07
   2.30400   -0.676569E-07
   2.30600   -0.659157E-07
   2.30800   -0.644492E-07
   2.31000   -0.631931E-07
   2.31200   -0.620895E-07
   2.31400   -0.610889E-07
   2.31600   -0.601510E-07
   2.31800   -0.592445E-07
   2.32000   -0.583469E-07
   2.32200   -0.574428E-07
   2.32400   -0.565244E-07
   2.32600   -0.555894E-07
   2.32800   -0.546396E-07
   2.33000   -0.536801E-07
   2.33200   -0.527184E-07
   2.33400   -0.517632E-07
   2.33600   -0.508236E-07
   2.33800   -0.499086E-07
   2.34000   -0.490260E-07
   2.34200   -0.481827E-07
   2.34400   -0.473840E-07
   2.34600   -0.466334E-07
   2.34800   -0.459328E-07
   2.35000   -0.452820E-07
   2.35200   -0.446788E-07
   2.35400   -0.441191E-07
   2.35600   -0.435969E-07
   2.35800   -0.431054E-07
   2.36000   -0.426367E-07
   2.36200   -0.421839E-07
   2.36400   -0.417417E-07
   2.36600   -0.413075E-07
   2.36800   -0.408827E-07
   2.37000   -0.404727E-07
   2.37200   -0.400871E-07
   2.37400   -0.397381E-07
   2.37600   -0.394394E-07
   2.37800   -0.392036E-07
   2.38000   -0.390400E-07
   2.38200   -0.389526E-07
   2.38400   -0.389388E-07
   2.38600   -0.389886E-07
   2.38800   -0.390855E-07
   2.39000   -0.392076E-07
   2.39200   -0.393299E-07
   2.39400   -0.394269E-07
   2.39600   -0.394752E-07
   2.39800   -0.394560E-07
   2.40000   -0.393566E-07
   2.40200   -0.391714E-07
   2.40400   -0.389024E-07
   2.40600   -0.385583E-07
   2.40800   -0.381533E-07
   2.41000   -0.377057E-07
   2.41200   -0.372355E-07
   2.41400   -0.367623E-07
   2.41600   -0.363040E-07
   2.41800   -0.358747E-07
   2.42000   -0.354839E-07
   2.42200   -0.351361E-07
   2.42400   -0.348310E-07
   2.42600   -0.345640E-07
   2.42800   -0.343270E-07
   2.43000   -0.341100E-07
   2.43200   -0.339018E-07
   2.43400   -0.336911E-07
   2.43600   -0.334673E-07
   2.43800   -0.332210E-07
   2.44000   -0.329440E-07
   2.44200   -0.326297E-07
   2.44400   -0.322726E-07
   2.44600   -0.318688E-07
   2.44800   -0.314159E-07
   2.45000   -0.309134E-07
   2.45200   -0.303627E-07
   2.45400   -0.297678E-07
   2.45600   -0.291353E-07
   2.45800   -0.284748E-07
   2.46000   -0.277984E-07
   2.46200   -0.271197E-07
   2.46400   -0.264536E-07
   2.46600   -0.258140E-07
   2.46800   -0.252131E-07
   2.47000   -0.246596E-07
   2.47200   -0.241580E-07
   2.47400   -0.237076E-07
   2.47600   -0.233029E-07
   2.47800   -0.229343E-07
   2.48000   -0.225892E-07
   2.48200   -0.222534E-07
   2.48400   -0.219131E-07
   2.48600   -0.215564E-07
   2.48800   -0.211743E-07
   2.49000   -0.207619E-07
   2.49200   -0.203186E-07
   2.49400   -0.198473E-07
   2.49600   -0.193545E-07
   2.49800   -0.188487E-07
   2.50000   -0.183396E-07
   2.50200   -0.178369E-07
   2.50400   -0.173489E-07
   2.50600   -0.168824E-07
   2.50800   -0.164414E-07
   2.51000   -0.160275E-07
   2.51200   -0.156394E-07
   2.51400   -0.152733E-07
   2.51600   -0.149233E-07
   2.51800   -0.145817E-07
   2.52000   -0.142396E-07
   2.52200   -0.138878E-07
   2.52400   -0.135169E-07
   2.52600   -0.131187E-07
   2.52800   -0.126862E-07
   2.53000   -0.122149E-07
   2.53200   -0.117029E-07
   2.53400   -0.111513E-07
   2.53600   -0.105647E-07
   2.53800   -0.995011E-08
   2.54000   -0.931692E-08
   2.54200   -0.867547E-08
   2.54400   -0.803601E-08
   2.54600   -0.740743E-08
   2.54800   -0.679631E-08
   2.55000   -0.620624E-08
   2.55200   -0.563769E-08
   2.55400   -0.508832E-08
   2.55600   -0.455371E-08
   2.55800   -0.402832E-08
   2.56000   -0.350649E-08
   2.56200   -0.298343E-08
   2.56400   -0.245578E-08
   2.56600   -0.192214E-08
   2.56800   -0.138305E-08
   2.57000   -0.840877E-09
   2.57200   -0.299502E-09
   2.57400    0.236192E-09
   2.57600    0.760883E-09
   2.57800    0.126940E-08
   2.58000    0.175718E-08
   2.58200    0.222082E-08
   2.58400    0.265836E-08
   2.58600    0.306934E-08
   2.58800    0.345460E-08
   2.59000    0.381582E-08
   2.59200    0.415488E-08
   2.59400    0.447304E-08
   2.59600    0.477039E-08
   2.59800    0.504534E-08
   2.60000    0.529471E-08
   2.60200    0.551408E-08
   2.60400    0.569848E-08
   2.60600    0.584338E-08
   2.60800    0.594562E-08
   2.61000    0.600419E-08
   2.61200    0.602063E-08
   2.61400    0.599900E-08
   2.61600    0.594556E-08
   2.61800    0.586807E-08
   2.62000    0.577496E-08
   2.62200    0.567455E-08
   2.62400    0.557450E-08
   2.62600    0.548132E-08
   2.62800    0.540027E-08
   2.63000    0.533525E-08
   2.63200    0.528886E-08
   2.63400    0.526246E-08
   2.63600    0.525606E-08
   2.63800    0.526831E-08
   2.64000    0.529635E-08
   2.64200    0.533587E-08
   2.64400    0.538128E-08
   2.64600    0.542609E-08
   2.64800    0.546355E-08
   2.65000    0.548743E-08
   2.65200    0.549283E-08
   2.65400    0.547685E-08
   2.65600    0.543899E-08
   2.65800    0.538123E-08
   2.66000    0.530754E-08
   2.66200    0.522320E-08
   2.66400    0.513366E-08
   2.66600    0.504362E-08
   2.66800    0.495599E-08
   2.67000    0.487143E-08
   2.67200    0.478816E-08
   2.67400    0.470243E-08
   2.67600    0.460924E-08
   2.67800    0.450339E-08
   2.68000    0.438068E-08
   2.68200    0.423885E-08
   2.68400    0.407829E-08
   2.68600    0.390240E-08
   2.68800    0.371737E-08
   2.69000    0.353159E-08
   2.69200    0.335468E-08
   2.69400    0.319624E-08
   2.69600    0.306457E-08
   2.69800    0.296552E-08
   2.70000    0.290172E-08
   2.70200    0.287222E-08
   2.70400    0.287271E-08
   2.70600    0.289620E-08
   2.70800    0.293420E-08
   2.71000    0.297799E-08
   2.71200    0.301980E-08
   2.71400    0.305365E-08
   2.71600    0.307585E-08
   2.71800    0.308468E-08
   2.72000    0.307984E-08
   2.72200    0.306141E-08
   2.72400    0.302902E-08
   2.72600    0.298112E-08
   2.72800    0.291475E-08
   2.73000    0.282587E-08
   2.73200    0.271024E-08
   2.73400    0.256451E-08
   2.73600    0.238738E-08
   2.73800    0.218049E-08
   2.74000    0.194873E-08
   2.74200    0.169989E-08
   2.74400    0.144367E-08
   2.74600    0.119005E-08
   2.74800    0.947717E-09
   2.75000    0.722289E-09
   2.75200    0.515211E-09
   2.75400    0.323302E-09
   2.75600    0.139131E-09
   2.75800   -0.477592E-10
   2.76000   -0.249202E-09
   2.76200   -0.476451E-09
   2.76400   -0.738490E-09
   2.76600   -0.104083E-08
   2.76800   -0.138496E-08
   2.77000   -0.176900E-08
   2.77200   -0.218881E-08
   2.77400   -0.263968E-08
   2.77600   -0.311826E-08
   2.77800   -0.362433E-08
   2.78000   -0.416182E-08
   2.78200   -0.473943E-08
   2.78400   -0.537044E-08
   2.78600   -0.607172E-08
   2.78800   -0.686015E-08
   2.79000   -0.775724E-08
   2.79200   -0.878258E-08
   2.79400   -0.995583E-08
   2.79600   -0.112966E-07
   2.79800   -0.128260E-07
   2.80000   -0.145677E-07
   2.80200   -0.165493E-07
   2.80400   -0.188032E-07
   2.80600   -0.213654E-07
   2.80800   -0.242729E-07
   2.81000   -0.275567E-07
   2.81200   -0.312330E-07
   2.81400   -0.352895E-07
   2.81600   -0.396703E-07
   2.81800   -0.442588E-07
   2.82000   -0.488625E-07
   2.82200   -0.532024E-07
   2.82400   -0.569110E-07
   2.82600   -0.595418E-07
   2.82800   -0.605938E-07
   2.83000   -0.595510E-07
   2.83200   -0.559346E-07
   2.83400   -0.493641E-07
   2.83600   -0.396179E-07
   2.83800   -0.266855E-07
   2.84000   -0.108009E-07
   2.84200    0.755092E-08
   2.84400    0.276574E-07
   2.84600    0.486328E-07
   2.84800    0.694967E-07
   2.85000    0.892662E-07
   2.85200    0.107050E-06
   2.85400    0.122128E-06
   2.85600    0.134011E-06
   2.85800    0.142470E-06
   2.86000    0.147528E-06
   2.86200    0.149432E-06
   2.86400    0.148601E-06
   2.86600    0.145559E-06
   2.86800    0.140875E-06
   2.87000    0.135101E-06
   2.87200    0.128733E-06
   2.87400    0.122182E-06
   2.87600    0.115760E-06
   2.87800    0.109682E-06
   2.88000    0.104074E-06
   2.88200    0.989934E-07
   2.88400    0.944417E-07
   2.88600    0.903859E-07
   2.88800    0.867719E-07
   2.89000    0.835376E-07
   2.89200    0.806217E-07
   2.89400    0.779694E-07
   2.89600    0.755363E-07
   2.89800    0.732894E-07
   2.90000    0.712068E-07
   2.90200    0.692767E-07
   2.90400    0.674955E-07
   2.90600    0.658654E-07
   2.90800    0.643926E-07
   2.91000    0.630838E-07
   2.91200    0.619496E-07
   2.91400    0.609963E-07
   2.91600    0.602286E-07
   2.91800    0.596476E-07
   2.92000    0.592495E-07
   2.92200    0.590242E-07
   2.92400    0.589542E-07
   2.92600    0.590137E-07
   2.92800    0.591689E-07
   2.93000    0.593784E-07
   2.93200    0.595957E-07
   2.93400    0.597719E-07
   2.93600    0.598603E-07
   2.93800    0.598199E-07
   2.94000    0.596201E-07
   2.94200    0.592433E-07
   2.94400    0.586867E-07
   2.94600    0.579624E-07
   2.94800    0.570955E-07
   2.95000    0.561208E-07
   2.95200    0.550789E-07
   2.95400    0.540115E-07
   2.95600    0.529579E-07
   2.95800    0.519506E-07
   2.96000    0.510140E-07
   2.96200    0.501624E-07
   2.96400    0.494003E-07
   2.96600    0.487232E-07
   2.96800    0.481191E-07
   2.97000    0.475707E-07
   2.97200    0.470574E-07
   2.97400    0.465586E-07
   2.97600    0.460552E-07
   2.97800    0.455325E-07
   2.98000    0.449816E-07
   2.98200    0.444002E-07
   2.98400    0.437933E-07
   2.98600    0.431722E-07
   2.98800    0.425533E-07
   2.99000    0.419558E-07
   2.99200    0.413992E-07
   2.99400    0.409012E-07
   2.99600    0.404754E-07
   2.99800    0.401296E-07
   3.00000    0.398657E-07
   3.00200    0.396790E-07
   3.00400    0.395601E-07
   3.00600    0.394954E-07
   3.00800    0.394692E-07
   3.01000    0.394654E-07
   3.01200    0.394692E-07
   3.01400    0.394676E-07
   3.01600    0.394511E-07
   3.01800    0.394132E-07
   3.02000    0.393510E-07
   3.02200    0.392647E-07
   3.02400    0.391570E-07
   3.02600    0.390327E-07
   3.02800    0.388979E-07
   3.03000    0.387590E-07
   3.03200    0.386225E-07
   3.03400    0.384940E-07
   3.03600    0.383777E-07
   3.03800    0.382764E-07
   3.04000    0.381912E-07
   3.04200    0.381216E-07
   3.04400    0.380658E-07
   3.04600    0.380209E-07
   3.04800    0.379832E-07
   3.05000    0.379487E-07
   3.05200    0.379131E-07
   3.05400    0.378719E-07
   3.05600    0.378205E-07
   3.05800    0.377546E-07
   3.06000    0.376700E-07
   3.06200    0.375631E-07
   3.06400    0.374310E-07
   3.06600    0.372721E-07
   3.06800    0.370864E-07
   3.07000    0.368755E-07
   3.07200    0.366431E-07
   3.07400    0.363946E-07
   3.07600    0.361369E-07
   3.07800    0.358779E-07
   3.08000    0.356264E-07
   3.08200    0.353907E-07
   3.08400    0.351789E-07
   3.08600    0.349974E-07
   3.08800    0.348510E-07
   3.09000    0.347421E-07
   3.09200    0.346709E-07
   3.09400    0.346347E-07
   3.09600    0.346283E-07
   3.09800    0.346444E-07
   3.10000    0.346741E-07
   3.10200    0.347073E-07
   3.10400    0.347339E-07
   3.10600    0.347445E-07
   3.10800    0.347315E-07
   3.11000    0.346894E-07
   3.11200    0.346164E-07
   3.11400    0.345137E-07
   3.11600    0.343863E-07
   3.11800    0.342421E-07
   3.12000    0.340915E-07
   3.12200    0.339465E-07
   3.12400    0.338188E-07
   3.12600    0.337189E-07
   3.12800    0.336541E-07
   3.13000    0.336272E-07
   3.13200    0.336351E-07
   3.13400    0.336677E-07
   3.13600    0.337076E-07
   3.13800    0.337295E-07
   3.14000    0.337010E-07
   3.14200    0.335839E-07
   3.14400    0.333366E-07
   3.14600    0.329172E-07
   3.14800    0.322876E-07
   3.15000    0.314190E-07
   3.15200    0.302973E-07
   3.15400    0.289279E-07
   3.15600    0.273402E-07
   3.15800    0.255895E-07
   3.16000    0.237561E-07
   3.16200    0.219416E-07
   3.16400    0.202615E-07
   3.16600    0.188349E-07
   3.16800    0.177731E-07
   3.17000    0.171676E-07
   3.17200    0.170801E-07
   3.17400    0.175355E-07
   3.17600    0.185190E-07
   3.17800    0.199777E-07
   3.18000    0.218270E-07
   3.18200    0.239594E-07
   3.18400    0.262554E-07
   3.18600    0.285952E-07
   3.18800    0.308677E-07
   3.19000    0.329785E-07
   3.19200    0.348544E-07
   3.19400    0.364440E-07
   3.19600    0.377189E-07
   3.19800    0.386693E-07
   3.20000    0.393022E-07
   3.20200    0.396367E-07
   3.20400    0.397025E-07
   3.20600    0.395366E-07
   3.20800    0.391823E-07
   3.21000    0.386885E-07
   3.21200    0.381091E-07
   3.21400    0.375030E-07
   3.21600    0.369331E-07
   3.21800    0.364651E-07
   3.22000    0.361658E-07
   3.22200    0.360993E-07
   3.22400    0.363231E-07
   3.22600    0.368827E-07
   3.22800    0.378047E-07
   3.23000    0.390906E-07
   3.23200    0.407091E-07
   3.23400    0.425914E-07
   3.23600    0.446279E-07
   3.23800    0.466694E-07
   3.24000    0.485331E-07
   3.24200    0.500141E-07
   3.24400    0.509026E-07
   3.24600    0.510052E-07
   3.24800    0.501674E-07
   3.25000    0.482950E-07
   3.25200    0.453702E-07
   3.25400    0.414598E-07
   3.25600    0.367134E-07
   3.25800    0.313507E-07
   3.26000    0.256399E-07
   3.26200    0.198696E-07
   3.26400    0.143184E-07
   3.26600    0.922738E-08
   3.26800    0.477737E-08
   3.27000    0.107651E-08
   3.27200   -0.184305E-08
   3.27400   -0.401875E-08
   3.27600   -0.554365E-08
   3.27800   -0.654773E-08
   3.28000   -0.717768E-08
   3.28200   -0.757788E-08
   3.28400   -0.787487E-08
   3.28600   -0.816663E-08
   3.28800   -0.851709E-08
   3.29000   -0.895570E-08
   3.29200   -0.948112E-08
   3.29400   -0.100678E-07
   3.29600   -0.106744E-07
   3.29800   -0.112521E-07
   3.30000   -0.117533E-07
   3.30200   -0.121375E-07
   3.30400   -0.123757E-07
   3.30600   -0.124533E-07
   3.30800   -0.123692E-07
   3.31000   -0.121353E-07
   3.31200   -0.117730E-07
   3.31400   -0.113103E-07
   3.31600   -0.107774E-07
   3.31800   -0.102054E-07
   3.32000   -0.962247E-08
   3.32200   -0.905257E-08
   3.32400   -0.851423E-08
   3.32600   -0.802118E-08
   3.32800   -0.758136E-08
   3.33000   -0.719798E-08
   3.33200   -0.687042E-08
   3.33400   -0.659507E-08
   3.33600   -0.636630E-08
   3.33800   -0.617746E-08
   3.34000   -0.602168E-08
   3.34200   -0.589267E-08
   3.34400   -0.578503E-08
   3.34600   -0.569449E-08
   3.34800   -0.561796E-08
   3.35000   -0.555323E-08
   3.35200   -0.549909E-08
   3.35400   -0.545459E-08
   3.35600   -0.541921E-08
   3.35800   -0.539263E-08
   3.36000   -0.537482E-08
   3.36200   -0.536613E-08
   3.36400   -0.536729E-08
   3.36600   -0.537955E-08
   3.36800   -0.540455E-08
   3.37000   -0.544404E-08
   3.37200   -0.549955E-08
   3.37400   -0.557179E-08
   3.37600   -0.566019E-08
   3.37800   -0.576247E-08
   3.38000   -0.587435E-08
   3.38200   -0.598972E-08
   3.38400   -0.610086E-08
   3.38600   -0.619923E-08
   3.38800   -0.627621E-08
   3.39000   -0.632411E-08
   3.39200   -0.633708E-08
   3.39400   -0.631170E-08
   3.39600   -0.624747E-08
   3.39800   -0.614682E-08
   3.40000   -0.601474E-08
   3.40200   -0.585823E-08
   3.40400   -0.568551E-08
   3.40600   -0.550520E-08
   3.40800   -0.532556E-08
   3.41000   -0.515399E-08
   3.41200   -0.499668E-08
   3.41400   -0.485850E-08
   3.41600   -0.474317E-08
   3.41800   -0.465337E-08
   3.42000   -0.459097E-08
   3.42200   -0.455716E-08
   3.42400   -0.455241E-08
   3.42600   -0.457638E-08
   3.42800   -0.462778E-08
   3.43000   -0.470415E-08
   3.43200   -0.480192E-08
   3.43400   -0.491651E-08
   3.43600   -0.504276E-08
   3.43800   -0.517551E-08
   3.44000   -0.531031E-08
   3.44200   -0.544406E-08
   3.44400   -0.557556E-08
   3.44600   -0.570573E-08
   3.44800   -0.583751E-08
   3.45000   -0.597535E-08
   3.45200   -0.612442E-08
   3.45400   -0.628968E-08
   3.45600   -0.647495E-08
   3.45800   -0.668212E-08
   3.46000   -0.691071E-08
   3.46200   -0.715783E-08
   3.46400   -0.741848E-08
   3.46600   -0.768633E-08
   3.46800   -0.795446E-08
   3.47000   -0.821632E-08
   3.47200   -0.846641E-08
   3.47400   -0.870076E-08
   3.47600   -0.891709E-08
   3.47800   -0.911450E-08
   3.48000   -0.929307E-08
   3.48200   -0.945314E-08
   3.48400   -0.959466E-08
   3.48600   -0.971654E-08
   3.48800   -0.981623E-08
   3.49000   -0.988945E-08
   3.49200   -0.993021E-08
   3.49400   -0.993082E-08
   3.49600   -0.988235E-08
   3.49800   -0.977482E-08
   3.50000   -0.959770E-08
   3.50200   -0.934050E-08
   3.50400   -0.899323E-08
   3.50600   -0.854716E-08
   3.50800   -0.799552E-08
   3.51000   -0.733429E-08
   3.51200   -0.656288E-08
   3.51400   -0.568466E-08
   3.51600   -0.470737E-08
   3.51800   -0.364290E-08
   3.52000   -0.250696E-08
   3.52200   -0.131829E-08
   3.52400   -0.975660E-10
   3.52600    0.113383E-08
   3.52800    0.235495E-08
   3.53000    0.354657E-08
   3.53200    0.469202E-08
   3.53400    0.577818E-08
   3.53600    0.679538E-08
   3.53800    0.773875E-08
   3.54000    0.860491E-08
   3.54200    0.939798E-08
   3.54400    0.101230E-07
   3.54600    0.107886E-07
   3.54800    0.114055E-07
   3.55000    0.119860E-07
   3.55200    0.125427E-07
   3.55400    0.130874E-07
   3.55600    0.136296E-07
   3.55800    0.141746E-07
   3.56000    0.147210E-07
   3.56200    0.152581E-07
   3.56400    0.157618E-07
   3.56600    0.161916E-07
   3.56800    0.164865E-07
   3.57000    0.165629E-07
   3.57200    0.163132E-07
   3.57400    0.156092E-07
   3.57600    0.143080E-07
   3.57800    0.122637E-07
   3.58000    0.934384E-08
   3.58200    0.544918E-08
   3.58400    0.535187E-09
   3.58600   -0.536828E-08
   3.58800   -0.121428E-07
   3.59000   -0.195762E-07
   3.59200   -0.273695E-07
   3.59400   -0.351567E-07
   3.59600   -0.425352E-07
   3.59800   -0.491055E-07
   3.60000   -0.545120E-07
   3.60200   -0.584817E-07
   3.60400   -0.608516E-07
   3.60600   -0.615835E-07
   3.60800   -0.607624E-07
   3.61000   -0.585798E-07
   3.61200   -0.553058E-07
   3.61400   -0.512539E-07
   3.61600   -0.467456E-07
   3.61800   -0.420784E-07
   3.62000   -0.375025E-07
   3.62200   -0.332072E-07
   3.62400   -0.293165E-07
   3.62600   -0.258942E-07
   3.62800   -0.229534E-07
   3.63000   -0.204701E-07
   3.63200   -0.183962E-07
   3.63400   -0.166713E-07
   3.63600   -0.152324E-07
   3.63800   -0.140193E-07
   3.64000   -0.129789E-07
   3.64200   -0.120659E-07
   3.64400   -0.112434E-07
   3.64600   -0.104817E-07
   3.64800   -0.975788E-08
   3.65000   -0.905482E-08
   3.65200   -0.836098E-08
   3.65400   -0.766994E-08
   3.65600   -0.698037E-08
   3.65800   -0.629518E-08
   3.66000   -0.562180E-08
   3.66200   -0.496894E-08
   3.66400   -0.435046E-08
   3.66600   -0.377727E-08
   3.66800   -0.326031E-08
   3.67000   -0.280795E-08
   3.67200   -0.242491E-08
   3.67400   -0.211165E-08
   3.67600   -0.186411E-08
   3.67800   -0.167392E-08
   3.68000   -0.152917E-08
   3.68200   -0.141537E-08
   3.68400   -0.131671E-08
   3.68600   -0.121735E-08
   3.68800   -0.110281E-08
   3.69000   -0.961124E-09
   3.69200   -0.783856E-09
   3.69400   -0.566750E-09
   3.69600   -0.309922E-09
   3.69800   -0.177526E-10
   3.70000    0.301820E-09
   3.70200    0.638301E-09
   3.70400    0.980048E-09
   3.70600    0.131569E-08
   3.70800    0.163561E-08
   3.71000    0.193300E-08
   3.71200    0.220465E-08
   3.71400    0.245106E-08
   3.71600    0.267604E-08
   3.71800    0.288571E-08
   3.72000    0.308726E-08
   3.72200    0.328748E-08
   3.72400    0.349158E-08
   3.72600    0.370216E-08
   3.72800    0.391887E-08
   3.73000    0.413852E-08
   3.73200    0.435579E-08
   3.73400    0.456437E-08
   3.73600    0.475808E-08
   3.73800    0.493219E-08
   3.74000    0.508430E-08
   3.74200    0.521484E-08
   3.74400    0.532704E-08
   3.74600    0.542640E-08
   3.74800    0.551968E-08
   3.75000    0.561380E-08
   3.75200    0.571455E-08
   3.75400    0.582557E-08
   3.75600    0.594758E-08
   3.75800    0.607812E-08
   3.76000    0.621174E-08
   3.76200    0.634060E-08
   3.76400    0.645552E-08
   3.76600    0.654722E-08
   3.76800    0.660758E-08
   3.77000    0.663083E-08
   3.77200    0.661443E-08
   3.77400    0.655952E-08
   3.77600    0.647099E-08
   3.77800    0.635701E-08
   3.78000    0.622820E-08
   3.78200    0.609654E-08
   3.78400    0.597415E-08
   3.78600    0.587223E-08
   3.78800    0.579988E-08
   3.79000    0.576367E-08
   3.79200    0.576735E-08
   3.79400    0.581200E-08
   3.79600    0.589628E-08
   3.79800    0.601707E-08
   3.80000    0.617004E-08
   3.80200    0.635045E-08
   3.80400    0.655375E-08
   3.80600    0.677638E-08
   3.80800    0.701665E-08
   3.81000    0.727571E-08
   3.81200    0.755864E-08
   3.81400    0.787541E-08
   3.81600    0.824164E-08
   3.81800    0.867867E-08
   3.82000    0.921261E-08
   3.82200    0.987224E-08
   3.82400    0.106854E-07
   3.82600    0.116742E-07
   3.82800    0.128500E-07
   3.83000    0.142073E-07
   3.83200    0.157204E-07
   3.83400    0.173403E-07
   3.83600    0.189958E-07
   3.83800    0.205977E-07
   3.84000    0.220453E-07
   3.84200    0.232368E-07
   3.84400    0.240797E-07
   3.84600    0.245011E-07
   3.84800    0.244568E-07
   3.85000    0.239358E-07
   3.85200    0.229613E-07
   3.85400    0.215880E-07
   3.85600    0.198944E-07
   3.85800    0.179745E-07
   3.86000    0.159272E-07
   3.86200    0.138467E-07
   3.86400    0.118154E-07
   3.86600    0.989782E-08
   3.86800    0.813915E-08
   3.87000    0.656479E-08
   3.87200    0.518276E-08
   3.87400    0.398701E-08
   3.87600    0.296124E-08
   3.87800    0.208272E-08
   3.88000    0.132550E-08
   3.88200    0.662861E-09
   3.88400    0.693326E-10
   3.88600   -0.478269E-09
   3.88800   -0.100004E-08
   3.89000   -0.151257E-08
   3.89200   -0.202867E-08
   3.89400   -0.255728E-08
   3.89600   -0.310332E-08
   3.89800   -0.366769E-08
   3.90000   -0.424741E-08
   3.90200   -0.483583E-08
   3.90400   -0.542318E-08
   3.90600   -0.599716E-08
   3.90800   -0.654382E-08
   3.91000   -0.704839E-08
   3.91200   -0.749657E-08
   3.91400   -0.787547E-08
   3.91600   -0.817459E-08
   3.91800   -0.838668E-08
   3.92000   -0.850831E-08
   3.92200   -0.854039E-08
   3.92400   -0.848825E-08
   3.92600   -0.836138E-08
   3.92800   -0.817305E-08
   3.93000   -0.793918E-08
   3.93200   -0.767732E-08
   3.93400   -0.740508E-08
   3.93600   -0.713874E-08
   3.93800   -0.689178E-08
   3.94000   -0.667379E-08
   3.94200   -0.648976E-08
   3.94400   -0.633997E-08
   3.94600   -0.622042E-08
   3.94800   -0.612394E-08
   3.95000   -0.604151E-08
   3.95200   -0.596379E-08
   3.95400   -0.588253E-08
   3.95600   -0.579153E-08
   3.95800   -0.568710E-08
   3.96000   -0.556787E-08
   3.96200   -0.543408E-08
   3.96400   -0.528659E-08
   3.96600   -0.512578E-08
   3.96800   -0.495079E-08
   3.97000   -0.475919E-08
   3.97200   -0.454723E-08
   3.97400   -0.431068E-08
   3.97600   -0.404590E-08
   3.97800   -0.375110E-08
   3.98000   -0.342725E-08
   3.98200   -0.307860E-08
   3.98400   -0.271251E-08
   3.98600   -0.233879E-08
   3.98800   -0.196856E-08
   3.99000   -0.161300E-08
   3.99200   -0.128205E-08
   3.99400   -0.983582E-09
   3.99600   -0.722796E-09
   3.99800   -0.502154E-09
   4.00000   -0.321597E-09
