   0.00000    0.000000E+00
   0.00200    0.000000E+00
   0.00400    0.000000E+00
   0.00600    0.000000E+00
   0.00800    0.000000E+00
   0.01000    0.000000E+00
   0.01200    0.000000E+00
   0.01400    0.000000E+00
   0.01600    0.000000E+00
   0.01800    0.000000E+00
   0.02000    0.000000E+00
   0.02200    0.000000E+00
   0.02400    0.000000E+00
   0.02600    0.232472E-10
   0.02800    0.688007E-10
   0.03000    0.147684E-09
   0.03200    0.295772E-09
   0.03400    0.575376E-09
   0.03600    0.109083E-08
   0.03800    0.201736E-08
   0.04000    0.364090E-08
   0.04200    0.641326E-08
   0.04400    0.110253E-07
   0.04600    0.184982E-07
   0.04800    0.302892E-07
   0.05000    0.484016E-07
   0.05200    0.754845E-07
   0.05400    0.114890E-06
   0.05600    0.170661E-06
   0.05800    0.247408E-06
   0.06000    0.350042E-06
   0.06200    0.483339E-06
   0.06400    0.651338E-06
   0.06600    0.856608E-06
   0.06800    0.109945E-05
   0.07000    0.137714E-05
   0.07200    0.168337E-05
   0.07400    0.200803E-05
   0.07600    0.233739E-05
   0.07800    0.265486E-05
   0.08000    0.294217E-05
   0.08200    0.318106E-05
   0.08400    0.335504E-05
   0.08600    0.345122E-05
   0.08800    0.346175E-05
   0.09000    0.338477E-05
   0.09200    0.322466E-05
   0.09400    0.299148E-05
   0.09600    0.269991E-05
   0.09800    0.236753E-05
   0.10000    0.201303E-05
   0.10200    0.165440E-05
   0.10400    0.130742E-05
   0.10600    0.984584E-06
   0.10800    0.694581E-06
   0.11000    0.442294E-06
   0.11200    0.229197E-06
   0.11400    0.540606E-07
   0.11600   -0.862248E-07
   0.11800   -0.195823E-06
   0.12000   -0.279253E-06
   0.12200   -0.340869E-06
   0.12400   -0.384542E-06
   0.12600   -0.413529E-06
   0.12800   -0.430480E-06
   0.13000   -0.437538E-06
   0.13200   -0.436478E-06
   0.13400   -0.428840E-06
   0.13600   -0.416023E-06
   0.13800   -0.399344E-06
   0.14000   -0.380052E-06
   0.14200   -0.359305E-06
   0.14400   -0.338143E-06
   0.14600   -0.317446E-06
   0.14800   -0.297927E-06
   0.15000   -0.280081E-06
   0.15200   -0.264240E-06
   0.15400   -0.250589E-06
   0.15600   -0.239178E-06
   0.15800   -0.229960E-06
   0.16000   -0.222819E-06
   0.16200   -0.217589E-06
   0.16400   -0.214068E-06
   0.16600   -0.212019E-06
   0.16800   -0.211178E-06
   0.17000   -0.211247E-06
   0.17200   -0.211905E-06
   0.17400   -0.212817E-06
   0.17600   -0.213649E-06
   0.17800   -0.214089E-06
   0.18000   -0.213871E-06
   0.18200   -0.212794E-06
   0.18400   -0.210741E-06
   0.18600   -0.207685E-06
   0.18800   -0.203688E-06
   0.19000   -0.198889E-06
   0.19200   -0.193481E-06
   0.19400   -0.187690E-06
   0.19600   -0.181750E-06
   0.19800   -0.175876E-06
   0.20000   -0.170250E-06
   0.20200   -0.165010E-06
   0.20400   -0.160245E-06
   0.20600   -0.156006E-06
   0.20800   -0.152309E-06
   0.21000   -0.149152E-06
   0.21200   -0.146522E-06
   0.21400   -0.144405E-06
   0.21600   -0.142791E-06
   0.21800   -0.141675E-06
   0.22000   -0.141045E-06
   0.22200   -0.140883E-06
   0.22400   -0.141153E-06
   0.22600   -0.141795E-06
   0.22800   -0.142721E-06
   0.23000   -0.143822E-06
   0.23200   -0.144966E-06
   0.23400   -0.146016E-06
   0.23600   -0.146836E-06
   0.23800   -0.147309E-06
   0.24000   -0.147342E-06
   0.24200   -0.146875E-06
   0.24400   -0.145883E-06
   0.24600   -0.144378E-06
   0.24800   -0.142400E-06
   0.25000   -0.140015E-06
   0.25200   -0.137304E-06
   0.25400   -0.134357E-06
   0.25600   -0.131269E-06
   0.25800   -0.128137E-06
   0.26000   -0.125056E-06
   0.26200   -0.122119E-06
   0.26400   -0.119418E-06
   0.26600   -0.117037E-06
   0.26800   -0.115054E-06
   0.27000   -0.113534E-06
   0.27200   -0.112519E-06
   0.27400   -0.112031E-06
   0.27600   -0.112057E-06
   0.27800   -0.112550E-06
   0.28000   -0.113430E-06
   0.28200   -0.114583E-06
   0.28400   -0.115875E-06
   0.28600   -0.117152E-06
   0.28800   -0.118263E-06
   0.29000   -0.119066E-06
   0.29200   -0.119439E-06
   0.29400   -0.119295E-06
   0.29600   -0.118587E-06
   0.29800   -0.117309E-06
   0.30000   -0.115500E-06
   0.30200   -0.113240E-06
   0.30400   -0.110642E-06
   0.30600   -0.107845E-06
   0.30800   -0.105005E-06
   0.31000   -0.102279E-06
   0.31200   -0.998156E-07
   0.31400   -0.977448E-07
   0.31600   -0.961643E-07
   0.31800   -0.951337E-07
   0.32000   -0.946695E-07
   0.32200   -0.947444E-07
   0.32400   -0.952903E-07
   0.32600   -0.962047E-07
   0.32800   -0.973603E-07
   0.33000   -0.986156E-07
   0.33200   -0.998271E-07
   0.33400   -0.100860E-06
   0.33600   -0.101598E-06
   0.33800   -0.101951E-06
   0.34000   -0.101860E-06
   0.34200   -0.101299E-06
   0.34400   -0.100276E-06
   0.34600   -0.988340E-07
   0.34800   -0.970432E-07
   0.35000   -0.949997E-07
   0.35200   -0.928177E-07
   0.35400   -0.906215E-07
   0.35600   -0.885365E-07
   0.35800   -0.866796E-07
   0.36000   -0.851495E-07
   0.36200   -0.840185E-07
   0.36400   -0.833258E-07
   0.36600   -0.830742E-07
   0.36800   -0.832301E-07
   0.37000   -0.837272E-07
   0.37200   -0.844723E-07
   0.37400   -0.853549E-07
   0.37600   -0.862565E-07
   0.37800   -0.870613E-07
   0.38000   -0.876649E-07
   0.38200   -0.879825E-07
   0.38400   -0.879547E-07
   0.38600   -0.875511E-07
   0.38800   -0.867725E-07
   0.39000   -0.856506E-07
   0.39200   -0.842456E-07
   0.39400   -0.826425E-07
   0.39600   -0.809451E-07
   0.39800   -0.792671E-07
   0.40000   -0.777234E-07
   0.40200   -0.764189E-07
   0.40400   -0.754387E-07
   0.40600   -0.748389E-07
   0.40800   -0.746402E-07
   0.41000   -0.748261E-07
   0.41200   -0.753441E-07
   0.41400   -0.761115E-07
   0.41600   -0.770254E-07
   0.41800   -0.779733E-07
   0.42000   -0.788452E-07
   0.42200   -0.795450E-07
   0.42400   -0.799985E-07
   0.42600   -0.801592E-07
   0.42800   -0.800108E-07
   0.43000   -0.795659E-07
   0.43200   -0.788621E-07
   0.43400   -0.779567E-07
   0.43600   -0.769195E-07
   0.43800   -0.758256E-07
   0.44000   -0.747484E-07
   0.44200   -0.737529E-07
   0.44400   -0.728912E-07
   0.44600   -0.721988E-07
   0.44800   -0.716933E-07
   0.45000   -0.713753E-07
   0.45200   -0.712304E-07
   0.45400   -0.712328E-07
   0.45600   -0.713500E-07
   0.45800   -0.715464E-07
   0.46000   -0.717869E-07
   0.46200   -0.720391E-07
   0.46400   -0.722731E-07
   0.46600   -0.724619E-07
   0.46800   -0.725799E-07
   0.47000   -0.726020E-07
   0.47200   -0.725041E-07
   0.47400   -0.722642E-07
   0.47600   -0.718653E-07
   0.47800   -0.712994E-07
   0.48000   -0.705712E-07
   0.48200   -0.697016E-07
   0.48400   -0.687287E-07
   0.48600   -0.677075E-07
   0.48800   -0.667053E-07
   0.49000   -0.657959E-07
   0.49200   -0.650514E-07
   0.49400   -0.645332E-07
   0.49600   -0.642839E-07
   0.49800   -0.643208E-07
   0.50000   -0.646325E-07
   0.50200   -0.651788E-07
   0.50400   -0.658945E-07
   0.50600   -0.666956E-07
   0.50800   -0.674888E-07
   0.51000   -0.681816E-07
   0.51200   -0.686917E-07
   0.51400   -0.689566E-07
   0.51600   -0.689386E-07
   0.51800   -0.686289E-07
   0.52000   -0.680469E-07
   0.52200   -0.672372E-07
   0.52400   -0.662642E-07
   0.52600   -0.652045E-07
   0.52800   -0.641397E-07
   0.53000   -0.631482E-07
   0.53200   -0.622987E-07
   0.53400   -0.616452E-07
   0.53600   -0.612232E-07
   0.53800   -0.610480E-07
   0.54000   -0.611141E-07
   0.54200   -0.613966E-07
   0.54400   -0.618536E-07
   0.54600   -0.624295E-07
   0.54800   -0.630595E-07
   0.55000   -0.636743E-07
   0.55200   -0.642064E-07
   0.55400   -0.645954E-07
   0.55600   -0.647943E-07
   0.55800   -0.647743E-07
   0.56000   -0.645279E-07
   0.56200   -0.640716E-07
   0.56400   -0.634453E-07
   0.56600   -0.627093E-07
   0.56800   -0.619406E-07
   0.57000   -0.612254E-07
   0.57200   -0.606523E-07
   0.57400   -0.603070E-07
   0.57600   -0.602604E-07
   0.57800   -0.605672E-07
   0.58000   -0.612587E-07
   0.58200   -0.623428E-07
   0.58400   -0.638028E-07
   0.58600   -0.656010E-07
   0.58800   -0.676830E-07
   0.59000   -0.699832E-07
   0.59200   -0.724315E-07
   0.59400   -0.749596E-07
   0.59600   -0.775059E-07
   0.59800   -0.800183E-07
   0.60000   -0.824560E-07
   0.60200   -0.847868E-07
   0.60400   -0.869843E-07
   0.60600   -0.890229E-07
   0.60800   -0.908734E-07
   0.61000   -0.925006E-07
   0.61200   -0.938637E-07
   0.61400   -0.949197E-07
   0.61600   -0.956317E-07
   0.61800   -0.959777E-07
   0.62000   -0.959606E-07
   0.62200   -0.956147E-07
   0.62400   -0.950077E-07
   0.62600   -0.942353E-07
   0.62800   -0.934095E-07
   0.63000   -0.926410E-07
   0.63200   -0.920192E-07
   0.63400   -0.915947E-07
   0.63600   -0.913670E-07
   0.63800   -0.912805E-07
   0.64000   -0.912320E-07
   0.64200   -0.910859E-07
   0.64400   -0.906966E-07
   0.64600   -0.899329E-07
   0.64800   -0.886998E-07
   0.65000   -0.869540E-07
   0.65200   -0.847107E-07
   0.65400   -0.820410E-07
   0.65600   -0.790603E-07
   0.65800   -0.759123E-07
   0.66000   -0.727487E-07
   0.66200   -0.697122E-07
   0.66400   -0.669199E-07
   0.66600   -0.644546E-07
   0.66800   -0.623600E-07
   0.67000   -0.606416E-07
   0.67200   -0.592725E-07
   0.67400   -0.582006E-07
   0.67600   -0.573585E-07
   0.67800   -0.566727E-07
   0.68000   -0.560727E-07
   0.68200   -0.554976E-07
   0.68400   -0.549016E-07
   0.68600   -0.542572E-07
   0.68800   -0.535560E-07
   0.69000   -0.528077E-07
   0.69200   -0.520381E-07
   0.69400   -0.512836E-07
   0.69600   -0.505857E-07
   0.69800   -0.499890E-07
   0.70000   -0.495306E-07
   0.70200   -0.492388E-07
   0.70400   -0.491275E-07
   0.70600   -0.491948E-07
   0.70800   -0.494223E-07
   0.71000   -0.497770E-07
   0.71200   -0.502143E-07
   0.71400   -0.506830E-07
   0.71600   -0.511308E-07
   0.71800   -0.515087E-07
   0.72000   -0.517778E-07
   0.72200   -0.519111E-07
   0.72400   -0.518966E-07
   0.72600   -0.517372E-07
   0.72800   -0.514497E-07
   0.73000   -0.510613E-07
   0.73200   -0.506062E-07
   0.73400   -0.501218E-07
   0.73600   -0.496443E-07
   0.73800   -0.492056E-07
   0.74000   -0.488310E-07
   0.74200   -0.485377E-07
   0.74400   -0.483347E-07
   0.74600   -0.482228E-07
   0.74800   -0.481954E-07
   0.75000   -0.482399E-07
   0.75200   -0.483384E-07
   0.75400   -0.484688E-07
   0.75600   -0.486061E-07
   0.75800   -0.487233E-07
   0.76000   -0.487936E-07
   0.76200   -0.487915E-07
   0.76400   -0.486962E-07
   0.76600   -0.484931E-07
   0.76800   -0.481767E-07
   0.77000   -0.477520E-07
   0.77200   -0.472353E-07
   0.77400   -0.466539E-07
   0.77600   -0.460438E-07
   0.77800   -0.454466E-07
   0.78000   -0.449055E-07
   0.78200   -0.444603E-07
   0.78400   -0.441426E-07
   0.78600   -0.439722E-07
   0.78800   -0.439542E-07
   0.79000   -0.440771E-07
   0.79200   -0.443141E-07
   0.79400   -0.446251E-07
   0.79600   -0.449607E-07
   0.79800   -0.452674E-07
   0.80000   -0.454939E-07
   0.80200   -0.455965E-07
   0.80400   -0.455451E-07
   0.80600   -0.453267E-07
   0.80800   -0.449471E-07
   0.81000   -0.444312E-07
   0.81200   -0.438197E-07
   0.81400   -0.431649E-07
   0.81600   -0.425245E-07
   0.81800   -0.419546E-07
   0.82000   -0.415036E-07
   0.82200   -0.412064E-07
   0.82400   -0.410800E-07
   0.82600   -0.411222E-07
   0.82800   -0.413112E-07
   0.83000   -0.416085E-07
   0.83200   -0.419626E-07
   0.83400   -0.423150E-07
   0.83600   -0.426060E-07
   0.83800   -0.427814E-07
   0.84000   -0.427984E-07
   0.84200   -0.426298E-07
   0.84400   -0.422673E-07
   0.84600   -0.417225E-07
   0.84800   -0.410254E-07
   0.85000   -0.402215E-07
   0.85200   -0.393670E-07
   0.85400   -0.385230E-07
   0.85600   -0.377493E-07
   0.85800   -0.370986E-07
   0.86000   -0.366116E-07
   0.86200   -0.363134E-07
   0.86400   -0.362117E-07
   0.86600   -0.362967E-07
   0.86800   -0.365425E-07
   0.87000   -0.369101E-07
   0.87200   -0.373512E-07
   0.87400   -0.378128E-07
   0.87600   -0.382420E-07
   0.87800   -0.385905E-07
   0.88000   -0.388188E-07
   0.88200   -0.388996E-07
   0.88400   -0.388196E-07
   0.88600   -0.385800E-07
   0.88800   -0.381963E-07
   0.89000   -0.376954E-07
   0.89200   -0.371127E-07
   0.89400   -0.364877E-07
   0.89600   -0.358599E-07
   0.89800   -0.352647E-07
   0.90000   -0.347299E-07
   0.90200   -0.342738E-07
   0.90400   -0.339039E-07
   0.90600   -0.336175E-07
   0.90800   -0.334036E-07
   0.91000   -0.332446E-07
   0.91200   -0.331200E-07
   0.91400   -0.330093E-07
   0.91600   -0.328948E-07
   0.91800   -0.327637E-07
   0.92000   -0.326100E-07
   0.92200   -0.324345E-07
   0.92400   -0.322441E-07
   0.92600   -0.320507E-07
   0.92800   -0.318687E-07
   0.93000   -0.317120E-07
   0.93200   -0.315921E-07
   0.93400   -0.315151E-07
   0.93600   -0.314808E-07
   0.93800   -0.314815E-07
   0.94000   -0.315028E-07
   0.94200   -0.315251E-07
   0.94400   -0.315253E-07
   0.94600   -0.314804E-07
   0.94800   -0.313700E-07
   0.95000   -0.311789E-07
   0.95200   -0.309000E-07
   0.95400   -0.305353E-07
   0.95600   -0.300962E-07
   0.95800   -0.296029E-07
   0.96000   -0.290826E-07
   0.96200   -0.285663E-07
   0.96400   -0.280858E-07
   0.96600   -0.276699E-07
   0.96800   -0.273412E-07
   0.97000   -0.271131E-07
   0.97200   -0.269883E-07
   0.97400   -0.269581E-07
   0.97600   -0.270031E-07
   0.97800   -0.270949E-07
   0.98000   -0.271990E-07
   0.98200   -0.272783E-07
   0.98400   -0.272969E-07
   0.98600   -0.272240E-07
   0.98800   -0.270371E-07
   0.99000   -0.267251E-07
   0.99200   -0.262898E-07
   0.99400   -0.257463E-07
   0.99600   -0.251224E-07
   0.99800   -0.244555E-07
   1.00000   -0.237897E-07
   1.00200   -0.231703E-07
   1.00400   -0.226393E-07
   1.00600   -0.222302E-07
   1.00800   -0.219634E-07
   1.01000   -0.218439E-07
   1.01200   -0.218600E-07
   1.01400   -0.219841E-07
   1.01600   -0.221754E-07
   1.01800   -0.223850E-07
   1.02000   -0.225611E-07
   1.02200   -0.226552E-07
   1.02400   -0.226277E-07
   1.02600   -0.224532E-07
   1.02800   -0.221230E-07
   1.03000   -0.216463E-07
   1.03200   -0.210492E-07
   1.03400   -0.203713E-07
   1.03600   -0.196608E-07
   1.03800   -0.189686E-07
   1.04000   -0.183419E-07
   1.04200   -0.178191E-07
   1.04400   -0.174243E-07
   1.04600   -0.171658E-07
   1.04800   -0.170344E-07
   1.05000   -0.170056E-07
   1.05200   -0.170427E-07
   1.05400   -0.171018E-07
   1.05600   -0.171372E-07
   1.05800   -0.171075E-07
   1.06000   -0.169807E-07
   1.06200   -0.167384E-07
   1.06400   -0.163782E-07
   1.06600   -0.159143E-07
   1.06800   -0.153754E-07
   1.07000   -0.148017E-07
   1.07200   -0.142392E-07
   1.07400   -0.137343E-07
   1.07600   -0.133274E-07
   1.07800   -0.130477E-07
   1.08000   -0.129095E-07
   1.08200   -0.129097E-07
   1.08400   -0.130288E-07
   1.08600   -0.132332E-07
   1.08800   -0.134792E-07
   1.09000   -0.137191E-07
   1.09200   -0.139069E-07
   1.09400   -0.140044E-07
   1.09600   -0.139856E-07
   1.09800   -0.138397E-07
   1.10000   -0.135719E-07
   1.10200   -0.132021E-07
   1.10400   -0.127619E-07
   1.10600   -0.122894E-07
   1.10800   -0.118243E-07
   1.11000   -0.114016E-07
   1.11200   -0.110476E-07
   1.11400   -0.107758E-07
   1.11600   -0.105856E-07
   1.11800   -0.104628E-07
   1.12000   -0.103815E-07
   1.12200   -0.103085E-07
   1.12400   -0.102077E-07
   1.12600   -0.100456E-07
   1.12800   -0.979626E-08
   1.13000   -0.944525E-08
   1.13200   -0.899197E-08
   1.13400   -0.845038E-08
   1.13600   -0.784765E-08
   1.13800   -0.722092E-08
   1.14000   -0.661279E-08
   1.14200   -0.606574E-08
   1.14400   -0.561649E-08
   1.14600   -0.529090E-08
   1.14800   -0.510017E-08
   1.15000   -0.503901E-08
   1.15200   -0.508586E-08
   1.15400   -0.520524E-08
   1.15600   -0.535216E-08
   1.15800   -0.547773E-08
   1.16000   -0.553544E-08
   1.16200   -0.548718E-08
   1.16400   -0.530820E-08
   1.16600   -0.499036E-08
   1.16800   -0.454327E-08
   1.17000   -0.399294E-08
   1.17200   -0.337844E-08
   1.17400   -0.274672E-08
   1.17600   -0.214652E-08
   1.17800   -0.162204E-08
   1.18000   -0.120731E-08
   1.18200   -0.922096E-09
   1.18400   -0.769757E-09
   1.18600   -0.737394E-09
   1.18800   -0.798209E-09
   1.19000   -0.915714E-09
   1.19200   -0.104918E-08
   1.19400   -0.115950E-08
   1.19600   -0.121464E-08
   1.19800   -0.119388E-08
   1.20000   -0.109031E-08
   1.20200   -0.911179E-09
   1.20400   -0.676041E-09
   1.20600   -0.413038E-09
   1.20800   -0.153935E-09
   1.21000    0.713561E-10
   1.21200    0.240039E-09
   1.21400    0.340293E-09
   1.21600    0.373436E-09
   1.21800    0.353933E-09
   1.22000    0.307066E-09
   1.22200    0.264821E-09
   1.22400    0.260532E-09
   1.22600    0.323176E-09
   1.22800    0.472248E-09
   1.23000    0.714056E-09
   1.23200    0.104010E-08
   1.23400    0.142785E-08
   1.23600    0.184389E-08
   1.23800    0.224895E-08
   1.24000    0.260404E-08
   1.24200    0.287690E-08
   1.24400    0.304747E-08
   1.24600    0.311169E-08
   1.24800    0.308291E-08
   1.25000    0.299074E-08
   1.25200    0.287726E-08
   1.25400    0.279119E-08
   1.25600    0.278104E-08
   1.25800    0.288796E-08
   1.26000    0.313961E-08
   1.26200    0.354584E-08
   1.26400    0.409687E-08
   1.26600    0.476429E-08
   1.26800    0.550467E-08
   1.27000    0.626536E-08
   1.27200    0.699162E-08
   1.27400    0.763382E-08
   1.27600    0.815387E-08
   1.27800    0.852986E-08
   1.28000    0.875825E-08
   1.28200    0.885321E-08
   1.28400    0.884342E-08
   1.28600    0.876681E-08
   1.28800    0.866412E-08
   1.29000    0.857236E-08
   1.29200    0.851910E-08
   1.29400    0.851868E-08
   1.29600    0.857068E-08
   1.29800    0.866103E-08
   1.30000    0.876544E-08
   1.30200    0.885455E-08
   1.30400    0.889988E-08
   1.30600    0.887958E-08
   1.30800    0.878291E-08
   1.31000    0.861289E-08
   1.31200    0.838638E-08
   1.31400    0.813181E-08
   1.31600    0.788475E-08
   1.31800    0.768225E-08
   1.32000    0.755689E-08
   1.32200    0.753145E-08
   1.32400    0.761526E-08
   1.32600    0.780287E-08
   1.32800    0.807523E-08
   1.33000    0.840326E-08
   1.33200    0.875318E-08
   1.33400    0.909264E-08
   1.33600    0.939663E-08
   1.33800    0.965205E-08
   1.34000    0.985997E-08
   1.34200    0.100353E-07
   1.34400    0.102036E-07
   1.34600    0.103960E-07
   1.34800    0.106419E-07
   1.35000    0.109627E-07
   1.35200    0.113660E-07
   1.35400    0.118416E-07
   1.35600    0.123616E-07
   1.35800    0.128830E-07
   1.36000    0.133533E-07
   1.36200    0.137188E-07
   1.36400    0.139331E-07
   1.36600    0.139652E-07
   1.36800    0.138062E-07
   1.37000    0.134715E-07
   1.37200    0.130003E-07
   1.37400    0.124508E-07
   1.37600    0.118927E-07
   1.37800    0.113972E-07
   1.38000    0.110270E-07
   1.38200    0.108276E-07
   1.38400    0.108216E-07
   1.38600    0.110059E-07
   1.38800    0.113537E-07
   1.39000    0.118196E-07
   1.39200    0.123480E-07
   1.39400    0.128815E-07
   1.39600    0.133703E-07
   1.39800    0.137787E-07
   1.40000    0.140889E-07
   1.40200    0.143013E-07
   1.40400    0.144317E-07
   1.40600    0.145050E-07
   1.40800    0.145484E-07
   1.41000    0.145843E-07
   1.41200    0.146248E-07
   1.41400    0.146686E-07
   1.41600    0.147013E-07
   1.41800    0.146988E-07
   1.42000    0.146330E-07
   1.42200    0.144791E-07
   1.42400    0.142220E-07
   1.42600    0.138620E-07
   1.42800    0.134170E-07
   1.43000    0.129219E-07
   1.43200    0.124241E-07
   1.43400    0.119773E-07
   1.43600    0.116334E-07
   1.43800    0.114343E-07
   1.44000    0.114056E-07
   1.44200    0.115529E-07
   1.44400    0.118611E-07
   1.44600    0.122966E-07
   1.44800    0.128136E-07
   1.45000    0.133600E-07
   1.45200    0.138855E-07
   1.45400    0.143473E-07
   1.45600    0.147153E-07
   1.45800    0.149735E-07
   1.46000    0.151193E-07
   1.46200    0.151614E-07
   1.46400    0.151154E-07
   1.46600    0.149998E-07
   1.46800    0.148324E-07
   1.47000    0.146286E-07
   1.47200    0.144008E-07
   1.47400    0.141597E-07
   1.47600    0.139170E-07
   1.47800    0.136873E-07
   1.48000    0.134904E-07
   1.48200    0.133509E-07
   1.48400    0.132972E-07
   1.48600    0.133575E-07
   1.48800    0.135551E-07
   1.49000    0.139035E-07
   1.49200    0.144014E-07
   1.49400    0.150306E-07
   1.49600    0.157556E-07
   1.49800    0.165269E-07
   1.50000    0.172864E-07
   1.50200    0.179752E-07
   1.50400    0.185415E-07
   1.50600    0.189478E-07
   1.50800    0.191765E-07
   1.51000    0.192319E-07
   1.51200    0.191390E-07
   1.51400    0.189393E-07
   1.51600    0.186841E-07
   1.51800    0.184271E-07
   1.52000    0.182170E-07
   1.52200    0.180917E-07
   1.52400    0.180751E-07
   1.52600    0.181759E-07
   1.52800    0.183896E-07
   1.53000    0.187016E-07
   1.53200    0.190918E-07
   1.53400    0.195383E-07
   1.53600    0.200211E-07
   1.53800    0.205241E-07
   1.54000    0.210357E-07
   1.54200    0.215483E-07
   1.54400    0.220574E-07
   1.54600    0.225607E-07
   1.54800    0.230572E-07
   1.55000    0.235472E-07
   1.55200    0.240334E-07
   1.55400    0.245210E-07
   1.55600    0.250191E-07
   1.55800    0.255403E-07
   1.56000    0.260996E-07
   1.56200    0.267122E-07
   1.56400    0.273899E-07
   1.56600    0.281381E-07
   1.56800    0.289523E-07
   1.57000    0.298159E-07
   1.57200    0.307006E-07
   1.57400    0.315689E-07
   1.57600    0.323779E-07
   1.57800    0.330857E-07
   1.58000    0.336577E-07
   1.58200    0.340731E-07
   1.58400    0.343284E-07
   1.58600    0.344402E-07
   1.58800    0.344428E-07
   1.59000    0.343852E-07
   1.59200    0.343239E-07
   1.59400    0.343160E-07
   1.59600    0.344112E-07
   1.59800    0.346457E-07
   1.60000    0.350386E-07
   1.60200    0.355900E-07
   1.60400    0.362828E-07
   1.60600    0.370862E-07
   1.60800    0.379607E-07
   1.61000    0.388636E-07
   1.61200    0.397543E-07
   1.61400    0.405977E-07
   1.61600    0.413672E-07
   1.61800    0.420451E-07
   1.62000    0.426224E-07
   1.62200    0.430978E-07
   1.62400    0.434758E-07
   1.62600    0.437655E-07
   1.62800    0.439797E-07
   1.63000    0.441333E-07
   1.63200    0.442430E-07
   1.63400    0.443261E-07
   1.63600    0.444003E-07
   1.63800    0.444818E-07
   1.64000    0.445849E-07
   1.64200    0.447214E-07
   1.64400    0.448999E-07
   1.64600    0.451264E-07
   1.64800    0.454048E-07
   1.65000    0.457383E-07
   1.65200    0.461300E-07
   1.65400    0.465835E-07
   1.65600    0.471025E-07
   1.65800    0.476891E-07
   1.66000    0.483421E-07
   1.66200    0.490544E-07
   1.66400    0.498112E-07
   1.66600    0.505896E-07
   1.66800    0.513590E-07
   1.67000    0.520840E-07
   1.67200    0.527291E-07
   1.67400    0.532630E-07
   1.67600    0.536643E-07
   1.67800    0.539251E-07
   1.68000    0.540529E-07
   1.68200    0.540706E-07
   1.68400    0.540128E-07
   1.68600    0.539218E-07
   1.68800    0.538413E-07
   1.69000    0.538109E-07
   1.69200    0.538613E-07
   1.69400    0.540116E-07
   1.69600    0.542686E-07
   1.69800    0.546278E-07
   1.70000    0.550762E-07
   1.70200    0.555956E-07
   1.70400    0.561657E-07
   1.70600    0.567670E-07
   1.70800    0.573814E-07
   1.71000    0.579933E-07
   1.71200    0.585892E-07
   1.71400    0.591566E-07
   1.71600    0.596843E-07
   1.71800    0.601618E-07
   1.72000    0.605804E-07
   1.72200    0.609338E-07
   1.72400    0.612198E-07
   1.72600    0.614412E-07
   1.72800    0.616064E-07
   1.73000    0.617291E-07
   1.73200    0.618274E-07
   1.73400    0.619224E-07
   1.73600    0.620360E-07
   1.73800    0.621888E-07
   1.74000    0.623981E-07
   1.74200    0.626763E-07
   1.74400    0.630299E-07
   1.74600    0.634593E-07
   1.74800    0.639588E-07
   1.75000    0.645173E-07
   1.75200    0.651200E-07
   1.75400    0.657498E-07
   1.75600    0.663894E-07
   1.75800    0.670233E-07
   1.76000    0.676395E-07
   1.76200    0.682311E-07
   1.76400    0.687971E-07
   1.76600    0.693421E-07
   1.76800    0.698759E-07
   1.77000    0.704122E-07
   1.77200    0.709663E-07
   1.77400    0.715534E-07
   1.77600    0.721863E-07
   1.77800    0.728740E-07
   1.78000    0.736201E-07
   1.78200    0.744225E-07
   1.78400    0.752730E-07
   1.78600    0.761580E-07
   1.78800    0.770595E-07
   1.79000    0.779569E-07
   1.79200    0.788285E-07
   1.79400    0.796548E-07
   1.79600    0.804203E-07
   1.79800    0.811162E-07
   1.80000    0.817425E-07
   1.80200    0.823091E-07
   1.80400    0.828353E-07
   1.80600    0.833489E-07
   1.80800    0.838828E-07
   1.81000    0.844716E-07
   1.81200    0.851470E-07
   1.81400    0.859337E-07
   1.81600    0.868460E-07
   1.81800    0.878853E-07
   1.82000    0.890401E-07
   1.82200    0.902870E-07
   1.82400    0.915939E-07
   1.82600    0.929243E-07
   1.82800    0.942417E-07
   1.83000    0.955152E-07
   1.83200    0.967231E-07
   1.83400    0.978564E-07
   1.83600    0.989195E-07
   1.83800    0.999300E-07
   1.84000    0.100916E-06
   1.84200    0.101911E-06
   1.84400    0.102952E-06
   1.84600    0.104072E-06
   1.84800    0.105293E-06
   1.85000    0.106630E-06
   1.85200    0.108084E-06
   1.85400    0.109644E-06
   1.85600    0.111293E-06
   1.85800    0.113006E-06
   1.86000    0.114761E-06
   1.86200    0.116537E-06
   1.86400    0.118321E-06
   1.86600    0.120105E-06
   1.86800    0.121891E-06
   1.87000    0.123680E-06
   1.87200    0.125477E-06
   1.87400    0.127280E-06
   1.87600    0.129084E-06
   1.87800    0.130877E-06
   1.88000    0.132638E-06
   1.88200    0.134342E-06
   1.88400    0.135960E-06
   1.88600    0.137469E-06
   1.88800    0.138849E-06
   1.89000    0.140099E-06
   1.89200    0.141236E-06
   1.89400    0.142312E-06
   1.89600    0.143407E-06
   1.89800    0.144654E-06
   1.90000    0.146245E-06
   1.90200    0.148429E-06
   1.90400    0.151521E-06
   1.90600    0.155894E-06
   1.90800    0.161968E-06
   1.91000    0.170187E-06
   1.91200    0.180982E-06
   1.91400    0.194730E-06
   1.91600    0.211704E-06
   1.91800    0.232018E-06
   1.92000    0.255572E-06
   1.92200    0.282007E-06
   1.92400    0.310664E-06
   1.92600    0.340556E-06
   1.92800    0.370361E-06
   1.93000    0.398424E-06
   1.93200    0.422801E-06
   1.93400    0.441320E-06
   1.93600    0.451692E-06
   1.93800    0.451655E-06
   1.94000    0.439166E-06
   1.94200    0.412611E-06
   1.94400    0.371026E-06
   1.94600    0.314297E-06
   1.94800    0.243300E-06
   1.95000    0.159950E-06
   1.95200    0.671498E-07
   1.95400   -0.313902E-07
   1.95600   -0.131432E-06
   1.95800   -0.228563E-06
   1.96000   -0.318576E-06
   1.96200   -0.397829E-06
   1.96400   -0.463523E-06
   1.96600   -0.513884E-06
   1.96800   -0.548214E-06
   1.97000   -0.566825E-06
   1.97200   -0.570884E-06
   1.97400   -0.562196E-06
   1.97600   -0.542961E-06
   1.97800   -0.515554E-06
   1.98000   -0.482331E-06
   1.98200   -0.445494E-06
   1.98400   -0.407002E-06
   1.98600   -0.368522E-06
   1.98800   -0.331419E-06
   1.99000   -0.296756E-06
   1.99200   -0.265304E-06
   1.99400   -0.237556E-06
   1.99600   -0.213745E-06
   1.99800   -0.193854E-06
   2.00000   -0.177644E-06
   2.00200   -0.164684E-06
   2.00400   -0.154399E-06
   2.00600   -0.146121E-06
   2.00800   -0.139154E-06
   2.01000   -0.132840E-06
   2.01200   -0.126621E-06
   2.01400   -0.120089E-06
   2.01600   -0.113021E-06
   2.01800   -0.105389E-06
   2.02000   -0.973537E-07
   2.02200   -0.892317E-07
   2.02400   -0.814331E-07
   2.02600   -0.744071E-07
   2.02800   -0.685721E-07
   2.03000   -0.642570E-07
   2.03200   -0.616560E-07
   2.03400   -0.608046E-07
   2.03600   -0.615797E-07
   2.03800   -0.637218E-07
   2.04000   -0.668743E-07
   2.04200   -0.706339E-07
   2.04400   -0.746022E-07
   2.04600   -0.784285E-07
   2.04800   -0.818410E-07
   2.05000   -0.846622E-07
   2.05200   -0.868092E-07
   2.05400   -0.882785E-07
   2.05600   -0.891257E-07
   2.05800   -0.894393E-07
   2.06000   -0.893176E-07
   2.06200   -0.888482E-07
   2.06400   -0.880975E-07
   2.06600   -0.871036E-07
   2.06800   -0.858767E-07
   2.07000   -0.844047E-07
   2.07200   -0.826608E-07
   2.07400   -0.806122E-07
   2.07600   -0.782289E-07
   2.07800   -0.754913E-07
   2.08000   -0.723959E-07
   2.08200   -0.689587E-07
   2.08400   -0.652169E-07
   2.08600   -0.612283E-07
   2.08800   -0.570696E-07
   2.09000   -0.528319E-07
   2.09200   -0.486171E-07
   2.09400   -0.445317E-07
   2.09600   -0.406813E-07
   2.09800   -0.371650E-07
   2.10000   -0.340692E-07
   2.10200   -0.314628E-07
   2.10400   -0.293906E-07
   2.10600   -0.278690E-07
   2.10800   -0.268823E-07
   2.11000   -0.263816E-07
   2.11200   -0.262851E-07
   2.11400   -0.264826E-07
   2.11600   -0.268428E-07
   2.11800   -0.272243E-07
   2.12000   -0.274867E-07
   2.12200   -0.275039E-07
   2.12400   -0.271756E-07
   2.12600   -0.264360E-07
   2.12800   -0.252590E-07
   2.13000   -0.236598E-07
   2.13200   -0.216906E-07
   2.13400   -0.194346E-07
   2.13600   -0.169972E-07
   2.13800   -0.144945E-07
   2.14000   -0.120433E-07
   2.14200   -0.975030E-08
   2.14400   -0.770409E-08
   2.14600   -0.596841E-08
   2.14800   -0.457863E-08
   2.15000   -0.354045E-08
   2.15200   -0.283178E-08
   2.15400   -0.240654E-08
   2.15600   -0.220044E-08
   2.15800   -0.213736E-08
   2.16000   -0.213625E-08
   2.16200   -0.211716E-08
   2.16400   -0.200655E-08
   2.16600   -0.174139E-08
   2.16800   -0.127187E-08
   2.17000   -0.563778E-09
   2.17200    0.400364E-09
   2.17400    0.162065E-08
   2.17600    0.307989E-08
   2.17800    0.474509E-08
   2.18000    0.656991E-08
   2.18200    0.849868E-08
   2.18400    0.104715E-07
   2.18600    0.124301E-07
   2.18800    0.143239E-07
   2.19000    0.161157E-07
   2.19200    0.177857E-07
   2.19400    0.193329E-07
   2.19600    0.207760E-07
   2.19800    0.221502E-07
   2.20000    0.235025E-07
   2.20200    0.248882E-07
   2.20400    0.263660E-07
   2.20600    0.279926E-07
   2.20800    0.298205E-07
   2.21000    0.318964E-07
   2.21200    0.342604E-07
   2.21400    0.369472E-07
   2.21600    0.399866E-07
   2.21800    0.434037E-07
   2.22000    0.472192E-07
   2.22200    0.514470E-07
   2.22400    0.560913E-07
   2.22600    0.611413E-07
   2.22800    0.665643E-07
   2.23000    0.722962E-07
   2.23200    0.782319E-07
   2.23400    0.842138E-07
   2.23600    0.900226E-07
   2.23800    0.953710E-07
   2.24000    0.999046E-07
   2.24200    0.103212E-06
   2.24400    0.104845E-06
   2.24600    0.104356E-06
   2.24800    0.101338E-06
   2.25000    0.954786E-07
   2.25200    0.866094E-07
   2.25400    0.747462E-07
   2.25600    0.601156E-07
   2.25800    0.431561E-07
   2.26000    0.244948E-07
   2.26200    0.489846E-08
   2.26400   -0.147940E-07
   2.26600   -0.337489E-07
   2.26800   -0.512151E-07
   2.27000   -0.665883E-07
   2.27200   -0.794568E-07
   2.27400   -0.896209E-07
   2.27600   -0.970880E-07
   2.27800   -0.102044E-06
   2.28000   -0.104811E-06
   2.28200   -0.105795E-06
   2.28400   -0.105434E-06
   2.28600   -0.104154E-06
   2.28800   -0.102333E-06
   2.29000   -0.100282E-06
   2.29200   -0.982362E-07
   2.29400   -0.963538E-07
   2.29600   -0.947277E-07
   2.29800   -0.933981E-07
   2.30000   -0.923672E-07
   2.30200   -0.916129E-07
   2.30400   -0.911002E-07
   2.30600   -0.907890E-07
   2.30800   -0.906397E-07
   2.31000   -0.906162E-07
   2.31200   -0.906865E-07
   2.31400   -0.908238E-07
   2.31600   -0.910054E-07
   2.31800   -0.912141E-07
   2.32000   -0.914373E-07
   2.32200   -0.916673E-07
   2.32400   -0.919029E-07
   2.32600   -0.921495E-07
   2.32800   -0.924180E-07
   2.33000   -0.927255E-07
   2.33200   -0.930947E-07
   2.33400   -0.935532E-07
   2.33600   -0.941325E-07
   2.33800   -0.948670E-07
   2.34000   -0.957921E-07
   2.34200   -0.969423E-07
   2.34400   -0.983476E-07
   2.34600   -0.100030E-06
   2.34800   -0.101997E-06
   2.35000   -0.104240E-06
   2.35200   -0.106726E-06
   2.35400   -0.109392E-06
   2.35600   -0.112152E-06
   2.35800   -0.114888E-06
   2.36000   -0.117467E-06
   2.36200   -0.119742E-06
   2.36400   -0.121574E-06
   2.36600   -0.122840E-06
   2.36800   -0.123450E-06
   2.37000   -0.123359E-06
   2.37200   -0.122575E-06
   2.37400   -0.121154E-06
   2.37600   -0.119198E-06
   2.37800   -0.116840E-06
   2.38000   -0.114230E-06
   2.38200   -0.111515E-06
   2.38400   -0.108826E-06
   2.38600   -0.106263E-06
   2.38800   -0.103894E-06
   2.39000   -0.101745E-06
   2.39200   -0.998157E-07
   2.39400   -0.980802E-07
   2.39600   -0.965017E-07
   2.39800   -0.950420E-07
   2.40000   -0.936700E-07
   2.40200   -0.923681E-07
   2.40400   -0.911335E-07
   2.40600   -0.899775E-07
   2.40800   -0.889213E-07
   2.41000   -0.879909E-07
   2.41200   -0.872111E-07
   2.41400   -0.866005E-07
   2.41600   -0.861678E-07
   2.41800   -0.859104E-07
   2.42000   -0.858147E-07
   2.42200   -0.858583E-07
   2.42400   -0.860135E-07
   2.42600   -0.862512E-07
   2.42800   -0.865450E-07
   2.43000   -0.868738E-07
   2.43200   -0.872248E-07
   2.43400   -0.875933E-07
   2.43600   -0.879822E-07
   2.43800   -0.883996E-07
   2.44000   -0.888553E-07
   2.44200   -0.893574E-07
   2.44400   -0.899075E-07
   2.44600   -0.904972E-07
   2.44800   -0.911056E-07
   2.45000   -0.916985E-07
   2.45200   -0.922291E-07
   2.45400   -0.926418E-07
   2.45600   -0.928769E-07
   2.45800   -0.928776E-07
   2.46000   -0.925963E-07
   2.46200   -0.920017E-07
   2.46400   -0.910829E-07
   2.46600   -0.898516E-07
   2.46800   -0.883417E-07
   2.47000   -0.866054E-07
   2.47200   -0.847076E-07
   2.47400   -0.827187E-07
   2.47600   -0.807067E-07
   2.47800   -0.787319E-07
   2.48000   -0.768411E-07
   2.48200   -0.750662E-07
   2.48400   -0.734230E-07
   2.48600   -0.719141E-07
   2.48800   -0.705313E-07
   2.49000   -0.692598E-07
   2.49200   -0.680823E-07
   2.49400   -0.669818E-07
   2.49600   -0.659445E-07
   2.49800   -0.649611E-07
   2.50000   -0.640273E-07
   2.50200   -0.631436E-07
   2.50400   -0.623143E-07
   2.50600   -0.615460E-07
   2.50800   -0.608464E-07
   2.51000   -0.602227E-07
   2.51200   -0.596797E-07
   2.51400   -0.592191E-07
   2.51600   -0.588382E-07
   2.51800   -0.585298E-07
   2.52000   -0.582814E-07
   2.52200   -0.580766E-07
   2.52400   -0.578951E-07
   2.52600   -0.577156E-07
   2.52800   -0.575167E-07
   2.53000   -0.572796E-07
   2.53200   -0.569904E-07
   2.53400   -0.566420E-07
   2.53600   -0.562350E-07
   2.53800   -0.557779E-07
   2.54000   -0.552861E-07
   2.54200   -0.547797E-07
   2.54400   -0.542805E-07
   2.54600   -0.538089E-07
   2.54800   -0.533807E-07
   2.55000   -0.530048E-07
   2.55200   -0.526822E-07
   2.55400   -0.524063E-07
   2.55600   -0.521637E-07
   2.55800   -0.519378E-07
   2.56000   -0.517107E-07
   2.56200   -0.514668E-07
   2.56400   -0.511954E-07
   2.56600   -0.508926E-07
   2.56800   -0.505619E-07
   2.57000   -0.502145E-07
   2.57200   -0.498678E-07
   2.57400   -0.495435E-07
   2.57600   -0.492649E-07
   2.57800   -0.490536E-07
   2.58000   -0.489266E-07
   2.58200   -0.488937E-07
   2.58400   -0.489554E-07
   2.58600   -0.491025E-07
   2.58800   -0.493165E-07
   2.59000   -0.495724E-07
   2.59200   -0.498412E-07
   2.59400   -0.500941E-07
   2.59600   -0.503065E-07
   2.59800   -0.504610E-07
   2.60000   -0.505494E-07
   2.60200   -0.505726E-07
   2.60400   -0.505397E-07
   2.60600   -0.504652E-07
   2.60800   -0.503660E-07
   2.61000   -0.502575E-07
   2.61200   -0.501514E-07
   2.61400   -0.500541E-07
   2.61600   -0.499660E-07
   2.61800   -0.498832E-07
   2.62000   -0.497987E-07
   2.62200   -0.497051E-07
   2.62400   -0.495968E-07
   2.62600   -0.494712E-07
   2.62800   -0.493297E-07
   2.63000   -0.491769E-07
   2.63200   -0.490202E-07
   2.63400   -0.488673E-07
   2.63600   -0.487248E-07
   2.63800   -0.485968E-07
   2.64000   -0.484834E-07
   2.64200   -0.483806E-07
   2.64400   -0.482809E-07
   2.64600   -0.481743E-07
   2.64800   -0.480496E-07
   2.65000   -0.478965E-07
   2.65200   -0.477074E-07
   2.65400   -0.474781E-07
   2.65600   -0.472092E-07
   2.65800   -0.469059E-07
   2.66000   -0.465776E-07
   2.66200   -0.462363E-07
   2.66400   -0.458952E-07
   2.66600   -0.455669E-07
   2.66800   -0.452613E-07
   2.67000   -0.449842E-07
   2.67200   -0.447361E-07
   2.67400   -0.445126E-07
   2.67600   -0.443043E-07
   2.67800   -0.440984E-07
   2.68000   -0.438803E-07
   2.68200   -0.436351E-07
   2.68400   -0.433501E-07
   2.68600   -0.430153E-07
   2.68800   -0.426248E-07
   2.69000   -0.421769E-07
   2.69200   -0.416741E-07
   2.69400   -0.411220E-07
   2.69600   -0.405290E-07
   2.69800   -0.399049E-07
   2.70000   -0.392605E-07
   2.70200   -0.386060E-07
   2.70400   -0.379509E-07
   2.70600   -0.373033E-07
   2.70800   -0.366688E-07
   2.71000   -0.360508E-07
   2.71200   -0.354499E-07
   2.71400   -0.348644E-07
   2.71600   -0.342902E-07
   2.71800   -0.337214E-07
   2.72000   -0.331514E-07
   2.72200   -0.325740E-07
   2.72400   -0.319834E-07
   2.72600   -0.313763E-07
   2.72800   -0.307514E-07
   2.73000   -0.301104E-07
   2.73200   -0.294576E-07
   2.73400   -0.287997E-07
   2.73600   -0.281443E-07
   2.73800   -0.274998E-07
   2.74000   -0.268733E-07
   2.74200   -0.262696E-07
   2.74400   -0.256907E-07
   2.74600   -0.251345E-07
   2.74800   -0.245953E-07
   2.75000   -0.240638E-07
   2.75200   -0.235286E-07
   2.75400   -0.229775E-07
   2.75600   -0.223989E-07
   2.75800   -0.217835E-07
   2.76000   -0.211253E-07
   2.76200   -0.204230E-07
   2.76400   -0.196793E-07
   2.76600   -0.189016E-07
   2.76800   -0.181005E-07
   2.77000   -0.172891E-07
   2.77200   -0.164818E-07
   2.77400   -0.156928E-07
   2.77600   -0.149347E-07
   2.77800   -0.142179E-07
   2.78000   -0.135495E-07
   2.78200   -0.129329E-07
   2.78400   -0.123681E-07
   2.78600   -0.118513E-07
   2.78800   -0.113759E-07
   2.79000   -0.109349E-07
   2.79200   -0.105205E-07
   2.79400   -0.101264E-07
   2.79600   -0.974937E-08
   2.79800   -0.939036E-08
   2.80000   -0.905551E-08
   2.80200   -0.875614E-08
   2.80400   -0.850797E-08
   2.80600   -0.832919E-08
   2.80800   -0.823719E-08
   2.81000   -0.824395E-08
   2.81200   -0.835020E-08
   2.81400   -0.853873E-08
   2.81600   -0.876742E-08
   2.81800   -0.896308E-08
   2.82000   -0.901709E-08
   2.82200   -0.878457E-08
   2.82400   -0.808833E-08
   2.82600   -0.672862E-08
   2.82800   -0.449915E-08
   2.83000   -0.120869E-08
   2.83200    0.329346E-08
   2.83400    0.909138E-08
   2.83600    0.161796E-07
   2.83800    0.244473E-07
   2.84000    0.336738E-07
   2.84200    0.435372E-07
   2.84400    0.536366E-07
   2.84600    0.635262E-07
   2.84800    0.727565E-07
   2.85000    0.809179E-07
   2.85200    0.876790E-07
   2.85400    0.928158E-07
   2.85600    0.962274E-07
   2.85800    0.979354E-07
   2.86000    0.980708E-07
   2.86200    0.968488E-07
   2.86400    0.945381E-07
   2.86600    0.914289E-07
   2.86800    0.878036E-07
   2.87000    0.839144E-07
   2.87200    0.799690E-07
   2.87400    0.761245E-07
   2.87600    0.724884E-07
   2.87800    0.691246E-07
   2.88000    0.660628E-07
   2.88200    0.633083E-07
   2.88400    0.608509E-07
   2.88600    0.586734E-07
   2.88800    0.567564E-07
   2.89000    0.550812E-07
   2.89200    0.536315E-07
   2.89400    0.523938E-07
   2.89600    0.513564E-07
   2.89800    0.505094E-07
   2.90000    0.498446E-07
   2.90200    0.493556E-07
   2.90400    0.490397E-07
   2.90600    0.488990E-07
   2.90800    0.489419E-07
   2.91000    0.491843E-07
   2.91200    0.496502E-07
   2.91400    0.503679E-07
   2.91600    0.513665E-07
   2.91800    0.526699E-07
   2.92000    0.542880E-07
   2.92200    0.562086E-07
   2.92400    0.583884E-07
   2.92600    0.607482E-07
   2.92800    0.631708E-07
   2.93000    0.655056E-07
   2.93200    0.675769E-07
   2.93400    0.691989E-07
   2.93600    0.701950E-07
   2.93800    0.704170E-07
   2.94000    0.697632E-07
   2.94200    0.681925E-07
   2.94400    0.657316E-07
   2.94600    0.624746E-07
   2.94800    0.585745E-07
   2.95000    0.542287E-07
   2.95200    0.496603E-07
   2.95400    0.450980E-07
   2.95600    0.407576E-07
   2.95800    0.368268E-07
   2.96000    0.334549E-07
   2.96200    0.307482E-07
   2.96400    0.287691E-07
   2.96600    0.275390E-07
   2.96800    0.270434E-07
   2.97000    0.272362E-07
   2.97200    0.280449E-07
   2.97400    0.293734E-07
   2.97600    0.311041E-07
   2.97800    0.331002E-07
   2.98000    0.352079E-07
   2.98200    0.372611E-07
   2.98400    0.390884E-07
   2.98600    0.405223E-07
   2.98800    0.414111E-07
   2.99000    0.416318E-07
   2.99200    0.411010E-07
   2.99400    0.397842E-07
   2.99600    0.377003E-07
   2.99800    0.349203E-07
   3.00000    0.315610E-07
   3.00200    0.277746E-07
   3.00400    0.237347E-07
   3.00600    0.196211E-07
   3.00800    0.156054E-07
   3.01000    0.118396E-07
   3.01200    0.844699E-08
   3.01400    0.551666E-08
   3.01600    0.310170E-08
   3.01800    0.121966E-08
   3.02000   -0.144510E-09
   3.02200   -0.103407E-08
   3.02400   -0.151513E-08
   3.02600   -0.167049E-08
   3.02800   -0.159299E-08
   3.03000   -0.137876E-08
   3.03200   -0.112055E-08
   3.03400   -0.901649E-09
   3.03600   -0.790632E-09
   3.03800   -0.837399E-09
   3.04000   -0.107094E-08
   3.04200   -0.149862E-08
   3.04400   -0.210716E-08
   3.04600   -0.286504E-08
   3.04800   -0.372611E-08
   3.05000   -0.463381E-08
   3.05200   -0.552650E-08
   3.05400   -0.634138E-08
   3.05600   -0.701990E-08
   3.05800   -0.751328E-08
   3.06000   -0.778519E-08
   3.06200   -0.781555E-08
   3.06400   -0.760269E-08
   3.06600   -0.716403E-08
   3.06800   -0.653528E-08
   3.07000   -0.576788E-08
   3.07200   -0.492486E-08
   3.07400   -0.407543E-08
   3.07600   -0.328888E-08
   3.07800   -0.262843E-08
   3.08000   -0.214584E-08
   3.08200   -0.187731E-08
   3.08400   -0.184139E-08
   3.08600   -0.203881E-08
   3.08800   -0.245431E-08
   3.09000   -0.305996E-08
   3.09200   -0.381948E-08
   3.09400   -0.469280E-08
   3.09600   -0.564032E-08
   3.09800   -0.662635E-08
   3.10000   -0.762141E-08
   3.10200   -0.860350E-08
   3.10400   -0.955773E-08
   3.10600   -0.104751E-07
   3.10800   -0.113533E-07
   3.11000   -0.121926E-07
   3.11200   -0.129961E-07
   3.11400   -0.137683E-07
   3.11600   -0.145151E-07
   3.11800   -0.152442E-07
   3.12000   -0.159661E-07
   3.12200   -0.166949E-07
   3.12400   -0.174494E-07
   3.12600   -0.182528E-07
   3.12800   -0.191318E-07
   3.13000   -0.201134E-07
   3.13200   -0.212201E-07
   3.13400   -0.224630E-07
   3.13600   -0.238347E-07
   3.13800   -0.253014E-07
   3.14000   -0.267968E-07
   3.14200   -0.282189E-07
   3.14400   -0.294313E-07
   3.14600   -0.302700E-07
   3.14800   -0.305554E-07
   3.15000   -0.301094E-07
   3.15200   -0.287753E-07
   3.15400   -0.264381E-07
   3.15600   -0.230419E-07
   3.15800   -0.186020E-07
   3.16000   -0.132083E-07
   3.16200   -0.702009E-08
   3.16400   -0.252699E-09
   3.16600    0.684361E-08
   3.16800    0.140077E-07
   3.17000    0.209917E-07
   3.17200    0.275829E-07
   3.17400    0.336180E-07
   3.17600    0.389914E-07
   3.17800    0.436556E-07
   3.18000    0.476148E-07
   3.18200    0.509146E-07
   3.18400    0.536285E-07
   3.18600    0.558451E-07
   3.18800    0.576561E-07
   3.19000    0.591471E-07
   3.19200    0.603913E-07
   3.19400    0.614465E-07
   3.19600    0.623539E-07
   3.19800    0.631396E-07
   3.20000    0.638178E-07
   3.20200    0.643933E-07
   3.20400    0.648666E-07
   3.20600    0.652369E-07
   3.20800    0.655056E-07
   3.21000    0.656794E-07
   3.21200    0.657719E-07
   3.21400    0.658039E-07
   3.21600    0.658036E-07
   3.21800    0.658044E-07
   3.22000    0.658439E-07
   3.22200    0.659603E-07
   3.22400    0.661891E-07
   3.22600    0.665610E-07
   3.22800    0.670977E-07
   3.23000    0.678143E-07
   3.23200    0.687139E-07
   3.23400    0.697913E-07
   3.23600    0.710354E-07
   3.23800    0.724336E-07
   3.24000    0.739761E-07
   3.24200    0.756634E-07
   3.24400    0.775118E-07
   3.24600    0.795600E-07
   3.24800    0.818729E-07
   3.25000    0.845436E-07
   3.25200    0.876914E-07
   3.25400    0.914569E-07
   3.25600    0.959913E-07
   3.25800    0.101443E-06
   3.26000    0.107938E-06
   3.26200    0.115562E-06
   3.26400    0.124335E-06
   3.26600    0.134186E-06
   3.26800    0.144938E-06
   3.27000    0.156284E-06
   3.27200    0.167781E-06
   3.27400    0.178855E-06
   3.27600    0.188814E-06
   3.27800    0.196885E-06
   3.28000    0.202269E-06
   3.28200    0.204204E-06
   3.28400    0.202042E-06
   3.28600    0.195331E-06
   3.28800    0.183876E-06
   3.29000    0.167789E-06
   3.29200    0.147503E-06
   3.29400    0.123752E-06
   3.29600    0.975226E-07
   3.29800    0.699664E-07
   3.30000    0.423008E-07
   3.30200    0.157021E-07
   3.30400   -0.879243E-08
   3.30600   -0.303615E-07
   3.30800   -0.484477E-07
   3.31000   -0.627726E-07
   3.31200   -0.733224E-07
   3.31400   -0.803079E-07
   3.31600   -0.841088E-07
   3.31800   -0.852125E-07
   3.32000   -0.841536E-07
   3.32200   -0.814636E-07
   3.32400   -0.776316E-07
   3.32600   -0.730801E-07
   3.32800   -0.681536E-07
   3.33000   -0.631169E-07
   3.33200   -0.581621E-07
   3.33400   -0.534192E-07
   3.33600   -0.489685E-07
   3.33800   -0.448534E-07
   3.34000   -0.410899E-07
   3.34200   -0.376767E-07
   3.34400   -0.346006E-07
   3.34600   -0.318403E-07
   3.34800   -0.293702E-07
   3.35000   -0.271612E-07
   3.35200   -0.251836E-07
   3.35400   -0.234056E-07
   3.35600   -0.217963E-07
   3.35800   -0.203255E-07
   3.36000   -0.189661E-07
   3.36200   -0.176934E-07
   3.36400   -0.164874E-07
   3.36600   -0.153323E-07
   3.36800   -0.142177E-07
   3.37000   -0.131371E-07
   3.37200   -0.120886E-07
   3.37400   -0.110736E-07
   3.37600   -0.100957E-07
   3.37800   -0.916025E-08
   3.38000   -0.827330E-08
   3.38200   -0.744130E-08
   3.38400   -0.667052E-08
   3.38600   -0.596680E-08
   3.38800   -0.533526E-08
   3.39000   -0.477997E-08
   3.39200   -0.430351E-08
   3.39400   -0.390648E-08
   3.39600   -0.358709E-08
   3.39800   -0.334084E-08
   3.40000   -0.316029E-08
   3.40200   -0.303523E-08
   3.40400   -0.295317E-08
   3.40600   -0.290013E-08
   3.40800   -0.286184E-08
   3.41000   -0.282502E-08
   3.41200   -0.277884E-08
   3.41400   -0.271618E-08
   3.41600   -0.263448E-08
   3.41800   -0.253614E-08
   3.42000   -0.242817E-08
   3.42200   -0.232114E-08
   3.42400   -0.222754E-08
   3.42600   -0.215964E-08
   3.42800   -0.212742E-08
   3.43000   -0.213662E-08
   3.43200   -0.218768E-08
   3.43400   -0.227547E-08
   3.43600   -0.239030E-08
   3.43800   -0.251968E-08
   3.44000   -0.265082E-08
   3.44200   -0.277336E-08
   3.44400   -0.288162E-08
   3.44600   -0.297601E-08
   3.44800   -0.306337E-08
   3.45000   -0.315589E-08
   3.45200   -0.326886E-08
   3.45400   -0.341767E-08
   3.45600   -0.361483E-08
   3.45800   -0.386709E-08
   3.46000   -0.417358E-08
   3.46200   -0.452539E-08
   3.46400   -0.490632E-08
   3.46600   -0.529507E-08
   3.46800   -0.566791E-08
   3.47000   -0.600187E-08
   3.47200   -0.627738E-08
   3.47400   -0.648018E-08
   3.47600   -0.660199E-08
   3.47800   -0.664004E-08
   3.48000   -0.659546E-08
   3.48200   -0.647108E-08
   3.48400   -0.626883E-08
   3.48600   -0.598741E-08
   3.48800   -0.562039E-08
   3.49000   -0.515495E-08
   3.49200   -0.457158E-08
   3.49400   -0.384422E-08
   3.49600   -0.294147E-08
   3.49800   -0.182777E-08
   3.50000   -0.465244E-09
   3.50200    0.118371E-08
   3.50400    0.315433E-08
   3.50600    0.547645E-08
   3.50800    0.817178E-08
   3.51000    0.112513E-07
   3.51200    0.147129E-07
   3.51400    0.185409E-07
   3.51600    0.227048E-07
   3.51800    0.271616E-07
   3.52000    0.318583E-07
   3.52200    0.367349E-07
   3.52400    0.417293E-07
   3.52600    0.467814E-07
   3.52800    0.518366E-07
   3.53000    0.568491E-07
   3.53200    0.617833E-07
   3.53400    0.666157E-07
   3.53600    0.713333E-07
   3.53800    0.759371E-07
   3.54000    0.804296E-07
   3.54200    0.848355E-07
   3.54400    0.891837E-07
   3.54600    0.935150E-07
   3.54800    0.978819E-07
   3.55000    0.102349E-06
   3.55200    0.106995E-06
   3.55400    0.111907E-06
   3.55600    0.117184E-06
   3.55800    0.122928E-06
   3.56000    0.129231E-06
   3.56200    0.136168E-06
   3.56400    0.143769E-06
   3.56600    0.151997E-06
   3.56800    0.160716E-06
   3.57000    0.169658E-06
   3.57200    0.178399E-06
   3.57400    0.186333E-06
   3.57600    0.192679E-06
   3.57800    0.196503E-06
   3.58000    0.196770E-06
   3.58200    0.192434E-06
   3.58400    0.182548E-06
   3.58600    0.166388E-06
   3.58800    0.143589E-06
   3.59000    0.114239E-06
   3.59200    0.789490E-07
   3.59400    0.388554E-07
   3.59600   -0.444221E-08
   3.59800   -0.490064E-07
   3.60000   -0.927381E-07
   3.60200   -0.133578E-06
   3.60400   -0.169707E-06
   3.60600   -0.199713E-06
   3.60800   -0.222703E-06
   3.61000   -0.238350E-06
   3.61200   -0.246866E-06
   3.61400   -0.248918E-06
   3.61600   -0.245499E-06
   3.61800   -0.237790E-06
   3.62000   -0.227014E-06
   3.62200   -0.214322E-06
   3.62400   -0.200711E-06
   3.62600   -0.186972E-06
   3.62800   -0.173685E-06
   3.63000   -0.161228E-06
   3.63200   -0.149815E-06
   3.63400   -0.139531E-06
   3.63600   -0.130371E-06
   3.63800   -0.122276E-06
   3.64000   -0.115157E-06
   3.64200   -0.108908E-06
   3.64400   -0.103422E-06
   3.64600   -0.985894E-07
   3.64800   -0.943078E-07
   3.65000   -0.904786E-07
   3.65200   -0.870128E-07
   3.65400   -0.838323E-07
   3.65600   -0.808738E-07
   3.65800   -0.780897E-07
   3.66000   -0.754514E-07
   3.66200   -0.729402E-07
   3.66400   -0.705625E-07
   3.66600   -0.683242E-07
   3.66800   -0.662376E-07
   3.67000   -0.643137E-07
   3.67200   -0.625577E-07
   3.67400   -0.609663E-07
   3.67600   -0.595265E-07
   3.67800   -0.582165E-07
   3.68000   -0.570083E-07
   3.68200   -0.558713E-07
   3.68400   -0.547759E-07
   3.68600   -0.536978E-07
   3.68800   -0.526202E-07
   3.69000   -0.515354E-07
   3.69200   -0.504445E-07
   3.69400   -0.493561E-07
   3.69600   -0.482833E-07
   3.69800   -0.472408E-07
   3.70000   -0.462415E-07
   3.70200   -0.452940E-07
   3.70400   -0.444008E-07
   3.70600   -0.435581E-07
   3.70800   -0.427564E-07
   3.71000   -0.419827E-07
   3.71200   -0.412226E-07
   3.71400   -0.404637E-07
   3.71600   -0.396971E-07
   3.71800   -0.389201E-07
   3.72000   -0.381359E-07
   3.72200   -0.373541E-07
   3.72400   -0.365885E-07
   3.72600   -0.358554E-07
   3.72800   -0.351708E-07
   3.73000   -0.345481E-07
   3.73200   -0.339953E-07
   3.73400   -0.335143E-07
   3.73600   -0.330998E-07
   3.73800   -0.327398E-07
   3.74000   -0.324172E-07
   3.74200   -0.321111E-07
   3.74400   -0.317997E-07
   3.74600   -0.314624E-07
   3.74800   -0.310825E-07
   3.75000   -0.306486E-07
   3.75200   -0.301562E-07
   3.75400   -0.296079E-07
   3.75600   -0.290134E-07
   3.75800   -0.283880E-07
   3.76000   -0.277516E-07
   3.76200   -0.271263E-07
   3.76400   -0.265338E-07
   3.76600   -0.259939E-07
   3.76800   -0.255218E-07
   3.77000   -0.251270E-07
   3.77200   -0.248118E-07
   3.77400   -0.245719E-07
   3.77600   -0.243962E-07
   3.77800   -0.242678E-07
   3.78000   -0.241664E-07
   3.78200   -0.240695E-07
   3.78400   -0.239544E-07
   3.78600   -0.238010E-07
   3.78800   -0.235927E-07
   3.79000   -0.233181E-07
   3.79200   -0.229719E-07
   3.79400   -0.225552E-07
   3.79600   -0.220754E-07
   3.79800   -0.215453E-07
   3.80000   -0.209822E-07
   3.80200   -0.204059E-07
   3.80400   -0.198374E-07
   3.80600   -0.192970E-07
   3.80800   -0.188029E-07
   3.81000   -0.183696E-07
   3.81200   -0.180077E-07
   3.81400   -0.177229E-07
   3.81600   -0.175167E-07
   3.81800   -0.173863E-07
   3.82000   -0.173254E-07
   3.82200   -0.173248E-07
   3.82400   -0.173726E-07
   3.82600   -0.174544E-07
   3.82800   -0.175538E-07
   3.83000   -0.176516E-07
   3.83200   -0.177265E-07
   3.83400   -0.177554E-07
   3.83600   -0.177138E-07
   3.83800   -0.175778E-07
   3.84000   -0.173256E-07
   3.84200   -0.169399E-07
   3.84400   -0.164096E-07
   3.84600   -0.157324E-07
   3.84800   -0.149150E-07
   3.85000   -0.139737E-07
   3.85200   -0.129333E-07
   3.85400   -0.118248E-07
   3.85600   -0.106832E-07
   3.85800   -0.954361E-08
   3.86000   -0.843874E-08
   3.86200   -0.739593E-08
   3.86400   -0.643529E-08
   3.86600   -0.556863E-08
   3.86800   -0.479924E-08
   3.87000   -0.412258E-08
   3.87200   -0.352750E-08
   3.87400   -0.299789E-08
   3.87600   -0.251455E-08
   3.87800   -0.205699E-08
   3.88000   -0.160531E-08
   3.88200   -0.114166E-08
   3.88400   -0.651609E-09
   3.88600   -0.125105E-09
   3.88800    0.442881E-09
   3.89000    0.105207E-08
   3.89200    0.169693E-08
   3.89400    0.236713E-08
   3.89600    0.304832E-08
   3.89800    0.372316E-08
   3.90000    0.437257E-08
   3.90200    0.497710E-08
   3.90400    0.551836E-08
   3.90600    0.598018E-08
   3.90800    0.634985E-08
   3.91000    0.661868E-08
   3.91200    0.678237E-08
   3.91400    0.684127E-08
   3.91600    0.679973E-08
   3.91800    0.666559E-08
   3.92000    0.644937E-08
   3.92200    0.616332E-08
   3.92400    0.582065E-08
   3.92600    0.543475E-08
   3.92800    0.501865E-08
   3.93000    0.458469E-08
   3.93200    0.414435E-08
   3.93400    0.370819E-08
   3.93600    0.328588E-08
   3.93800    0.288619E-08
   3.94000    0.251690E-08
   3.94200    0.218468E-08
   3.94400    0.189473E-08
   3.94600    0.165049E-08
   3.94800    0.145320E-08
   3.95000    0.130169E-08
   3.95200    0.119221E-08
   3.95400    0.111855E-08
   3.95600    0.107246E-08
   3.95800    0.104432E-08
   3.96000    0.102401E-08
   3.96200    0.100194E-08
   3.96400    0.969998E-09
   3.96600    0.922365E-09
   3.96800    0.856020E-09
   3.97000    0.770924E-09
   3.97200    0.669754E-09
   3.97400    0.557366E-09
   3.97600    0.439965E-09
   3.97800    0.324218E-09
   3.98000    0.216366E-09
   3.98200    0.121498E-09
   3.98400    0.430862E-10
   3.98600   -0.171997E-10
   3.98800   -0.594179E-10
   3.99000   -0.850699E-10
   3.99200   -0.966738E-10
   3.99400   -0.973027E-10
   3.99600   -0.901555E-10
   3.99800   -0.782112E-10
   4.00000   -0.639932E-10
