   0.00000    0.000000E+00
   0.00200    0.000000E+00
   0.00400    0.000000E+00
   0.00600    0.000000E+00
   0.00800    0.000000E+00
   0.01000    0.000000E+00
   0.01200    0.000000E+00
   0.01400    0.000000E+00
   0.01600    0.000000E+00
   0.01800    0.000000E+00
   0.02000    0.000000E+00
   0.02200    0.000000E+00
   0.02400    0.000000E+00
   0.02600   -0.243466E-10
   0.02800   -0.720616E-10
   0.03000   -0.155410E-09
   0.03200   -0.311956E-09
   0.03400   -0.607778E-09
   0.03600   -0.115358E-08
   0.03800   -0.213546E-08
   0.04000   -0.385716E-08
   0.04200   -0.679949E-08
   0.04400   -0.116989E-07
   0.04600   -0.196457E-07
   0.04800   -0.321988E-07
   0.05000   -0.515063E-07
   0.05200   -0.804163E-07
   0.05400   -0.122545E-06
   0.05600   -0.182272E-06
   0.05800   -0.264623E-06
   0.06000   -0.374992E-06
   0.06200   -0.518693E-06
   0.06400   -0.700326E-06
   0.06600   -0.922997E-06
   0.06800   -0.118746E-05
   0.07000   -0.149129E-05
   0.07200   -0.182826E-05
   0.07400   -0.218806E-05
   0.07600   -0.255643E-05
   0.07800   -0.291587E-05
   0.08000   -0.324690E-05
   0.08200   -0.352976E-05
   0.08400   -0.374627E-05
   0.08600   -0.388178E-05
   0.08800   -0.392677E-05
   0.09000   -0.387792E-05
   0.09200   -0.373847E-05
   0.09400   -0.351782E-05
   0.09600   -0.323046E-05
   0.09800   -0.289433E-05
   0.10000   -0.252898E-05
   0.10200   -0.215365E-05
   0.10400   -0.178571E-05
   0.10600   -0.143940E-05
   0.10800   -0.112521E-05
   0.11000   -0.849651E-06
   0.11200   -0.615571E-06
   0.11400   -0.422695E-06
   0.11600   -0.268388E-06
   0.11800   -0.148447E-06
   0.12000   -0.578286E-07
   0.12200    0.875222E-08
   0.12400    0.563742E-07
   0.12600    0.896238E-07
   0.12800    0.112442E-06
   0.13000    0.128076E-06
   0.13200    0.139103E-06
   0.13400    0.147488E-06
   0.13600    0.154674E-06
   0.13800    0.161654E-06
   0.14000    0.169058E-06
   0.14200    0.177220E-06
   0.14400    0.186238E-06
   0.14600    0.196027E-06
   0.14800    0.206387E-06
   0.15000    0.216997E-06
   0.15200    0.227512E-06
   0.15400    0.237588E-06
   0.15600    0.246898E-06
   0.15800    0.255156E-06
   0.16000    0.262141E-06
   0.16200    0.267698E-06
   0.16400    0.271744E-06
   0.16600    0.274260E-06
   0.16800    0.275282E-06
   0.17000    0.274892E-06
   0.17200    0.273206E-06
   0.17400    0.270365E-06
   0.17600    0.266525E-06
   0.17800    0.261857E-06
   0.18000    0.256536E-06
   0.18200    0.250747E-06
   0.18400    0.244681E-06
   0.18600    0.238531E-06
   0.18800    0.232494E-06
   0.19000    0.226764E-06
   0.19200    0.221522E-06
   0.19400    0.216933E-06
   0.19600    0.213133E-06
   0.19800    0.210219E-06
   0.20000    0.208243E-06
   0.20200    0.207205E-06
   0.20400    0.207048E-06
   0.20600    0.207664E-06
   0.20800    0.208891E-06
   0.21000    0.210530E-06
   0.21200    0.212352E-06
   0.21400    0.214116E-06
   0.21600    0.215583E-06
   0.21800    0.216536E-06
   0.22000    0.216797E-06
   0.22200    0.216238E-06
   0.22400    0.214791E-06
   0.22600    0.212455E-06
   0.22800    0.209294E-06
   0.23000    0.205427E-06
   0.23200    0.201022E-06
   0.23400    0.196275E-06
   0.23600    0.191400E-06
   0.23800    0.186604E-06
   0.24000    0.182076E-06
   0.24200    0.177977E-06
   0.24400    0.174427E-06
   0.24600    0.171505E-06
   0.24800    0.169245E-06
   0.25000    0.167641E-06
   0.25200    0.166652E-06
   0.25400    0.166203E-06
   0.25600    0.166194E-06
   0.25800    0.166503E-06
   0.26000    0.166996E-06
   0.26200    0.167527E-06
   0.26400    0.167950E-06
   0.26600    0.168127E-06
   0.26800    0.167933E-06
   0.27000    0.167268E-06
   0.27200    0.166063E-06
   0.27400    0.164290E-06
   0.27600    0.161965E-06
   0.27800    0.159145E-06
   0.28000    0.155930E-06
   0.28200    0.152453E-06
   0.28400    0.148869E-06
   0.28600    0.145346E-06
   0.28800    0.142048E-06
   0.29000    0.139121E-06
   0.29200    0.136687E-06
   0.29400    0.134832E-06
   0.29600    0.133598E-06
   0.29800    0.132987E-06
   0.30000    0.132954E-06
   0.30200    0.133418E-06
   0.30400    0.134263E-06
   0.30600    0.135349E-06
   0.30800    0.136519E-06
   0.31000    0.137615E-06
   0.31200    0.138482E-06
   0.31400    0.138986E-06
   0.31600    0.139020E-06
   0.31800    0.138511E-06
   0.32000    0.137430E-06
   0.32200    0.135792E-06
   0.32400    0.133651E-06
   0.32600    0.131103E-06
   0.32800    0.128271E-06
   0.33000    0.125298E-06
   0.33200    0.122337E-06
   0.33400    0.119539E-06
   0.33600    0.117041E-06
   0.33800    0.114957E-06
   0.34000    0.113372E-06
   0.34200    0.112336E-06
   0.34400    0.111861E-06
   0.34600    0.111917E-06
   0.34800    0.112440E-06
   0.35000    0.113330E-06
   0.35200    0.114463E-06
   0.35400    0.115694E-06
   0.35600    0.116873E-06
   0.35800    0.117856E-06
   0.36000    0.118516E-06
   0.36200    0.118751E-06
   0.36400    0.118501E-06
   0.36600    0.117745E-06
   0.36800    0.116506E-06
   0.37000    0.114846E-06
   0.37200    0.112863E-06
   0.37400    0.110680E-06
   0.37600    0.108434E-06
   0.37800    0.106263E-06
   0.38000    0.104300E-06
   0.38200    0.102657E-06
   0.38400    0.101422E-06
   0.38600    0.100649E-06
   0.38800    0.100355E-06
   0.39000    0.100519E-06
   0.39200    0.101080E-06
   0.39400    0.101944E-06
   0.39600    0.102987E-06
   0.39800    0.104066E-06
   0.40000    0.105035E-06
   0.40200    0.105751E-06
   0.40400    0.106097E-06
   0.40600    0.105989E-06
   0.40800    0.105385E-06
   0.41000    0.104293E-06
   0.41200    0.102768E-06
   0.41400    0.100903E-06
   0.41600    0.988245E-07
   0.41800    0.966721E-07
   0.42000    0.945884E-07
   0.42200    0.927033E-07
   0.42400    0.911230E-07
   0.42600    0.899220E-07
   0.42800    0.891379E-07
   0.43000    0.887715E-07
   0.43200    0.887888E-07
   0.43400    0.891255E-07
   0.43600    0.896947E-07
   0.43800    0.903949E-07
   0.44000    0.911187E-07
   0.44200    0.917625E-07
   0.44400    0.922346E-07
   0.44600    0.924628E-07
   0.44800    0.923991E-07
   0.45000    0.920224E-07
   0.45200    0.913385E-07
   0.45400    0.903772E-07
   0.45600    0.891877E-07
   0.45800    0.878327E-07
   0.46000    0.863826E-07
   0.46200    0.849103E-07
   0.46400    0.834873E-07
   0.46600    0.821807E-07
   0.46800    0.810511E-07
   0.47000    0.801511E-07
   0.47200    0.795225E-07
   0.47400    0.791937E-07
   0.47600    0.791757E-07
   0.47800    0.794580E-07
   0.48000    0.800055E-07
   0.48200    0.807566E-07
   0.48400    0.816251E-07
   0.48600    0.825044E-07
   0.48800    0.832762E-07
   0.49000    0.838218E-07
   0.49200    0.840345E-07
   0.49400    0.838324E-07
   0.49600    0.831693E-07
   0.49800    0.820415E-07
   0.50000    0.804906E-07
   0.50200    0.786002E-07
   0.50400    0.764885E-07
   0.50600    0.742964E-07
   0.50800    0.721730E-07
   0.51000    0.702607E-07
   0.51200    0.686803E-07
   0.51400    0.675197E-07
   0.51600    0.668254E-07
   0.51800    0.665987E-07
   0.52000    0.667969E-07
   0.52200    0.673382E-07
   0.52400    0.681103E-07
   0.52600    0.689819E-07
   0.52800    0.698147E-07
   0.53000    0.704762E-07
   0.53200    0.708508E-07
   0.53400    0.708494E-07
   0.53600    0.704161E-07
   0.53800    0.695312E-07
   0.54000    0.682123E-07
   0.54200    0.665113E-07
   0.54400    0.645093E-07
   0.54600    0.623089E-07
   0.54800    0.600258E-07
   0.55000    0.577776E-07
   0.55200    0.556754E-07
   0.55400    0.538132E-07
   0.55600    0.522602E-07
   0.55800    0.510542E-07
   0.56000    0.502008E-07
   0.56200    0.496670E-07
   0.56400    0.493883E-07
   0.56600    0.492741E-07
   0.56800    0.492099E-07
   0.57000    0.490738E-07
   0.57200    0.487409E-07
   0.57400    0.480868E-07
   0.57600    0.470092E-07
   0.57800    0.454212E-07
   0.58000    0.432612E-07
   0.58200    0.404898E-07
   0.58400    0.370896E-07
   0.58600    0.330584E-07
   0.58800    0.284051E-07
   0.59000    0.231428E-07
   0.59200    0.172854E-07
   0.59400    0.108467E-07
   0.59600    0.384394E-08
   0.59800   -0.369114E-08
   0.60000   -0.116972E-07
   0.60200   -0.200626E-07
   0.60400   -0.286046E-07
   0.60600   -0.370511E-07
   0.60800   -0.450333E-07
   0.61000   -0.520915E-07
   0.61200   -0.576998E-07
   0.61400   -0.613119E-07
   0.61600   -0.624212E-07
   0.61800   -0.606323E-07
   0.62000   -0.557292E-07
   0.62200   -0.477290E-07
   0.62400   -0.369092E-07
   0.62600   -0.237994E-07
   0.62800   -0.913502E-08
   0.63000    0.622164E-08
   0.63200    0.213810E-07
   0.63400    0.355309E-07
   0.63600    0.480280E-07
   0.63800    0.584606E-07
   0.64000    0.666746E-07
   0.64200    0.727581E-07
   0.64400    0.769932E-07
   0.64600    0.797849E-07
   0.64800    0.815821E-07
   0.65000    0.828050E-07
   0.65200    0.837906E-07
   0.65400    0.847621E-07
   0.65600    0.858227E-07
   0.65800    0.869706E-07
   0.66000    0.881281E-07
   0.66200    0.891768E-07
   0.66400    0.899923E-07
   0.66600    0.904715E-07
   0.66800    0.905514E-07
   0.67000    0.902171E-07
   0.67200    0.895014E-07
   0.67400    0.884760E-07
   0.67600    0.872397E-07
   0.67800    0.859040E-07
   0.68000    0.845792E-07
   0.68200    0.833601E-07
   0.68400    0.823211E-07
   0.68600    0.815041E-07
   0.68800    0.809179E-07
   0.69000    0.805422E-07
   0.69200    0.803253E-07
   0.69400    0.801967E-07
   0.69600    0.800777E-07
   0.69800    0.798790E-07
   0.70000    0.795255E-07
   0.70200    0.789566E-07
   0.70400    0.781377E-07
   0.70600    0.770625E-07
   0.70800    0.757563E-07
   0.71000    0.742712E-07
   0.71200    0.726821E-07
   0.71400    0.710773E-07
   0.71600    0.695484E-07
   0.71800    0.681813E-07
   0.72000    0.670448E-07
   0.72200    0.661850E-07
   0.72400    0.656206E-07
   0.72600    0.653419E-07
   0.72800    0.653131E-07
   0.73000    0.654778E-07
   0.73200    0.657659E-07
   0.73400    0.661009E-07
   0.73600    0.664087E-07
   0.73800    0.666238E-07
   0.74000    0.666946E-07
   0.74200    0.665869E-07
   0.74400    0.662850E-07
   0.74600    0.657914E-07
   0.74800    0.651251E-07
   0.75000    0.643193E-07
   0.75200    0.634179E-07
   0.75400    0.624723E-07
   0.75600    0.615381E-07
   0.75800    0.606706E-07
   0.76000    0.599217E-07
   0.76200    0.593348E-07
   0.76400    0.589412E-07
   0.76600    0.587558E-07
   0.76800    0.587750E-07
   0.77000    0.589751E-07
   0.77200    0.593135E-07
   0.77400    0.597314E-07
   0.77600    0.601592E-07
   0.77800    0.605239E-07
   0.78000    0.607561E-07
   0.78200    0.607986E-07
   0.78400    0.606130E-07
   0.78600    0.601848E-07
   0.78800    0.595263E-07
   0.79000    0.586761E-07
   0.79200    0.576960E-07
   0.79400    0.566653E-07
   0.79600    0.556722E-07
   0.79800    0.548047E-07
   0.80000    0.541402E-07
   0.80200    0.537360E-07
   0.80400    0.536218E-07
   0.80600    0.537948E-07
   0.80800    0.542187E-07
   0.81000    0.548264E-07
   0.81200    0.555270E-07
   0.81400    0.562152E-07
   0.81600    0.567838E-07
   0.81800    0.571355E-07
   0.82000    0.571948E-07
   0.82200    0.569165E-07
   0.82400    0.562912E-07
   0.82600    0.553470E-07
   0.82800    0.541459E-07
   0.83000    0.527781E-07
   0.83200    0.513519E-07
   0.83400    0.499827E-07
   0.83600    0.487810E-07
   0.83800    0.478412E-07
   0.84000    0.472318E-07
   0.84200    0.469889E-07
   0.84400    0.471124E-07
   0.84600    0.475661E-07
   0.84800    0.482820E-07
   0.85000    0.491674E-07
   0.85200    0.501147E-07
   0.85400    0.510129E-07
   0.85600    0.517585E-07
   0.85800    0.522665E-07
   0.86000    0.524780E-07
   0.86200    0.523652E-07
   0.86400    0.519335E-07
   0.86600    0.512189E-07
   0.86800    0.502832E-07
   0.87000    0.492067E-07
   0.87200    0.480789E-07
   0.87400    0.469888E-07
   0.87600    0.460159E-07
   0.87800    0.452224E-07
   0.88000    0.446467E-07
   0.88200    0.443008E-07
   0.88400    0.441694E-07
   0.88600    0.442133E-07
   0.88800    0.443745E-07
   0.89000    0.445836E-07
   0.89200    0.447695E-07
   0.89400    0.448672E-07
   0.89600    0.448270E-07
   0.89800    0.446195E-07
   0.90000    0.442395E-07
   0.90200    0.437059E-07
   0.90400    0.430591E-07
   0.90600    0.423553E-07
   0.90800    0.416593E-07
   0.91000    0.410367E-07
   0.91200    0.405450E-07
   0.91400    0.402272E-07
   0.91600    0.401057E-07
   0.91800    0.401798E-07
   0.92000    0.404247E-07
   0.92200    0.407946E-07
   0.92400    0.412266E-07
   0.92600    0.416481E-07
   0.92800    0.419848E-07
   0.93000    0.421684E-07
   0.93200    0.421448E-07
   0.93400    0.418799E-07
   0.93600    0.413633E-07
   0.93800    0.406101E-07
   0.94000    0.396590E-07
   0.94200    0.385686E-07
   0.94400    0.374118E-07
   0.94600    0.362679E-07
   0.94800    0.352151E-07
   0.95000    0.343224E-07
   0.95200    0.336428E-07
   0.95400    0.332076E-07
   0.95600    0.330235E-07
   0.95800    0.330714E-07
   0.96000    0.333091E-07
   0.96200    0.336758E-07
   0.96400    0.340992E-07
   0.96600    0.345039E-07
   0.96800    0.348208E-07
   0.97000    0.349949E-07
   0.97200    0.349920E-07
   0.97400    0.348031E-07
   0.97600    0.344444E-07
   0.97800    0.339557E-07
   0.98000    0.333946E-07
   0.98200    0.328292E-07
   0.98400    0.323288E-07
   0.98600    0.319546E-07
   0.98800    0.317518E-07
   0.99000    0.317424E-07
   0.99200    0.319217E-07
   0.99400    0.322574E-07
   0.99600    0.326929E-07
   0.99800    0.331531E-07
   1.00000    0.335535E-07
   1.00200    0.338109E-07
   1.00400    0.338540E-07
   1.00600    0.336337E-07
   1.00800    0.331300E-07
   1.01000    0.323565E-07
   1.01200    0.313597E-07
   1.01400    0.302154E-07
   1.01600    0.290199E-07
   1.01800    0.278798E-07
   1.02000    0.268999E-07
   1.02200    0.261708E-07
   1.02400    0.257587E-07
   1.02600    0.256974E-07
   1.02800    0.259845E-07
   1.03000    0.265813E-07
   1.03200    0.274171E-07
   1.03400    0.283968E-07
   1.03600    0.294120E-07
   1.03800    0.303524E-07
   1.04000    0.311183E-07
   1.04200    0.316309E-07
   1.04400    0.318405E-07
   1.04600    0.317314E-07
   1.04800    0.313218E-07
   1.05000    0.306612E-07
   1.05200    0.298233E-07
   1.05400    0.288970E-07
   1.05600    0.279758E-07
   1.05800    0.271468E-07
   1.06000    0.264810E-07
   1.06200    0.260253E-07
   1.06400    0.257979E-07
   1.06600    0.257869E-07
   1.06800    0.259527E-07
   1.07000    0.262333E-07
   1.07200    0.265534E-07
   1.07400    0.268342E-07
   1.07600    0.270039E-07
   1.07800    0.270077E-07
   1.08000    0.268148E-07
   1.08200    0.264226E-07
   1.08400    0.258571E-07
   1.08600    0.251685E-07
   1.08800    0.244245E-07
   1.09000    0.237009E-07
   1.09200    0.230701E-07
   1.09400    0.225916E-07
   1.09600    0.223028E-07
   1.09800    0.222141E-07
   1.10000    0.223066E-07
   1.10200    0.225349E-07
   1.10400    0.228329E-07
   1.10600    0.231228E-07
   1.10800    0.233263E-07
   1.11000    0.233751E-07
   1.11200    0.232212E-07
   1.11400    0.228437E-07
   1.11600    0.222528E-07
   1.11800    0.214892E-07
   1.12000    0.206196E-07
   1.12200    0.197285E-07
   1.12400    0.189081E-07
   1.12600    0.182464E-07
   1.12800    0.178161E-07
   1.13000    0.176651E-07
   1.13200    0.178102E-07
   1.13400    0.182344E-07
   1.13600    0.188892E-07
   1.13800    0.197001E-07
   1.14000    0.205762E-07
   1.14200    0.214214E-07
   1.14400    0.221466E-07
   1.14600    0.226808E-07
   1.14800    0.229795E-07
   1.15000    0.230292E-07
   1.15200    0.228483E-07
   1.15400    0.224830E-07
   1.15600    0.219997E-07
   1.15800    0.214748E-07
   1.16000    0.209835E-07
   1.16200    0.205892E-07
   1.16400    0.203347E-07
   1.16600    0.202371E-07
   1.16800    0.202864E-07
   1.17000    0.204482E-07
   1.17200    0.206701E-07
   1.17400    0.208905E-07
   1.17600    0.210488E-07
   1.17800    0.210946E-07
   1.18000    0.209960E-07
   1.18200    0.207444E-07
   1.18400    0.203557E-07
   1.18600    0.198682E-07
   1.18800    0.193366E-07
   1.19000    0.188242E-07
   1.19200    0.183934E-07
   1.19400    0.180962E-07
   1.19600    0.179668E-07
   1.19800    0.180159E-07
   1.20000    0.182287E-07
   1.20200    0.185661E-07
   1.20400    0.189702E-07
   1.20600    0.193713E-07
   1.20800    0.196977E-07
   1.21000    0.198851E-07
   1.21200    0.198860E-07
   1.21400    0.196756E-07
   1.21600    0.192553E-07
   1.21800    0.186527E-07
   1.22000    0.179172E-07
   1.22200    0.171134E-07
   1.22400    0.163116E-07
   1.22600    0.155787E-07
   1.22800    0.149687E-07
   1.23000    0.145165E-07
   1.23200    0.142339E-07
   1.23400    0.141096E-07
   1.23600    0.141124E-07
   1.23800    0.141981E-07
   1.24000    0.143174E-07
   1.24200    0.144253E-07
   1.24400    0.144889E-07
   1.24600    0.144937E-07
   1.24800    0.144463E-07
   1.25000    0.143736E-07
   1.25200    0.143185E-07
   1.25400    0.143329E-07
   1.25600    0.144679E-07
   1.25800    0.147653E-07
   1.26000    0.152484E-07
   1.26200    0.159171E-07
   1.26400    0.167450E-07
   1.26600    0.176813E-07
   1.26800    0.186566E-07
   1.27000    0.195916E-07
   1.27200    0.204077E-07
   1.27400    0.210378E-07
   1.27600    0.214359E-07
   1.27800    0.215833E-07
   1.28000    0.214911E-07
   1.28200    0.211982E-07
   1.28400    0.207648E-07
   1.28600    0.202630E-07
   1.28800    0.197653E-07
   1.29000    0.193339E-07
   1.29200    0.190110E-07
   1.29400    0.188133E-07
   1.29600    0.187306E-07
   1.29800    0.187286E-07
   1.30000    0.187563E-07
   1.30200    0.187559E-07
   1.30400    0.186734E-07
   1.30600    0.184691E-07
   1.30800    0.181251E-07
   1.31000    0.176491E-07
   1.31200    0.170743E-07
   1.31400    0.164542E-07
   1.31600    0.158548E-07
   1.31800    0.153443E-07
   1.32000    0.149826E-07
   1.32200    0.148120E-07
   1.32400    0.148509E-07
   1.32600    0.150917E-07
   1.32800    0.155017E-07
   1.33000    0.160296E-07
   1.33200    0.166135E-07
   1.33400    0.171912E-07
   1.33600    0.177099E-07
   1.33800    0.181345E-07
   1.34000    0.184516E-07
   1.34200    0.186712E-07
   1.34400    0.188222E-07
   1.34600    0.189460E-07
   1.34800    0.190865E-07
   1.35000    0.192806E-07
   1.35200    0.195488E-07
   1.35400    0.198897E-07
   1.35600    0.202782E-07
   1.35800    0.206680E-07
   1.36000    0.209990E-07
   1.36200    0.212071E-07
   1.36400    0.212363E-07
   1.36600    0.210491E-07
   1.36800    0.206352E-07
   1.37000    0.200152E-07
   1.37200    0.192399E-07
   1.37400    0.183840E-07
   1.37600    0.175359E-07
   1.37800    0.167858E-07
   1.38000    0.162117E-07
   1.38200    0.158695E-07
   1.38400    0.157850E-07
   1.38600    0.159514E-07
   1.38800    0.163325E-07
   1.39000    0.168694E-07
   1.39200    0.174908E-07
   1.39400    0.181252E-07
   1.39600    0.187112E-07
   1.39800    0.192056E-07
   1.40000    0.195872E-07
   1.40200    0.198569E-07
   1.40400    0.200321E-07
   1.40600    0.201398E-07
   1.40800    0.202074E-07
   1.41000    0.202541E-07
   1.41200    0.202856E-07
   1.41400    0.202913E-07
   1.41600    0.202467E-07
   1.41800    0.201186E-07
   1.42000    0.198735E-07
   1.42200    0.194867E-07
   1.42400    0.189505E-07
   1.42600    0.182789E-07
   1.42800    0.175091E-07
   1.43000    0.166983E-07
   1.43200    0.159160E-07
   1.43400    0.152344E-07
   1.43600    0.147171E-07
   1.43800    0.144097E-07
   1.44000    0.143325E-07
   1.44200    0.144775E-07
   1.44400    0.148107E-07
   1.44600    0.152767E-07
   1.44800    0.158085E-07
   1.45000    0.163369E-07
   1.45200    0.167998E-07
   1.45400    0.171498E-07
   1.45600    0.173585E-07
   1.45800    0.174166E-07
   1.46000    0.173317E-07
   1.46200    0.171232E-07
   1.46400    0.168164E-07
   1.46600    0.164374E-07
   1.46800    0.160090E-07
   1.47000    0.155489E-07
   1.47200    0.150708E-07
   1.47400    0.145868E-07
   1.47600    0.141106E-07
   1.47800    0.136610E-07
   1.48000    0.132630E-07
   1.48200    0.129479E-07
   1.48400    0.127495E-07
   1.48600    0.126997E-07
   1.48800    0.128213E-07
   1.49000    0.131221E-07
   1.49200    0.135895E-07
   1.49400    0.141882E-07
   1.49600    0.148617E-07
   1.49800    0.155368E-07
   1.50000    0.161323E-07
   1.50200    0.165685E-07
   1.50400    0.167786E-07
   1.50600    0.167173E-07
   1.50800    0.163674E-07
   1.51000    0.157422E-07
   1.51200    0.148834E-07
   1.51400    0.138546E-07
   1.51600    0.127331E-07
   1.51800    0.115991E-07
   1.52000    0.105262E-07
   1.52200    0.957369E-08
   1.52400    0.878204E-08
   1.52600    0.817135E-08
   1.52800    0.774343E-08
   1.53000    0.748577E-08
   1.53200    0.737660E-08
   1.53400    0.738970E-08
   1.53600    0.749802E-08
   1.53800    0.767569E-08
   1.54000    0.789836E-08
   1.54200    0.814256E-08
   1.54400    0.838469E-08
   1.54600    0.860081E-08
   1.54800    0.876744E-08
   1.55000    0.886365E-08
   1.55200    0.887419E-08
   1.55400    0.879283E-08
   1.55600    0.862504E-08
   1.55800    0.838897E-08
   1.56000    0.811417E-08
   1.56200    0.783802E-08
   1.56400    0.760002E-08
   1.56600    0.743524E-08
   1.56800    0.736804E-08
   1.57000    0.740695E-08
   1.57200    0.754269E-08
   1.57400    0.774919E-08
   1.57600    0.798774E-08
   1.57800    0.821368E-08
   1.58000    0.838425E-08
   1.58200    0.846625E-08
   1.58400    0.844194E-08
   1.58600    0.831212E-08
   1.58800    0.809571E-08
   1.59000    0.782620E-08
   1.59200    0.754540E-08
   1.59400    0.729588E-08
   1.59600    0.711359E-08
   1.59800    0.702199E-08
   1.60000    0.702862E-08
   1.60200    0.712464E-08
   1.60400    0.728722E-08
   1.60600    0.748417E-08
   1.60800    0.767977E-08
   1.61000    0.784060E-08
   1.61200    0.794063E-08
   1.61400    0.796443E-08
   1.61600    0.790848E-08
   1.61800    0.778076E-08
   1.62000    0.759867E-08
   1.62200    0.738607E-08
   1.62400    0.717012E-08
   1.62600    0.697823E-08
   1.62800    0.683548E-08
   1.63000    0.676245E-08
   1.63200    0.677355E-08
   1.63400    0.687589E-08
   1.63600    0.706835E-08
   1.63800    0.734125E-08
   1.64000    0.767684E-08
   1.64200    0.805082E-08
   1.64400    0.843486E-08
   1.64600    0.880012E-08
   1.64800    0.912144E-08
   1.65000    0.938137E-08
   1.65200    0.957330E-08
   1.65400    0.970287E-08
   1.65600    0.978718E-08
   1.65800    0.985172E-08
   1.66000    0.992553E-08
   1.66200    0.100357E-07
   1.66400    0.102018E-07
   1.66600    0.104326E-07
   1.66800    0.107241E-07
   1.67000    0.110615E-07
   1.67200    0.114220E-07
   1.67400    0.117809E-07
   1.67600    0.121161E-07
   1.67800    0.124129E-07
   1.68000    0.126662E-07
   1.68200    0.128799E-07
   1.68400    0.130646E-07
   1.68600    0.132333E-07
   1.68800    0.133969E-07
   1.69000    0.135604E-07
   1.69200    0.137205E-07
   1.69400    0.138662E-07
   1.69600    0.139810E-07
   1.69800    0.140468E-07
   1.70000    0.140483E-07
   1.70200    0.139776E-07
   1.70400    0.138362E-07
   1.70600    0.136360E-07
   1.70800    0.133982E-07
   1.71000    0.131501E-07
   1.71200    0.129215E-07
   1.71400    0.127404E-07
   1.71600    0.126292E-07
   1.71800    0.126025E-07
   1.72000    0.126650E-07
   1.72200    0.128116E-07
   1.72400    0.130279E-07
   1.72600    0.132916E-07
   1.72800    0.135746E-07
   1.73000    0.138453E-07
   1.73200    0.140715E-07
   1.73400    0.142229E-07
   1.73600    0.142742E-07
   1.73800    0.142080E-07
   1.74000    0.140169E-07
   1.74200    0.137045E-07
   1.74400    0.132860E-07
   1.74600    0.127874E-07
   1.74800    0.122430E-07
   1.75000    0.116926E-07
   1.75200    0.111778E-07
   1.75400    0.107384E-07
   1.75600    0.104087E-07
   1.75800    0.102145E-07
   1.76000    0.101713E-07
   1.76200    0.102826E-07
   1.76400    0.105397E-07
   1.76600    0.109218E-07
   1.76800    0.113982E-07
   1.77000    0.119298E-07
   1.77200    0.124728E-07
   1.77400    0.129824E-07
   1.77600    0.134171E-07
   1.77800    0.137432E-07
   1.78000    0.139378E-07
   1.78200    0.139920E-07
   1.78400    0.139111E-07
   1.78600    0.137139E-07
   1.78800    0.134297E-07
   1.79000    0.130946E-07
   1.79200    0.127468E-07
   1.79400    0.124221E-07
   1.79600    0.121495E-07
   1.79800    0.119493E-07
   1.80000    0.118310E-07
   1.80200    0.117943E-07
   1.80400    0.118294E-07
   1.80600    0.119198E-07
   1.80800    0.120450E-07
   1.81000    0.121830E-07
   1.81200    0.123131E-07
   1.81400    0.124187E-07
   1.81600    0.124888E-07
   1.81800    0.125195E-07
   1.82000    0.125145E-07
   1.82200    0.124840E-07
   1.82400    0.124442E-07
   1.82600    0.124143E-07
   1.82800    0.124147E-07
   1.83000    0.124638E-07
   1.83200    0.125761E-07
   1.83400    0.127601E-07
   1.83600    0.130179E-07
   1.83800    0.133455E-07
   1.84000    0.137336E-07
   1.84200    0.141696E-07
   1.84400    0.146397E-07
   1.84600    0.151309E-07
   1.84800    0.156327E-07
   1.85000    0.161379E-07
   1.85200    0.166430E-07
   1.85400    0.171482E-07
   1.85600    0.176557E-07
   1.85800    0.181691E-07
   1.86000    0.186920E-07
   1.86200    0.192264E-07
   1.86400    0.197724E-07
   1.86600    0.203284E-07
   1.86800    0.208907E-07
   1.87000    0.214539E-07
   1.87200    0.220128E-07
   1.87400    0.225629E-07
   1.87600    0.231007E-07
   1.87800    0.236248E-07
   1.88000    0.241359E-07
   1.88200    0.246368E-07
   1.88400    0.251320E-07
   1.88600    0.256283E-07
   1.88800    0.261355E-07
   1.89000    0.266685E-07
   1.89200    0.272496E-07
   1.89400    0.279166E-07
   1.89600    0.287180E-07
   1.89800    0.297289E-07
   1.90000    0.310595E-07
   1.90200    0.328494E-07
   1.90400    0.352783E-07
   1.90600    0.385614E-07
   1.90800    0.429446E-07
   1.91000    0.486924E-07
   1.91200    0.560697E-07
   1.91400    0.653178E-07
   1.91600    0.766256E-07
   1.91800    0.900954E-07
   1.92000    0.105707E-06
   1.92200    0.123282E-06
   1.92400    0.142449E-06
   1.92600    0.162607E-06
   1.92800    0.182908E-06
   1.93000    0.202238E-06
   1.93200    0.219231E-06
   1.93400    0.232304E-06
   1.93600    0.239727E-06
   1.93800    0.239734E-06
   1.94000    0.230677E-06
   1.94200    0.211196E-06
   1.94400    0.180414E-06
   1.94600    0.138101E-06
   1.94800    0.848101E-07
   1.95000    0.219262E-07
   1.95200   -0.483663E-07
   1.95400   -0.123219E-06
   1.95600   -0.199341E-06
   1.95800   -0.273283E-06
   1.96000   -0.341741E-06
   1.96200   -0.401847E-06
   1.96400   -0.451397E-06
   1.96600   -0.488997E-06
   1.96800   -0.514099E-06
   1.97000   -0.526957E-06
   1.97200   -0.528494E-06
   1.97400   -0.520127E-06
   1.97600   -0.503579E-06
   1.97800   -0.480691E-06
   1.98000   -0.453274E-06
   1.98200   -0.422998E-06
   1.98400   -0.391323E-06
   1.98600   -0.359471E-06
   1.98800   -0.328412E-06
   1.99000   -0.298882E-06
   1.99200   -0.271395E-06
   1.99400   -0.246268E-06
   1.99600   -0.223635E-06
   1.99800   -0.203465E-06
   2.00000   -0.185586E-06
   2.00200   -0.169703E-06
   2.00400   -0.155430E-06
   2.00600   -0.142319E-06
   2.00800   -0.129904E-06
   2.01000   -0.117743E-06
   2.01200   -0.105463E-06
   2.01400   -0.927954E-07
   2.01600   -0.796145E-07
   2.01800   -0.659442E-07
   2.02000   -0.519715E-07
   2.02200   -0.380256E-07
   2.02400   -0.245353E-07
   2.02600   -0.119914E-07
   2.02800   -0.887137E-09
   2.03000    0.833468E-08
   2.03200    0.153301E-07
   2.03400    0.198884E-07
   2.03600    0.219485E-07
   2.03800    0.215992E-07
   2.04000    0.190625E-07
   2.04200    0.146661E-07
   2.04400    0.880873E-08
   2.04600    0.192786E-08
   2.04800   -0.553171E-08
   2.05000   -0.131435E-07
   2.05200   -0.205190E-07
   2.05400   -0.273223E-07
   2.05600   -0.332813E-07
   2.05800   -0.381959E-07
   2.06000   -0.419444E-07
   2.06200   -0.444854E-07
   2.06400   -0.458573E-07
   2.06600   -0.461699E-07
   2.06800   -0.455928E-07
   2.07000   -0.443358E-07
   2.07200   -0.426276E-07
   2.07400   -0.406921E-07
   2.07600   -0.387265E-07
   2.07800   -0.368846E-07
   2.08000   -0.352665E-07
   2.08200   -0.339161E-07
   2.08400   -0.328256E-07
   2.08600   -0.319474E-07
   2.08800   -0.312089E-07
   2.09000   -0.305284E-07
   2.09200   -0.298306E-07
   2.09400   -0.290580E-07
   2.09600   -0.281783E-07
   2.09800   -0.271863E-07
   2.10000   -0.261029E-07
   2.10200   -0.249697E-07
   2.10400   -0.238384E-07
   2.10600   -0.227642E-07
   2.10800   -0.217961E-07
   2.11000   -0.209709E-07
   2.11200   -0.203078E-07
   2.11400   -0.198071E-07
   2.11600   -0.194515E-07
   2.11800   -0.192103E-07
   2.12000   -0.190439E-07
   2.12200   -0.189110E-07
   2.12400   -0.187744E-07
   2.12600   -0.186060E-07
   2.12800   -0.183897E-07
   2.13000   -0.181230E-07
   2.13200   -0.178159E-07
   2.13400   -0.174883E-07
   2.13600   -0.171664E-07
   2.13800   -0.168785E-07
   2.14000   -0.166506E-07
   2.14200   -0.165026E-07
   2.14400   -0.164451E-07
   2.14600   -0.164773E-07
   2.14800   -0.165862E-07
   2.15000   -0.167465E-07
   2.15200   -0.169227E-07
   2.15400   -0.170715E-07
   2.15600   -0.171457E-07
   2.15800   -0.170985E-07
   2.16000   -0.168878E-07
   2.16200   -0.164807E-07
   2.16400   -0.158567E-07
   2.16600   -0.150100E-07
   2.16800   -0.139510E-07
   2.17000   -0.127053E-07
   2.17200   -0.113124E-07
   2.17400   -0.982255E-08
   2.17600   -0.829240E-08
   2.17800   -0.678046E-08
   2.18000   -0.534186E-08
   2.18200   -0.402353E-08
   2.18400   -0.285999E-08
   2.18600   -0.187021E-08
   2.18800   -0.105578E-08
   2.19000   -0.400418E-09
   2.19200    0.128853E-09
   2.19400    0.579349E-09
   2.19600    0.100933E-08
   2.19800    0.148447E-08
   2.20000    0.207270E-08
   2.20200    0.284216E-08
   2.20400    0.385744E-08
   2.20600    0.517655E-08
   2.20800    0.684935E-08
   2.21000    0.891614E-08
   2.21200    0.114066E-07
   2.21400    0.143390E-07
   2.21600    0.177194E-07
   2.21800    0.215414E-07
   2.22000    0.257851E-07
   2.22200    0.304162E-07
   2.22400    0.353859E-07
   2.22600    0.406289E-07
   2.22800    0.460611E-07
   2.23000    0.515757E-07
   2.23200    0.570380E-07
   2.23400    0.622782E-07
   2.23600    0.670850E-07
   2.23800    0.712005E-07
   2.24000    0.743206E-07
   2.24200    0.761024E-07
   2.24400    0.761819E-07
   2.24600    0.742026E-07
   2.24800    0.698539E-07
   2.25000    0.629151E-07
   2.25200    0.532993E-07
   2.25400    0.410895E-07
   2.25600    0.265590E-07
   2.25800    0.101710E-07
   2.26000   -0.744616E-08
   2.26200   -0.255461E-07
   2.26400   -0.433289E-07
   2.26600   -0.600142E-07
   2.26800   -0.749125E-07
   2.27000   -0.874845E-07
   2.27200   -0.973816E-07
   2.27400   -0.104462E-06
   2.27600   -0.108782E-06
   2.27800   -0.110569E-06
   2.28000   -0.110180E-06
   2.28200   -0.108047E-06
   2.28400   -0.104635E-06
   2.28600   -0.100392E-06
   2.28800   -0.957203E-07
   2.29000   -0.909524E-07
   2.29200   -0.863437E-07
   2.29400   -0.820706E-07
   2.29600   -0.782384E-07
   2.29800   -0.748925E-07
   2.30000   -0.720323E-07
   2.30200   -0.696245E-07
   2.30400   -0.676157E-07
   2.30600   -0.659420E-07
   2.30800   -0.645372E-07
   2.31000   -0.633379E-07
   2.31200   -0.622874E-07
   2.31400   -0.613370E-07
   2.31600   -0.604474E-07
   2.31800   -0.595879E-07
   2.32000   -0.587365E-07
   2.32200   -0.578781E-07
   2.32400   -0.570053E-07
   2.32600   -0.561156E-07
   2.32800   -0.552109E-07
   2.33000   -0.542963E-07
   2.33200   -0.533793E-07
   2.33400   -0.524685E-07
   2.33600   -0.515734E-07
   2.33800   -0.507033E-07
   2.34000   -0.498667E-07
   2.34200   -0.490713E-07
   2.34400   -0.483232E-07
   2.34600   -0.476269E-07
   2.34800   -0.469849E-07
   2.35000   -0.463977E-07
   2.35200   -0.458631E-07
   2.35400   -0.453765E-07
   2.35600   -0.449309E-07
   2.35800   -0.445175E-07
   2.36000   -0.441264E-07
   2.36200   -0.437478E-07
   2.36400   -0.433737E-07
   2.36600   -0.429991E-07
   2.36800   -0.426234E-07
   2.37000   -0.422510E-07
   2.37200   -0.418911E-07
   2.37400   -0.415570E-07
   2.37600   -0.412640E-07
   2.37800   -0.410270E-07
   2.38000   -0.408582E-07
   2.38200   -0.407642E-07
   2.38400   -0.407448E-07
   2.38600   -0.407920E-07
   2.38800   -0.408903E-07
   2.39000   -0.410183E-07
   2.39200   -0.411511E-07
   2.39400   -0.412626E-07
   2.39600   -0.413287E-07
   2.39800   -0.413297E-07
   2.40000   -0.412520E-07
   2.40200   -0.410896E-07
   2.40400   -0.408439E-07
   2.40600   -0.405234E-07
   2.40800   -0.401422E-07
   2.41000   -0.397185E-07
   2.41200   -0.392720E-07
   2.41400   -0.388222E-07
   2.41600   -0.383867E-07
   2.41800   -0.379792E-07
   2.42000   -0.376087E-07
   2.42200   -0.372794E-07
   2.42400   -0.369903E-07
   2.42600   -0.367366E-07
   2.42800   -0.365099E-07
   2.43000   -0.362999E-07
   2.43200   -0.360953E-07
   2.43400   -0.358847E-07
   2.43600   -0.356573E-07
   2.43800   -0.354034E-07
   2.44000   -0.351147E-07
   2.44200   -0.347840E-07
   2.44400   -0.344056E-07
   2.44600   -0.339752E-07
   2.44800   -0.334903E-07
   2.45000   -0.329500E-07
   2.45200   -0.323561E-07
   2.45400   -0.317130E-07
   2.45600   -0.310282E-07
   2.45800   -0.303124E-07
   2.46000   -0.295791E-07
   2.46200   -0.288436E-07
   2.46400   -0.281222E-07
   2.46600   -0.274307E-07
   2.46800   -0.267825E-07
   2.47000   -0.261876E-07
   2.47200   -0.256512E-07
   2.47400   -0.251733E-07
   2.47600   -0.247485E-07
   2.47800   -0.243671E-07
   2.48000   -0.240159E-07
   2.48200   -0.236804E-07
   2.48400   -0.233459E-07
   2.48600   -0.229996E-07
   2.48800   -0.226317E-07
   2.49000   -0.222363E-07
   2.49200   -0.218116E-07
   2.49400   -0.213600E-07
   2.49600   -0.208870E-07
   2.49800   -0.204004E-07
   2.50000   -0.199093E-07
   2.50200   -0.194230E-07
   2.50400   -0.189497E-07
   2.50600   -0.184960E-07
   2.50800   -0.180663E-07
   2.51000   -0.176624E-07
   2.51200   -0.172834E-07
   2.51400   -0.169260E-07
   2.51600   -0.165848E-07
   2.51800   -0.162525E-07
   2.52000   -0.159206E-07
   2.52200   -0.155800E-07
   2.52400   -0.152215E-07
   2.52600   -0.148366E-07
   2.52800   -0.144183E-07
   2.53000   -0.139618E-07
   2.53200   -0.134649E-07
   2.53400   -0.129287E-07
   2.53600   -0.123573E-07
   2.53800   -0.117578E-07
   2.54000   -0.111393E-07
   2.54200   -0.105122E-07
   2.54400   -0.988684E-08
   2.54600   -0.927209E-08
   2.54800   -0.867467E-08
   2.55000   -0.809829E-08
   2.55200   -0.754348E-08
   2.55400   -0.700799E-08
   2.55600   -0.648740E-08
   2.55800   -0.597614E-08
   2.56000   -0.546850E-08
   2.56200   -0.495956E-08
   2.56400   -0.444587E-08
   2.56600   -0.392589E-08
   2.56800   -0.340008E-08
   2.57000   -0.287075E-08
   2.57200   -0.234174E-08
   2.57400   -0.181796E-08
   2.57600   -0.130477E-08
   2.57800   -0.807391E-09
   2.58000   -0.330427E-09
   2.58200    0.122695E-09
   2.58400    0.550013E-09
   2.58600    0.951110E-09
   2.58800    0.132689E-08
   2.59000    0.167914E-08
   2.59200    0.200981E-08
   2.59400    0.232032E-08
   2.59600    0.261085E-08
   2.59800    0.287991E-08
   2.60000    0.312443E-08
   2.60200    0.334005E-08
   2.60400    0.352188E-08
   2.60600    0.366544E-08
   2.60800    0.376762E-08
   2.61000    0.382743E-08
   2.61200    0.384641E-08
   2.61400    0.382861E-08
   2.61600    0.378022E-08
   2.61800    0.370888E-08
   2.62000    0.362286E-08
   2.62200    0.353028E-08
   2.62400    0.343853E-08
   2.62600    0.335384E-08
   2.62800    0.328116E-08
   2.63000    0.322413E-08
   2.63200    0.318515E-08
   2.63400    0.316543E-08
   2.63600    0.316500E-08
   2.63800    0.318263E-08
   2.64000    0.321570E-08
   2.64200    0.326029E-08
   2.64400    0.331124E-08
   2.64600    0.336250E-08
   2.64800    0.340779E-08
   2.65000    0.344119E-08
   2.65200    0.345800E-08
   2.65400    0.345535E-08
   2.65600    0.343260E-08
   2.65800    0.339142E-08
   2.66000    0.333538E-08
   2.66200    0.326929E-08
   2.66400    0.319822E-08
   2.66600    0.312653E-08
   2.66800    0.305699E-08
   2.67000    0.299028E-08
   2.67200    0.292484E-08
   2.67400    0.285726E-08
   2.67600    0.278294E-08
   2.67800    0.269712E-08
   2.68000    0.259594E-08
   2.68200    0.247733E-08
   2.68400    0.234173E-08
   2.68600    0.219236E-08
   2.68800    0.203508E-08
   2.69000    0.187784E-08
   2.69200    0.172973E-08
   2.69400    0.159982E-08
   2.69600    0.149597E-08
   2.69800    0.142372E-08
   2.70000    0.138557E-08
   2.70200    0.138058E-08
   2.70400    0.140463E-08
   2.70600    0.145110E-08
   2.70800    0.151191E-08
   2.71000    0.157874E-08
   2.71200    0.164422E-08
   2.71400    0.170266E-08
   2.71600    0.175052E-08
   2.71800    0.178612E-08
   2.72000    0.180905E-08
   2.72200    0.181923E-08
   2.72400    0.181611E-08
   2.72600    0.179797E-08
   2.72800    0.176174E-08
   2.73000    0.170334E-08
   2.73200    0.161857E-08
   2.73400    0.150413E-08
   2.73600    0.135879E-08
   2.73800    0.118421E-08
   2.74000    0.985229E-09
   2.74200    0.769545E-09
   2.74400    0.546696E-09
   2.74600    0.326544E-09
   2.74800    0.117671E-09
   2.75000   -0.742899E-10
   2.75200   -0.247751E-09
   2.75400   -0.405612E-09
   2.75600   -0.554919E-09
   2.75800   -0.705686E-09
   2.76000   -0.869330E-09
   2.76200   -0.105678E-08
   2.76400   -0.127687E-08
   2.76600   -0.153515E-08
   2.76800   -0.183336E-08
   2.77000   -0.217003E-08
   2.77200   -0.254151E-08
   2.77400   -0.294363E-08
   2.77600   -0.337340E-08
   2.77800   -0.383085E-08
   2.78000   -0.431987E-08
   2.78200   -0.484886E-08
   2.78400   -0.543057E-08
   2.78600   -0.608114E-08
   2.78800   -0.681663E-08
   2.79000   -0.765767E-08
   2.79200   -0.862305E-08
   2.79400   -0.973174E-08
   2.79600   -0.110029E-07
   2.79800   -0.124571E-07
   2.80000   -0.141178E-07
   2.80200   -0.160122E-07
   2.80400   -0.181725E-07
   2.80600   -0.206342E-07
   2.80800   -0.234335E-07
   2.81000   -0.266010E-07
   2.81200   -0.301521E-07
   2.81400   -0.340741E-07
   2.81600   -0.383114E-07
   2.81800   -0.427483E-07
   2.82000   -0.471948E-07
   2.82200   -0.513758E-07
   2.82400   -0.549295E-07
   2.82600   -0.574167E-07
   2.82800   -0.583456E-07
   2.83000   -0.572100E-07
   2.83200   -0.535414E-07
   2.83400   -0.469684E-07
   2.83600   -0.372769E-07
   2.83800   -0.244607E-07
   2.84000   -0.875435E-08
   2.84200    0.936064E-08
   2.84400    0.291797E-07
   2.84600    0.498288E-07
   2.84800    0.703416E-07
   2.85000    0.897509E-07
   2.85200    0.107181E-06
   2.85400    0.121925E-06
   2.85600    0.133507E-06
   2.85800    0.141704E-06
   2.86000    0.146544E-06
   2.86200    0.148274E-06
   2.86400    0.147310E-06
   2.86600    0.144171E-06
   2.86800    0.139419E-06
   2.87000    0.133601E-06
   2.87200    0.127204E-06
   2.87400    0.120633E-06
   2.87600    0.114196E-06
   2.87800    0.108103E-06
   2.88000    0.102480E-06
   2.88200    0.973816E-07
   2.88400    0.928097E-07
   2.88600    0.887318E-07
   2.88800    0.850950E-07
   2.89000    0.818381E-07
   2.89200    0.789010E-07
   2.89400    0.762298E-07
   2.89600    0.737807E-07
   2.89800    0.715208E-07
   2.90000    0.694286E-07
   2.90200    0.674919E-07
   2.90400    0.657070E-07
   2.90600    0.640760E-07
   2.90800    0.626054E-07
   2.91000    0.613024E-07
   2.91200    0.601784E-07
   2.91400    0.592411E-07
   2.91600    0.584965E-07
   2.91800    0.579470E-07
   2.92000    0.575898E-07
   2.92200    0.574151E-07
   2.92400    0.574048E-07
   2.92600    0.575315E-07
   2.92800    0.577585E-07
   2.93000    0.580405E-07
   2.93200    0.583261E-07
   2.93400    0.585613E-07
   2.93600    0.586943E-07
   2.93800    0.586797E-07
   2.94000    0.584837E-07
   2.94200    0.580870E-07
   2.94400    0.574873E-07
   2.94600    0.566985E-07
   2.94800    0.557494E-07
   2.95000    0.546797E-07
   2.95200    0.535355E-07
   2.95400    0.523641E-07
   2.95600    0.512099E-07
   2.95800    0.501101E-07
   2.96000    0.490920E-07
   2.96200    0.481722E-07
   2.96400    0.473562E-07
   2.96600    0.466394E-07
   2.96800    0.460089E-07
   2.97000    0.454461E-07
   2.97200    0.449288E-07
   2.97400    0.444346E-07
   2.97600    0.439428E-07
   2.97800    0.434372E-07
   2.98000    0.429075E-07
   2.98200    0.423507E-07
   2.98400    0.417708E-07
   2.98600    0.411783E-07
   2.98800    0.405889E-07
   2.99000    0.400212E-07
   2.99200    0.394941E-07
   2.99400    0.390244E-07
   2.99600    0.386251E-07
   2.99800    0.383036E-07
   3.00000    0.380612E-07
   3.00200    0.378936E-07
   3.00400    0.377914E-07
   3.00600    0.377421E-07
   3.00800    0.377313E-07
   3.01000    0.377443E-07
   3.01200    0.377678E-07
   3.01400    0.377908E-07
   3.01600    0.378050E-07
   3.01800    0.378048E-07
   3.02000    0.377877E-07
   3.02200    0.377533E-07
   3.02400    0.377032E-07
   3.02600    0.376402E-07
   3.02800    0.375678E-07
   3.03000    0.374900E-07
   3.03200    0.374102E-07
   3.03400    0.373317E-07
   3.03600    0.372566E-07
   3.03800    0.371866E-07
   3.04000    0.371222E-07
   3.04200    0.370632E-07
   3.04400    0.370091E-07
   3.04600    0.369587E-07
   3.04800    0.369107E-07
   3.05000    0.368636E-07
   3.05200    0.368156E-07
   3.05400    0.367649E-07
   3.05600    0.367091E-07
   3.05800    0.366457E-07
   3.06000    0.365719E-07
   3.06200    0.364846E-07
   3.06400    0.363811E-07
   3.06600    0.362589E-07
   3.06800    0.361165E-07
   3.07000    0.359536E-07
   3.07200    0.357713E-07
   3.07400    0.355723E-07
   3.07600    0.353607E-07
   3.07800    0.351420E-07
   3.08000    0.349226E-07
   3.08200    0.347095E-07
   3.08400    0.345098E-07
   3.08600    0.343299E-07
   3.08800    0.341751E-07
   3.09000    0.340493E-07
   3.09200    0.339543E-07
   3.09400    0.338893E-07
   3.09600    0.338516E-07
   3.09800    0.338360E-07
   3.10000    0.338356E-07
   3.10200    0.338423E-07
   3.10400    0.338475E-07
   3.10600    0.338431E-07
   3.10800    0.338222E-07
   3.11000    0.337802E-07
   3.11200    0.337151E-07
   3.11400    0.336282E-07
   3.11600    0.335239E-07
   3.11800    0.334095E-07
   3.12000    0.332943E-07
   3.12200    0.331890E-07
   3.12400    0.331040E-07
   3.12600    0.330481E-07
   3.12800    0.330272E-07
   3.13000    0.330422E-07
   3.13200    0.330887E-07
   3.13400    0.331550E-07
   3.13600    0.332223E-07
   3.13800    0.332644E-07
   3.14000    0.332482E-07
   3.14200    0.331354E-07
   3.14400    0.328842E-07
   3.14600    0.324535E-07
   3.14800    0.318064E-07
   3.15000    0.309157E-07
   3.15200    0.297692E-07
   3.15400    0.283749E-07
   3.15600    0.267645E-07
   3.15800    0.249960E-07
   3.16000    0.231522E-07
   3.16200    0.213369E-07
   3.16400    0.196671E-07
   3.16600    0.182632E-07
   3.16800    0.172367E-07
   3.17000    0.166787E-07
   3.17200    0.166500E-07
   3.17400    0.171737E-07
   3.17600    0.182327E-07
   3.17800    0.197719E-07
   3.18000    0.217039E-07
   3.18200    0.239191E-07
   3.18400    0.262960E-07
   3.18600    0.287130E-07
   3.18800    0.310582E-07
   3.19000    0.332368E-07
   3.19200    0.351757E-07
   3.19400    0.368243E-07
   3.19600    0.381548E-07
   3.19800    0.391586E-07
   3.20000    0.398439E-07
   3.20200    0.402303E-07
   3.20400    0.403480E-07
   3.20600    0.402339E-07
   3.20800    0.399305E-07
   3.21000    0.394850E-07
   3.21200    0.389495E-07
   3.21400    0.383798E-07
   3.21600    0.378358E-07
   3.21800    0.373795E-07
   3.22000    0.370741E-07
   3.22200    0.369802E-07
   3.22400    0.371524E-07
   3.22600    0.376338E-07
   3.22800    0.384499E-07
   3.23000    0.396025E-07
   3.23200    0.410628E-07
   3.23400    0.427661E-07
   3.23600    0.446095E-07
   3.23800    0.464528E-07
   3.24000    0.481239E-07
   3.24200    0.494303E-07
   3.24400    0.501748E-07
   3.24600    0.501758E-07
   3.24800    0.492889E-07
   3.25000    0.474266E-07
   3.25200    0.445738E-07
   3.25400    0.407953E-07
   3.25600    0.362343E-07
   3.25800    0.310997E-07
   3.26000    0.256464E-07
   3.26200    0.201476E-07
   3.26400    0.148672E-07
   3.26600    0.100325E-07
   3.26800    0.581361E-08
   3.27000    0.231132E-08
   3.27200   -0.445888E-09
   3.27400   -0.249556E-08
   3.27600   -0.392799E-08
   3.27800   -0.486830E-08
   3.28000   -0.545716E-08
   3.28200   -0.583265E-08
   3.28400   -0.611543E-08
   3.28600   -0.639853E-08
   3.28800   -0.674219E-08
   3.29000   -0.717347E-08
   3.29200   -0.768985E-08
   3.29400   -0.826564E-08
   3.29600   -0.886002E-08
   3.29800   -0.942544E-08
   3.30000   -0.991535E-08
   3.30200   -0.102905E-07
   3.30400   -0.105231E-07
   3.30600   -0.105992E-07
   3.30800   -0.105183E-07
   3.31000   -0.102923E-07
   3.31200   -0.994231E-08
   3.31400   -0.949596E-08
   3.31600   -0.898290E-08
   3.31800   -0.843337E-08
   3.32000   -0.787459E-08
   3.32200   -0.732985E-08
   3.32400   -0.681688E-08
   3.32600   -0.634877E-08
   3.32800   -0.593297E-08
   3.33000   -0.557235E-08
   3.33200   -0.526612E-08
   3.33400   -0.501061E-08
   3.33600   -0.480027E-08
   3.33800   -0.462855E-08
   3.34000   -0.448872E-08
   3.34200   -0.437459E-08
   3.34400   -0.428086E-08
   3.34600   -0.420324E-08
   3.34800   -0.413861E-08
   3.35000   -0.408468E-08
   3.35200   -0.404010E-08
   3.35400   -0.400380E-08
   3.35600   -0.397516E-08
   3.35800   -0.395374E-08
   3.36000   -0.393943E-08
   3.36200   -0.393252E-08
   3.36400   -0.393371E-08
   3.36600   -0.394423E-08
   3.36800   -0.396574E-08
   3.37000   -0.400007E-08
   3.37200   -0.404886E-08
   3.37400   -0.411307E-08
   3.37600   -0.419246E-08
   3.37800   -0.428520E-08
   3.38000   -0.438760E-08
   3.38200   -0.449421E-08
   3.38400   -0.459808E-08
   3.38600   -0.469139E-08
   3.38800   -0.476627E-08
   3.39000   -0.481561E-08
   3.39200   -0.483401E-08
   3.39400   -0.481830E-08
   3.39600   -0.476798E-08
   3.39800   -0.468524E-08
   3.40000   -0.457461E-08
   3.40200   -0.444247E-08
   3.40400   -0.429625E-08
   3.40600   -0.414372E-08
   3.40800   -0.399233E-08
   3.41000   -0.384870E-08
   3.41200   -0.371836E-08
   3.41400   -0.360575E-08
   3.41600   -0.351428E-08
   3.41800   -0.344657E-08
   3.42000   -0.340459E-08
   3.42200   -0.338974E-08
   3.42400   -0.340282E-08
   3.42600   -0.344383E-08
   3.42800   -0.351179E-08
   3.43000   -0.360448E-08
   3.43200   -0.371844E-08
   3.43400   -0.384909E-08
   3.43600   -0.399120E-08
   3.43800   -0.413942E-08
   3.44000   -0.428909E-08
   3.44200   -0.443695E-08
   3.44400   -0.458168E-08
   3.44600   -0.472417E-08
   3.44800   -0.486744E-08
   3.45000   -0.501614E-08
   3.45200   -0.517568E-08
   3.45400   -0.535129E-08
   3.45600   -0.554703E-08
   3.45800   -0.576497E-08
   3.46000   -0.600467E-08
   3.46200   -0.626322E-08
   3.46400   -0.653549E-08
   3.46600   -0.681494E-08
   3.46800   -0.709444E-08
   3.47000   -0.736722E-08
   3.47200   -0.762766E-08
   3.47400   -0.787175E-08
   3.47600   -0.809723E-08
   3.47800   -0.830338E-08
   3.48000   -0.849045E-08
   3.48200   -0.865903E-08
   3.48400   -0.880929E-08
   3.48600   -0.894034E-08
   3.48800   -0.904976E-08
   3.49000   -0.913335E-08
   3.49200   -0.918509E-08
   3.49400   -0.919725E-08
   3.49600   -0.916078E-08
   3.49800   -0.906559E-08
   3.50000   -0.890100E-08
   3.50200   -0.865642E-08
   3.50400   -0.832175E-08
   3.50600   -0.788819E-08
   3.50800   -0.734895E-08
   3.51000   -0.670002E-08
   3.51200   -0.594089E-08
   3.51400   -0.507503E-08
   3.51600   -0.411033E-08
   3.51800   -0.305884E-08
   3.52000   -0.193640E-08
   3.52200   -0.761831E-09
   3.52400    0.444139E-09
   3.52600    0.166023E-08
   3.52800    0.286565E-08
   3.53000    0.404151E-08
   3.53200    0.517151E-08
   3.53400    0.624304E-08
   3.53600    0.724695E-08
   3.53800    0.817892E-08
   3.54000    0.903602E-08
   3.54200    0.982290E-08
   3.54400    0.105450E-07
   3.54600    0.112112E-07
   3.54800    0.118324E-07
   3.55000    0.124209E-07
   3.55200    0.129895E-07
   3.55400    0.135497E-07
   3.55600    0.141110E-07
   3.55800    0.146782E-07
   3.56000    0.152494E-07
   3.56200    0.158130E-07
   3.56400    0.163438E-07
   3.56600    0.167995E-07
   3.56800    0.171165E-07
   3.57000    0.172077E-07
   3.57200    0.169612E-07
   3.57400    0.162430E-07
   3.57600    0.149039E-07
   3.57800    0.127912E-07
   3.58000    0.976587E-08
   3.58200    0.572299E-08
   3.58400    0.614391E-09
   3.58600   -0.553084E-08
   3.58800   -0.125914E-07
   3.59000   -0.203481E-07
   3.59200   -0.284912E-07
   3.59400   -0.366400E-07
   3.59600   -0.443757E-07
   3.59800   -0.512812E-07
   3.60000   -0.569850E-07
   3.60200   -0.612003E-07
   3.60400   -0.637550E-07
   3.60600   -0.646064E-07
   3.60800   -0.638400E-07
   3.61000   -0.616528E-07
   3.61200   -0.583238E-07
   3.61400   -0.541777E-07
   3.61600   -0.495481E-07
   3.61800   -0.447443E-07
   3.62000   -0.400267E-07
   3.62200   -0.355927E-07
   3.62400   -0.315722E-07
   3.62600   -0.280322E-07
   3.62800   -0.249875E-07
   3.63000   -0.224139E-07
   3.63200   -0.202624E-07
   3.63400   -0.184711E-07
   3.63600   -0.169752E-07
   3.63800   -0.157130E-07
   3.64000   -0.146298E-07
   3.64200   -0.136793E-07
   3.64400   -0.128235E-07
   3.64600   -0.120321E-07
   3.64800   -0.112816E-07
   3.65000   -0.105545E-07
   3.65200   -0.983912E-08
   3.65400   -0.912872E-08
   3.65600   -0.842188E-08
   3.65800   -0.772138E-08
   3.66000   -0.703461E-08
   3.66200   -0.637009E-08
   3.66400   -0.574167E-08
   3.66600   -0.516003E-08
   3.66800   -0.463592E-08
   3.67000   -0.417744E-08
   3.67200   -0.378908E-08
   3.67400   -0.347100E-08
   3.67600   -0.321891E-08
   3.67800   -0.302425E-08
   3.68000   -0.287499E-08
   3.68200   -0.275660E-08
   3.68400   -0.265330E-08
   3.68600   -0.254940E-08
   3.68800   -0.243057E-08
   3.69000   -0.228505E-08
   3.69200   -0.210458E-08
   3.69400   -0.188502E-08
   3.69600   -0.162654E-08
   3.69800   -0.133348E-08
   3.70000   -0.101363E-08
   3.70200   -0.677266E-09
   3.70400   -0.335789E-09
   3.70600   -0.313483E-12
   3.70800    0.319729E-09
   3.71000    0.617640E-09
   3.71200    0.890180E-09
   3.71400    0.113771E-08
   3.71600    0.136376E-08
   3.71800    0.157414E-08
   3.72000    0.177565E-08
   3.72200    0.197481E-08
   3.72400    0.217660E-08
   3.72600    0.238358E-08
   3.72800    0.259551E-08
   3.73000    0.280949E-08
   3.73200    0.302061E-08
   3.73400    0.322305E-08
   3.73600    0.341117E-08
   3.73800    0.358068E-08
   3.74000    0.372957E-08
   3.74200    0.385849E-08
   3.74400    0.397072E-08
   3.74600    0.407162E-08
   3.74800    0.416774E-08
   3.75000    0.426565E-08
   3.75200    0.437076E-08
   3.75400    0.448634E-08
   3.75600    0.461279E-08
   3.75800    0.474742E-08
   3.76000    0.488464E-08
   3.76200    0.501659E-08
   3.76400    0.513416E-08
   3.76600    0.522823E-08
   3.76800    0.529086E-08
   3.77000    0.531651E-08
   3.77200    0.530284E-08
   3.77400    0.525117E-08
   3.77600    0.516650E-08
   3.77800    0.505706E-08
   3.78000    0.493346E-08
   3.78200    0.480758E-08
   3.78400    0.469144E-08
   3.78600    0.459603E-08
   3.78800    0.453028E-08
   3.79000    0.450055E-08
   3.79200    0.451043E-08
   3.79400    0.456084E-08
   3.79600    0.465034E-08
   3.79800    0.477578E-08
   3.80000    0.493286E-08
   3.80200    0.511696E-08
   3.80400    0.532374E-08
   3.80600    0.554996E-08
   3.80800    0.579438E-08
   3.81000    0.605871E-08
   3.81200    0.634867E-08
   3.81400    0.667503E-08
   3.81600    0.705421E-08
   3.81800    0.750837E-08
   3.82000    0.806439E-08
   3.82200    0.875165E-08
   3.82400    0.959839E-08
   3.82600    0.106269E-07
   3.82800    0.118481E-07
   3.83000    0.132558E-07
   3.83200    0.148230E-07
   3.83400    0.164989E-07
   3.83600    0.182104E-07
   3.83800    0.198657E-07
   3.84000    0.213616E-07
   3.84200    0.225938E-07
   3.84400    0.234676E-07
   3.84600    0.239090E-07
   3.84800    0.238725E-07
   3.85000    0.233472E-07
   3.85200    0.223574E-07
   3.85400    0.209591E-07
   3.85600    0.192332E-07
   3.85800    0.172763E-07
   3.86000    0.151897E-07
   3.86200    0.130705E-07
   3.86400    0.110030E-07
   3.86600    0.905339E-08
   3.86800    0.726801E-08
   3.87000    0.567276E-08
   3.87200    0.427568E-08
   3.87400    0.307034E-08
   3.87600    0.203987E-08
   3.87800    0.116077E-08
   3.88000    0.406331E-09
   3.88200   -0.250823E-09
   3.88400   -0.836729E-09
   3.88600   -0.137498E-08
   3.88800   -0.188594E-08
   3.89000   -0.238634E-08
   3.89200   -0.288906E-08
   3.89400   -0.340304E-08
   3.89600   -0.393320E-08
   3.89800   -0.448046E-08
   3.90000   -0.504188E-08
   3.90200   -0.561093E-08
   3.90400   -0.617801E-08
   3.90600   -0.673109E-08
   3.90800   -0.725652E-08
   3.91000   -0.773989E-08
   3.91200   -0.816730E-08
   3.91400   -0.852626E-08
   3.91600   -0.880667E-08
   3.91800   -0.900159E-08
   3.92000   -0.910787E-08
   3.92200   -0.912662E-08
   3.92400   -0.906324E-08
   3.92600   -0.892720E-08
   3.92800   -0.873158E-08
   3.93000   -0.849212E-08
   3.93200   -0.822600E-08
   3.93400   -0.795051E-08
   3.93600   -0.768157E-08
   3.93800   -0.743232E-08
   3.94000   -0.721210E-08
   3.94200   -0.702575E-08
   3.94400   -0.687347E-08
   3.94600   -0.675129E-08
   3.94800   -0.665213E-08
   3.95000   -0.656711E-08
   3.95200   -0.648705E-08
   3.95400   -0.640380E-08
   3.95600   -0.631124E-08
   3.95800   -0.620567E-08
   3.96000   -0.608569E-08
   3.96200   -0.595140E-08
   3.96400   -0.580353E-08
   3.96600   -0.564233E-08
   3.96800   -0.546681E-08
   3.97000   -0.527442E-08
   3.97200   -0.506128E-08
   3.97400   -0.482303E-08
   3.97600   -0.455587E-08
   3.97800   -0.425773E-08
   3.98000   -0.392927E-08
   3.98200   -0.357429E-08
   3.98400   -0.319969E-08
   3.98600   -0.281477E-08
   3.98800   -0.243022E-08
   3.99000   -0.205686E-08
   3.99200   -0.170448E-08
   3.99400   -0.138100E-08
   3.99600   -0.109193E-08
   3.99800   -0.840271E-09
   4.00000   -0.626690E-09
