   0.00000    0.000000E+00
   0.00200    0.000000E+00
   0.00400    0.000000E+00
   0.00600    0.000000E+00
   0.00800    0.000000E+00
   0.01000    0.000000E+00
   0.01200    0.000000E+00
   0.01400    0.000000E+00
   0.01600    0.000000E+00
   0.01800    0.000000E+00
   0.02000    0.000000E+00
   0.02200    0.000000E+00
   0.02400    0.000000E+00
   0.02600    0.893454E-11
   0.02800    0.261424E-10
   0.03000    0.560196E-10
   0.03200    0.112128E-09
   0.03400    0.218034E-09
   0.03600    0.413205E-09
   0.03800    0.763899E-09
   0.04000    0.137819E-08
   0.04200    0.242676E-08
   0.04400    0.417050E-08
   0.04600    0.699480E-08
   0.04800    0.114493E-07
   0.05000    0.182893E-07
   0.05200    0.285125E-07
   0.05400    0.433806E-07
   0.05600    0.644138E-07
   0.05800    0.933439E-07
   0.06000    0.132014E-06
   0.06200    0.182212E-06
   0.06400    0.245447E-06
   0.06600    0.322673E-06
   0.06800    0.413992E-06
   0.07000    0.518376E-06
   0.07200    0.633460E-06
   0.07400    0.755464E-06
   0.07600    0.879281E-06
   0.07800    0.998754E-06
   0.08000    0.110715E-05
   0.08200    0.119777E-05
   0.08400    0.126463E-05
   0.08600    0.130312E-05
   0.08800    0.131054E-05
   0.09000    0.128643E-05
   0.09200    0.123261E-05
   0.09400    0.115295E-05
   0.09600    0.105295E-05
   0.09800    0.939028E-06
   0.10000    0.817878E-06
   0.10200    0.695767E-06
   0.10400    0.577997E-06
   0.10600    0.468561E-06
   0.10800    0.370005E-06
   0.11000    0.283499E-06
   0.11200    0.209068E-06
   0.11400    0.145924E-06
   0.11600    0.928197E-07
   0.11800    0.483793E-07
   0.12000    0.113451E-07
   0.12200   -0.192741E-07
   0.12400   -0.441558E-07
   0.12600   -0.637025E-07
   0.12800   -0.781374E-07
   0.13000   -0.876221E-07
   0.13200   -0.923670E-07
   0.13400   -0.927113E-07
   0.13600   -0.891591E-07
   0.13800   -0.823709E-07
   0.14000   -0.731199E-07
   0.14200   -0.622262E-07
   0.14400   -0.504858E-07
   0.14600   -0.386103E-07
   0.14800   -0.271901E-07
   0.15000   -0.166635E-07
   0.15200   -0.734250E-08
   0.15400    0.567334E-09
   0.15600    0.693912E-08
   0.15800    0.116938E-07
   0.16000    0.147777E-07
   0.16200    0.161563E-07
   0.16400    0.158226E-07
   0.16600    0.138168E-07
   0.16800    0.102515E-07
   0.17000    0.533232E-08
   0.17200   -0.630518E-09
   0.17400   -0.722799E-08
   0.17600   -0.139758E-07
   0.17800   -0.203549E-07
   0.18000   -0.258618E-07
   0.18200   -0.300631E-07
   0.18400   -0.326403E-07
   0.18600   -0.334252E-07
   0.18800   -0.324113E-07
   0.19000   -0.297436E-07
   0.19200   -0.256906E-07
   0.19400   -0.206028E-07
   0.19600   -0.148641E-07
   0.19800   -0.884583E-08
   0.20000   -0.287063E-08
   0.20200    0.280877E-08
   0.20400    0.801473E-08
   0.20600    0.126349E-07
   0.20800    0.166022E-07
   0.21000    0.198697E-07
   0.21200    0.223894E-07
   0.21400    0.240972E-07
   0.21600    0.249114E-07
   0.21800    0.247427E-07
   0.22000    0.235154E-07
   0.22200    0.211940E-07
   0.22400    0.178103E-07
   0.22600    0.134837E-07
   0.22800    0.842963E-08
   0.23000    0.295239E-08
   0.23200   -0.257619E-08
   0.23400   -0.775188E-08
   0.23600   -0.121800E-07
   0.23800   -0.155181E-07
   0.24000   -0.175147E-07
   0.24200   -0.180328E-07
   0.24400   -0.170622E-07
   0.24600   -0.147141E-07
   0.24800   -0.112020E-07
   0.25000   -0.681291E-08
   0.25200   -0.187314E-08
   0.25400    0.328484E-08
   0.25600    0.835043E-08
   0.25800    0.130547E-07
   0.26000    0.171805E-07
   0.26200    0.205640E-07
   0.26400    0.230907E-07
   0.26600    0.246874E-07
   0.26800    0.253159E-07
   0.27000    0.249689E-07
   0.27200    0.236691E-07
   0.27400    0.214750E-07
   0.27600    0.184854E-07
   0.27800    0.148452E-07
   0.28000    0.107482E-07
   0.28200    0.643348E-08
   0.28400    0.217472E-08
   0.28600   -0.173697E-08
   0.28800   -0.501610E-08
   0.29000   -0.740865E-08
   0.29200   -0.871729E-08
   0.29400   -0.882269E-08
   0.29600   -0.769823E-08
   0.29800   -0.541480E-08
   0.30000   -0.213689E-08
   0.30200    0.189109E-08
   0.30400    0.636590E-08
   0.30600    0.109518E-07
   0.30800    0.153092E-07
   0.31000    0.191224E-07
   0.31200    0.221246E-07
   0.31400    0.241173E-07
   0.31600    0.249831E-07
   0.31800    0.246923E-07
   0.32000    0.233006E-07
   0.32200    0.209422E-07
   0.32400    0.178177E-07
   0.32600    0.141748E-07
   0.32800    0.102922E-07
   0.33000    0.645830E-08
   0.33200    0.295169E-08
   0.33400    0.237549E-10
   0.33600   -0.211685E-08
   0.33800   -0.331676E-08
   0.34000   -0.348731E-08
   0.34200   -0.261063E-08
   0.34400   -0.741789E-09
   0.34600    0.199236E-08
   0.34800    0.539950E-08
   0.35000    0.923367E-08
   0.35200    0.132118E-07
   0.35400    0.170354E-07
   0.35600    0.204166E-07
   0.35800    0.231048E-07
   0.36000    0.249127E-07
   0.36200    0.257363E-07
   0.36400    0.255681E-07
   0.36600    0.244983E-07
   0.36800    0.227049E-07
   0.37000    0.204336E-07
   0.37200    0.179687E-07
   0.37400    0.156008E-07
   0.37600    0.135947E-07
   0.37800    0.121627E-07
   0.38000    0.114454E-07
   0.38200    0.115031E-07
   0.38400    0.123165E-07
   0.38600    0.137944E-07
   0.38800    0.157882E-07
   0.39000    0.181066E-07
   0.39200    0.205343E-07
   0.39400    0.228468E-07
   0.39600    0.248268E-07
   0.39800    0.262805E-07
   0.40000    0.270534E-07
   0.40200    0.270446E-07
   0.40400    0.262208E-07
   0.40600    0.246250E-07
   0.40800    0.223779E-07
   0.41000    0.196712E-07
   0.41200    0.167499E-07
   0.41400    0.138866E-07
   0.41600    0.113497E-07
   0.41800    0.937001E-08
   0.42000    0.811109E-08
   0.42200    0.764794E-08
   0.42400    0.795777E-08
   0.42600    0.892397E-08
   0.42800    0.103505E-07
   0.43000    0.119903E-07
   0.43200    0.135761E-07
   0.43400    0.148546E-07
   0.43600    0.156174E-07
   0.43800    0.157252E-07
   0.44000    0.151231E-07
   0.44200    0.138467E-07
   0.44400    0.120155E-07
   0.44600    0.981764E-08
   0.44800    0.748730E-08
   0.45000    0.527350E-08
   0.45200    0.341160E-08
   0.45400    0.209271E-08
   0.45600    0.144098E-08
   0.45800    0.149888E-08
   0.46000    0.222436E-08
   0.46200    0.349962E-08
   0.46400    0.515042E-08
   0.46600    0.697314E-08
   0.46800    0.876512E-08
   0.47000    0.103532E-07
   0.47200    0.116163E-07
   0.47400    0.124974E-07
   0.47600    0.130061E-07
   0.47800    0.132071E-07
   0.48000    0.132022E-07
   0.48200    0.131068E-07
   0.48400    0.130246E-07
   0.48600    0.130281E-07
   0.48800    0.131453E-07
   0.49000    0.133570E-07
   0.49200    0.136029E-07
   0.49400    0.137967E-07
   0.49600    0.138467E-07
   0.49800    0.136762E-07
   0.50000    0.132414E-07
   0.50200    0.125429E-07
   0.50400    0.116271E-07
   0.50600    0.105791E-07
   0.50800    0.950697E-08
   0.51000    0.852152E-08
   0.51200    0.771490E-08
   0.51400    0.714456E-08
   0.51600    0.682334E-08
   0.51800    0.671826E-08
   0.52000    0.675949E-08
   0.52200    0.685533E-08
   0.52400    0.691059E-08
   0.52600    0.684396E-08
   0.52800    0.660175E-08
   0.53000    0.616371E-08
   0.53200    0.554276E-08
   0.53400    0.477826E-08
   0.53600    0.392562E-08
   0.53800    0.304455E-08
   0.54000    0.219298E-08
   0.54200    0.141815E-08
   0.54400    0.756337E-09
   0.54600    0.232768E-09
   0.54800   -0.137194E-09
   0.55000   -0.345791E-09
   0.55200   -0.397243E-09
   0.55400   -0.309317E-09
   0.55600   -0.118480E-09
   0.55800    0.116977E-09
   0.56000    0.315476E-09
   0.56200    0.372155E-09
   0.56400    0.166222E-09
   0.56600   -0.429637E-09
   0.56800   -0.154230E-08
   0.57000   -0.328381E-08
   0.57200   -0.574624E-08
   0.57400   -0.900081E-08
   0.57600   -0.130852E-07
   0.57800   -0.180142E-07
   0.58000   -0.237752E-07
   0.58200   -0.303343E-07
   0.58400   -0.376366E-07
   0.58600   -0.456112E-07
   0.58800   -0.541714E-07
   0.59000   -0.632187E-07
   0.59200   -0.726448E-07
   0.59400   -0.823334E-07
   0.59600   -0.921617E-07
   0.59800   -0.101998E-06
   0.60000   -0.111698E-06
   0.60200   -0.121093E-06
   0.60400   -0.129984E-06
   0.60600   -0.138129E-06
   0.60800   -0.145242E-06
   0.61000   -0.150991E-06
   0.61200   -0.155019E-06
   0.61400   -0.156975E-06
   0.61600   -0.156550E-06
   0.61800   -0.153531E-06
   0.62000   -0.147841E-06
   0.62200   -0.139580E-06
   0.62400   -0.129040E-06
   0.62600   -0.116691E-06
   0.62800   -0.103145E-06
   0.63000   -0.890961E-07
   0.63200   -0.752425E-07
   0.63400   -0.622080E-07
   0.63600   -0.504775E-07
   0.63800   -0.403507E-07
   0.64000   -0.319269E-07
   0.64200   -0.251207E-07
   0.64400   -0.197006E-07
   0.64600   -0.153458E-07
   0.64800   -0.117062E-07
   0.65000   -0.845854E-08
   0.65200   -0.534598E-08
   0.65400   -0.220211E-08
   0.65600    0.104555E-08
   0.65800    0.438705E-08
   0.66000    0.775220E-08
   0.66200    0.110347E-07
   0.66400    0.141211E-07
   0.66600    0.169088E-07
   0.66800    0.193209E-07
   0.67000    0.213133E-07
   0.67200    0.228745E-07
   0.67400    0.240225E-07
   0.67600    0.247976E-07
   0.67800    0.252546E-07
   0.68000    0.254551E-07
   0.68200    0.254612E-07
   0.68400    0.253317E-07
   0.68600    0.251173E-07
   0.68800    0.248581E-07
   0.69000    0.245857E-07
   0.69200    0.243184E-07
   0.69400    0.240657E-07
   0.69600    0.238301E-07
   0.69800    0.236007E-07
   0.70000    0.233655E-07
   0.70200    0.231075E-07
   0.70400    0.228108E-07
   0.70600    0.224624E-07
   0.70800    0.220564E-07
   0.71000    0.215933E-07
   0.71200    0.210820E-07
   0.71400    0.205372E-07
   0.71600    0.199776E-07
   0.71800    0.194231E-07
   0.72000    0.188904E-07
   0.72200    0.183919E-07
   0.72400    0.179338E-07
   0.72600    0.175169E-07
   0.72800    0.171376E-07
   0.73000    0.167913E-07
   0.73200    0.164743E-07
   0.73400    0.161856E-07
   0.73600    0.159285E-07
   0.73800    0.157095E-07
   0.74000    0.155370E-07
   0.74200    0.154182E-07
   0.74400    0.153565E-07
   0.74600    0.153490E-07
   0.74800    0.153853E-07
   0.75000    0.154472E-07
   0.75200    0.155111E-07
   0.75400    0.155505E-07
   0.75600    0.155404E-07
   0.75800    0.154611E-07
   0.76000    0.153017E-07
   0.76200    0.150624E-07
   0.76400    0.147547E-07
   0.76600    0.144003E-07
   0.76800    0.140279E-07
   0.77000    0.136691E-07
   0.77200    0.133535E-07
   0.77400    0.131040E-07
   0.77600    0.129334E-07
   0.77800    0.128421E-07
   0.78000    0.128178E-07
   0.78200    0.128370E-07
   0.78400    0.128685E-07
   0.78600    0.128777E-07
   0.78800    0.128320E-07
   0.79000    0.127053E-07
   0.79200    0.124823E-07
   0.79400    0.121612E-07
   0.79600    0.117538E-07
   0.79800    0.112846E-07
   0.80000    0.107878E-07
   0.80200    0.103022E-07
   0.80400    0.986670E-08
   0.80600    0.951454E-08
   0.80800    0.926936E-08
   0.81000    0.914188E-08
   0.81200    0.912853E-08
   0.81400    0.921189E-08
   0.81600    0.936277E-08
   0.81800    0.954370E-08
   0.82000    0.971328E-08
   0.82200    0.983100E-08
   0.82400    0.986180E-08
   0.82600    0.978004E-08
   0.82800    0.957230E-08
   0.83000    0.923897E-08
   0.83200    0.879411E-08
   0.83400    0.826410E-08
   0.83600    0.768474E-08
   0.83800    0.709751E-08
   0.84000    0.654519E-08
   0.84200    0.606750E-08
   0.84400    0.569704E-08
   0.84600    0.545621E-08
   0.84800    0.535513E-08
   0.85000    0.539099E-08
   0.85200    0.554854E-08
   0.85400    0.580189E-08
   0.85600    0.611716E-08
   0.85800    0.645576E-08
   0.86000    0.677796E-08
   0.86200    0.704651E-08
   0.86400    0.722987E-08
   0.86600    0.730480E-08
   0.86800    0.725828E-08
   0.87000    0.708844E-08
   0.87200    0.680429E-08
   0.87400    0.642468E-08
   0.87600    0.597621E-08
   0.87800    0.549050E-08
   0.88000    0.500109E-08
   0.88200    0.454024E-08
   0.88400    0.413611E-08
   0.88600    0.381045E-08
   0.88800    0.357715E-08
   0.89000    0.344172E-08
   0.89200    0.340141E-08
   0.89400    0.344627E-08
   0.89600    0.356053E-08
   0.89800    0.372423E-08
   0.90000    0.391491E-08
   0.90200    0.410913E-08
   0.90400    0.428379E-08
   0.90600    0.441743E-08
   0.90800    0.449120E-08
   0.91000    0.448987E-08
   0.91200    0.440275E-08
   0.91400    0.422459E-08
   0.91600    0.395621E-08
   0.91800    0.360488E-08
   0.92000    0.318418E-08
   0.92200    0.271333E-08
   0.92400    0.221588E-08
   0.92600    0.171784E-08
   0.92800    0.124543E-08
   0.93000    0.822586E-09
   0.93200    0.468720E-09
   0.93400    0.196760E-09
   0.93600    0.118843E-10
   0.93800   -0.889646E-10
   0.94000   -0.116736E-09
   0.94200   -0.891373E-10
   0.94400   -0.288432E-10
   0.94600    0.386813E-10
   0.94800    0.876636E-10
   0.95000    0.944117E-10
   0.95200    0.394660E-10
   0.95400   -0.906628E-10
   0.95600   -0.302326E-09
   0.95800   -0.594233E-09
   0.96000   -0.957670E-09
   0.96200   -0.137732E-08
   0.96400   -0.183281E-08
   0.96600   -0.230066E-08
   0.96800   -0.275650E-08
   0.97000   -0.317739E-08
   0.97200   -0.354381E-08
   0.97400   -0.384133E-08
   0.97600   -0.406157E-08
   0.97800   -0.420245E-08
   0.98000   -0.426780E-08
   0.98200   -0.426628E-08
   0.98400   -0.421010E-08
   0.98600   -0.411351E-08
   0.98800   -0.399140E-08
   0.99000   -0.385833E-08
   0.99200   -0.372781E-08
   0.99400   -0.361208E-08
   0.99600   -0.352212E-08
   0.99800   -0.346781E-08
   1.00000   -0.345801E-08
   1.00200   -0.350046E-08
   1.00400   -0.360138E-08
   1.00600   -0.376481E-08
   1.00800   -0.399176E-08
   1.01000   -0.427946E-08
   1.01200   -0.462069E-08
   1.01400   -0.500370E-08
   1.01600   -0.541254E-08
   1.01800   -0.582807E-08
   1.02000   -0.622942E-08
   1.02200   -0.659586E-08
   1.02400   -0.690874E-08
   1.02600   -0.715329E-08
   1.02800   -0.732010E-08
   1.03000   -0.740600E-08
   1.03200   -0.741431E-08
   1.03400   -0.735450E-08
   1.03600   -0.724123E-08
   1.03800   -0.709294E-08
   1.04000   -0.693025E-08
   1.04200   -0.677420E-08
   1.04400   -0.664455E-08
   1.04600   -0.655833E-08
   1.04800   -0.652865E-08
   1.05000   -0.656381E-08
   1.05200   -0.666691E-08
   1.05400   -0.683580E-08
   1.05600   -0.706349E-08
   1.05800   -0.733889E-08
   1.06000   -0.764787E-08
   1.06200   -0.797464E-08
   1.06400   -0.830314E-08
   1.06600   -0.861854E-08
   1.06800   -0.890853E-08
   1.07000   -0.916433E-08
   1.07200   -0.938128E-08
   1.07400   -0.955888E-08
   1.07600   -0.970035E-08
   1.07800   -0.981177E-08
   1.08000   -0.990088E-08
   1.08200   -0.997572E-08
   1.08400   -0.100435E-07
   1.08600   -0.101097E-07
   1.08800   -0.101772E-07
   1.09000   -0.102469E-07
   1.09200   -0.103175E-07
   1.09400   -0.103865E-07
   1.09600   -0.104515E-07
   1.09800   -0.105106E-07
   1.10000   -0.105635E-07
   1.10200   -0.106119E-07
   1.10400   -0.106596E-07
   1.10600   -0.107121E-07
   1.10800   -0.107762E-07
   1.11000   -0.108585E-07
   1.11200   -0.109649E-07
   1.11400   -0.110992E-07
   1.11600   -0.112630E-07
   1.11800   -0.114545E-07
   1.12000   -0.116696E-07
   1.12200   -0.119013E-07
   1.12400   -0.121412E-07
   1.12600   -0.123801E-07
   1.12800   -0.126093E-07
   1.13000   -0.128210E-07
   1.13200   -0.130096E-07
   1.13400   -0.131718E-07
   1.13600   -0.133068E-07
   1.13800   -0.134164E-07
   1.14000   -0.135044E-07
   1.14200   -0.135762E-07
   1.14400   -0.136382E-07
   1.14600   -0.136975E-07
   1.14800   -0.137606E-07
   1.15000   -0.138338E-07
   1.15200   -0.139218E-07
   1.15400   -0.140280E-07
   1.15600   -0.141539E-07
   1.15800   -0.142990E-07
   1.16000   -0.144607E-07
   1.16200   -0.146347E-07
   1.16400   -0.148152E-07
   1.16600   -0.149954E-07
   1.16800   -0.151683E-07
   1.17000   -0.153272E-07
   1.17200   -0.154671E-07
   1.17400   -0.155848E-07
   1.17600   -0.156801E-07
   1.17800   -0.157555E-07
   1.18000   -0.158167E-07
   1.18200   -0.158720E-07
   1.18400   -0.159314E-07
   1.18600   -0.160053E-07
   1.18800   -0.161038E-07
   1.19000   -0.162347E-07
   1.19200   -0.164029E-07
   1.19400   -0.166094E-07
   1.19600   -0.168511E-07
   1.19800   -0.171209E-07
   1.20000   -0.174084E-07
   1.20200   -0.177011E-07
   1.20400   -0.179859E-07
   1.20600   -0.182500E-07
   1.20800   -0.184826E-07
   1.21000   -0.186760E-07
   1.21200   -0.188262E-07
   1.21400   -0.189330E-07
   1.21600   -0.190002E-07
   1.21800   -0.190350E-07
   1.22000   -0.190472E-07
   1.22200   -0.190484E-07
   1.22400   -0.190509E-07
   1.22600   -0.190670E-07
   1.22800   -0.191077E-07
   1.23000   -0.191827E-07
   1.23200   -0.192990E-07
   1.23400   -0.194611E-07
   1.23600   -0.196705E-07
   1.23800   -0.199253E-07
   1.24000   -0.202205E-07
   1.24200   -0.205481E-07
   1.24400   -0.208972E-07
   1.24600   -0.212550E-07
   1.24800   -0.216074E-07
   1.25000   -0.219400E-07
   1.25200   -0.222399E-07
   1.25400   -0.224961E-07
   1.25600   -0.227010E-07
   1.25800   -0.228515E-07
   1.26000   -0.229486E-07
   1.26200   -0.229978E-07
   1.26400   -0.230088E-07
   1.26600   -0.229939E-07
   1.26800   -0.229673E-07
   1.27000   -0.229438E-07
   1.27200   -0.229379E-07
   1.27400   -0.229621E-07
   1.27600   -0.230270E-07
   1.27800   -0.231403E-07
   1.28000   -0.233066E-07
   1.28200   -0.235274E-07
   1.28400   -0.238010E-07
   1.28600   -0.241223E-07
   1.28800   -0.244837E-07
   1.29000   -0.248745E-07
   1.29200   -0.252823E-07
   1.29400   -0.256933E-07
   1.29600   -0.260932E-07
   1.29800   -0.264686E-07
   1.30000   -0.268076E-07
   1.30200   -0.271014E-07
   1.30400   -0.273448E-07
   1.30600   -0.275366E-07
   1.30800   -0.276798E-07
   1.31000   -0.277816E-07
   1.31200   -0.278520E-07
   1.31400   -0.279036E-07
   1.31600   -0.279504E-07
   1.31800   -0.280063E-07
   1.32000   -0.280845E-07
   1.32200   -0.281961E-07
   1.32400   -0.283494E-07
   1.32600   -0.285492E-07
   1.32800   -0.287965E-07
   1.33000   -0.290881E-07
   1.33200   -0.294168E-07
   1.33400   -0.297720E-07
   1.33600   -0.301406E-07
   1.33800   -0.305082E-07
   1.34000   -0.308603E-07
   1.34200   -0.311841E-07
   1.34400   -0.314701E-07
   1.34600   -0.317128E-07
   1.34800   -0.319120E-07
   1.35000   -0.320728E-07
   1.35200   -0.322055E-07
   1.35400   -0.323242E-07
   1.35600   -0.324459E-07
   1.35800   -0.325881E-07
   1.36000   -0.327671E-07
   1.36200   -0.329958E-07
   1.36400   -0.332821E-07
   1.36600   -0.336275E-07
   1.36800   -0.340265E-07
   1.37000   -0.344672E-07
   1.37200   -0.349319E-07
   1.37400   -0.353993E-07
   1.37600   -0.358472E-07
   1.37800   -0.362553E-07
   1.38000   -0.366077E-07
   1.38200   -0.368959E-07
   1.38400   -0.371198E-07
   1.38600   -0.372886E-07
   1.38800   -0.374197E-07
   1.39000   -0.375371E-07
   1.39200   -0.376682E-07
   1.39400   -0.378404E-07
   1.39600   -0.380775E-07
   1.39800   -0.383960E-07
   1.40000   -0.388031E-07
   1.40200   -0.392949E-07
   1.40400   -0.398573E-07
   1.40600   -0.404670E-07
   1.40800   -0.410949E-07
   1.41000   -0.417100E-07
   1.41200   -0.422834E-07
   1.41400   -0.427927E-07
   1.41600   -0.432246E-07
   1.41800   -0.435770E-07
   1.42000   -0.438587E-07
   1.42200   -0.440880E-07
   1.42400   -0.442893E-07
   1.42600   -0.444888E-07
   1.42800   -0.447109E-07
   1.43000   -0.449735E-07
   1.43200   -0.452862E-07
   1.43400   -0.456483E-07
   1.43600   -0.460504E-07
   1.43800   -0.464760E-07
   1.44000   -0.469054E-07
   1.44200   -0.473197E-07
   1.44400   -0.477042E-07
   1.44600   -0.480513E-07
   1.44800   -0.483618E-07
   1.45000   -0.486446E-07
   1.45200   -0.489151E-07
   1.45400   -0.491917E-07
   1.45600   -0.494925E-07
   1.45800   -0.498326E-07
   1.46000   -0.502212E-07
   1.46200   -0.506607E-07
   1.46400   -0.511473E-07
   1.46600   -0.516720E-07
   1.46800   -0.522231E-07
   1.47000   -0.527889E-07
   1.47200   -0.533589E-07
   1.47400   -0.539255E-07
   1.47600   -0.544837E-07
   1.47800   -0.550302E-07
   1.48000   -0.555623E-07
   1.48200   -0.560759E-07
   1.48400   -0.565649E-07
   1.48600   -0.570207E-07
   1.48800   -0.574337E-07
   1.49000   -0.577939E-07
   1.49200   -0.580939E-07
   1.49400   -0.583297E-07
   1.49600   -0.585027E-07
   1.49800   -0.586192E-07
   1.50000   -0.586894E-07
   1.50200   -0.587260E-07
   1.50400   -0.587418E-07
   1.50600   -0.587475E-07
   1.50800   -0.587502E-07
   1.51000   -0.587530E-07
   1.51200   -0.587549E-07
   1.51400   -0.587517E-07
   1.51600   -0.587376E-07
   1.51800   -0.587058E-07
   1.52000   -0.586501E-07
   1.52200   -0.585647E-07
   1.52400   -0.584447E-07
   1.52600   -0.582855E-07
   1.52800   -0.580830E-07
   1.53000   -0.578330E-07
   1.53200   -0.575320E-07
   1.53400   -0.571772E-07
   1.53600   -0.567670E-07
   1.53800   -0.563013E-07
   1.54000   -0.557818E-07
   1.54200   -0.552117E-07
   1.54400   -0.545953E-07
   1.54600   -0.539375E-07
   1.54800   -0.532427E-07
   1.55000   -0.525152E-07
   1.55200   -0.517576E-07
   1.55400   -0.509718E-07
   1.55600   -0.501580E-07
   1.55800   -0.493150E-07
   1.56000   -0.484407E-07
   1.56200   -0.475316E-07
   1.56400   -0.465839E-07
   1.56600   -0.455931E-07
   1.56800   -0.445548E-07
   1.57000   -0.434647E-07
   1.57200   -0.423193E-07
   1.57400   -0.411158E-07
   1.57600   -0.398524E-07
   1.57800   -0.385283E-07
   1.58000   -0.371440E-07
   1.58200   -0.357009E-07
   1.58400   -0.342017E-07
   1.58600   -0.326502E-07
   1.58800   -0.310512E-07
   1.59000   -0.294106E-07
   1.59200   -0.277352E-07
   1.59400   -0.260327E-07
   1.59600   -0.243114E-07
   1.59800   -0.225801E-07
   1.60000   -0.208476E-07
   1.60200   -0.191226E-07
   1.60400   -0.174133E-07
   1.60600   -0.157269E-07
   1.60800   -0.140696E-07
   1.61000   -0.124459E-07
   1.61200   -0.108591E-07
   1.61400   -0.931072E-08
   1.61600   -0.780102E-08
   1.61800   -0.632917E-08
   1.62000   -0.489361E-08
   1.62200   -0.349231E-08
   1.62400   -0.212301E-08
   1.62600   -0.783341E-09
   1.62800    0.529231E-09
   1.63000    0.181736E-08
   1.63200    0.308392E-08
   1.63400    0.433196E-08
   1.63600    0.556452E-08
   1.63800    0.678429E-08
   1.64000    0.799326E-08
   1.64200    0.919238E-08
   1.64400    0.103812E-07
   1.64600    0.115580E-07
   1.64800    0.127197E-07
   1.65000    0.138626E-07
   1.65200    0.149826E-07
   1.65400    0.160762E-07
   1.65600    0.171409E-07
   1.65800    0.181753E-07
   1.66000    0.191790E-07
   1.66200    0.201525E-07
   1.66400    0.210965E-07
   1.66600    0.220113E-07
   1.66800    0.228958E-07
   1.67000    0.237476E-07
   1.67200    0.245632E-07
   1.67400    0.253376E-07
   1.67600    0.260664E-07
   1.67800    0.267456E-07
   1.68000    0.273734E-07
   1.68200    0.279509E-07
   1.68400    0.284820E-07
   1.68600    0.289738E-07
   1.68800    0.294353E-07
   1.69000    0.298768E-07
   1.69200    0.303078E-07
   1.69400    0.307363E-07
   1.69600    0.311671E-07
   1.69800    0.316013E-07
   1.70000    0.320362E-07
   1.70200    0.324660E-07
   1.70400    0.328825E-07
   1.70600    0.332767E-07
   1.70800    0.336403E-07
   1.71000    0.339668E-07
   1.71200    0.342526E-07
   1.71400    0.344974E-07
   1.71600    0.347043E-07
   1.71800    0.348795E-07
   1.72000    0.350310E-07
   1.72200    0.351676E-07
   1.72400    0.352979E-07
   1.72600    0.354290E-07
   1.72800    0.355656E-07
   1.73000    0.357094E-07
   1.73200    0.358589E-07
   1.73400    0.360095E-07
   1.73600    0.361547E-07
   1.73800    0.362864E-07
   1.74000    0.363968E-07
   1.74200    0.364791E-07
   1.74400    0.365295E-07
   1.74600    0.365478E-07
   1.74800    0.365376E-07
   1.75000    0.365071E-07
   1.75200    0.364676E-07
   1.75400    0.364330E-07
   1.75600    0.364179E-07
   1.75800    0.364357E-07
   1.76000    0.364972E-07
   1.76200    0.366086E-07
   1.76400    0.367708E-07
   1.76600    0.369787E-07
   1.76800    0.372218E-07
   1.77000    0.374847E-07
   1.77200    0.377493E-07
   1.77400    0.379964E-07
   1.77600    0.382082E-07
   1.77800    0.383701E-07
   1.78000    0.384729E-07
   1.78200    0.385136E-07
   1.78400    0.384959E-07
   1.78600    0.384298E-07
   1.78800    0.383305E-07
   1.79000    0.382164E-07
   1.79200    0.381073E-07
   1.79400    0.380222E-07
   1.79600    0.379773E-07
   1.79800    0.379847E-07
   1.80000    0.380513E-07
   1.80200    0.381787E-07
   1.80400    0.383634E-07
   1.80600    0.385973E-07
   1.80800    0.388693E-07
   1.81000    0.391661E-07
   1.81200    0.394737E-07
   1.81400    0.397790E-07
   1.81600    0.400706E-07
   1.81800    0.403399E-07
   1.82000    0.405820E-07
   1.82200    0.407954E-07
   1.82400    0.409827E-07
   1.82600    0.411496E-07
   1.82800    0.413044E-07
   1.83000    0.414569E-07
   1.83200    0.416176E-07
   1.83400    0.417961E-07
   1.83600    0.420006E-07
   1.83800    0.422371E-07
   1.84000    0.425086E-07
   1.84200    0.428160E-07
   1.84400    0.431578E-07
   1.84600    0.435310E-07
   1.84800    0.439319E-07
   1.85000    0.443572E-07
   1.85200    0.448043E-07
   1.85400    0.452721E-07
   1.85600    0.457610E-07
   1.85800    0.462733E-07
   1.86000    0.468122E-07
   1.86200    0.473820E-07
   1.86400    0.479871E-07
   1.86600    0.486319E-07
   1.86800    0.493198E-07
   1.87000    0.500541E-07
   1.87200    0.508370E-07
   1.87400    0.516702E-07
   1.87600    0.525558E-07
   1.87800    0.534959E-07
   1.88000    0.544943E-07
   1.88200    0.555561E-07
   1.88400    0.566885E-07
   1.88600    0.579011E-07
   1.88800    0.592048E-07
   1.89000    0.606120E-07
   1.89200    0.621346E-07
   1.89400    0.637830E-07
   1.89600    0.655619E-07
   1.89800    0.674698E-07
   1.90000    0.694977E-07
   1.90200    0.716253E-07
   1.90400    0.738221E-07
   1.90600    0.760483E-07
   1.90800    0.782582E-07
   1.91000    0.804053E-07
   1.91200    0.824487E-07
   1.91400    0.843602E-07
   1.91600    0.861298E-07
   1.91800    0.877690E-07
   1.92000    0.893088E-07
   1.92200    0.907934E-07
   1.92400    0.922656E-07
   1.92600    0.937482E-07
   1.92800    0.952212E-07
   1.93000    0.965997E-07
   1.93200    0.977163E-07
   1.93400    0.983130E-07
   1.93600    0.980470E-07
   1.93800    0.965127E-07
   1.94000    0.932802E-07
   1.94200    0.879466E-07
   1.94400    0.801951E-07
   1.94600    0.698517E-07
   1.94800    0.569322E-07
   1.95000    0.416685E-07
   1.95200    0.245098E-07
   1.95400    0.609517E-08
   1.95600   -0.127994E-07
   1.95800   -0.313330E-07
   1.96000   -0.486803E-07
   1.96200   -0.641090E-07
   1.96400   -0.770434E-07
   1.96600   -0.871061E-07
   1.96800   -0.941339E-07
   1.97000   -0.981682E-07
   1.97200   -0.994242E-07
   1.97400   -0.982474E-07
   1.97600   -0.950632E-07
   1.97800   -0.903294E-07
   1.98000   -0.844951E-07
   1.98200   -0.779708E-07
   1.98400   -0.711097E-07
   1.98600   -0.641998E-07
   1.98800   -0.574625E-07
   1.99000   -0.510583E-07
   1.99200   -0.450939E-07
   1.99400   -0.396302E-07
   1.99600   -0.346905E-07
   1.99800   -0.302676E-07
   2.00000   -0.263301E-07
   2.00200   -0.228281E-07
   2.00400   -0.196989E-07
   2.00600   -0.168735E-07
   2.00800   -0.142822E-07
   2.01000   -0.118618E-07
   2.01200   -0.956271E-08
   2.01400   -0.735398E-08
   2.01600   -0.522880E-08
   2.01800   -0.320462E-08
   2.02000   -0.132473E-08
   2.02200    0.346929E-09
   2.02400    0.173573E-08
   2.02600    0.276437E-08
   2.02800    0.336553E-08
   2.03000    0.349260E-08
   2.03200    0.312870E-08
   2.03400    0.229181E-08
   2.03600    0.103500E-08
   2.03800   -0.558185E-09
   2.04000   -0.238241E-08
   2.04200   -0.432240E-08
   2.04400   -0.626537E-08
   2.04600   -0.811200E-08
   2.04800   -0.978499E-08
   2.05000   -0.112336E-07
   2.05200   -0.124340E-07
   2.05400   -0.133867E-07
   2.05600   -0.141108E-07
   2.05800   -0.146370E-07
   2.06000   -0.150019E-07
   2.06200   -0.152418E-07
   2.06400   -0.153888E-07
   2.06600   -0.154689E-07
   2.06800   -0.155008E-07
   2.07000   -0.154968E-07
   2.07200   -0.154635E-07
   2.07400   -0.154029E-07
   2.07600   -0.153140E-07
   2.07800   -0.151939E-07
   2.08000   -0.150386E-07
   2.08200   -0.148443E-07
   2.08400   -0.146083E-07
   2.08600   -0.143300E-07
   2.08800   -0.140120E-07
   2.09000   -0.136610E-07
   2.09200   -0.132879E-07
   2.09400   -0.129080E-07
   2.09600   -0.125398E-07
   2.09800   -0.122043E-07
   2.10000   -0.119223E-07
   2.10200   -0.117128E-07
   2.10400   -0.115905E-07
   2.10600   -0.115635E-07
   2.10800   -0.116321E-07
   2.11000   -0.117885E-07
   2.11200   -0.120167E-07
   2.11400   -0.122947E-07
   2.11600   -0.125962E-07
   2.11800   -0.128936E-07
   2.12000   -0.131610E-07
   2.12200   -0.133766E-07
   2.12400   -0.135246E-07
   2.12600   -0.135965E-07
   2.12800   -0.135909E-07
   2.13000   -0.135132E-07
   2.13200   -0.133737E-07
   2.13400   -0.131866E-07
   2.13600   -0.129676E-07
   2.13800   -0.127326E-07
   2.14000   -0.124967E-07
   2.14200   -0.122727E-07
   2.14400   -0.120707E-07
   2.14600   -0.118977E-07
   2.14800   -0.117571E-07
   2.15000   -0.116488E-07
   2.15200   -0.115692E-07
   2.15400   -0.115110E-07
   2.15600   -0.114642E-07
   2.15800   -0.114163E-07
   2.16000   -0.113536E-07
   2.16200   -0.112616E-07
   2.16400   -0.111272E-07
   2.16600   -0.109389E-07
   2.16800   -0.106887E-07
   2.17000   -0.103729E-07
   2.17200   -0.999222E-08
   2.17400   -0.955234E-08
   2.17600   -0.906324E-08
   2.17800   -0.853823E-08
   2.18000   -0.799265E-08
   2.18200   -0.744225E-08
   2.18400   -0.690154E-08
   2.18600   -0.638234E-08
   2.18800   -0.589257E-08
   2.19000   -0.543564E-08
   2.19200   -0.501015E-08
   2.19400   -0.461035E-08
   2.19600   -0.422672E-08
   2.19800   -0.384702E-08
   2.20000   -0.345752E-08
   2.20200   -0.304402E-08
   2.20400   -0.259276E-08
   2.20600   -0.209155E-08
   2.20800   -0.153031E-08
   2.21000   -0.901567E-09
   2.21200   -0.200680E-09
   2.21400    0.574031E-09
   2.21600    0.142138E-08
   2.21800    0.233748E-08
   2.22000    0.331603E-08
   2.22200    0.434857E-08
   2.22400    0.542475E-08
   2.22600    0.653241E-08
   2.22800    0.765729E-08
   2.23000    0.878233E-08
   2.23200    0.988659E-08
   2.23400    0.109436E-07
   2.23600    0.119199E-07
   2.23800    0.127734E-07
   2.24000    0.134530E-07
   2.24200    0.138998E-07
   2.24400    0.140497E-07
   2.24600    0.138390E-07
   2.24800    0.132108E-07
   2.25000    0.121240E-07
   2.25200    0.105611E-07
   2.25400    0.853558E-08
   2.25600    0.609549E-08
   2.25800    0.332408E-08
   2.26000    0.335298E-09
   2.26200   -0.273479E-08
   2.26400   -0.573977E-08
   2.26600   -0.853646E-08
   2.26800   -0.109981E-07
   2.27000   -0.130258E-07
   2.27200   -0.145557E-07
   2.27400   -0.155627E-07
   2.27600   -0.160586E-07
   2.27800   -0.160875E-07
   2.28000   -0.157175E-07
   2.28200   -0.150316E-07
   2.28400   -0.141180E-07
   2.28600   -0.130623E-07
   2.28800   -0.119405E-07
   2.29000   -0.108154E-07
   2.29200   -0.973438E-08
   2.29400   -0.872949E-08
   2.29600   -0.781880E-08
   2.29800   -0.700882E-08
   2.30000   -0.629726E-08
   2.30200   -0.567584E-08
   2.30400   -0.513274E-08
   2.30600   -0.465463E-08
   2.30800   -0.422820E-08
   2.31000   -0.384122E-08
   2.31200   -0.348318E-08
   2.31400   -0.314558E-08
   2.31600   -0.282200E-08
   2.31800   -0.250815E-08
   2.32000   -0.220160E-08
   2.32200   -0.190148E-08
   2.32400   -0.160846E-08
   2.32600   -0.132429E-08
   2.32800   -0.105133E-08
   2.33000   -0.792393E-09
   2.33200   -0.550472E-09
   2.33400   -0.328529E-09
   2.33600   -0.129403E-09
   2.33800    0.442332E-10
   2.34000    0.189846E-09
   2.34200    0.305005E-09
   2.34400    0.387386E-09
   2.34600    0.434855E-09
   2.34800    0.445597E-09
   2.35000    0.418441E-09
   2.35200    0.353173E-09
   2.35400    0.250857E-09
   2.35600    0.114122E-09
   2.35800   -0.527539E-10
   2.36000   -0.243938E-09
   2.36200   -0.452406E-09
   2.36400   -0.670435E-09
   2.36600   -0.890250E-09
   2.36800   -0.110462E-08
   2.37000   -0.130731E-08
   2.37200   -0.149328E-08
   2.37400   -0.165854E-08
   2.37600   -0.179981E-08
   2.37800   -0.191395E-08
   2.38000   -0.199735E-08
   2.38200   -0.204551E-08
   2.38400   -0.205298E-08
   2.38600   -0.201356E-08
   2.38800   -0.192110E-08
   2.39000   -0.177041E-08
   2.39200   -0.155851E-08
   2.39400   -0.128563E-08
   2.39600   -0.956128E-09
   2.39800   -0.578736E-09
   2.40000   -0.166431E-09
   2.40200    0.264368E-09
   2.40400    0.695043E-09
   2.40600    0.110641E-08
   2.40800    0.148033E-08
   2.41000    0.180140E-08
   2.41200    0.205820E-08
   2.41400    0.224410E-08
   2.41600    0.235760E-08
   2.41800    0.240204E-08
   2.42000    0.238492E-08
   2.42200    0.231688E-08
   2.42400    0.221042E-08
   2.42600    0.207878E-08
   2.42800    0.193479E-08
   2.43000    0.179011E-08
   2.43200    0.165473E-08
   2.43400    0.153670E-08
   2.43600    0.144221E-08
   2.43800    0.137580E-08
   2.44000    0.134059E-08
   2.44200    0.133857E-08
   2.44400    0.137072E-08
   2.44600    0.143709E-08
   2.44800    0.153656E-08
   2.45000    0.166681E-08
   2.45200    0.182396E-08
   2.45400    0.200253E-08
   2.45600    0.219529E-08
   2.45800    0.239363E-08
   2.46000    0.258787E-08
   2.46200    0.276798E-08
   2.46400    0.292438E-08
   2.46600    0.304879E-08
   2.46800    0.313505E-08
   2.47000    0.317970E-08
   2.47200    0.318227E-08
   2.47400    0.314526E-08
   2.47600    0.307384E-08
   2.47800    0.297515E-08
   2.48000    0.285752E-08
   2.48200    0.272960E-08
   2.48400    0.259961E-08
   2.48600    0.247456E-08
   2.48800    0.235991E-08
   2.49000    0.225923E-08
   2.49200    0.217426E-08
   2.49400    0.210498E-08
   2.49600    0.204997E-08
   2.49800    0.200674E-08
   2.50000    0.197213E-08
   2.50200    0.194275E-08
   2.50400    0.191532E-08
   2.50600    0.188702E-08
   2.50800    0.185573E-08
   2.51000    0.182020E-08
   2.51200    0.178016E-08
   2.51400    0.173633E-08
   2.51600    0.169043E-08
   2.51800    0.164504E-08
   2.52000    0.160352E-08
   2.52200    0.156983E-08
   2.52400    0.154827E-08
   2.52600    0.154319E-08
   2.52800    0.155854E-08
   2.53000    0.159758E-08
   2.53200    0.166229E-08
   2.53400    0.175309E-08
   2.53600    0.186859E-08
   2.53800    0.200560E-08
   2.54000    0.215932E-08
   2.54200    0.232392E-08
   2.54400    0.249318E-08
   2.54600    0.266138E-08
   2.54800    0.282399E-08
   2.55000    0.297835E-08
   2.55200    0.312389E-08
   2.55400    0.326215E-08
   2.55600    0.339643E-08
   2.55800    0.353108E-08
   2.56000    0.367070E-08
   2.56200    0.381930E-08
   2.56400    0.397950E-08
   2.56600    0.415195E-08
   2.56800    0.433506E-08
   2.57000    0.452498E-08
   2.57200    0.471597E-08
   2.57400    0.490099E-08
   2.57600    0.507256E-08
   2.57800    0.522366E-08
   2.58000    0.534861E-08
   2.58200    0.544388E-08
   2.58400    0.550859E-08
   2.58600    0.554462E-08
   2.58800    0.555633E-08
   2.59000    0.554993E-08
   2.59200    0.553255E-08
   2.59400    0.551111E-08
   2.59600    0.549128E-08
   2.59800    0.547663E-08
   2.60000    0.546819E-08
   2.60200    0.546444E-08
   2.60400    0.546166E-08
   2.60600    0.545485E-08
   2.60800    0.543863E-08
   2.61000    0.540831E-08
   2.61200    0.536072E-08
   2.61400    0.529481E-08
   2.61600    0.521179E-08
   2.61800    0.511493E-08
   2.62000    0.500898E-08
   2.62200    0.489942E-08
   2.62400    0.479160E-08
   2.62600    0.468999E-08
   2.62800    0.459756E-08
   2.63000    0.451552E-08
   2.63200    0.444326E-08
   2.63400    0.437865E-08
   2.63600    0.431852E-08
   2.63800    0.425927E-08
   2.64000    0.419747E-08
   2.64200    0.413045E-08
   2.64400    0.405667E-08
   2.64600    0.397595E-08
   2.64800    0.388941E-08
   2.65000    0.379928E-08
   2.65200    0.370847E-08
   2.65400    0.362013E-08
   2.65600    0.353704E-08
   2.65800    0.346119E-08
   2.66000    0.339330E-08
   2.66200    0.333265E-08
   2.66400    0.327698E-08
   2.66600    0.322272E-08
   2.66800    0.316541E-08
   2.67000    0.310021E-08
   2.67200    0.302264E-08
   2.67400    0.292915E-08
   2.67600    0.281772E-08
   2.67800    0.268816E-08
   2.68000    0.254223E-08
   2.68200    0.238344E-08
   2.68400    0.221671E-08
   2.68600    0.204786E-08
   2.68800    0.188302E-08
   2.69000    0.172807E-08
   2.69200    0.158810E-08
   2.69400    0.146688E-08
   2.69600    0.136651E-08
   2.69800    0.128717E-08
   2.70000    0.122695E-08
   2.70200    0.118202E-08
   2.70400    0.114687E-08
   2.70600    0.111500E-08
   2.70800    0.107973E-08
   2.71000    0.103513E-08
   2.71200    0.976913E-09
   2.71400    0.903098E-09
   2.71600    0.814332E-09
   2.71800    0.713583E-09
   2.72000    0.605445E-09
   2.72200    0.495031E-09
   2.72400    0.386748E-09
   2.72600    0.283199E-09
   2.72800    0.184451E-09
   2.73000    0.879554E-10
   2.73200   -0.109485E-10
   2.73400   -0.117990E-09
   2.73600   -0.238626E-09
   2.73800   -0.376705E-09
   2.74000   -0.533472E-09
   2.74200   -0.707159E-09
   2.74400   -0.893260E-09
   2.74600   -0.108549E-08
   2.74800   -0.127712E-08
   2.75000   -0.146253E-08
   2.75200   -0.163843E-08
   2.75400   -0.180471E-08
   2.75600   -0.196444E-08
   2.75800   -0.212321E-08
   2.76000   -0.228797E-08
   2.76200   -0.246546E-08
   2.76400   -0.266086E-08
   2.76600   -0.287671E-08
   2.76800   -0.311255E-08
   2.77000   -0.336539E-08
   2.77200   -0.363076E-08
   2.77400   -0.390429E-08
   2.77600   -0.418336E-08
   2.77800   -0.446863E-08
   2.78000   -0.476485E-08
   2.78200   -0.508107E-08
   2.78400   -0.543000E-08
   2.78600   -0.582644E-08
   2.78800   -0.628517E-08
   2.79000   -0.682094E-08
   2.79200   -0.744506E-08
   2.79400   -0.816553E-08
   2.79600   -0.898696E-08
   2.79800   -0.991156E-08
   2.80000   -0.109407E-07
   2.80200   -0.120765E-07
   2.80400   -0.133239E-07
   2.80600   -0.146908E-07
   2.80800   -0.161877E-07
   2.81000   -0.178250E-07
   2.81200   -0.196079E-07
   2.81400   -0.215299E-07
   2.81600   -0.235643E-07
   2.81800   -0.256552E-07
   2.82000   -0.277103E-07
   2.82200   -0.295953E-07
   2.82400   -0.311341E-07
   2.82600   -0.321149E-07
   2.82800   -0.323030E-07
   2.83000   -0.314618E-07
   2.83200   -0.293784E-07
   2.83400   -0.258923E-07
   2.83600   -0.209232E-07
   2.83800   -0.144930E-07
   2.84000   -0.673784E-08
   2.84200    0.209307E-08
   2.84400    0.116522E-07
   2.84600    0.215223E-07
   2.84800    0.312546E-07
   2.85000    0.404120E-07
   2.85200    0.486101E-07
   2.85400    0.555523E-07
   2.85600    0.610520E-07
   2.85800    0.650411E-07
   2.86000    0.675648E-07
   2.86200    0.687633E-07
   2.86400    0.688458E-07
   2.86600    0.680607E-07
   2.86800    0.666662E-07
   2.87000    0.649053E-07
   2.87200    0.629876E-07
   2.87400    0.610779E-07
   2.87600    0.592927E-07
   2.87800    0.577018E-07
   2.88000    0.563353E-07
   2.88200    0.551915E-07
   2.88400    0.542470E-07
   2.88600    0.534658E-07
   2.88800    0.528073E-07
   2.89000    0.522328E-07
   2.89200    0.517102E-07
   2.89400    0.512167E-07
   2.89600    0.507398E-07
   2.89800    0.502771E-07
   2.90000    0.498343E-07
   2.90200    0.494231E-07
   2.90400    0.490581E-07
   2.90600    0.487535E-07
   2.90800    0.485205E-07
   2.91000    0.483653E-07
   2.91200    0.482884E-07
   2.91400    0.482825E-07
   2.91600    0.483342E-07
   2.91800    0.484241E-07
   2.92000    0.485289E-07
   2.92200    0.486223E-07
   2.92400    0.486770E-07
   2.92600    0.486667E-07
   2.92800    0.485676E-07
   2.93000    0.483601E-07
   2.93200    0.480307E-07
   2.93400    0.475731E-07
   2.93600    0.469892E-07
   2.93800    0.462894E-07
   2.94000    0.454922E-07
   2.94200    0.446228E-07
   2.94400    0.437114E-07
   2.94600    0.427903E-07
   2.94800    0.418914E-07
   2.95000    0.410434E-07
   2.95200    0.402692E-07
   2.95400    0.395839E-07
   2.95600    0.389941E-07
   2.95800    0.384975E-07
   2.96000    0.380831E-07
   2.96200    0.377327E-07
   2.96400    0.374228E-07
   2.96600    0.371266E-07
   2.96800    0.368173E-07
   2.97000    0.364699E-07
   2.97200    0.360648E-07
   2.97400    0.355895E-07
   2.97600    0.350403E-07
   2.97800    0.344232E-07
   2.98000    0.337532E-07
   2.98200    0.330533E-07
   2.98400    0.323516E-07
   2.98600    0.316786E-07
   2.98800    0.310635E-07
   2.99000    0.305308E-07
   2.99200    0.300978E-07
   2.99400    0.297725E-07
   2.99600    0.295533E-07
   2.99800    0.294290E-07
   3.00000    0.293807E-07
   3.00200    0.293841E-07
   3.00400    0.294120E-07
   3.00600    0.294375E-07
   3.00800    0.294361E-07
   3.01000    0.293881E-07
   3.01200    0.292793E-07
   3.01400    0.291021E-07
   3.01600    0.288552E-07
   3.01800    0.285432E-07
   3.02000    0.281758E-07
   3.02200    0.277666E-07
   3.02400    0.273320E-07
   3.02600    0.268902E-07
   3.02800    0.264597E-07
   3.03000    0.260582E-07
   3.03200    0.257015E-07
   3.03400    0.254020E-07
   3.03600    0.251685E-07
   3.03800    0.250049E-07
   3.04000    0.249104E-07
   3.04200    0.248797E-07
   3.04400    0.249034E-07
   3.04600    0.249690E-07
   3.04800    0.250620E-07
   3.05000    0.251666E-07
   3.05200    0.252674E-07
   3.05400    0.253497E-07
   3.05600    0.254007E-07
   3.05800    0.254099E-07
   3.06000    0.253699E-07
   3.06200    0.252771E-07
   3.06400    0.251318E-07
   3.06600    0.249386E-07
   3.06800    0.247068E-07
   3.07000    0.244495E-07
   3.07200    0.241833E-07
   3.07400    0.239274E-07
   3.07600    0.237017E-07
   3.07800    0.235255E-07
   3.08000    0.234159E-07
   3.08200    0.233863E-07
   3.08400    0.234448E-07
   3.08600    0.235938E-07
   3.08800    0.238291E-07
   3.09000    0.241404E-07
   3.09200    0.245112E-07
   3.09400    0.249201E-07
   3.09600    0.253419E-07
   3.09800    0.257489E-07
   3.10000    0.261133E-07
   3.10200    0.264086E-07
   3.10400    0.266119E-07
   3.10600    0.267058E-07
   3.10800    0.266799E-07
   3.11000    0.265324E-07
   3.11200    0.262708E-07
   3.11400    0.259119E-07
   3.11600    0.254812E-07
   3.11800    0.250108E-07
   3.12000    0.245371E-07
   3.12200    0.240980E-07
   3.12400    0.237294E-07
   3.12600    0.234615E-07
   3.12800    0.233166E-07
   3.13000    0.233065E-07
   3.13200    0.234319E-07
   3.13400    0.236818E-07
   3.13600    0.240347E-07
   3.13800    0.244604E-07
   3.14000    0.249217E-07
   3.14200    0.253770E-07
   3.14400    0.257828E-07
   3.14600    0.260959E-07
   3.14800    0.262761E-07
   3.15000    0.262888E-07
   3.15200    0.261072E-07
   3.15400    0.257153E-07
   3.15600    0.251101E-07
   3.15800    0.243038E-07
   3.16000    0.233243E-07
   3.16200    0.222159E-07
   3.16400    0.210364E-07
   3.16600    0.198544E-07
   3.16800    0.187441E-07
   3.17000    0.177792E-07
   3.17200    0.170265E-07
   3.17400    0.165397E-07
   3.17600    0.163553E-07
   3.17800    0.164886E-07
   3.18000    0.169335E-07
   3.18200    0.176633E-07
   3.18400    0.186337E-07
   3.18600    0.197867E-07
   3.18800    0.210558E-07
   3.19000    0.223705E-07
   3.19200    0.236608E-07
   3.19400    0.248610E-07
   3.19600    0.259127E-07
   3.19800    0.267677E-07
   3.20000    0.273901E-07
   3.20200    0.277580E-07
   3.20400    0.278651E-07
   3.20600    0.277221E-07
   3.20800    0.273564E-07
   3.21000    0.268120E-07
   3.21200    0.261471E-07
   3.21400    0.254305E-07
   3.21600    0.247367E-07
   3.21800    0.241399E-07
   3.22000    0.237072E-07
   3.22200    0.234929E-07
   3.22400    0.235317E-07
   3.22600    0.238361E-07
   3.22800    0.243933E-07
   3.23000    0.251669E-07
   3.23200    0.260992E-07
   3.23400    0.271164E-07
   3.23600    0.281362E-07
   3.23800    0.290756E-07
   3.24000    0.298601E-07
   3.24200    0.304320E-07
   3.24400    0.307580E-07
   3.24600    0.308338E-07
   3.24800    0.306868E-07
   3.25000    0.303738E-07
   3.25200    0.299756E-07
   3.25400    0.295879E-07
   3.25600    0.293084E-07
   3.25800    0.292235E-07
   3.26000    0.293949E-07
   3.26200    0.298479E-07
   3.26400    0.305637E-07
   3.26600    0.314769E-07
   3.26800    0.324774E-07
   3.27000    0.334185E-07
   3.27200    0.341285E-07
   3.27400    0.344256E-07
   3.27600    0.341344E-07
   3.27800    0.331029E-07
   3.28000    0.312173E-07
   3.28200    0.284152E-07
   3.28400    0.246944E-07
   3.28600    0.201173E-07
   3.28800    0.148098E-07
   3.29000    0.895388E-08
   3.29200    0.277559E-08
   3.29400   -0.347278E-08
   3.29600   -0.953269E-08
   3.29800   -0.151605E-07
   3.30000   -0.201470E-07
   3.30200   -0.243329E-07
   3.30400   -0.276185E-07
   3.30600   -0.299667E-07
   3.30800   -0.313998E-07
   3.31000   -0.319901E-07
   3.31200   -0.318472E-07
   3.31400   -0.311033E-07
   3.31600   -0.298986E-07
   3.31800   -0.283696E-07
   3.32000   -0.266389E-07
   3.32200   -0.248099E-07
   3.32400   -0.229638E-07
   3.32600   -0.211601E-07
   3.32800   -0.194386E-07
   3.33000   -0.178228E-07
   3.33200   -0.163237E-07
   3.33400   -0.149438E-07
   3.33600   -0.136797E-07
   3.33800   -0.125251E-07
   3.34000   -0.114720E-07
   3.34200   -0.105126E-07
   3.34400   -0.963896E-08
   3.34600   -0.884326E-08
   3.34800   -0.811790E-08
   3.35000   -0.745483E-08
   3.35200   -0.684620E-08
   3.35400   -0.628329E-08
   3.35600   -0.575738E-08
   3.35800   -0.525994E-08
   3.36000   -0.478311E-08
   3.36200   -0.432018E-08
   3.36400   -0.386599E-08
   3.36600   -0.341738E-08
   3.36800   -0.297324E-08
   3.37000   -0.253425E-08
   3.37200   -0.210258E-08
   3.37400   -0.168135E-08
   3.37600   -0.127405E-08
   3.37800   -0.883818E-09
   3.38000   -0.512945E-09
   3.38200   -0.162431E-09
   3.38400    0.168277E-09
   3.38600    0.481352E-09
   3.38800    0.780429E-09
   3.39000    0.107032E-08
   3.39200    0.135653E-08
   3.39400    0.164480E-08
   3.39600    0.194046E-08
   3.39800    0.224796E-08
   3.40000    0.257038E-08
   3.40200    0.290918E-08
   3.40400    0.326404E-08
   3.40600    0.363294E-08
   3.40800    0.401238E-08
   3.41000    0.439771E-08
   3.41200    0.478356E-08
   3.41400    0.516422E-08
   3.41600    0.553409E-08
   3.41800    0.588796E-08
   3.42000    0.622125E-08
   3.42200    0.653024E-08
   3.42400    0.681214E-08
   3.42600    0.706520E-08
   3.42800    0.728876E-08
   3.43000    0.748329E-08
   3.43200    0.765038E-08
   3.43400    0.779261E-08
   3.43600    0.791343E-08
   3.43800    0.801688E-08
   3.44000    0.810727E-08
   3.44200    0.818876E-08
   3.44400    0.826506E-08
   3.44600    0.833906E-08
   3.44800    0.841262E-08
   3.45000    0.848646E-08
   3.45200    0.856022E-08
   3.45400    0.863267E-08
   3.45600    0.870190E-08
   3.45800    0.876574E-08
   3.46000    0.882199E-08
   3.46200    0.886875E-08
   3.46400    0.890455E-08
   3.46600    0.892847E-08
   3.46800    0.894017E-08
   3.47000    0.893978E-08
   3.47200    0.892788E-08
   3.47400    0.890539E-08
   3.47600    0.887354E-08
   3.47800    0.883389E-08
   3.48000    0.878837E-08
   3.48200    0.873939E-08
   3.48400    0.868999E-08
   3.48600    0.864405E-08
   3.48800    0.860644E-08
   3.49000    0.858327E-08
   3.49200    0.858203E-08
   3.49400    0.861171E-08
   3.49600    0.868285E-08
   3.49800    0.880743E-08
   3.50000    0.899866E-08
   3.50200    0.927045E-08
   3.50400    0.963688E-08
   3.50600    0.101113E-07
   3.50800    0.107055E-07
   3.51000    0.114287E-07
   3.51200    0.122868E-07
   3.51400    0.132815E-07
   3.51600    0.144101E-07
   3.51800    0.156650E-07
   3.52000    0.170344E-07
   3.52200    0.185024E-07
   3.52400    0.200500E-07
   3.52600    0.216560E-07
   3.52800    0.232982E-07
   3.53000    0.249543E-07
   3.53200    0.266031E-07
   3.53400    0.282253E-07
   3.53600    0.298044E-07
   3.53800    0.313272E-07
   3.54000    0.327837E-07
   3.54200    0.341690E-07
   3.54400    0.354821E-07
   3.54600    0.367260E-07
   3.54800    0.379082E-07
   3.55000    0.390399E-07
   3.55200    0.401357E-07
   3.55400    0.412128E-07
   3.55600    0.422901E-07
   3.55800    0.433871E-07
   3.56000    0.445215E-07
   3.56200    0.457078E-07
   3.56400    0.469538E-07
   3.56600    0.482576E-07
   3.56800    0.496039E-07
   3.57000    0.509605E-07
   3.57200    0.522752E-07
   3.57400    0.534742E-07
   3.57600    0.544628E-07
   3.57800    0.551290E-07
   3.58000    0.553507E-07
   3.58200    0.550064E-07
   3.58400    0.539887E-07
   3.58600    0.522191E-07
   3.58800    0.496632E-07
   3.59000    0.463416E-07
   3.59200    0.423365E-07
   3.59400    0.377911E-07
   3.59600    0.329009E-07
   3.59800    0.278978E-07
   3.60000    0.230287E-07
   3.60200    0.185317E-07
   3.60400    0.146127E-07
   3.60600    0.114267E-07
   3.60800    0.906555E-08
   3.61000    0.755415E-08
   3.61200    0.685473E-08
   3.61400    0.687812E-08
   3.61600    0.749937E-08
   3.61800    0.857523E-08
   3.62000    0.996058E-08
   3.62200    0.115219E-07
   3.62400    0.131465E-07
   3.62600    0.147470E-07
   3.62800    0.162617E-07
   3.63000    0.176524E-07
   3.63200    0.188994E-07
   3.63400    0.199969E-07
   3.63600    0.209482E-07
   3.63800    0.217621E-07
   3.64000    0.224505E-07
   3.64200    0.230268E-07
   3.64400    0.235055E-07
   3.64600    0.239016E-07
   3.64800    0.242308E-07
   3.65000    0.245087E-07
   3.65200    0.247501E-07
   3.65400    0.249684E-07
   3.65600    0.251744E-07
   3.65800    0.253755E-07
   3.66000    0.255755E-07
   3.66200    0.257753E-07
   3.66400    0.259717E-07
   3.66600    0.261604E-07
   3.66800    0.263366E-07
   3.67000    0.264960E-07
   3.67200    0.266358E-07
   3.67400    0.267558E-07
   3.67600    0.268583E-07
   3.67800    0.269481E-07
   3.68000    0.270316E-07
   3.68200    0.271158E-07
   3.68400    0.272074E-07
   3.68600    0.273116E-07
   3.68800    0.274317E-07
   3.69000    0.275677E-07
   3.69200    0.277174E-07
   3.69400    0.278756E-07
   3.69600    0.280357E-07
   3.69800    0.281898E-07
   3.70000    0.283306E-07
   3.70200    0.284517E-07
   3.70400    0.285488E-07
   3.70600    0.286204E-07
   3.70800    0.286678E-07
   3.71000    0.286949E-07
   3.71200    0.287079E-07
   3.71400    0.287141E-07
   3.71600    0.287212E-07
   3.71800    0.287361E-07
   3.72000    0.287641E-07
   3.72200    0.288080E-07
   3.72400    0.288681E-07
   3.72600    0.289418E-07
   3.72800    0.290243E-07
   3.73000    0.291095E-07
   3.73200    0.291905E-07
   3.73400    0.292607E-07
   3.73600    0.293152E-07
   3.73800    0.293507E-07
   3.74000    0.293666E-07
   3.74200    0.293647E-07
   3.74400    0.293492E-07
   3.74600    0.293255E-07
   3.74800    0.293000E-07
   3.75000    0.292789E-07
   3.75200    0.292674E-07
   3.75400    0.292688E-07
   3.75600    0.292843E-07
   3.75800    0.293126E-07
   3.76000    0.293500E-07
   3.76200    0.293912E-07
   3.76400    0.294292E-07
   3.76600    0.294568E-07
   3.76800    0.294671E-07
   3.77000    0.294540E-07
   3.77200    0.294135E-07
   3.77400    0.293434E-07
   3.77600    0.292441E-07
   3.77800    0.291183E-07
   3.78000    0.289706E-07
   3.78200    0.288070E-07
   3.78400    0.286347E-07
   3.78600    0.284607E-07
   3.78800    0.282921E-07
   3.79000    0.281345E-07
   3.79200    0.279925E-07
   3.79400    0.278692E-07
   3.79600    0.277657E-07
   3.79800    0.276819E-07
   3.80000    0.276162E-07
   3.80200    0.275657E-07
   3.80400    0.275264E-07
   3.80600    0.274936E-07
   3.80800    0.274617E-07
   3.81000    0.274248E-07
   3.81200    0.273768E-07
   3.81400    0.273116E-07
   3.81600    0.272239E-07
   3.81800    0.271092E-07
   3.82000    0.269647E-07
   3.82200    0.267891E-07
   3.82400    0.265829E-07
   3.82600    0.263483E-07
   3.82800    0.260889E-07
   3.83000    0.258091E-07
   3.83200    0.255137E-07
   3.83400    0.252074E-07
   3.83600    0.248940E-07
   3.83800    0.245768E-07
   3.84000    0.242581E-07
   3.84200    0.239394E-07
   3.84400    0.236217E-07
   3.84600    0.233056E-07
   3.84800    0.229914E-07
   3.85000    0.226791E-07
   3.85200    0.223684E-07
   3.85400    0.220585E-07
   3.85600    0.217481E-07
   3.85800    0.214352E-07
   3.86000    0.211173E-07
   3.86200    0.207913E-07
   3.86400    0.204543E-07
   3.86600    0.201031E-07
   3.86800    0.197355E-07
   3.87000    0.193494E-07
   3.87200    0.189439E-07
   3.87400    0.185183E-07
   3.87600    0.180729E-07
   3.87800    0.176079E-07
   3.88000    0.171235E-07
   3.88200    0.166199E-07
   3.88400    0.160967E-07
   3.88600    0.155532E-07
   3.88800    0.149885E-07
   3.89000    0.144017E-07
   3.89200    0.137922E-07
   3.89400    0.131602E-07
   3.89600    0.125069E-07
   3.89800    0.118350E-07
   3.90000    0.111489E-07
   3.90200    0.104546E-07
   3.90400    0.975978E-08
   3.90600    0.907346E-08
   3.90800    0.840552E-08
   3.91000    0.776617E-08
   3.91200    0.716531E-08
   3.91400    0.661185E-08
   3.91600    0.611310E-08
   3.91800    0.567423E-08
   3.92000    0.529786E-08
   3.92200    0.498382E-08
   3.92400    0.472910E-08
   3.92600    0.452810E-08
   3.92800    0.437295E-08
   3.93000    0.425416E-08
   3.93200    0.416138E-08
   3.93400    0.408430E-08
   3.93600    0.401347E-08
   3.93800    0.394106E-08
   3.94000    0.386152E-08
   3.94200    0.377176E-08
   3.94400    0.367123E-08
   3.94600    0.356150E-08
   3.94800    0.344557E-08
   3.95000    0.332712E-08
   3.95200    0.320956E-08
   3.95400    0.309534E-08
   3.95600    0.298548E-08
   3.95800    0.287942E-08
   3.96000    0.277529E-08
   3.96200    0.267057E-08
   3.96400    0.256279E-08
   3.96600    0.245036E-08
   3.96800    0.233319E-08
   3.97000    0.221294E-08
   3.97200    0.209293E-08
   3.97400    0.197750E-08
   3.97600    0.187129E-08
   3.97800    0.177826E-08
   3.98000    0.170084E-08
   3.98200    0.163937E-08
   3.98400    0.159197E-08
   3.98600    0.155478E-08
   3.98800    0.152253E-08
   3.99000    0.148938E-08
   3.99200    0.144986E-08
   3.99400    0.139952E-08
   3.99600    0.133556E-08
   3.99800    0.125701E-08
   4.00000    0.116473E-08
