   0.00000    0.000000E+00
   0.00200    0.000000E+00
   0.00400    0.000000E+00
   0.00600    0.000000E+00
   0.00800    0.000000E+00
   0.01000    0.000000E+00
   0.01200    0.000000E+00
   0.01400    0.000000E+00
   0.01600    0.000000E+00
   0.01800    0.000000E+00
   0.02000    0.000000E+00
   0.02200    0.000000E+00
   0.02400    0.000000E+00
   0.02600    0.507285E-10
   0.02800    0.150641E-09
   0.03000    0.323488E-09
   0.03200    0.647746E-09
   0.03400    0.125998E-08
   0.03600    0.238865E-08
   0.03800    0.441751E-08
   0.04000    0.797266E-08
   0.04200    0.140435E-07
   0.04400    0.241427E-07
   0.04600    0.405065E-07
   0.04800    0.663256E-07
   0.05000    0.105985E-06
   0.05200    0.165285E-06
   0.05400    0.251561E-06
   0.05600    0.373658E-06
   0.05800    0.541660E-06
   0.06000    0.766304E-06
   0.06200    0.105802E-05
   0.06400    0.142560E-05
   0.06600    0.187462E-05
   0.06800    0.240567E-05
   0.07000    0.301269E-05
   0.07200    0.368179E-05
   0.07400    0.439070E-05
   0.07600    0.510928E-05
   0.07800    0.580110E-05
   0.08000    0.642615E-05
   0.08200    0.694444E-05
   0.08400    0.731997E-05
   0.08600    0.752467E-05
   0.08800    0.754165E-05
   0.09000    0.736718E-05
   0.09200    0.701125E-05
   0.09400    0.649642E-05
   0.09600    0.585525E-05
   0.09800    0.512674E-05
   0.10000    0.435221E-05
   0.10200    0.357133E-05
   0.10400    0.281878E-05
   0.10600    0.212190E-05
   0.10800    0.149953E-05
   0.11000    0.961952E-06
   0.11200    0.511838E-06
   0.11400    0.145804E-06
   0.11600   -0.143734E-06
   0.11800   -0.366695E-06
   0.12000   -0.533745E-06
   0.12200   -0.655092E-06
   0.12400   -0.739748E-06
   0.12600   -0.795206E-06
   0.12800   -0.827449E-06
   0.13000   -0.841184E-06
   0.13200   -0.840163E-06
   0.13400   -0.827509E-06
   0.13600   -0.805971E-06
   0.13800   -0.778073E-06
   0.14000   -0.746168E-06
   0.14200   -0.712403E-06
   0.14400   -0.678646E-06
   0.14600   -0.646404E-06
   0.14800   -0.616786E-06
   0.15000   -0.590403E-06
   0.15200   -0.567497E-06
   0.15400   -0.548001E-06
   0.15600   -0.531601E-06
   0.15800   -0.517854E-06
   0.16000   -0.506284E-06
   0.16200   -0.496461E-06
   0.16400   -0.488032E-06
   0.16600   -0.480727E-06
   0.16800   -0.474343E-06
   0.17000   -0.468703E-06
   0.17200   -0.463620E-06
   0.17400   -0.458877E-06
   0.17600   -0.454207E-06
   0.17800   -0.449315E-06
   0.18000   -0.443909E-06
   0.18200   -0.437745E-06
   0.18400   -0.430667E-06
   0.18600   -0.422655E-06
   0.18800   -0.413831E-06
   0.19000   -0.404455E-06
   0.19200   -0.394887E-06
   0.19400   -0.385539E-06
   0.19600   -0.376815E-06
   0.19800   -0.369045E-06
   0.20000   -0.362438E-06
   0.20200   -0.357056E-06
   0.20400   -0.352808E-06
   0.20600   -0.349475E-06
   0.20800   -0.346754E-06
   0.21000   -0.344307E-06
   0.21200   -0.341828E-06
   0.21400   -0.339081E-06
   0.21600   -0.335942E-06
   0.21800   -0.332405E-06
   0.22000   -0.328574E-06
   0.22200   -0.324631E-06
   0.22400   -0.320792E-06
   0.22600   -0.317263E-06
   0.22800   -0.314198E-06
   0.23000   -0.311668E-06
   0.23200   -0.309647E-06
   0.23400   -0.308023E-06
   0.23600   -0.306613E-06
   0.23800   -0.305202E-06
   0.24000   -0.303575E-06
   0.24200   -0.301554E-06
   0.24400   -0.299019E-06
   0.24600   -0.295924E-06
   0.24800   -0.292295E-06
   0.25000   -0.288217E-06
   0.25200   -0.283811E-06
   0.25400   -0.279217E-06
   0.25600   -0.274565E-06
   0.25800   -0.269961E-06
   0.26000   -0.265485E-06
   0.26200   -0.261186E-06
   0.26400   -0.257093E-06
   0.26600   -0.253229E-06
   0.26800   -0.249619E-06
   0.27000   -0.246302E-06
   0.27200   -0.243335E-06
   0.27400   -0.240781E-06
   0.27600   -0.238705E-06
   0.27800   -0.237155E-06
   0.28000   -0.236146E-06
   0.28200   -0.235645E-06
   0.28400   -0.235563E-06
   0.28600   -0.235758E-06
   0.28800   -0.236040E-06
   0.29000   -0.236190E-06
   0.29200   -0.235986E-06
   0.29400   -0.235224E-06
   0.29600   -0.233750E-06
   0.29800   -0.231474E-06
   0.30000   -0.228386E-06
   0.30200   -0.224560E-06
   0.30400   -0.220145E-06
   0.30600   -0.215354E-06
   0.30800   -0.210435E-06
   0.31000   -0.205648E-06
   0.31200   -0.201238E-06
   0.31400   -0.197408E-06
   0.31600   -0.194301E-06
   0.31800   -0.191989E-06
   0.32000   -0.190472E-06
   0.32200   -0.189684E-06
   0.32400   -0.189501E-06
   0.32600   -0.189767E-06
   0.32800   -0.190301E-06
   0.33000   -0.190924E-06
   0.33200   -0.191466E-06
   0.33400   -0.191776E-06
   0.33600   -0.191733E-06
   0.33800   -0.191244E-06
   0.34000   -0.190247E-06
   0.34200   -0.188711E-06
   0.34400   -0.186639E-06
   0.34600   -0.184067E-06
   0.34800   -0.181066E-06
   0.35000   -0.177742E-06
   0.35200   -0.174228E-06
   0.35400   -0.170680E-06
   0.35600   -0.167262E-06
   0.35800   -0.164129E-06
   0.36000   -0.161413E-06
   0.36200   -0.159209E-06
   0.36400   -0.157558E-06
   0.36600   -0.156450E-06
   0.36800   -0.155822E-06
   0.37000   -0.155569E-06
   0.37200   -0.155557E-06
   0.37400   -0.155641E-06
   0.37600   -0.155680E-06
   0.37800   -0.155552E-06
   0.38000   -0.155162E-06
   0.38200   -0.154449E-06
   0.38400   -0.153383E-06
   0.38600   -0.151964E-06
   0.38800   -0.150221E-06
   0.39000   -0.148206E-06
   0.39200   -0.145994E-06
   0.39400   -0.143677E-06
   0.39600   -0.141365E-06
   0.39800   -0.139174E-06
   0.40000   -0.137224E-06
   0.40200   -0.135623E-06
   0.40400   -0.134456E-06
   0.40600   -0.133775E-06
   0.40800   -0.133585E-06
   0.41000   -0.133845E-06
   0.41200   -0.134465E-06
   0.41400   -0.135320E-06
   0.41600   -0.136263E-06
   0.41800   -0.137138E-06
   0.42000   -0.137807E-06
   0.42200   -0.138157E-06
   0.42400   -0.138115E-06
   0.42600   -0.137652E-06
   0.42800   -0.136784E-06
   0.43000   -0.135563E-06
   0.43200   -0.134071E-06
   0.43400   -0.132406E-06
   0.43600   -0.130673E-06
   0.43800   -0.128973E-06
   0.44000   -0.127395E-06
   0.44200   -0.126009E-06
   0.44400   -0.124860E-06
   0.44600   -0.123970E-06
   0.44800   -0.123334E-06
   0.45000   -0.122926E-06
   0.45200   -0.122702E-06
   0.45400   -0.122606E-06
   0.45600   -0.122581E-06
   0.45800   -0.122568E-06
   0.46000   -0.122518E-06
   0.46200   -0.122391E-06
   0.46400   -0.122156E-06
   0.46600   -0.121791E-06
   0.46800   -0.121279E-06
   0.47000   -0.120604E-06
   0.47200   -0.119752E-06
   0.47400   -0.118711E-06
   0.47600   -0.117471E-06
   0.47800   -0.116034E-06
   0.48000   -0.114419E-06
   0.48200   -0.112662E-06
   0.48400   -0.110824E-06
   0.48600   -0.108987E-06
   0.48800   -0.107250E-06
   0.49000   -0.105716E-06
   0.49200   -0.104485E-06
   0.49400   -0.103636E-06
   0.49600   -0.103218E-06
   0.49800   -0.103243E-06
   0.50000   -0.103677E-06
   0.50200   -0.104445E-06
   0.50400   -0.105438E-06
   0.50600   -0.106522E-06
   0.50800   -0.107553E-06
   0.51000   -0.108396E-06
   0.51200   -0.108934E-06
   0.51400   -0.109087E-06
   0.51600   -0.108813E-06
   0.51800   -0.108114E-06
   0.52000   -0.107034E-06
   0.52200   -0.105651E-06
   0.52400   -0.104066E-06
   0.52600   -0.102394E-06
   0.52800   -0.100753E-06
   0.53000   -0.992484E-07
   0.53200   -0.979696E-07
   0.53400   -0.969813E-07
   0.53600   -0.963207E-07
   0.53800   -0.959967E-07
   0.54000   -0.959898E-07
   0.54200   -0.962554E-07
   0.54400   -0.967274E-07
   0.54600   -0.973238E-07
   0.54800   -0.979526E-07
   0.55000   -0.985192E-07
   0.55200   -0.989351E-07
   0.55400   -0.991259E-07
   0.55600   -0.990387E-07
   0.55800   -0.986487E-07
   0.56000   -0.979624E-07
   0.56200   -0.970207E-07
   0.56400   -0.958956E-07
   0.56600   -0.946845E-07
   0.56800   -0.935059E-07
   0.57000   -0.924855E-07
   0.57200   -0.917493E-07
   0.57400   -0.914185E-07
   0.57600   -0.915898E-07
   0.57800   -0.923391E-07
   0.58000   -0.937107E-07
   0.58200   -0.957190E-07
   0.58400   -0.983477E-07
   0.58600   -0.101555E-06
   0.58800   -0.105278E-06
   0.59000   -0.109442E-06
   0.59200   -0.113965E-06
   0.59400   -0.118764E-06
   0.59600   -0.123762E-06
   0.59800   -0.128886E-06
   0.60000   -0.134060E-06
   0.60200   -0.139201E-06
   0.60400   -0.144205E-06
   0.60600   -0.148937E-06
   0.60800   -0.153221E-06
   0.61000   -0.156847E-06
   0.61200   -0.159573E-06
   0.61400   -0.161150E-06
   0.61600   -0.161352E-06
   0.61800   -0.160016E-06
   0.62000   -0.157075E-06
   0.62200   -0.152585E-06
   0.62400   -0.146742E-06
   0.62600   -0.139867E-06
   0.62800   -0.132376E-06
   0.63000   -0.124731E-06
   0.63200   -0.117378E-06
   0.63400   -0.110685E-06
   0.63600   -0.104898E-06
   0.63800   -0.100107E-06
   0.64000   -0.962486E-07
   0.64200   -0.931290E-07
   0.64400   -0.904675E-07
   0.64600   -0.879527E-07
   0.64800   -0.852975E-07
   0.65000   -0.822858E-07
   0.65200   -0.788005E-07
   0.65400   -0.748328E-07
   0.65600   -0.704722E-07
   0.65800   -0.658815E-07
   0.66000   -0.612645E-07
   0.66200   -0.568316E-07
   0.66400   -0.527689E-07
   0.66600   -0.492171E-07
   0.66800   -0.462593E-07
   0.67000   -0.439178E-07
   0.67200   -0.421607E-07
   0.67400   -0.409127E-07
   0.67600   -0.400696E-07
   0.67800   -0.395140E-07
   0.68000   -0.391291E-07
   0.68200   -0.388118E-07
   0.68400   -0.384797E-07
   0.68600   -0.380791E-07
   0.68800   -0.375866E-07
   0.69000   -0.370063E-07
   0.69200   -0.363701E-07
   0.69400   -0.357271E-07
   0.69600   -0.351353E-07
   0.69800   -0.346617E-07
   0.70000   -0.343622E-07
   0.70200   -0.342823E-07
   0.70400   -0.344466E-07
   0.70600   -0.348575E-07
   0.70800   -0.354927E-07
   0.71000   -0.363088E-07
   0.71200   -0.372449E-07
   0.71400   -0.382300E-07
   0.71600   -0.391906E-07
   0.71800   -0.400580E-07
   0.72000   -0.407768E-07
   0.72200   -0.413087E-07
   0.72400   -0.416359E-07
   0.72600   -0.417613E-07
   0.72800   -0.417063E-07
   0.73000   -0.415062E-07
   0.73200   -0.412053E-07
   0.73400   -0.408514E-07
   0.73600   -0.404900E-07
   0.73800   -0.401611E-07
   0.74000   -0.398958E-07
   0.74200   -0.397152E-07
   0.74400   -0.396309E-07
   0.74600   -0.396449E-07
   0.74800   -0.397515E-07
   0.75000   -0.399384E-07
   0.75200   -0.401876E-07
   0.75400   -0.404763E-07
   0.75600   -0.407779E-07
   0.75800   -0.410628E-07
   0.76000   -0.413000E-07
   0.76200   -0.414589E-07
   0.76400   -0.415125E-07
   0.76600   -0.414404E-07
   0.76800   -0.412321E-07
   0.77000   -0.408892E-07
   0.77200   -0.404272E-07
   0.77400   -0.398758E-07
   0.77600   -0.392764E-07
   0.77800   -0.386788E-07
   0.78000   -0.381365E-07
   0.78200   -0.377004E-07
   0.78400   -0.374131E-07
   0.78600   -0.373035E-07
   0.78800   -0.373830E-07
   0.79000   -0.376427E-07
   0.79200   -0.380542E-07
   0.79400   -0.385711E-07
   0.79600   -0.391345E-07
   0.79800   -0.396787E-07
   0.80000   -0.401387E-07
   0.80200   -0.404579E-07
   0.80400   -0.405950E-07
   0.80600   -0.405290E-07
   0.80800   -0.402625E-07
   0.81000   -0.398210E-07
   0.81200   -0.392508E-07
   0.81400   -0.386129E-07
   0.81600   -0.379760E-07
   0.81800   -0.374080E-07
   0.82000   -0.369683E-07
   0.82200   -0.367004E-07
   0.82400   -0.366273E-07
   0.82600   -0.367488E-07
   0.82800   -0.370416E-07
   0.83000   -0.374624E-07
   0.83200   -0.379525E-07
   0.83400   -0.384444E-07
   0.83600   -0.388690E-07
   0.83800   -0.391634E-07
   0.84000   -0.392775E-07
   0.84200   -0.391792E-07
   0.84400   -0.388583E-07
   0.84600   -0.383273E-07
   0.84800   -0.376203E-07
   0.85000   -0.367895E-07
   0.85200   -0.358997E-07
   0.85400   -0.350219E-07
   0.85600   -0.342259E-07
   0.85800   -0.335736E-07
   0.86000   -0.331132E-07
   0.86200   -0.328747E-07
   0.86400   -0.328678E-07
   0.86600   -0.330812E-07
   0.86800   -0.334846E-07
   0.87000   -0.340315E-07
   0.87200   -0.346642E-07
   0.87400   -0.353189E-07
   0.87600   -0.359316E-07
   0.87800   -0.364438E-07
   0.88000   -0.368074E-07
   0.88200   -0.369889E-07
   0.88400   -0.369721E-07
   0.88600   -0.367584E-07
   0.88800   -0.363663E-07
   0.89000   -0.358283E-07
   0.89200   -0.351874E-07
   0.89400   -0.344912E-07
   0.89600   -0.337874E-07
   0.89800   -0.331186E-07
   0.90000   -0.325180E-07
   0.90200   -0.320075E-07
   0.90400   -0.315959E-07
   0.90600   -0.312801E-07
   0.90800   -0.310471E-07
   0.91000   -0.308767E-07
   0.91200   -0.307454E-07
   0.91400   -0.306302E-07
   0.91600   -0.305117E-07
   0.91800   -0.303769E-07
   0.92000   -0.302203E-07
   0.92200   -0.300445E-07
   0.92400   -0.298589E-07
   0.92600   -0.296781E-07
   0.92800   -0.295182E-07
   0.93000   -0.293949E-07
   0.93200   -0.293192E-07
   0.93400   -0.292958E-07
   0.93600   -0.293210E-07
   0.93800   -0.293823E-07
   0.94000   -0.294595E-07
   0.94200   -0.295263E-07
   0.94400   -0.295535E-07
   0.94600   -0.295122E-07
   0.94800   -0.293773E-07
   0.95000   -0.291310E-07
   0.95200   -0.287654E-07
   0.95400   -0.282839E-07
   0.95600   -0.277015E-07
   0.95800   -0.270441E-07
   0.96000   -0.263461E-07
   0.96200   -0.256472E-07
   0.96400   -0.249883E-07
   0.96600   -0.244073E-07
   0.96800   -0.239352E-07
   0.97000   -0.235925E-07
   0.97200   -0.233867E-07
   0.97400   -0.233118E-07
   0.97600   -0.233481E-07
   0.97800   -0.234641E-07
   0.98000   -0.236194E-07
   0.98200   -0.237687E-07
   0.98400   -0.238662E-07
   0.98600   -0.238699E-07
   0.98800   -0.237464E-07
   0.99000   -0.234744E-07
   0.99200   -0.230473E-07
   0.99400   -0.224746E-07
   0.99600   -0.217811E-07
   0.99800   -0.210054E-07
   1.00000   -0.201950E-07
   1.00200   -0.194023E-07
   1.00400   -0.186777E-07
   1.00600   -0.180642E-07
   1.00800   -0.175920E-07
   1.01000   -0.172742E-07
   1.01200   -0.171053E-07
   1.01400   -0.170615E-07
   1.01600   -0.171028E-07
   1.01800   -0.171786E-07
   1.02000   -0.172331E-07
   1.02200   -0.172127E-07
   1.02400   -0.170725E-07
   1.02600   -0.167823E-07
   1.02800   -0.163305E-07
   1.03000   -0.157259E-07
   1.03200   -0.149963E-07
   1.03400   -0.141857E-07
   1.03600   -0.133482E-07
   1.03800   -0.125415E-07
   1.04000   -0.118191E-07
   1.04200   -0.112235E-07
   1.04400   -0.107808E-07
   1.04600   -0.104969E-07
   1.04800   -0.103566E-07
   1.05000   -0.103256E-07
   1.05200   -0.103546E-07
   1.05400   -0.103853E-07
   1.05600   -0.103582E-07
   1.05800   -0.102196E-07
   1.06000   -0.992925E-08
   1.06200   -0.946534E-08
   1.06400   -0.882811E-08
   1.06600   -0.804017E-08
   1.06800   -0.714426E-08
   1.07000   -0.619837E-08
   1.07200   -0.526874E-08
   1.07400   -0.442168E-08
   1.07600   -0.371533E-08
   1.07800   -0.319238E-08
   1.08000   -0.287471E-08
   1.08200   -0.276069E-08
   1.08400   -0.282556E-08
   1.08600   -0.302475E-08
   1.08800   -0.329948E-08
   1.09000   -0.358429E-08
   1.09200   -0.381509E-08
   1.09400   -0.393682E-08
   1.09600   -0.390976E-08
   1.09800   -0.371358E-08
   1.10000   -0.334888E-08
   1.10200   -0.283582E-08
   1.10400   -0.221033E-08
   1.10600   -0.151842E-08
   1.10800   -0.809264E-09
   1.11000   -0.128205E-09
   1.11200    0.489433E-09
   1.11400    0.102299E-08
   1.11600    0.146885E-08
   1.11800    0.184039E-08
   1.12000    0.216552E-08
   1.12200    0.248231E-08
   1.12400    0.283307E-08
   1.12600    0.325792E-08
   1.12800    0.378861E-08
   1.13000    0.444326E-08
   1.13200    0.522302E-08
   1.13400    0.611078E-08
   1.13600    0.707247E-08
   1.13800    0.806072E-08
   1.14000    0.902047E-08
   1.14200    0.989591E-08
   1.14400    0.106380E-07
   1.14600    0.112113E-07
   1.14800    0.115995E-07
   1.15000    0.118081E-07
   1.15200    0.118651E-07
   1.15400    0.118178E-07
   1.15600    0.117277E-07
   1.15800    0.116628E-07
   1.16000    0.116891E-07
   1.16200    0.118623E-07
   1.16400    0.122202E-07
   1.16600    0.127783E-07
   1.16800    0.135269E-07
   1.17000    0.144333E-07
   1.17200    0.154453E-07
   1.17400    0.164986E-07
   1.17600    0.175251E-07
   1.17800    0.184618E-07
   1.18000    0.192590E-07
   1.18200    0.198862E-07
   1.18400    0.203357E-07
   1.18600    0.206225E-07
   1.18800    0.207813E-07
   1.19000    0.208606E-07
   1.19200    0.209151E-07
   1.19400    0.209978E-07
   1.19600    0.211517E-07
   1.19800    0.214042E-07
   1.20000    0.217635E-07
   1.20200    0.222181E-07
   1.20400    0.227398E-07
   1.20600    0.232889E-07
   1.20800    0.238216E-07
   1.21000    0.242973E-07
   1.21200    0.246867E-07
   1.21400    0.249766E-07
   1.21600    0.251728E-07
   1.21800    0.253001E-07
   1.22000    0.253982E-07
   1.22200    0.255158E-07
   1.22400    0.257031E-07
   1.22600    0.260028E-07
   1.22800    0.264437E-07
   1.23000    0.270349E-07
   1.23200    0.277638E-07
   1.23400    0.285975E-07
   1.23600    0.294871E-07
   1.23800    0.303749E-07
   1.24000    0.312034E-07
   1.24200    0.319240E-07
   1.24400    0.325052E-07
   1.24600    0.329375E-07
   1.24800    0.332358E-07
   1.25000    0.334378E-07
   1.25200    0.335989E-07
   1.25400    0.337839E-07
   1.25600    0.340579E-07
   1.25800    0.344763E-07
   1.26000    0.350764E-07
   1.26200    0.358713E-07
   1.26400    0.368477E-07
   1.26600    0.379672E-07
   1.26800    0.391718E-07
   1.27000    0.403919E-07
   1.27200    0.415567E-07
   1.27400    0.426040E-07
   1.27600    0.434892E-07
   1.27800    0.441916E-07
   1.28000    0.447165E-07
   1.28200    0.450938E-07
   1.28400    0.453720E-07
   1.28600    0.456098E-07
   1.28800    0.458659E-07
   1.29000    0.461889E-07
   1.29200    0.466088E-07
   1.29400    0.471319E-07
   1.29600    0.477396E-07
   1.29800    0.483915E-07
   1.30000    0.490318E-07
   1.30200    0.495993E-07
   1.30400    0.500381E-07
   1.30600    0.503071E-07
   1.30800    0.503881E-07
   1.31000    0.502902E-07
   1.31200    0.500491E-07
   1.31400    0.497231E-07
   1.31600    0.493851E-07
   1.31800    0.491119E-07
   1.32000    0.489739E-07
   1.32200    0.490243E-07
   1.32400    0.492927E-07
   1.32600    0.497813E-07
   1.32800    0.504662E-07
   1.33000    0.513018E-07
   1.33200    0.522300E-07
   1.33400    0.531897E-07
   1.33600    0.541273E-07
   1.33800    0.550055E-07
   1.34000    0.558082E-07
   1.34200    0.565421E-07
   1.34400    0.572334E-07
   1.34600    0.579210E-07
   1.34800    0.586464E-07
   1.35000    0.594438E-07
   1.35200    0.603304E-07
   1.35400    0.612998E-07
   1.35600    0.623207E-07
   1.35800    0.633390E-07
   1.36000    0.642855E-07
   1.36200    0.650872E-07
   1.36400    0.656791E-07
   1.36600    0.660172E-07
   1.36800    0.660870E-07
   1.37000    0.659084E-07
   1.37200    0.655353E-07
   1.37400    0.650484E-07
   1.37600    0.645453E-07
   1.37800    0.641258E-07
   1.38000    0.638783E-07
   1.38200    0.638674E-07
   1.38400    0.641252E-07
   1.38600    0.646488E-07
   1.38800    0.654030E-07
   1.39000    0.663277E-07
   1.39200    0.673497E-07
   1.39400    0.683951E-07
   1.39600    0.694017E-07
   1.39800    0.703269E-07
   1.40000    0.711521E-07
   1.40200    0.718819E-07
   1.40400    0.725376E-07
   1.40600    0.731487E-07
   1.40800    0.737422E-07
   1.41000    0.743327E-07
   1.41200    0.749165E-07
   1.41400    0.754691E-07
   1.41600    0.759486E-07
   1.41800    0.763031E-07
   1.42000    0.764813E-07
   1.42200    0.764447E-07
   1.42400    0.761776E-07
   1.42600    0.756939E-07
   1.42800    0.750393E-07
   1.43000    0.742869E-07
   1.43200    0.735283E-07
   1.43400    0.728612E-07
   1.43600    0.723751E-07
   1.43800    0.721388E-07
   1.44000    0.721908E-07
   1.44200    0.725346E-07
   1.44400    0.731400E-07
   1.44600    0.739489E-07
   1.44800    0.748855E-07
   1.45000    0.758682E-07
   1.45200    0.768207E-07
   1.45400    0.776813E-07
   1.45600    0.784082E-07
   1.45800    0.789807E-07
   1.46000    0.793965E-07
   1.46200    0.796662E-07
   1.46400    0.798071E-07
   1.46600    0.798371E-07
   1.46800    0.797709E-07
   1.47000    0.796188E-07
   1.47200    0.793883E-07
   1.47400    0.790883E-07
   1.47600    0.787336E-07
   1.47800    0.783495E-07
   1.48000    0.779737E-07
   1.48200    0.776555E-07
   1.48400    0.774515E-07
   1.48600    0.774178E-07
   1.48800    0.776008E-07
   1.49000    0.780276E-07
   1.49200    0.786980E-07
   1.49400    0.795803E-07
   1.49600    0.806115E-07
   1.49800    0.817026E-07
   1.50000    0.827490E-07
   1.50200    0.836441E-07
   1.50400    0.842932E-07
   1.50600    0.846269E-07
   1.50800    0.846107E-07
   1.51000    0.842491E-07
   1.51200    0.835846E-07
   1.51400    0.826900E-07
   1.51600    0.816575E-07
   1.51800    0.805845E-07
   1.52000    0.795610E-07
   1.52200    0.786583E-07
   1.52400    0.779222E-07
   1.52600    0.773716E-07
   1.52800    0.770006E-07
   1.53000    0.767847E-07
   1.53200    0.766887E-07
   1.53400    0.766743E-07
   1.53600    0.767062E-07
   1.53800    0.767558E-07
   1.54000    0.768022E-07
   1.54200    0.768314E-07
   1.54400    0.768337E-07
   1.54600    0.768027E-07
   1.54800    0.767337E-07
   1.55000    0.766252E-07
   1.55200    0.764809E-07
   1.55400    0.763121E-07
   1.55600    0.761399E-07
   1.55800    0.759953E-07
   1.56000    0.759169E-07
   1.56200    0.759454E-07
   1.56400    0.761159E-07
   1.56600    0.764499E-07
   1.56800    0.769472E-07
   1.57000    0.775806E-07
   1.57200    0.782956E-07
   1.57400    0.790144E-07
   1.57600    0.796449E-07
   1.57800    0.800936E-07
   1.58000    0.802797E-07
   1.58200    0.801492E-07
   1.58400    0.796849E-07
   1.58600    0.789114E-07
   1.58800    0.778939E-07
   1.59000    0.767302E-07
   1.59200    0.755384E-07
   1.59400    0.744401E-07
   1.59600    0.735451E-07
   1.59800    0.729367E-07
   1.60000    0.726622E-07
   1.60200    0.727294E-07
   1.60400    0.731081E-07
   1.60600    0.737377E-07
   1.60800    0.745375E-07
   1.61000    0.754192E-07
   1.61200    0.762980E-07
   1.61400    0.771022E-07
   1.61600    0.777789E-07
   1.61800    0.782964E-07
   1.62000    0.786440E-07
   1.62200    0.788281E-07
   1.62400    0.788691E-07
   1.62600    0.787962E-07
   1.62800    0.786441E-07
   1.63000    0.784493E-07
   1.63200    0.782473E-07
   1.63400    0.780711E-07
   1.63600    0.779487E-07
   1.63800    0.779019E-07
   1.64000    0.779454E-07
   1.64200    0.780869E-07
   1.64400    0.783284E-07
   1.64600    0.786683E-07
   1.64800    0.791052E-07
   1.65000    0.796407E-07
   1.65200    0.802828E-07
   1.65400    0.810457E-07
   1.65600    0.819484E-07
   1.65800    0.830097E-07
   1.66000    0.842417E-07
   1.66200    0.856428E-07
   1.66400    0.871920E-07
   1.66600    0.888459E-07
   1.66800    0.905405E-07
   1.67000    0.921975E-07
   1.67200    0.937347E-07
   1.67400    0.950780E-07
   1.67600    0.961744E-07
   1.67800    0.970006E-07
   1.68000    0.975684E-07
   1.68200    0.979227E-07
   1.68400    0.981347E-07
   1.68600    0.982907E-07
   1.68800    0.984784E-07
   1.69000    0.987737E-07
   1.69200    0.992316E-07
   1.69400    0.998799E-07
   1.69600    0.100720E-06
   1.69800    0.101730E-06
   1.70000    0.102875E-06
   1.70200    0.104110E-06
   1.70400    0.105397E-06
   1.70600    0.106699E-06
   1.70800    0.107992E-06
   1.71000    0.109261E-06
   1.71200    0.110497E-06
   1.71400    0.111692E-06
   1.71600    0.112843E-06
   1.71800    0.113943E-06
   1.72000    0.114983E-06
   1.72200    0.115955E-06
   1.72400    0.116854E-06
   1.72600    0.117678E-06
   1.72800    0.118430E-06
   1.73000    0.119121E-06
   1.73200    0.119769E-06
   1.73400    0.120395E-06
   1.73600    0.121023E-06
   1.73800    0.121678E-06
   1.74000    0.122383E-06
   1.74200    0.123158E-06
   1.74400    0.124019E-06
   1.74600    0.124976E-06
   1.74800    0.126032E-06
   1.75000    0.127186E-06
   1.75200    0.128433E-06
   1.75400    0.129763E-06
   1.75600    0.131164E-06
   1.75800    0.132625E-06
   1.76000    0.134135E-06
   1.76200    0.135686E-06
   1.76400    0.137275E-06
   1.76600    0.138902E-06
   1.76800    0.140570E-06
   1.77000    0.142284E-06
   1.77200    0.144049E-06
   1.77400    0.145870E-06
   1.77600    0.147747E-06
   1.77800    0.149680E-06
   1.78000    0.151663E-06
   1.78200    0.153689E-06
   1.78400    0.155748E-06
   1.78600    0.157827E-06
   1.78800    0.159912E-06
   1.79000    0.161984E-06
   1.79200    0.164027E-06
   1.79400    0.166023E-06
   1.79600    0.167958E-06
   1.79800    0.169825E-06
   1.80000    0.171626E-06
   1.80200    0.173376E-06
   1.80400    0.175103E-06
   1.80600    0.176846E-06
   1.80800    0.178654E-06
   1.81000    0.180579E-06
   1.81200    0.182670E-06
   1.81400    0.184969E-06
   1.81600    0.187500E-06
   1.81800    0.190273E-06
   1.82000    0.193278E-06
   1.82200    0.196488E-06
   1.82400    0.199863E-06
   1.82600    0.203355E-06
   1.82800    0.206916E-06
   1.83000    0.210506E-06
   1.83200    0.214092E-06
   1.83400    0.217663E-06
   1.83600    0.221221E-06
   1.83800    0.224787E-06
   1.84000    0.228397E-06
   1.84200    0.232096E-06
   1.84400    0.235929E-06
   1.84600    0.239940E-06
   1.84800    0.244159E-06
   1.85000    0.248602E-06
   1.85200    0.253268E-06
   1.85400    0.258140E-06
   1.85600    0.263187E-06
   1.85800    0.268375E-06
   1.86000    0.273667E-06
   1.86200    0.279032E-06
   1.86400    0.284449E-06
   1.86600    0.289910E-06
   1.86800    0.295415E-06
   1.87000    0.300970E-06
   1.87200    0.306581E-06
   1.87400    0.312252E-06
   1.87600    0.317975E-06
   1.87800    0.323738E-06
   1.88000    0.329510E-06
   1.88200    0.335258E-06
   1.88400    0.340943E-06
   1.88600    0.346537E-06
   1.88800    0.352026E-06
   1.89000    0.357435E-06
   1.89200    0.362846E-06
   1.89400    0.368439E-06
   1.89600    0.374485E-06
   1.89800    0.381417E-06
   1.90000    0.389891E-06
   1.90200    0.400758E-06
   1.90400    0.415120E-06
   1.90600    0.434306E-06
   1.90800    0.459833E-06
   1.91000    0.493333E-06
   1.91200    0.536427E-06
   1.91400    0.590575E-06
   1.91600    0.656885E-06
   1.91800    0.735906E-06
   1.92000    0.827431E-06
   1.92200    0.930298E-06
   1.92400    0.104223E-05
   1.92600    0.115970E-05
   1.92800    0.127787E-05
   1.93000    0.139060E-05
   1.93200    0.149054E-05
   1.93400    0.156941E-05
   1.93600    0.161835E-05
   1.93800    0.162853E-05
   1.94000    0.159182E-05
   1.94200    0.150171E-05
   1.94400    0.135409E-05
   1.94600    0.114813E-05
   1.94800    0.886758E-06
   1.95000    0.576980E-06
   1.95200    0.229619E-06
   1.95400   -0.141317E-06
   1.95600   -0.519715E-06
   1.95800   -0.888709E-06
   1.96000   -0.123215E-05
   1.96200   -0.153600E-05
   1.96400   -0.178942E-05
   1.96600   -0.198545E-05
   1.96800   -0.212126E-05
   1.97000   -0.219787E-05
   1.97200   -0.221958E-05
   1.97400   -0.219311E-05
   1.97600   -0.212667E-05
   1.97800   -0.202913E-05
   1.98000   -0.190926E-05
   1.98200   -0.177517E-05
   1.98400   -0.163407E-05
   1.98600   -0.149202E-05
   1.98800   -0.135394E-05
   1.99000   -0.122365E-05
   1.99200   -0.110393E-05
   1.99400   -0.996598E-06
   1.99600   -0.902598E-06
   1.99800   -0.822058E-06
   2.00000   -0.754386E-06
   2.00200   -0.698366E-06
   2.00400   -0.652301E-06
   2.00600   -0.614175E-06
   2.00800   -0.581846E-06
   2.01000   -0.553245E-06
   2.01200   -0.526568E-06
   2.01400   -0.500425E-06
   2.01600   -0.473959E-06
   2.01800   -0.446854E-06
   2.02000   -0.419351E-06
   2.02200   -0.392145E-06
   2.02400   -0.366191E-06
   2.02600   -0.342570E-06
   2.02800   -0.322287E-06
   2.03000   -0.306119E-06
   2.03200   -0.294493E-06
   2.03400   -0.287438E-06
   2.03600   -0.284589E-06
   2.03800   -0.285252E-06
   2.04000   -0.288516E-06
   2.04200   -0.293375E-06
   2.04400   -0.298861E-06
   2.04600   -0.304134E-06
   2.04800   -0.308548E-06
   2.05000   -0.311679E-06
   2.05200   -0.313314E-06
   2.05400   -0.313411E-06
   2.05600   -0.312051E-06
   2.05800   -0.309387E-06
   2.06000   -0.305595E-06
   2.06200   -0.300846E-06
   2.06400   -0.295285E-06
   2.06600   -0.289025E-06
   2.06800   -0.282145E-06
   2.07000   -0.274698E-06
   2.07200   -0.266718E-06
   2.07400   -0.258224E-06
   2.07600   -0.249231E-06
   2.07800   -0.239754E-06
   2.08000   -0.229820E-06
   2.08200   -0.219471E-06
   2.08400   -0.208775E-06
   2.08600   -0.197833E-06
   2.08800   -0.186779E-06
   2.09000   -0.175786E-06
   2.09200   -0.165057E-06
   2.09400   -0.154820E-06
   2.09600   -0.145312E-06
   2.09800   -0.136768E-06
   2.10000   -0.129406E-06
   2.10200   -0.123406E-06
   2.10400   -0.118894E-06
   2.10600   -0.115926E-06
   2.10800   -0.114471E-06
   2.11000   -0.114410E-06
   2.11200   -0.115527E-06
   2.11400   -0.117520E-06
   2.11600   -0.120019E-06
   2.11800   -0.122616E-06
   2.12000   -0.124896E-06
   2.12200   -0.126477E-06
   2.12400   -0.127044E-06
   2.12600   -0.126384E-06
   2.12800   -0.124402E-06
   2.13000   -0.121129E-06
   2.13200   -0.116717E-06
   2.13400   -0.111418E-06
   2.13600   -0.105560E-06
   2.13800   -0.995111E-07
   2.14000   -0.936421E-07
   2.14200   -0.882941E-07
   2.14400   -0.837474E-07
   2.14600   -0.801982E-07
   2.14800   -0.777463E-07
   2.15000   -0.763911E-07
   2.15200   -0.760390E-07
   2.15400   -0.765185E-07
   2.15600   -0.776014E-07
   2.15800   -0.790264E-07
   2.16000   -0.805234E-07
   2.16200   -0.818341E-07
   2.16400   -0.827287E-07
   2.16600   -0.830186E-07
   2.16800   -0.825630E-07
   2.17000   -0.812738E-07
   2.17200   -0.791179E-07
   2.17400   -0.761167E-07
   2.17600   -0.723449E-07
   2.17800   -0.679248E-07
   2.18000   -0.630183E-07
   2.18200   -0.578143E-07
   2.18400   -0.525122E-07
   2.18600   -0.473044E-07
   2.18800   -0.423553E-07
   2.19000   -0.377843E-07
   2.19200   -0.336514E-07
   2.19400   -0.299522E-07
   2.19600   -0.266148E-07
   2.19800   -0.235101E-07
   2.20000   -0.204668E-07
   2.20200   -0.172847E-07
   2.20400   -0.137508E-07
   2.20600   -0.965879E-08
   2.20800   -0.481831E-08
   2.21000    0.938215E-09
   2.21200    0.775311E-08
   2.21400    0.157445E-07
   2.21600    0.250081E-07
   2.21800    0.356187E-07
   2.22000    0.476282E-07
   2.22200    0.610594E-07
   2.22400    0.758955E-07
   2.22600    0.920623E-07
   2.22800    0.109405E-06
   2.23000    0.127659E-06
   2.23200    0.146417E-06
   2.23400    0.165094E-06
   2.23600    0.182903E-06
   2.23800    0.198832E-06
   2.24000    0.211662E-06
   2.24200    0.219996E-06
   2.24400    0.222349E-06
   2.24600    0.217262E-06
   2.24800    0.203455E-06
   2.25000    0.179999E-06
   2.25200    0.146485E-06
   2.25400    0.103147E-06
   2.25600    0.509425E-07
   2.25800   -0.845805E-08
   2.26000   -0.727694E-07
   2.26200   -0.139269E-06
   2.26400   -0.205037E-06
   2.26600   -0.267226E-06
   2.26800   -0.323321E-06
   2.27000   -0.371356E-06
   2.27200   -0.410056E-06
   2.27400   -0.438895E-06
   2.27600   -0.458058E-06
   2.27800   -0.468343E-06
   2.28000   -0.470995E-06
   2.28200   -0.467526E-06
   2.28400   -0.459539E-06
   2.28600   -0.448572E-06
   2.28800   -0.435983E-06
   2.29000   -0.422878E-06
   2.29200   -0.410090E-06
   2.29400   -0.398180E-06
   2.29600   -0.387472E-06
   2.29800   -0.378102E-06
   2.30000   -0.370069E-06
   2.30200   -0.363278E-06
   2.30400   -0.357587E-06
   2.30600   -0.352831E-06
   2.30800   -0.348845E-06
   2.31000   -0.345474E-06
   2.31200   -0.342581E-06
   2.31400   -0.340049E-06
   2.31600   -0.337779E-06
   2.31800   -0.335694E-06
   2.32000   -0.333735E-06
   2.32200   -0.331861E-06
   2.32400   -0.330054E-06
   2.32600   -0.328317E-06
   2.32800   -0.326664E-06
   2.33000   -0.325127E-06
   2.33200   -0.323750E-06
   2.33400   -0.322580E-06
   2.33600   -0.321671E-06
   2.33800   -0.321072E-06
   2.34000   -0.320825E-06
   2.34200   -0.320964E-06
   2.34400   -0.321506E-06
   2.34600   -0.322449E-06
   2.34800   -0.323772E-06
   2.35000   -0.325424E-06
   2.35200   -0.327332E-06
   2.35400   -0.329389E-06
   2.35600   -0.331468E-06
   2.35800   -0.333420E-06
   2.36000   -0.335084E-06
   2.36200   -0.336306E-06
   2.36400   -0.336944E-06
   2.36600   -0.336893E-06
   2.36800   -0.336089E-06
   2.37000   -0.334525E-06
   2.37200   -0.332250E-06
   2.37400   -0.329369E-06
   2.37600   -0.326025E-06
   2.37800   -0.322391E-06
   2.38000   -0.318643E-06
   2.38200   -0.314946E-06
   2.38400   -0.311432E-06
   2.38600   -0.308191E-06
   2.38800   -0.305265E-06
   2.39000   -0.302647E-06
   2.39200   -0.300292E-06
   2.39400   -0.298128E-06
   2.39600   -0.296072E-06
   2.39800   -0.294040E-06
   2.40000   -0.291967E-06
   2.40200   -0.289809E-06
   2.40400   -0.287552E-06
   2.40600   -0.285210E-06
   2.40800   -0.282820E-06
   2.41000   -0.280437E-06
   2.41200   -0.278124E-06
   2.41400   -0.275943E-06
   2.41600   -0.273947E-06
   2.41800   -0.272175E-06
   2.42000   -0.270649E-06
   2.42200   -0.269369E-06
   2.42400   -0.268325E-06
   2.42600   -0.267490E-06
   2.42800   -0.266835E-06
   2.43000   -0.266332E-06
   2.43200   -0.265955E-06
   2.43400   -0.265693E-06
   2.43600   -0.265543E-06
   2.43800   -0.265510E-06
   2.44000   -0.265607E-06
   2.44200   -0.265843E-06
   2.44400   -0.266218E-06
   2.44600   -0.266717E-06
   2.44800   -0.267296E-06
   2.45000   -0.267889E-06
   2.45200   -0.268400E-06
   2.45400   -0.268716E-06
   2.45600   -0.268712E-06
   2.45800   -0.268269E-06
   2.46000   -0.267284E-06
   2.46200   -0.265690E-06
   2.46400   -0.263461E-06
   2.46600   -0.260618E-06
   2.46800   -0.257229E-06
   2.47000   -0.253398E-06
   2.47200   -0.249253E-06
   2.47400   -0.244931E-06
   2.47600   -0.240560E-06
   2.47800   -0.236248E-06
   2.48000   -0.232075E-06
   2.48200   -0.228087E-06
   2.48400   -0.224300E-06
   2.48600   -0.220706E-06
   2.48800   -0.217280E-06
   2.49000   -0.213992E-06
   2.49200   -0.210812E-06
   2.49400   -0.207718E-06
   2.49600   -0.204699E-06
   2.49800   -0.201755E-06
   2.50000   -0.198897E-06
   2.50200   -0.196142E-06
   2.50400   -0.193511E-06
   2.50600   -0.191022E-06
   2.50800   -0.188692E-06
   2.51000   -0.186528E-06
   2.51200   -0.184532E-06
   2.51400   -0.182695E-06
   2.51600   -0.180998E-06
   2.51800   -0.179417E-06
   2.52000   -0.177918E-06
   2.52200   -0.176464E-06
   2.52400   -0.175016E-06
   2.52600   -0.173533E-06
   2.52800   -0.171983E-06
   2.53000   -0.170334E-06
   2.53200   -0.168572E-06
   2.53400   -0.166689E-06
   2.53600   -0.164696E-06
   2.53800   -0.162615E-06
   2.54000   -0.160477E-06
   2.54200   -0.158322E-06
   2.54400   -0.156189E-06
   2.54600   -0.154115E-06
   2.54800   -0.152126E-06
   2.55000   -0.150236E-06
   2.55200   -0.148447E-06
   2.55400   -0.146750E-06
   2.55600   -0.145131E-06
   2.55800   -0.143569E-06
   2.56000   -0.142050E-06
   2.56200   -0.140560E-06
   2.56400   -0.139097E-06
   2.56600   -0.137663E-06
   2.56800   -0.136269E-06
   2.57000   -0.134933E-06
   2.57200   -0.133675E-06
   2.57400   -0.132519E-06
   2.57600   -0.131488E-06
   2.57800   -0.130604E-06
   2.58000   -0.129883E-06
   2.58200   -0.129336E-06
   2.58400   -0.128962E-06
   2.58600   -0.128752E-06
   2.58800   -0.128683E-06
   2.59000   -0.128724E-06
   2.59200   -0.128840E-06
   2.59400   -0.128990E-06
   2.59600   -0.129142E-06
   2.59800   -0.129270E-06
   2.60000   -0.129361E-06
   2.60200   -0.129414E-06
   2.60400   -0.129438E-06
   2.60600   -0.129449E-06
   2.60800   -0.129466E-06
   2.61000   -0.129506E-06
   2.61200   -0.129578E-06
   2.61400   -0.129686E-06
   2.61600   -0.129825E-06
   2.61800   -0.129986E-06
   2.62000   -0.130158E-06
   2.62200   -0.130331E-06
   2.62400   -0.130495E-06
   2.62600   -0.130645E-06
   2.62800   -0.130779E-06
   2.63000   -0.130894E-06
   2.63200   -0.130987E-06
   2.63400   -0.131053E-06
   2.63600   -0.131086E-06
   2.63800   -0.131076E-06
   2.64000   -0.131019E-06
   2.64200   -0.130910E-06
   2.64400   -0.130751E-06
   2.64600   -0.130552E-06
   2.64800   -0.130327E-06
   2.65000   -0.130094E-06
   2.65200   -0.129873E-06
   2.65400   -0.129683E-06
   2.65600   -0.129535E-06
   2.65800   -0.129435E-06
   2.66000   -0.129380E-06
   2.66200   -0.129363E-06
   2.66400   -0.129372E-06
   2.66600   -0.129393E-06
   2.66800   -0.129416E-06
   2.67000   -0.129433E-06
   2.67200   -0.129442E-06
   2.67400   -0.129445E-06
   2.67600   -0.129446E-06
   2.67800   -0.129448E-06
   2.68000   -0.129452E-06
   2.68200   -0.129455E-06
   2.68400   -0.129449E-06
   2.68600   -0.129418E-06
   2.68800   -0.129346E-06
   2.69000   -0.129215E-06
   2.69200   -0.129008E-06
   2.69400   -0.128714E-06
   2.69600   -0.128328E-06
   2.69800   -0.127856E-06
   2.70000   -0.127311E-06
   2.70200   -0.126713E-06
   2.70400   -0.126086E-06
   2.70600   -0.125456E-06
   2.70800   -0.124844E-06
   2.71000   -0.124264E-06
   2.71200   -0.123722E-06
   2.71400   -0.123217E-06
   2.71600   -0.122738E-06
   2.71800   -0.122273E-06
   2.72000   -0.121810E-06
   2.72200   -0.121344E-06
   2.72400   -0.120877E-06
   2.72600   -0.120423E-06
   2.72800   -0.120002E-06
   2.73000   -0.119643E-06
   2.73200   -0.119373E-06
   2.73400   -0.119215E-06
   2.73600   -0.119184E-06
   2.73800   -0.119278E-06
   2.74000   -0.119485E-06
   2.74200   -0.119779E-06
   2.74400   -0.120126E-06
   2.74600   -0.120488E-06
   2.74800   -0.120833E-06
   2.75000   -0.121137E-06
   2.75200   -0.121391E-06
   2.75400   -0.121601E-06
   2.75600   -0.121786E-06
   2.75800   -0.121978E-06
   2.76000   -0.122215E-06
   2.76200   -0.122533E-06
   2.76400   -0.122965E-06
   2.76600   -0.123536E-06
   2.76800   -0.124260E-06
   2.77000   -0.125144E-06
   2.77200   -0.126187E-06
   2.77400   -0.127391E-06
   2.77600   -0.128758E-06
   2.77800   -0.130299E-06
   2.78000   -0.132034E-06
   2.78200   -0.133994E-06
   2.78400   -0.136216E-06
   2.78600   -0.138747E-06
   2.78800   -0.141626E-06
   2.79000   -0.144912E-06
   2.79200   -0.148654E-06
   2.79400   -0.152911E-06
   2.79600   -0.157747E-06
   2.79800   -0.163242E-06
   2.80000   -0.169493E-06
   2.80200   -0.176618E-06
   2.80400   -0.184753E-06
   2.80600   -0.194035E-06
   2.80800   -0.204590E-06
   2.81000   -0.216490E-06
   2.81200   -0.229711E-06
   2.81400   -0.244073E-06
   2.81600   -0.259177E-06
   2.81800   -0.274346E-06
   2.82000   -0.288572E-06
   2.82200   -0.300498E-06
   2.82400   -0.308438E-06
   2.82600   -0.310454E-06
   2.82800   -0.304490E-06
   2.83000   -0.288565E-06
   2.83200   -0.261008E-06
   2.83400   -0.220712E-06
   2.83600   -0.167368E-06
   2.83800   -0.101636E-06
   2.84000   -0.252242E-07
   2.84200    0.591555E-07
   2.84400    0.147963E-06
   2.84600    0.237119E-06
   2.84800    0.322384E-06
   2.85000    0.399756E-06
   2.85200    0.465851E-06
   2.85400    0.518204E-06
   2.85600    0.555448E-06
   2.85800    0.577354E-06
   2.86000    0.584743E-06
   2.86200    0.579288E-06
   2.86400    0.563247E-06
   2.86600    0.539170E-06
   2.86800    0.509631E-06
   2.87000    0.477001E-06
   2.87200    0.443293E-06
   2.87400    0.410084E-06
   2.87600    0.378496E-06
   2.87800    0.349232E-06
   2.88000    0.322643E-06
   2.88200    0.298811E-06
   2.88400    0.277631E-06
   2.88600    0.258889E-06
   2.88800    0.242314E-06
   2.89000    0.227628E-06
   2.89200    0.214568E-06
   2.89400    0.202902E-06
   2.89600    0.192435E-06
   2.89800    0.183009E-06
   2.90000    0.174499E-06
   2.90200    0.166808E-06
   2.90400    0.159861E-06
   2.90600    0.153606E-06
   2.90800    0.148002E-06
   2.91000    0.143026E-06
   2.91200    0.138674E-06
   2.91400    0.134942E-06
   2.91600    0.131835E-06
   2.91800    0.129356E-06
   2.92000    0.127503E-06
   2.92200    0.126251E-06
   2.92400    0.125554E-06
   2.92600    0.125330E-06
   2.92800    0.125464E-06
   2.93000    0.125805E-06
   2.93200    0.126178E-06
   2.93400    0.126389E-06
   2.93600    0.126250E-06
   2.93800    0.125593E-06
   2.94000    0.124290E-06
   2.94200    0.122267E-06
   2.94400    0.119512E-06
   2.94600    0.116082E-06
   2.94800    0.112098E-06
   2.95000    0.107737E-06
   2.95200    0.103220E-06
   2.95400    0.987991E-07
   2.95600    0.947450E-07
   2.95800    0.913341E-07
   2.96000    0.888403E-07
   2.96200    0.875253E-07
   2.96400    0.876296E-07
   2.96600    0.893605E-07
   2.96800    0.928767E-07
   2.97000    0.982677E-07
   2.97200    0.105531E-06
   2.97400    0.114550E-06
   2.97600    0.125069E-06
   2.97800    0.136690E-06
   2.98000    0.148871E-06
   2.98200    0.160950E-06
   2.98400    0.172188E-06
   2.98600    0.181823E-06
   2.98800    0.189148E-06
   2.99000    0.193579E-06
   2.99200    0.194720E-06
   2.99400    0.192411E-06
   2.99600    0.186745E-06
   2.99800    0.178060E-06
   3.00000    0.166897E-06
   3.00200    0.153942E-06
   3.00400    0.139950E-06
   3.00600    0.125670E-06
   3.00800    0.111778E-06
   3.01000    0.988272E-07
   3.01200    0.872211E-07
   3.01400    0.772051E-07
   3.01600    0.688771E-07
   3.01800    0.622116E-07
   3.02000    0.570903E-07
   3.02200    0.533336E-07
   3.02400    0.507304E-07
   3.02600    0.490608E-07
   3.02800    0.481136E-07
   3.03000    0.476974E-07
   3.03200    0.476459E-07
   3.03400    0.478206E-07
   3.03600    0.481105E-07
   3.03800    0.484312E-07
   3.04000    0.487229E-07
   3.04200    0.489484E-07
   3.04400    0.490911E-07
   3.04600    0.491523E-07
   3.04800    0.491486E-07
   3.05000    0.491086E-07
   3.05200    0.490671E-07
   3.05400    0.490658E-07
   3.05600    0.491462E-07
   3.05800    0.493421E-07
   3.06000    0.496813E-07
   3.06200    0.501805E-07
   3.06400    0.508433E-07
   3.06600    0.516602E-07
   3.06800    0.526082E-07
   3.07000    0.536532E-07
   3.07200    0.547530E-07
   3.07400    0.558605E-07
   3.07600    0.569283E-07
   3.07800    0.579125E-07
   3.08000    0.587772E-07
   3.08200    0.594966E-07
   3.08400    0.600575E-07
   3.08600    0.604595E-07
   3.08800    0.607141E-07
   3.09000    0.608428E-07
   3.09200    0.608740E-07
   3.09400    0.608398E-07
   3.09600    0.607726E-07
   3.09800    0.607020E-07
   3.10000    0.606530E-07
   3.10200    0.606444E-07
   3.10400    0.606887E-07
   3.10600    0.607930E-07
   3.10800    0.609591E-07
   3.11000    0.611861E-07
   3.11200    0.614719E-07
   3.11400    0.618137E-07
   3.11600    0.622093E-07
   3.11800    0.626567E-07
   3.12000    0.631537E-07
   3.12200    0.636967E-07
   3.12400    0.642793E-07
   3.12600    0.648914E-07
   3.12800    0.655183E-07
   3.13000    0.661410E-07
   3.13200    0.667374E-07
   3.13400    0.672850E-07
   3.13600    0.677631E-07
   3.13800    0.681573E-07
   3.14000    0.684616E-07
   3.14200    0.686816E-07
   3.14400    0.688354E-07
   3.14600    0.689534E-07
   3.14800    0.690768E-07
   3.15000    0.692549E-07
   3.15200    0.695416E-07
   3.15400    0.699928E-07
   3.15600    0.706628E-07
   3.15800    0.716025E-07
   3.16000    0.728578E-07
   3.16200    0.744677E-07
   3.16400    0.764632E-07
   3.16600    0.788650E-07
   3.16800    0.816804E-07
   3.17000    0.849005E-07
   3.17200    0.884971E-07
   3.17400    0.924206E-07
   3.17600    0.965997E-07
   3.17800    0.100944E-06
   3.18000    0.105347E-06
   3.18200    0.109697E-06
   3.18400    0.113878E-06
   3.18600    0.117786E-06
   3.18800    0.121330E-06
   3.19000    0.124438E-06
   3.19200    0.127063E-06
   3.19400    0.129179E-06
   3.19600    0.130780E-06
   3.19800    0.131877E-06
   3.20000    0.132495E-06
   3.20200    0.132666E-06
   3.20400    0.132430E-06
   3.20600    0.131830E-06
   3.20800    0.130911E-06
   3.21000    0.129722E-06
   3.21200    0.128311E-06
   3.21400    0.126730E-06
   3.21600    0.125027E-06
   3.21800    0.123247E-06
   3.22000    0.121429E-06
   3.22200    0.119602E-06
   3.22400    0.117780E-06
   3.22600    0.115962E-06
   3.22800    0.114130E-06
   3.23000    0.112251E-06
   3.23200    0.110279E-06
   3.23400    0.108164E-06
   3.23600    0.105860E-06
   3.23800    0.103340E-06
   3.24000    0.100605E-06
   3.24200    0.976997E-07
   3.24400    0.947204E-07
   3.24600    0.918246E-07
   3.24800    0.892288E-07
   3.25000    0.872029E-07
   3.25200    0.860552E-07
   3.25400    0.861101E-07
   3.25600    0.876801E-07
   3.25800    0.910339E-07
   3.26000    0.963648E-07
   3.26200    0.103760E-06
   3.26400    0.113178E-06
   3.26600    0.124426E-06
   3.26800    0.137159E-06
   3.27000    0.150873E-06
   3.27200    0.164918E-06
   3.27400    0.178524E-06
   3.27600    0.190830E-06
   3.27800    0.200932E-06
   3.28000    0.207943E-06
   3.28200    0.211058E-06
   3.28400    0.209626E-06
   3.28600    0.203223E-06
   3.28800    0.191704E-06
   3.29000    0.175245E-06
   3.29200    0.154348E-06
   3.29400    0.129819E-06
   3.29600    0.102708E-06
   3.29800    0.742219E-07
   3.30000    0.456275E-07
   3.30200    0.181387E-07
   3.30400   -0.717862E-08
   3.30600   -0.294839E-07
   3.30800   -0.482084E-07
   3.31000   -0.630701E-07
   3.31200   -0.740570E-07
   3.31400   -0.813861E-07
   3.31600   -0.854463E-07
   3.31800   -0.867358E-07
   3.32000   -0.858005E-07
   3.32200   -0.831830E-07
   3.32400   -0.793827E-07
   3.32600   -0.748335E-07
   3.32800   -0.698887E-07
   3.33000   -0.648221E-07
   3.33200   -0.598347E-07
   3.33400   -0.550642E-07
   3.33600   -0.505979E-07
   3.33800   -0.464844E-07
   3.34000   -0.427435E-07
   3.34200   -0.393754E-07
   3.34400   -0.363664E-07
   3.34600   -0.336924E-07
   3.34800   -0.313235E-07
   3.35000   -0.292252E-07
   3.35200   -0.273622E-07
   3.35400   -0.256979E-07
   3.35600   -0.241986E-07
   3.35800   -0.228340E-07
   3.36000   -0.215804E-07
   3.36200   -0.204198E-07
   3.36400   -0.193427E-07
   3.36600   -0.183461E-07
   3.36800   -0.174335E-07
   3.37000   -0.166122E-07
   3.37200   -0.158917E-07
   3.37400   -0.152809E-07
   3.37600   -0.147858E-07
   3.37800   -0.144076E-07
   3.38000   -0.141421E-07
   3.38200   -0.139793E-07
   3.38400   -0.139045E-07
   3.38600   -0.138998E-07
   3.38800   -0.139456E-07
   3.39000   -0.140228E-07
   3.39200   -0.141138E-07
   3.39400   -0.142040E-07
   3.39600   -0.142814E-07
   3.39800   -0.143369E-07
   3.40000   -0.143630E-07
   3.40200   -0.143534E-07
   3.40400   -0.143021E-07
   3.40600   -0.142035E-07
   3.40800   -0.140527E-07
   3.41000   -0.138470E-07
   3.41200   -0.135870E-07
   3.41400   -0.132790E-07
   3.41600   -0.129358E-07
   3.41800   -0.125771E-07
   3.42000   -0.122286E-07
   3.42200   -0.119202E-07
   3.42400   -0.116817E-07
   3.42600   -0.115389E-07
   3.42800   -0.115093E-07
   3.43000   -0.115985E-07
   3.43200   -0.117986E-07
   3.43400   -0.120879E-07
   3.43600   -0.124347E-07
   3.43800   -0.128011E-07
   3.44000   -0.131499E-07
   3.44200   -0.134506E-07
   3.44400   -0.136846E-07
   3.44600   -0.138489E-07
   3.44800   -0.139560E-07
   3.45000   -0.140317E-07
   3.45200   -0.141098E-07
   3.45400   -0.142251E-07
   3.45600   -0.144062E-07
   3.45800   -0.146694E-07
   3.46000   -0.150140E-07
   3.46200   -0.154214E-07
   3.46400   -0.158574E-07
   3.46600   -0.162764E-07
   3.46800   -0.166283E-07
   3.47000   -0.168658E-07
   3.47200   -0.169505E-07
   3.47400   -0.168574E-07
   3.47600   -0.165774E-07
   3.47800   -0.161155E-07
   3.48000   -0.154884E-07
   3.48200   -0.147183E-07
   3.48400   -0.138281E-07
   3.48600   -0.128347E-07
   3.48800   -0.117456E-07
   3.49000   -0.105548E-07
   3.49200   -0.924261E-08
   3.49400   -0.777597E-08
   3.49600   -0.611117E-08
   3.49800   -0.419697E-08
   3.50000   -0.197894E-08
   3.50200    0.595206E-09
   3.50400    0.357127E-08
   3.50600    0.698324E-08
   3.50800    0.108490E-07
   3.51000    0.151668E-07
   3.51200    0.199130E-07
   3.51400    0.250422E-07
   3.51600    0.304883E-07
   3.51800    0.361692E-07
   3.52000    0.419931E-07
   3.52200    0.478649E-07
   3.52400    0.536941E-07
   3.52600    0.594024E-07
   3.52800    0.649272E-07
   3.53000    0.702271E-07
   3.53200    0.752809E-07
   3.53400    0.800883E-07
   3.53600    0.846654E-07
   3.53800    0.890460E-07
   3.54000    0.932639E-07
   3.54200    0.973768E-07
   3.54400    0.101442E-06
   3.54600    0.105525E-06
   3.54800    0.109701E-06
   3.55000    0.114053E-06
   3.55200    0.118676E-06
   3.55400    0.123675E-06
   3.55600    0.129163E-06
   3.55800    0.135257E-06
   3.56000    0.142063E-06
   3.56200    0.149662E-06
   3.56400    0.158083E-06
   3.56600    0.167266E-06
   3.56800    0.177032E-06
   3.57000    0.187033E-06
   3.57200    0.196723E-06
   3.57400    0.205335E-06
   3.57600    0.211878E-06
   3.57800    0.215175E-06
   3.58000    0.213931E-06
   3.58200    0.206847E-06
   3.58400    0.192759E-06
   3.58600    0.170803E-06
   3.58800    0.140571E-06
   3.59000    0.102242E-06
   3.59200    0.566535E-07
   3.59400    0.530248E-08
   3.59600   -0.497419E-07
   3.59800   -0.106003E-06
   3.60000   -0.160825E-06
   3.60200   -0.211629E-06
   3.60400   -0.256162E-06
   3.60600   -0.292710E-06
   3.60800   -0.320227E-06
   3.61000   -0.338387E-06
   3.61200   -0.347545E-06
   3.61400   -0.348618E-06
   3.61600   -0.342921E-06
   3.61800   -0.331987E-06
   3.62000   -0.317385E-06
   3.62200   -0.300573E-06
   3.62400   -0.282798E-06
   3.62600   -0.265041E-06
   3.62800   -0.248002E-06
   3.63000   -0.232127E-06
   3.63200   -0.217647E-06
   3.63400   -0.204635E-06
   3.63600   -0.193050E-06
   3.63800   -0.182791E-06
   3.64000   -0.173720E-06
   3.64200   -0.165692E-06
   3.64400   -0.158562E-06
   3.64600   -0.152196E-06
   3.64800   -0.146471E-06
   3.65000   -0.141278E-06
   3.65200   -0.136522E-06
   3.65400   -0.132120E-06
   3.65600   -0.128008E-06
   3.65800   -0.124136E-06
   3.66000   -0.120475E-06
   3.66200   -0.117003E-06
   3.66400   -0.113728E-06
   3.66600   -0.110653E-06
   3.66800   -0.107793E-06
   3.67000   -0.105160E-06
   3.67200   -0.102765E-06
   3.67400   -0.100610E-06
   3.67600   -0.986865E-07
   3.67800   -0.969752E-07
   3.68000   -0.954482E-07
   3.68200   -0.940701E-07
   3.68400   -0.928021E-07
   3.68600   -0.916055E-07
   3.68800   -0.904454E-07
   3.69000   -0.892934E-07
   3.69200   -0.881296E-07
   3.69400   -0.869427E-07
   3.69600   -0.857296E-07
   3.69800   -0.844932E-07
   3.70000   -0.832407E-07
   3.70200   -0.819806E-07
   3.70400   -0.807207E-07
   3.70600   -0.794671E-07
   3.70800   -0.782229E-07
   3.71000   -0.769894E-07
   3.71200   -0.757667E-07
   3.71400   -0.745556E-07
   3.71600   -0.733586E-07
   3.71800   -0.721816E-07
   3.72000   -0.710337E-07
   3.72200   -0.699275E-07
   3.72400   -0.688768E-07
   3.72600   -0.678955E-07
   3.72800   -0.669950E-07
   3.73000   -0.661819E-07
   3.73200   -0.654567E-07
   3.73400   -0.648127E-07
   3.73600   -0.642367E-07
   3.73800   -0.637093E-07
   3.74000   -0.632078E-07
   3.74200   -0.627079E-07
   3.74400   -0.621871E-07
   3.74600   -0.616263E-07
   3.74800   -0.610125E-07
   3.75000   -0.603399E-07
   3.75200   -0.596100E-07
   3.75400   -0.588316E-07
   3.75600   -0.580201E-07
   3.75800   -0.571951E-07
   3.76000   -0.563791E-07
   3.76200   -0.555948E-07
   3.76400   -0.548637E-07
   3.76600   -0.542030E-07
   3.76800   -0.536250E-07
   3.77000   -0.531353E-07
   3.77200   -0.527323E-07
   3.77400   -0.524074E-07
   3.77600   -0.521458E-07
   3.77800   -0.519275E-07
   3.78000   -0.517291E-07
   3.78200   -0.515257E-07
   3.78400   -0.512931E-07
   3.78600   -0.510098E-07
   3.78800   -0.506588E-07
   3.79000   -0.502284E-07
   3.79200   -0.497139E-07
   3.79400   -0.491172E-07
   3.79600   -0.484470E-07
   3.79800   -0.477172E-07
   3.80000   -0.469464E-07
   3.80200   -0.461551E-07
   3.80400   -0.453639E-07
   3.80600   -0.445918E-07
   3.80800   -0.438531E-07
   3.81000   -0.431567E-07
   3.81200   -0.425046E-07
   3.81400   -0.418912E-07
   3.81600   -0.413045E-07
   3.81800   -0.407264E-07
   3.82000   -0.401349E-07
   3.82200   -0.395063E-07
   3.82400   -0.388179E-07
   3.82600   -0.380504E-07
   3.82800   -0.371905E-07
   3.83000   -0.362329E-07
   3.83200   -0.351818E-07
   3.83400   -0.340511E-07
   3.83600   -0.328639E-07
   3.83800   -0.316511E-07
   3.84000   -0.304489E-07
   3.84200   -0.292951E-07
   3.84400   -0.282260E-07
   3.84600   -0.272724E-07
   3.84800   -0.264570E-07
   3.85000   -0.257919E-07
   3.85200   -0.252780E-07
   3.85400   -0.249054E-07
   3.85600   -0.246552E-07
   3.85800   -0.245021E-07
   3.86000   -0.244170E-07
   3.86200   -0.243707E-07
   3.86400   -0.243352E-07
   3.86600   -0.242863E-07
   3.86800   -0.242031E-07
   3.87000   -0.240684E-07
   3.87200   -0.238674E-07
   3.87400   -0.235865E-07
   3.87600   -0.232129E-07
   3.87800   -0.227331E-07
   3.88000   -0.221340E-07
   3.88200   -0.214030E-07
   3.88400   -0.205293E-07
   3.88600   -0.195057E-07
   3.88800   -0.183293E-07
   3.89000   -0.170034E-07
   3.89200   -0.155374E-07
   3.89400   -0.139478E-07
   3.89600   -0.122567E-07
   3.89800   -0.104920E-07
   3.90000   -0.868508E-08
   3.90200   -0.687031E-08
   3.90400   -0.508269E-08
   3.90600   -0.335678E-08
   3.90800   -0.172485E-08
   3.91000   -0.215893E-09
   3.91200    0.114507E-08
   3.91400    0.233831E-08
   3.91600    0.334908E-08
   3.91800    0.416787E-08
   3.92000    0.479025E-08
   3.92200    0.521620E-08
   3.92400    0.544967E-08
   3.92600    0.549786E-08
   3.92800    0.537074E-08
   3.93000    0.508057E-08
   3.93200    0.464160E-08
   3.93400    0.406998E-08
   3.93600    0.338344E-08
   3.93800    0.260116E-08
   3.94000    0.174344E-08
   3.94200    0.831040E-09
   3.94400   -0.115638E-09
   3.94600   -0.107761E-08
   3.94800   -0.203850E-08
   3.95000   -0.298559E-08
   3.95200   -0.391064E-08
   3.95400   -0.481020E-08
   3.95600   -0.568529E-08
   3.95800   -0.654031E-08
   3.96000   -0.738136E-08
   3.96200   -0.821404E-08
   3.96400   -0.904115E-08
   3.96600   -0.986052E-08
   3.96800   -0.106636E-07
   3.97000   -0.114349E-07
   3.97200   -0.121523E-07
   3.97400   -0.127892E-07
   3.97600   -0.133164E-07
   3.97800   -0.137053E-07
   3.98000   -0.139312E-07
   3.98200   -0.139757E-07
   3.98400   -0.138287E-07
   3.98600   -0.134898E-07
   3.98800   -0.129678E-07
   3.99000   -0.122806E-07
   3.99200   -0.114533E-07
   3.99400   -0.105163E-07
   3.99600   -0.950337E-08
   3.99800   -0.844923E-08
   4.00000   -0.738775E-08
