   0.00000    0.000000E+00
   0.00200    0.000000E+00
   0.00400    0.000000E+00
   0.00600    0.000000E+00
   0.00800    0.000000E+00
   0.01000    0.000000E+00
   0.01200    0.000000E+00
   0.01400    0.000000E+00
   0.01600    0.000000E+00
   0.01800    0.000000E+00
   0.02000    0.000000E+00
   0.02200    0.000000E+00
   0.02400    0.000000E+00
   0.02600    0.264877E-11
   0.02800    0.700604E-11
   0.03000    0.142817E-10
   0.03200    0.281959E-10
   0.03400    0.543357E-10
   0.03600    0.102199E-09
   0.03800    0.187628E-09
   0.04000    0.336244E-09
   0.04200    0.588112E-09
   0.04400    0.100376E-08
   0.04600    0.167147E-08
   0.04800    0.271531E-08
   0.05000    0.430281E-08
   0.05200    0.665144E-08
   0.05400    0.100297E-07
   0.05600    0.147519E-07
   0.05800    0.211625E-07
   0.06000    0.296092E-07
   0.06200    0.403995E-07
   0.06400    0.537501E-07
   0.06600    0.697263E-07
   0.06800    0.881813E-07
   0.07000    0.108706E-06
   0.07200    0.130605E-06
   0.07400    0.152898E-06
   0.07600    0.174373E-06
   0.07800    0.193675E-06
   0.08000    0.209429E-06
   0.08200    0.220393E-06
   0.08400    0.225602E-06
   0.08600    0.224498E-06
   0.08800    0.217011E-06
   0.09000    0.203573E-06
   0.09200    0.185073E-06
   0.09400    0.162743E-06
   0.09600    0.138001E-06
   0.09800    0.112270E-06
   0.10000    0.868078E-07
   0.10200    0.625751E-07
   0.10400    0.401546E-07
   0.10600    0.197409E-07
   0.10800    0.119364E-08
   0.11000   -0.158582E-07
   0.11200   -0.318821E-07
   0.11400   -0.473032E-07
   0.11600   -0.623880E-07
   0.11800   -0.771648E-07
   0.12000   -0.914010E-07
   0.12200   -0.104630E-06
   0.12400   -0.116226E-06
   0.12600   -0.125504E-06
   0.12800   -0.131831E-06
   0.13000   -0.134726E-06
   0.13200   -0.133934E-06
   0.13400   -0.129456E-06
   0.13600   -0.121546E-06
   0.13800   -0.110675E-06
   0.14000   -0.974590E-07
   0.14200   -0.825973E-07
   0.14400   -0.667968E-07
   0.14600   -0.507211E-07
   0.14800   -0.349578E-07
   0.15000   -0.200015E-07
   0.15200   -0.626545E-08
   0.15400    0.590507E-08
   0.15600    0.162175E-07
   0.15800    0.244195E-07
   0.16000    0.302985E-07
   0.16200    0.336945E-07
   0.16400    0.345239E-07
   0.16600    0.328081E-07
   0.16800    0.287006E-07
   0.17000    0.225032E-07
   0.17200    0.146663E-07
   0.17400    0.576871E-08
   0.17600   -0.352299E-08
   0.17800   -0.125100E-07
   0.18000   -0.205254E-07
   0.18200   -0.269967E-07
   0.18400   -0.314956E-07
   0.18600   -0.337731E-07
   0.18800   -0.337682E-07
   0.19000   -0.315943E-07
   0.19200   -0.275071E-07
   0.19400   -0.218609E-07
   0.19600   -0.150604E-07
   0.19800   -0.751632E-08
   0.20000    0.387668E-09
   0.20200    0.831383E-08
   0.20400    0.159746E-07
   0.20600    0.231251E-07
   0.20800    0.295487E-07
   0.21000    0.350417E-07
   0.21200    0.394040E-07
   0.21400    0.424381E-07
   0.21600    0.439604E-07
   0.21800    0.438222E-07
   0.22000    0.419376E-07
   0.22200    0.383117E-07
   0.22400    0.330641E-07
   0.22600    0.264406E-07
   0.22800    0.188087E-07
   0.23000    0.106369E-07
   0.23200    0.245809E-08
   0.23400   -0.517779E-08
   0.23600   -0.117554E-07
   0.23800   -0.168421E-07
   0.24000   -0.201289E-07
   0.24200   -0.214515E-07
   0.24400   -0.207992E-07
   0.24600   -0.183042E-07
   0.24800   -0.142177E-07
   0.25000   -0.887771E-08
   0.25200   -0.267224E-08
   0.25400    0.399431E-08
   0.25600    0.107293E-07
   0.25800    0.171721E-07
   0.26000    0.230051E-07
   0.26200    0.279589E-07
   0.26400    0.318130E-07
   0.26600    0.343959E-07
   0.26800    0.355861E-07
   0.27000    0.353174E-07
   0.27200    0.335853E-07
   0.27400    0.304570E-07
   0.27600    0.260783E-07
   0.27800    0.206764E-07
   0.28000    0.145559E-07
   0.28200    0.808670E-08
   0.28400    0.168140E-08
   0.28600   -0.423353E-08
   0.28800   -0.925152E-08
   0.29000   -0.130205E-07
   0.29200   -0.152736E-07
   0.29400   -0.158537E-07
   0.29600   -0.147275E-07
   0.29800   -0.119882E-07
   0.30000   -0.784780E-08
   0.30200   -0.261915E-08
   0.30400    0.330988E-08
   0.30600    0.950718E-08
   0.30800    0.155295E-07
   0.31000    0.209553E-07
   0.31200    0.254144E-07
   0.31400    0.286136E-07
   0.31600    0.303556E-07
   0.31800    0.305515E-07
   0.32000    0.292243E-07
   0.32200    0.265049E-07
   0.32400    0.226222E-07
   0.32600    0.178819E-07
   0.32800    0.126459E-07
   0.33000    0.730400E-08
   0.33200    0.224531E-08
   0.33400   -0.216874E-08
   0.33600   -0.562938E-08
   0.33800   -0.790081E-08
   0.34000   -0.883518E-08
   0.34200   -0.838157E-08
   0.34400   -0.658851E-08
   0.34600   -0.360072E-08
   0.34800    0.350600E-09
   0.35000    0.496421E-08
   0.35200    0.989016E-08
   0.35400    0.147562E-07
   0.35600    0.191985E-07
   0.35800    0.228927E-07
   0.36000    0.255835E-07
   0.36200    0.271097E-07
   0.36400    0.274198E-07
   0.36600    0.265772E-07
   0.36800    0.247524E-07
   0.37000    0.222038E-07
   0.37200    0.192481E-07
   0.37400    0.162256E-07
   0.37600    0.134640E-07
   0.37800    0.112453E-07
   0.38000    0.978123E-08
   0.38200    0.919699E-08
   0.38400    0.952618E-08
   0.38600    0.107143E-07
   0.38800    0.126299E-07
   0.39000    0.150789E-07
   0.39200    0.178248E-07
   0.39400    0.206067E-07
   0.39600    0.231603E-07
   0.39800    0.252392E-07
   0.40000    0.266361E-07
   0.40200    0.272022E-07
   0.40400    0.268643E-07
   0.40600    0.256367E-07
   0.40800    0.236238E-07
   0.41000    0.210131E-07
   0.41200    0.180569E-07
   0.41400    0.150447E-07
   0.41600    0.122691E-07
   0.41800    0.998986E-08
   0.42000    0.840184E-08
   0.42200    0.761080E-08
   0.42400    0.762216E-08
   0.42600    0.834274E-08
   0.42800    0.959385E-08
   0.43000    0.111382E-07
   0.43200    0.127107E-07
   0.43400    0.140524E-07
   0.43600    0.149422E-07
   0.43800    0.152238E-07
   0.44000    0.148218E-07
   0.44200    0.137514E-07
   0.44400    0.121135E-07
   0.44600    0.100814E-07
   0.44800    0.788019E-08
   0.45000    0.575531E-08
   0.45200    0.394424E-08
   0.45400    0.264462E-08
   0.45600    0.199012E-08
   0.45800    0.203394E-08
   0.46000    0.274443E-08
   0.46200    0.401264E-08
   0.46400    0.567087E-08
   0.46600    0.751955E-08
   0.46800    0.935775E-08
   0.47000    0.110122E-07
   0.47200    0.123602E-07
   0.47400    0.133424E-07
   0.47600    0.139646E-07
   0.47800    0.142868E-07
   0.48000    0.144049E-07
   0.48200    0.144263E-07
   0.48400    0.144459E-07
   0.48600    0.145259E-07
   0.48800    0.146846E-07
   0.49000    0.148945E-07
   0.49200    0.150904E-07
   0.49400    0.151857E-07
   0.49600    0.150941E-07
   0.49800    0.147502E-07
   0.50000    0.141271E-07
   0.50200    0.132463E-07
   0.50400    0.121775E-07
   0.50600    0.110295E-07
   0.50800    0.993211E-08
   0.51000    0.901447E-08
   0.51200    0.838208E-08
   0.51400    0.809923E-08
   0.51600    0.817842E-08
   0.51800    0.857866E-08
   0.52000    0.921410E-08
   0.52200    0.996937E-08
   0.52400    0.107190E-07
   0.52600    0.113465E-07
   0.52800    0.117611E-07
   0.53000    0.119065E-07
   0.53200    0.117646E-07
   0.53400    0.113519E-07
   0.53600    0.107119E-07
   0.53800    0.990496E-08
   0.54000    0.900164E-08
   0.54200    0.807288E-08
   0.54400    0.718689E-08
   0.54600    0.640604E-08
   0.54800    0.578482E-08
   0.55000    0.536980E-08
   0.55200    0.519314E-08
   0.55400    0.527012E-08
   0.55600    0.559364E-08
   0.55800    0.613067E-08
   0.56000    0.681954E-08
   0.56200    0.757239E-08
   0.56400    0.827932E-08
   0.56600    0.881709E-08
   0.56800    0.905875E-08
   0.57000    0.888510E-08
   0.57200    0.819370E-08
   0.57400    0.690547E-08
   0.57600    0.497280E-08
   0.57800    0.237952E-08
   0.58000   -0.856420E-09
   0.58200   -0.468497E-08
   0.58400   -0.902540E-08
   0.58600   -0.137699E-07
   0.58800   -0.187877E-07
   0.59000   -0.239312E-07
   0.59200   -0.290437E-07
   0.59400   -0.339675E-07
   0.59600   -0.385543E-07
   0.59800   -0.426741E-07
   0.60000   -0.462231E-07
   0.60200   -0.491293E-07
   0.60400   -0.513545E-07
   0.60600   -0.528928E-07
   0.60800   -0.537667E-07
   0.61000   -0.540204E-07
   0.61200   -0.537128E-07
   0.61400   -0.529116E-07
   0.61600   -0.516876E-07
   0.61800   -0.501141E-07
   0.62000   -0.482643E-07
   0.62200   -0.462122E-07
   0.62400   -0.440329E-07
   0.62600   -0.418010E-07
   0.62800   -0.395867E-07
   0.63000   -0.374512E-07
   0.63200   -0.354402E-07
   0.63400   -0.335780E-07
   0.63600   -0.318657E-07
   0.63800   -0.302793E-07
   0.64000   -0.287745E-07
   0.64200   -0.272944E-07
   0.64400   -0.257794E-07
   0.64600   -0.241777E-07
   0.64800   -0.224552E-07
   0.65000   -0.206012E-07
   0.65200   -0.186311E-07
   0.65400   -0.165842E-07
   0.65600   -0.145181E-07
   0.65800   -0.125008E-07
   0.66000   -0.106009E-07
   0.66200   -0.888135E-08
   0.66400   -0.738940E-08
   0.66600   -0.615465E-08
   0.66800   -0.518658E-08
   0.67000   -0.447513E-08
   0.67200   -0.399424E-08
   0.67400   -0.370460E-08
   0.67600   -0.355946E-08
   0.67800   -0.350945E-08
   0.68000   -0.350766E-08
   0.68200   -0.351332E-08
   0.68400   -0.349609E-08
   0.68600   -0.343744E-08
   0.68800   -0.333248E-08
   0.69000   -0.318916E-08
   0.69200   -0.302709E-08
   0.69400   -0.287389E-08
   0.69600   -0.276120E-08
   0.69800   -0.272183E-08
   0.70000   -0.278320E-08
   0.70200   -0.296525E-08
   0.70400   -0.327658E-08
   0.70600   -0.371368E-08
   0.70800   -0.426066E-08
   0.71000   -0.489114E-08
   0.71200   -0.557089E-08
   0.71400   -0.626163E-08
   0.71600   -0.692496E-08
   0.71800   -0.752605E-08
   0.72000   -0.803722E-08
   0.72200   -0.843964E-08
   0.72400   -0.872489E-08
   0.72600   -0.889482E-08
   0.72800   -0.896055E-08
   0.73000   -0.894073E-08
   0.73200   -0.885929E-08
   0.73400   -0.874334E-08
   0.73600   -0.862052E-08
   0.73800   -0.851735E-08
   0.74000   -0.845748E-08
   0.74200   -0.846050E-08
   0.74400   -0.854097E-08
   0.74600   -0.870777E-08
   0.74800   -0.896355E-08
   0.75000   -0.930437E-08
   0.75200   -0.971952E-08
   0.75400   -0.101917E-07
   0.75600   -0.106976E-07
   0.75800   -0.112096E-07
   0.76000   -0.116973E-07
   0.76200   -0.121308E-07
   0.76400   -0.124835E-07
   0.76600   -0.127360E-07
   0.76800   -0.128785E-07
   0.77000   -0.129133E-07
   0.77200   -0.128555E-07
   0.77400   -0.127319E-07
   0.77600   -0.125791E-07
   0.77800   -0.124391E-07
   0.78000   -0.123546E-07
   0.78200   -0.123641E-07
   0.78400   -0.124962E-07
   0.78600   -0.127662E-07
   0.78800   -0.131732E-07
   0.79000   -0.136993E-07
   0.79200   -0.143113E-07
   0.79400   -0.149633E-07
   0.79600   -0.156021E-07
   0.79800   -0.161730E-07
   0.80000   -0.166263E-07
   0.80200   -0.169238E-07
   0.80400   -0.170436E-07
   0.80600   -0.169839E-07
   0.80800   -0.167643E-07
   0.81000   -0.164242E-07
   0.81200   -0.160192E-07
   0.81400   -0.156150E-07
   0.81600   -0.152809E-07
   0.81800   -0.150811E-07
   0.82000   -0.150680E-07
   0.82200   -0.152761E-07
   0.82400   -0.157173E-07
   0.82600   -0.163800E-07
   0.82800   -0.172292E-07
   0.83000   -0.182103E-07
   0.83200   -0.192542E-07
   0.83400   -0.202844E-07
   0.83600   -0.212248E-07
   0.83800   -0.220070E-07
   0.84000   -0.225774E-07
   0.84200   -0.229030E-07
   0.84400   -0.229740E-07
   0.84600   -0.228049E-07
   0.84800   -0.224329E-07
   0.85000   -0.219133E-07
   0.85200   -0.213139E-07
   0.85400   -0.207079E-07
   0.85600   -0.201661E-07
   0.85800   -0.197507E-07
   0.86000   -0.195092E-07
   0.86200   -0.194708E-07
   0.86400   -0.196451E-07
   0.86600   -0.200220E-07
   0.86800   -0.205745E-07
   0.87000   -0.212617E-07
   0.87200   -0.220343E-07
   0.87400   -0.228396E-07
   0.87600   -0.236263E-07
   0.87800   -0.243499E-07
   0.88000   -0.249761E-07
   0.88200   -0.254835E-07
   0.88400   -0.258651E-07
   0.88600   -0.261273E-07
   0.88800   -0.262885E-07
   0.89000   -0.263757E-07
   0.89200   -0.264205E-07
   0.89400   -0.264549E-07
   0.89600   -0.265073E-07
   0.89800   -0.265993E-07
   0.90000   -0.267433E-07
   0.90200   -0.269422E-07
   0.90400   -0.271898E-07
   0.90600   -0.274726E-07
   0.90800   -0.277723E-07
   0.91000   -0.280692E-07
   0.91200   -0.283447E-07
   0.91400   -0.285842E-07
   0.91600   -0.287793E-07
   0.91800   -0.289291E-07
   0.92000   -0.290403E-07
   0.92200   -0.291270E-07
   0.92400   -0.292092E-07
   0.92600   -0.293109E-07
   0.92800   -0.294570E-07
   0.93000   -0.296712E-07
   0.93200   -0.299728E-07
   0.93400   -0.303747E-07
   0.93600   -0.308810E-07
   0.93800   -0.314867E-07
   0.94000   -0.321775E-07
   0.94200   -0.329303E-07
   0.94400   -0.337158E-07
   0.94600   -0.345009E-07
   0.94800   -0.352516E-07
   0.95000   -0.359368E-07
   0.95200   -0.365312E-07
   0.95400   -0.370184E-07
   0.95600   -0.373924E-07
   0.95800   -0.376586E-07
   0.96000   -0.378327E-07
   0.96200   -0.379389E-07
   0.96400   -0.380066E-07
   0.96600   -0.380667E-07
   0.96800   -0.381472E-07
   0.97000   -0.382696E-07
   0.97200   -0.384462E-07
   0.97400   -0.386783E-07
   0.97600   -0.389563E-07
   0.97800   -0.392613E-07
   0.98000   -0.395676E-07
   0.98200   -0.398467E-07
   0.98400   -0.400717E-07
   0.98600   -0.402212E-07
   0.98800   -0.402837E-07
   0.99000   -0.402597E-07
   0.99200   -0.401640E-07
   0.99400   -0.400246E-07
   0.99600   -0.398813E-07
   0.99800   -0.397815E-07
   1.00000   -0.397751E-07
   1.00200   -0.399083E-07
   1.00400   -0.402178E-07
   1.00600   -0.407245E-07
   1.00800   -0.414304E-07
   1.01000   -0.423160E-07
   1.01200   -0.433413E-07
   1.01400   -0.444487E-07
   1.01600   -0.455687E-07
   1.01800   -0.466271E-07
   1.02000   -0.475523E-07
   1.02200   -0.482833E-07
   1.02400   -0.487760E-07
   1.02600   -0.490083E-07
   1.02800   -0.489816E-07
   1.03000   -0.487211E-07
   1.03200   -0.482727E-07
   1.03400   -0.476978E-07
   1.03600   -0.470674E-07
   1.03800   -0.464543E-07
   1.04000   -0.459268E-07
   1.04200   -0.455415E-07
   1.04400   -0.453397E-07
   1.04600   -0.453436E-07
   1.04800   -0.455563E-07
   1.05000   -0.459626E-07
   1.05200   -0.465318E-07
   1.05400   -0.472223E-07
   1.05600   -0.479860E-07
   1.05800   -0.487740E-07
   1.06000   -0.495412E-07
   1.06200   -0.502506E-07
   1.06400   -0.508764E-07
   1.06600   -0.514058E-07
   1.06800   -0.518390E-07
   1.07000   -0.521882E-07
   1.07200   -0.524748E-07
   1.07400   -0.527252E-07
   1.07600   -0.529670E-07
   1.07800   -0.532241E-07
   1.08000   -0.535132E-07
   1.08200   -0.538409E-07
   1.08400   -0.542030E-07
   1.08600   -0.545849E-07
   1.08800   -0.549646E-07
   1.09000   -0.553158E-07
   1.09200   -0.556133E-07
   1.09400   -0.558374E-07
   1.09600   -0.559779E-07
   1.09800   -0.560371E-07
   1.10000   -0.560305E-07
   1.10200   -0.559862E-07
   1.10400   -0.559415E-07
   1.10600   -0.559385E-07
   1.10800   -0.560188E-07
   1.11000   -0.562173E-07
   1.11200   -0.565572E-07
   1.11400   -0.570463E-07
   1.11600   -0.576748E-07
   1.11800   -0.584162E-07
   1.12000   -0.592293E-07
   1.12200   -0.600630E-07
   1.12400   -0.608622E-07
   1.12600   -0.615738E-07
   1.12800   -0.621537E-07
   1.13000   -0.625712E-07
   1.13200   -0.628129E-07
   1.13400   -0.628835E-07
   1.13600   -0.628053E-07
   1.13800   -0.626150E-07
   1.14000   -0.623585E-07
   1.14200   -0.620857E-07
   1.14400   -0.618442E-07
   1.14600   -0.616740E-07
   1.14800   -0.616032E-07
   1.15000   -0.616459E-07
   1.15200   -0.618016E-07
   1.15400   -0.620568E-07
   1.15600   -0.623882E-07
   1.15800   -0.627666E-07
   1.16000   -0.631622E-07
   1.16200   -0.635483E-07
   1.16400   -0.639049E-07
   1.16600   -0.642212E-07
   1.16800   -0.644960E-07
   1.17000   -0.647372E-07
   1.17200   -0.649592E-07
   1.17400   -0.651805E-07
   1.17600   -0.654200E-07
   1.17800   -0.656940E-07
   1.18000   -0.660134E-07
   1.18200   -0.663819E-07
   1.18400   -0.667956E-07
   1.18600   -0.672434E-07
   1.18800   -0.677087E-07
   1.19000   -0.681714E-07
   1.19200   -0.686106E-07
   1.19400   -0.690079E-07
   1.19600   -0.693491E-07
   1.19800   -0.696268E-07
   1.20000   -0.698410E-07
   1.20200   -0.699994E-07
   1.20400   -0.701162E-07
   1.20600   -0.702107E-07
   1.20800   -0.703042E-07
   1.21000   -0.704180E-07
   1.21200   -0.705697E-07
   1.21400   -0.707717E-07
   1.21600   -0.710296E-07
   1.21800   -0.713413E-07
   1.22000   -0.716981E-07
   1.22200   -0.720865E-07
   1.22400   -0.724902E-07
   1.22600   -0.728931E-07
   1.22800   -0.732818E-07
   1.23000   -0.736482E-07
   1.23200   -0.739899E-07
   1.23400   -0.743111E-07
   1.23600   -0.746207E-07
   1.23800   -0.749308E-07
   1.24000   -0.752534E-07
   1.24200   -0.755979E-07
   1.24400   -0.759678E-07
   1.24600   -0.763593E-07
   1.24800   -0.767606E-07
   1.25000   -0.771529E-07
   1.25200   -0.775124E-07
   1.25400   -0.778136E-07
   1.25600   -0.780332E-07
   1.25800   -0.781542E-07
   1.26000   -0.781687E-07
   1.26200   -0.780801E-07
   1.26400   -0.779038E-07
   1.26600   -0.776660E-07
   1.26800   -0.774009E-07
   1.27000   -0.771475E-07
   1.27200   -0.769446E-07
   1.27400   -0.768272E-07
   1.27600   -0.768218E-07
   1.27800   -0.769443E-07
   1.28000   -0.771985E-07
   1.28200   -0.775758E-07
   1.28400   -0.780572E-07
   1.28600   -0.786157E-07
   1.28800   -0.792197E-07
   1.29000   -0.798369E-07
   1.29200   -0.804375E-07
   1.29400   -0.809974E-07
   1.29600   -0.814994E-07
   1.29800   -0.819349E-07
   1.30000   -0.823026E-07
   1.30200   -0.826079E-07
   1.30400   -0.828606E-07
   1.30600   -0.830729E-07
   1.30800   -0.832570E-07
   1.31000   -0.834235E-07
   1.31200   -0.835809E-07
   1.31400   -0.837347E-07
   1.31600   -0.838884E-07
   1.31800   -0.840443E-07
   1.32000   -0.842051E-07
   1.32200   -0.843743E-07
   1.32400   -0.845572E-07
   1.32600   -0.847606E-07
   1.32800   -0.849916E-07
   1.33000   -0.852568E-07
   1.33200   -0.855594E-07
   1.33400   -0.858986E-07
   1.33600   -0.862676E-07
   1.33800   -0.866536E-07
   1.34000   -0.870387E-07
   1.34200   -0.874017E-07
   1.34400   -0.877210E-07
   1.34600   -0.879778E-07
   1.34800   -0.881597E-07
   1.35000   -0.882631E-07
   1.35200   -0.882951E-07
   1.35400   -0.882734E-07
   1.35600   -0.882254E-07
   1.35800   -0.881844E-07
   1.36000   -0.881863E-07
   1.36200   -0.882642E-07
   1.36400   -0.884439E-07
   1.36600   -0.887394E-07
   1.36800   -0.891508E-07
   1.37000   -0.896631E-07
   1.37200   -0.902477E-07
   1.37400   -0.908658E-07
   1.37600   -0.914732E-07
   1.37800   -0.920267E-07
   1.38000   -0.924897E-07
   1.38200   -0.928378E-07
   1.38400   -0.930625E-07
   1.38600   -0.931721E-07
   1.38800   -0.931913E-07
   1.39000   -0.931575E-07
   1.39200   -0.931154E-07
   1.39400   -0.931111E-07
   1.39600   -0.931850E-07
   1.39800   -0.933668E-07
   1.40000   -0.936712E-07
   1.40200   -0.940959E-07
   1.40400   -0.946228E-07
   1.40600   -0.952208E-07
   1.40800   -0.958505E-07
   1.41000   -0.964708E-07
   1.41200   -0.970444E-07
   1.41400   -0.975435E-07
   1.41600   -0.979530E-07
   1.41800   -0.982724E-07
   1.42000   -0.985144E-07
   1.42200   -0.987018E-07
   1.42400   -0.988628E-07
   1.42600   -0.990252E-07
   1.42800   -0.992115E-07
   1.43000   -0.994348E-07
   1.43200   -0.996963E-07
   1.43400   -0.999862E-07
   1.43600   -0.100285E-06
   1.43800   -0.100570E-06
   1.44000   -0.100816E-06
   1.44200   -0.101006E-06
   1.44400   -0.101129E-06
   1.44600   -0.101188E-06
   1.44800   -0.101197E-06
   1.45000   -0.101179E-06
   1.45200   -0.101164E-06
   1.45400   -0.101183E-06
   1.45600   -0.101262E-06
   1.45800   -0.101419E-06
   1.46000   -0.101664E-06
   1.46200   -0.101993E-06
   1.46400   -0.102394E-06
   1.46600   -0.102848E-06
   1.46800   -0.103332E-06
   1.47000   -0.103826E-06
   1.47200   -0.104309E-06
   1.47400   -0.104767E-06
   1.47600   -0.105191E-06
   1.47800   -0.105573E-06
   1.48000   -0.105907E-06
   1.48200   -0.106187E-06
   1.48400   -0.106406E-06
   1.48600   -0.106553E-06
   1.48800   -0.106619E-06
   1.49000   -0.106597E-06
   1.49200   -0.106482E-06
   1.49400   -0.106278E-06
   1.49600   -0.105996E-06
   1.49800   -0.105651E-06
   1.50000   -0.105265E-06
   1.50200   -0.104862E-06
   1.50400   -0.104460E-06
   1.50600   -0.104077E-06
   1.50800   -0.103718E-06
   1.51000   -0.103382E-06
   1.51200   -0.103063E-06
   1.51400   -0.102744E-06
   1.51600   -0.102410E-06
   1.51800   -0.102043E-06
   1.52000   -0.101626E-06
   1.52200   -0.101147E-06
   1.52400   -0.100597E-06
   1.52600   -0.999679E-07
   1.52800   -0.992565E-07
   1.53000   -0.984608E-07
   1.53200   -0.975808E-07
   1.53400   -0.966178E-07
   1.53600   -0.955748E-07
   1.53800   -0.944562E-07
   1.54000   -0.932683E-07
   1.54200   -0.920183E-07
   1.54400   -0.907143E-07
   1.54600   -0.893646E-07
   1.54800   -0.879769E-07
   1.55000   -0.865576E-07
   1.55200   -0.851116E-07
   1.55400   -0.836418E-07
   1.55600   -0.821491E-07
   1.55800   -0.806322E-07
   1.56000   -0.790883E-07
   1.56200   -0.775131E-07
   1.56400   -0.759014E-07
   1.56600   -0.742476E-07
   1.56800   -0.725460E-07
   1.57000   -0.707914E-07
   1.57200   -0.689791E-07
   1.57400   -0.671051E-07
   1.57600   -0.651664E-07
   1.57800   -0.631605E-07
   1.58000   -0.610857E-07
   1.58200   -0.589412E-07
   1.58400   -0.567274E-07
   1.58600   -0.544465E-07
   1.58800   -0.521028E-07
   1.59000   -0.497034E-07
   1.59200   -0.472585E-07
   1.59400   -0.447808E-07
   1.59600   -0.422861E-07
   1.59800   -0.397914E-07
   1.60000   -0.373147E-07
   1.60200   -0.348731E-07
   1.60400   -0.324821E-07
   1.60600   -0.301540E-07
   1.60800   -0.278973E-07
   1.61000   -0.257165E-07
   1.61200   -0.236120E-07
   1.61400   -0.215809E-07
   1.61600   -0.196179E-07
   1.61800   -0.177161E-07
   1.62000   -0.158682E-07
   1.62200   -0.140670E-07
   1.62400   -0.123062E-07
   1.62600   -0.105801E-07
   1.62800   -0.888383E-08
   1.63000   -0.721273E-08
   1.63200   -0.556234E-08
   1.63400   -0.392827E-08
   1.63600   -0.230642E-08
   1.63800   -0.693502E-09
   1.64000    0.912468E-09
   1.64200    0.251152E-08
   1.64400    0.410136E-08
   1.64600    0.567728E-08
   1.64800    0.723249E-08
   1.65000    0.875891E-08
   1.65200    0.102482E-07
   1.65400    0.116927E-07
   1.65600    0.130867E-07
   1.65800    0.144269E-07
   1.66000    0.157129E-07
   1.66200    0.169466E-07
   1.66400    0.181316E-07
   1.66600    0.192723E-07
   1.66800    0.203729E-07
   1.67000    0.214362E-07
   1.67200    0.224632E-07
   1.67400    0.234534E-07
   1.67600    0.244049E-07
   1.67800    0.253154E-07
   1.68000    0.261830E-07
   1.68200    0.270077E-07
   1.68400    0.277916E-07
   1.68600    0.285391E-07
   1.68800    0.292565E-07
   1.69000    0.299516E-07
   1.69200    0.306320E-07
   1.69400    0.313040E-07
   1.69600    0.319718E-07
   1.69800    0.326363E-07
   1.70000    0.332957E-07
   1.70200    0.339451E-07
   1.70400    0.345783E-07
   1.70600    0.351883E-07
   1.70800    0.357689E-07
   1.71000    0.363158E-07
   1.71200    0.368273E-07
   1.71400    0.373046E-07
   1.71600    0.377516E-07
   1.71800    0.381740E-07
   1.72000    0.385790E-07
   1.72200    0.389733E-07
   1.72400    0.393630E-07
   1.72600    0.397520E-07
   1.72800    0.401419E-07
   1.73000    0.405318E-07
   1.73200    0.409186E-07
   1.73400    0.412975E-07
   1.73600    0.416628E-07
   1.73800    0.420089E-07
   1.74000    0.423314E-07
   1.74200    0.426280E-07
   1.74400    0.428988E-07
   1.74600    0.431471E-07
   1.74800    0.433790E-07
   1.75000    0.436034E-07
   1.75200    0.438306E-07
   1.75400    0.440719E-07
   1.75600    0.443381E-07
   1.75800    0.446380E-07
   1.76000    0.449778E-07
   1.76200    0.453599E-07
   1.76400    0.457825E-07
   1.76600    0.462394E-07
   1.76800    0.467209E-07
   1.77000    0.472140E-07
   1.77200    0.477043E-07
   1.77400    0.481774E-07
   1.77600    0.486200E-07
   1.77800    0.490223E-07
   1.78000    0.493781E-07
   1.78200    0.496866E-07
   1.78400    0.499518E-07
   1.78600    0.501824E-07
   1.78800    0.503912E-07
   1.79000    0.505929E-07
   1.79200    0.508035E-07
   1.79400    0.510382E-07
   1.79600    0.513096E-07
   1.79800    0.516273E-07
   1.80000    0.519966E-07
   1.80200    0.524183E-07
   1.80400    0.528890E-07
   1.80600    0.534017E-07
   1.80800    0.539462E-07
   1.81000    0.545110E-07
   1.81200    0.550836E-07
   1.81400    0.556521E-07
   1.81600    0.562063E-07
   1.81800    0.567380E-07
   1.82000    0.572422E-07
   1.82200    0.577170E-07
   1.82400    0.581637E-07
   1.82600    0.585864E-07
   1.82800    0.589915E-07
   1.83000    0.593869E-07
   1.83200    0.597811E-07
   1.83400    0.601825E-07
   1.83600    0.605985E-07
   1.83800    0.610350E-07
   1.84000    0.614960E-07
   1.84200    0.619838E-07
   1.84400    0.624989E-07
   1.84600    0.630405E-07
   1.84800    0.636068E-07
   1.85000    0.641961E-07
   1.85200    0.648062E-07
   1.85400    0.654359E-07
   1.85600    0.660840E-07
   1.85800    0.667501E-07
   1.86000    0.674340E-07
   1.86200    0.681354E-07
   1.86400    0.688539E-07
   1.86600    0.695884E-07
   1.86800    0.703375E-07
   1.87000    0.710991E-07
   1.87200    0.718710E-07
   1.87400    0.726509E-07
   1.87600    0.734371E-07
   1.87800    0.742290E-07
   1.88000    0.750276E-07
   1.88200    0.758356E-07
   1.88400    0.766580E-07
   1.88600    0.775021E-07
   1.88800    0.783767E-07
   1.89000    0.792930E-07
   1.89200    0.802634E-07
   1.89400    0.813027E-07
   1.89600    0.824242E-07
   1.89800    0.836437E-07
   1.90000    0.849807E-07
   1.90200    0.864560E-07
   1.90400    0.880953E-07
   1.90600    0.899297E-07
   1.90800    0.919978E-07
   1.91000    0.943464E-07
   1.91200    0.970300E-07
   1.91400    0.100110E-06
   1.91600    0.103647E-06
   1.91800    0.107698E-06
   1.92000    0.112298E-06
   1.92200    0.117450E-06
   1.92400    0.123101E-06
   1.92600    0.129124E-06
   1.92800    0.135296E-06
   1.93000    0.141280E-06
   1.93200    0.146621E-06
   1.93400    0.150751E-06
   1.93600    0.153017E-06
   1.93800    0.152721E-06
   1.94000    0.149184E-06
   1.94200    0.141828E-06
   1.94400    0.130249E-06
   1.94600    0.114300E-06
   1.94800    0.941442E-07
   1.95000    0.702808E-07
   1.95200    0.435327E-07
   1.95400    0.149941E-07
   1.95600   -0.140589E-07
   1.95800   -0.422809E-07
   1.96000   -0.683812E-07
   1.96200   -0.912389E-07
   1.96400   -0.109996E-06
   1.96600   -0.124113E-06
   1.96800   -0.133392E-06
   1.97000   -0.137951E-06
   1.97200   -0.138175E-06
   1.97400   -0.134650E-06
   1.97600   -0.128078E-06
   1.97800   -0.119208E-06
   1.98000   -0.108771E-06
   1.98200   -0.974355E-07
   1.98400   -0.857791E-07
   1.98600   -0.742754E-07
   1.98800   -0.632918E-07
   1.99000   -0.530943E-07
   1.99200   -0.438556E-07
   1.99400   -0.356639E-07
   1.99600   -0.285302E-07
   1.99800   -0.223968E-07
   2.00000   -0.171449E-07
   2.00200   -0.126041E-07
   2.00400   -0.856598E-08
   2.00600   -0.479954E-08
   2.00800   -0.107132E-08
   2.01000    0.283273E-08
   2.01200    0.708392E-08
   2.01400    0.117907E-07
   2.01600    0.169815E-07
   2.01800    0.225979E-07
   2.02000    0.284915E-07
   2.02200    0.344350E-07
   2.02400    0.401463E-07
   2.02600    0.453138E-07
   2.02800    0.496314E-07
   2.03000    0.528322E-07
   2.03200    0.547180E-07
   2.03400    0.551813E-07
   2.03600    0.542156E-07
   2.03800    0.519131E-07
   2.04000    0.484516E-07
   2.04200    0.440719E-07
   2.04400    0.390502E-07
   2.04600    0.336704E-07
   2.04800    0.281985E-07
   2.05000    0.228632E-07
   2.05200    0.178435E-07
   2.05400    0.132641E-07
   2.05600    0.919645E-08
   2.05800    0.566595E-08
   2.06000    0.266052E-08
   2.06200    0.142108E-09
   2.06400   -0.194364E-08
   2.06600   -0.365774E-08
   2.06800   -0.506068E-08
   2.07000   -0.620735E-08
   2.07200   -0.714401E-08
   2.07400   -0.790720E-08
   2.07600   -0.852411E-08
   2.07800   -0.901427E-08
   2.08000   -0.939193E-08
   2.08200   -0.966833E-08
   2.08400   -0.985421E-08
   2.08600   -0.996152E-08
   2.08800   -0.100047E-07
   2.09000   -0.100009E-07
   2.09200   -0.997026E-08
   2.09400   -0.993464E-08
   2.09600   -0.991696E-08
   2.09800   -0.993994E-08
   2.10000   -0.100251E-07
   2.10200   -0.101916E-07
   2.10400   -0.104539E-07
   2.10600   -0.108211E-07
   2.10800   -0.112945E-07
   2.11000   -0.118672E-07
   2.11200   -0.125227E-07
   2.11400   -0.132352E-07
   2.11600   -0.139711E-07
   2.11800   -0.146914E-07
   2.12000   -0.153551E-07
   2.12200   -0.159239E-07
   2.12400   -0.163658E-07
   2.12600   -0.166600E-07
   2.12800   -0.167985E-07
   2.13000   -0.167881E-07
   2.13200   -0.166494E-07
   2.13400   -0.164143E-07
   2.13600   -0.161229E-07
   2.13800   -0.158187E-07
   2.14000   -0.155434E-07
   2.14200   -0.153325E-07
   2.14400   -0.152114E-07
   2.14600   -0.151926E-07
   2.14800   -0.152752E-07
   2.15000   -0.154451E-07
   2.15200   -0.156774E-07
   2.15400   -0.159398E-07
   2.15600   -0.161963E-07
   2.15800   -0.164116E-07
   2.16000   -0.165543E-07
   2.16200   -0.165998E-07
   2.16400   -0.165314E-07
   2.16600   -0.163413E-07
   2.16800   -0.160297E-07
   2.17000   -0.156037E-07
   2.17200   -0.150763E-07
   2.17400   -0.144647E-07
   2.17600   -0.137892E-07
   2.17800   -0.130717E-07
   2.18000   -0.123348E-07
   2.18200   -0.116004E-07
   2.18400   -0.108886E-07
   2.18600   -0.102160E-07
   2.18800   -0.959472E-08
   2.19000   -0.903114E-08
   2.19200   -0.852502E-08
   2.19400   -0.806952E-08
   2.19600   -0.765169E-08
   2.19800   -0.725379E-08
   2.20000   -0.685520E-08
   2.20200   -0.643455E-08
   2.20400   -0.597212E-08
   2.20600   -0.545193E-08
   2.20800   -0.486337E-08
   2.21000   -0.420212E-08
   2.21200   -0.347045E-08
   2.21400   -0.267678E-08
   2.21600   -0.183480E-08
   2.21800   -0.962208E-09
   2.22000   -0.791991E-10
   2.22200    0.793034E-09
   2.22400    0.163385E-08
   2.22600    0.242450E-08
   2.22800    0.314910E-08
   2.23000    0.379528E-08
   2.23200    0.435412E-08
   2.23400    0.481943E-08
   2.23600    0.518633E-08
   2.23800    0.544930E-08
   2.24000    0.560031E-08
   2.24200    0.562722E-08
   2.24400    0.551334E-08
   2.24600    0.523818E-08
   2.24800    0.477998E-08
   2.25000    0.411955E-08
   2.25200    0.324511E-08
   2.25400    0.215705E-08
   2.25600    0.871772E-09
   2.25800   -0.576162E-09
   2.26000   -0.213444E-08
   2.26200   -0.373601E-08
   2.26400   -0.530439E-08
   2.26600   -0.676051E-08
   2.26800   -0.803027E-08
   2.27000   -0.905156E-08
   2.27200   -0.977976E-08
   2.27400   -0.101912E-07
   2.27600   -0.102840E-07
   2.27800   -0.100766E-07
   2.28000   -0.960452E-08
   2.28200   -0.891525E-08
   2.28400   -0.806311E-08
   2.28600   -0.710382E-08
   2.28800   -0.608999E-08
   2.29000   -0.506756E-08
   2.29200   -0.407362E-08
   2.29400   -0.313534E-08
   2.29600   -0.227027E-08
   2.29800   -0.148722E-08
   2.30000   -0.787875E-09
   2.30200   -0.168492E-09
   2.30400    0.378382E-09
   2.30600    0.862424E-09
   2.30800    0.129435E-08
   2.31000    0.168488E-08
   2.31200    0.204412E-08
   2.31400    0.238100E-08
   2.31600    0.270302E-08
   2.31800    0.301567E-08
   2.32000    0.332257E-08
   2.32200    0.362536E-08
   2.32400    0.392373E-08
   2.32600    0.421573E-08
   2.32800    0.449823E-08
   2.33000    0.476738E-08
   2.33200    0.501900E-08
   2.33400    0.524907E-08
   2.33600    0.545407E-08
   2.33800    0.563130E-08
   2.34000    0.577918E-08
   2.34200    0.589753E-08
   2.34400    0.598795E-08
   2.34600    0.605438E-08
   2.34800    0.610348E-08
   2.35000    0.614533E-08
   2.35200    0.619373E-08
   2.35400    0.626610E-08
   2.35600    0.638304E-08
   2.35800    0.656696E-08
   2.36000    0.684019E-08
   2.36200    0.722229E-08
   2.36400    0.772726E-08
   2.36600    0.836081E-08
   2.36800    0.911830E-08
   2.37000    0.998384E-08
   2.37200    0.109310E-07
   2.37400    0.119248E-07
   2.37600    0.129259E-07
   2.37800    0.138946E-07
   2.38000    0.147962E-07
   2.38200    0.156050E-07
   2.38400    0.163075E-07
   2.38600    0.169030E-07
   2.38800    0.174031E-07
   2.39000    0.178287E-07
   2.39200    0.182054E-07
   2.39400    0.185585E-07
   2.39600    0.189087E-07
   2.39800    0.192677E-07
   2.40000    0.196364E-07
   2.40200    0.200046E-07
   2.40400    0.203523E-07
   2.40600    0.206529E-07
   2.40800    0.208772E-07
   2.41000    0.209972E-07
   2.41200    0.209903E-07
   2.41400    0.208420E-07
   2.41600    0.205471E-07
   2.41800    0.201106E-07
   2.42000    0.195464E-07
   2.42200    0.188757E-07
   2.42400    0.181242E-07
   2.42600    0.173202E-07
   2.42800    0.164918E-07
   2.43000    0.156650E-07
   2.43200    0.148620E-07
   2.43400    0.141005E-07
   2.43600    0.133928E-07
   2.43800    0.127459E-07
   2.44000    0.121619E-07
   2.44200    0.116382E-07
   2.44400    0.111685E-07
   2.44600    0.107432E-07
   2.44800    0.103511E-07
   2.45000    0.997956E-08
   2.45200    0.961625E-08
   2.45400    0.924982E-08
   2.45600    0.887080E-08
   2.45800    0.847243E-08
   2.46000    0.805098E-08
   2.46200    0.760591E-08
   2.46400    0.713970E-08
   2.46600    0.665738E-08
   2.46800    0.616572E-08
   2.47000    0.567252E-08
   2.47200    0.518551E-08
   2.47400    0.471163E-08
   2.47600    0.425645E-08
   2.47800    0.382366E-08
   2.48000    0.341505E-08
   2.48200    0.303071E-08
   2.48400    0.266943E-08
   2.48600    0.232913E-08
   2.48800    0.200746E-08
   2.49000    0.170219E-08
   2.49200    0.141145E-08
   2.49400    0.113378E-08
   2.49600    0.868002E-09
   2.49800    0.612938E-09
   2.50000    0.367064E-09
   2.50200    0.128238E-09
   2.50400   -0.106494E-09
   2.50600   -0.340893E-09
   2.50800   -0.579330E-09
   2.51000   -0.826407E-09
   2.51200   -0.108646E-08
   2.51400   -0.136294E-08
   2.51600   -0.165786E-08
   2.51800   -0.197124E-08
   2.52000   -0.230087E-08
   2.52200   -0.264216E-08
   2.52400   -0.298849E-08
   2.52600   -0.333172E-08
   2.52800   -0.366321E-08
   2.53000   -0.397483E-08
   2.53200   -0.426024E-08
   2.53400   -0.451589E-08
   2.53600   -0.474174E-08
   2.53800   -0.494152E-08
   2.54000   -0.512230E-08
   2.54200   -0.529341E-08
   2.54400   -0.546506E-08
   2.54600   -0.564644E-08
   2.54800   -0.584411E-08
   2.55000   -0.606059E-08
   2.55200   -0.629359E-08
   2.55400   -0.653615E-08
   2.55600   -0.677740E-08
   2.55800   -0.700417E-08
   2.56000   -0.720307E-08
   2.56200   -0.736270E-08
   2.56400   -0.747571E-08
   2.56600   -0.754042E-08
   2.56800   -0.756159E-08
   2.57000   -0.755041E-08
   2.57200   -0.752344E-08
   2.57400   -0.750082E-08
   2.57600   -0.750375E-08
   2.57800   -0.755171E-08
   2.58000   -0.765992E-08
   2.58200   -0.783699E-08
   2.58400   -0.808369E-08
   2.58600   -0.839266E-08
   2.58800   -0.874926E-08
   2.59000   -0.913355E-08
   2.59200   -0.952301E-08
   2.59400   -0.989558E-08
   2.59600   -0.102327E-07
   2.59800   -0.105218E-07
   2.60000   -0.107574E-07
   2.60200   -0.109418E-07
   2.60400   -0.110840E-07
   2.60600   -0.111978E-07
   2.60800   -0.112993E-07
   2.61000   -0.114042E-07
   2.61200   -0.115256E-07
   2.61400   -0.116721E-07
   2.61600   -0.118469E-07
   2.61800   -0.120482E-07
   2.62000   -0.122700E-07
   2.62200   -0.125039E-07
   2.62400   -0.127414E-07
   2.62600   -0.129750E-07
   2.62800   -0.132002E-07
   2.63000   -0.134161E-07
   2.63200   -0.136253E-07
   2.63400   -0.138329E-07
   2.63600   -0.140458E-07
   2.63800   -0.142704E-07
   2.64000   -0.145114E-07
   2.64200   -0.147710E-07
   2.64400   -0.150474E-07
   2.64600   -0.153358E-07
   2.64800   -0.156282E-07
   2.65000   -0.159153E-07
   2.65200   -0.161876E-07
   2.65400   -0.164368E-07
   2.65600   -0.166574E-07
   2.65800   -0.168472E-07
   2.66000   -0.170079E-07
   2.66200   -0.171446E-07
   2.66400   -0.172650E-07
   2.66600   -0.173782E-07
   2.66800   -0.174935E-07
   2.67000   -0.176190E-07
   2.67200   -0.177606E-07
   2.67400   -0.179212E-07
   2.67600   -0.181006E-07
   2.67800   -0.182957E-07
   2.68000   -0.185015E-07
   2.68200   -0.187115E-07
   2.68400   -0.189188E-07
   2.68600   -0.191171E-07
   2.68800   -0.193013E-07
   2.69000   -0.194678E-07
   2.69200   -0.196146E-07
   2.69400   -0.197416E-07
   2.69600   -0.198502E-07
   2.69800   -0.199433E-07
   2.70000   -0.200249E-07
   2.70200   -0.201001E-07
   2.70400   -0.201744E-07
   2.70600   -0.202537E-07
   2.70800   -0.203432E-07
   2.71000   -0.204471E-07
   2.71200   -0.205680E-07
   2.71400   -0.207061E-07
   2.71600   -0.208591E-07
   2.71800   -0.210227E-07
   2.72000   -0.211908E-07
   2.72200   -0.213565E-07
   2.72400   -0.215137E-07
   2.72600   -0.216580E-07
   2.72800   -0.217879E-07
   2.73000   -0.219051E-07
   2.73200   -0.220148E-07
   2.73400   -0.221252E-07
   2.73600   -0.222459E-07
   2.73800   -0.223867E-07
   2.74000   -0.225563E-07
   2.74200   -0.227604E-07
   2.74400   -0.230012E-07
   2.74600   -0.232772E-07
   2.74800   -0.235831E-07
   2.75000   -0.239110E-07
   2.75200   -0.242517E-07
   2.75400   -0.245957E-07
   2.75600   -0.249345E-07
   2.75800   -0.252618E-07
   2.76000   -0.255737E-07
   2.76200   -0.258689E-07
   2.76400   -0.261487E-07
   2.76600   -0.264165E-07
   2.76800   -0.266778E-07
   2.77000   -0.269395E-07
   2.77200   -0.272099E-07
   2.77400   -0.274990E-07
   2.77600   -0.278177E-07
   2.77800   -0.281785E-07
   2.78000   -0.285944E-07
   2.78200   -0.290788E-07
   2.78400   -0.296452E-07
   2.78600   -0.303053E-07
   2.78800   -0.310686E-07
   2.79000   -0.319437E-07
   2.79200   -0.329361E-07
   2.79400   -0.340495E-07
   2.79600   -0.352869E-07
   2.79800   -0.366518E-07
   2.80000   -0.381503E-07
   2.80200   -0.397922E-07
   2.80400   -0.415924E-07
   2.80600   -0.435703E-07
   2.80800   -0.457477E-07
   2.81000   -0.481445E-07
   2.81200   -0.507719E-07
   2.81400   -0.536226E-07
   2.81600   -0.566600E-07
   2.81800   -0.598065E-07
   2.82000   -0.629332E-07
   2.82200   -0.658529E-07
   2.82400   -0.683198E-07
   2.82600   -0.700373E-07
   2.82800   -0.706748E-07
   2.83000   -0.698951E-07
   2.83200   -0.673895E-07
   2.83400   -0.629168E-07
   2.83600   -0.563416E-07
   2.83800   -0.476661E-07
   2.84000   -0.370485E-07
   2.84200   -0.248041E-07
   2.84400   -0.113874E-07
   2.84600    0.264456E-08
   2.84800    0.166825E-07
   2.85000    0.301232E-07
   2.85200    0.424259E-07
   2.85400    0.531609E-07
   2.85600    0.620422E-07
   2.85800    0.689416E-07
   2.86000    0.738836E-07
   2.86200    0.770234E-07
   2.86400    0.786134E-07
   2.86600    0.789646E-07
   2.86800    0.784074E-07
   2.87000    0.772585E-07
   2.87200    0.757954E-07
   2.87400    0.742419E-07
   2.87600    0.727616E-07
   2.87800    0.714599E-07
   2.88000    0.703916E-07
   2.88200    0.695713E-07
   2.88400    0.689846E-07
   2.88600    0.686001E-07
   2.88800    0.683782E-07
   2.89000    0.682788E-07
   2.89200    0.682670E-07
   2.89400    0.683157E-07
   2.89600    0.684078E-07
   2.89800    0.685361E-07
   2.90000    0.687026E-07
   2.90200    0.689172E-07
   2.90400    0.691962E-07
   2.90600    0.695604E-07
   2.90800    0.700337E-07
   2.91000    0.706410E-07
   2.91200    0.714089E-07
   2.91400    0.723598E-07
   2.91600    0.735117E-07
   2.91800    0.748743E-07
   2.92000    0.764444E-07
   2.92200    0.782018E-07
   2.92400    0.801057E-07
   2.92600    0.820915E-07
   2.92800    0.840714E-07
   2.93000    0.859373E-07
   2.93200    0.875675E-07
   2.93400    0.888359E-07
   2.93600    0.896248E-07
   2.93800    0.898380E-07
   2.94000    0.894117E-07
   2.94200    0.883239E-07
   2.94400    0.865984E-07
   2.94600    0.843040E-07
   2.94800    0.815480E-07
   2.95000    0.784654E-07
   2.95200    0.752063E-07
   2.95400    0.719217E-07
   2.95600    0.687507E-07
   2.95800    0.658111E-07
   2.96000    0.631930E-07
   2.96200    0.609565E-07
   2.96400    0.591328E-07
   2.96600    0.577279E-07
   2.96800    0.567264E-07
   2.97000    0.560966E-07
   2.97200    0.557941E-07
   2.97400    0.557636E-07
   2.97600    0.559412E-07
   2.97800    0.562540E-07
   2.98000    0.566218E-07
   2.98200    0.569585E-07
   2.98400    0.571754E-07
   2.98600    0.571862E-07
   2.98800    0.569134E-07
   2.99000    0.562946E-07
   2.99200    0.552893E-07
   2.99400    0.538828E-07
   2.99600    0.520885E-07
   2.99800    0.499465E-07
   3.00000    0.475196E-07
   3.00200    0.448866E-07
   3.00400    0.421348E-07
   3.00600    0.393516E-07
   3.00800    0.366177E-07
   3.01000    0.340015E-07
   3.01200    0.315565E-07
   3.01400    0.293194E-07
   3.01600    0.273114E-07
   3.01800    0.255397E-07
   3.02000    0.239999E-07
   3.02200    0.226790E-07
   3.02400    0.215574E-07
   3.02600    0.206115E-07
   3.02800    0.198150E-07
   3.03000    0.191403E-07
   3.03200    0.185601E-07
   3.03400    0.180479E-07
   3.03600    0.175794E-07
   3.03800    0.171329E-07
   3.04000    0.166905E-07
   3.04200    0.162388E-07
   3.04400    0.157689E-07
   3.04600    0.152774E-07
   3.04800    0.147657E-07
   3.05000    0.142401E-07
   3.05200    0.137102E-07
   3.05400    0.131887E-07
   3.05600    0.126894E-07
   3.05800    0.122249E-07
   3.06000    0.118051E-07
   3.06200    0.114362E-07
   3.06400    0.111189E-07
   3.06600    0.108481E-07
   3.06800    0.106138E-07
   3.07000    0.104018E-07
   3.07200    0.101959E-07
   3.07400    0.997984E-08
   3.07600    0.973996E-08
   3.07800    0.946688E-08
   3.08000    0.915679E-08
   3.08200    0.881184E-08
   3.08400    0.843930E-08
   3.08600    0.805007E-08
   3.08800    0.765636E-08
   3.09000    0.726927E-08
   3.09200    0.689640E-08
   3.09400    0.654004E-08
   3.09600    0.619620E-08
   3.09800    0.585469E-08
   3.10000    0.550009E-08
   3.10200    0.511324E-08
   3.10400    0.467401E-08
   3.10600    0.416415E-08
   3.10800    0.356716E-08
   3.11000    0.287267E-08
   3.11200    0.207589E-08
   3.11400    0.117781E-08
   3.11600    0.184255E-09
   3.11800   -0.895837E-09
   3.12000   -0.205256E-08
   3.12200   -0.327721E-08
   3.12400   -0.456421E-08
   3.12600   -0.591197E-08
   3.12800   -0.732252E-08
   3.13000   -0.879949E-08
   3.13200   -0.103444E-07
   3.13400   -0.119515E-07
   3.13600   -0.136016E-07
   3.13800   -0.152564E-07
   3.14000   -0.168538E-07
   3.14200   -0.183054E-07
   3.14400   -0.194989E-07
   3.14600   -0.203033E-07
   3.14800   -0.205803E-07
   3.15000   -0.201982E-07
   3.15200   -0.190486E-07
   3.15400   -0.170630E-07
   3.15600   -0.142260E-07
   3.15800   -0.105835E-07
   3.16000   -0.624361E-08
   3.16200   -0.136903E-08
   3.16400    0.383716E-08
   3.16600    0.915175E-08
   3.16800    0.143538E-07
   3.17000    0.192460E-07
   3.17200    0.236724E-07
   3.17400    0.275287E-07
   3.17600    0.307661E-07
   3.17800    0.333879E-07
   3.18000    0.354397E-07
   3.18200    0.369970E-07
   3.18400    0.381513E-07
   3.18600    0.389969E-07
   3.18800    0.396211E-07
   3.19000    0.400969E-07
   3.19200    0.404791E-07
   3.19400    0.408039E-07
   3.19600    0.410911E-07
   3.19800    0.413469E-07
   3.20000    0.415688E-07
   3.20200    0.417496E-07
   3.20400    0.418838E-07
   3.20600    0.419697E-07
   3.20800    0.420135E-07
   3.21000    0.420315E-07
   3.21200    0.420503E-07
   3.21400    0.421059E-07
   3.21600    0.422412E-07
   3.21800    0.425009E-07
   3.22000    0.429279E-07
   3.22200    0.435572E-07
   3.22400    0.444090E-07
   3.22600    0.454849E-07
   3.22800    0.467621E-07
   3.23000    0.481956E-07
   3.23200    0.497135E-07
   3.23400    0.512245E-07
   3.23600    0.526223E-07
   3.23800    0.537992E-07
   3.24000    0.546571E-07
   3.24200    0.551243E-07
   3.24400    0.551717E-07
   3.24600    0.548281E-07
   3.24800    0.541906E-07
   3.25000    0.534303E-07
   3.25200    0.527877E-07
   3.25400    0.525608E-07
   3.25600    0.530816E-07
   3.25800    0.546864E-07
   3.26000    0.576792E-07
   3.26200    0.622945E-07
   3.26400    0.686604E-07
   3.26600    0.767689E-07
   3.26800    0.864531E-07
   3.27000    0.973771E-07
   3.27200    0.109038E-06
   3.27400    0.120782E-06
   3.27600    0.131835E-06
   3.27800    0.141352E-06
   3.28000    0.148470E-06
   3.28200    0.152384E-06
   3.28400    0.152416E-06
   3.28600    0.148087E-06
   3.28800    0.139181E-06
   3.29000    0.125781E-06
   3.29200    0.108283E-06
   3.29400    0.873767E-07
   3.29600    0.639918E-07
   3.29800    0.392211E-07
   3.30000    0.142231E-07
   3.30200   -0.987957E-08
   3.30400   -0.320938E-07
   3.30600   -0.516300E-07
   3.30800   -0.679483E-07
   3.31000   -0.807750E-07
   3.31200   -0.900883E-07
   3.31400   -0.960810E-07
   3.31600   -0.991078E-07
   3.31800   -0.996267E-07
   3.32000   -0.981409E-07
   3.32200   -0.951511E-07
   3.32400   -0.911175E-07
   3.32600   -0.864388E-07
   3.32800   -0.814386E-07
   3.33000   -0.763658E-07
   3.33200   -0.714014E-07
   3.33400   -0.666682E-07
   3.33600   -0.622423E-07
   3.33800   -0.581653E-07
   3.34000   -0.544531E-07
   3.34200   -0.511053E-07
   3.34400   -0.481094E-07
   3.34600   -0.454447E-07
   3.34800   -0.430857E-07
   3.35000   -0.410025E-07
   3.35200   -0.391637E-07
   3.35400   -0.375354E-07
   3.35600   -0.360836E-07
   3.35800   -0.347747E-07
   3.36000   -0.335790E-07
   3.36200   -0.324695E-07
   3.36400   -0.314249E-07
   3.36600   -0.304296E-07
   3.36800   -0.294749E-07
   3.37000   -0.285578E-07
   3.37200   -0.276807E-07
   3.37400   -0.268497E-07
   3.37600   -0.260730E-07
   3.37800   -0.253588E-07
   3.38000   -0.247137E-07
   3.38200   -0.241415E-07
   3.38400   -0.236420E-07
   3.38600   -0.232110E-07
   3.38800   -0.228408E-07
   3.39000   -0.225206E-07
   3.39200   -0.222385E-07
   3.39400   -0.219820E-07
   3.39600   -0.217398E-07
   3.39800   -0.215028E-07
   3.40000   -0.212646E-07
   3.40200   -0.210220E-07
   3.40400   -0.207750E-07
   3.40600   -0.205255E-07
   3.40800   -0.202776E-07
   3.41000   -0.200358E-07
   3.41200   -0.198049E-07
   3.41400   -0.195890E-07
   3.41600   -0.193916E-07
   3.41800   -0.192153E-07
   3.42000   -0.190621E-07
   3.42200   -0.189335E-07
   3.42400   -0.188312E-07
   3.42600   -0.187569E-07
   3.42800   -0.187128E-07
   3.43000   -0.187012E-07
   3.43200   -0.187246E-07
   3.43400   -0.187854E-07
   3.43600   -0.188862E-07
   3.43800   -0.190294E-07
   3.44000   -0.192174E-07
   3.44200   -0.194527E-07
   3.44400   -0.197377E-07
   3.44600   -0.200750E-07
   3.44800   -0.204667E-07
   3.45000   -0.209146E-07
   3.45200   -0.214193E-07
   3.45400   -0.219799E-07
   3.45600   -0.225940E-07
   3.45800   -0.232572E-07
   3.46000   -0.239632E-07
   3.46200   -0.247042E-07
   3.46400   -0.254710E-07
   3.46600   -0.262540E-07
   3.46800   -0.270433E-07
   3.47000   -0.278297E-07
   3.47200   -0.286044E-07
   3.47400   -0.293599E-07
   3.47600   -0.300894E-07
   3.47800   -0.307866E-07
   3.48000   -0.314456E-07
   3.48200   -0.320601E-07
   3.48400   -0.326226E-07
   3.48600   -0.331242E-07
   3.48800   -0.335537E-07
   3.49000   -0.338964E-07
   3.49200   -0.341341E-07
   3.49400   -0.342440E-07
   3.49600   -0.341984E-07
   3.49800   -0.339650E-07
   3.50000   -0.335069E-07
   3.50200   -0.327842E-07
   3.50400   -0.317554E-07
   3.50600   -0.303804E-07
   3.50800   -0.286230E-07
   3.51000   -0.264543E-07
   3.51200   -0.238560E-07
   3.51400   -0.208225E-07
   3.51600   -0.173633E-07
   3.51800   -0.135035E-07
   3.52000   -0.928338E-08
   3.52200   -0.475703E-08
   3.52400    0.102969E-10
   3.52600    0.494550E-08
   3.52800    0.997132E-08
   3.53000    0.150102E-07
   3.53200    0.199880E-07
   3.53400    0.248375E-07
   3.53600    0.295007E-07
   3.53800    0.339321E-07
   3.54000    0.380965E-07
   3.54200    0.419764E-07
   3.54400    0.455669E-07
   3.54600    0.488775E-07
   3.54800    0.519315E-07
   3.55000    0.547645E-07
   3.55200    0.574234E-07
   3.55400    0.599636E-07
   3.55600    0.624461E-07
   3.55800    0.649340E-07
   3.56000    0.674871E-07
   3.56200    0.701553E-07
   3.56400    0.729708E-07
   3.56600    0.759387E-07
   3.56800    0.790265E-07
   3.57000    0.821546E-07
   3.57200    0.851876E-07
   3.57400    0.879299E-07
   3.57600    0.901275E-07
   3.57800    0.914778E-07
   3.58000    0.916490E-07
   3.58200    0.903094E-07
   3.58400    0.871642E-07
   3.58600    0.819967E-07
   3.58800    0.747083E-07
   3.59000    0.653501E-07
   3.59200    0.541405E-07
   3.59400    0.414639E-07
   3.59600    0.278479E-07
   3.59800    0.139198E-07
   3.60000    0.349162E-09
   3.60200   -0.122178E-07
   3.60400   -0.232214E-07
   3.60600   -0.322397E-07
   3.60800   -0.390220E-07
   3.61000   -0.434988E-07
   3.61200   -0.457700E-07
   3.61400   -0.460735E-07
   3.61600   -0.447426E-07
   3.61800   -0.421577E-07
   3.62000   -0.387021E-07
   3.62200   -0.347259E-07
   3.62400   -0.305228E-07
   3.62600   -0.263189E-07
   3.62800   -0.222741E-07
   3.63000   -0.184909E-07
   3.63200   -0.150275E-07
   3.63400   -0.119119E-07
   3.63600   -0.915305E-08
   3.63800   -0.674929E-08
   3.64000   -0.469195E-08
   3.64200   -0.296606E-08
   3.64400   -0.154919E-08
   3.64600   -0.410177E-09
   3.64800    0.491116E-09
   3.65000    0.120224E-08
   3.65200    0.177456E-08
   3.65400    0.225836E-08
   3.65600    0.269757E-08
   3.65800    0.312544E-08
   3.66000    0.356119E-08
   3.66200    0.401175E-08
   3.66400    0.446810E-08
   3.66600    0.491596E-08
   3.66800    0.533690E-08
   3.67000    0.571424E-08
   3.67200    0.603766E-08
   3.67400    0.630588E-08
   3.67600    0.652734E-08
   3.67800    0.671881E-08
   3.68000    0.690236E-08
   3.68200    0.710108E-08
   3.68400    0.733480E-08
   3.68600    0.761640E-08
   3.68800    0.794922E-08
   3.69000    0.832654E-08
   3.69200    0.873258E-08
   3.69400    0.914519E-08
   3.69600    0.953968E-08
   3.69800    0.989287E-08
   3.70000    0.101869E-07
   3.70200    0.104121E-07
   3.70400    0.105685E-07
   3.70600    0.106653E-07
   3.70800    0.107195E-07
   3.71000    0.107528E-07
   3.71200    0.107879E-07
   3.71400    0.108449E-07
   3.71600    0.109380E-07
   3.71800    0.110736E-07
   3.72000    0.112489E-07
   3.72200    0.114528E-07
   3.72400    0.116674E-07
   3.72600    0.118710E-07
   3.72800    0.120413E-07
   3.73000    0.121588E-07
   3.73200    0.122099E-07
   3.73400    0.121891E-07
   3.73600    0.121002E-07
   3.73800    0.119557E-07
   3.74000    0.117761E-07
   3.74200    0.115869E-07
   3.74400    0.114157E-07
   3.74600    0.112888E-07
   3.74800    0.112281E-07
   3.75000    0.112481E-07
   3.75200    0.113544E-07
   3.75400    0.115431E-07
   3.75600    0.118012E-07
   3.75800    0.121083E-07
   3.76000    0.124384E-07
   3.76200    0.127633E-07
   3.76400    0.130552E-07
   3.76600    0.132893E-07
   3.76800    0.134464E-07
   3.77000    0.135142E-07
   3.77200    0.134881E-07
   3.77400    0.133716E-07
   3.77600    0.131757E-07
   3.77800    0.129174E-07
   3.78000    0.126186E-07
   3.78200    0.123040E-07
   3.78400    0.119993E-07
   3.78600    0.117290E-07
   3.78800    0.115146E-07
   3.79000    0.113727E-07
   3.79200    0.113141E-07
   3.79400    0.113423E-07
   3.79600    0.114536E-07
   3.79800    0.116370E-07
   3.80000    0.118754E-07
   3.80200    0.121469E-07
   3.80400    0.124267E-07
   3.80600    0.126893E-07
   3.80800    0.129106E-07
   3.81000    0.130699E-07
   3.81200    0.131513E-07
   3.81400    0.131449E-07
   3.81600    0.130469E-07
   3.81800    0.128596E-07
   3.82000    0.125908E-07
   3.82200    0.122526E-07
   3.82400    0.118606E-07
   3.82600    0.114326E-07
   3.82800    0.109876E-07
   3.83000    0.105447E-07
   3.83200    0.101225E-07
   3.83400    0.973796E-08
   3.83600    0.940586E-08
   3.83800    0.913793E-08
   3.84000    0.894214E-08
   3.84200    0.882205E-08
   3.84400    0.877638E-08
   3.84600    0.879891E-08
   3.84800    0.887873E-08
   3.85000    0.900096E-08
   3.85200    0.914788E-08
   3.85400    0.930041E-08
   3.85600    0.943966E-08
   3.85800    0.954851E-08
   3.86000    0.961299E-08
   3.86200    0.962328E-08
   3.86400    0.957427E-08
   3.86600    0.946568E-08
   3.86800    0.930181E-08
   3.87000    0.909089E-08
   3.87200    0.884425E-08
   3.87400    0.857542E-08
   3.87600    0.829908E-08
   3.87800    0.803016E-08
   3.88000    0.778289E-08
   3.88200    0.757000E-08
   3.88400    0.740197E-08
   3.88600    0.728643E-08
   3.88800    0.722768E-08
   3.89000    0.722638E-08
   3.89200    0.727945E-08
   3.89400    0.738016E-08
   3.89600    0.751854E-08
   3.89800    0.768195E-08
   3.90000    0.785596E-08
   3.90200    0.802535E-08
   3.90400    0.817518E-08
   3.90600    0.829195E-08
   3.90800    0.836453E-08
   3.91000    0.838493E-08
   3.91200    0.834872E-08
   3.91400    0.825521E-08
   3.91600    0.810717E-08
   3.91800    0.791034E-08
   3.92000    0.767273E-08
   3.92200    0.740379E-08
   3.92400    0.711361E-08
   3.92600    0.681219E-08
   3.92800    0.650885E-08
   3.93000    0.621192E-08
   3.93200    0.592848E-08
   3.93400    0.566447E-08
   3.93600    0.542470E-08
   3.93800    0.521306E-08
   3.94000    0.503266E-08
   3.94200    0.488581E-08
   3.94400    0.477396E-08
   3.94600    0.469742E-08
   3.94800    0.465502E-08
   3.95000    0.464369E-08
   3.95200    0.465817E-08
   3.95400    0.469090E-08
   3.95600    0.473219E-08
   3.95800    0.477080E-08
   3.96000    0.479481E-08
   3.96200    0.479275E-08
   3.96400    0.475485E-08
   3.96600    0.467419E-08
   3.96800    0.454752E-08
   3.97000    0.437567E-08
   3.97200    0.416336E-08
   3.97400    0.391854E-08
   3.97600    0.365129E-08
   3.97800    0.337253E-08
   3.98000    0.309267E-08
   3.98200    0.282050E-08
   3.98400    0.256245E-08
   3.98600    0.232229E-08
   3.98800    0.210125E-08
   3.99000    0.189853E-08
   3.99200    0.171196E-08
   3.99400    0.153883E-08
   3.99600    0.137646E-08
   3.99800    0.122280E-08
   4.00000    0.107663E-08
