   0.00000    0.000000E+00
   0.00200    0.000000E+00
   0.00400    0.000000E+00
   0.00600    0.000000E+00
   0.00800    0.000000E+00
   0.01000    0.000000E+00
   0.01200    0.000000E+00
   0.01400    0.000000E+00
   0.01600    0.000000E+00
   0.01800    0.000000E+00
   0.02000    0.000000E+00
   0.02200    0.000000E+00
   0.02400    0.000000E+00
   0.02600   -0.423202E-11
   0.02800   -0.125884E-10
   0.03000   -0.273240E-10
   0.03200   -0.550055E-10
   0.03400   -0.107362E-09
   0.03600   -0.204058E-09
   0.03800   -0.378174E-09
   0.04000   -0.683738E-09
   0.04200   -0.120644E-08
   0.04400   -0.207777E-08
   0.04600   -0.349278E-08
   0.04800   -0.573098E-08
   0.05000   -0.917858E-08
   0.05200   -0.143488E-07
   0.05400   -0.218958E-07
   0.05600   -0.326155E-07
   0.05800   -0.474257E-07
   0.06000   -0.673197E-07
   0.06200   -0.932876E-07
   0.06400   -0.126204E-06
   0.06600   -0.166687E-06
   0.06800   -0.214946E-06
   0.07000   -0.270628E-06
   0.07200   -0.332703E-06
   0.07400   -0.399396E-06
   0.07600   -0.468209E-06
   0.07800   -0.536040E-06
   0.08000   -0.599393E-06
   0.08200   -0.654676E-06
   0.08400   -0.698538E-06
   0.08600   -0.728218E-06
   0.08800   -0.741842E-06
   0.09000   -0.738630E-06
   0.09200   -0.718975E-06
   0.09400   -0.684395E-06
   0.09600   -0.637346E-06
   0.09800   -0.580950E-06
   0.10000   -0.518667E-06
   0.10200   -0.453952E-06
   0.10400   -0.389965E-06
   0.10600   -0.329342E-06
   0.10800   -0.274060E-06
   0.11000   -0.225390E-06
   0.11200   -0.183932E-06
   0.11400   -0.149706E-06
   0.11600   -0.122278E-06
   0.11800   -0.100900E-06
   0.12000   -0.846428E-07
   0.12200   -0.725081E-07
   0.12400   -0.635188E-07
   0.12600   -0.567816E-07
   0.12800   -0.515252E-07
   0.13000   -0.471200E-07
   0.13200   -0.430807E-07
   0.13400   -0.390600E-07
   0.13600   -0.348340E-07
   0.13800   -0.302851E-07
   0.14000   -0.253831E-07
   0.14200   -0.201663E-07
   0.14400   -0.147241E-07
   0.14600   -0.918103E-08
   0.14800   -0.368066E-08
   0.15000    0.162028E-08
   0.15200    0.657146E-08
   0.15400    0.110373E-07
   0.15600    0.149036E-07
   0.15800    0.180844E-07
   0.16000    0.205285E-07
   0.16200    0.222218E-07
   0.16400    0.231885E-07
   0.16600    0.234888E-07
   0.16800    0.232146E-07
   0.17000    0.224825E-07
   0.17200    0.214258E-07
   0.17400    0.201845E-07
   0.17600    0.188957E-07
   0.17800    0.176847E-07
   0.18000    0.166568E-07
   0.18200    0.158925E-07
   0.18400    0.154447E-07
   0.18600    0.153385E-07
   0.18800    0.155743E-07
   0.19000    0.161321E-07
   0.19200    0.169770E-07
   0.19400    0.180648E-07
   0.19600    0.193470E-07
   0.19800    0.207746E-07
   0.20000    0.223003E-07
   0.20200    0.238792E-07
   0.20400    0.254679E-07
   0.20600    0.270236E-07
   0.20800    0.285023E-07
   0.21000    0.298582E-07
   0.21200    0.310438E-07
   0.21400    0.320114E-07
   0.21600    0.327162E-07
   0.21800    0.331200E-07
   0.22000    0.331958E-07
   0.22200    0.329320E-07
   0.22400    0.323359E-07
   0.22600    0.314353E-07
   0.22800    0.302781E-07
   0.23000    0.289300E-07
   0.23200    0.274695E-07
   0.23400    0.259826E-07
   0.23600    0.245557E-07
   0.23800    0.232701E-07
   0.24000    0.221957E-07
   0.24200    0.213881E-07
   0.24400    0.208862E-07
   0.24600    0.207116E-07
   0.24800    0.208692E-07
   0.25000    0.213489E-07
   0.25200    0.221268E-07
   0.25400    0.231665E-07
   0.25600    0.244201E-07
   0.25800    0.258289E-07
   0.26000    0.273243E-07
   0.26200    0.288291E-07
   0.26400    0.302606E-07
   0.26600    0.315341E-07
   0.26800    0.325683E-07
   0.27000    0.332922E-07
   0.27200    0.336512E-07
   0.27400    0.336140E-07
   0.27600    0.331775E-07
   0.27800    0.323687E-07
   0.28000    0.312449E-07
   0.28200    0.298902E-07
   0.28400    0.284092E-07
   0.28600    0.269189E-07
   0.28800    0.255389E-07
   0.29000    0.243822E-07
   0.29200    0.235457E-07
   0.29400    0.231032E-07
   0.29600    0.231000E-07
   0.29800    0.235494E-07
   0.30000    0.244322E-07
   0.30200    0.256974E-07
   0.30400    0.272658E-07
   0.30600    0.290354E-07
   0.30800    0.308879E-07
   0.31000    0.326971E-07
   0.31200    0.343383E-07
   0.31400    0.356978E-07
   0.31600    0.366823E-07
   0.31800    0.372268E-07
   0.32000    0.373003E-07
   0.32200    0.369089E-07
   0.32400    0.360952E-07
   0.32600    0.349347E-07
   0.32800    0.335295E-07
   0.33000    0.319993E-07
   0.33200    0.304723E-07
   0.33400    0.290743E-07
   0.33600    0.279202E-07
   0.33800    0.271054E-07
   0.34000    0.266995E-07
   0.34200    0.267422E-07
   0.34400    0.272406E-07
   0.34600    0.281689E-07
   0.34800    0.294698E-07
   0.35000    0.310579E-07
   0.35200    0.328258E-07
   0.35400    0.346512E-07
   0.35600    0.364058E-07
   0.35800    0.379658E-07
   0.36000    0.392218E-07
   0.36200    0.400884E-07
   0.36400    0.405113E-07
   0.36600    0.404728E-07
   0.36800    0.399926E-07
   0.37000    0.391266E-07
   0.37200    0.379613E-07
   0.37400    0.366067E-07
   0.37600    0.351868E-07
   0.37800    0.338294E-07
   0.38000    0.326565E-07
   0.38200    0.317748E-07
   0.38400    0.312677E-07
   0.38600    0.311891E-07
   0.38800    0.315588E-07
   0.39000    0.323598E-07
   0.39200    0.335396E-07
   0.39400    0.350122E-07
   0.39600    0.366644E-07
   0.39800    0.383648E-07
   0.40000    0.399749E-07
   0.40200    0.413614E-07
   0.40400    0.424094E-07
   0.40600    0.430337E-07
   0.40800    0.431874E-07
   0.41000    0.428668E-07
   0.41200    0.421114E-07
   0.41400    0.409989E-07
   0.41600    0.396374E-07
   0.41800    0.381536E-07
   0.42000    0.366802E-07
   0.42200    0.353437E-07
   0.42400    0.342533E-07
   0.42600    0.334925E-07
   0.42800    0.331133E-07
   0.43000    0.331338E-07
   0.43200    0.335386E-07
   0.43400    0.342819E-07
   0.43600    0.352919E-07
   0.43800    0.364785E-07
   0.44000    0.377405E-07
   0.44200    0.389748E-07
   0.44400    0.400841E-07
   0.44600    0.409855E-07
   0.44800    0.416158E-07
   0.45000    0.419355E-07
   0.45200    0.419308E-07
   0.45400    0.416126E-07
   0.45600    0.410136E-07
   0.45800    0.401843E-07
   0.46000    0.391884E-07
   0.46200    0.380982E-07
   0.46400    0.369898E-07
   0.46600    0.359402E-07
   0.46800    0.350228E-07
   0.47000    0.343048E-07
   0.47200    0.338427E-07
   0.47400    0.336781E-07
   0.47600    0.338332E-07
   0.47800    0.343063E-07
   0.48000    0.350692E-07
   0.48200    0.360655E-07
   0.48400    0.372132E-07
   0.48600    0.384095E-07
   0.48800    0.395393E-07
   0.49000    0.404863E-07
   0.49200    0.411448E-07
   0.49400    0.414316E-07
   0.49600    0.412961E-07
   0.49800    0.407267E-07
   0.50000    0.397532E-07
   0.50200    0.384448E-07
   0.50400    0.369034E-07
   0.50600    0.352537E-07
   0.50800    0.336304E-07
   0.51000    0.321654E-07
   0.51200    0.309747E-07
   0.51400    0.301470E-07
   0.51600    0.297361E-07
   0.51800    0.297560E-07
   0.52000    0.301798E-07
   0.52200    0.309434E-07
   0.52400    0.319517E-07
   0.52600    0.330873E-07
   0.52800    0.342224E-07
   0.53000    0.352296E-07
   0.53200    0.359937E-07
   0.53400    0.364211E-07
   0.53600    0.364478E-07
   0.53800    0.360436E-07
   0.54000    0.352144E-07
   0.54200    0.340003E-07
   0.54400    0.324717E-07
   0.54600    0.307228E-07
   0.54800    0.288634E-07
   0.55000    0.270095E-07
   0.55200    0.252741E-07
   0.55400    0.237577E-07
   0.55600    0.225397E-07
   0.55800    0.216715E-07
   0.56000    0.211730E-07
   0.56200    0.210271E-07
   0.56400    0.211838E-07
   0.56600    0.215626E-07
   0.56800    0.220573E-07
   0.57000    0.225481E-07
   0.57200    0.229091E-07
   0.57400    0.230161E-07
   0.57600    0.227646E-07
   0.57800    0.220705E-07
   0.58000    0.208808E-07
   0.58200    0.191741E-07
   0.58400    0.169614E-07
   0.58600    0.142813E-07
   0.58800    0.111947E-07
   0.59000    0.777600E-08
   0.59200    0.410558E-08
   0.59400    0.262196E-09
   0.59600   -0.368269E-08
   0.59800   -0.766567E-08
   0.60000   -0.116309E-07
   0.60200   -0.155241E-07
   0.60400   -0.192855E-07
   0.60600   -0.228416E-07
   0.60800   -0.261003E-07
   0.61000   -0.289500E-07
   0.61200   -0.312641E-07
   0.61400   -0.329159E-07
   0.61600   -0.337971E-07
   0.61800   -0.338412E-07
   0.62000   -0.330456E-07
   0.62200   -0.314871E-07
   0.62400   -0.293259E-07
   0.62600   -0.267956E-07
   0.62800   -0.241775E-07
   0.63000   -0.217628E-07
   0.63200   -0.198101E-07
   0.63400   -0.185032E-07
   0.63600   -0.179215E-07
   0.63800   -0.180249E-07
   0.64000   -0.186611E-07
   0.64200   -0.195899E-07
   0.64400   -0.205241E-07
   0.64600   -0.211750E-07
   0.64800   -0.212980E-07
   0.65000   -0.207276E-07
   0.65200   -0.193972E-07
   0.65400   -0.173424E-07
   0.65600   -0.146878E-07
   0.65800   -0.116224E-07
   0.66000   -0.836821E-08
   0.66200   -0.514823E-08
   0.66400   -0.215889E-08
   0.66600    0.450012E-09
   0.66800    0.258619E-08
   0.67000    0.421682E-08
   0.67200    0.536322E-08
   0.67400    0.608913E-08
   0.67600    0.648721E-08
   0.67800    0.666389E-08
   0.68000    0.672527E-08
   0.68200    0.676472E-08
   0.68400    0.685628E-08
   0.68600    0.704640E-08
   0.68800    0.735343E-08
   0.69000    0.777003E-08
   0.69200    0.826422E-08
   0.69400    0.878807E-08
   0.69600    0.928553E-08
   0.69800    0.969377E-08
   0.70000    0.995912E-08
   0.70200    0.100380E-07
   0.70400    0.990544E-08
   0.70600    0.955762E-08
   0.70800    0.901439E-08
   0.71000    0.831731E-08
   0.71200    0.752707E-08
   0.71400    0.671732E-08
   0.71600    0.596705E-08
   0.71800    0.535253E-08
   0.72000    0.493714E-08
   0.72200    0.476511E-08
   0.72400    0.485461E-08
   0.72600    0.519537E-08
   0.72800    0.574916E-08
   0.73000    0.645388E-08
   0.73200    0.723056E-08
   0.73400    0.799166E-08
   0.73600    0.865193E-08
   0.73800    0.913680E-08
   0.74000    0.939057E-08
   0.74200    0.938135E-08
   0.74400    0.910325E-08
   0.74600    0.857544E-08
   0.74800    0.783894E-08
   0.75000    0.695101E-08
   0.75200    0.597903E-08
   0.75400    0.499408E-08
   0.75600    0.406476E-08
   0.75800    0.325202E-08
   0.76000    0.260499E-08
   0.76200    0.215789E-08
   0.76400    0.192774E-08
   0.76600    0.191346E-08
   0.76800    0.209579E-08
   0.77000    0.243875E-08
   0.77200    0.289214E-08
   0.77400    0.339555E-08
   0.77600    0.388371E-08
   0.77800    0.429242E-08
   0.78000    0.456496E-08
   0.78200    0.465798E-08
   0.78400    0.454644E-08
   0.78600    0.422661E-08
   0.78800    0.371715E-08
   0.79000    0.305773E-08
   0.79200    0.230541E-08
   0.79400    0.152904E-08
   0.79600    0.802120E-09
   0.79800    0.194922E-09
   0.80000   -0.233356E-09
   0.80200   -0.441669E-09
   0.80400   -0.412543E-09
   0.80600   -0.155134E-09
   0.80800    0.294607E-09
   0.81000    0.876821E-09
   0.81200    0.151349E-08
   0.81400    0.211658E-08
   0.81600    0.259759E-08
   0.81800    0.287755E-08
   0.82000    0.289615E-08
   0.82200    0.261901E-08
   0.82400    0.204212E-08
   0.82600    0.119294E-08
   0.82800    0.128180E-09
   0.83000   -0.107177E-08
   0.83200   -0.231085E-08
   0.83400   -0.348722E-08
   0.83600   -0.450374E-08
   0.83800   -0.527795E-08
   0.84000   -0.575066E-08
   0.84200   -0.589219E-08
   0.84400   -0.570552E-08
   0.84600   -0.522588E-08
   0.84800   -0.451696E-08
   0.85000   -0.366409E-08
   0.85200   -0.276517E-08
   0.85400   -0.192033E-08
   0.85600   -0.122165E-08
   0.85800   -0.744035E-09
   0.86000   -0.538288E-09
   0.86200   -0.627059E-09
   0.86400   -0.100399E-08
   0.86600   -0.163598E-08
   0.86800   -0.246796E-08
   0.87000   -0.342969E-08
   0.87200   -0.444372E-08
   0.87400   -0.543342E-08
   0.87600   -0.633053E-08
   0.87800   -0.708150E-08
   0.88000   -0.765194E-08
   0.88200   -0.802912E-08
   0.88400   -0.822214E-08
   0.88600   -0.825962E-08
   0.88800   -0.818563E-08
   0.89000   -0.805386E-08
   0.89200   -0.792105E-08
   0.89400   -0.784004E-08
   0.89600   -0.785364E-08
   0.89800   -0.798967E-08
   0.90000   -0.825803E-08
   0.90200   -0.864986E-08
   0.90400   -0.913907E-08
   0.90600   -0.968572E-08
   0.90800   -0.102412E-07
   0.91000   -0.107544E-07
   0.91200   -0.111779E-07
   0.91400   -0.114740E-07
   0.91600   -0.116199E-07
   0.91800   -0.116106E-07
   0.92000   -0.114605E-07
   0.92200   -0.112023E-07
   0.92400   -0.108838E-07
   0.92600   -0.105630E-07
   0.92800   -0.103017E-07
   0.93000   -0.101585E-07
   0.93200   -0.101823E-07
   0.93400   -0.104064E-07
   0.93600   -0.108444E-07
   0.93800   -0.114889E-07
   0.94000   -0.123114E-07
   0.94200   -0.132651E-07
   0.94400   -0.142899E-07
   0.94600   -0.153183E-07
   0.94800   -0.162822E-07
   0.95000   -0.171203E-07
   0.95200   -0.177840E-07
   0.95400   -0.182430E-07
   0.95600   -0.184880E-07
   0.95800   -0.185319E-07
   0.96000   -0.184082E-07
   0.96200   -0.181665E-07
   0.96400   -0.178667E-07
   0.96600   -0.175717E-07
   0.96800   -0.173393E-07
   0.97000   -0.172152E-07
   0.97200   -0.172277E-07
   0.97400   -0.173842E-07
   0.97600   -0.176710E-07
   0.97800   -0.180554E-07
   0.98000   -0.184908E-07
   0.98200   -0.189233E-07
   0.98400   -0.192989E-07
   0.98600   -0.195717E-07
   0.98800   -0.197102E-07
   0.99000   -0.197025E-07
   0.99200   -0.195584E-07
   0.99400   -0.193098E-07
   0.99600   -0.190069E-07
   0.99800   -0.187131E-07
   1.00000   -0.184970E-07
   1.00200   -0.184236E-07
   1.00400   -0.185459E-07
   1.00600   -0.188970E-07
   1.00800   -0.194849E-07
   1.01000   -0.202899E-07
   1.01200   -0.212660E-07
   1.01400   -0.223450E-07
   1.01600   -0.234433E-07
   1.01800   -0.244718E-07
   1.02000   -0.253451E-07
   1.02200   -0.259915E-07
   1.02400   -0.263610E-07
   1.02600   -0.264306E-07
   1.02800   -0.262072E-07
   1.03000   -0.257266E-07
   1.03200   -0.250493E-07
   1.03400   -0.242542E-07
   1.03600   -0.234298E-07
   1.03800   -0.226645E-07
   1.04000   -0.220379E-07
   1.04200   -0.216122E-07
   1.04400   -0.214273E-07
   1.04600   -0.214968E-07
   1.04800   -0.218089E-07
   1.05000   -0.223284E-07
   1.05200   -0.230018E-07
   1.05400   -0.237649E-07
   1.05600   -0.245492E-07
   1.05800   -0.252908E-07
   1.06000   -0.259361E-07
   1.06200   -0.264481E-07
   1.06400   -0.268092E-07
   1.06600   -0.270221E-07
   1.06800   -0.271086E-07
   1.07000   -0.271059E-07
   1.07200   -0.270606E-07
   1.07400   -0.270227E-07
   1.07600   -0.270380E-07
   1.07800   -0.271418E-07
   1.08000   -0.273543E-07
   1.08200   -0.276776E-07
   1.08400   -0.280954E-07
   1.08600   -0.285760E-07
   1.08800   -0.290764E-07
   1.09000   -0.295492E-07
   1.09200   -0.299496E-07
   1.09400   -0.302423E-07
   1.09600   -0.304070E-07
   1.09800   -0.304424E-07
   1.10000   -0.303664E-07
   1.10200   -0.302148E-07
   1.10400   -0.300362E-07
   1.10600   -0.298861E-07
   1.10800   -0.298187E-07
   1.11000   -0.298799E-07
   1.11200   -0.300998E-07
   1.11400   -0.304887E-07
   1.11600   -0.310344E-07
   1.11800   -0.317036E-07
   1.12000   -0.324452E-07
   1.12200   -0.331964E-07
   1.12400   -0.338905E-07
   1.12600   -0.344650E-07
   1.12800   -0.348696E-07
   1.13000   -0.350721E-07
   1.13200   -0.350628E-07
   1.13400   -0.348555E-07
   1.13600   -0.344857E-07
   1.13800   -0.340062E-07
   1.14000   -0.334798E-07
   1.14200   -0.329722E-07
   1.14400   -0.325433E-07
   1.14600   -0.322401E-07
   1.14800   -0.320911E-07
   1.15000   -0.321042E-07
   1.15200   -0.322663E-07
   1.15400   -0.325466E-07
   1.15600   -0.329018E-07
   1.15800   -0.332828E-07
   1.16000   -0.336424E-07
   1.16200   -0.339417E-07
   1.16400   -0.341553E-07
   1.16600   -0.342746E-07
   1.16800   -0.343080E-07
   1.17000   -0.342788E-07
   1.17200   -0.342210E-07
   1.17400   -0.341735E-07
   1.17600   -0.341737E-07
   1.17800   -0.342515E-07
   1.18000   -0.344248E-07
   1.18200   -0.346965E-07
   1.18400   -0.350538E-07
   1.18600   -0.354704E-07
   1.18800   -0.359101E-07
   1.19000   -0.363316E-07
   1.19200   -0.366951E-07
   1.19400   -0.369672E-07
   1.19600   -0.371264E-07
   1.19800   -0.371660E-07
   1.20000   -0.370956E-07
   1.20200   -0.369400E-07
   1.20400   -0.367361E-07
   1.20600   -0.365284E-07
   1.20800   -0.363631E-07
   1.21000   -0.362823E-07
   1.21200   -0.363179E-07
   1.21400   -0.364880E-07
   1.21600   -0.367942E-07
   1.21800   -0.372216E-07
   1.22000   -0.377414E-07
   1.22200   -0.383145E-07
   1.22400   -0.388971E-07
   1.22600   -0.394472E-07
   1.22800   -0.399295E-07
   1.23000   -0.403202E-07
   1.23200   -0.406095E-07
   1.23400   -0.408019E-07
   1.23600   -0.409146E-07
   1.23800   -0.409731E-07
   1.24000   -0.410067E-07
   1.24200   -0.410429E-07
   1.24400   -0.411017E-07
   1.24600   -0.411926E-07
   1.24800   -0.413118E-07
   1.25000   -0.414431E-07
   1.25200   -0.415604E-07
   1.25400   -0.416315E-07
   1.25600   -0.416245E-07
   1.25800   -0.415125E-07
   1.26000   -0.412799E-07
   1.26200   -0.409254E-07
   1.26400   -0.404635E-07
   1.26600   -0.399244E-07
   1.26800   -0.393500E-07
   1.27000   -0.387897E-07
   1.27200   -0.382935E-07
   1.27400   -0.379060E-07
   1.27600   -0.376606E-07
   1.27800   -0.375752E-07
   1.28000   -0.376507E-07
   1.28200   -0.378709E-07
   1.28400   -0.382064E-07
   1.28600   -0.386186E-07
   1.28800   -0.390662E-07
   1.29000   -0.395107E-07
   1.29200   -0.399220E-07
   1.29400   -0.402816E-07
   1.29600   -0.405839E-07
   1.29800   -0.408356E-07
   1.30000   -0.410524E-07
   1.30200   -0.412550E-07
   1.30400   -0.414635E-07
   1.30600   -0.416933E-07
   1.30800   -0.419514E-07
   1.31000   -0.422344E-07
   1.31200   -0.425288E-07
   1.31400   -0.428133E-07
   1.31600   -0.430625E-07
   1.31800   -0.432512E-07
   1.32000   -0.433597E-07
   1.32200   -0.433768E-07
   1.32400   -0.433029E-07
   1.32600   -0.431499E-07
   1.32800   -0.429400E-07
   1.33000   -0.427018E-07
   1.33200   -0.424665E-07
   1.33400   -0.422618E-07
   1.33600   -0.421083E-07
   1.33800   -0.420154E-07
   1.34000   -0.419806E-07
   1.34200   -0.419896E-07
   1.34400   -0.420197E-07
   1.34600   -0.420441E-07
   1.34800   -0.420375E-07
   1.35000   -0.419819E-07
   1.35200   -0.418703E-07
   1.35400   -0.417100E-07
   1.35600   -0.415222E-07
   1.35800   -0.413396E-07
   1.36000   -0.412021E-07
   1.36200   -0.411497E-07
   1.36400   -0.412163E-07
   1.36600   -0.414229E-07
   1.36800   -0.417735E-07
   1.37000   -0.422522E-07
   1.37200   -0.428252E-07
   1.37400   -0.434437E-07
   1.37600   -0.440507E-07
   1.37800   -0.445884E-07
   1.38000   -0.450062E-07
   1.38200   -0.452679E-07
   1.38400   -0.453560E-07
   1.38600   -0.452736E-07
   1.38800   -0.450437E-07
   1.39000   -0.447045E-07
   1.39200   -0.443035E-07
   1.39400   -0.438906E-07
   1.39600   -0.435108E-07
   1.39800   -0.431986E-07
   1.40000   -0.429749E-07
   1.40200   -0.428458E-07
   1.40400   -0.428042E-07
   1.40600   -0.428342E-07
   1.40800   -0.429152E-07
   1.41000   -0.430278E-07
   1.41200   -0.431576E-07
   1.41400   -0.432977E-07
   1.41600   -0.434498E-07
   1.41800   -0.436219E-07
   1.42000   -0.438256E-07
   1.42200   -0.440713E-07
   1.42400   -0.443642E-07
   1.42600   -0.447011E-07
   1.42800   -0.450684E-07
   1.43000   -0.454432E-07
   1.43200   -0.457952E-07
   1.43400   -0.460914E-07
   1.43600   -0.463010E-07
   1.43800   -0.464006E-07
   1.44000   -0.463784E-07
   1.44200   -0.462359E-07
   1.44400   -0.459889E-07
   1.44600   -0.456652E-07
   1.44800   -0.453003E-07
   1.45000   -0.449333E-07
   1.45200   -0.446014E-07
   1.45400   -0.443351E-07
   1.45600   -0.441554E-07
   1.45800   -0.440721E-07
   1.46000   -0.440841E-07
   1.46200   -0.441811E-07
   1.46400   -0.443466E-07
   1.46600   -0.445610E-07
   1.46800   -0.448042E-07
   1.47000   -0.450578E-07
   1.47200   -0.453059E-07
   1.47400   -0.455352E-07
   1.47600   -0.457336E-07
   1.47800   -0.458898E-07
   1.48000   -0.459914E-07
   1.48200   -0.460256E-07
   1.48400   -0.459794E-07
   1.48600   -0.458417E-07
   1.48800   -0.456057E-07
   1.49000   -0.452712E-07
   1.49200   -0.448472E-07
   1.49400   -0.443523E-07
   1.49600   -0.438145E-07
   1.49800   -0.432688E-07
   1.50000   -0.427535E-07
   1.50200   -0.423052E-07
   1.50400   -0.419543E-07
   1.50600   -0.417211E-07
   1.50800   -0.416123E-07
   1.51000   -0.416208E-07
   1.51200   -0.417264E-07
   1.51400   -0.418994E-07
   1.51600   -0.421038E-07
   1.51800   -0.423028E-07
   1.52000   -0.424625E-07
   1.52200   -0.425555E-07
   1.52400   -0.425627E-07
   1.52600   -0.424741E-07
   1.52800   -0.422876E-07
   1.53000   -0.420078E-07
   1.53200   -0.416437E-07
   1.53400   -0.412069E-07
   1.53600   -0.407099E-07
   1.53800   -0.401653E-07
   1.54000   -0.395854E-07
   1.54200   -0.389824E-07
   1.54400   -0.383681E-07
   1.54600   -0.377543E-07
   1.54800   -0.371522E-07
   1.55000   -0.365717E-07
   1.55200   -0.360204E-07
   1.55400   -0.355023E-07
   1.55600   -0.350172E-07
   1.55800   -0.345602E-07
   1.56000   -0.341221E-07
   1.56200   -0.336908E-07
   1.56400   -0.332530E-07
   1.56600   -0.327963E-07
   1.56800   -0.323114E-07
   1.57000   -0.317935E-07
   1.57200   -0.312430E-07
   1.57400   -0.306654E-07
   1.57600   -0.300697E-07
   1.57800   -0.294665E-07
   1.58000   -0.288661E-07
   1.58200   -0.282759E-07
   1.58400   -0.276994E-07
   1.58600   -0.271357E-07
   1.58800   -0.265801E-07
   1.59000   -0.260254E-07
   1.59200   -0.254646E-07
   1.59400   -0.248924E-07
   1.59600   -0.243076E-07
   1.59800   -0.237139E-07
   1.60000   -0.231201E-07
   1.60200   -0.225392E-07
   1.60400   -0.219864E-07
   1.60600   -0.214773E-07
   1.60800   -0.210255E-07
   1.61000   -0.206405E-07
   1.61200   -0.203268E-07
   1.61400   -0.200831E-07
   1.61600   -0.199032E-07
   1.61800   -0.197763E-07
   1.62000   -0.196889E-07
   1.62200   -0.196263E-07
   1.62400   -0.195736E-07
   1.62600   -0.195172E-07
   1.62800   -0.194451E-07
   1.63000   -0.193482E-07
   1.63200   -0.192200E-07
   1.63400   -0.190571E-07
   1.63600   -0.188591E-07
   1.63800   -0.186289E-07
   1.64000   -0.183722E-07
   1.64200   -0.180973E-07
   1.64400   -0.178139E-07
   1.64600   -0.175324E-07
   1.64800   -0.172627E-07
   1.65000   -0.170125E-07
   1.65200   -0.167866E-07
   1.65400   -0.165865E-07
   1.65600   -0.164098E-07
   1.65800   -0.162516E-07
   1.66000   -0.161051E-07
   1.66200   -0.159632E-07
   1.66400   -0.158199E-07
   1.66600   -0.156713E-07
   1.66800   -0.155162E-07
   1.67000   -0.153559E-07
   1.67200   -0.151935E-07
   1.67400   -0.150329E-07
   1.67600   -0.148777E-07
   1.67800   -0.147300E-07
   1.68000   -0.145903E-07
   1.68200   -0.144574E-07
   1.68400   -0.143287E-07
   1.68600   -0.142017E-07
   1.68800   -0.140743E-07
   1.69000   -0.139459E-07
   1.69200   -0.138179E-07
   1.69400   -0.136930E-07
   1.69600   -0.135749E-07
   1.69800   -0.134675E-07
   1.70000   -0.133732E-07
   1.70200   -0.132927E-07
   1.70400   -0.132241E-07
   1.70600   -0.131632E-07
   1.70800   -0.131038E-07
   1.71000   -0.130384E-07
   1.71200   -0.129599E-07
   1.71400   -0.128620E-07
   1.71600   -0.127405E-07
   1.71800   -0.125935E-07
   1.72000   -0.124219E-07
   1.72200   -0.122295E-07
   1.72400   -0.120218E-07
   1.72600   -0.118066E-07
   1.72800   -0.115922E-07
   1.73000   -0.113876E-07
   1.73200   -0.112011E-07
   1.73400   -0.110399E-07
   1.73600   -0.109090E-07
   1.73800   -0.108111E-07
   1.74000   -0.107457E-07
   1.74200   -0.107093E-07
   1.74400   -0.106950E-07
   1.74600   -0.106935E-07
   1.74800   -0.106932E-07
   1.75000   -0.106818E-07
   1.75200   -0.106469E-07
   1.75400   -0.105771E-07
   1.75600   -0.104632E-07
   1.75800   -0.102990E-07
   1.76000   -0.100817E-07
   1.76200   -0.981234E-08
   1.76400   -0.949583E-08
   1.76600   -0.914047E-08
   1.76800   -0.875749E-08
   1.77000   -0.836014E-08
   1.77200   -0.796258E-08
   1.77400   -0.757863E-08
   1.77600   -0.722048E-08
   1.77800   -0.689754E-08
   1.78000   -0.661544E-08
   1.78200   -0.637549E-08
   1.78400   -0.617461E-08
   1.78600   -0.600571E-08
   1.78800   -0.585855E-08
   1.79000   -0.572091E-08
   1.79200   -0.557992E-08
   1.79400   -0.542339E-08
   1.79600   -0.524102E-08
   1.79800   -0.502525E-08
   1.80000   -0.477180E-08
   1.80200   -0.447978E-08
   1.80400   -0.415157E-08
   1.80600   -0.379227E-08
   1.80800   -0.340902E-08
   1.81000   -0.301012E-08
   1.81200   -0.260413E-08
   1.81400   -0.219896E-08
   1.81600   -0.180109E-08
   1.81800   -0.141498E-08
   1.82000   -0.104263E-08
   1.82200   -0.683585E-09
   1.82400   -0.335134E-09
   1.82600    0.720209E-11
   1.82800    0.348976E-09
   1.83000    0.696035E-09
   1.83200    0.105378E-08
   1.83400    0.142654E-08
   1.83600    0.181721E-08
   1.83800    0.222712E-08
   1.84000    0.265625E-08
   1.84200    0.310354E-08
   1.84400    0.356748E-08
   1.84600    0.404659E-08
   1.84800    0.453990E-08
   1.85000    0.504731E-08
   1.85200    0.556956E-08
   1.85400    0.610817E-08
   1.85600    0.666504E-08
   1.85800    0.724203E-08
   1.86000    0.784045E-08
   1.86200    0.846071E-08
   1.86400    0.910209E-08
   1.86600    0.976277E-08
   1.86800    0.104400E-07
   1.87000    0.111308E-07
   1.87200    0.118323E-07
   1.87400    0.125428E-07
   1.87600    0.132617E-07
   1.87800    0.139904E-07
   1.88000    0.147326E-07
   1.88200    0.154937E-07
   1.88400    0.162813E-07
   1.88600    0.171041E-07
   1.88800    0.179722E-07
   1.89000    0.188956E-07
   1.89200    0.198839E-07
   1.89400    0.209454E-07
   1.89600    0.220851E-07
   1.89800    0.233043E-07
   1.90000    0.245996E-07
   1.90200    0.259613E-07
   1.90400    0.273728E-07
   1.90600    0.288110E-07
   1.90800    0.302475E-07
   1.91000    0.316503E-07
   1.91200    0.329873E-07
   1.91400    0.342294E-07
   1.91600    0.353543E-07
   1.91800    0.363488E-07
   1.92000    0.372098E-07
   1.92200    0.379423E-07
   1.92400    0.385545E-07
   1.92600    0.390508E-07
   1.92800    0.394217E-07
   1.93000    0.396346E-07
   1.93200    0.396253E-07
   1.93400    0.392937E-07
   1.93600    0.385058E-07
   1.93800    0.371023E-07
   1.94000    0.349147E-07
   1.94200    0.317878E-07
   1.94400    0.276046E-07
   1.94600    0.223118E-07
   1.94800    0.159391E-07
   1.95000    0.861103E-08
   1.95200    0.545914E-09
   1.95400   -0.795704E-08
   1.95600   -0.165426E-07
   1.95800   -0.248323E-07
   1.96000   -0.324614E-07
   1.96200   -0.391132E-07
   1.96400   -0.445472E-07
   1.96600   -0.486169E-07
   1.96800   -0.512751E-07
   1.97000   -0.525683E-07
   1.97200   -0.526209E-07
   1.97400   -0.516141E-07
   1.97600   -0.497624E-07
   1.97800   -0.472907E-07
   1.98000   -0.444157E-07
   1.98200   -0.413321E-07
   1.98400   -0.382040E-07
   1.98600   -0.351611E-07
   1.98800   -0.322980E-07
   1.99000   -0.296763E-07
   1.99200   -0.273282E-07
   1.99400   -0.252600E-07
   1.99600   -0.234564E-07
   1.99800   -0.218845E-07
   2.00000   -0.204980E-07
   2.00200   -0.192418E-07
   2.00400   -0.180563E-07
   2.00600   -0.168831E-07
   2.00800   -0.156693E-07
   2.01000   -0.143731E-07
   2.01200   -0.129685E-07
   2.01400   -0.114490E-07
   2.01600   -0.983002E-08
   2.01800   -0.814843E-08
   2.02000   -0.646133E-08
   2.02200   -0.484106E-08
   2.02400   -0.336714E-08
   2.02600   -0.211871E-08
   2.02800   -0.116493E-08
   2.03000   -0.556956E-09
   2.03200   -0.321690E-09
   2.03400   -0.458655E-09
   2.03600   -0.940510E-09
   2.03800   -0.171695E-08
   2.04000   -0.272116E-08
   2.04200   -0.387797E-08
   2.04400   -0.511207E-08
   2.04600   -0.635479E-08
   2.04800   -0.754919E-08
   2.05000   -0.865246E-08
   2.05200   -0.963606E-08
   2.05400   -0.104841E-07
   2.05600   -0.111907E-07
   2.05800   -0.117569E-07
   2.06000   -0.121881E-07
   2.06200   -0.124924E-07
   2.06400   -0.126790E-07
   2.06600   -0.127581E-07
   2.06800   -0.127401E-07
   2.07000   -0.126361E-07
   2.07200   -0.124574E-07
   2.07400   -0.122147E-07
   2.07600   -0.119180E-07
   2.07800   -0.115760E-07
   2.08000   -0.111952E-07
   2.08200   -0.107806E-07
   2.08400   -0.103355E-07
   2.08600   -0.986234E-08
   2.08800   -0.936377E-08
   2.09000   -0.884349E-08
   2.09200   -0.830716E-08
   2.09400   -0.776290E-08
   2.09600   -0.722127E-08
   2.09800   -0.669486E-08
   2.10000   -0.619746E-08
   2.10200   -0.574286E-08
   2.10400   -0.534304E-08
   2.10600   -0.500699E-08
   2.10800   -0.473944E-08
   2.11000   -0.454011E-08
   2.11200   -0.440345E-08
   2.11400   -0.431899E-08
   2.11600   -0.427241E-08
   2.11800   -0.424696E-08
   2.12000   -0.422511E-08
   2.12200   -0.419033E-08
   2.12400   -0.412863E-08
   2.12600   -0.402974E-08
   2.12800   -0.388776E-08
   2.13000   -0.370133E-08
   2.13200   -0.347322E-08
   2.13400   -0.320958E-08
   2.13600   -0.291902E-08
   2.13800   -0.261140E-08
   2.14000   -0.229684E-08
   2.14200   -0.198467E-08
   2.14400   -0.168268E-08
   2.14600   -0.139651E-08
   2.14800   -0.112936E-08
   2.15000   -0.881833E-09
   2.15200   -0.652039E-09
   2.15400   -0.435898E-09
   2.15600   -0.227562E-09
   2.15800   -0.199319E-10
   2.16000    0.194687E-09
   2.16200    0.423965E-09
   2.16400    0.674873E-09
   2.16600    0.953057E-09
   2.16800    0.126232E-08
   2.17000    0.160419E-08
   2.17200    0.197774E-08
   2.17400    0.237958E-08
   2.17600    0.280415E-08
   2.17800    0.324426E-08
   2.18000    0.369183E-08
   2.18200    0.413876E-08
   2.18400    0.457785E-08
   2.18600    0.500349E-08
   2.18800    0.541238E-08
   2.19000    0.580379E-08
   2.19200    0.617967E-08
   2.19400    0.654439E-08
   2.19600    0.690442E-08
   2.19800    0.726773E-08
   2.20000    0.764311E-08
   2.20200    0.803983E-08
   2.20400    0.846728E-08
   2.20600    0.893438E-08
   2.20800    0.944958E-08
   2.21000    0.100206E-07
   2.21200    0.106544E-07
   2.21400    0.113570E-07
   2.21600    0.121331E-07
   2.21800    0.129857E-07
   2.22000    0.139161E-07
   2.22200    0.149228E-07
   2.22400    0.160012E-07
   2.22600    0.171434E-07
   2.22800    0.183370E-07
   2.23000    0.195644E-07
   2.23200    0.208018E-07
   2.23400    0.220179E-07
   2.23600    0.231720E-07
   2.23800    0.242134E-07
   2.24000    0.250808E-07
   2.24200    0.257035E-07
   2.24400    0.260045E-07
   2.24600    0.259055E-07
   2.24800    0.253354E-07
   2.25000    0.242382E-07
   2.25200    0.225832E-07
   2.25400    0.203729E-07
   2.25600    0.176482E-07
   2.25800    0.144895E-07
   2.26000    0.110132E-07
   2.26200    0.736267E-08
   2.26400    0.369619E-08
   2.26600    0.171984E-09
   2.26800   -0.306636E-08
   2.27000   -0.590270E-08
   2.27200   -0.825733E-08
   2.27400   -0.100913E-07
   2.27600   -0.114058E-07
   2.27800   -0.122372E-07
   2.28000   -0.126485E-07
   2.28200   -0.127199E-07
   2.28400   -0.125384E-07
   2.28600   -0.121890E-07
   2.28800   -0.117473E-07
   2.29000   -0.112754E-07
   2.29200   -0.108194E-07
   2.29400   -0.104099E-07
   2.29600   -0.100631E-07
   2.29800   -0.978412E-08
   2.30000   -0.956968E-08
   2.30200   -0.941142E-08
   2.30400   -0.929851E-08
   2.30600   -0.921976E-08
   2.30800   -0.916499E-08
   2.31000   -0.912589E-08
   2.31200   -0.909629E-08
   2.31400   -0.907209E-08
   2.31600   -0.905090E-08
   2.31800   -0.903182E-08
   2.32000   -0.901493E-08
   2.32200   -0.900084E-08
   2.32400   -0.899060E-08
   2.32600   -0.898551E-08
   2.32800   -0.898681E-08
   2.33000   -0.899569E-08
   2.33200   -0.901339E-08
   2.33400   -0.904125E-08
   2.33600   -0.908083E-08
   2.33800   -0.913397E-08
   2.34000   -0.920283E-08
   2.34200   -0.928974E-08
   2.34400   -0.939687E-08
   2.34600   -0.952560E-08
   2.34800   -0.967575E-08
   2.35000   -0.984440E-08
   2.35200   -0.100248E-07
   2.35400   -0.102050E-07
   2.35600   -0.103673E-07
   2.35800   -0.104876E-07
   2.36000   -0.105362E-07
   2.36200   -0.104787E-07
   2.36400   -0.102789E-07
   2.36600   -0.990213E-08
   2.36800   -0.931901E-08
   2.37000   -0.850994E-08
   2.37200   -0.746873E-08
   2.37400   -0.620521E-08
   2.37600   -0.474618E-08
   2.37800   -0.313433E-08
   2.38000   -0.142504E-08
   2.38200    0.318500E-09
   2.38400    0.203143E-08
   2.38600    0.365344E-08
   2.38800    0.513443E-08
   2.39000    0.643850E-08
   2.39200    0.754601E-08
   2.39400    0.845324E-08
   2.39600    0.917008E-08
   2.39800    0.971631E-08
   2.40000    0.101171E-07
   2.40200    0.103987E-07
   2.40400    0.105847E-07
   2.40600    0.106940E-07
   2.40800    0.107395E-07
   2.41000    0.107285E-07
   2.41200    0.106645E-07
   2.41400    0.105480E-07
   2.41600    0.103795E-07
   2.41800    0.101603E-07
   2.42000    0.989394E-08
   2.42200    0.958674E-08
   2.42400    0.924735E-08
   2.42600    0.888616E-08
   2.42800    0.851414E-08
   2.43000    0.814159E-08
   2.43200    0.777689E-08
   2.43400    0.742553E-08
   2.43600    0.708947E-08
   2.43800    0.676699E-08
   2.44000    0.645312E-08
   2.44200    0.614045E-08
   2.44400    0.582027E-08
   2.44600    0.548402E-08
   2.44800    0.512478E-08
   2.45000    0.473842E-08
   2.45200    0.432425E-08
   2.45400    0.388560E-08
   2.45600    0.342938E-08
   2.45800    0.296543E-08
   2.46000    0.250532E-08
   2.46200    0.206107E-08
   2.46400    0.164373E-08
   2.46600    0.126233E-08
   2.46800    0.923018E-09
   2.47000    0.628799E-09
   2.47200    0.379528E-09
   2.47400    0.172418E-09
   2.47600    0.279244E-11
   2.47800   -0.135123E-09
   2.48000   -0.247324E-09
   2.48200   -0.339307E-09
   2.48400   -0.415542E-09
   2.48600   -0.479206E-09
   2.48800   -0.532107E-09
   2.49000   -0.574851E-09
   2.49200   -0.607179E-09
   2.49400   -0.628411E-09
   2.49600   -0.637915E-09
   2.49800   -0.635598E-09
   2.50000   -0.622273E-09
   2.50200   -0.599902E-09
   2.50400   -0.571686E-09
   2.50600   -0.541959E-09
   2.50800   -0.515913E-09
   2.51000   -0.499158E-09
   2.51200   -0.497215E-09
   2.51400   -0.514945E-09
   2.51600   -0.556002E-09
   2.51800   -0.622377E-09
   2.52000   -0.714093E-09
   2.52200   -0.829066E-09
   2.52400   -0.963206E-09
   2.52600   -0.111075E-08
   2.52800   -0.126482E-08
   2.53000   -0.141808E-08
   2.53200   -0.156360E-08
   2.53400   -0.169565E-08
   2.53600   -0.181031E-08
   2.53800   -0.190602E-08
   2.54000   -0.198370E-08
   2.54200   -0.204653E-08
   2.54400   -0.209954E-08
   2.54600   -0.214881E-08
   2.54800   -0.220064E-08
   2.55000   -0.226072E-08
   2.55200   -0.233345E-08
   2.55400   -0.242148E-08
   2.55600   -0.252565E-08
   2.55800   -0.264510E-08
   2.56000   -0.277781E-08
   2.56200   -0.292115E-08
   2.56400   -0.307252E-08
   2.56600   -0.322999E-08
   2.56800   -0.339264E-08
   2.57000   -0.356075E-08
   2.57200   -0.373570E-08
   2.57400   -0.391962E-08
   2.57600   -0.411480E-08
   2.57800   -0.432306E-08
   2.58000   -0.454517E-08
   2.58200   -0.478026E-08
   2.58400   -0.502562E-08
   2.58600   -0.527674E-08
   2.58800   -0.552765E-08
   2.59000   -0.577161E-08
   2.59200   -0.600193E-08
   2.59400   -0.621296E-08
   2.59600   -0.640085E-08
   2.59800   -0.656421E-08
   2.60000   -0.670430E-08
   2.60200   -0.682485E-08
   2.60400   -0.693155E-08
   2.60600   -0.703116E-08
   2.60800   -0.713044E-08
   2.61000   -0.723516E-08
   2.61200   -0.734927E-08
   2.61400   -0.747430E-08
   2.61600   -0.760929E-08
   2.61800   -0.775096E-08
   2.62000   -0.789439E-08
   2.62200   -0.803378E-08
   2.62400   -0.816340E-08
   2.62600   -0.827841E-08
   2.62800   -0.837549E-08
   2.63000   -0.845320E-08
   2.63200   -0.851193E-08
   2.63400   -0.855358E-08
   2.63600   -0.858107E-08
   2.63800   -0.859759E-08
   2.64000   -0.860595E-08
   2.64200   -0.860808E-08
   2.64400   -0.860468E-08
   2.64600   -0.859523E-08
   2.64800   -0.857825E-08
   2.65000   -0.855171E-08
   2.65200   -0.851369E-08
   2.65400   -0.846294E-08
   2.65600   -0.839935E-08
   2.65800   -0.832422E-08
   2.66000   -0.824017E-08
   2.66200   -0.815092E-08
   2.66400   -0.806068E-08
   2.66600   -0.797355E-08
   2.66800   -0.789278E-08
   2.67000   -0.782023E-08
   2.67200   -0.775599E-08
   2.67400   -0.769829E-08
   2.67600   -0.764369E-08
   2.67800   -0.758751E-08
   2.68000   -0.752448E-08
   2.68200   -0.744941E-08
   2.68400   -0.735787E-08
   2.68600   -0.724664E-08
   2.68800   -0.711408E-08
   2.69000   -0.696020E-08
   2.69200   -0.678651E-08
   2.69400   -0.659576E-08
   2.69600   -0.639151E-08
   2.69800   -0.617772E-08
   2.70000   -0.595835E-08
   2.70200   -0.573702E-08
   2.70400   -0.551672E-08
   2.70600   -0.529973E-08
   2.70800   -0.508754E-08
   2.71000   -0.488080E-08
   2.71200   -0.467950E-08
   2.71400   -0.448298E-08
   2.71600   -0.429012E-08
   2.71800   -0.409947E-08
   2.72000   -0.390944E-08
   2.72200   -0.371845E-08
   2.72400   -0.352509E-08
   2.72600   -0.332833E-08
   2.72800   -0.312757E-08
   2.73000   -0.292281E-08
   2.73200   -0.271462E-08
   2.73400   -0.250408E-08
   2.73600   -0.229263E-08
   2.73800   -0.208184E-08
   2.74000   -0.187311E-08
   2.74200   -0.166734E-08
   2.74400   -0.146472E-08
   2.74600   -0.126450E-08
   2.74800   -0.106504E-08
   2.75000   -0.863871E-09
   2.75200   -0.658036E-09
   2.75400   -0.444462E-09
   2.75600   -0.220391E-09
   2.75800    0.162294E-10
   2.76000    0.266434E-09
   2.76200    0.530091E-09
   2.76400    0.805914E-09
   2.76600    0.109164E-08
   2.76800    0.138430E-08
   2.77000    0.168060E-08
   2.77200    0.197723E-08
   2.77400    0.227121E-08
   2.77600    0.256009E-08
   2.77800    0.284211E-08
   2.78000    0.311621E-08
   2.78200    0.338204E-08
   2.78400    0.363982E-08
   2.78600    0.389033E-08
   2.78800    0.413475E-08
   2.79000    0.437458E-08
   2.79200    0.461159E-08
   2.79400    0.484773E-08
   2.79600    0.508499E-08
   2.79800    0.532528E-08
   2.80000    0.557027E-08
   2.80200    0.582116E-08
   2.80400    0.607857E-08
   2.80600    0.634237E-08
   2.80800    0.661167E-08
   2.81000    0.688497E-08
   2.81200    0.716041E-08
   2.81400    0.743619E-08
   2.81600    0.771114E-08
   2.81800    0.798526E-08
   2.82000    0.826029E-08
   2.82200    0.854003E-08
   2.82400    0.883049E-08
   2.82600    0.913956E-08
   2.82800    0.947647E-08
   2.83000    0.985072E-08
   2.83200    0.102709E-07
   2.83400    0.107433E-07
   2.83600    0.112706E-07
   2.83800    0.118513E-07
   2.84000    0.124786E-07
   2.84200    0.131414E-07
   2.84400    0.138245E-07
   2.84600    0.145103E-07
   2.84800    0.151803E-07
   2.85000    0.158177E-07
   2.85200    0.164081E-07
   2.85400    0.169420E-07
   2.85600    0.174145E-07
   2.85800    0.178262E-07
   2.86000    0.181825E-07
   2.86200    0.184920E-07
   2.86400    0.187658E-07
   2.86600    0.190154E-07
   2.86800    0.192518E-07
   2.87000    0.194837E-07
   2.87200    0.197178E-07
   2.87400    0.199576E-07
   2.87600    0.202042E-07
   2.87800    0.204564E-07
   2.88000    0.207118E-07
   2.88200    0.209670E-07
   2.88400    0.212190E-07
   2.88600    0.214652E-07
   2.88800    0.217044E-07
   2.89000    0.219363E-07
   2.89200    0.221623E-07
   2.89400    0.223848E-07
   2.89600    0.226071E-07
   2.89800    0.228333E-07
   2.90000    0.230676E-07
   2.90200    0.233148E-07
   2.90400    0.235792E-07
   2.90600    0.238654E-07
   2.90800    0.241779E-07
   2.91000    0.245211E-07
   2.91200    0.248989E-07
   2.91400    0.253146E-07
   2.91600    0.257702E-07
   2.91800    0.262650E-07
   2.92000    0.267946E-07
   2.92200    0.273498E-07
   2.92400    0.279155E-07
   2.92600    0.284700E-07
   2.92800    0.289860E-07
   2.93000    0.294311E-07
   2.93200    0.297710E-07
   2.93400    0.299724E-07
   2.93600    0.300070E-07
   2.93800    0.298549E-07
   2.94000    0.295080E-07
   2.94200    0.289719E-07
   2.94400    0.282662E-07
   2.94600    0.274232E-07
   2.94800    0.264852E-07
   2.95000    0.255003E-07
   2.95200    0.245178E-07
   2.95400    0.235835E-07
   2.95600    0.227360E-07
   2.95800    0.220031E-07
   2.96000    0.214006E-07
   2.96200    0.209323E-07
   2.96400    0.205906E-07
   2.96600    0.203592E-07
   2.96800    0.202159E-07
   2.97000    0.201358E-07
   2.97200    0.200950E-07
   2.97400    0.200728E-07
   2.97600    0.200546E-07
   2.97800    0.200323E-07
   2.98000    0.200051E-07
   2.98200    0.199782E-07
   2.98400    0.199608E-07
   2.98600    0.199643E-07
   2.98800    0.199992E-07
   2.99000    0.200733E-07
   2.99200    0.201896E-07
   2.99400    0.203460E-07
   2.99600    0.205354E-07
   2.99800    0.207468E-07
   3.00000    0.209677E-07
   3.00200    0.211858E-07
   3.00400    0.213917E-07
   3.00600    0.215803E-07
   3.00800    0.217518E-07
   3.01000    0.219116E-07
   3.01200    0.220692E-07
   3.01400    0.222368E-07
   3.01600    0.224263E-07
   3.01800    0.226480E-07
   3.02000    0.229077E-07
   3.02200    0.232061E-07
   3.02400    0.235379E-07
   3.02600    0.238924E-07
   3.02800    0.242550E-07
   3.03000    0.246088E-07
   3.03200    0.249368E-07
   3.03400    0.252239E-07
   3.03600    0.254588E-07
   3.03800    0.256352E-07
   3.04000    0.257522E-07
   3.04200    0.258139E-07
   3.04400    0.258294E-07
   3.04600    0.258112E-07
   3.04800    0.257743E-07
   3.05000    0.257348E-07
   3.05200    0.257082E-07
   3.05400    0.257091E-07
   3.05600    0.257491E-07
   3.05800    0.258371E-07
   3.06000    0.259776E-07
   3.06200    0.261710E-07
   3.06400    0.264134E-07
   3.06600    0.266966E-07
   3.06800    0.270090E-07
   3.07000    0.273364E-07
   3.07200    0.276632E-07
   3.07400    0.279741E-07
   3.07600    0.282555E-07
   3.07800    0.284965E-07
   3.08000    0.286904E-07
   3.08200    0.288346E-07
   3.08400    0.289307E-07
   3.08600    0.289839E-07
   3.08800    0.290018E-07
   3.09000    0.289932E-07
   3.09200    0.289665E-07
   3.09400    0.289287E-07
   3.09600    0.288846E-07
   3.09800    0.288361E-07
   3.10000    0.287828E-07
   3.10200    0.287222E-07
   3.10400    0.286509E-07
   3.10600    0.285661E-07
   3.10800    0.284660E-07
   3.11000    0.283516E-07
   3.11200    0.282273E-07
   3.11400    0.281006E-07
   3.11600    0.279823E-07
   3.11800    0.278855E-07
   3.12000    0.278242E-07
   3.12200    0.278113E-07
   3.12400    0.278574E-07
   3.12600    0.279686E-07
   3.12800    0.281454E-07
   3.13000    0.283818E-07
   3.13200    0.286653E-07
   3.13400    0.289775E-07
   3.13600    0.292948E-07
   3.13800    0.295909E-07
   3.14000    0.298378E-07
   3.14200    0.300080E-07
   3.14400    0.300766E-07
   3.14600    0.300227E-07
   3.14800    0.298309E-07
   3.15000    0.294930E-07
   3.15200    0.290089E-07
   3.15400    0.283875E-07
   3.15600    0.276479E-07
   3.15800    0.268194E-07
   3.16000    0.259409E-07
   3.16200    0.250602E-07
   3.16400    0.242310E-07
   3.16600    0.235104E-07
   3.16800    0.229542E-07
   3.17000    0.226132E-07
   3.17200    0.225284E-07
   3.17400    0.227275E-07
   3.17600    0.232224E-07
   3.17800    0.240081E-07
   3.18000    0.250633E-07
   3.18200    0.263525E-07
   3.18400    0.278292E-07
   3.18600    0.294397E-07
   3.18800    0.311272E-07
   3.19000    0.328355E-07
   3.19200    0.345125E-07
   3.19400    0.361118E-07
   3.19600    0.375948E-07
   3.19800    0.389309E-07
   3.20000    0.400986E-07
   3.20200    0.410850E-07
   3.20400    0.418857E-07
   3.20600    0.425053E-07
   3.20800    0.429565E-07
   3.21000    0.432601E-07
   3.21200    0.434439E-07
   3.21400    0.435414E-07
   3.21600    0.435895E-07
   3.21800    0.436262E-07
   3.22000    0.436877E-07
   3.22200    0.438049E-07
   3.22400    0.440009E-07
   3.22600    0.442888E-07
   3.22800    0.446693E-07
   3.23000    0.451319E-07
   3.23200    0.456545E-07
   3.23400    0.462059E-07
   3.23600    0.467492E-07
   3.23800    0.472455E-07
   3.24000    0.476586E-07
   3.24200    0.479598E-07
   3.24400    0.481312E-07
   3.24600    0.481698E-07
   3.24800    0.480878E-07
   3.25000    0.479126E-07
   3.25200    0.476837E-07
   3.25400    0.474479E-07
   3.25600    0.472530E-07
   3.25800    0.471403E-07
   3.26000    0.471379E-07
   3.26200    0.472545E-07
   3.26400    0.474755E-07
   3.26600    0.477622E-07
   3.26800    0.480532E-07
   3.27000    0.482685E-07
   3.27200    0.483162E-07
   3.27400    0.481008E-07
   3.27600    0.475317E-07
   3.27800    0.465323E-07
   3.28000    0.450477E-07
   3.28200    0.430520E-07
   3.28400    0.405523E-07
   3.28600    0.375917E-07
   3.28800    0.342477E-07
   3.29000    0.306289E-07
   3.29200    0.268673E-07
   3.29400    0.231091E-07
   3.29600    0.195031E-07
   3.29800    0.161885E-07
   3.30000    0.132842E-07
   3.30200    0.108792E-07
   3.30400    0.902784E-08
   3.30600    0.774730E-08
   3.30800    0.701999E-08
   3.31000    0.679861E-08
   3.31200    0.701390E-08
   3.31400    0.758320E-08
   3.31600    0.841903E-08
   3.31800    0.943655E-08
   3.32000    0.105593E-07
   3.32200    0.117228E-07
   3.32400    0.128764E-07
   3.32600    0.139835E-07
   3.32800    0.150198E-07
   3.33000    0.159723E-07
   3.33200    0.168361E-07
   3.33400    0.176127E-07
   3.33600    0.183077E-07
   3.33800    0.189289E-07
   3.34000    0.194854E-07
   3.34200    0.199856E-07
   3.34400    0.204374E-07
   3.34600    0.208477E-07
   3.34800    0.212219E-07
   3.35000    0.215649E-07
   3.35200    0.218799E-07
   3.35400    0.221702E-07
   3.35600    0.224383E-07
   3.35800    0.226868E-07
   3.36000    0.229177E-07
   3.36200    0.231331E-07
   3.36400    0.233347E-07
   3.36600    0.235238E-07
   3.36800    0.237012E-07
   3.37000    0.238675E-07
   3.37200    0.240228E-07
   3.37400    0.241670E-07
   3.37600    0.243000E-07
   3.37800    0.244217E-07
   3.38000    0.245325E-07
   3.38200    0.246332E-07
   3.38400    0.247252E-07
   3.38600    0.248100E-07
   3.38800    0.248897E-07
   3.39000    0.249665E-07
   3.39200    0.250425E-07
   3.39400    0.251193E-07
   3.39600    0.251987E-07
   3.39800    0.252814E-07
   3.40000    0.253679E-07
   3.40200    0.254584E-07
   3.40400    0.255523E-07
   3.40600    0.256489E-07
   3.40800    0.257470E-07
   3.41000    0.258451E-07
   3.41200    0.259414E-07
   3.41400    0.260334E-07
   3.41600    0.261180E-07
   3.41800    0.261917E-07
   3.42000    0.262504E-07
   3.42200    0.262898E-07
   3.42400    0.263056E-07
   3.42600    0.262945E-07
   3.42800    0.262541E-07
   3.43000    0.261838E-07
   3.43200    0.260849E-07
   3.43400    0.259607E-07
   3.43600    0.258162E-07
   3.43800    0.256576E-07
   3.44000    0.254913E-07
   3.44200    0.253234E-07
   3.44400    0.251584E-07
   3.44600    0.249990E-07
   3.44800    0.248454E-07
   3.45000    0.246957E-07
   3.45200    0.245462E-07
   3.45400    0.243920E-07
   3.45600    0.242283E-07
   3.45800    0.240506E-07
   3.46000    0.238559E-07
   3.46200    0.236429E-07
   3.46400    0.234119E-07
   3.46600    0.231645E-07
   3.46800    0.229032E-07
   3.47000    0.226306E-07
   3.47200    0.223491E-07
   3.47400    0.220599E-07
   3.47600    0.217637E-07
   3.47800    0.214603E-07
   3.48000    0.211496E-07
   3.48200    0.208317E-07
   3.48400    0.205079E-07
   3.48600    0.201814E-07
   3.48800    0.198574E-07
   3.49000    0.195437E-07
   3.49200    0.192505E-07
   3.49400    0.189902E-07
   3.49600    0.187774E-07
   3.49800    0.186281E-07
   3.50000    0.185596E-07
   3.50200    0.185894E-07
   3.50400    0.187348E-07
   3.50600    0.190121E-07
   3.50800    0.194354E-07
   3.51000    0.200160E-07
   3.51200    0.207613E-07
   3.51400    0.216743E-07
   3.51600    0.227529E-07
   3.51800    0.239903E-07
   3.52000    0.253752E-07
   3.52200    0.268929E-07
   3.52400    0.285256E-07
   3.52600    0.302547E-07
   3.52800    0.320608E-07
   3.53000    0.339256E-07
   3.53200    0.358325E-07
   3.53400    0.377670E-07
   3.53600    0.397177E-07
   3.53800    0.416769E-07
   3.54000    0.436376E-07
   3.54200    0.456009E-07
   3.54400    0.475700E-07
   3.54600    0.495534E-07
   3.54800    0.515646E-07
   3.55000    0.536225E-07
   3.55200    0.557513E-07
   3.55400    0.579797E-07
   3.55600    0.603401E-07
   3.55800    0.628659E-07
   3.56000    0.655880E-07
   3.56200    0.685292E-07
   3.56400    0.716967E-07
   3.56600    0.750728E-07
   3.56800    0.786036E-07
   3.57000    0.821878E-07
   3.57200    0.856662E-07
   3.57400    0.888157E-07
   3.57600    0.913492E-07
   3.57800    0.929248E-07
   3.58000    0.931660E-07
   3.58200    0.916930E-07
   3.58400    0.881637E-07
   3.58600    0.823201E-07
   3.58800    0.740347E-07
   3.59000    0.633477E-07
   3.59200    0.504901E-07
   3.59400    0.358847E-07
   3.59600    0.201224E-07
   3.59800    0.391624E-08
   3.60000   -0.119635E-07
   3.60200   -0.267635E-07
   3.60400   -0.398200E-07
   3.60600   -0.506201E-07
   3.60800   -0.588424E-07
   3.61000   -0.643731E-07
   3.61200   -0.672963E-07
   3.61400   -0.678621E-07
   3.61600   -0.664403E-07
   3.61800   -0.634674E-07
   3.62000   -0.593953E-07
   3.62200   -0.546483E-07
   3.62400   -0.495918E-07
   3.62600   -0.445164E-07
   3.62800   -0.396328E-07
   3.63000   -0.350776E-07
   3.63200   -0.309258E-07
   3.63400   -0.272048E-07
   3.63600   -0.239091E-07
   3.63800   -0.210132E-07
   3.64000   -0.184806E-07
   3.64200   -0.162703E-07
   3.64400   -0.143406E-07
   3.64600   -0.126511E-07
   3.64800   -0.111637E-07
   3.65000   -0.984345E-08
   3.65200   -0.865901E-08
   3.65400   -0.758343E-08
   3.65600   -0.659497E-08
   3.65800   -0.567712E-08
   3.66000   -0.481946E-08
   3.66200   -0.401429E-08
   3.66400   -0.326189E-08
   3.66600   -0.256140E-08
   3.66800   -0.191352E-08
   3.67000   -0.131804E-08
   3.67200   -0.772680E-09
   3.67400   -0.272450E-09
   3.67600    0.190290E-09
   3.67800    0.625206E-09
   3.68000    0.104293E-08
   3.68200    0.145363E-08
   3.68400    0.186570E-08
   3.68600    0.228466E-08
   3.68800    0.271245E-08
   3.69000    0.314725E-08
   3.69200    0.358390E-08
   3.69400    0.401471E-08
   3.69600    0.443084E-08
   3.69800    0.482350E-08
   3.70000    0.518532E-08
   3.70200    0.551143E-08
   3.70400    0.580007E-08
   3.70600    0.605278E-08
   3.70800    0.627412E-08
   3.71000    0.647082E-08
   3.71200    0.665087E-08
   3.71400    0.682237E-08
   3.71600    0.699243E-08
   3.71800    0.716639E-08
   3.72000    0.734723E-08
   3.72200    0.753543E-08
   3.72400    0.772928E-08
   3.72600    0.792529E-08
   3.72800    0.811897E-08
   3.73000    0.830565E-08
   3.73200    0.848122E-08
   3.73400    0.864280E-08
   3.73600    0.878910E-08
   3.73800    0.892064E-08
   3.74000    0.903967E-08
   3.74200    0.914988E-08
   3.74400    0.925593E-08
   3.74600    0.936294E-08
   3.74800    0.947585E-08
   3.75000    0.959885E-08
   3.75200    0.973491E-08
   3.75400    0.988538E-08
   3.75600    0.100498E-07
   3.75800    0.102258E-07
   3.76000    0.104095E-07
   3.76200    0.105955E-07
   3.76400    0.107775E-07
   3.76600    0.109490E-07
   3.76800    0.111041E-07
   3.77000    0.112376E-07
   3.77200    0.113458E-07
   3.77400    0.114273E-07
   3.77600    0.114823E-07
   3.77800    0.115132E-07
   3.78000    0.115243E-07
   3.78200    0.115211E-07
   3.78400    0.115101E-07
   3.78600    0.114980E-07
   3.78800    0.114912E-07
   3.79000    0.114953E-07
   3.79200    0.115149E-07
   3.79400    0.115528E-07
   3.79600    0.116107E-07
   3.79800    0.116881E-07
   3.80000    0.117835E-07
   3.80200    0.118937E-07
   3.80400    0.120148E-07
   3.80600    0.121419E-07
   3.80800    0.122698E-07
   3.81000    0.123931E-07
   3.81200    0.125066E-07
   3.81400    0.126055E-07
   3.81600    0.126854E-07
   3.81800    0.127429E-07
   3.82000    0.127755E-07
   3.82200    0.127818E-07
   3.82400    0.127617E-07
   3.82600    0.127165E-07
   3.82800    0.126493E-07
   3.83000    0.125647E-07
   3.83200    0.124692E-07
   3.83400    0.123706E-07
   3.83600    0.122779E-07
   3.83800    0.122010E-07
   3.84000    0.121494E-07
   3.84200    0.121316E-07
   3.84400    0.121546E-07
   3.84600    0.122223E-07
   3.84800    0.123358E-07
   3.85000    0.124925E-07
   3.85200    0.126865E-07
   3.85400    0.129088E-07
   3.85600    0.131485E-07
   3.85800    0.133930E-07
   3.86000    0.136302E-07
   3.86200    0.138483E-07
   3.86400    0.140375E-07
   3.86600    0.141904E-07
   3.86800    0.143022E-07
   3.87000    0.143707E-07
   3.87200    0.143963E-07
   3.87400    0.143813E-07
   3.87600    0.143298E-07
   3.87800    0.142467E-07
   3.88000    0.141373E-07
   3.88200    0.140069E-07
   3.88400    0.138604E-07
   3.88600    0.137018E-07
   3.88800    0.135348E-07
   3.89000    0.133618E-07
   3.89200    0.131849E-07
   3.89400    0.130057E-07
   3.89600    0.128256E-07
   3.89800    0.126458E-07
   3.90000    0.124680E-07
   3.90200    0.122938E-07
   3.90400    0.121255E-07
   3.90600    0.119655E-07
   3.90800    0.118163E-07
   3.91000    0.116804E-07
   3.91200    0.115602E-07
   3.91400    0.114573E-07
   3.91600    0.113728E-07
   3.91800    0.113070E-07
   3.92000    0.112589E-07
   3.92200    0.112270E-07
   3.92400    0.112087E-07
   3.92600    0.112008E-07
   3.92800    0.111997E-07
   3.93000    0.112014E-07
   3.93200    0.112022E-07
   3.93400    0.111987E-07
   3.93600    0.111879E-07
   3.93800    0.111676E-07
   3.94000    0.111363E-07
   3.94200    0.110935E-07
   3.94400    0.110391E-07
   3.94600    0.109736E-07
   3.94800    0.108982E-07
   3.95000    0.108139E-07
   3.95200    0.107218E-07
   3.95400    0.106227E-07
   3.95600    0.105172E-07
   3.95800    0.104053E-07
   3.96000    0.102866E-07
   3.96200    0.101607E-07
   3.96400    0.100265E-07
   3.96600    0.988316E-08
   3.96800    0.972950E-08
   3.97000    0.956442E-08
   3.97200    0.938665E-08
   3.97400    0.919464E-08
   3.97600    0.898646E-08
   3.97800    0.875966E-08
   3.98000    0.851120E-08
   3.98200    0.823760E-08
   3.98400    0.793518E-08
   3.98600    0.760046E-08
   3.98800    0.723073E-08
   3.99000    0.682465E-08
   3.99200    0.638277E-08
   3.99400    0.590798E-08
   3.99600    0.540562E-08
   3.99800    0.488345E-08
   4.00000    0.435117E-08
