   0.00000    0.000000E+00
   0.00200    0.000000E+00
   0.00400    0.000000E+00
   0.00600    0.000000E+00
   0.00800    0.000000E+00
   0.01000    0.000000E+00
   0.01200    0.000000E+00
   0.01400    0.000000E+00
   0.01600    0.000000E+00
   0.01800    0.000000E+00
   0.02000    0.000000E+00
   0.02200    0.000000E+00
   0.02400    0.000000E+00
   0.02600    0.290927E-10
   0.02800    0.863161E-10
   0.03000    0.185371E-09
   0.03200    0.371274E-09
   0.03400    0.722296E-09
   0.03600    0.136945E-08
   0.03800    0.253281E-08
   0.04000    0.457147E-08
   0.04200    0.805293E-08
   0.04400    0.138450E-07
   0.04600    0.232306E-07
   0.04800    0.380407E-07
   0.05000    0.607922E-07
   0.05200    0.948147E-07
   0.05400    0.144321E-06
   0.05600    0.214394E-06
   0.05800    0.310828E-06
   0.06000    0.439802E-06
   0.06200    0.607322E-06
   0.06400    0.818472E-06
   0.06600    0.107649E-05
   0.06800    0.138176E-05
   0.07000    0.173086E-05
   0.07200    0.211589E-05
   0.07400    0.252412E-05
   0.07600    0.293831E-05
   0.07800    0.333756E-05
   0.08000    0.369893E-05
   0.08200    0.399940E-05
   0.08400    0.421822E-05
   0.08600    0.433915E-05
   0.08800    0.435229E-05
   0.09000    0.425530E-05
   0.09200    0.405365E-05
   0.09400    0.376005E-05
   0.09600    0.339297E-05
   0.09800    0.297461E-05
   0.10000    0.252858E-05
   0.10200    0.207760E-05
   0.10400    0.164163E-05
   0.10600    0.123650E-05
   0.10800    0.873234E-06
   0.11000    0.558005E-06
   0.11200    0.292666E-06
   0.11400    0.756045E-07
   0.11600   -0.972101E-07
   0.11800   -0.231185E-06
   0.12000   -0.332207E-06
   0.12200   -0.405972E-06
   0.12400   -0.457561E-06
   0.12600   -0.491256E-06
   0.12800   -0.510532E-06
   0.13000   -0.518178E-06
   0.13200   -0.516464E-06
   0.13400   -0.507307E-06
   0.13600   -0.492408E-06
   0.13800   -0.473332E-06
   0.14000   -0.451531E-06
   0.14200   -0.428337E-06
   0.14400   -0.404923E-06
   0.14600   -0.382266E-06
   0.14800   -0.361132E-06
   0.15000   -0.342018E-06
   0.15200   -0.325218E-06
   0.15400   -0.310848E-06
   0.15600   -0.298867E-06
   0.15800   -0.289121E-06
   0.16000   -0.281394E-06
   0.16200   -0.275433E-06
   0.16400   -0.270975E-06
   0.16600   -0.267752E-06
   0.16800   -0.265495E-06
   0.17000   -0.263933E-06
   0.17200   -0.262790E-06
   0.17400   -0.261792E-06
   0.17600   -0.260669E-06
   0.17800   -0.259175E-06
   0.18000   -0.257104E-06
   0.18200   -0.254309E-06
   0.18400   -0.250714E-06
   0.18600   -0.246328E-06
   0.18800   -0.241239E-06
   0.19000   -0.235606E-06
   0.19200   -0.229636E-06
   0.19400   -0.223560E-06
   0.19600   -0.217608E-06
   0.19800   -0.211977E-06
   0.20000   -0.206818E-06
   0.20200   -0.202222E-06
   0.20400   -0.198219E-06
   0.20600   -0.194784E-06
   0.20800   -0.191853E-06
   0.21000   -0.189341E-06
   0.21200   -0.187158E-06
   0.21400   -0.185230E-06
   0.21600   -0.183501E-06
   0.21800   -0.181947E-06
   0.22000   -0.180566E-06
   0.22200   -0.179370E-06
   0.22400   -0.178378E-06
   0.22600   -0.177600E-06
   0.22800   -0.177029E-06
   0.23000   -0.176633E-06
   0.23200   -0.176358E-06
   0.23400   -0.176127E-06
   0.23600   -0.175853E-06
   0.23800   -0.175445E-06
   0.24000   -0.174823E-06
   0.24200   -0.173923E-06
   0.24400   -0.172704E-06
   0.24600   -0.171150E-06
   0.24800   -0.169270E-06
   0.25000   -0.167093E-06
   0.25200   -0.164662E-06
   0.25400   -0.162032E-06
   0.25600   -0.159259E-06
   0.25800   -0.156405E-06
   0.26000   -0.153532E-06
   0.26200   -0.150702E-06
   0.26400   -0.147981E-06
   0.26600   -0.145434E-06
   0.26800   -0.143126E-06
   0.27000   -0.141120E-06
   0.27200   -0.139472E-06
   0.27400   -0.138220E-06
   0.27600   -0.137384E-06
   0.27800   -0.136957E-06
   0.28000   -0.136903E-06
   0.28200   -0.137155E-06
   0.28400   -0.137617E-06
   0.28600   -0.138176E-06
   0.28800   -0.138701E-06
   0.29000   -0.139065E-06
   0.29200   -0.139146E-06
   0.29400   -0.138848E-06
   0.29600   -0.138100E-06
   0.29800   -0.136871E-06
   0.30000   -0.135168E-06
   0.30200   -0.133039E-06
   0.30400   -0.130569E-06
   0.30600   -0.127871E-06
   0.30800   -0.125080E-06
   0.31000   -0.122338E-06
   0.31200   -0.119785E-06
   0.31400   -0.117543E-06
   0.31600   -0.115708E-06
   0.31800   -0.114342E-06
   0.32000   -0.113466E-06
   0.32200   -0.113063E-06
   0.32400   -0.113077E-06
   0.32600   -0.113424E-06
   0.32800   -0.113994E-06
   0.33000   -0.114672E-06
   0.33200   -0.115336E-06
   0.33400   -0.115875E-06
   0.33600   -0.116193E-06
   0.33800   -0.116214E-06
   0.34000   -0.115886E-06
   0.34200   -0.115185E-06
   0.34400   -0.114112E-06
   0.34600   -0.112694E-06
   0.34800   -0.110981E-06
   0.35000   -0.109047E-06
   0.35200   -0.106979E-06
   0.35400   -0.104877E-06
   0.35600   -0.102844E-06
   0.35800   -0.100979E-06
   0.36000   -0.993698E-07
   0.36200   -0.980817E-07
   0.36400   -0.971558E-07
   0.36600   -0.966033E-07
   0.36800   -0.964050E-07
   0.37000   -0.965136E-07
   0.37200   -0.968583E-07
   0.37400   -0.973513E-07
   0.37600   -0.978958E-07
   0.37800   -0.983936E-07
   0.38000   -0.987528E-07
   0.38200   -0.988940E-07
   0.38400   -0.987564E-07
   0.38600   -0.983012E-07
   0.38800   -0.975152E-07
   0.39000   -0.964117E-07
   0.39200   -0.950309E-07
   0.39400   -0.934377E-07
   0.39600   -0.917177E-07
   0.39800   -0.899708E-07
   0.40000   -0.883033E-07
   0.40200   -0.868178E-07
   0.40400   -0.856033E-07
   0.40600   -0.847260E-07
   0.40800   -0.842220E-07
   0.41000   -0.840933E-07
   0.41200   -0.843076E-07
   0.41400   -0.848017E-07
   0.41600   -0.854890E-07
   0.41800   -0.862679E-07
   0.42000   -0.870332E-07
   0.42200   -0.876855E-07
   0.42400   -0.881399E-07
   0.42600   -0.883331E-07
   0.42800   -0.882269E-07
   0.43000   -0.878102E-07
   0.43200   -0.870974E-07
   0.43400   -0.861263E-07
   0.43600   -0.849535E-07
   0.43800   -0.836487E-07
   0.44000   -0.822890E-07
   0.44200   -0.809523E-07
   0.44400   -0.797112E-07
   0.44600   -0.786273E-07
   0.44800   -0.777472E-07
   0.45000   -0.770995E-07
   0.45200   -0.766939E-07
   0.45400   -0.765218E-07
   0.45600   -0.765585E-07
   0.45800   -0.767665E-07
   0.46000   -0.770984E-07
   0.46200   -0.775010E-07
   0.46400   -0.779179E-07
   0.46600   -0.782927E-07
   0.46800   -0.785708E-07
   0.47000   -0.787025E-07
   0.47200   -0.786455E-07
   0.47400   -0.783686E-07
   0.47600   -0.778547E-07
   0.47800   -0.771042E-07
   0.48000   -0.761377E-07
   0.48200   -0.749966E-07
   0.48400   -0.737417E-07
   0.48600   -0.724495E-07
   0.48800   -0.712057E-07
   0.49000   -0.700974E-07
   0.49200   -0.692036E-07
   0.49400   -0.685869E-07
   0.49600   -0.682856E-07
   0.49800   -0.683091E-07
   0.50000   -0.686359E-07
   0.50200   -0.692151E-07
   0.50400   -0.699716E-07
   0.50600   -0.708131E-07
   0.50800   -0.716392E-07
   0.51000   -0.723517E-07
   0.51200   -0.728637E-07
   0.51400   -0.731078E-07
   0.51600   -0.730420E-07
   0.51800   -0.726535E-07
   0.52000   -0.719587E-07
   0.52200   -0.710013E-07
   0.52400   -0.698475E-07
   0.52600   -0.685797E-07
   0.52800   -0.672882E-07
   0.53000   -0.660635E-07
   0.53200   -0.649879E-07
   0.53400   -0.641294E-07
   0.53600   -0.635355E-07
   0.53800   -0.632307E-07
   0.54000   -0.632144E-07
   0.54200   -0.634622E-07
   0.54400   -0.639280E-07
   0.54600   -0.645484E-07
   0.54800   -0.652480E-07
   0.55000   -0.659453E-07
   0.55200   -0.665599E-07
   0.55400   -0.670191E-07
   0.55600   -0.672646E-07
   0.55800   -0.672574E-07
   0.56000   -0.669826E-07
   0.56200   -0.664514E-07
   0.56400   -0.657016E-07
   0.56600   -0.647945E-07
   0.56800   -0.638117E-07
   0.57000   -0.628469E-07
   0.57200   -0.619986E-07
   0.57400   -0.613644E-07
   0.57600   -0.610272E-07
   0.57800   -0.610533E-07
   0.58000   -0.614843E-07
   0.58200   -0.623357E-07
   0.58400   -0.635969E-07
   0.58600   -0.652341E-07
   0.58800   -0.671955E-07
   0.59000   -0.694178E-07
   0.59200   -0.718335E-07
   0.59400   -0.743778E-07
   0.59600   -0.769941E-07
   0.59800   -0.796366E-07
   0.60000   -0.822716E-07
   0.60200   -0.848744E-07
   0.60400   -0.874249E-07
   0.60600   -0.899021E-07
   0.60800   -0.922785E-07
   0.61000   -0.945174E-07
   0.61200   -0.965720E-07
   0.61400   -0.983905E-07
   0.61600   -0.999233E-07
   0.61800   -0.101135E-06
   0.62000   -0.102012E-06
   0.62200   -0.102576E-06
   0.62400   -0.102878E-06
   0.62600   -0.103002E-06
   0.62800   -0.103046E-06
   0.63000   -0.103106E-06
   0.63200   -0.103254E-06
   0.63400   -0.103522E-06
   0.63600   -0.103884E-06
   0.63800   -0.104261E-06
   0.64000   -0.104524E-06
   0.64200   -0.104514E-06
   0.64400   -0.104068E-06
   0.64600   -0.103049E-06
   0.64800   -0.101365E-06
   0.65000   -0.989873E-07
   0.65200   -0.959593E-07
   0.65400   -0.923877E-07
   0.65600   -0.884300E-07
   0.65800   -0.842730E-07
   0.66000   -0.801101E-07
   0.66200   -0.761192E-07
   0.66400   -0.724448E-07
   0.66600   -0.691874E-07
   0.66800   -0.663987E-07
   0.67000   -0.640837E-07
   0.67200   -0.622074E-07
   0.67400   -0.607047E-07
   0.67600   -0.594924E-07
   0.67800   -0.584807E-07
   0.68000   -0.575832E-07
   0.68200   -0.567262E-07
   0.68400   -0.558538E-07
   0.68600   -0.549324E-07
   0.68800   -0.539517E-07
   0.69000   -0.529222E-07
   0.69200   -0.518739E-07
   0.69400   -0.508496E-07
   0.69600   -0.498976E-07
   0.69800   -0.490703E-07
   0.70000   -0.484111E-07
   0.70200   -0.479533E-07
   0.70400   -0.477131E-07
   0.70600   -0.476887E-07
   0.70800   -0.478581E-07
   0.71000   -0.481826E-07
   0.71200   -0.486097E-07
   0.71400   -0.490787E-07
   0.71600   -0.495275E-07
   0.71800   -0.498978E-07
   0.72000   -0.501429E-07
   0.72200   -0.502303E-07
   0.72400   -0.501454E-07
   0.72600   -0.498914E-07
   0.72800   -0.494881E-07
   0.73000   -0.489683E-07
   0.73200   -0.483731E-07
   0.73400   -0.477476E-07
   0.73600   -0.471354E-07
   0.73800   -0.465750E-07
   0.74000   -0.460964E-07
   0.74200   -0.457198E-07
   0.74400   -0.454546E-07
   0.74600   -0.453004E-07
   0.74800   -0.452476E-07
   0.75000   -0.452792E-07
   0.75200   -0.453722E-07
   0.75400   -0.454994E-07
   0.75600   -0.456305E-07
   0.75800   -0.457341E-07
   0.76000   -0.457795E-07
   0.76200   -0.457387E-07
   0.76400   -0.455892E-07
   0.76600   -0.453162E-07
   0.76800   -0.449155E-07
   0.77000   -0.443944E-07
   0.77200   -0.437730E-07
   0.77400   -0.430828E-07
   0.77600   -0.423649E-07
   0.77800   -0.416661E-07
   0.78000   -0.410341E-07
   0.78200   -0.405125E-07
   0.78400   -0.401358E-07
   0.78600   -0.399247E-07
   0.78800   -0.398836E-07
   0.79000   -0.399990E-07
   0.79200   -0.402403E-07
   0.79400   -0.405626E-07
   0.79600   -0.409108E-07
   0.79800   -0.412261E-07
   0.80000   -0.414520E-07
   0.80200   -0.415409E-07
   0.80400   -0.414603E-07
   0.80600   -0.411963E-07
   0.80800   -0.407564E-07
   0.81000   -0.401682E-07
   0.81200   -0.394771E-07
   0.81400   -0.387408E-07
   0.81600   -0.380227E-07
   0.81800   -0.373843E-07
   0.82000   -0.368782E-07
   0.82200   -0.365417E-07
   0.82400   -0.363928E-07
   0.82600   -0.364279E-07
   0.82800   -0.366222E-07
   0.83000   -0.369325E-07
   0.83200   -0.373021E-07
   0.83400   -0.376665E-07
   0.83600   -0.379608E-07
   0.83800   -0.381262E-07
   0.84000   -0.381168E-07
   0.84200   -0.379042E-07
   0.84400   -0.374808E-07
   0.84600   -0.368609E-07
   0.84800   -0.360785E-07
   0.85000   -0.351848E-07
   0.85200   -0.342420E-07
   0.85400   -0.333174E-07
   0.85600   -0.324764E-07
   0.85800   -0.317760E-07
   0.86000   -0.312597E-07
   0.86200   -0.309532E-07
   0.86400   -0.308631E-07
   0.86600   -0.309767E-07
   0.86800   -0.312634E-07
   0.87000   -0.316786E-07
   0.87200   -0.321679E-07
   0.87400   -0.326723E-07
   0.87600   -0.331336E-07
   0.87800   -0.334992E-07
   0.88000   -0.337271E-07
   0.88200   -0.337888E-07
   0.88400   -0.336720E-07
   0.88600   -0.333805E-07
   0.88800   -0.329334E-07
   0.89000   -0.323624E-07
   0.89200   -0.317081E-07
   0.89400   -0.310149E-07
   0.89600   -0.303265E-07
   0.89800   -0.296814E-07
   0.90000   -0.291089E-07
   0.90200   -0.286272E-07
   0.90400   -0.282422E-07
   0.90600   -0.279481E-07
   0.90800   -0.277299E-07
   0.91000   -0.275658E-07
   0.91200   -0.274310E-07
   0.91400   -0.273014E-07
   0.91600   -0.271570E-07
   0.91800   -0.269844E-07
   0.92000   -0.267783E-07
   0.92200   -0.265419E-07
   0.92400   -0.262861E-07
   0.92600   -0.260272E-07
   0.92800   -0.257845E-07
   0.93000   -0.255765E-07
   0.93200   -0.254182E-07
   0.93400   -0.253178E-07
   0.93600   -0.252753E-07
   0.93800   -0.252817E-07
   0.94000   -0.253194E-07
   0.94200   -0.253639E-07
   0.94400   -0.253868E-07
   0.94600   -0.253591E-07
   0.94800   -0.252548E-07
   0.95000   -0.250542E-07
   0.95200   -0.247470E-07
   0.95400   -0.243336E-07
   0.95600   -0.238260E-07
   0.95800   -0.232470E-07
   0.96000   -0.226280E-07
   0.96200   -0.220056E-07
   0.96400   -0.214182E-07
   0.96600   -0.209010E-07
   0.96800   -0.204828E-07
   0.97000   -0.201818E-07
   0.97200   -0.200040E-07
   0.97400   -0.199418E-07
   0.97600   -0.199747E-07
   0.97800   -0.200716E-07
   0.98000   -0.201931E-07
   0.98200   -0.202966E-07
   0.98400   -0.203398E-07
   0.98600   -0.202856E-07
   0.98800   -0.201063E-07
   0.99000   -0.197870E-07
   0.99200   -0.193272E-07
   0.99400   -0.187419E-07
   0.99600   -0.180604E-07
   0.99800   -0.173238E-07
   1.00000   -0.165804E-07
   1.00200   -0.158808E-07
   1.00400   -0.152720E-07
   1.00600   -0.147919E-07
   1.00800   -0.144642E-07
   1.01000   -0.142954E-07
   1.01200   -0.142735E-07
   1.01400   -0.143689E-07
   1.01600   -0.145379E-07
   1.01800   -0.147272E-07
   1.02000   -0.148802E-07
   1.02200   -0.149444E-07
   1.02400   -0.148769E-07
   1.02600   -0.146502E-07
   1.02800   -0.142555E-07
   1.03000   -0.137036E-07
   1.03200   -0.130241E-07
   1.03400   -0.122611E-07
   1.03600   -0.114682E-07
   1.03800   -0.107017E-07
   1.04000   -0.100136E-07
   1.04200   -0.944527E-08
   1.04400   -0.902243E-08
   1.04600   -0.875221E-08
   1.04800   -0.862250E-08
   1.05000   -0.860367E-08
   1.05200   -0.865259E-08
   1.05400   -0.871812E-08
   1.05600   -0.874766E-08
   1.05800   -0.869390E-08
   1.06000   -0.852081E-08
   1.06200   -0.820836E-08
   1.06400   -0.775525E-08
   1.06600   -0.717926E-08
   1.06800   -0.651523E-08
   1.07000   -0.581089E-08
   1.07200   -0.512085E-08
   1.07400   -0.449965E-08
   1.07600   -0.399482E-08
   1.07800   -0.364069E-08
   1.08000   -0.345394E-08
   1.08200   -0.343137E-08
   1.08400   -0.355043E-08
   1.08600   -0.377209E-08
   1.08800   -0.404585E-08
   1.09000   -0.431629E-08
   1.09200   -0.453003E-08
   1.09400   -0.464236E-08
   1.09600   -0.462254E-08
   1.09800   -0.445722E-08
   1.10000   -0.415143E-08
   1.10200   -0.372708E-08
   1.10400   -0.321936E-08
   1.10600   -0.267138E-08
   1.10800   -0.212787E-08
   1.11000   -0.162890E-08
   1.11200   -0.120436E-08
   1.11400   -0.869991E-09
   1.11600   -0.625532E-09
   1.11800   -0.455093E-09
   1.12000   -0.329715E-09
   1.12200   -0.211706E-09
   1.12400   -0.601857E-10
   1.12600    0.162930E-09
   1.12800    0.487270E-09
   1.13000    0.929438E-09
   1.13200    0.149013E-08
   1.13400    0.215333E-08
   1.13600    0.288777E-08
   1.13800    0.365052E-08
   1.14000    0.439224E-08
   1.14200    0.506345E-08
   1.14400    0.562120E-08
   1.14600    0.603497E-08
   1.14800    0.629117E-08
   1.15000    0.639537E-08
   1.15200    0.637212E-08
   1.15400    0.626234E-08
   1.15600    0.611823E-08
   1.15800    0.599674E-08
   1.16000    0.595227E-08
   1.16200    0.602960E-08
   1.16400    0.625803E-08
   1.16600    0.664755E-08
   1.16800    0.718747E-08
   1.17000    0.784791E-08
   1.17200    0.858379E-08
   1.17400    0.934081E-08
   1.17600    0.100626E-07
   1.17800    0.106983E-07
   1.18000    0.112088E-07
   1.18200    0.115718E-07
   1.18400    0.117841E-07
   1.18600    0.118617E-07
   1.18800    0.118362E-07
   1.19000    0.117506E-07
   1.19200    0.116522E-07
   1.19400    0.115860E-07
   1.19600    0.115882E-07
   1.19800    0.116816E-07
   1.20000    0.118723E-07
   1.20200    0.121497E-07
   1.20400    0.124890E-07
   1.20600    0.128556E-07
   1.20800    0.132109E-07
   1.21000    0.135192E-07
   1.21200    0.137538E-07
   1.21400    0.139013E-07
   1.21600    0.139643E-07
   1.21800    0.139613E-07
   1.22000    0.139236E-07
   1.22200    0.138908E-07
   1.22400    0.139038E-07
   1.22600    0.139986E-07
   1.22800    0.141997E-07
   1.23000    0.145160E-07
   1.23200    0.149390E-07
   1.23400    0.154430E-07
   1.23600    0.159895E-07
   1.23800    0.165324E-07
   1.24000    0.170258E-07
   1.24200    0.174308E-07
   1.24400    0.177225E-07
   1.24600    0.178940E-07
   1.24800    0.179585E-07
   1.25000    0.179482E-07
   1.25200    0.179096E-07
   1.25400    0.178972E-07
   1.25600    0.179656E-07
   1.25800    0.181615E-07
   1.26000    0.185162E-07
   1.26200    0.190411E-07
   1.26400    0.197253E-07
   1.26600    0.205368E-07
   1.26800    0.214266E-07
   1.27000    0.223355E-07
   1.27200    0.232021E-07
   1.27400    0.239715E-07
   1.27600    0.246024E-07
   1.27800    0.250723E-07
   1.28000    0.253802E-07
   1.28200    0.255454E-07
   1.28400    0.256036E-07
   1.28600    0.256001E-07
   1.28800    0.255827E-07
   1.29000    0.255933E-07
   1.29200    0.256614E-07
   1.29400    0.257997E-07
   1.29600    0.260027E-07
   1.29800    0.262481E-07
   1.30000    0.265019E-07
   1.30200    0.267242E-07
   1.30400    0.268778E-07
   1.30600    0.269343E-07
   1.30800    0.268804E-07
   1.31000    0.267210E-07
   1.31200    0.264789E-07
   1.31400    0.261921E-07
   1.31600    0.259079E-07
   1.31800    0.256761E-07
   1.32000    0.255410E-07
   1.32200    0.255348E-07
   1.32400    0.256726E-07
   1.32600    0.259508E-07
   1.32800    0.263479E-07
   1.33000    0.268288E-07
   1.33200    0.273513E-07
   1.33400    0.278733E-07
   1.33600    0.283606E-07
   1.33800    0.287925E-07
   1.34000    0.291652E-07
   1.34200    0.294919E-07
   1.34400    0.297993E-07
   1.34600    0.301222E-07
   1.34800    0.304952E-07
   1.35000    0.309447E-07
   1.35200    0.314820E-07
   1.35400    0.320988E-07
   1.35600    0.327662E-07
   1.35800    0.334375E-07
   1.36000    0.340545E-07
   1.36200    0.345568E-07
   1.36400    0.348913E-07
   1.36600    0.350221E-07
   1.36800    0.349377E-07
   1.37000    0.346545E-07
   1.37200    0.342155E-07
   1.37400    0.336859E-07
   1.37600    0.331438E-07
   1.37800    0.326696E-07
   1.38000    0.323340E-07
   1.38200    0.321888E-07
   1.38400    0.322599E-07
   1.38600    0.325446E-07
   1.38800    0.330137E-07
   1.39000    0.336177E-07
   1.39200    0.342955E-07
   1.39400    0.349848E-07
   1.39600    0.356318E-07
   1.39800    0.361987E-07
   1.40000    0.366672E-07
   1.40200    0.370387E-07
   1.40400    0.373302E-07
   1.40600    0.375680E-07
   1.40800    0.377787E-07
   1.41000    0.379823E-07
   1.41200    0.381861E-07
   1.41400    0.383819E-07
   1.41600    0.385474E-07
   1.41800    0.386507E-07
   1.42000    0.386577E-07
   1.42200    0.385405E-07
   1.42400    0.382849E-07
   1.42600    0.378964E-07
   1.42800    0.374021E-07
   1.43000    0.368487E-07
   1.43200    0.362971E-07
   1.43400    0.358137E-07
   1.43600    0.354607E-07
   1.43800    0.352869E-07
   1.44000    0.353202E-07
   1.44200    0.355640E-07
   1.44400    0.359970E-07
   1.44600    0.365774E-07
   1.44800    0.372494E-07
   1.45000    0.379518E-07
   1.45200    0.386268E-07
   1.45400    0.392264E-07
   1.45600    0.397180E-07
   1.45800    0.400852E-07
   1.46000    0.403268E-07
   1.46200    0.404531E-07
   1.46400    0.404813E-07
   1.46600    0.404308E-07
   1.46800    0.403192E-07
   1.47000    0.401609E-07
   1.47200    0.399675E-07
   1.47400    0.397494E-07
   1.47600    0.395191E-07
   1.47800    0.392943E-07
   1.48000    0.390994E-07
   1.48200    0.389655E-07
   1.48400    0.389283E-07
   1.48600    0.390227E-07
   1.48800    0.392774E-07
   1.49000    0.397085E-07
   1.49200    0.403136E-07
   1.49400    0.410697E-07
   1.49600    0.419325E-07
   1.49800    0.428408E-07
   1.50000    0.437233E-07
   1.50200    0.445076E-07
   1.50400    0.451303E-07
   1.50600    0.455454E-07
   1.50800    0.457315E-07
   1.51000    0.456938E-07
   1.51200    0.454630E-07
   1.51400    0.450905E-07
   1.51600    0.446396E-07
   1.51800    0.441771E-07
   1.52000    0.437638E-07
   1.52200    0.434471E-07
   1.52400    0.432571E-07
   1.52600    0.432052E-07
   1.52800    0.432860E-07
   1.53000    0.434816E-07
   1.53200    0.437670E-07
   1.53400    0.441151E-07
   1.53600    0.445010E-07
   1.53800    0.449044E-07
   1.54000    0.453110E-07
   1.54200    0.457108E-07
   1.54400    0.460980E-07
   1.54600    0.464685E-07
   1.54800    0.468204E-07
   1.55000    0.471531E-07
   1.55200    0.474691E-07
   1.55400    0.477750E-07
   1.55600    0.480828E-07
   1.55800    0.484096E-07
   1.56000    0.487766E-07
   1.56200    0.492054E-07
   1.56400    0.497141E-07
   1.56600    0.503121E-07
   1.56800    0.509959E-07
   1.57000    0.517461E-07
   1.57200    0.525275E-07
   1.57400    0.532917E-07
   1.57600    0.539826E-07
   1.57800    0.545449E-07
   1.58000    0.549320E-07
   1.58200    0.551146E-07
   1.58400    0.550864E-07
   1.58600    0.548664E-07
   1.58800    0.544983E-07
   1.59000    0.540446E-07
   1.59200    0.535790E-07
   1.59400    0.531761E-07
   1.59600    0.529021E-07
   1.59800    0.528062E-07
   1.60000    0.529150E-07
   1.60200    0.532311E-07
   1.60400    0.537340E-07
   1.60600    0.543854E-07
   1.60800    0.551352E-07
   1.61000    0.559292E-07
   1.61200    0.567154E-07
   1.61400    0.574497E-07
   1.61600    0.580985E-07
   1.61800    0.586409E-07
   1.62000    0.590674E-07
   1.62200    0.593786E-07
   1.62400    0.595831E-07
   1.62600    0.596951E-07
   1.62800    0.597327E-07
   1.63000    0.597161E-07
   1.63200    0.596665E-07
   1.63400    0.596050E-07
   1.63600    0.595515E-07
   1.63800    0.595231E-07
   1.64000    0.595341E-07
   1.64200    0.595946E-07
   1.64400    0.597114E-07
   1.64600    0.598882E-07
   1.64800    0.601277E-07
   1.65000    0.604326E-07
   1.65200    0.608077E-07
   1.65400    0.612596E-07
   1.65600    0.617961E-07
   1.65800    0.624242E-07
   1.66000    0.631463E-07
   1.66200    0.639571E-07
   1.66400    0.648408E-07
   1.66600    0.657695E-07
   1.66800    0.667048E-07
   1.67000    0.676009E-07
   1.67200    0.684110E-07
   1.67400    0.690936E-07
   1.67600    0.696198E-07
   1.67800    0.699781E-07
   1.68000    0.701773E-07
   1.68200    0.702454E-07
   1.68400    0.702257E-07
   1.68600    0.701707E-07
   1.68800    0.701340E-07
   1.69000    0.701630E-07
   1.69200    0.702933E-07
   1.69400    0.705455E-07
   1.69600    0.709243E-07
   1.69800    0.714209E-07
   1.70000    0.720171E-07
   1.70200    0.726896E-07
   1.70400    0.734142E-07
   1.70600    0.741691E-07
   1.70800    0.749360E-07
   1.71000    0.757003E-07
   1.71200    0.764504E-07
   1.71400    0.771756E-07
   1.71600    0.778658E-07
   1.71800    0.785109E-07
   1.72000    0.791011E-07
   1.72200    0.796283E-07
   1.72400    0.800881E-07
   1.72600    0.804808E-07
   1.72800    0.808127E-07
   1.73000    0.810961E-07
   1.73200    0.813485E-07
   1.73400    0.815911E-07
   1.73600    0.818469E-07
   1.73800    0.821381E-07
   1.74000    0.824843E-07
   1.74200    0.829005E-07
   1.74400    0.833962E-07
   1.74600    0.839747E-07
   1.74800    0.846330E-07
   1.75000    0.853627E-07
   1.75200    0.861508E-07
   1.75400    0.869816E-07
   1.75600    0.878388E-07
   1.75800    0.887070E-07
   1.76000    0.895743E-07
   1.76200    0.904330E-07
   1.76400    0.912814E-07
   1.76600    0.921231E-07
   1.76800    0.929666E-07
   1.77000    0.938239E-07
   1.77200    0.947085E-07
   1.77400    0.956335E-07
   1.77600    0.966094E-07
   1.77800    0.976429E-07
   1.78000    0.987360E-07
   1.78200    0.998849E-07
   1.78400    0.101081E-06
   1.78600    0.102309E-06
   1.78800    0.103553E-06
   1.79000    0.104790E-06
   1.79200    0.106001E-06
   1.79400    0.107164E-06
   1.79600    0.108266E-06
   1.79800    0.109296E-06
   1.80000    0.110256E-06
   1.80200    0.111157E-06
   1.80400    0.112020E-06
   1.80600    0.112877E-06
   1.80800    0.113765E-06
   1.81000    0.114723E-06
   1.81200    0.115788E-06
   1.81400    0.116990E-06
   1.81600    0.118345E-06
   1.81800    0.119857E-06
   1.82000    0.121516E-06
   1.82200    0.123296E-06
   1.82400    0.125164E-06
   1.82600    0.127080E-06
   1.82800    0.129005E-06
   1.83000    0.130904E-06
   1.83200    0.132754E-06
   1.83400    0.134545E-06
   1.83600    0.136279E-06
   1.83800    0.137975E-06
   1.84000    0.139664E-06
   1.84200    0.141383E-06
   1.84400    0.143171E-06
   1.84600    0.145064E-06
   1.84800    0.147088E-06
   1.85000    0.149258E-06
   1.85200    0.151576E-06
   1.85400    0.154030E-06
   1.85600    0.156600E-06
   1.85800    0.159259E-06
   1.86000    0.161983E-06
   1.86200    0.164749E-06
   1.86400    0.167540E-06
   1.86600    0.170351E-06
   1.86800    0.173183E-06
   1.87000    0.176038E-06
   1.87200    0.178924E-06
   1.87400    0.181843E-06
   1.87600    0.184794E-06
   1.87800    0.187766E-06
   1.88000    0.190742E-06
   1.88200    0.193703E-06
   1.88400    0.196623E-06
   1.88600    0.199486E-06
   1.88800    0.202281E-06
   1.89000    0.205020E-06
   1.89200    0.207738E-06
   1.89400    0.210517E-06
   1.89600    0.213474E-06
   1.89800    0.216796E-06
   1.90000    0.220755E-06
   1.90200    0.225700E-06
   1.90400    0.232074E-06
   1.90600    0.240408E-06
   1.90800    0.251301E-06
   1.91000    0.265392E-06
   1.91200    0.283313E-06
   1.91400    0.305628E-06
   1.91600    0.332757E-06
   1.91800    0.364901E-06
   1.92000    0.401952E-06
   1.92200    0.443421E-06
   1.92400    0.488363E-06
   1.92600    0.535326E-06
   1.92800    0.582310E-06
   1.93000    0.626774E-06
   1.93200    0.665670E-06
   1.93400    0.695542E-06
   1.93600    0.712691E-06
   1.93800    0.713413E-06
   1.94000    0.694306E-06
   1.94200    0.652628E-06
   1.94400    0.586674E-06
   1.94600    0.496110E-06
   1.94800    0.382218E-06
   1.95000    0.248001E-06
   1.95200    0.980926E-07
   1.95400   -0.615213E-07
   1.95600   -0.223962E-06
   1.95800   -0.382035E-06
   1.96000   -0.528864E-06
   1.96200   -0.658471E-06
   1.96400   -0.766254E-06
   1.96600   -0.849276E-06
   1.96800   -0.906358E-06
   1.97000   -0.937973E-06
   1.97200   -0.945993E-06
   1.97400   -0.933325E-06
   1.97600   -0.903525E-06
   1.97800   -0.860420E-06
   1.98000   -0.807802E-06
   1.98200   -0.749200E-06
   1.98400   -0.687740E-06
   1.98600   -0.626069E-06
   1.98800   -0.566342E-06
   1.99000   -0.510230E-06
   1.99200   -0.458947E-06
   1.99400   -0.413275E-06
   1.99600   -0.373596E-06
   1.99800   -0.339918E-06
   2.00000   -0.311912E-06
   2.00200   -0.288964E-06
   2.00400   -0.270235E-06
   2.00600   -0.254746E-06
   2.00800   -0.241470E-06
   2.01000   -0.229427E-06
   2.01200   -0.217785E-06
   2.01400   -0.205925E-06
   2.01600   -0.193507E-06
   2.01800   -0.180474E-06
   2.02000   -0.167054E-06
   2.02200   -0.153709E-06
   2.02400   -0.141039E-06
   2.02600   -0.129701E-06
   2.02800   -0.120305E-06
   2.03000   -0.113323E-06
   2.03200   -0.109024E-06
   2.03400   -0.107431E-06
   2.03600   -0.108333E-06
   2.03800   -0.111307E-06
   2.04000   -0.115788E-06
   2.04200   -0.121143E-06
   2.04400   -0.126751E-06
   2.04600   -0.132069E-06
   2.04800   -0.136677E-06
   2.05000   -0.140309E-06
   2.05200   -0.142846E-06
   2.05400   -0.144298E-06
   2.05600   -0.144772E-06
   2.05800   -0.144427E-06
   2.06000   -0.143444E-06
   2.06200   -0.141987E-06
   2.06400   -0.140187E-06
   2.06600   -0.138131E-06
   2.06800   -0.135856E-06
   2.07000   -0.133360E-06
   2.07200   -0.130607E-06
   2.07400   -0.127546E-06
   2.07600   -0.124121E-06
   2.07800   -0.120284E-06
   2.08000   -0.116008E-06
   2.08200   -0.111291E-06
   2.08400   -0.106164E-06
   2.08600   -0.100690E-06
   2.08800   -0.949641E-07
   2.09000   -0.891081E-07
   2.09200   -0.832639E-07
   2.09400   -0.775851E-07
   2.09600   -0.722280E-07
   2.09800   -0.673421E-07
   2.10000   -0.630604E-07
   2.10200   -0.594906E-07
   2.10400   -0.567050E-07
   2.10600   -0.547337E-07
   2.10800   -0.535582E-07
   2.11000   -0.531094E-07
   2.11200   -0.532682E-07
   2.11400   -0.538716E-07
   2.11600   -0.547238E-07
   2.11800   -0.556124E-07
   2.12000   -0.563254E-07
   2.12200   -0.566709E-07
   2.12400   -0.564954E-07
   2.12600   -0.556974E-07
   2.12800   -0.542355E-07
   2.13000   -0.521313E-07
   2.13200   -0.494633E-07
   2.13400   -0.463584E-07
   2.13600   -0.429778E-07
   2.13800   -0.395004E-07
   2.14000   -0.361057E-07
   2.14200   -0.329583E-07
   2.14400   -0.301947E-07
   2.14600   -0.279125E-07
   2.14800   -0.261653E-07
   2.15000   -0.249607E-07
   2.15200   -0.242628E-07
   2.15400   -0.239988E-07
   2.15600   -0.240679E-07
   2.15800   -0.243511E-07
   2.16000   -0.247222E-07
   2.16200   -0.250569E-07
   2.16400   -0.252412E-07
   2.16600   -0.251774E-07
   2.16800   -0.247886E-07
   2.17000   -0.240220E-07
   2.17200   -0.228505E-07
   2.17400   -0.212742E-07
   2.17600   -0.193202E-07
   2.17800   -0.170397E-07
   2.18000   -0.145052E-07
   2.18200   -0.118037E-07
   2.18400   -0.902880E-08
   2.18600   -0.627224E-08
   2.18800   -0.361359E-08
   2.19000   -0.111215E-08
   2.19200    0.119989E-08
   2.19400    0.331980E-08
   2.19600    0.527548E-08
   2.19800    0.712071E-08
   2.20000    0.892848E-08
   2.20200    0.107846E-07
   2.20400    0.127804E-07
   2.20600    0.150046E-07
   2.20800    0.175390E-07
   2.21000    0.204560E-07
   2.21200    0.238179E-07
   2.21400    0.276774E-07
   2.21600    0.320792E-07
   2.21800    0.370604E-07
   2.22000    0.426501E-07
   2.22200    0.488669E-07
   2.22400    0.557132E-07
   2.22600    0.631683E-07
   2.22800    0.711768E-07
   2.23000    0.796354E-07
   2.23200    0.883773E-07
   2.23400    0.971561E-07
   2.23600    0.105632E-06
   2.23800    0.113362E-06
   2.24000    0.119806E-06
   2.24200    0.124337E-06
   2.24400    0.126281E-06
   2.24600    0.124964E-06
   2.24800    0.119786E-06
   2.25000    0.110292E-06
   2.25200    0.962500E-07
   2.25400    0.777146E-07
   2.25600    0.550600E-07
   2.25800    0.289823E-07
   2.26000    0.460528E-09
   2.26200   -0.293195E-07
   2.26400   -0.590696E-07
   2.26600   -0.875183E-07
   2.26800   -0.113528E-06
   2.27000   -0.136192E-06
   2.27200   -0.154905E-06
   2.27400   -0.169386E-06
   2.27600   -0.179674E-06
   2.27800   -0.186080E-06
   2.28000   -0.189118E-06
   2.28200   -0.189430E-06
   2.28400   -0.187701E-06
   2.28600   -0.184596E-06
   2.28800   -0.180702E-06
   2.29000   -0.176501E-06
   2.29200   -0.172354E-06
   2.29400   -0.168507E-06
   2.29600   -0.165102E-06
   2.29800   -0.162199E-06
   2.30000   -0.159800E-06
   2.30200   -0.157869E-06
   2.30400   -0.156349E-06
   2.30600   -0.155174E-06
   2.30800   -0.154281E-06
   2.31000   -0.153611E-06
   2.31200   -0.153109E-06
   2.31400   -0.152732E-06
   2.31600   -0.152442E-06
   2.31800   -0.152209E-06
   2.32000   -0.152011E-06
   2.32200   -0.151834E-06
   2.32400   -0.151673E-06
   2.32600   -0.151532E-06
   2.32800   -0.151425E-06
   2.33000   -0.151373E-06
   2.33200   -0.151405E-06
   2.33400   -0.151553E-06
   2.33600   -0.151857E-06
   2.33800   -0.152355E-06
   2.34000   -0.153086E-06
   2.34200   -0.154087E-06
   2.34400   -0.155385E-06
   2.34600   -0.156998E-06
   2.34800   -0.158924E-06
   2.35000   -0.161145E-06
   2.35200   -0.163613E-06
   2.35400   -0.166252E-06
   2.35600   -0.168956E-06
   2.35800   -0.171597E-06
   2.36000   -0.174023E-06
   2.36200   -0.176080E-06
   2.36400   -0.177621E-06
   2.36600   -0.178521E-06
   2.36800   -0.178695E-06
   2.37000   -0.178111E-06
   2.37200   -0.176788E-06
   2.37400   -0.174805E-06
   2.37600   -0.172282E-06
   2.37800   -0.169376E-06
   2.38000   -0.166255E-06
   2.38200   -0.163082E-06
   2.38400   -0.159998E-06
   2.38600   -0.157106E-06
   2.38800   -0.154470E-06
   2.39000   -0.152112E-06
   2.39200   -0.150016E-06
   2.39400   -0.148143E-06
   2.39600   -0.146438E-06
   2.39800   -0.144847E-06
   2.40000   -0.143327E-06
   2.40200   -0.141848E-06
   2.40400   -0.140403E-06
   2.40600   -0.139001E-06
   2.40800   -0.137666E-06
   2.41000   -0.136430E-06
   2.41200   -0.135327E-06
   2.41400   -0.134384E-06
   2.41600   -0.133623E-06
   2.41800   -0.133048E-06
   2.42000   -0.132656E-06
   2.42200   -0.132428E-06
   2.42400   -0.132341E-06
   2.42600   -0.132366E-06
   2.42800   -0.132476E-06
   2.43000   -0.132648E-06
   2.43200   -0.132868E-06
   2.43400   -0.133130E-06
   2.43600   -0.133437E-06
   2.43800   -0.133797E-06
   2.44000   -0.134222E-06
   2.44200   -0.134720E-06
   2.44400   -0.135293E-06
   2.44600   -0.135928E-06
   2.44800   -0.136598E-06
   2.45000   -0.137256E-06
   2.45200   -0.137840E-06
   2.45400   -0.138274E-06
   2.45600   -0.138477E-06
   2.45800   -0.138371E-06
   2.46000   -0.137891E-06
   2.46200   -0.136992E-06
   2.46400   -0.135659E-06
   2.46600   -0.133907E-06
   2.46800   -0.131780E-06
   2.47000   -0.129348E-06
   2.47200   -0.126699E-06
   2.47400   -0.123925E-06
   2.47600   -0.121117E-06
   2.47800   -0.118356E-06
   2.48000   -0.115701E-06
   2.48200   -0.113194E-06
   2.48400   -0.110853E-06
   2.48600   -0.108681E-06
   2.48800   -0.106665E-06
   2.49000   -0.104785E-06
   2.49200   -0.103020E-06
   2.49400   -0.101348E-06
   2.49600   -0.997555E-07
   2.49800   -0.982315E-07
   2.50000   -0.967736E-07
   2.50200   -0.953847E-07
   2.50400   -0.940716E-07
   2.50600   -0.928433E-07
   2.50800   -0.917088E-07
   2.51000   -0.906753E-07
   2.51200   -0.897466E-07
   2.51400   -0.889218E-07
   2.51600   -0.881947E-07
   2.51800   -0.875534E-07
   2.52000   -0.869806E-07
   2.52200   -0.864544E-07
   2.52400   -0.859497E-07
   2.52600   -0.854401E-07
   2.52800   -0.849006E-07
   2.53000   -0.843093E-07
   2.53200   -0.836510E-07
   2.53400   -0.829185E-07
   2.53600   -0.821138E-07
   2.53800   -0.812485E-07
   2.54000   -0.803420E-07
   2.54200   -0.794189E-07
   2.54400   -0.785056E-07
   2.54600   -0.776266E-07
   2.54800   -0.768006E-07
   2.55000   -0.760386E-07
   2.55200   -0.753425E-07
   2.55400   -0.747054E-07
   2.55600   -0.741141E-07
   2.55800   -0.735516E-07
   2.56000   -0.730004E-07
   2.56200   -0.724460E-07
   2.56400   -0.718790E-07
   2.56600   -0.712971E-07
   2.56800   -0.707053E-07
   2.57000   -0.701161E-07
   2.57200   -0.695475E-07
   2.57400   -0.690217E-07
   2.57600   -0.685620E-07
   2.57800   -0.681896E-07
   2.58000   -0.679217E-07
   2.58200   -0.677677E-07
   2.58400   -0.677278E-07
   2.58600   -0.677919E-07
   2.58800   -0.679404E-07
   2.59000   -0.681459E-07
   2.59200   -0.683771E-07
   2.59400   -0.686022E-07
   2.59600   -0.687942E-07
   2.59800   -0.689336E-07
   2.60000   -0.690107E-07
   2.60200   -0.690264E-07
   2.60400   -0.689901E-07
   2.60600   -0.689172E-07
   2.60800   -0.688253E-07
   2.61000   -0.687302E-07
   2.61200   -0.686433E-07
   2.61400   -0.685701E-07
   2.61600   -0.685098E-07
   2.61800   -0.684569E-07
   2.62000   -0.684033E-07
   2.62200   -0.683409E-07
   2.62400   -0.682635E-07
   2.62600   -0.681684E-07
   2.62800   -0.680565E-07
   2.63000   -0.679318E-07
   2.63200   -0.677999E-07
   2.63400   -0.676662E-07
   2.63600   -0.675345E-07
   2.63800   -0.674062E-07
   2.64000   -0.672794E-07
   2.64200   -0.671498E-07
   2.64400   -0.670111E-07
   2.64600   -0.668565E-07
   2.64800   -0.666800E-07
   2.65000   -0.664772E-07
   2.65200   -0.662461E-07
   2.65400   -0.659877E-07
   2.65600   -0.657057E-07
   2.65800   -0.654060E-07
   2.66000   -0.650966E-07
   2.66200   -0.647859E-07
   2.66400   -0.644825E-07
   2.66600   -0.641942E-07
   2.66800   -0.639262E-07
   2.67000   -0.636815E-07
   2.67200   -0.634592E-07
   2.67400   -0.632551E-07
   2.67600   -0.630615E-07
   2.67800   -0.628676E-07
   2.68000   -0.626607E-07
   2.68200   -0.624276E-07
   2.68400   -0.621555E-07
   2.68600   -0.618333E-07
   2.68800   -0.614528E-07
   2.69000   -0.610094E-07
   2.69200   -0.605022E-07
   2.69400   -0.599342E-07
   2.69600   -0.593121E-07
   2.69800   -0.586456E-07
   2.70000   -0.579466E-07
   2.70200   -0.572278E-07
   2.70400   -0.565023E-07
   2.70600   -0.557815E-07
   2.70800   -0.550742E-07
   2.71000   -0.543859E-07
   2.71200   -0.537181E-07
   2.71400   -0.530686E-07
   2.71600   -0.524320E-07
   2.71800   -0.518012E-07
   2.72000   -0.511686E-07
   2.72200   -0.505280E-07
   2.72400   -0.498760E-07
   2.72600   -0.492125E-07
   2.72800   -0.485409E-07
   2.73000   -0.478681E-07
   2.73200   -0.472030E-07
   2.73400   -0.465550E-07
   2.73600   -0.459327E-07
   2.73800   -0.453420E-07
   2.74000   -0.447856E-07
   2.74200   -0.442616E-07
   2.74400   -0.437642E-07
   2.74600   -0.432844E-07
   2.74800   -0.428106E-07
   2.75000   -0.423307E-07
   2.75200   -0.418336E-07
   2.75400   -0.413108E-07
   2.75600   -0.407570E-07
   2.75800   -0.401713E-07
   2.76000   -0.395566E-07
   2.76200   -0.389195E-07
   2.76400   -0.382694E-07
   2.76600   -0.376174E-07
   2.76800   -0.369755E-07
   2.77000   -0.363556E-07
   2.77200   -0.357695E-07
   2.77400   -0.352285E-07
   2.77600   -0.347426E-07
   2.77800   -0.343214E-07
   2.78000   -0.339731E-07
   2.78200   -0.337046E-07
   2.78400   -0.335218E-07
   2.78600   -0.334283E-07
   2.78800   -0.334253E-07
   2.79000   -0.335165E-07
   2.79200   -0.337044E-07
   2.79400   -0.339943E-07
   2.79600   -0.343962E-07
   2.79800   -0.349263E-07
   2.80000   -0.356090E-07
   2.80200   -0.364768E-07
   2.80400   -0.375685E-07
   2.80600   -0.389257E-07
   2.80800   -0.405849E-07
   2.81000   -0.425676E-07
   2.81200   -0.448659E-07
   2.81400   -0.474265E-07
   2.81600   -0.501327E-07
   2.81800   -0.527885E-07
   2.82000   -0.551062E-07
   2.82200   -0.567031E-07
   2.82400   -0.571097E-07
   2.82600   -0.557935E-07
   2.82800   -0.521988E-07
   2.83000   -0.458024E-07
   2.83200   -0.361795E-07
   2.83400   -0.230733E-07
   2.83600   -0.645694E-08
   2.83800    0.134216E-07
   2.84000    0.360236E-07
   2.84200    0.605381E-07
   2.84400    0.859360E-07
   2.84600    0.111056E-06
   2.84800    0.134712E-06
   2.85000    0.155807E-06
   2.85200    0.173435E-06
   2.85400    0.186962E-06
   2.85600    0.196072E-06
   2.85800    0.200770E-06
   2.86000    0.201352E-06
   2.86200    0.198344E-06
   2.86400    0.192423E-06
   2.86600    0.184336E-06
   2.86800    0.174819E-06
   2.87000    0.164543E-06
   2.87200    0.154065E-06
   2.87400    0.143816E-06
   2.87600    0.134097E-06
   2.87800    0.125091E-06
   2.88000    0.116886E-06
   2.88200    0.109499E-06
   2.88400    0.102901E-06
   2.88600    0.970357E-07
   2.88800    0.918361E-07
   2.89000    0.872342E-07
   2.89200    0.831673E-07
   2.89400    0.795801E-07
   2.89600    0.764254E-07
   2.89800    0.736635E-07
   2.90000    0.712617E-07
   2.90200    0.691938E-07
   2.90400    0.674411E-07
   2.90600    0.659931E-07
   2.90800    0.648493E-07
   2.91000    0.640189E-07
   2.91200    0.635241E-07
   2.91400    0.633918E-07
   2.91600    0.636523E-07
   2.91800    0.643311E-07
   2.92000    0.654396E-07
   2.92200    0.669645E-07
   2.92400    0.688584E-07
   2.92600    0.710328E-07
   2.92800    0.733554E-07
   2.93000    0.756555E-07
   2.93200    0.777323E-07
   2.93400    0.793708E-07
   2.93600    0.803653E-07
   2.93800    0.805396E-07
   2.94000    0.797688E-07
   2.94200    0.779954E-07
   2.94400    0.752388E-07
   2.94600    0.715952E-07
   2.94800    0.672301E-07
   2.95000    0.623631E-07
   2.95200    0.572479E-07
   2.95400    0.521509E-07
   2.95600    0.473315E-07
   2.95800    0.430251E-07
   2.96000    0.394318E-07
   2.96200    0.367093E-07
   2.96400    0.349706E-07
   2.96600    0.342836E-07
   2.96800    0.346719E-07
   2.97000    0.361154E-07
   2.97200    0.385489E-07
   2.97400    0.418600E-07
   2.97600    0.458869E-07
   2.97800    0.504176E-07
   2.98000    0.551932E-07
   2.98200    0.599168E-07
   2.98400    0.642689E-07
   2.98600    0.679286E-07
   2.98800    0.706003E-07
   2.99000    0.720411E-07
   2.99200    0.720852E-07
   2.99400    0.706625E-07
   2.99600    0.678072E-07
   2.99800    0.636547E-07
   3.00000    0.584275E-07
   3.00200    0.524118E-07
   3.00400    0.459296E-07
   3.00600    0.393076E-07
   3.00800    0.328498E-07
   3.01000    0.268156E-07
   3.01200    0.214059E-07
   3.01400    0.167555E-07
   3.01600    0.129343E-07
   3.01800    0.995262E-08
   3.02000    0.777038E-08
   3.02200    0.630846E-08
   3.02400    0.545986E-08
   3.02600    0.510068E-08
   3.02800    0.509998E-08
   3.03000    0.532846E-08
   3.03200    0.566594E-08
   3.03400    0.600736E-08
   3.03600    0.626760E-08
   3.03800    0.638464E-08
   3.04000    0.632113E-08
   3.04200    0.606433E-08
   3.04400    0.562464E-08
   3.04600    0.503256E-08
   3.04800    0.433475E-08
   3.05000    0.358937E-08
   3.05200    0.285996E-08
   3.05400    0.221210E-08
   3.05600    0.170713E-08
   3.05800    0.139577E-08
   3.06000    0.131610E-08
   3.06200    0.148930E-08
   3.06400    0.191742E-08
   3.06600    0.258257E-08
   3.06800    0.344778E-08
   3.07000    0.445958E-08
   3.07200    0.555216E-08
   3.07400    0.665292E-08
   3.07600    0.768870E-08
   3.07800    0.859224E-08
   3.08000    0.930775E-08
   3.08200    0.979542E-08
   3.08400    0.100339E-07
   3.08600    0.100208E-07
   3.08800    0.977116E-08
   3.09000    0.931409E-08
   3.09200    0.868879E-08
   3.09400    0.793965E-08
   3.09600    0.711170E-08
   3.09800    0.624682E-08
   3.10000    0.538092E-08
   3.10200    0.454225E-08
   3.10400    0.375128E-08
   3.10600    0.302140E-08
   3.10800    0.235844E-08
   3.11000    0.176412E-08
   3.11200    0.123646E-08
   3.11400    0.770846E-09
   3.11600    0.360731E-09
   3.11800   -0.260909E-11
   3.12000   -0.330431E-09
   3.12200   -0.637405E-09
   3.12400   -0.942356E-09
   3.12600   -0.126817E-08
   3.12800   -0.164096E-08
   3.13000   -0.208749E-08
   3.13200   -0.263124E-08
   3.13400   -0.328683E-08
   3.13600   -0.405357E-08
   3.13800   -0.490910E-08
   3.14000   -0.580408E-08
   3.14200   -0.665948E-08
   3.14400   -0.736752E-08
   3.14600   -0.779684E-08
   3.14800   -0.780232E-08
   3.15000   -0.723867E-08
   3.15200   -0.597627E-08
   3.15400   -0.391720E-08
   3.15600   -0.100916E-08
   3.15800    0.274536E-08
   3.16000    0.728593E-08
   3.16200    0.124980E-07
   3.16400    0.182230E-07
   3.16600    0.242739E-07
   3.16800    0.304526E-07
   3.17000    0.365682E-07
   3.17200    0.424521E-07
   3.17400    0.479697E-07
   3.17600    0.530258E-07
   3.17800    0.575655E-07
   3.18000    0.615710E-07
   3.18200    0.650544E-07
   3.18400    0.680493E-07
   3.18600    0.706028E-07
   3.18800    0.727674E-07
   3.19000    0.745948E-07
   3.19200    0.761317E-07
   3.19400    0.774172E-07
   3.19600    0.784817E-07
   3.19800    0.793470E-07
   3.20000    0.800283E-07
   3.20200    0.805354E-07
   3.20400    0.808761E-07
   3.20600    0.810578E-07
   3.20800    0.810906E-07
   3.21000    0.809890E-07
   3.21200    0.807733E-07
   3.21400    0.804700E-07
   3.21600    0.801115E-07
   3.21800    0.797340E-07
   3.22000    0.793764E-07
   3.22200    0.790777E-07
   3.22400    0.788732E-07
   3.22600    0.787923E-07
   3.22800    0.788557E-07
   3.23000    0.790765E-07
   3.23200    0.794559E-07
   3.23400    0.799876E-07
   3.23600    0.806592E-07
   3.23800    0.814580E-07
   3.24000    0.823754E-07
   3.24200    0.834147E-07
   3.24400    0.845969E-07
   3.24600    0.859678E-07
   3.24800    0.876013E-07
   3.25000    0.896013E-07
   3.25200    0.920998E-07
   3.25400    0.952503E-07
   3.25600    0.992166E-07
   3.25800    0.104158E-06
   3.26000    0.110212E-06
   3.26200    0.117467E-06
   3.26400    0.125948E-06
   3.26600    0.135584E-06
   3.26800    0.146194E-06
   3.27000    0.157466E-06
   3.27200    0.168954E-06
   3.27400    0.180076E-06
   3.27600    0.190135E-06
   3.27800    0.198357E-06
   3.28000    0.203939E-06
   3.28200    0.206116E-06
   3.28400    0.204241E-06
   3.28600    0.197856E-06
   3.28800    0.186762E-06
   3.29000    0.171063E-06
   3.29200    0.151180E-06
   3.29400    0.127836E-06
   3.29600    0.102004E-06
   3.29800    0.748211E-07
   3.30000    0.474921E-07
   3.30200    0.211829E-07
   3.30400   -0.307650E-08
   3.30600   -0.244686E-07
   3.30800   -0.424360E-07
   3.31000   -0.566978E-07
   3.31200   -0.672346E-07
   3.31400   -0.742500E-07
   3.31600   -0.781161E-07
   3.31800   -0.793121E-07
   3.32000   -0.783652E-07
   3.32200   -0.758004E-07
   3.32400   -0.721015E-07
   3.32600   -0.676869E-07
   3.32800   -0.628983E-07
   3.33000   -0.579984E-07
   3.33200   -0.531785E-07
   3.33400   -0.485679E-07
   3.33600   -0.442469E-07
   3.33800   -0.402585E-07
   3.34000   -0.366187E-07
   3.34200   -0.333259E-07
   3.34400   -0.303663E-07
   3.34600   -0.277178E-07
   3.34800   -0.253543E-07
   3.35000   -0.232458E-07
   3.35200   -0.213619E-07
   3.35400   -0.196706E-07
   3.35600   -0.181409E-07
   3.35800   -0.167435E-07
   3.36000   -0.154524E-07
   3.36200   -0.142444E-07
   3.36400   -0.131016E-07
   3.36600   -0.120104E-07
   3.36800   -0.109621E-07
   3.37000   -0.995216E-08
   3.37200   -0.897959E-08
   3.37400   -0.804600E-08
   3.37600   -0.715466E-08
   3.37800   -0.630966E-08
   3.38000   -0.551549E-08
   3.38200   -0.477675E-08
   3.38400   -0.409800E-08
   3.38600   -0.348370E-08
   3.38800   -0.293822E-08
   3.39000   -0.246546E-08
   3.39200   -0.206846E-08
   3.39400   -0.174863E-08
   3.39600   -0.150504E-08
   3.39800   -0.133382E-08
   3.40000   -0.122759E-08
   3.40200   -0.117544E-08
   3.40400   -0.116337E-08
   3.40600   -0.117531E-08
   3.40800   -0.119455E-08
   3.41000   -0.120562E-08
   3.41200   -0.119621E-08
   3.41400   -0.115891E-08
   3.41600   -0.109244E-08
   3.41800   -0.100206E-08
   3.42000   -0.899038E-09
   3.42200   -0.799071E-09
   3.42400   -0.719860E-09
   3.42600   -0.678093E-09
   3.42800   -0.686507E-09
   3.43000   -0.751305E-09
   3.43200   -0.870726E-09
   3.43400   -0.103494E-08
   3.43600   -0.122762E-08
   3.43800   -0.142865E-08
   3.44000   -0.161781E-08
   3.44200   -0.177874E-08
   3.44400   -0.190216E-08
   3.44600   -0.198800E-08
   3.44800   -0.204572E-08
   3.45000   -0.209283E-08
   3.45200   -0.215164E-08
   3.45400   -0.224502E-08
   3.45600   -0.239196E-08
   3.45800   -0.260354E-08
   3.46000   -0.288025E-08
   3.46200   -0.321124E-08
   3.46400   -0.357535E-08
   3.46600   -0.394423E-08
   3.46800   -0.428611E-08
   3.47000   -0.457032E-08
   3.47200   -0.477116E-08
   3.47400   -0.487069E-08
   3.47600   -0.485984E-08
   3.47800   -0.473779E-08
   3.48000   -0.450990E-08
   3.48200   -0.418454E-08
   3.48400   -0.376957E-08
   3.48600   -0.326891E-08
   3.48800   -0.267992E-08
   3.49000   -0.199164E-08
   3.49200   -0.118431E-08
   3.49400   -0.229716E-09
   3.49600    0.907088E-09
   3.49800    0.226605E-08
   3.50000    0.388948E-08
   3.50200    0.581879E-08
   3.50400    0.809171E-08
   3.50600    0.107387E-07
   3.50800    0.137801E-07
   3.51000    0.172228E-07
   3.51200    0.210587E-07
   3.51400    0.252639E-07
   3.51600    0.297984E-07
   3.51800    0.346095E-07
   3.52000    0.396344E-07
   3.52200    0.448054E-07
   3.52400    0.500550E-07
   3.52600    0.553208E-07
   3.52800    0.605492E-07
   3.53000    0.656993E-07
   3.53200    0.707431E-07
   3.53400    0.756674E-07
   3.53600    0.804708E-07
   3.53800    0.851666E-07
   3.54000    0.897686E-07
   3.54200    0.943137E-07
   3.54400    0.988407E-07
   3.54600    0.103400E-06
   3.54800    0.108053E-06
   3.55000    0.112873E-06
   3.55200    0.117946E-06
   3.55400    0.123371E-06
   3.55600    0.129256E-06
   3.55800    0.135711E-06
   3.56000    0.142842E-06
   3.56200    0.150729E-06
   3.56400    0.159405E-06
   3.56600    0.168824E-06
   3.56800    0.178829E-06
   3.57000    0.189108E-06
   3.57200    0.199169E-06
   3.57400    0.208312E-06
   3.57600    0.215630E-06
   3.57800    0.220039E-06
   3.58000    0.220337E-06
   3.58200    0.215306E-06
   3.58400    0.203841E-06
   3.58600    0.185097E-06
   3.58800    0.158638E-06
   3.59000    0.124559E-06
   3.59200    0.835591E-07
   3.59400    0.369480E-07
   3.59600   -0.134244E-07
   3.59800   -0.653131E-07
   3.60000   -0.116282E-06
   3.60200   -0.163937E-06
   3.60400   -0.206158E-06
   3.60600   -0.241296E-06
   3.60800   -0.268302E-06
   3.61000   -0.286783E-06
   3.61200   -0.296971E-06
   3.61400   -0.299628E-06
   3.61600   -0.295902E-06
   3.61800   -0.287156E-06
   3.62000   -0.274810E-06
   3.62200   -0.260202E-06
   3.62400   -0.244494E-06
   3.62600   -0.228609E-06
   3.62800   -0.213227E-06
   3.63000   -0.198792E-06
   3.63200   -0.185554E-06
   3.63400   -0.173613E-06
   3.63600   -0.162962E-06
   3.63800   -0.153532E-06
   3.64000   -0.145214E-06
   3.64200   -0.137884E-06
   3.64400   -0.131417E-06
   3.64600   -0.125688E-06
   3.64800   -0.120579E-06
   3.65000   -0.115983E-06
   3.65200   -0.111802E-06
   3.65400   -0.107951E-06
   3.65600   -0.104364E-06
   3.65800   -0.100988E-06
   3.66000   -0.977947E-07
   3.66200   -0.947618E-07
   3.66400   -0.918959E-07
   3.66600   -0.892021E-07
   3.66800   -0.866927E-07
   3.67000   -0.843789E-07
   3.67200   -0.822665E-07
   3.67400   -0.803523E-07
   3.67600   -0.786233E-07
   3.67800   -0.770568E-07
   3.68000   -0.756228E-07
   3.68200   -0.742877E-07
   3.68400   -0.730178E-07
   3.68600   -0.717836E-07
   3.68800   -0.705624E-07
   3.69000   -0.693405E-07
   3.69200   -0.681132E-07
   3.69400   -0.668841E-07
   3.69600   -0.656621E-07
   3.69800   -0.644593E-07
   3.70000   -0.632875E-07
   3.70200   -0.621557E-07
   3.70400   -0.610678E-07
   3.70600   -0.600226E-07
   3.70800   -0.590139E-07
   3.71000   -0.580320E-07
   3.71200   -0.570663E-07
   3.71400   -0.561073E-07
   3.71600   -0.551491E-07
   3.71800   -0.541910E-07
   3.72000   -0.532379E-07
   3.72200   -0.522998E-07
   3.72400   -0.513907E-07
   3.72600   -0.505258E-07
   3.72800   -0.497197E-07
   3.73000   -0.489833E-07
   3.73200   -0.483224E-07
   3.73400   -0.477359E-07
   3.73600   -0.472160E-07
   3.73800   -0.467485E-07
   3.74000   -0.463147E-07
   3.74200   -0.458928E-07
   3.74400   -0.454612E-07
   3.74600   -0.450003E-07
   3.74800   -0.444948E-07
   3.75000   -0.439353E-07
   3.75200   -0.433195E-07
   3.75400   -0.426523E-07
   3.75600   -0.419450E-07
   3.75800   -0.412146E-07
   3.76000   -0.404819E-07
   3.76200   -0.397691E-07
   3.76400   -0.390980E-07
   3.76600   -0.384875E-07
   3.76800   -0.379515E-07
   3.77000   -0.374978E-07
   3.77200   -0.371271E-07
   3.77400   -0.368327E-07
   3.77600   -0.366012E-07
   3.77800   -0.364140E-07
   3.78000   -0.362488E-07
   3.78200   -0.360817E-07
   3.78400   -0.358892E-07
   3.78600   -0.356509E-07
   3.78800   -0.353506E-07
   3.79000   -0.349777E-07
   3.79200   -0.345284E-07
   3.79400   -0.340055E-07
   3.79600   -0.334183E-07
   3.79800   -0.327814E-07
   3.80000   -0.321136E-07
   3.80200   -0.314364E-07
   3.80400   -0.307717E-07
   3.80600   -0.301408E-07
   3.80800   -0.295625E-07
   3.81000   -0.290519E-07
   3.81200   -0.286203E-07
   3.81400   -0.282745E-07
   3.81600   -0.280173E-07
   3.81800   -0.278477E-07
   3.82000   -0.277616E-07
   3.82200   -0.277518E-07
   3.82400   -0.278084E-07
   3.82600   -0.279182E-07
   3.82800   -0.280643E-07
   3.83000   -0.282255E-07
   3.83200   -0.283762E-07
   3.83400   -0.284862E-07
   3.83600   -0.285223E-07
   3.83800   -0.284498E-07
   3.84000   -0.282355E-07
   3.84200   -0.278504E-07
   3.84400   -0.272741E-07
   3.84600   -0.264966E-07
   3.84800   -0.255210E-07
   3.85000   -0.243639E-07
   3.85200   -0.230543E-07
   3.85400   -0.216312E-07
   3.85600   -0.201400E-07
   3.85800   -0.186284E-07
   3.86000   -0.171416E-07
   3.86200   -0.157188E-07
   3.86400   -0.143902E-07
   3.86600   -0.131750E-07
   3.86800   -0.120811E-07
   3.87000   -0.111055E-07
   3.87200   -0.102358E-07
   3.87400   -0.945232E-08
   3.87600   -0.873047E-08
   3.87800   -0.804338E-08
   3.88000   -0.736424E-08
   3.88200   -0.666853E-08
   3.88400   -0.593580E-08
   3.88600   -0.515116E-08
   3.88800   -0.430611E-08
   3.89000   -0.339903E-08
   3.89200   -0.243512E-08
   3.89400   -0.142592E-08
   3.89600   -0.388263E-09
   3.89800    0.656818E-09
   3.90000    0.168575E-08
   3.90200    0.267392E-08
   3.90400    0.359741E-08
   3.90600    0.443437E-08
   3.90800    0.516649E-08
   3.91000    0.577973E-08
   3.91200    0.626478E-08
   3.91400    0.661759E-08
   3.91600    0.683876E-08
   3.91800    0.693305E-08
   3.92000    0.690869E-08
   3.92200    0.677643E-08
   3.92400    0.654871E-08
   3.92600    0.623890E-08
   3.92800    0.586071E-08
   3.93000    0.542780E-08
   3.93200    0.495359E-08
   3.93400    0.445122E-08
   3.93600    0.393341E-08
   3.93800    0.341251E-08
   3.94000    0.290027E-08
   3.94200    0.240751E-08
   3.94400    0.194371E-08
   3.94600    0.151643E-08
   3.94800    0.113069E-08
   3.95000    0.788585E-09
   3.95200    0.488995E-09
   3.95400    0.227650E-09
   3.95600   -0.241389E-11
   3.95800   -0.210038E-09
   3.96000   -0.404823E-09
   3.96200   -0.595862E-09
   3.96400   -0.790475E-09
   3.96600   -0.993116E-09
   3.96800   -0.120474E-08
   3.97000   -0.142255E-08
   3.97200   -0.164039E-08
   3.97400   -0.184949E-08
   3.97600   -0.203966E-08
   3.97800   -0.220058E-08
   3.98000   -0.232308E-08
   3.98200   -0.240024E-08
   3.98400   -0.242808E-08
   3.98600   -0.240585E-08
   3.98800   -0.233597E-08
   3.99000   -0.222357E-08
   3.99200   -0.207585E-08
   3.99400   -0.190128E-08
   3.99600   -0.170887E-08
   3.99800   -0.150748E-08
   4.00000   -0.130522E-08
