   0.00000    0.000000E+00
   0.00200    0.000000E+00
   0.00400    0.000000E+00
   0.00600    0.000000E+00
   0.00800    0.000000E+00
   0.01000    0.000000E+00
   0.01200    0.000000E+00
   0.01400    0.000000E+00
   0.01600    0.000000E+00
   0.01800    0.000000E+00
   0.02000    0.000000E+00
   0.02200    0.000000E+00
   0.02400    0.000000E+00
   0.02600    0.340425E-10
   0.02800    0.100778E-09
   0.03000    0.216243E-09
   0.03200    0.432989E-09
   0.03400    0.842201E-09
   0.03600    0.159654E-08
   0.03800    0.295239E-08
   0.04000    0.532805E-08
   0.04200    0.938446E-08
   0.04400    0.161321E-07
   0.04600    0.270643E-07
   0.04800    0.443121E-07
   0.05000    0.708035E-07
   0.05200    0.110411E-06
   0.05400    0.168031E-06
   0.05600    0.249570E-06
   0.05800    0.361755E-06
   0.06000    0.511752E-06
   0.06200    0.706515E-06
   0.06400    0.951918E-06
   0.06600    0.125167E-05
   0.06800    0.160614E-05
   0.07000    0.201130E-05
   0.07200    0.245784E-05
   0.07400    0.293090E-05
   0.07600    0.341034E-05
   0.07800    0.387184E-05
   0.08000    0.428866E-05
   0.08200    0.463407E-05
   0.08400    0.488402E-05
   0.08600    0.501970E-05
   0.08800    0.502977E-05
   0.09000    0.491166E-05
   0.09200    0.467195E-05
   0.09400    0.432558E-05
   0.09600    0.389423E-05
   0.09800    0.340387E-05
   0.10000    0.288206E-05
   0.10200    0.235534E-05
   0.10400    0.184696E-05
   0.10600    0.137534E-05
   0.10800    0.953273E-06
   0.11000    0.587907E-06
   0.11200    0.281308E-06
   0.11400    0.314880E-07
   0.11600   -0.166381E-06
   0.11800   -0.318756E-06
   0.12000   -0.432672E-06
   0.12200   -0.514950E-06
   0.12400   -0.571695E-06
   0.12600   -0.608065E-06
   0.12800   -0.628248E-06
   0.13000   -0.635588E-06
   0.13200   -0.632774E-06
   0.13400   -0.622031E-06
   0.13600   -0.605278E-06
   0.13800   -0.584233E-06
   0.14000   -0.560450E-06
   0.14200   -0.535325E-06
   0.14400   -0.510065E-06
   0.14600   -0.485652E-06
   0.14800   -0.462845E-06
   0.15000   -0.442106E-06
   0.15200   -0.423696E-06
   0.15400   -0.407693E-06
   0.15600   -0.394021E-06
   0.15800   -0.382504E-06
   0.16000   -0.372914E-06
   0.16200   -0.365005E-06
   0.16400   -0.358532E-06
   0.16600   -0.353260E-06
   0.16800   -0.348961E-06
   0.17000   -0.345404E-06
   0.17200   -0.342354E-06
   0.17400   -0.339570E-06
   0.17600   -0.336805E-06
   0.17800   -0.333826E-06
   0.18000   -0.330427E-06
   0.18200   -0.326453E-06
   0.18400   -0.321818E-06
   0.18600   -0.316515E-06
   0.18800   -0.310617E-06
   0.19000   -0.304271E-06
   0.19200   -0.297671E-06
   0.19400   -0.291040E-06
   0.19600   -0.284596E-06
   0.19800   -0.278529E-06
   0.20000   -0.272976E-06
   0.20200   -0.268012E-06
   0.20400   -0.263645E-06
   0.20600   -0.259830E-06
   0.20800   -0.256480E-06
   0.21000   -0.253490E-06
   0.21200   -0.250754E-06
   0.21400   -0.248188E-06
   0.21600   -0.245737E-06
   0.21800   -0.243383E-06
   0.22000   -0.241141E-06
   0.22200   -0.239046E-06
   0.22400   -0.237143E-06
   0.22600   -0.235472E-06
   0.22800   -0.234050E-06
   0.23000   -0.232869E-06
   0.23200   -0.231889E-06
   0.23400   -0.231043E-06
   0.23600   -0.230243E-06
   0.23800   -0.229394E-06
   0.24000   -0.228402E-06
   0.24200   -0.227189E-06
   0.24400   -0.225698E-06
   0.24600   -0.223898E-06
   0.24800   -0.221782E-06
   0.25000   -0.219370E-06
   0.25200   -0.216694E-06
   0.25400   -0.213803E-06
   0.25600   -0.210751E-06
   0.25800   -0.207595E-06
   0.26000   -0.204393E-06
   0.26200   -0.201208E-06
   0.26400   -0.198103E-06
   0.26600   -0.195142E-06
   0.26800   -0.192393E-06
   0.27000   -0.189923E-06
   0.27200   -0.187793E-06
   0.27400   -0.186052E-06
   0.27600   -0.184731E-06
   0.27800   -0.183837E-06
   0.28000   -0.183346E-06
   0.28200   -0.183201E-06
   0.28400   -0.183318E-06
   0.28600   -0.183584E-06
   0.28800   -0.183872E-06
   0.29000   -0.184044E-06
   0.29200   -0.183973E-06
   0.29400   -0.183547E-06
   0.29600   -0.182681E-06
   0.29800   -0.181331E-06
   0.30000   -0.179491E-06
   0.30200   -0.177200E-06
   0.30400   -0.174539E-06
   0.30600   -0.171620E-06
   0.30800   -0.168582E-06
   0.31000   -0.165572E-06
   0.31200   -0.162737E-06
   0.31400   -0.160208E-06
   0.31600   -0.158088E-06
   0.31800   -0.156443E-06
   0.32000   -0.155299E-06
   0.32200   -0.154639E-06
   0.32400   -0.154410E-06
   0.32600   -0.154525E-06
   0.32800   -0.154878E-06
   0.33000   -0.155350E-06
   0.33200   -0.155825E-06
   0.33400   -0.156190E-06
   0.33600   -0.156352E-06
   0.33800   -0.156236E-06
   0.34000   -0.155789E-06
   0.34200   -0.154985E-06
   0.34400   -0.153821E-06
   0.34600   -0.152320E-06
   0.34800   -0.150528E-06
   0.35000   -0.148510E-06
   0.35200   -0.146349E-06
   0.35400   -0.144142E-06
   0.35600   -0.141988E-06
   0.35800   -0.139986E-06
   0.36000   -0.138221E-06
   0.36200   -0.136763E-06
   0.36400   -0.135655E-06
   0.36600   -0.134911E-06
   0.36800   -0.134516E-06
   0.37000   -0.134428E-06
   0.37200   -0.134581E-06
   0.37400   -0.134891E-06
   0.37600   -0.135265E-06
   0.37800   -0.135611E-06
   0.38000   -0.135840E-06
   0.38200   -0.135873E-06
   0.38400   -0.135650E-06
   0.38600   -0.135132E-06
   0.38800   -0.134301E-06
   0.39000   -0.133167E-06
   0.39200   -0.131763E-06
   0.39400   -0.130149E-06
   0.39600   -0.128405E-06
   0.39800   -0.126625E-06
   0.40000   -0.124911E-06
   0.40200   -0.123365E-06
   0.40400   -0.122074E-06
   0.40600   -0.121106E-06
   0.40800   -0.120500E-06
   0.41000   -0.120261E-06
   0.41200   -0.120362E-06
   0.41400   -0.120742E-06
   0.41600   -0.121321E-06
   0.41800   -0.121999E-06
   0.42000   -0.122673E-06
   0.42200   -0.123245E-06
   0.42400   -0.123632E-06
   0.42600   -0.123767E-06
   0.42800   -0.123612E-06
   0.43000   -0.123151E-06
   0.43200   -0.122396E-06
   0.43400   -0.121382E-06
   0.43600   -0.120162E-06
   0.43800   -0.118804E-06
   0.44000   -0.117384E-06
   0.44200   -0.115980E-06
   0.44400   -0.114666E-06
   0.44600   -0.113506E-06
   0.44800   -0.112550E-06
   0.45000   -0.111829E-06
   0.45200   -0.111357E-06
   0.45400   -0.111126E-06
   0.45600   -0.111112E-06
   0.45800   -0.111277E-06
   0.46000   -0.111573E-06
   0.46200   -0.111944E-06
   0.46400   -0.112329E-06
   0.46600   -0.112669E-06
   0.46800   -0.112907E-06
   0.47000   -0.112990E-06
   0.47200   -0.112876E-06
   0.47400   -0.112533E-06
   0.47600   -0.111946E-06
   0.47800   -0.111118E-06
   0.48000   -0.110072E-06
   0.48200   -0.108854E-06
   0.48400   -0.107528E-06
   0.48600   -0.106172E-06
   0.48800   -0.104874E-06
   0.49000   -0.103721E-06
   0.49200   -0.102792E-06
   0.49400   -0.102148E-06
   0.49600   -0.101823E-06
   0.49800   -0.101825E-06
   0.50000   -0.102129E-06
   0.50200   -0.102683E-06
   0.50400   -0.103409E-06
   0.50600   -0.104214E-06
   0.50800   -0.104999E-06
   0.51000   -0.105667E-06
   0.51200   -0.106130E-06
   0.51400   -0.106324E-06
   0.51600   -0.106208E-06
   0.51800   -0.105771E-06
   0.52000   -0.105028E-06
   0.52200   -0.104024E-06
   0.52400   -0.102825E-06
   0.52600   -0.101514E-06
   0.52800   -0.100180E-06
   0.53000   -0.989134E-07
   0.53200   -0.977967E-07
   0.53400   -0.968974E-07
   0.53600   -0.962630E-07
   0.53800   -0.959176E-07
   0.54000   -0.958605E-07
   0.54200   -0.960667E-07
   0.54400   -0.964903E-07
   0.54600   -0.970678E-07
   0.54800   -0.977241E-07
   0.55000   -0.983784E-07
   0.55200   -0.989513E-07
   0.55400   -0.993707E-07
   0.55600   -0.995787E-07
   0.55800   -0.995367E-07
   0.56000   -0.992286E-07
   0.56200   -0.986642E-07
   0.56400   -0.978787E-07
   0.56600   -0.969297E-07
   0.56800   -0.958951E-07
   0.57000   -0.948638E-07
   0.57200   -0.939301E-07
   0.57400   -0.931876E-07
   0.57600   -0.927157E-07
   0.57800   -0.925784E-07
   0.58000   -0.928158E-07
   0.58200   -0.934437E-07
   0.58400   -0.944524E-07
   0.58600   -0.958107E-07
   0.58800   -0.974699E-07
   0.59000   -0.993707E-07
   0.59200   -0.101449E-06
   0.59400   -0.103645E-06
   0.59600   -0.105903E-06
   0.59800   -0.108177E-06
   0.60000   -0.110431E-06
   0.60200   -0.112633E-06
   0.60400   -0.114753E-06
   0.60600   -0.116754E-06
   0.60800   -0.118588E-06
   0.61000   -0.120196E-06
   0.61200   -0.121507E-06
   0.61400   -0.122446E-06
   0.61600   -0.122943E-06
   0.61800   -0.122950E-06
   0.62000   -0.122453E-06
   0.62200   -0.121481E-06
   0.62400   -0.120109E-06
   0.62600   -0.118458E-06
   0.62800   -0.116673E-06
   0.63000   -0.114907E-06
   0.63200   -0.113294E-06
   0.63400   -0.111926E-06
   0.63600   -0.110835E-06
   0.63800   -0.109984E-06
   0.64000   -0.109279E-06
   0.64200   -0.108579E-06
   0.64400   -0.107722E-06
   0.64600   -0.106558E-06
   0.64800   -0.104970E-06
   0.65000   -0.102896E-06
   0.65200   -0.100340E-06
   0.65400   -0.973653E-07
   0.65600   -0.940900E-07
   0.65800   -0.906637E-07
   0.66000   -0.872480E-07
   0.66200   -0.839960E-07
   0.66400   -0.810339E-07
   0.66600   -0.784504E-07
   0.66800   -0.762908E-07
   0.67000   -0.745580E-07
   0.67200   -0.732178E-07
   0.67400   -0.722081E-07
   0.67600   -0.714492E-07
   0.67800   -0.708547E-07
   0.68000   -0.703418E-07
   0.68200   -0.698393E-07
   0.68400   -0.692937E-07
   0.68600   -0.686737E-07
   0.68800   -0.679708E-07
   0.69000   -0.671979E-07
   0.69200   -0.663876E-07
   0.69400   -0.655849E-07
   0.69600   -0.648406E-07
   0.69800   -0.642090E-07
   0.70000   -0.637349E-07
   0.70200   -0.634524E-07
   0.70400   -0.633780E-07
   0.70600   -0.635097E-07
   0.70800   -0.638257E-07
   0.71000   -0.642876E-07
   0.71200   -0.648442E-07
   0.71400   -0.654370E-07
   0.71600   -0.660063E-07
   0.71800   -0.664973E-07
   0.72000   -0.668660E-07
   0.72200   -0.670824E-07
   0.72400   -0.671330E-07
   0.72600   -0.670206E-07
   0.72800   -0.667630E-07
   0.73000   -0.663896E-07
   0.73200   -0.659372E-07
   0.73400   -0.654465E-07
   0.73600   -0.649568E-07
   0.73800   -0.645032E-07
   0.74000   -0.641142E-07
   0.74200   -0.638096E-07
   0.74400   -0.636006E-07
   0.74600   -0.634894E-07
   0.74800   -0.634701E-07
   0.75000   -0.635299E-07
   0.75200   -0.636496E-07
   0.75400   -0.638052E-07
   0.75600   -0.639690E-07
   0.75800   -0.641110E-07
   0.76000   -0.642012E-07
   0.76200   -0.642114E-07
   0.76400   -0.641183E-07
   0.76600   -0.639061E-07
   0.76800   -0.635689E-07
   0.77000   -0.631128E-07
   0.77200   -0.625561E-07
   0.77400   -0.619289E-07
   0.77600   -0.612708E-07
   0.77800   -0.606269E-07
   0.78000   -0.600441E-07
   0.78200   -0.595650E-07
   0.78400   -0.592236E-07
   0.78600   -0.590409E-07
   0.78800   -0.590223E-07
   0.79000   -0.591557E-07
   0.79200   -0.594128E-07
   0.79400   -0.597512E-07
   0.79600   -0.601190E-07
   0.79800   -0.604601E-07
   0.80000   -0.607205E-07
   0.80200   -0.608547E-07
   0.80400   -0.608307E-07
   0.80600   -0.606346E-07
   0.80800   -0.602719E-07
   0.81000   -0.597677E-07
   0.81200   -0.591634E-07
   0.81400   -0.585121E-07
   0.81600   -0.578721E-07
   0.81800   -0.573003E-07
   0.82000   -0.568452E-07
   0.82200   -0.565415E-07
   0.82400   -0.564058E-07
   0.82600   -0.564350E-07
   0.82800   -0.566068E-07
   0.83000   -0.568820E-07
   0.83200   -0.572092E-07
   0.83400   -0.575300E-07
   0.83600   -0.577858E-07
   0.83800   -0.579236E-07
   0.84000   -0.579024E-07
   0.84200   -0.576967E-07
   0.84400   -0.573001E-07
   0.84600   -0.567258E-07
   0.84800   -0.560051E-07
   0.85000   -0.551843E-07
   0.85200   -0.543202E-07
   0.85400   -0.534739E-07
   0.85600   -0.527051E-07
   0.85800   -0.520659E-07
   0.86000   -0.515962E-07
   0.86200   -0.513202E-07
   0.86400   -0.512445E-07
   0.86600   -0.513583E-07
   0.86800   -0.516343E-07
   0.87000   -0.520320E-07
   0.87200   -0.525019E-07
   0.87400   -0.529892E-07
   0.87600   -0.534395E-07
   0.87800   -0.538031E-07
   0.88000   -0.540391E-07
   0.88200   -0.541189E-07
   0.88400   -0.540284E-07
   0.88600   -0.537684E-07
   0.88800   -0.533543E-07
   0.89000   -0.528135E-07
   0.89200   -0.521823E-07
   0.89400   -0.515017E-07
   0.89600   -0.508128E-07
   0.89800   -0.501529E-07
   0.90000   -0.495518E-07
   0.90200   -0.490295E-07
   0.90400   -0.485954E-07
   0.90600   -0.482482E-07
   0.90800   -0.479777E-07
   0.91000   -0.477672E-07
   0.91200   -0.475967E-07
   0.91400   -0.474458E-07
   0.91600   -0.472967E-07
   0.91800   -0.471366E-07
   0.92000   -0.469593E-07
   0.92200   -0.467649E-07
   0.92400   -0.465603E-07
   0.92600   -0.463564E-07
   0.92800   -0.461665E-07
   0.93000   -0.460037E-07
   0.93200   -0.458777E-07
   0.93400   -0.457930E-07
   0.93600   -0.457473E-07
   0.93800   -0.457308E-07
   0.94000   -0.457271E-07
   0.94200   -0.457146E-07
   0.94400   -0.456691E-07
   0.94600   -0.455665E-07
   0.94800   -0.453861E-07
   0.95000   -0.451134E-07
   0.95200   -0.447423E-07
   0.95400   -0.442767E-07
   0.95600   -0.437302E-07
   0.95800   -0.431257E-07
   0.96000   -0.424930E-07
   0.96200   -0.418662E-07
   0.96400   -0.412798E-07
   0.96600   -0.407653E-07
   0.96800   -0.403474E-07
   0.97000   -0.400417E-07
   0.97200   -0.398525E-07
   0.97400   -0.397720E-07
   0.97600   -0.397812E-07
   0.97800   -0.398515E-07
   0.98000   -0.399474E-07
   0.98200   -0.400299E-07
   0.98400   -0.400603E-07
   0.98600   -0.400042E-07
   0.98800   -0.398352E-07
   0.99000   -0.395376E-07
   0.99200   -0.391085E-07
   0.99400   -0.385587E-07
   0.99600   -0.379119E-07
   0.99800   -0.372027E-07
   1.00000   -0.364732E-07
   1.00200   -0.357684E-07
   1.00400   -0.351311E-07
   1.00600   -0.345971E-07
   1.00800   -0.341907E-07
   1.01000   -0.339213E-07
   1.01200   -0.337823E-07
   1.01400   -0.337513E-07
   1.01600   -0.337927E-07
   1.01800   -0.338619E-07
   1.02000   -0.339104E-07
   1.02200   -0.338919E-07
   1.02400   -0.337681E-07
   1.02600   -0.335134E-07
   1.02800   -0.331181E-07
   1.03000   -0.325901E-07
   1.03200   -0.319532E-07
   1.03400   -0.312448E-07
   1.03600   -0.305109E-07
   1.03800   -0.298001E-07
   1.04000   -0.291576E-07
   1.04200   -0.286194E-07
   1.04400   -0.282076E-07
   1.04600   -0.279277E-07
   1.04800   -0.277682E-07
   1.05000   -0.277015E-07
   1.05200   -0.276882E-07
   1.05400   -0.276816E-07
   1.05600   -0.276336E-07
   1.05800   -0.275016E-07
   1.06000   -0.272533E-07
   1.06200   -0.268715E-07
   1.06400   -0.263563E-07
   1.06600   -0.257258E-07
   1.06800   -0.250140E-07
   1.07000   -0.242668E-07
   1.07200   -0.235363E-07
   1.07400   -0.228744E-07
   1.07600   -0.223264E-07
   1.07800   -0.219247E-07
   1.08000   -0.216853E-07
   1.08200   -0.216053E-07
   1.08400   -0.216635E-07
   1.08600   -0.218232E-07
   1.08800   -0.220367E-07
   1.09000   -0.222517E-07
   1.09200   -0.224173E-07
   1.09400   -0.224905E-07
   1.09600   -0.224412E-07
   1.09800   -0.222550E-07
   1.10000   -0.219344E-07
   1.10200   -0.214977E-07
   1.10400   -0.209753E-07
   1.10600   -0.204054E-07
   1.10800   -0.198280E-07
   1.11000   -0.192797E-07
   1.11200   -0.187880E-07
   1.11400   -0.183685E-07
   1.11600   -0.180227E-07
   1.11800   -0.177383E-07
   1.12000   -0.174916E-07
   1.12200   -0.172512E-07
   1.12400   -0.169827E-07
   1.12600   -0.166541E-07
   1.12800   -0.162407E-07
   1.13000   -0.157290E-07
   1.13200   -0.151196E-07
   1.13400   -0.144274E-07
   1.13600   -0.136808E-07
   1.13800   -0.129183E-07
   1.14000   -0.121839E-07
   1.14200   -0.115214E-07
   1.14400   -0.109688E-07
   1.14600   -0.105524E-07
   1.14800   -0.102834E-07
   1.15000   -0.101550E-07
   1.15200   -0.101432E-07
   1.15400   -0.102089E-07
   1.15600   -0.103022E-07
   1.15800   -0.103690E-07
   1.16000   -0.103574E-07
   1.16200   -0.102242E-07
   1.16400   -0.994101E-08
   1.16600   -0.949764E-08
   1.16800   -0.890359E-08
   1.17000   -0.818696E-08
   1.17200   -0.739078E-08
   1.17400   -0.656747E-08
   1.17600   -0.577203E-08
   1.17800   -0.505496E-08
   1.18000   -0.445587E-08
   1.18200   -0.399867E-08
   1.18400   -0.368903E-08
   1.18600   -0.351430E-08
   1.18800   -0.344609E-08
   1.19000   -0.344482E-08
   1.19200   -0.346585E-08
   1.19400   -0.346609E-08
   1.19600   -0.341008E-08
   1.19800   -0.327487E-08
   1.20000   -0.305283E-08
   1.20200   -0.275195E-08
   1.20400   -0.239384E-08
   1.20600   -0.200943E-08
   1.20800   -0.163337E-08
   1.21000   -0.129785E-08
   1.21200   -0.102672E-08
   1.21400   -0.831247E-09
   1.21600   -0.707791E-09
   1.21800   -0.637976E-09
   1.22000   -0.591470E-09
   1.22200   -0.530780E-09
   1.22400   -0.417383E-09
   1.22600   -0.218214E-09
   1.22800    0.885589E-10
   1.23000    0.509416E-09
   1.23200    0.103374E-08
   1.23400    0.163480E-08
   1.23600    0.227337E-08
   1.23800    0.290350E-08
   1.24000    0.347947E-08
   1.24200    0.396309E-08
   1.24400    0.432985E-08
   1.24600    0.457323E-08
   1.24800    0.470639E-08
   1.25000    0.476081E-08
   1.25200    0.478219E-08
   1.25400    0.482403E-08
   1.25600    0.493992E-08
   1.25800    0.517571E-08
   1.26000    0.556262E-08
   1.26200    0.611250E-08
   1.26400    0.681572E-08
   1.26600    0.764234E-08
   1.26800    0.854610E-08
   1.27000    0.947089E-08
   1.27200    0.103587E-07
   1.27400    0.111575E-07
   1.27600    0.118285E-07
   1.27800    0.123512E-07
   1.28000    0.127250E-07
   1.28200    0.129692E-07
   1.28400    0.131179E-07
   1.28600    0.132145E-07
   1.28800    0.133038E-07
   1.29000    0.134244E-07
   1.29200    0.136025E-07
   1.29400    0.138474E-07
   1.29600    0.141508E-07
   1.29800    0.144881E-07
   1.30000    0.148235E-07
   1.30200    0.151163E-07
   1.30400    0.153289E-07
   1.30600    0.154335E-07
   1.30800    0.154178E-07
   1.31000    0.152884E-07
   1.31200    0.150701E-07
   1.31400    0.148032E-07
   1.31600    0.145377E-07
   1.31800    0.143258E-07
   1.32000    0.142146E-07
   1.32200    0.142383E-07
   1.32400    0.144143E-07
   1.32600    0.147403E-07
   1.32800    0.151958E-07
   1.33000    0.157459E-07
   1.33200    0.163479E-07
   1.33400    0.169584E-07
   1.33600    0.175414E-07
   1.33800    0.180736E-07
   1.34000    0.185486E-07
   1.34200    0.189766E-07
   1.34400    0.193821E-07
   1.34600    0.197975E-07
   1.34800    0.202558E-07
   1.35000    0.207825E-07
   1.35200    0.213888E-07
   1.35400    0.220668E-07
   1.35600    0.227885E-07
   1.35800    0.235083E-07
   1.36000    0.241697E-07
   1.36200    0.247133E-07
   1.36400    0.250875E-07
   1.36600    0.252574E-07
   1.36800    0.252122E-07
   1.37000    0.249689E-07
   1.37200    0.245710E-07
   1.37400    0.240838E-07
   1.37600    0.235853E-07
   1.37800    0.231560E-07
   1.38000    0.228666E-07
   1.38200    0.227691E-07
   1.38400    0.228893E-07
   1.38600    0.232250E-07
   1.38800    0.237476E-07
   1.39000    0.244082E-07
   1.39200    0.251468E-07
   1.39400    0.259019E-07
   1.39600    0.266209E-07
   1.39800    0.272664E-07
   1.40000    0.278208E-07
   1.40200    0.282851E-07
   1.40400    0.286755E-07
   1.40600    0.290163E-07
   1.40800    0.293318E-07
   1.41000    0.296388E-07
   1.41200    0.299408E-07
   1.41400    0.302259E-07
   1.41600    0.304685E-07
   1.41800    0.306340E-07
   1.42000    0.306865E-07
   1.42200    0.305977E-07
   1.42400    0.303547E-07
   1.42600    0.299652E-07
   1.42800    0.294595E-07
   1.43000    0.288886E-07
   1.43200    0.283174E-07
   1.43400    0.278163E-07
   1.43600    0.274510E-07
   1.43800    0.272724E-07
   1.44000    0.273101E-07
   1.44200    0.275677E-07
   1.44400    0.280236E-07
   1.44600    0.286352E-07
   1.44800    0.293456E-07
   1.45000    0.300924E-07
   1.45200    0.308167E-07
   1.45400    0.314697E-07
   1.45600    0.320180E-07
   1.45800    0.324442E-07
   1.46000    0.327458E-07
   1.46200    0.329318E-07
   1.46400    0.330173E-07
   1.46600    0.330194E-07
   1.46800    0.329534E-07
   1.47000    0.328317E-07
   1.47200    0.326639E-07
   1.47400    0.324598E-07
   1.47600    0.322321E-07
   1.47800    0.319994E-07
   1.48000    0.317884E-07
   1.48200    0.316331E-07
   1.48400    0.315725E-07
   1.48600    0.316449E-07
   1.48800    0.318820E-07
   1.49000    0.323019E-07
   1.49200    0.329037E-07
   1.49400    0.336642E-07
   1.49600    0.345380E-07
   1.49800    0.354617E-07
   1.50000    0.363607E-07
   1.50200    0.371592E-07
   1.50400    0.377902E-07
   1.50600    0.382048E-07
   1.50800    0.383792E-07
   1.51000    0.383176E-07
   1.51200    0.380508E-07
   1.51400    0.376312E-07
   1.51600    0.371243E-07
   1.51800    0.365995E-07
   1.52000    0.361196E-07
   1.52200    0.357345E-07
   1.52400    0.354752E-07
   1.52600    0.353537E-07
   1.52800    0.353639E-07
   1.53000    0.354871E-07
   1.53200    0.356966E-07
   1.53400    0.359642E-07
   1.53600    0.362639E-07
   1.53800    0.365753E-07
   1.54000    0.368839E-07
   1.54200    0.371811E-07
   1.54400    0.374618E-07
   1.54600    0.377239E-07
   1.54800    0.379669E-07
   1.55000    0.381921E-07
   1.55200    0.384038E-07
   1.55400    0.386107E-07
   1.55600    0.388267E-07
   1.55800    0.390714E-07
   1.56000    0.393679E-07
   1.56200    0.397398E-07
   1.56400    0.402063E-07
   1.56600    0.407766E-07
   1.56800    0.414458E-07
   1.57000    0.421912E-07
   1.57200    0.429724E-07
   1.57400    0.437346E-07
   1.57600    0.444149E-07
   1.57800    0.449504E-07
   1.58000    0.452885E-07
   1.58200    0.453955E-07
   1.58400    0.452630E-07
   1.58600    0.449113E-07
   1.58800    0.443878E-07
   1.59000    0.437615E-07
   1.59200    0.431142E-07
   1.59400    0.425293E-07
   1.59600    0.420812E-07
   1.59800    0.418257E-07
   1.60000    0.417939E-07
   1.60200    0.419899E-07
   1.60400    0.423922E-07
   1.60600    0.429589E-07
   1.60800    0.436346E-07
   1.61000    0.443588E-07
   1.61200    0.450734E-07
   1.61400    0.457286E-07
   1.61600    0.462866E-07
   1.61800    0.467236E-07
   1.62000    0.470288E-07
   1.62200    0.472031E-07
   1.62400    0.472562E-07
   1.62600    0.472045E-07
   1.62800    0.470687E-07
   1.63000    0.468719E-07
   1.63200    0.466386E-07
   1.63400    0.463930E-07
   1.63600    0.461579E-07
   1.63800    0.459539E-07
   1.64000    0.457978E-07
   1.64200    0.457028E-07
   1.64400    0.456778E-07
   1.64600    0.457292E-07
   1.64800    0.458615E-07
   1.65000    0.460795E-07
   1.65200    0.463894E-07
   1.65400    0.467993E-07
   1.65600    0.473179E-07
   1.65800    0.479518E-07
   1.66000    0.487021E-07
   1.66200    0.495605E-07
   1.66400    0.505063E-07
   1.66600    0.515050E-07
   1.66800    0.525099E-07
   1.67000    0.534668E-07
   1.67200    0.543202E-07
   1.67400    0.550216E-07
   1.67600    0.555374E-07
   1.67800    0.558547E-07
   1.68000    0.559841E-07
   1.68200    0.559591E-07
   1.68400    0.558310E-07
   1.68600    0.556619E-07
   1.68800    0.555155E-07
   1.69000    0.554482E-07
   1.69200    0.555029E-07
   1.69400    0.557044E-07
   1.69600    0.560591E-07
   1.69800    0.565571E-07
   1.70000    0.571768E-07
   1.70200    0.578900E-07
   1.70400    0.586666E-07
   1.70600    0.594791E-07
   1.70800    0.603035E-07
   1.71000    0.611203E-07
   1.71200    0.619133E-07
   1.71400    0.626686E-07
   1.71600    0.633731E-07
   1.71800    0.640146E-07
   1.72000    0.645823E-07
   1.72200    0.650683E-07
   1.72400    0.654694E-07
   1.72600    0.657885E-07
   1.72800    0.660359E-07
   1.73000    0.662287E-07
   1.73200    0.663900E-07
   1.73400    0.665468E-07
   1.73600    0.667272E-07
   1.73800    0.669578E-07
   1.74000    0.672613E-07
   1.74200    0.676540E-07
   1.74400    0.681451E-07
   1.74600    0.687358E-07
   1.74800    0.694197E-07
   1.75000    0.701840E-07
   1.75200    0.710104E-07
   1.75400    0.718782E-07
   1.75600    0.727660E-07
   1.75800    0.736545E-07
   1.76000    0.745288E-07
   1.76200    0.753804E-07
   1.76400    0.762079E-07
   1.76600    0.770170E-07
   1.76800    0.778199E-07
   1.77000    0.786333E-07
   1.77200    0.794757E-07
   1.77400    0.803654E-07
   1.77600    0.813175E-07
   1.77800    0.823420E-07
   1.78000    0.834425E-07
   1.78200    0.846155E-07
   1.78400    0.858499E-07
   1.78600    0.871282E-07
   1.78800    0.884272E-07
   1.79000    0.897201E-07
   1.79200    0.909789E-07
   1.79400    0.921774E-07
   1.79600    0.932948E-07
   1.79800    0.943189E-07
   1.80000    0.952492E-07
   1.80200    0.960984E-07
   1.80400    0.968926E-07
   1.80600    0.976699E-07
   1.80800    0.984762E-07
   1.81000    0.993602E-07
   1.81200    0.100367E-06
   1.81400    0.101534E-06
   1.81600    0.102883E-06
   1.81800    0.104418E-06
   1.82000    0.106128E-06
   1.82200    0.107982E-06
   1.82400    0.109940E-06
   1.82600    0.111953E-06
   1.82800    0.113972E-06
   1.83000    0.115955E-06
   1.83200    0.117873E-06
   1.83400    0.119711E-06
   1.83600    0.121474E-06
   1.83800    0.123181E-06
   1.84000    0.124869E-06
   1.84200    0.126582E-06
   1.84400    0.128364E-06
   1.84600    0.130258E-06
   1.84800    0.132294E-06
   1.85000    0.134488E-06
   1.85200    0.136840E-06
   1.85400    0.139335E-06
   1.85600    0.141945E-06
   1.85800    0.144638E-06
   1.86000    0.147381E-06
   1.86200    0.150146E-06
   1.86400    0.152913E-06
   1.86600    0.155673E-06
   1.86800    0.158425E-06
   1.87000    0.161173E-06
   1.87200    0.163920E-06
   1.87400    0.166664E-06
   1.87600    0.169394E-06
   1.87800    0.172091E-06
   1.88000    0.174722E-06
   1.88200    0.177244E-06
   1.88400    0.179614E-06
   1.88600    0.181791E-06
   1.88800    0.183745E-06
   1.89000    0.185472E-06
   1.89200    0.187009E-06
   1.89400    0.188454E-06
   1.89600    0.189967E-06
   1.89800    0.191814E-06
   1.90000    0.194391E-06
   1.90200    0.198220E-06
   1.90400    0.203968E-06
   1.90600    0.212438E-06
   1.90800    0.224537E-06
   1.91000    0.241231E-06
   1.91200    0.263465E-06
   1.91400    0.292073E-06
   1.91600    0.327664E-06
   1.91800    0.370503E-06
   1.92000    0.420406E-06
   1.92200    0.476636E-06
   1.92400    0.537825E-06
   1.92600    0.601930E-06
   1.92800    0.666214E-06
   1.93000    0.727278E-06
   1.93200    0.781143E-06
   1.93400    0.823394E-06
   1.93600    0.849400E-06
   1.93800    0.854605E-06
   1.94000    0.834904E-06
   1.94200    0.787060E-06
   1.94400    0.709133E-06
   1.94600    0.600873E-06
   1.94800    0.463985E-06
   1.95000    0.302239E-06
   1.95200    0.121350E-06
   1.95400   -0.713646E-07
   1.95600   -0.267541E-06
   1.95800   -0.458463E-06
   1.96000   -0.635813E-06
   1.96200   -0.792376E-06
   1.96400   -0.922596E-06
   1.96600   -0.102293E-05
   1.96800   -0.109195E-05
   1.97000   -0.113022E-05
   1.97200   -0.113999E-05
   1.97400   -0.112475E-05
   1.97600   -0.108878E-05
   1.97800   -0.103670E-05
   1.98000   -0.973080E-06
   1.98200   -0.902196E-06
   1.98400   -0.827833E-06
   1.98600   -0.753214E-06
   1.98800   -0.680968E-06
   1.99000   -0.613147E-06
   1.99200   -0.551248E-06
   1.99400   -0.496252E-06
   1.99600   -0.448650E-06
   1.99800   -0.408477E-06
   2.00000   -0.375364E-06
   2.00200   -0.348584E-06
   2.00400   -0.327144E-06
   2.00600   -0.309874E-06
   2.00800   -0.295537E-06
   2.01000   -0.282949E-06
   2.01200   -0.271081E-06
   2.01400   -0.259150E-06
   2.01600   -0.246681E-06
   2.01800   -0.233509E-06
   2.02000   -0.219791E-06
   2.02200   -0.205938E-06
   2.02400   -0.192512E-06
   2.02600   -0.180152E-06
   2.02800   -0.169452E-06
   2.03000   -0.160883E-06
   2.03200   -0.154726E-06
   2.03400   -0.151035E-06
   2.03600   -0.149650E-06
   2.03800   -0.150226E-06
   2.04000   -0.152291E-06
   2.04200   -0.155320E-06
   2.04400   -0.158802E-06
   2.04600   -0.162285E-06
   2.04800   -0.165421E-06
   2.05000   -0.167967E-06
   2.05200   -0.169790E-06
   2.05400   -0.170837E-06
   2.05600   -0.171113E-06
   2.05800   -0.170651E-06
   2.06000   -0.169495E-06
   2.06200   -0.167684E-06
   2.06400   -0.165244E-06
   2.06600   -0.162194E-06
   2.06800   -0.158545E-06
   2.07000   -0.154311E-06
   2.07200   -0.149510E-06
   2.07400   -0.144168E-06
   2.07600   -0.138323E-06
   2.07800   -0.132025E-06
   2.08000   -0.125334E-06
   2.08200   -0.118323E-06
   2.08400   -0.111075E-06
   2.08600   -0.103688E-06
   2.08800   -0.962704E-07
   2.09000   -0.889424E-07
   2.09200   -0.818335E-07
   2.09400   -0.750783E-07
   2.09600   -0.688110E-07
   2.09800   -0.631592E-07
   2.10000   -0.582369E-07
   2.10200   -0.541354E-07
   2.10400   -0.509145E-07
   2.10600   -0.485942E-07
   2.10800   -0.471479E-07
   2.11000   -0.464980E-07
   2.11200   -0.465162E-07
   2.11400   -0.470272E-07
   2.11600   -0.478204E-07
   2.11800   -0.486656E-07
   2.12000   -0.493309E-07
   2.12200   -0.496048E-07
   2.12400   -0.493154E-07
   2.12600   -0.483469E-07
   2.12800   -0.466492E-07
   2.13000   -0.442423E-07
   2.13200   -0.412103E-07
   2.13400   -0.376929E-07
   2.13600   -0.338701E-07
   2.13800   -0.299431E-07
   2.14000   -0.261155E-07
   2.14200   -0.225740E-07
   2.14400   -0.194736E-07
   2.14600   -0.169241E-07
   2.14800   -0.149838E-07
   2.15000   -0.136570E-07
   2.15200   -0.128975E-07
   2.15400   -0.126166E-07
   2.15600   -0.126936E-07
   2.15800   -0.129888E-07
   2.16000   -0.133561E-07
   2.16200   -0.136542E-07
   2.16400   -0.137562E-07
   2.16600   -0.135563E-07
   2.16800   -0.129736E-07
   2.17000   -0.119563E-07
   2.17200   -0.104819E-07
   2.17400   -0.855806E-08
   2.17600   -0.622203E-08
   2.17800   -0.353753E-08
   2.18000   -0.590381E-09
   2.18200    0.251847E-08
   2.18400    0.568190E-08
   2.18600    0.879648E-08
   2.18800    0.117739E-07
   2.19000    0.145502E-07
   2.19200    0.170938E-07
   2.19400    0.194077E-07
   2.19600    0.215315E-07
   2.19800    0.235355E-07
   2.20000    0.255129E-07
   2.20200    0.275727E-07
   2.20400    0.298307E-07
   2.20600    0.324004E-07
   2.20800    0.353874E-07
   2.21000    0.388863E-07
   2.21200    0.429799E-07
   2.21400    0.477392E-07
   2.21600    0.532249E-07
   2.21800    0.594875E-07
   2.22000    0.665657E-07
   2.22200    0.744827E-07
   2.22400    0.832390E-07
   2.22600    0.928024E-07
   2.22800    0.103094E-06
   2.23000    0.113969E-06
   2.23200    0.125202E-06
   2.23400    0.136460E-06
   2.23600    0.147291E-06
   2.23800    0.157111E-06
   2.24000    0.165208E-06
   2.24200    0.170767E-06
   2.24400    0.172913E-06
   2.24600    0.170780E-06
   2.24800    0.163600E-06
   2.25000    0.150804E-06
   2.25200    0.132115E-06
   2.25400    0.107631E-06
   2.25600    0.778661E-07
   2.25800    0.437480E-07
   2.26000    0.656763E-08
   2.26200   -0.321236E-07
   2.26400   -0.706504E-07
   2.26600   -0.107368E-06
   2.26800   -0.140813E-06
   2.27000   -0.169831E-06
   2.27200   -0.193655E-06
   2.27400   -0.211948E-06
   2.27600   -0.224781E-06
   2.27800   -0.232578E-06
   2.28000   -0.236020E-06
   2.28200   -0.235950E-06
   2.28400   -0.233265E-06
   2.28600   -0.228828E-06
   2.28800   -0.223406E-06
   2.29000   -0.217623E-06
   2.29200   -0.211949E-06
   2.29400   -0.206701E-06
   2.29600   -0.202064E-06
   2.29800   -0.198115E-06
   2.30000   -0.194854E-06
   2.30200   -0.192232E-06
   2.30400   -0.190172E-06
   2.30600   -0.188585E-06
   2.30800   -0.187383E-06
   2.31000   -0.186486E-06
   2.31200   -0.185822E-06
   2.31400   -0.185330E-06
   2.31600   -0.184960E-06
   2.31800   -0.184673E-06
   2.32000   -0.184440E-06
   2.32200   -0.184242E-06
   2.32400   -0.184073E-06
   2.32600   -0.183936E-06
   2.32800   -0.183845E-06
   2.33000   -0.183823E-06
   2.33200   -0.183902E-06
   2.33400   -0.184119E-06
   2.33600   -0.184515E-06
   2.33800   -0.185135E-06
   2.34000   -0.186020E-06
   2.34200   -0.187210E-06
   2.34400   -0.188736E-06
   2.34600   -0.190618E-06
   2.34800   -0.192858E-06
   2.35000   -0.195434E-06
   2.35200   -0.198299E-06
   2.35400   -0.201374E-06
   2.35600   -0.204548E-06
   2.35800   -0.207683E-06
   2.36000   -0.210617E-06
   2.36200   -0.213185E-06
   2.36400   -0.215224E-06
   2.36600   -0.216596E-06
   2.36800   -0.217203E-06
   2.37000   -0.216997E-06
   2.37200   -0.215990E-06
   2.37400   -0.214251E-06
   2.37600   -0.211897E-06
   2.37800   -0.209085E-06
   2.38000   -0.205985E-06
   2.38200   -0.202765E-06
   2.38400   -0.199574E-06
   2.38600   -0.196525E-06
   2.38800   -0.193689E-06
   2.39000   -0.191095E-06
   2.39200   -0.188733E-06
   2.39400   -0.186570E-06
   2.39600   -0.184554E-06
   2.39800   -0.182634E-06
   2.40000   -0.180766E-06
   2.40200   -0.178924E-06
   2.40400   -0.177099E-06
   2.40600   -0.175305E-06
   2.40800   -0.173567E-06
   2.41000   -0.171923E-06
   2.41200   -0.170411E-06
   2.41400   -0.169066E-06
   2.41600   -0.167912E-06
   2.41800   -0.166961E-06
   2.42000   -0.166211E-06
   2.42200   -0.165648E-06
   2.42400   -0.165247E-06
   2.42600   -0.164979E-06
   2.42800   -0.164815E-06
   2.43000   -0.164727E-06
   2.43200   -0.164697E-06
   2.43400   -0.164713E-06
   2.43600   -0.164773E-06
   2.43800   -0.164881E-06
   2.44000   -0.165042E-06
   2.44200   -0.165263E-06
   2.44400   -0.165539E-06
   2.44600   -0.165856E-06
   2.44800   -0.166185E-06
   2.45000   -0.166478E-06
   2.45200   -0.166673E-06
   2.45400   -0.166697E-06
   2.45600   -0.166471E-06
   2.45800   -0.165926E-06
   2.46000   -0.165002E-06
   2.46200   -0.163664E-06
   2.46400   -0.161908E-06
   2.46600   -0.159758E-06
   2.46800   -0.157266E-06
   2.47000   -0.154511E-06
   2.47200   -0.151583E-06
   2.47400   -0.148578E-06
   2.47600   -0.145584E-06
   2.47800   -0.142674E-06
   2.48000   -0.139904E-06
   2.48200   -0.137303E-06
   2.48400   -0.134883E-06
   2.48600   -0.132635E-06
   2.48800   -0.130541E-06
   2.49000   -0.128575E-06
   2.49200   -0.126711E-06
   2.49400   -0.124929E-06
   2.49600   -0.123212E-06
   2.49800   -0.121553E-06
   2.50000   -0.119952E-06
   2.50200   -0.118416E-06
   2.50400   -0.116955E-06
   2.50600   -0.115580E-06
   2.50800   -0.114303E-06
   2.51000   -0.113132E-06
   2.51200   -0.112072E-06
   2.51400   -0.111122E-06
   2.51600   -0.110276E-06
   2.51800   -0.109520E-06
   2.52000   -0.108835E-06
   2.52200   -0.108198E-06
   2.52400   -0.107580E-06
   2.52600   -0.106955E-06
   2.52800   -0.106294E-06
   2.53000   -0.105576E-06
   2.53200   -0.104784E-06
   2.53400   -0.103910E-06
   2.53600   -0.102959E-06
   2.53800   -0.101942E-06
   2.54000   -0.100882E-06
   2.54200   -0.998043E-07
   2.54400   -0.987385E-07
   2.54600   -0.977103E-07
   2.54800   -0.967396E-07
   2.55000   -0.958377E-07
   2.55200   -0.950063E-07
   2.55400   -0.942379E-07
   2.55600   -0.935187E-07
   2.55800   -0.928309E-07
   2.56000   -0.921569E-07
   2.56200   -0.914824E-07
   2.56400   -0.907986E-07
   2.56600   -0.901039E-07
   2.56800   -0.894044E-07
   2.57000   -0.887132E-07
   2.57200   -0.880491E-07
   2.57400   -0.874345E-07
   2.57600   -0.868929E-07
   2.57800   -0.864458E-07
   2.58000   -0.861104E-07
   2.58200   -0.858964E-07
   2.58400   -0.858039E-07
   2.58600   -0.858228E-07
   2.58800   -0.859332E-07
   2.59000   -0.861073E-07
   2.59200   -0.863127E-07
   2.59400   -0.865168E-07
   2.59600   -0.866915E-07
   2.59800   -0.868163E-07
   2.60000   -0.868808E-07
   2.60200   -0.868853E-07
   2.60400   -0.868391E-07
   2.60600   -0.867575E-07
   2.60800   -0.866580E-07
   2.61000   -0.865563E-07
   2.61200   -0.864638E-07
   2.61400   -0.863854E-07
   2.61600   -0.863202E-07
   2.61800   -0.862624E-07
   2.62000   -0.862037E-07
   2.62200   -0.861361E-07
   2.62400   -0.860536E-07
   2.62600   -0.859534E-07
   2.62800   -0.858363E-07
   2.63000   -0.857056E-07
   2.63200   -0.855659E-07
   2.63400   -0.854211E-07
   2.63600   -0.852735E-07
   2.63800   -0.851228E-07
   2.64000   -0.849661E-07
   2.64200   -0.847989E-07
   2.64400   -0.846157E-07
   2.64600   -0.844116E-07
   2.64800   -0.841831E-07
   2.65000   -0.839289E-07
   2.65200   -0.836500E-07
   2.65400   -0.833498E-07
   2.65600   -0.830334E-07
   2.65800   -0.827069E-07
   2.66000   -0.823768E-07
   2.66200   -0.820498E-07
   2.66400   -0.817318E-07
   2.66600   -0.814274E-07
   2.66800   -0.811400E-07
   2.67000   -0.808710E-07
   2.67200   -0.806193E-07
   2.67400   -0.803815E-07
   2.67600   -0.801514E-07
   2.67800   -0.799203E-07
   2.68000   -0.796777E-07
   2.68200   -0.794117E-07
   2.68400   -0.791104E-07
   2.68600   -0.787625E-07
   2.68800   -0.783588E-07
   2.69000   -0.778928E-07
   2.69200   -0.773617E-07
   2.69400   -0.767664E-07
   2.69600   -0.761121E-07
   2.69800   -0.754076E-07
   2.70000   -0.746647E-07
   2.70200   -0.738972E-07
   2.70400   -0.731192E-07
   2.70600   -0.723438E-07
   2.70800   -0.715814E-07
   2.71000   -0.708384E-07
   2.71200   -0.701171E-07
   2.71400   -0.694152E-07
   2.71600   -0.687268E-07
   2.71800   -0.680446E-07
   2.72000   -0.673607E-07
   2.72200   -0.666696E-07
   2.72400   -0.659690E-07
   2.72600   -0.652610E-07
   2.72800   -0.645517E-07
   2.73000   -0.638508E-07
   2.73200   -0.631696E-07
   2.73400   -0.625194E-07
   2.73600   -0.619088E-07
   2.73800   -0.613429E-07
   2.74000   -0.608214E-07
   2.74200   -0.603392E-07
   2.74400   -0.598861E-07
   2.74600   -0.594492E-07
   2.74800   -0.590138E-07
   2.75000   -0.585661E-07
   2.75200   -0.580950E-07
   2.75400   -0.575937E-07
   2.75600   -0.570603E-07
   2.75800   -0.564981E-07
   2.76000   -0.559148E-07
   2.76200   -0.553216E-07
   2.76400   -0.547314E-07
   2.76600   -0.541576E-07
   2.76800   -0.536132E-07
   2.77000   -0.531101E-07
   2.77200   -0.526591E-07
   2.77400   -0.522701E-07
   2.77600   -0.519522E-07
   2.77800   -0.517148E-07
   2.78000   -0.515670E-07
   2.78200   -0.515178E-07
   2.78400   -0.515765E-07
   2.78600   -0.517509E-07
   2.78800   -0.520465E-07
   2.79000   -0.524734E-07
   2.79200   -0.530397E-07
   2.79400   -0.537576E-07
   2.79600   -0.546441E-07
   2.79800   -0.557243E-07
   2.80000   -0.570327E-07
   2.80200   -0.586137E-07
   2.80400   -0.605194E-07
   2.80600   -0.628049E-07
   2.80800   -0.655187E-07
   2.81000   -0.686894E-07
   2.81200   -0.723074E-07
   2.81400   -0.763028E-07
   2.81600   -0.805222E-07
   2.81800   -0.847061E-07
   2.82000   -0.884726E-07
   2.82200   -0.913112E-07
   2.82400   -0.925931E-07
   2.82600   -0.916016E-07
   2.82800   -0.875845E-07
   2.83000   -0.798276E-07
   2.83200   -0.677435E-07
   2.83400   -0.509644E-07
   2.83600   -0.294276E-07
   2.83800   -0.343691E-08
   2.84000    0.263134E-07
   2.84200    0.587598E-07
   2.84400    0.925400E-07
   2.84600    0.126106E-06
   2.84800    0.157866E-06
   2.85000    0.186338E-06
   2.85200    0.210286E-06
   2.85400    0.228835E-06
   2.85600    0.241529E-06
   2.85800    0.248341E-06
   2.86000    0.249639E-06
   2.86200    0.246103E-06
   2.86400    0.238621E-06
   2.86600    0.228181E-06
   2.86800    0.215767E-06
   2.87000    0.202277E-06
   2.87200    0.188465E-06
   2.87400    0.174917E-06
   2.87600    0.162045E-06
   2.87800    0.150103E-06
   2.88000    0.139217E-06
   2.88200    0.129415E-06
   2.88400    0.120658E-06
   2.88600    0.112871E-06
   2.88800    0.105961E-06
   2.89000    0.998326E-07
   2.89200    0.943959E-07
   2.89400    0.895721E-07
   2.89600    0.852930E-07
   2.89800    0.815016E-07
   2.90000    0.781506E-07
   2.90200    0.752015E-07
   2.90400    0.726252E-07
   2.90600    0.704020E-07
   2.90800    0.685225E-07
   2.91000    0.669875E-07
   2.91200    0.658126E-07
   2.91400    0.650174E-07
   2.91600    0.646273E-07
   2.91800    0.646648E-07
   2.92000    0.651418E-07
   2.92200    0.660490E-07
   2.92400    0.673482E-07
   2.92600    0.689646E-07
   2.92800    0.707844E-07
   2.93000    0.726587E-07
   2.93200    0.744100E-07
   2.93400    0.758464E-07
   2.93600    0.767815E-07
   2.93800    0.770531E-07
   2.94000    0.765418E-07
   2.94200    0.751865E-07
   2.94400    0.729929E-07
   2.94600    0.700350E-07
   2.94800    0.664489E-07
   2.95000    0.624206E-07
   2.95200    0.581696E-07
   2.95400    0.539305E-07
   2.95600    0.499360E-07
   2.95800    0.464025E-07
   2.96000    0.435197E-07
   2.96200    0.414435E-07
   2.96400    0.402926E-07
   2.96600    0.401466E-07
   2.96800    0.410443E-07
   2.97000    0.429811E-07
   2.97200    0.459055E-07
   2.97400    0.497144E-07
   2.97600    0.542490E-07
   2.97800    0.592933E-07
   2.98000    0.645778E-07
   2.98200    0.697887E-07
   2.98400    0.745858E-07
   2.98600    0.786266E-07
   2.98800    0.815955E-07
   2.99000    0.832339E-07
   2.99200    0.833672E-07
   2.99400    0.819250E-07
   2.99600    0.789490E-07
   2.99800    0.745902E-07
   3.00000    0.690918E-07
   3.00200    0.627644E-07
   3.00400    0.559542E-07
   3.00600    0.490104E-07
   3.00800    0.422548E-07
   3.01000    0.359598E-07
   3.01200    0.303327E-07
   3.01400    0.255102E-07
   3.01600    0.215594E-07
   3.01800    0.184851E-07
   3.02000    0.162405E-07
   3.02200    0.147401E-07
   3.02400    0.138710E-07
   3.02600    0.135054E-07
   3.02800    0.135101E-07
   3.03000    0.137549E-07
   3.03200    0.141198E-07
   3.03400    0.145004E-07
   3.03600    0.148120E-07
   3.03800    0.149926E-07
   3.04000    0.150040E-07
   3.04200    0.148317E-07
   3.04400    0.144837E-07
   3.04600    0.139876E-07
   3.04800    0.133868E-07
   3.05000    0.127362E-07
   3.05200    0.120962E-07
   3.05400    0.115298E-07
   3.05600    0.110963E-07
   3.05800    0.108450E-07
   3.06000    0.108130E-07
   3.06200    0.110214E-07
   3.06400    0.114727E-07
   3.06600    0.121503E-07
   3.06800    0.130188E-07
   3.07000    0.140270E-07
   3.07200    0.151116E-07
   3.07400    0.162028E-07
   3.07600    0.172302E-07
   3.07800    0.181292E-07
   3.08000    0.188462E-07
   3.08200    0.193433E-07
   3.08400    0.196007E-07
   3.08600    0.196171E-07
   3.08800    0.194083E-07
   3.09000    0.190042E-07
   3.09200    0.184445E-07
   3.09400    0.177743E-07
   3.09600    0.170390E-07
   3.09800    0.162811E-07
   3.10000    0.155368E-07
   3.10200    0.148345E-07
   3.10400    0.141944E-07
   3.10600    0.136293E-07
   3.10800    0.131442E-07
   3.11000    0.127400E-07
   3.11200    0.124138E-07
   3.11400    0.121601E-07
   3.11600    0.119721E-07
   3.11800    0.118412E-07
   3.12000    0.117570E-07
   3.12200    0.117060E-07
   3.12400    0.116709E-07
   3.12600    0.116304E-07
   3.12800    0.115593E-07
   3.13000    0.114304E-07
   3.13200    0.112176E-07
   3.13400    0.109002E-07
   3.13600    0.104685E-07
   3.13800    0.992897E-08
   3.14000    0.930927E-08
   3.14200    0.866080E-08
   3.14400    0.805879E-08
   3.14600    0.759907E-08
   3.14800    0.739123E-08
   3.15000    0.754902E-08
   3.15200    0.817895E-08
   3.15400    0.936869E-08
   3.15600    0.111769E-07
   3.15800    0.136264E-07
   3.16000    0.167011E-07
   3.16200    0.203477E-07
   3.16400    0.244814E-07
   3.16600    0.289948E-07
   3.16800    0.337682E-07
   3.17000    0.386798E-07
   3.17200    0.436150E-07
   3.17400    0.484724E-07
   3.17600    0.531677E-07
   3.17800    0.576353E-07
   3.18000    0.618272E-07
   3.18200    0.657112E-07
   3.18400    0.692685E-07
   3.18600    0.724905E-07
   3.18800    0.753769E-07
   3.19000    0.779335E-07
   3.19200    0.801698E-07
   3.19400    0.820981E-07
   3.19600    0.837320E-07
   3.19800    0.850852E-07
   3.20000    0.861712E-07
   3.20200    0.870032E-07
   3.20400    0.875950E-07
   3.20600    0.879614E-07
   3.20800    0.881193E-07
   3.21000    0.880892E-07
   3.21200    0.878959E-07
   3.21400    0.875687E-07
   3.21600    0.871410E-07
   3.21800    0.866485E-07
   3.22000    0.861286E-07
   3.22200    0.856171E-07
   3.22400    0.851457E-07
   3.22600    0.847400E-07
   3.22800    0.844166E-07
   3.23000    0.841849E-07
   3.23200    0.840438E-07
   3.23400    0.839859E-07
   3.23600    0.839998E-07
   3.23800    0.840760E-07
   3.24000    0.842116E-07
   3.24200    0.844175E-07
   3.24400    0.847246E-07
   3.24600    0.851889E-07
   3.24800    0.858950E-07
   3.25000    0.869558E-07
   3.25200    0.885098E-07
   3.25400    0.907132E-07
   3.25600    0.937287E-07
   3.25800    0.977103E-07
   3.26000    0.102786E-06
   3.26200    0.109037E-06
   3.26400    0.116478E-06
   3.26600    0.125039E-06
   3.26800    0.134543E-06
   3.27000    0.144698E-06
   3.27200    0.155092E-06
   3.27400    0.165191E-06
   3.27600    0.174361E-06
   3.27800    0.181898E-06
   3.28000    0.187076E-06
   3.28200    0.189202E-06
   3.28400    0.187686E-06
   3.28600    0.182108E-06
   3.28800    0.172280E-06
   3.29000    0.158283E-06
   3.29200    0.140486E-06
   3.29400    0.119529E-06
   3.29600    0.962792E-07
   3.29800    0.717565E-07
   3.30000    0.470455E-07
   3.30200    0.232002E-07
   3.30400    0.115555E-08
   3.30600   -0.183419E-07
   3.30800   -0.347784E-07
   3.31000   -0.478887E-07
   3.31200   -0.576442E-07
   3.31400   -0.642186E-07
   3.31600   -0.679391E-07
   3.31800   -0.692323E-07
   3.32000   -0.685696E-07
   3.32200   -0.664229E-07
   3.32400   -0.632282E-07
   3.32600   -0.593646E-07
   3.32800   -0.551425E-07
   3.33000   -0.508021E-07
   3.33200   -0.465192E-07
   3.33400   -0.424141E-07
   3.33600   -0.385626E-07
   3.33800   -0.350066E-07
   3.34000   -0.317632E-07
   3.34200   -0.288327E-07
   3.34400   -0.262042E-07
   3.34600   -0.238587E-07
   3.34800   -0.217727E-07
   3.35000   -0.199191E-07
   3.35200   -0.182700E-07
   3.35400   -0.167958E-07
   3.35600   -0.154682E-07
   3.35800   -0.142601E-07
   3.36000   -0.131481E-07
   3.36200   -0.121118E-07
   3.36400   -0.111361E-07
   3.36600   -0.102100E-07
   3.36800   -0.932736E-08
   3.37000   -0.848563E-08
   3.37200   -0.768540E-08
   3.37400   -0.692906E-08
   3.37600   -0.621986E-08
   3.37800   -0.556109E-08
   3.38000   -0.495562E-08
   3.38200   -0.440584E-08
   3.38400   -0.391369E-08
   3.38600   -0.348081E-08
   3.38800   -0.310884E-08
   3.39000   -0.279931E-08
   3.39200   -0.255339E-08
   3.39400   -0.237127E-08
   3.39600   -0.225154E-08
   3.39800   -0.219050E-08
   3.40000   -0.218150E-08
   3.40200   -0.221485E-08
   3.40400   -0.227796E-08
   3.40600   -0.235633E-08
   3.40800   -0.243480E-08
   3.41000   -0.249944E-08
   3.41200   -0.253940E-08
   3.41400   -0.254882E-08
   3.41600   -0.252802E-08
   3.41800   -0.248404E-08
   3.42000   -0.243005E-08
   3.42200   -0.238373E-08
   3.42400   -0.236470E-08
   3.42600   -0.239124E-08
   3.42800   -0.247719E-08
   3.43000   -0.262915E-08
   3.43200   -0.284496E-08
   3.43400   -0.311355E-08
   3.43600   -0.341672E-08
   3.43800   -0.373205E-08
   3.44000   -0.403695E-08
   3.44200   -0.431296E-08
   3.44400   -0.454924E-08
   3.44600   -0.474494E-08
   3.44800   -0.490953E-08
   3.45000   -0.506122E-08
   3.45200   -0.522343E-08
   3.45400   -0.542027E-08
   3.45600   -0.567178E-08
   3.45800   -0.598952E-08
   3.46000   -0.637379E-08
   3.46200   -0.681288E-08
   3.46400   -0.728417E-08
   3.46600   -0.775753E-08
   3.46800   -0.819946E-08
   3.47000   -0.857783E-08
   3.47200   -0.886612E-08
   3.47400   -0.904629E-08
   3.47600   -0.911000E-08
   3.47800   -0.905782E-08
   3.48000   -0.889697E-08
   3.48200   -0.863791E-08
   3.48400   -0.829049E-08
   3.48600   -0.786032E-08
   3.48800   -0.734595E-08
   3.49000   -0.673698E-08
   3.49200   -0.601363E-08
   3.49400   -0.514712E-08
   3.49600   -0.410149E-08
   3.49800   -0.283555E-08
   3.50000   -0.130559E-08
   3.50200    0.531014E-09
   3.50400    0.271299E-08
   3.50600    0.527135E-08
   3.50800    0.822619E-08
   3.51000    0.115838E-07
   3.51200    0.153344E-07
   3.51400    0.194520E-07
   3.51600    0.238939E-07
   3.51800    0.286041E-07
   3.52000    0.335169E-07
   3.52200    0.385618E-07
   3.52400    0.436687E-07
   3.52600    0.487738E-07
   3.52800    0.538223E-07
   3.53000    0.587730E-07
   3.53200    0.635983E-07
   3.53400    0.682853E-07
   3.53600    0.728330E-07
   3.53800    0.772549E-07
   3.54000    0.815647E-07
   3.54200    0.857979E-07
   3.54400    0.899914E-07
   3.54600    0.941921E-07
   3.54800    0.984568E-07
   3.55000    0.102853E-06
   3.55200    0.107459E-06
   3.55400    0.112364E-06
   3.55600    0.117666E-06
   3.55800    0.123464E-06
   3.56000    0.129850E-06
   3.56200    0.136893E-06
   3.56400    0.144614E-06
   3.56600    0.152963E-06
   3.56800    0.161779E-06
   3.57000    0.170764E-06
   3.57200    0.179445E-06
   3.57400    0.187161E-06
   3.57600    0.193063E-06
   3.57800    0.196140E-06
   3.58000    0.195286E-06
   3.58200    0.189386E-06
   3.58400    0.177449E-06
   3.58600    0.158735E-06
   3.58800    0.132901E-06
   3.59000    0.100102E-06
   3.59200    0.610592E-07
   3.59400    0.170566E-07
   3.59600   -0.301310E-07
   3.59800   -0.783810E-07
   3.60000   -0.125416E-06
   3.60200   -0.169027E-06
   3.60400   -0.207283E-06
   3.60600   -0.238712E-06
   3.60800   -0.262417E-06
   3.61000   -0.278117E-06
   3.61200   -0.286110E-06
   3.61400   -0.287177E-06
   3.61600   -0.282441E-06
   3.61800   -0.273210E-06
   3.62000   -0.260821E-06
   3.62200   -0.246522E-06
   3.62400   -0.231377E-06
   3.62600   -0.216224E-06
   3.62800   -0.201666E-06
   3.63000   -0.188088E-06
   3.63200   -0.175693E-06
   3.63400   -0.164550E-06
   3.63600   -0.154637E-06
   3.63800   -0.145872E-06
   3.64000   -0.138146E-06
   3.64200   -0.131339E-06
   3.64400   -0.125330E-06
   3.64600   -0.120002E-06
   3.64800   -0.115245E-06
   3.65000   -0.110958E-06
   3.65200   -0.107052E-06
   3.65400   -0.103448E-06
   3.65600   -0.100085E-06
   3.65800   -0.969139E-07
   3.66000   -0.939085E-07
   3.66200   -0.910501E-07
   3.66400   -0.883463E-07
   3.66600   -0.858032E-07
   3.66800   -0.834342E-07
   3.67000   -0.812515E-07
   3.67200   -0.792622E-07
   3.67400   -0.774648E-07
   3.67600   -0.758479E-07
   3.67800   -0.743909E-07
   3.68000   -0.730657E-07
   3.68200   -0.718400E-07
   3.68400   -0.706812E-07
   3.68600   -0.695601E-07
   3.68800   -0.684536E-07
   3.69000   -0.673468E-07
   3.69200   -0.662331E-07
   3.69400   -0.651142E-07
   3.69600   -0.639967E-07
   3.69800   -0.628910E-07
   3.70000   -0.618071E-07
   3.70200   -0.607533E-07
   3.70400   -0.597335E-07
   3.70600   -0.587471E-07
   3.70800   -0.577891E-07
   3.71000   -0.568517E-07
   3.71200   -0.559261E-07
   3.71400   -0.550049E-07
   3.71600   -0.540840E-07
   3.71800   -0.531640E-07
   3.72000   -0.522508E-07
   3.72200   -0.513550E-07
   3.72400   -0.504905E-07
   3.72600   -0.496724E-07
   3.72800   -0.489145E-07
   3.73000   -0.482270E-07
   3.73200   -0.476148E-07
   3.73400   -0.470759E-07
   3.73600   -0.466016E-07
   3.73800   -0.461772E-07
   3.74000   -0.457831E-07
   3.74200   -0.453978E-07
   3.74400   -0.449996E-07
   3.74600   -0.445692E-07
   3.74800   -0.440922E-07
   3.75000   -0.435602E-07
   3.75200   -0.429718E-07
   3.75400   -0.423328E-07
   3.75600   -0.416556E-07
   3.75800   -0.409576E-07
   3.76000   -0.402598E-07
   3.76200   -0.395845E-07
   3.76400   -0.389532E-07
   3.76600   -0.383840E-07
   3.76800   -0.378903E-07
   3.77000   -0.374793E-07
   3.77200   -0.371509E-07
   3.77400   -0.368980E-07
   3.77600   -0.367070E-07
   3.77800   -0.365589E-07
   3.78000   -0.364314E-07
   3.78200   -0.363004E-07
   3.78400   -0.361425E-07
   3.78600   -0.359369E-07
   3.78800   -0.356673E-07
   3.79000   -0.353231E-07
   3.79200   -0.349003E-07
   3.79400   -0.344017E-07
   3.79600   -0.338366E-07
   3.79800   -0.332197E-07
   3.80000   -0.325694E-07
   3.80200   -0.319067E-07
   3.80400   -0.312521E-07
   3.80600   -0.306242E-07
   3.80800   -0.300379E-07
   3.81000   -0.295021E-07
   3.81200   -0.290199E-07
   3.81400   -0.285874E-07
   3.81600   -0.281942E-07
   3.81800   -0.278249E-07
   3.82000   -0.274597E-07
   3.82200   -0.270773E-07
   3.82400   -0.266558E-07
   3.82600   -0.261758E-07
   3.82800   -0.256215E-07
   3.83000   -0.249831E-07
   3.83200   -0.242571E-07
   3.83400   -0.234476E-07
   3.83600   -0.225661E-07
   3.83800   -0.216304E-07
   3.84000   -0.206636E-07
   3.84200   -0.196921E-07
   3.84400   -0.187432E-07
   3.84600   -0.178428E-07
   3.84800   -0.170130E-07
   3.85000   -0.162707E-07
   3.85200   -0.156260E-07
   3.85400   -0.150818E-07
   3.85600   -0.146347E-07
   3.85800   -0.142754E-07
   3.86000   -0.139906E-07
   3.86200   -0.137642E-07
   3.86400   -0.135792E-07
   3.86600   -0.134186E-07
   3.86800   -0.132660E-07
   3.87000   -0.131064E-07
   3.87200   -0.129257E-07
   3.87400   -0.127109E-07
   3.87600   -0.124494E-07
   3.87800   -0.121295E-07
   3.88000   -0.117405E-07
   3.88200   -0.112729E-07
   3.88400   -0.107198E-07
   3.88600   -0.100771E-07
   3.88800   -0.934486E-08
   3.89000   -0.852738E-08
   3.89200   -0.763392E-08
   3.89400   -0.667839E-08
   3.89600   -0.567890E-08
   3.89800   -0.465693E-08
   3.90000   -0.363612E-08
   3.90200   -0.264099E-08
   3.90400   -0.169547E-08
   3.90600   -0.821675E-09
   3.90800   -0.385267E-10
   3.91000    0.638977E-09
   3.91200    0.120015E-08
   3.91400    0.163920E-08
   3.91600    0.195464E-08
   3.91800    0.214901E-08
   3.92000    0.222819E-08
   3.92200    0.220058E-08
   3.92400    0.207632E-08
   3.92600    0.186660E-08
   3.92800    0.158318E-08
   3.93000    0.123799E-08
   3.93200    0.842961E-09
   3.93400    0.410005E-09
   3.93600   -0.490678E-10
   3.93800   -0.522571E-09
   3.94000   -0.999107E-09
   3.94200   -0.146789E-08
   3.94400   -0.191924E-08
   3.94600   -0.234510E-08
   3.94800   -0.273975E-08
   3.95000   -0.310024E-08
   3.95200   -0.342674E-08
   3.95400   -0.372251E-08
   3.95600   -0.399351E-08
   3.95800   -0.424760E-08
   3.96000   -0.449335E-08
   3.96200   -0.473871E-08
   3.96400   -0.498962E-08
   3.96600   -0.524879E-08
   3.96800   -0.551497E-08
   3.97000   -0.578256E-08
   3.97200   -0.604202E-08
   3.97400   -0.628065E-08
   3.97600   -0.648397E-08
   3.97800   -0.663718E-08
   3.98000   -0.672679E-08
   3.98200   -0.674201E-08
   3.98400   -0.667576E-08
   3.98600   -0.652533E-08
   3.98800   -0.629250E-08
   3.99000   -0.598330E-08
   3.99200   -0.560743E-08
   3.99400   -0.517748E-08
   3.99600   -0.470792E-08
   3.99800   -0.421426E-08
   4.00000   -0.371199E-08
