   0.00000    0.000000E+00
   0.00200    0.000000E+00
   0.00400    0.000000E+00
   0.00600    0.000000E+00
   0.00800    0.000000E+00
   0.01000    0.000000E+00
   0.01200    0.000000E+00
   0.01400    0.000000E+00
   0.01600    0.000000E+00
   0.01800    0.000000E+00
   0.02000    0.000000E+00
   0.02200    0.000000E+00
   0.02400    0.000000E+00
   0.02600    0.153272E-10
   0.02800    0.448795E-10
   0.03000    0.962317E-10
   0.03200    0.192631E-09
   0.03400    0.374603E-09
   0.03600    0.709975E-09
   0.03800    0.131263E-08
   0.04000    0.236833E-08
   0.04200    0.417051E-08
   0.04400    0.716764E-08
   0.04600    0.120224E-07
   0.04800    0.196800E-07
   0.05000    0.314391E-07
   0.05200    0.490161E-07
   0.05400    0.745814E-07
   0.05600    0.110751E-06
   0.05800    0.160505E-06
   0.06000    0.227017E-06
   0.06200    0.313366E-06
   0.06400    0.422153E-06
   0.06600    0.555026E-06
   0.06800    0.712164E-06
   0.07000    0.891802E-06
   0.07200    0.108987E-05
   0.07400    0.129986E-05
   0.07600    0.151297E-05
   0.07800    0.171857E-05
   0.08000    0.190505E-05
   0.08200    0.206080E-05
   0.08400    0.217547E-05
   0.08600    0.224105E-05
   0.08800    0.225283E-05
   0.09000    0.220993E-05
   0.09200    0.211546E-05
   0.09400    0.197610E-05
   0.09600    0.180136E-05
   0.09800    0.160243E-05
   0.10000    0.139100E-05
   0.10200    0.117811E-05
   0.10400    0.973163E-06
   0.10600    0.783322E-06
   0.10800    0.613235E-06
   0.11000    0.465123E-06
   0.11200    0.339150E-06
   0.11400    0.233957E-06
   0.11600    0.147275E-06
   0.11800    0.764869E-07
   0.12000    0.190749E-07
   0.12200   -0.270879E-07
   0.12400   -0.636157E-07
   0.12600   -0.916308E-07
   0.12800   -0.111885E-06
   0.13000   -0.124929E-06
   0.13200   -0.131285E-06
   0.13400   -0.131577E-06
   0.13600   -0.126602E-06
   0.13800   -0.117339E-06
   0.14000   -0.104892E-06
   0.14200   -0.904118E-07
   0.14400   -0.749928E-07
   0.14600   -0.595921E-07
   0.14800   -0.449773E-07
   0.15000   -0.316802E-07
   0.15200   -0.200415E-07
   0.15400   -0.102460E-07
   0.15600   -0.236847E-08
   0.15800    0.357184E-08
   0.16000    0.756950E-08
   0.16200    0.961551E-08
   0.16400    0.970446E-08
   0.16600    0.786158E-08
   0.16800    0.418115E-08
   0.17000   -0.113626E-08
   0.17200   -0.775893E-08
   0.17400   -0.152213E-07
   0.17600   -0.229468E-07
   0.17800   -0.302971E-07
   0.18000   -0.366381E-07
   0.18200   -0.414140E-07
   0.18400   -0.442112E-07
   0.18600   -0.448111E-07
   0.18800   -0.432087E-07
   0.19000   -0.396018E-07
   0.19200   -0.343536E-07
   0.19400   -0.279345E-07
   0.19600   -0.208530E-07
   0.19800   -0.135898E-07
   0.20000   -0.654526E-08
   0.20200   -0.925037E-11
   0.20400    0.584487E-08
   0.20600    0.109433E-07
   0.20800    0.152777E-07
   0.21000    0.188641E-07
   0.21200    0.217041E-07
   0.21400    0.237583E-07
   0.21600    0.249370E-07
   0.21800    0.251122E-07
   0.22000    0.241466E-07
   0.22200    0.219347E-07
   0.22400    0.184453E-07
   0.22600    0.137590E-07
   0.22800    0.808734E-08
   0.23000    0.177197E-08
   0.23200   -0.473887E-08
   0.23400   -0.109347E-07
   0.23600   -0.162993E-07
   0.23800   -0.203708E-07
   0.24000   -0.227981E-07
   0.24200   -0.233781E-07
   0.24400   -0.220758E-07
   0.24600   -0.190215E-07
   0.24800   -0.144861E-07
   0.25000   -0.884251E-08
   0.25200   -0.251751E-08
   0.25400    0.405495E-08
   0.25600    0.104740E-07
   0.25800    0.164004E-07
   0.26000    0.215697E-07
   0.26200    0.257935E-07
   0.26400    0.289504E-07
   0.26600    0.309721E-07
   0.26800    0.318295E-07
   0.27000    0.315235E-07
   0.27200    0.300823E-07
   0.27400    0.275671E-07
   0.27600    0.240808E-07
   0.27800    0.197784E-07
   0.28000    0.148759E-07
   0.28200    0.965052E-08
   0.28400    0.443220E-08
   0.28600   -0.415989E-09
   0.28800   -0.452583E-08
   0.29000   -0.755838E-08
   0.29200   -0.923902E-08
   0.29400   -0.938917E-08
   0.29600   -0.794962E-08
   0.29800   -0.499119E-08
   0.30000   -0.712687E-09
   0.30200    0.457496E-08
   0.30400    0.104762E-07
   0.30600    0.165463E-07
   0.30800    0.223316E-07
   0.31000    0.274086E-07
   0.31200    0.314190E-07
   0.31400    0.340979E-07
   0.31600    0.352911E-07
   0.31800    0.349640E-07
   0.32000    0.331968E-07
   0.32200    0.301737E-07
   0.32400    0.261647E-07
   0.32600    0.214986E-07
   0.32800    0.165408E-07
   0.33000    0.116646E-07
   0.33200    0.722727E-08
   0.33400    0.354838E-08
   0.33600    0.891529E-09
   0.33800   -0.550201E-09
   0.34000   -0.665211E-09
   0.34200    0.569091E-09
   0.34400    0.308319E-08
   0.34600    0.671575E-08
   0.34800    0.112205E-07
   0.35000    0.162800E-07
   0.35200    0.215269E-07
   0.35400    0.265711E-07
   0.35600    0.310355E-07
   0.35800    0.345912E-07
   0.36000    0.369932E-07
   0.36200    0.381084E-07
   0.36400    0.379324E-07
   0.36600    0.365917E-07
   0.36800    0.343292E-07
   0.37000    0.314755E-07
   0.37200    0.284093E-07
   0.37400    0.255127E-07
   0.37600    0.231279E-07
   0.37800    0.215222E-07
   0.38000    0.208638E-07
   0.38200    0.212131E-07
   0.38400    0.225253E-07
   0.38600    0.246643E-07
   0.38800    0.274228E-07
   0.39000    0.305435E-07
   0.39200    0.337430E-07
   0.39400    0.367317E-07
   0.39600    0.392323E-07
   0.39800    0.410008E-07
   0.40000    0.418450E-07
   0.40200    0.416427E-07
   0.40400    0.403599E-07
   0.40600    0.380621E-07
   0.40800    0.349167E-07
   0.41000    0.311840E-07
   0.41200    0.271945E-07
   0.41400    0.233143E-07
   0.41600    0.199021E-07
   0.41800    0.172647E-07
   0.42000    0.156171E-07
   0.42200    0.150538E-07
   0.42400    0.155365E-07
   0.42600    0.169007E-07
   0.42800    0.188755E-07
   0.43000    0.211226E-07
   0.43200    0.232788E-07
   0.43400    0.250017E-07
   0.43600    0.260114E-07
   0.43800    0.261234E-07
   0.44000    0.252674E-07
   0.44200    0.234953E-07
   0.44400    0.209719E-07
   0.44600    0.179535E-07
   0.44800    0.147576E-07
   0.45000    0.117211E-07
   0.45200    0.916205E-08
   0.45400    0.733910E-08
   0.45600    0.642104E-08
   0.45800    0.646716E-08
   0.46000    0.742346E-08
   0.46200    0.913416E-08
   0.46400    0.113674E-07
   0.46600    0.138511E-07
   0.46800    0.163138E-07
   0.47000    0.185220E-07
   0.47200    0.203113E-07
   0.47400    0.216017E-07
   0.47600    0.224015E-07
   0.47800    0.227919E-07
   0.48000    0.229038E-07
   0.48200    0.228856E-07
   0.48400    0.228713E-07
   0.48600    0.229536E-07
   0.48800    0.231670E-07
   0.49000    0.234845E-07
   0.49200    0.238261E-07
   0.49400    0.240781E-07
   0.49600    0.241214E-07
   0.49800    0.238572E-07
   0.50000    0.232317E-07
   0.50200    0.222496E-07
   0.50400    0.209765E-07
   0.50600    0.195288E-07
   0.50800    0.180527E-07
   0.51000    0.166966E-07
   0.51200    0.155836E-07
   0.51400    0.147898E-07
   0.51600    0.143315E-07
   0.51800    0.141639E-07
   0.52000    0.141932E-07
   0.52200    0.142972E-07
   0.52400    0.143492E-07
   0.52600    0.142416E-07
   0.52800    0.139041E-07
   0.53000    0.133110E-07
   0.53200    0.124809E-07
   0.53400    0.114676E-07
   0.53600    0.103457E-07
   0.53800    0.919563E-08
   0.54000    0.809445E-08
   0.54200    0.710474E-08
   0.54400    0.627393E-08
   0.54600    0.563428E-08
   0.54800    0.520454E-08
   0.55000    0.499311E-08
   0.55200    0.499235E-08
   0.55400    0.517674E-08
   0.55600    0.549623E-08
   0.55800    0.587230E-08
   0.56000    0.619617E-08
   0.56200    0.632901E-08
   0.56400    0.611173E-08
   0.56600    0.537745E-08
   0.56800    0.396078E-08
   0.57000    0.171655E-08
   0.57200   -0.147337E-08
   0.57400   -0.569924E-08
   0.57600   -0.110071E-07
   0.57800   -0.174129E-07
   0.58000   -0.248974E-07
   0.58200   -0.334136E-07
   0.58400   -0.428885E-07
   0.58600   -0.532285E-07
   0.58800   -0.643209E-07
   0.59000   -0.760380E-07
   0.59200   -0.882397E-07
   0.59400   -0.100776E-06
   0.59600   -0.113490E-06
   0.59800   -0.126211E-06
   0.60000   -0.138753E-06
   0.60200   -0.150900E-06
   0.60400   -0.162394E-06
   0.60600   -0.172925E-06
   0.60800   -0.182119E-06
   0.61000   -0.189551E-06
   0.61200   -0.194760E-06
   0.61400   -0.197288E-06
   0.61600   -0.196738E-06
   0.61800   -0.192830E-06
   0.62000   -0.185467E-06
   0.62200   -0.174776E-06
   0.62400   -0.161128E-06
   0.62600   -0.145129E-06
   0.62800   -0.127567E-06
   0.63000   -0.109332E-06
   0.63200   -0.913203E-07
   0.63400   -0.743324E-07
   0.63600   -0.589886E-07
   0.63800   -0.456705E-07
   0.64000   -0.345022E-07
   0.64200   -0.253708E-07
   0.64400   -0.179774E-07
   0.64600   -0.119100E-07
   0.64800   -0.672195E-08
   0.65000   -0.200341E-08
   0.65200    0.256732E-08
   0.65400    0.719406E-08
   0.65600    0.119588E-07
   0.65800    0.168376E-07
   0.66000    0.217298E-07
   0.66200    0.264900E-07
   0.66400    0.309655E-07
   0.66600    0.350201E-07
   0.66800    0.385530E-07
   0.67000    0.415072E-07
   0.67200    0.438695E-07
   0.67400    0.456658E-07
   0.67600    0.469512E-07
   0.67800    0.477998E-07
   0.68000    0.482946E-07
   0.68200    0.485189E-07
   0.68400    0.485520E-07
   0.68600    0.484623E-07
   0.68800    0.483047E-07
   0.69000    0.481227E-07
   0.69200    0.479428E-07
   0.69400    0.477792E-07
   0.69600    0.476364E-07
   0.69800    0.475008E-07
   0.70000    0.473565E-07
   0.70200    0.471798E-07
   0.70400    0.469486E-07
   0.70600    0.466441E-07
   0.70800    0.462567E-07
   0.71000    0.457865E-07
   0.71200    0.452448E-07
   0.71400    0.446520E-07
   0.71600    0.440341E-07
   0.71800    0.434192E-07
   0.72000    0.428311E-07
   0.72200    0.422876E-07
   0.72400    0.417975E-07
   0.72600    0.413617E-07
   0.72800    0.409745E-07
   0.73000    0.406285E-07
   0.73200    0.403174E-07
   0.73400    0.400389E-07
   0.73600    0.397973E-07
   0.73800    0.396020E-07
   0.74000    0.394659E-07
   0.74200    0.394010E-07
   0.74400    0.394144E-07
   0.74600    0.395047E-07
   0.74800    0.396597E-07
   0.75000    0.398557E-07
   0.75200    0.400604E-07
   0.75400    0.402362E-07
   0.75600    0.403465E-07
   0.75800    0.403610E-07
   0.76000    0.402610E-07
   0.76200    0.400432E-07
   0.76400    0.397206E-07
   0.76600    0.393213E-07
   0.76800    0.388845E-07
   0.77000    0.384552E-07
   0.77200    0.380767E-07
   0.77400    0.377848E-07
   0.77600    0.376016E-07
   0.77800    0.375321E-07
   0.78000    0.375633E-07
   0.78200    0.376657E-07
   0.78400    0.377977E-07
   0.78600    0.379112E-07
   0.78800    0.379591E-07
   0.79000    0.379019E-07
   0.79200    0.377142E-07
   0.79400    0.373885E-07
   0.79600    0.369365E-07
   0.79800    0.363882E-07
   0.80000    0.357879E-07
   0.80200    0.351878E-07
   0.80400    0.346420E-07
   0.80600    0.341985E-07
   0.80800    0.338931E-07
   0.81000    0.337449E-07
   0.81200    0.337537E-07
   0.81400    0.338998E-07
   0.81600    0.341471E-07
   0.81800    0.344468E-07
   0.82000    0.347433E-07
   0.82200    0.349809E-07
   0.82400    0.351099E-07
   0.82600    0.350922E-07
   0.82800    0.349057E-07
   0.83000    0.345465E-07
   0.83200    0.340297E-07
   0.83400    0.333872E-07
   0.83600    0.326649E-07
   0.83800    0.319175E-07
   0.84000    0.312027E-07
   0.84200    0.305753E-07
   0.84400    0.300820E-07
   0.84600    0.297563E-07
   0.84800    0.296158E-07
   0.85000    0.296606E-07
   0.85200    0.298738E-07
   0.85400    0.302233E-07
   0.85600    0.306653E-07
   0.85800    0.311484E-07
   0.86000    0.316188E-07
   0.86200    0.320251E-07
   0.86400    0.323228E-07
   0.86600    0.324784E-07
   0.86800    0.324723E-07
   0.87000    0.323000E-07
   0.87200    0.319720E-07
   0.87400    0.315126E-07
   0.87600    0.309570E-07
   0.87800    0.303473E-07
   0.88000    0.297285E-07
   0.88200    0.291440E-07
   0.88400    0.286317E-07
   0.88600    0.282209E-07
   0.88800    0.279305E-07
   0.89000    0.277681E-07
   0.89200    0.277306E-07
   0.89400    0.278052E-07
   0.89600    0.279716E-07
   0.89800    0.282039E-07
   0.90000    0.284731E-07
   0.90200    0.287486E-07
   0.90400    0.290003E-07
   0.90600    0.292000E-07
   0.90800    0.293226E-07
   0.91000    0.293474E-07
   0.91200    0.292594E-07
   0.91400    0.290507E-07
   0.91600    0.287214E-07
   0.91800    0.282800E-07
   0.92000    0.277437E-07
   0.92200    0.271377E-07
   0.92400    0.264933E-07
   0.92600    0.258457E-07
   0.92800    0.252307E-07
   0.93000    0.246812E-07
   0.93200    0.242245E-07
   0.93400    0.238786E-07
   0.93600    0.236509E-07
   0.93800    0.235373E-07
   0.94000    0.235225E-07
   0.94200    0.235816E-07
   0.94400    0.236826E-07
   0.94600    0.237900E-07
   0.94800    0.238678E-07
   0.95000    0.238838E-07
   0.95200    0.238122E-07
   0.95400    0.236358E-07
   0.95600    0.233482E-07
   0.95800    0.229538E-07
   0.96000    0.224670E-07
   0.96200    0.219112E-07
   0.96400    0.213156E-07
   0.96600    0.207130E-07
   0.96800    0.201358E-07
   0.97000    0.196136E-07
   0.97200    0.191701E-07
   0.97400    0.188211E-07
   0.97600    0.185741E-07
   0.97800    0.184280E-07
   0.98000    0.183743E-07
   0.98200    0.183985E-07
   0.98400    0.184830E-07
   0.98600    0.186084E-07
   0.98800    0.187560E-07
   0.99000    0.189088E-07
   0.99200    0.190519E-07
   0.99400    0.191732E-07
   0.99600    0.192620E-07
   0.99800    0.193094E-07
   1.00000    0.193067E-07
   1.00200    0.192461E-07
   1.00400    0.191206E-07
   1.00600    0.189247E-07
   1.00800    0.186558E-07
   1.01000    0.183154E-07
   1.01200    0.179102E-07
   1.01400    0.174525E-07
   1.01600    0.169605E-07
   1.01800    0.164569E-07
   1.02000    0.159673E-07
   1.02200    0.155182E-07
   1.02400    0.151341E-07
   1.02600    0.148347E-07
   1.02800    0.146335E-07
   1.03000    0.145356E-07
   1.03200    0.145373E-07
   1.03400    0.146264E-07
   1.03600    0.147833E-07
   1.03800    0.149829E-07
   1.04000    0.151967E-07
   1.04200    0.153956E-07
   1.04400    0.155525E-07
   1.04600    0.156445E-07
   1.04800    0.156546E-07
   1.05000    0.155736E-07
   1.05200    0.153999E-07
   1.05400    0.151403E-07
   1.05600    0.148082E-07
   1.05800    0.144230E-07
   1.06000    0.140074E-07
   1.06200    0.135858E-07
   1.06400    0.131811E-07
   1.06600    0.128133E-07
   1.06800    0.124969E-07
   1.07000    0.122401E-07
   1.07200    0.120440E-07
   1.07400    0.119033E-07
   1.07600    0.118072E-07
   1.07800    0.117415E-07
   1.08000    0.116904E-07
   1.08200    0.116393E-07
   1.08400    0.115763E-07
   1.08600    0.114941E-07
   1.08800    0.113901E-07
   1.09000    0.112669E-07
   1.09200    0.111307E-07
   1.09400    0.109904E-07
   1.09600    0.108551E-07
   1.09800    0.107328E-07
   1.10000    0.106286E-07
   1.10200    0.105435E-07
   1.10400    0.104743E-07
   1.10600    0.104137E-07
   1.10800    0.103518E-07
   1.11000    0.102768E-07
   1.11200    0.101778E-07
   1.11400    0.100455E-07
   1.11600    0.987459E-08
   1.11800    0.966404E-08
   1.12000    0.941776E-08
   1.12200    0.914407E-08
   1.12400    0.885481E-08
   1.12600    0.856386E-08
   1.12800    0.828552E-08
   1.13000    0.803279E-08
   1.13200    0.781593E-08
   1.13400    0.764134E-08
   1.13600    0.751094E-08
   1.13800    0.742205E-08
   1.14000    0.736776E-08
   1.14200    0.733775E-08
   1.14400    0.731940E-08
   1.14600    0.729911E-08
   1.14800    0.726374E-08
   1.15000    0.720191E-08
   1.15200    0.710518E-08
   1.15400    0.696890E-08
   1.15600    0.679269E-08
   1.15800    0.658056E-08
   1.16000    0.634049E-08
   1.16200    0.608371E-08
   1.16400    0.582356E-08
   1.16600    0.557420E-08
   1.16800    0.534902E-08
   1.17000    0.515928E-08
   1.17200    0.501268E-08
   1.17400    0.491239E-08
   1.17600    0.485644E-08
   1.17800    0.483768E-08
   1.18000    0.484426E-08
   1.18200    0.486073E-08
   1.18400    0.486962E-08
   1.18600    0.485326E-08
   1.18800    0.479582E-08
   1.19000    0.468510E-08
   1.19200    0.451398E-08
   1.19400    0.428128E-08
   1.19600    0.399200E-08
   1.19800    0.365674E-08
   1.20000    0.329060E-08
   1.20200    0.291151E-08
   1.20400    0.253846E-08
   1.20600    0.218952E-08
   1.20800    0.188023E-08
   1.21000    0.162221E-08
   1.21200    0.142233E-08
   1.21400    0.128235E-08
   1.21600    0.119896E-08
   1.21800    0.116436E-08
   1.22000    0.116702E-08
   1.22200    0.119276E-08
   1.22400    0.122582E-08
   1.22600    0.125002E-08
   1.22800    0.124983E-08
   1.23000    0.121144E-08
   1.23200    0.112358E-08
   1.23400    0.978399E-09
   1.23600    0.772050E-09
   1.23800    0.505208E-09
   1.24000    0.183299E-09
   1.24200   -0.183535E-09
   1.24400   -0.580854E-09
   1.24600   -0.990838E-09
   1.24800   -0.139356E-08
   1.25000   -0.176868E-08
   1.25200   -0.209734E-08
   1.25400   -0.236415E-08
   1.25600   -0.255894E-08
   1.25800   -0.267794E-08
   1.26000   -0.272444E-08
   1.26200   -0.270854E-08
   1.26400   -0.264618E-08
   1.26600   -0.255747E-08
   1.26800   -0.246469E-08
   1.27000   -0.239001E-08
   1.27200   -0.235338E-08
   1.27400   -0.237085E-08
   1.27600   -0.245330E-08
   1.27800   -0.260591E-08
   1.28000   -0.282811E-08
   1.28200   -0.311412E-08
   1.28400   -0.345381E-08
   1.28600   -0.383395E-08
   1.28800   -0.423950E-08
   1.29000   -0.465494E-08
   1.29200   -0.506560E-08
   1.29400   -0.545876E-08
   1.29600   -0.582453E-08
   1.29800   -0.615645E-08
   1.30000   -0.645169E-08
   1.30200   -0.671094E-08
   1.30400   -0.693790E-08
   1.30600   -0.713857E-08
   1.30800   -0.732035E-08
   1.31000   -0.749112E-08
   1.31200   -0.765851E-08
   1.31400   -0.782928E-08
   1.31600   -0.800902E-08
   1.31800   -0.820214E-08
   1.32000   -0.841191E-08
   1.32200   -0.864060E-08
   1.32400   -0.888963E-08
   1.32600   -0.915950E-08
   1.32800   -0.944964E-08
   1.33000   -0.975806E-08
   1.33200   -0.100810E-07
   1.33400   -0.104128E-07
   1.33600   -0.107458E-07
   1.33800   -0.110709E-07
   1.34000   -0.113783E-07
   1.34200   -0.116585E-07
   1.34400   -0.119040E-07
   1.34600   -0.121106E-07
   1.34800   -0.122787E-07
   1.35000   -0.124142E-07
   1.35200   -0.125286E-07
   1.35400   -0.126386E-07
   1.35600   -0.127647E-07
   1.35800   -0.129287E-07
   1.36000   -0.131519E-07
   1.36200   -0.134513E-07
   1.36400   -0.138377E-07
   1.36600   -0.143130E-07
   1.36800   -0.148692E-07
   1.37000   -0.154887E-07
   1.37200   -0.161455E-07
   1.37400   -0.168081E-07
   1.37600   -0.174435E-07
   1.37800   -0.180212E-07
   1.38000   -0.185176E-07
   1.38200   -0.189199E-07
   1.38400   -0.192276E-07
   1.38600   -0.194537E-07
   1.38800   -0.196229E-07
   1.39000   -0.197688E-07
   1.39200   -0.199294E-07
   1.39400   -0.201416E-07
   1.39600   -0.204364E-07
   1.39800   -0.208346E-07
   1.40000   -0.213431E-07
   1.40200   -0.219548E-07
   1.40400   -0.226491E-07
   1.40600   -0.233948E-07
   1.40800   -0.241555E-07
   1.41000   -0.248941E-07
   1.41200   -0.255792E-07
   1.41400   -0.261894E-07
   1.41600   -0.267166E-07
   1.41800   -0.271671E-07
   1.42000   -0.275602E-07
   1.42200   -0.279246E-07
   1.42400   -0.282936E-07
   1.42600   -0.286994E-07
   1.42800   -0.291674E-07
   1.43000   -0.297122E-07
   1.43200   -0.303352E-07
   1.43400   -0.310243E-07
   1.43600   -0.317569E-07
   1.43800   -0.325035E-07
   1.44000   -0.332333E-07
   1.44200   -0.339195E-07
   1.44400   -0.345440E-07
   1.44600   -0.351000E-07
   1.44800   -0.355934E-07
   1.45000   -0.360407E-07
   1.45200   -0.364666E-07
   1.45400   -0.368990E-07
   1.45600   -0.373650E-07
   1.45800   -0.378865E-07
   1.46000   -0.384779E-07
   1.46200   -0.391448E-07
   1.46400   -0.398850E-07
   1.46600   -0.406904E-07
   1.46800   -0.415499E-07
   1.47000   -0.424515E-07
   1.47200   -0.433846E-07
   1.47400   -0.443403E-07
   1.47600   -0.453114E-07
   1.47800   -0.462901E-07
   1.48000   -0.472671E-07
   1.48200   -0.482293E-07
   1.48400   -0.491601E-07
   1.48600   -0.500400E-07
   1.48800   -0.508488E-07
   1.49000   -0.515692E-07
   1.49200   -0.521895E-07
   1.49400   -0.527072E-07
   1.49600   -0.531295E-07
   1.49800   -0.534736E-07
   1.50000   -0.537637E-07
   1.50200   -0.540278E-07
   1.50400   -0.542932E-07
   1.50600   -0.545820E-07
   1.50800   -0.549088E-07
   1.51000   -0.552784E-07
   1.51200   -0.556864E-07
   1.51400   -0.561211E-07
   1.51600   -0.565656E-07
   1.51800   -0.570012E-07
   1.52000   -0.574092E-07
   1.52200   -0.577735E-07
   1.52400   -0.580808E-07
   1.52600   -0.583211E-07
   1.52800   -0.584871E-07
   1.53000   -0.585742E-07
   1.53200   -0.585798E-07
   1.53400   -0.585032E-07
   1.53600   -0.583458E-07
   1.53800   -0.581109E-07
   1.54000   -0.578044E-07
   1.54200   -0.574337E-07
   1.54400   -0.570079E-07
   1.54600   -0.565365E-07
   1.54800   -0.560282E-07
   1.55000   -0.554904E-07
   1.55200   -0.549271E-07
   1.55400   -0.543389E-07
   1.55600   -0.537220E-07
   1.55800   -0.530685E-07
   1.56000   -0.523668E-07
   1.56200   -0.516030E-07
   1.56400   -0.507624E-07
   1.56600   -0.498312E-07
   1.56800   -0.487984E-07
   1.57000   -0.476572E-07
   1.57200   -0.464059E-07
   1.57400   -0.450479E-07
   1.57600   -0.435912E-07
   1.57800   -0.420470E-07
   1.58000   -0.404281E-07
   1.58200   -0.387468E-07
   1.58400   -0.370139E-07
   1.58600   -0.352370E-07
   1.58800   -0.334205E-07
   1.59000   -0.315659E-07
   1.59200   -0.296726E-07
   1.59400   -0.277391E-07
   1.59600   -0.257649E-07
   1.59800   -0.237518E-07
   1.60000   -0.217046E-07
   1.60200   -0.196317E-07
   1.60400   -0.175449E-07
   1.60600   -0.154582E-07
   1.60800   -0.133866E-07
   1.61000   -0.113441E-07
   1.61200   -0.934245E-08
   1.61400   -0.738991E-08
   1.61600   -0.549031E-08
   1.61800   -0.364319E-08
   1.62000   -0.184424E-08
   1.62200   -0.862022E-10
   1.62400    0.164010E-08
   1.62600    0.334468E-08
   1.62800    0.503752E-08
   1.63000    0.672774E-08
   1.63200    0.842304E-08
   1.63400    0.101293E-07
   1.63600    0.118499E-07
   1.63800    0.135856E-07
   1.64000    0.153342E-07
   1.64200    0.170902E-07
   1.64400    0.188459E-07
   1.64600    0.205917E-07
   1.64800    0.223177E-07
   1.65000    0.240149E-07
   1.65200    0.256774E-07
   1.65400    0.273025E-07
   1.65600    0.288917E-07
   1.65800    0.304501E-07
   1.66000    0.319845E-07
   1.66200    0.335019E-07
   1.66400    0.350068E-07
   1.66600    0.364998E-07
   1.66800    0.379761E-07
   1.67000    0.394257E-07
   1.67200    0.408348E-07
   1.67400    0.421879E-07
   1.67600    0.434706E-07
   1.67800    0.446727E-07
   1.68000    0.457900E-07
   1.68200    0.468256E-07
   1.68400    0.477896E-07
   1.68600    0.486977E-07
   1.68800    0.495679E-07
   1.69000    0.504182E-07
   1.69200    0.512632E-07
   1.69400    0.521115E-07
   1.69600    0.529650E-07
   1.69800    0.538185E-07
   1.70000    0.546608E-07
   1.70200    0.554774E-07
   1.70400    0.562526E-07
   1.70600    0.569727E-07
   1.70800    0.576279E-07
   1.71000    0.582143E-07
   1.71200    0.587342E-07
   1.71400    0.591960E-07
   1.71600    0.596131E-07
   1.71800    0.600017E-07
   1.72000    0.603793E-07
   1.72200    0.607620E-07
   1.72400    0.611626E-07
   1.72600    0.615889E-07
   1.72800    0.620428E-07
   1.73000    0.625198E-07
   1.73200    0.630096E-07
   1.73400    0.634969E-07
   1.73600    0.639638E-07
   1.73800    0.643919E-07
   1.74000    0.647649E-07
   1.74200    0.650710E-07
   1.74400    0.653055E-07
   1.74600    0.654715E-07
   1.74800    0.655809E-07
   1.75000    0.656533E-07
   1.75200    0.657147E-07
   1.75400    0.657944E-07
   1.75600    0.659220E-07
   1.75800    0.661243E-07
   1.76000    0.664214E-07
   1.76200    0.668248E-07
   1.76400    0.673350E-07
   1.76600    0.679415E-07
   1.76800    0.686231E-07
   1.77000    0.693502E-07
   1.77200    0.700875E-07
   1.77400    0.707980E-07
   1.77600    0.714477E-07
   1.77800    0.720089E-07
   1.78000    0.724641E-07
   1.78200    0.728079E-07
   1.78400    0.730481E-07
   1.78600    0.732042E-07
   1.78800    0.733057E-07
   1.79000    0.733877E-07
   1.79200    0.734874E-07
   1.79400    0.736397E-07
   1.79600    0.738734E-07
   1.79800    0.742088E-07
   1.80000    0.746558E-07
   1.80200    0.752143E-07
   1.80400    0.758746E-07
   1.80600    0.766196E-07
   1.80800    0.774268E-07
   1.81000    0.782719E-07
   1.81200    0.791304E-07
   1.81400    0.799811E-07
   1.81600    0.808077E-07
   1.81800    0.816002E-07
   1.82000    0.823563E-07
   1.82200    0.830808E-07
   1.82400    0.837855E-07
   1.82600    0.844875E-07
   1.82800    0.852074E-07
   1.83000    0.859669E-07
   1.83200    0.867867E-07
   1.83400    0.876840E-07
   1.83600    0.886712E-07
   1.83800    0.897550E-07
   1.84000    0.909359E-07
   1.84200    0.922094E-07
   1.84400    0.935674E-07
   1.84600    0.949996E-07
   1.84800    0.964956E-07
   1.85000    0.980471E-07
   1.85200    0.996485E-07
   1.85400    0.101299E-06
   1.85600    0.103001E-06
   1.85800    0.104762E-06
   1.86000    0.106594E-06
   1.86200    0.108508E-06
   1.86400    0.110519E-06
   1.86600    0.112642E-06
   1.86800    0.114891E-06
   1.87000    0.117281E-06
   1.87200    0.119826E-06
   1.87400    0.122539E-06
   1.87600    0.125437E-06
   1.87800    0.128535E-06
   1.88000    0.131854E-06
   1.88200    0.135418E-06
   1.88400    0.139254E-06
   1.88600    0.143394E-06
   1.88800    0.147871E-06
   1.89000    0.152720E-06
   1.89200    0.157971E-06
   1.89400    0.163649E-06
   1.89600    0.169759E-06
   1.89800    0.176283E-06
   1.90000    0.183183E-06
   1.90200    0.190382E-06
   1.90400    0.197770E-06
   1.90600    0.205207E-06
   1.90800    0.212531E-06
   1.91000    0.219574E-06
   1.91200    0.226183E-06
   1.91400    0.232237E-06
   1.91600    0.237672E-06
   1.91800    0.242489E-06
   1.92000    0.246752E-06
   1.92200    0.250574E-06
   1.92400    0.254078E-06
   1.92600    0.257344E-06
   1.92800    0.260345E-06
   1.93000    0.262883E-06
   1.93200    0.264539E-06
   1.93400    0.264642E-06
   1.93600    0.262288E-06
   1.93800    0.256390E-06
   1.94000    0.245793E-06
   1.94200    0.229406E-06
   1.94400    0.206368E-06
   1.94600    0.176212E-06
   1.94800    0.138988E-06
   1.95000    0.953415E-07
   1.95200    0.465180E-07
   1.95400   -0.571250E-08
   1.95600   -0.592012E-07
   1.95800   -0.111619E-06
   1.96000   -0.160680E-06
   1.96200   -0.204353E-06
   1.96400   -0.241041E-06
   1.96600   -0.269692E-06
   1.96800   -0.289846E-06
   1.97000   -0.301605E-06
   1.97200   -0.305554E-06
   1.97400   -0.302635E-06
   1.97600   -0.294012E-06
   1.97800   -0.280943E-06
   1.98000   -0.264668E-06
   1.98200   -0.246329E-06
   1.98400   -0.226918E-06
   1.98600   -0.207256E-06
   1.98800   -0.187991E-06
   1.99000   -0.169610E-06
   1.99200   -0.152452E-06
   1.99400   -0.136731E-06
   1.99600   -0.122550E-06
   1.99800   -0.109920E-06
   2.00000   -0.987699E-07
   2.00200   -0.889656E-07
   2.00400   -0.803224E-07
   2.00600   -0.726261E-07
   2.00800   -0.656520E-07
   2.01000   -0.591894E-07
   2.01200   -0.530633E-07
   2.01400   -0.471554E-07
   2.01600   -0.414203E-07
   2.01800   -0.358893E-07
   2.02000   -0.306743E-07
   2.02200   -0.259538E-07
   2.02400   -0.219428E-07
   2.02600   -0.188685E-07
   2.02800   -0.169318E-07
   2.03000   -0.162747E-07
   2.03200   -0.169528E-07
   2.03400   -0.189193E-07
   2.03600   -0.220236E-07
   2.03800   -0.260252E-07
   2.04000   -0.306195E-07
   2.04200   -0.354731E-07
   2.04400   -0.402617E-07
   2.04600   -0.447033E-07
   2.04800   -0.485841E-07
   2.05000   -0.517728E-07
   2.05200   -0.542213E-07
   2.05400   -0.559552E-07
   2.05600   -0.570561E-07
   2.05800   -0.576393E-07
   2.06000   -0.578323E-07
   2.06200   -0.577562E-07
   2.06400   -0.575120E-07
   2.06600   -0.571738E-07
   2.06800   -0.567864E-07
   2.07000   -0.563681E-07
   2.07200   -0.559159E-07
   2.07400   -0.554117E-07
   2.07600   -0.548293E-07
   2.07800   -0.541400E-07
   2.08000   -0.533177E-07
   2.08200   -0.523429E-07
   2.08400   -0.512052E-07
   2.08600   -0.499062E-07
   2.08800   -0.484611E-07
   2.09000   -0.468987E-07
   2.09200   -0.452617E-07
   2.09400   -0.436047E-07
   2.09600   -0.419909E-07
   2.09800   -0.404878E-07
   2.10000   -0.391608E-07
   2.10200   -0.380679E-07
   2.10400   -0.372525E-07
   2.10600   -0.367381E-07
   2.10800   -0.365244E-07
   2.11000   -0.365866E-07
   2.11200   -0.368765E-07
   2.11400   -0.373272E-07
   2.11600   -0.378594E-07
   2.11800   -0.383904E-07
   2.12000   -0.388416E-07
   2.12200   -0.391469E-07
   2.12400   -0.392584E-07
   2.12600   -0.391501E-07
   2.12800   -0.388180E-07
   2.13000   -0.382786E-07
   2.13200   -0.375648E-07
   2.13400   -0.367210E-07
   2.13600   -0.357978E-07
   2.13800   -0.348470E-07
   2.14000   -0.339173E-07
   2.14200   -0.330513E-07
   2.14400   -0.322831E-07
   2.14600   -0.316371E-07
   2.14800   -0.311270E-07
   2.15000   -0.307553E-07
   2.15200   -0.305138E-07
   2.15400   -0.303838E-07
   2.15600   -0.303373E-07
   2.15800   -0.303387E-07
   2.16000   -0.303471E-07
   2.16200   -0.303193E-07
   2.16400   -0.302129E-07
   2.16600   -0.299901E-07
   2.16800   -0.296207E-07
   2.17000   -0.290854E-07
   2.17200   -0.283772E-07
   2.17400   -0.275024E-07
   2.17600   -0.264798E-07
   2.17800   -0.253383E-07
   2.18000   -0.241140E-07
   2.18200   -0.228457E-07
   2.18400   -0.215710E-07
   2.18600   -0.203219E-07
   2.18800   -0.191217E-07
   2.19000   -0.179829E-07
   2.19200   -0.169063E-07
   2.19400   -0.158815E-07
   2.19600   -0.148883E-07
   2.19800   -0.138993E-07
   2.20000   -0.128824E-07
   2.20200   -0.118033E-07
   2.20400   -0.106274E-07
   2.20600   -0.932239E-08
   2.20800   -0.785960E-08
   2.21000   -0.621449E-08
   2.21200   -0.436742E-08
   2.21400   -0.230376E-08
   2.21600   -0.139792E-10
   2.21800    0.250627E-08
   2.22000    0.525585E-08
   2.22200    0.822751E-08
   2.22400    0.114068E-07
   2.22600    0.147699E-07
   2.22800    0.182812E-07
   2.23000    0.218883E-07
   2.23200    0.255174E-07
   2.23400    0.290678E-07
   2.23600    0.324058E-07
   2.23800    0.353625E-07
   2.24000    0.377337E-07
   2.24200    0.392866E-07
   2.24400    0.397730E-07
   2.24600    0.389496E-07
   2.24800    0.366049E-07
   2.25000    0.325891E-07
   2.25200    0.268427E-07
   2.25400    0.194202E-07
   2.25600    0.105025E-07
   2.25800    0.394664E-09
   2.26000   -0.104910E-07
   2.26200   -0.216675E-07
   2.26400   -0.326165E-07
   2.26600   -0.428357E-07
   2.26800   -0.518857E-07
   2.27000   -0.594279E-07
   2.27200   -0.652494E-07
   2.27400   -0.692724E-07
   2.27600   -0.715471E-07
   2.27800   -0.722324E-07
   2.28000   -0.715664E-07
   2.28200   -0.698338E-07
   2.28400   -0.673333E-07
   2.28600   -0.643498E-07
   2.28800   -0.611334E-07
   2.29000   -0.578873E-07
   2.29200   -0.547622E-07
   2.29400   -0.518578E-07
   2.29600   -0.492293E-07
   2.29800   -0.468955E-07
   2.30000   -0.448485E-07
   2.30200   -0.430632E-07
   2.30400   -0.415047E-07
   2.30600   -0.401347E-07
   2.30800   -0.389154E-07
   2.31000   -0.378125E-07
   2.31200   -0.367967E-07
   2.31400   -0.358441E-07
   2.31600   -0.349359E-07
   2.31800   -0.340586E-07
   2.32000   -0.332033E-07
   2.32200   -0.323647E-07
   2.32400   -0.315414E-07
   2.32600   -0.307349E-07
   2.32800   -0.299485E-07
   2.33000   -0.291869E-07
   2.33200   -0.284558E-07
   2.33400   -0.277607E-07
   2.33600   -0.271070E-07
   2.33800   -0.264989E-07
   2.34000   -0.259398E-07
   2.34200   -0.254318E-07
   2.34400   -0.249754E-07
   2.34600   -0.245703E-07
   2.34800   -0.242147E-07
   2.35000   -0.239059E-07
   2.35200   -0.236402E-07
   2.35400   -0.234132E-07
   2.35600   -0.232196E-07
   2.35800   -0.230541E-07
   2.36000   -0.229112E-07
   2.36200   -0.227859E-07
   2.36400   -0.226740E-07
   2.36600   -0.225726E-07
   2.36800   -0.224801E-07
   2.37000   -0.223965E-07
   2.37200   -0.223226E-07
   2.37400   -0.222596E-07
   2.37600   -0.222084E-07
   2.37800   -0.221685E-07
   2.38000   -0.221373E-07
   2.38200   -0.221097E-07
   2.38400   -0.220779E-07
   2.38600   -0.220319E-07
   2.38800   -0.219603E-07
   2.39000   -0.218512E-07
   2.39200   -0.216942E-07
   2.39400   -0.214815E-07
   2.39600   -0.212088E-07
   2.39800   -0.208767E-07
   2.40000   -0.204904E-07
   2.40200   -0.200600E-07
   2.40400   -0.195995E-07
   2.40600   -0.191254E-07
   2.40800   -0.186557E-07
   2.41000   -0.182083E-07
   2.41200   -0.177990E-07
   2.41400   -0.174410E-07
   2.41600   -0.171432E-07
   2.41800   -0.169104E-07
   2.42000   -0.167426E-07
   2.42200   -0.166358E-07
   2.42400   -0.165821E-07
   2.42600   -0.165710E-07
   2.42800   -0.165900E-07
   2.43000   -0.166257E-07
   2.43200   -0.166647E-07
   2.43400   -0.166941E-07
   2.43600   -0.167021E-07
   2.43800   -0.166784E-07
   2.44000   -0.166143E-07
   2.44200   -0.165030E-07
   2.44400   -0.163392E-07
   2.44600   -0.161198E-07
   2.44800   -0.158435E-07
   2.45000   -0.155111E-07
   2.45200   -0.151262E-07
   2.45400   -0.146949E-07
   2.45600   -0.142263E-07
   2.45800   -0.137324E-07
   2.46000   -0.132276E-07
   2.46200   -0.127279E-07
   2.46400   -0.122498E-07
   2.46600   -0.118090E-07
   2.46800   -0.114184E-07
   2.47000   -0.110871E-07
   2.47200   -0.108193E-07
   2.47400   -0.106135E-07
   2.47600   -0.104629E-07
   2.47800   -0.103563E-07
   2.48000   -0.102789E-07
   2.48200   -0.102150E-07
   2.48400   -0.101489E-07
   2.48600   -0.100670E-07
   2.48800   -0.995902E-08
   2.49000   -0.981873E-08
   2.49200   -0.964410E-08
   2.49400   -0.943705E-08
   2.49600   -0.920260E-08
   2.49800   -0.894794E-08
   2.50000   -0.868125E-08
   2.50200   -0.841060E-08
   2.50400   -0.814294E-08
   2.50600   -0.788344E-08
   2.50800   -0.763500E-08
   2.51000   -0.739810E-08
   2.51200   -0.717086E-08
   2.51400   -0.694937E-08
   2.51600   -0.672809E-08
   2.51800   -0.650035E-08
   2.52000   -0.625885E-08
   2.52200   -0.599617E-08
   2.52400   -0.570518E-08
   2.52600   -0.537956E-08
   2.52800   -0.501432E-08
   2.53000   -0.460607E-08
   2.53200   -0.415368E-08
   2.53400   -0.365842E-08
   2.53600   -0.312415E-08
   2.53800   -0.255719E-08
   2.54000   -0.196577E-08
   2.54200   -0.135928E-08
   2.54400   -0.747264E-09
   2.54600   -0.138336E-09
   2.54800    0.460744E-09
   2.55000    0.104567E-08
   2.55200    0.161478E-08
   2.55400    0.216879E-08
   2.55600    0.271009E-08
   2.55800    0.324185E-08
   2.56000    0.376701E-08
   2.56200    0.428739E-08
   2.56400    0.480310E-08
   2.56600    0.531207E-08
   2.56800    0.581017E-08
   2.57000    0.629142E-08
   2.57200    0.674849E-08
   2.57400    0.717338E-08
   2.57600    0.755821E-08
   2.57800    0.789602E-08
   2.58000    0.818148E-08
   2.58200    0.841164E-08
   2.58400    0.858635E-08
   2.58600    0.870837E-08
   2.58800    0.878311E-08
   2.59000    0.881800E-08
   2.59200    0.882147E-08
   2.59400    0.880176E-08
   2.59600    0.876572E-08
   2.59800    0.871783E-08
   2.60000    0.865971E-08
   2.60200    0.859014E-08
   2.60400    0.850546E-08
   2.60600    0.840070E-08
   2.60800    0.827069E-08
   2.61000    0.811132E-08
   2.61200    0.792045E-08
   2.61400    0.769860E-08
   2.61600    0.744902E-08
   2.61800    0.717740E-08
   2.62000    0.689118E-08
   2.62200    0.659864E-08
   2.62400    0.630804E-08
   2.62600    0.602670E-08
   2.62800    0.576039E-08
   2.63000    0.551290E-08
   2.63200    0.528587E-08
   2.63400    0.507884E-08
   2.63600    0.488941E-08
   2.63800    0.471367E-08
   2.64000    0.454655E-08
   2.64200    0.438235E-08
   2.64400    0.421535E-08
   2.64600    0.404031E-08
   2.64800    0.385303E-08
   2.65000    0.365081E-08
   2.65200    0.343274E-08
   2.65400    0.319976E-08
   2.65600    0.295445E-08
   2.65800    0.270056E-08
   2.66000    0.244229E-08
   2.66200    0.218344E-08
   2.66400    0.192653E-08
   2.66600    0.167232E-08
   2.66800    0.141938E-08
   2.67000    0.116434E-08
   2.67200    0.902381E-09
   2.67400    0.628164E-09
   2.67600    0.336844E-09
   2.67800    0.250643E-10
   2.68000   -0.308253E-09
   2.68200   -0.661495E-09
   2.68400   -0.103033E-08
   2.68600   -0.140802E-08
   2.68800   -0.178608E-08
   2.69000   -0.215505E-08
   2.69200   -0.250561E-08
   2.69400   -0.282957E-08
   2.69600   -0.312081E-08
   2.69800   -0.337617E-08
   2.70000   -0.359588E-08
   2.70200   -0.378379E-08
   2.70400   -0.394696E-08
   2.70600   -0.409480E-08
   2.70800   -0.423767E-08
   2.71000   -0.438539E-08
   2.71200   -0.454567E-08
   2.71400   -0.472301E-08
   2.71600   -0.491812E-08
   2.71800   -0.512842E-08
   2.72000   -0.534912E-08
   2.72200   -0.557490E-08
   2.72400   -0.580178E-08
   2.72600   -0.602859E-08
   2.72800   -0.625787E-08
   2.73000   -0.649555E-08
   2.73200   -0.674986E-08
   2.73400   -0.702930E-08
   2.73600   -0.734049E-08
   2.73800   -0.768607E-08
   2.74000   -0.806358E-08
   2.74200   -0.846533E-08
   2.74400   -0.887955E-08
   2.74600   -0.929266E-08
   2.74800   -0.969199E-08
   2.75000   -0.100686E-07
   2.75200   -0.104192E-07
   2.75400   -0.107475E-07
   2.75600   -0.110634E-07
   2.75800   -0.113813E-07
   2.76000   -0.117174E-07
   2.76200   -0.120868E-07
   2.76400   -0.125001E-07
   2.76600   -0.129620E-07
   2.76800   -0.134708E-07
   2.77000   -0.140187E-07
   2.77200   -0.145952E-07
   2.77400   -0.151890E-07
   2.77600   -0.157921E-07
   2.77800   -0.164026E-07
   2.78000   -0.170262E-07
   2.78200   -0.176767E-07
   2.78400   -0.183753E-07
   2.78600   -0.191476E-07
   2.78800   -0.200199E-07
   2.79000   -0.210197E-07
   2.79200   -0.221692E-07
   2.79400   -0.234858E-07
   2.79600   -0.249820E-07
   2.79800   -0.266664E-07
   2.80000   -0.285468E-07
   2.80200   -0.306323E-07
   2.80400   -0.329357E-07
   2.80600   -0.354744E-07
   2.80800   -0.382675E-07
   2.81000   -0.413312E-07
   2.81200   -0.446687E-07
   2.81400   -0.482581E-07
   2.81600   -0.520368E-07
   2.81800   -0.558860E-07
   2.82000   -0.596170E-07
   2.82200   -0.629633E-07
   2.82400   -0.655818E-07
   2.82600   -0.670656E-07
   2.82800   -0.669708E-07
   2.83000   -0.648557E-07
   2.83200   -0.603315E-07
   2.83400   -0.531159E-07
   2.83600   -0.430860E-07
   2.83800   -0.303179E-07
   2.84000   -0.151077E-07
   2.84200    0.203246E-08
   2.84400    0.204069E-07
   2.84600    0.391928E-07
   2.84800    0.575160E-07
   2.85000    0.745340E-07
   2.85200    0.895164E-07
   2.85400    0.101910E-06
   2.85600    0.111379E-06
   2.85800    0.117822E-06
   2.86000    0.121355E-06
   2.86200    0.122280E-06
   2.86400    0.121023E-06
   2.86600    0.118087E-06
   2.86800    0.113987E-06
   2.87000    0.109204E-06
   2.87200    0.104152E-06
   2.87400    0.991566E-07
   2.87600    0.944474E-07
   2.87800    0.901652E-07
   2.88000    0.863731E-07
   2.88200    0.830736E-07
   2.88400    0.802271E-07
   2.88600    0.777688E-07
   2.88800    0.756239E-07
   2.89000    0.737192E-07
   2.89200    0.719910E-07
   2.89400    0.703907E-07
   2.89600    0.688868E-07
   2.89800    0.674642E-07
   2.90000    0.661219E-07
   2.90200    0.648697E-07
   2.90400    0.637228E-07
   2.90600    0.626980E-07
   2.90800    0.618083E-07
   2.91000    0.610605E-07
   2.91200    0.604546E-07
   2.91400    0.599794E-07
   2.91600    0.596156E-07
   2.91800    0.593364E-07
   2.92000    0.591102E-07
   2.92200    0.589025E-07
   2.92400    0.586786E-07
   2.92600    0.584063E-07
   2.92800    0.580578E-07
   2.93000    0.576121E-07
   2.93200    0.570561E-07
   2.93400    0.563862E-07
   2.93600    0.556080E-07
   2.93800    0.547365E-07
   2.94000    0.537946E-07
   2.94200    0.528113E-07
   2.94400    0.518190E-07
   2.94600    0.508507E-07
   2.94800    0.499366E-07
   2.95000    0.491019E-07
   2.95200    0.483639E-07
   2.95400    0.477313E-07
   2.95600    0.472032E-07
   2.95800    0.467692E-07
   2.96000    0.464109E-07
   2.96200    0.461029E-07
   2.96400    0.458153E-07
   2.96600    0.455163E-07
   2.96800    0.451744E-07
   2.97000    0.447618E-07
   2.97200    0.442570E-07
   2.97400    0.436470E-07
   2.97600    0.429294E-07
   2.97800    0.421130E-07
   2.98000    0.412181E-07
   2.98200    0.402746E-07
   2.98400    0.393199E-07
   2.98600    0.383952E-07
   2.98800    0.375414E-07
   2.99000    0.367952E-07
   2.99200    0.361850E-07
   2.99400    0.357282E-07
   2.99600    0.354298E-07
   2.99800    0.352815E-07
   3.00000    0.352632E-07
   3.00200    0.353450E-07
   3.00400    0.354904E-07
   3.00600    0.356598E-07
   3.00800    0.358141E-07
   3.01000    0.359177E-07
   3.01200    0.359415E-07
   3.01400    0.358648E-07
   3.01600    0.356766E-07
   3.01800    0.353758E-07
   3.02000    0.349713E-07
   3.02200    0.344809E-07
   3.02400    0.339299E-07
   3.02600    0.333488E-07
   3.02800    0.327713E-07
   3.03000    0.322313E-07
   3.03200    0.317601E-07
   3.03400    0.313840E-07
   3.03600    0.311218E-07
   3.03800    0.309838E-07
   3.04000    0.309706E-07
   3.04200    0.310739E-07
   3.04400    0.312772E-07
   3.04600    0.315575E-07
   3.04800    0.318876E-07
   3.05000    0.322377E-07
   3.05200    0.325779E-07
   3.05400    0.328798E-07
   3.05600    0.331183E-07
   3.05800    0.332731E-07
   3.06000    0.333297E-07
   3.06200    0.332807E-07
   3.06400    0.331264E-07
   3.06600    0.328755E-07
   3.06800    0.325447E-07
   3.07000    0.321582E-07
   3.07200    0.317460E-07
   3.07400    0.313417E-07
   3.07600    0.309803E-07
   3.07800    0.306948E-07
   3.08000    0.305139E-07
   3.08200    0.304593E-07
   3.08400    0.305443E-07
   3.08600    0.307721E-07
   3.08800    0.311365E-07
   3.09000    0.316215E-07
   3.09200    0.322029E-07
   3.09400    0.328499E-07
   3.09600    0.335270E-07
   3.09800    0.341958E-07
   3.10000    0.348181E-07
   3.10200    0.353577E-07
   3.10400    0.357830E-07
   3.10600    0.360691E-07
   3.10800    0.362001E-07
   3.11000    0.361701E-07
   3.11200    0.359851E-07
   3.11400    0.356623E-07
   3.11600    0.352300E-07
   3.11800    0.347252E-07
   3.12000    0.341915E-07
   3.12200    0.336749E-07
   3.12400    0.332205E-07
   3.12600    0.328678E-07
   3.12800    0.326474E-07
   3.13000    0.325777E-07
   3.13200    0.326636E-07
   3.13400    0.328950E-07
   3.13600    0.332474E-07
   3.13800    0.336833E-07
   3.14000    0.341542E-07
   3.14200    0.346035E-07
   3.14400    0.349697E-07
   3.14600    0.351905E-07
   3.14800    0.352074E-07
   3.15000    0.349704E-07
   3.15200    0.344432E-07
   3.15400    0.336086E-07
   3.15600    0.324723E-07
   3.15800    0.310665E-07
   3.16000    0.294498E-07
   3.16200    0.277063E-07
   3.16400    0.259397E-07
   3.16600    0.242657E-07
   3.16800    0.228021E-07
   3.17000    0.216579E-07
   3.17200    0.209226E-07
   3.17400    0.206573E-07
   3.17600    0.208892E-07
   3.17800    0.216089E-07
   3.18000    0.227729E-07
   3.18200    0.243084E-07
   3.18400    0.261204E-07
   3.18600    0.281012E-07
   3.18800    0.301386E-07
   3.19000    0.321238E-07
   3.19200    0.339581E-07
   3.19400    0.355565E-07
   3.19600    0.368515E-07
   3.19800    0.377935E-07
   3.20000    0.383531E-07
   3.20200    0.385201E-07
   3.20400    0.383047E-07
   3.20600    0.377373E-07
   3.20800    0.368671E-07
   3.21000    0.357613E-07
   3.21200    0.345021E-07
   3.21400    0.331814E-07
   3.21600    0.318958E-07
   3.21800    0.307386E-07
   3.22000    0.297926E-07
   3.22200    0.291228E-07
   3.22400    0.287697E-07
   3.22600    0.287454E-07
   3.22800    0.290313E-07
   3.23000    0.295801E-07
   3.23200    0.303191E-07
   3.23400    0.311567E-07
   3.23600    0.319922E-07
   3.23800    0.327248E-07
   3.24000    0.332653E-07
   3.24200    0.335454E-07
   3.24400    0.335268E-07
   3.24600    0.332071E-07
   3.24800    0.326216E-07
   3.25000    0.318411E-07
   3.25200    0.309650E-07
   3.25400    0.301098E-07
   3.25600    0.293946E-07
   3.25800    0.289248E-07
   3.26000    0.287762E-07
   3.26200    0.289815E-07
   3.26400    0.295219E-07
   3.26600    0.303239E-07
   3.26800    0.312623E-07
   3.27000    0.321696E-07
   3.27200    0.328504E-07
   3.27400    0.330983E-07
   3.27600    0.327154E-07
   3.27800    0.315312E-07
   3.28000    0.294197E-07
   3.28200    0.263128E-07
   3.28400    0.222103E-07
   3.28600    0.171838E-07
   3.28800    0.113740E-07
   3.29000    0.498298E-08
   3.29200   -0.174065E-08
   3.29400   -0.852099E-08
   3.29600   -0.150771E-07
   3.29800   -0.211457E-07
   3.30000   -0.265026E-07
   3.30200   -0.309789E-07
   3.30400   -0.344708E-07
   3.30600   -0.369431E-07
   3.30800   -0.384244E-07
   3.31000   -0.389969E-07
   3.31200   -0.387827E-07
   3.31400   -0.379268E-07
   3.31600   -0.365824E-07
   3.31800   -0.348971E-07
   3.32000   -0.330026E-07
   3.32200   -0.310096E-07
   3.32400   -0.290040E-07
   3.32600   -0.270487E-07
   3.32800   -0.251851E-07
   3.33000   -0.234378E-07
   3.33200   -0.218184E-07
   3.33400   -0.203296E-07
   3.33600   -0.189686E-07
   3.33800   -0.177293E-07
   3.34000   -0.166043E-07
   3.34200   -0.155858E-07
   3.34400   -0.146657E-07
   3.34600   -0.138356E-07
   3.34800   -0.130865E-07
   3.35000   -0.124088E-07
   3.35200   -0.117925E-07
   3.35400   -0.112264E-07
   3.35600   -0.106994E-07
   3.35800   -0.102011E-07
   3.36000   -0.972173E-08
   3.36200   -0.925365E-08
   3.36400   -0.879133E-08
   3.36600   -0.833190E-08
   3.36800   -0.787513E-08
   3.37000   -0.742300E-08
   3.37200   -0.697917E-08
   3.37400   -0.654826E-08
   3.37600   -0.613506E-08
   3.37800   -0.574365E-08
   3.38000   -0.537686E-08
   3.38200   -0.503573E-08
   3.38400   -0.471933E-08
   3.38600   -0.442472E-08
   3.38800   -0.414724E-08
   3.39000   -0.388089E-08
   3.39200   -0.361889E-08
   3.39400   -0.335425E-08
   3.39600   -0.308047E-08
   3.39800   -0.279207E-08
   3.40000   -0.248508E-08
   3.40200   -0.215731E-08
   3.40400   -0.180854E-08
   3.40600   -0.144048E-08
   3.40800   -0.105655E-08
   3.41000   -0.661594E-09
   3.41200   -0.261507E-09
   3.41400    0.137189E-09
   3.41600    0.527758E-09
   3.41800    0.903636E-09
   3.42000    0.125880E-08
   3.42200    0.158811E-08
   3.42400    0.188766E-08
   3.42600    0.215497E-08
   3.42800    0.238928E-08
   3.43000    0.259158E-08
   3.43200    0.276460E-08
   3.43400    0.291259E-08
   3.43600    0.304086E-08
   3.43800    0.315521E-08
   3.44000    0.326126E-08
   3.44200    0.336375E-08
   3.44400    0.346596E-08
   3.44600    0.356933E-08
   3.44800    0.367335E-08
   3.45000    0.377574E-08
   3.45200    0.387295E-08
   3.45400    0.396087E-08
   3.45600    0.403556E-08
   3.45800    0.409399E-08
   3.46000    0.413464E-08
   3.46200    0.415772E-08
   3.46400    0.416524E-08
   3.46600    0.416063E-08
   3.46800    0.414830E-08
   3.47000    0.413295E-08
   3.47200    0.411900E-08
   3.47400    0.411007E-08
   3.47600    0.410869E-08
   3.47800    0.411628E-08
   3.48000    0.413335E-08
   3.48200    0.415985E-08
   3.48400    0.419579E-08
   3.48600    0.424181E-08
   3.48800    0.429982E-08
   3.49000    0.437355E-08
   3.49200    0.446897E-08
   3.49400    0.459464E-08
   3.49600    0.476167E-08
   3.49800    0.498365E-08
   3.50000    0.527616E-08
   3.50200    0.565601E-08
   3.50400    0.614031E-08
   3.50600    0.674521E-08
   3.50800    0.748462E-08
   3.51000    0.836887E-08
   3.51200    0.940357E-08
   3.51400    0.105888E-07
   3.51600    0.119186E-07
   3.51800    0.133810E-07
   3.52000    0.149586E-07
   3.52200    0.166298E-07
   3.52400    0.183696E-07
   3.52600    0.201513E-07
   3.52800    0.219479E-07
   3.53000    0.237339E-07
   3.53200    0.254858E-07
   3.53400    0.271835E-07
   3.53600    0.288110E-07
   3.53800    0.303566E-07
   3.54000    0.318124E-07
   3.54200    0.331767E-07
   3.54400    0.344512E-07
   3.54600    0.356426E-07
   3.54800    0.367614E-07
   3.55000    0.378220E-07
   3.55200    0.388419E-07
   3.55400    0.398412E-07
   3.55600    0.408415E-07
   3.55800    0.418646E-07
   3.56000    0.429307E-07
   3.56200    0.440561E-07
   3.56400    0.452501E-07
   3.56600    0.465118E-07
   3.56800    0.478255E-07
   3.57000    0.491573E-07
   3.57200    0.504513E-07
   3.57400    0.516285E-07
   3.57600    0.525866E-07
   3.57800    0.532049E-07
   3.58000    0.533513E-07
   3.58200    0.528946E-07
   3.58400    0.517190E-07
   3.58600    0.497407E-07
   3.58800    0.469234E-07
   3.59000    0.432913E-07
   3.59200    0.389351E-07
   3.59400    0.340120E-07
   3.59600    0.287352E-07
   3.59800    0.233569E-07
   3.60000    0.181451E-07
   3.60200    0.133568E-07
   3.60400    0.921349E-08
   3.60600    0.588013E-08
   3.60800    0.345254E-08
   3.61000    0.195331E-08
   3.61200    0.133669E-08
   3.61400    0.150112E-08
   3.61600    0.230644E-08
   3.61800    0.359310E-08
   3.62000    0.520017E-08
   3.62200    0.698021E-08
   3.62400    0.880937E-08
   3.62600    0.105925E-07
   3.62800    0.122636E-07
   3.63000    0.137833E-07
   3.63200    0.151339E-07
   3.63400    0.163134E-07
   3.63600    0.173305E-07
   3.63800    0.182004E-07
   3.64000    0.189412E-07
   3.64200    0.195719E-07
   3.64400    0.201119E-07
   3.64600    0.205799E-07
   3.64800    0.209935E-07
   3.65000    0.213692E-07
   3.65200    0.217214E-07
   3.65400    0.220617E-07
   3.65600    0.223985E-07
   3.65800    0.227363E-07
   3.66000    0.230752E-07
   3.66200    0.234122E-07
   3.66400    0.237397E-07
   3.66600    0.240494E-07
   3.66800    0.243324E-07
   3.67000    0.245805E-07
   3.67200    0.247881E-07
   3.67400    0.249528E-07
   3.67600    0.250763E-07
   3.67800    0.251640E-07
   3.68000    0.252248E-07
   3.68200    0.252698E-07
   3.68400    0.253111E-07
   3.68600    0.253604E-07
   3.68800    0.254273E-07
   3.69000    0.255185E-07
   3.69200    0.256371E-07
   3.69400    0.257820E-07
   3.69600    0.259485E-07
   3.69800    0.261290E-07
   3.70000    0.263142E-07
   3.70200    0.264943E-07
   3.70400    0.266605E-07
   3.70600    0.268062E-07
   3.70800    0.269280E-07
   3.71000    0.270257E-07
   3.71200    0.271026E-07
   3.71400    0.271642E-07
   3.71600    0.272179E-07
   3.71800    0.272712E-07
   3.72000    0.273304E-07
   3.72200    0.273999E-07
   3.72400    0.274813E-07
   3.72600    0.275730E-07
   3.72800    0.276708E-07
   3.73000    0.277685E-07
   3.73200    0.278587E-07
   3.73400    0.279347E-07
   3.73600    0.279909E-07
   3.73800    0.280242E-07
   3.74000    0.280346E-07
   3.74200    0.280248E-07
   3.74400    0.280002E-07
   3.74600    0.279681E-07
   3.74800    0.279361E-07
   3.75000    0.279116E-07
   3.75200    0.279001E-07
   3.75400    0.279045E-07
   3.75600    0.279247E-07
   3.75800    0.279570E-07
   3.76000    0.279951E-07
   3.76200    0.280302E-07
   3.76400    0.280525E-07
   3.76600    0.280519E-07
   3.76800    0.280196E-07
   3.77000    0.279489E-07
   3.77200    0.278365E-07
   3.77400    0.276822E-07
   3.77600    0.274898E-07
   3.77800    0.272658E-07
   3.78000    0.270197E-07
   3.78200    0.267622E-07
   3.78400    0.265042E-07
   3.78600    0.262561E-07
   3.78800    0.260266E-07
   3.79000    0.258221E-07
   3.79200    0.256462E-07
   3.79400    0.255002E-07
   3.79600    0.253828E-07
   3.79800    0.252910E-07
   3.80000    0.252202E-07
   3.80200    0.251649E-07
   3.80400    0.251186E-07
   3.80600    0.250743E-07
   3.80800    0.250244E-07
   3.81000    0.249609E-07
   3.81200    0.248755E-07
   3.81400    0.247599E-07
   3.81600    0.246068E-07
   3.81800    0.244099E-07
   3.82000    0.241654E-07
   3.82200    0.238718E-07
   3.82400    0.235309E-07
   3.82600    0.231472E-07
   3.82800    0.227279E-07
   3.83000    0.222818E-07
   3.83200    0.218186E-07
   3.83400    0.213479E-07
   3.83600    0.208781E-07
   3.83800    0.204162E-07
   3.84000    0.199673E-07
   3.84200    0.195346E-07
   3.84400    0.191193E-07
   3.84600    0.187213E-07
   3.84800    0.183391E-07
   3.85000    0.179700E-07
   3.85200    0.176103E-07
   3.85400    0.172552E-07
   3.85600    0.168990E-07
   3.85800    0.165355E-07
   3.86000    0.161579E-07
   3.86200    0.157598E-07
   3.86400    0.153350E-07
   3.86600    0.148790E-07
   3.86800    0.143882E-07
   3.87000    0.138609E-07
   3.87200    0.132970E-07
   3.87400    0.126972E-07
   3.87600    0.120635E-07
   3.87800    0.113974E-07
   3.88000    0.107007E-07
   3.88200    0.997404E-08
   3.88400    0.921721E-08
   3.88600    0.842909E-08
   3.88800    0.760787E-08
   3.89000    0.675154E-08
   3.89200    0.585851E-08
   3.89400    0.492831E-08
   3.89600    0.396230E-08
   3.89800    0.296427E-08
   3.90000    0.194082E-08
   3.90200    0.901531E-09
   3.90400   -0.141218E-09
   3.90600   -0.117264E-08
   3.90800   -0.217632E-08
   3.91000   -0.313512E-08
   3.91200   -0.403229E-08
   3.91400   -0.485255E-08
   3.91600   -0.558321E-08
   3.91800   -0.621511E-08
   3.92000   -0.674324E-08
   3.92200   -0.716733E-08
   3.92400   -0.749181E-08
   3.92600   -0.772553E-08
   3.92800   -0.788122E-08
   3.93000   -0.797432E-08
   3.93200   -0.802179E-08
   3.93400   -0.804052E-08
   3.93600   -0.804600E-08
   3.93800   -0.805095E-08
   3.94000   -0.806436E-08
   3.94200   -0.809101E-08
   3.94400   -0.813160E-08
   3.94600   -0.818332E-08
   3.94800   -0.824106E-08
   3.95000   -0.829879E-08
   3.95200   -0.835097E-08
   3.95400   -0.839379E-08
   3.95600   -0.842586E-08
   3.95800   -0.844830E-08
   3.96000   -0.846420E-08
   3.96200   -0.847745E-08
   3.96400   -0.849141E-08
   3.96600   -0.850738E-08
   3.96800   -0.852359E-08
   3.97000   -0.853465E-08
   3.97200   -0.853178E-08
   3.97400   -0.850371E-08
   3.97600   -0.843814E-08
   3.97800   -0.832338E-08
   3.98000   -0.814997E-08
   3.98200   -0.791193E-08
   3.98400   -0.760740E-08
   3.98600   -0.723875E-08
   3.98800   -0.681216E-08
   3.99000   -0.633684E-08
   3.99200   -0.582399E-08
   3.99400   -0.528601E-08
   3.99600   -0.473559E-08
   3.99800   -0.418512E-08
   4.00000   -0.364621E-08
