   0.00000    0.000000E+00
   0.00200    0.000000E+00
   0.00400    0.000000E+00
   0.00600    0.000000E+00
   0.00800    0.000000E+00
   0.01000    0.000000E+00
   0.01200    0.000000E+00
   0.01400    0.000000E+00
   0.01600    0.000000E+00
   0.01800    0.000000E+00
   0.02000    0.000000E+00
   0.02200    0.000000E+00
   0.02400    0.000000E+00
   0.02600    0.109887E-10
   0.02800    0.289761E-10
   0.03000    0.591453E-10
   0.03200    0.117097E-09
   0.03400    0.226074E-09
   0.03600    0.425760E-09
   0.03800    0.782428E-09
   0.04000    0.140337E-08
   0.04200    0.245662E-08
   0.04400    0.419642E-08
   0.04600    0.699442E-08
   0.04800    0.113740E-07
   0.05000    0.180434E-07
   0.05200    0.279262E-07
   0.05400    0.421674E-07
   0.05600    0.621144E-07
   0.05800    0.892557E-07
   0.06000    0.125110E-06
   0.06200    0.171051E-06
   0.06400    0.228089E-06
   0.06600    0.296615E-06
   0.06800    0.376136E-06
   0.07000    0.465050E-06
   0.07200    0.560513E-06
   0.07400    0.658433E-06
   0.07600    0.753639E-06
   0.07800    0.840226E-06
   0.08000    0.912063E-06
   0.08200    0.963408E-06
   0.08400    0.989553E-06
   0.08600    0.987405E-06
   0.08800    0.955906E-06
   0.09000    0.896231E-06
   0.09200    0.811706E-06
   0.09400    0.707479E-06
   0.09600    0.589963E-06
   0.09800    0.466159E-06
   0.10000    0.342937E-06
   0.10200    0.226389E-06
   0.10400    0.121333E-06
   0.10600    0.310186E-07
   0.10800   -0.429552E-07
   0.11000   -0.100508E-06
   0.11200   -0.142795E-06
   0.11400   -0.171826E-06
   0.11600   -0.190054E-06
   0.11800   -0.199988E-06
   0.12000   -0.203890E-06
   0.12200   -0.203581E-06
   0.12400   -0.200343E-06
   0.12600   -0.194945E-06
   0.12800   -0.187727E-06
   0.13000   -0.178734E-06
   0.13200   -0.167860E-06
   0.13400   -0.154969E-06
   0.13600   -0.139978E-06
   0.13800   -0.122902E-06
   0.14000   -0.103845E-06
   0.14200   -0.829854E-07
   0.14400   -0.605334E-07
   0.14600   -0.367074E-07
   0.14800   -0.117280E-07
   0.15000    0.141911E-07
   0.15200    0.407842E-07
   0.15400    0.677057E-07
   0.15600    0.945016E-07
   0.15800    0.120588E-06
   0.16000    0.145260E-06
   0.16200    0.167734E-06
   0.16400    0.187217E-06
   0.16600    0.202997E-06
   0.16800    0.214533E-06
   0.17000    0.221539E-06
   0.17200    0.224035E-06
   0.17400    0.222360E-06
   0.17600    0.217143E-06
   0.17800    0.209237E-06
   0.18000    0.199620E-06
   0.18200    0.189286E-06
   0.18400    0.179148E-06
   0.18600    0.169949E-06
   0.18800    0.162220E-06
   0.19000    0.156264E-06
   0.19200    0.152185E-06
   0.19400    0.149927E-06
   0.19600    0.149337E-06
   0.19800    0.150218E-06
   0.20000    0.152372E-06
   0.20200    0.155625E-06
   0.20400    0.159820E-06
   0.20600    0.164806E-06
   0.20800    0.170400E-06
   0.21000    0.176365E-06
   0.21200    0.182385E-06
   0.21400    0.188062E-06
   0.21600    0.192934E-06
   0.21800    0.196513E-06
   0.22000    0.198340E-06
   0.22200    0.198044E-06
   0.22400    0.195399E-06
   0.22600    0.190371E-06
   0.22800    0.183141E-06
   0.23000    0.174097E-06
   0.23200    0.163810E-06
   0.23400    0.152974E-06
   0.23600    0.142344E-06
   0.23800    0.132656E-06
   0.24000    0.124558E-06
   0.24200    0.118555E-06
   0.24400    0.114970E-06
   0.24600    0.113930E-06
   0.24800    0.115375E-06
   0.25000    0.119081E-06
   0.25200    0.124697E-06
   0.25400    0.131787E-06
   0.25600    0.139865E-06
   0.25800    0.148429E-06
   0.26000    0.156985E-06
   0.26200    0.165061E-06
   0.26400    0.172220E-06
   0.26600    0.178065E-06
   0.26800    0.182250E-06
   0.27000    0.184495E-06
   0.27200    0.184601E-06
   0.27400    0.182471E-06
   0.27600    0.178133E-06
   0.27800    0.171749E-06
   0.28000    0.163630E-06
   0.28200    0.154222E-06
   0.28400    0.144093E-06
   0.28600    0.133896E-06
   0.28800    0.124321E-06
   0.29000    0.116047E-06
   0.29200    0.109680E-06
   0.29400    0.105699E-06
   0.29600    0.104417E-06
   0.29800    0.105947E-06
   0.30000    0.110185E-06
   0.30200    0.116820E-06
   0.30400    0.125352E-06
   0.30600    0.135136E-06
   0.30800    0.145433E-06
   0.31000    0.155470E-06
   0.31200    0.164506E-06
   0.31400    0.171895E-06
   0.31600    0.177132E-06
   0.31800    0.179899E-06
   0.32000    0.180075E-06
   0.32200    0.177747E-06
   0.32400    0.173187E-06
   0.32600    0.166822E-06
   0.32800    0.159193E-06
   0.33000    0.150905E-06
   0.33200    0.142583E-06
   0.33400    0.134824E-06
   0.33600    0.128161E-06
   0.33800    0.123035E-06
   0.34000    0.119771E-06
   0.34200    0.118564E-06
   0.34400    0.119467E-06
   0.34600    0.122392E-06
   0.34800    0.127110E-06
   0.35000    0.133266E-06
   0.35200    0.140397E-06
   0.35400    0.147970E-06
   0.35600    0.155417E-06
   0.35800    0.162189E-06
   0.36000    0.167803E-06
   0.36200    0.171890E-06
   0.36400    0.174229E-06
   0.36600    0.174766E-06
   0.36800    0.173616E-06
   0.37000    0.171047E-06
   0.37200    0.167436E-06
   0.37400    0.163233E-06
   0.37600    0.158908E-06
   0.37800    0.154903E-06
   0.38000    0.151598E-06
   0.38200    0.149279E-06
   0.38400    0.148129E-06
   0.38600    0.148218E-06
   0.38800    0.149506E-06
   0.39000    0.151854E-06
   0.39200    0.155033E-06
   0.39400    0.158743E-06
   0.39600    0.162628E-06
   0.39800    0.166310E-06
   0.40000    0.169415E-06
   0.40200    0.171612E-06
   0.40400    0.172650E-06
   0.40600    0.172388E-06
   0.40800    0.170818E-06
   0.41000    0.168072E-06
   0.41200    0.164406E-06
   0.41400    0.160172E-06
   0.41600    0.155774E-06
   0.41800    0.151621E-06
   0.42000    0.148074E-06
   0.42200    0.145405E-06
   0.42400    0.143774E-06
   0.42600    0.143214E-06
   0.42800    0.143637E-06
   0.43000    0.144859E-06
   0.43200    0.146621E-06
   0.43400    0.148631E-06
   0.43600    0.150594E-06
   0.43800    0.152245E-06
   0.44000    0.153376E-06
   0.44200    0.153852E-06
   0.44400    0.153624E-06
   0.44600    0.152727E-06
   0.44800    0.151274E-06
   0.45000    0.149433E-06
   0.45200    0.147410E-06
   0.45400    0.145416E-06
   0.45600    0.143642E-06
   0.45800    0.142235E-06
   0.46000    0.141286E-06
   0.46200    0.140824E-06
   0.46400    0.140828E-06
   0.46600    0.141237E-06
   0.46800    0.141980E-06
   0.47000    0.142990E-06
   0.47200    0.144226E-06
   0.47400    0.145671E-06
   0.47600    0.147335E-06
   0.47800    0.149237E-06
   0.48000    0.151383E-06
   0.48200    0.153743E-06
   0.48400    0.156239E-06
   0.48600    0.158732E-06
   0.48800    0.161030E-06
   0.49000    0.162907E-06
   0.49200    0.164130E-06
   0.49400    0.164496E-06
   0.49600    0.163867E-06
   0.49800    0.162199E-06
   0.50000    0.159555E-06
   0.50200    0.156111E-06
   0.50400    0.152140E-06
   0.50600    0.147981E-06
   0.50800    0.144001E-06
   0.51000    0.140550E-06
   0.51200    0.137922E-06
   0.51400    0.136316E-06
   0.51600    0.135818E-06
   0.51800    0.136396E-06
   0.52000    0.137910E-06
   0.52200    0.140128E-06
   0.52400    0.142765E-06
   0.52600    0.145509E-06
   0.52800    0.148060E-06
   0.53000    0.150154E-06
   0.53200    0.151587E-06
   0.53400    0.152223E-06
   0.53600    0.152003E-06
   0.53800    0.150939E-06
   0.54000    0.149115E-06
   0.54200    0.146671E-06
   0.54400    0.143798E-06
   0.54600    0.140720E-06
   0.54800    0.137680E-06
   0.55000    0.134922E-06
   0.55200    0.132669E-06
   0.55400    0.131105E-06
   0.55600    0.130350E-06
   0.55800    0.130447E-06
   0.56000    0.131351E-06
   0.56200    0.132927E-06
   0.56400    0.134956E-06
   0.56600    0.137151E-06
   0.56800    0.139180E-06
   0.57000    0.140691E-06
   0.57200    0.141346E-06
   0.57400    0.140841E-06
   0.57600    0.138939E-06
   0.57800    0.135483E-06
   0.58000    0.130415E-06
   0.58200    0.123770E-06
   0.58400    0.115687E-06
   0.58600    0.106388E-06
   0.58800    0.961683E-07
   0.59000    0.853731E-07
   0.59200    0.743724E-07
   0.59400    0.635345E-07
   0.59600    0.531990E-07
   0.59800    0.436534E-07
   0.60000    0.351142E-07
   0.60200    0.277161E-07
   0.60400    0.215097E-07
   0.60600    0.164667E-07
   0.60800    0.124937E-07
   0.61000    0.945059E-08
   0.61200    0.717153E-08
   0.61400    0.548475E-08
   0.61600    0.422964E-08
   0.61800    0.326693E-08
   0.62000    0.248651E-08
   0.62200    0.180839E-08
   0.62400    0.118227E-08
   0.62600    0.586609E-09
   0.62800    0.289525E-10
   0.63000   -0.452817E-09
   0.63200   -0.788453E-09
   0.63400   -0.875014E-09
   0.63600   -0.582158E-09
   0.63800    0.240268E-09
   0.64000    0.174598E-08
   0.64200    0.407190E-08
   0.64400    0.731589E-08
   0.64600    0.115165E-07
   0.64800    0.166385E-07
   0.65000    0.225674E-07
   0.65200    0.291152E-07
   0.65400    0.360362E-07
   0.65600    0.430513E-07
   0.65800    0.498766E-07
   0.66000    0.562531E-07
   0.66200    0.619690E-07
   0.66400    0.668823E-07
   0.66600    0.709268E-07
   0.66800    0.741137E-07
   0.67000    0.765239E-07
   0.67200    0.782927E-07
   0.67400    0.795938E-07
   0.67600    0.806176E-07
   0.67800    0.815519E-07
   0.68000    0.825634E-07
   0.68200    0.837837E-07
   0.68400    0.852969E-07
   0.68600    0.871346E-07
   0.68800    0.892740E-07
   0.69000    0.916426E-07
   0.69200    0.941261E-07
   0.69400    0.965833E-07
   0.69600    0.988626E-07
   0.69800    0.100816E-06
   0.70000    0.102321E-06
   0.70200    0.103292E-06
   0.70400    0.103692E-06
   0.70600    0.103535E-06
   0.70800    0.102891E-06
   0.71000    0.101873E-06
   0.71200    0.100632E-06
   0.71400    0.993372E-07
   0.71600    0.981627E-07
   0.71800    0.972692E-07
   0.72000    0.967879E-07
   0.72200    0.968097E-07
   0.72400    0.973751E-07
   0.72600    0.984717E-07
   0.72800    0.100035E-06
   0.73000    0.101957E-06
   0.73200    0.104095E-06
   0.73400    0.106287E-06
   0.73600    0.108368E-06
   0.73800    0.110184E-06
   0.74000    0.111609E-06
   0.74200    0.112554E-06
   0.74400    0.112975E-06
   0.74600    0.112876E-06
   0.74800    0.112308E-06
   0.75000    0.111362E-06
   0.75200    0.110162E-06
   0.75400    0.108855E-06
   0.75600    0.107594E-06
   0.75800    0.106532E-06
   0.76000    0.105803E-06
   0.76200    0.105512E-06
   0.76400    0.105725E-06
   0.76600    0.106462E-06
   0.76800    0.107688E-06
   0.77000    0.109323E-06
   0.77200    0.111240E-06
   0.77400    0.113282E-06
   0.77600    0.115274E-06
   0.77800    0.117043E-06
   0.78000    0.118439E-06
   0.78200    0.119347E-06
   0.78400    0.119706E-06
   0.78600    0.119515E-06
   0.78800    0.118832E-06
   0.79000    0.117776E-06
   0.79200    0.116507E-06
   0.79400    0.115216E-06
   0.79600    0.114102E-06
   0.79800    0.113350E-06
   0.80000    0.113110E-06
   0.80200    0.113480E-06
   0.80400    0.114492E-06
   0.80600    0.116105E-06
   0.80800    0.118208E-06
   0.81000    0.120631E-06
   0.81200    0.123156E-06
   0.81400    0.125549E-06
   0.81600    0.127577E-06
   0.81800    0.129039E-06
   0.82000    0.129790E-06
   0.82200    0.129755E-06
   0.82400    0.128940E-06
   0.82600    0.127431E-06
   0.82800    0.125392E-06
   0.83000    0.123039E-06
   0.83200    0.120627E-06
   0.83400    0.118419E-06
   0.83600    0.116660E-06
   0.83800    0.115553E-06
   0.84000    0.115237E-06
   0.84200    0.115774E-06
   0.84400    0.117141E-06
   0.84600    0.119230E-06
   0.84800    0.121866E-06
   0.85000    0.124818E-06
   0.85200    0.127829E-06
   0.85400    0.130638E-06
   0.85600    0.133013E-06
   0.85800    0.134768E-06
   0.86000    0.135786E-06
   0.86200    0.136026E-06
   0.86400    0.135524E-06
   0.86600    0.134388E-06
   0.86800    0.132780E-06
   0.87000    0.130902E-06
   0.87200    0.128966E-06
   0.87400    0.127180E-06
   0.87600    0.125721E-06
   0.87800    0.124719E-06
   0.88000    0.124248E-06
   0.88200    0.124317E-06
   0.88400    0.124874E-06
   0.88600    0.125814E-06
   0.88800    0.126989E-06
   0.89000    0.128233E-06
   0.89200    0.129377E-06
   0.89400    0.130271E-06
   0.89600    0.130805E-06
   0.89800    0.130918E-06
   0.90000    0.130608E-06
   0.90200    0.129931E-06
   0.90400    0.128997E-06
   0.90600    0.127950E-06
   0.90800    0.126959E-06
   0.91000    0.126190E-06
   0.91200    0.125792E-06
   0.91400    0.125875E-06
   0.91600    0.126495E-06
   0.91800    0.127647E-06
   0.92000    0.129265E-06
   0.92200    0.131220E-06
   0.92400    0.133339E-06
   0.92600    0.135420E-06
   0.92800    0.137252E-06
   0.93000    0.138640E-06
   0.93200    0.139424E-06
   0.93400    0.139502E-06
   0.93600    0.138835E-06
   0.93800    0.137460E-06
   0.94000    0.135482E-06
   0.94200    0.133068E-06
   0.94400    0.130427E-06
   0.94600    0.127794E-06
   0.94800    0.125402E-06
   0.95000    0.123464E-06
   0.95200    0.122146E-06
   0.95400    0.121554E-06
   0.95600    0.121720E-06
   0.95800    0.122599E-06
   0.96000    0.124075E-06
   0.96200    0.125976E-06
   0.96400    0.128088E-06
   0.96600    0.130187E-06
   0.96800    0.132064E-06
   0.97000    0.133545E-06
   0.97200    0.134519E-06
   0.97400    0.134947E-06
   0.97600    0.134863E-06
   0.97800    0.134374E-06
   0.98000    0.133638E-06
   0.98200    0.132847E-06
   0.98400    0.132197E-06
   0.98600    0.131866E-06
   0.98800    0.131983E-06
   0.99000    0.132613E-06
   0.99200    0.133744E-06
   0.99400    0.135285E-06
   0.99600    0.137076E-06
   0.99800    0.138907E-06
   1.00000    0.140541E-06
   1.00200    0.141745E-06
   1.00400    0.142325E-06
   1.00600    0.142148E-06
   1.00800    0.141168E-06
   1.01000    0.139431E-06
   1.01200    0.137079E-06
   1.01400    0.134331E-06
   1.01600    0.131465E-06
   1.01800    0.128785E-06
   1.02000    0.126586E-06
   1.02200    0.125121E-06
   1.02400    0.124571E-06
   1.02600    0.125026E-06
   1.02800    0.126472E-06
   1.03000    0.128793E-06
   1.03200    0.131785E-06
   1.03400    0.135178E-06
   1.03600    0.138664E-06
   1.03800    0.141933E-06
   1.04000    0.144710E-06
   1.04200    0.146776E-06
   1.04400    0.147998E-06
   1.04600    0.148337E-06
   1.04800    0.147851E-06
   1.05000    0.146683E-06
   1.05200    0.145041E-06
   1.05400    0.143173E-06
   1.05600    0.141338E-06
   1.05800    0.139772E-06
   1.06000    0.138666E-06
   1.06200    0.138138E-06
   1.06400    0.138227E-06
   1.06600    0.138886E-06
   1.06800    0.139992E-06
   1.07000    0.141363E-06
   1.07200    0.142782E-06
   1.07400    0.144024E-06
   1.07600    0.144894E-06
   1.07800    0.145243E-06
   1.08000    0.145000E-06
   1.08200    0.144171E-06
   1.08400    0.142849E-06
   1.08600    0.141192E-06
   1.08800    0.139410E-06
   1.09000    0.137729E-06
   1.09200    0.136364E-06
   1.09400    0.135486E-06
   1.09600    0.135199E-06
   1.09800    0.135522E-06
   1.10000    0.136389E-06
   1.10200    0.137652E-06
   1.10400    0.139102E-06
   1.10600    0.140500E-06
   1.10800    0.141605E-06
   1.11000    0.142211E-06
   1.11200    0.142174E-06
   1.11400    0.141438E-06
   1.11600    0.140042E-06
   1.11800    0.138117E-06
   1.12000    0.135878E-06
   1.12200    0.133591E-06
   1.12400    0.131545E-06
   1.12600    0.130016E-06
   1.12800    0.129227E-06
   1.13000    0.129326E-06
   1.13200    0.130359E-06
   1.13400    0.132269E-06
   1.13600    0.134896E-06
   1.13800    0.138003E-06
   1.14000    0.141300E-06
   1.14200    0.144482E-06
   1.14400    0.147270E-06
   1.14600    0.149442E-06
   1.14800    0.150861E-06
   1.15000    0.151492E-06
   1.15200    0.151398E-06
   1.15400    0.150730E-06
   1.15600    0.149702E-06
   1.15800    0.148557E-06
   1.16000    0.147530E-06
   1.16200    0.146816E-06
   1.16400    0.146542E-06
   1.16600    0.146751E-06
   1.16800    0.147397E-06
   1.17000    0.148359E-06
   1.17200    0.149458E-06
   1.17400    0.150490E-06
   1.17600    0.151255E-06
   1.17800    0.151595E-06
   1.18000    0.151414E-06
   1.18200    0.150694E-06
   1.18400    0.149501E-06
   1.18600    0.147977E-06
   1.18800    0.146315E-06
   1.19000    0.144739E-06
   1.19200    0.143464E-06
   1.19400    0.142672E-06
   1.19600    0.142482E-06
   1.19800    0.142933E-06
   1.20000    0.143975E-06
   1.20200    0.145478E-06
   1.20400    0.147246E-06
   1.20600    0.149044E-06
   1.20800    0.150630E-06
   1.21000    0.151785E-06
   1.21200    0.152345E-06
   1.21400    0.152226E-06
   1.21600    0.151426E-06
   1.21800    0.150034E-06
   1.22000    0.148211E-06
   1.22200    0.146167E-06
   1.22400    0.144132E-06
   1.22600    0.142322E-06
   1.22800    0.140911E-06
   1.23000    0.140008E-06
   1.23200    0.139644E-06
   1.23400    0.139771E-06
   1.23600    0.140275E-06
   1.23800    0.141001E-06
   1.24000    0.141774E-06
   1.24200    0.142437E-06
   1.24400    0.142878E-06
   1.24600    0.143046E-06
   1.24800    0.142966E-06
   1.25000    0.142735E-06
   1.25200    0.142504E-06
   1.25400    0.142460E-06
   1.25600    0.142787E-06
   1.25800    0.143641E-06
   1.26000    0.145114E-06
   1.26200    0.147216E-06
   1.26400    0.149868E-06
   1.26600    0.152908E-06
   1.26800    0.156103E-06
   1.27000    0.159189E-06
   1.27200    0.161898E-06
   1.27400    0.164005E-06
   1.27600    0.165353E-06
   1.27800    0.165880E-06
   1.28000    0.165631E-06
   1.28200    0.164745E-06
   1.28400    0.163439E-06
   1.28600    0.161972E-06
   1.28800    0.160605E-06
   1.29000    0.159563E-06
   1.29200    0.159003E-06
   1.29400    0.158984E-06
   1.29600    0.159470E-06
   1.29800    0.160332E-06
   1.30000    0.161373E-06
   1.30200    0.162364E-06
   1.30400    0.163083E-06
   1.30600    0.163351E-06
   1.30800    0.163063E-06
   1.31000    0.162204E-06
   1.31200    0.160854E-06
   1.31400    0.159172E-06
   1.31600    0.157370E-06
   1.31800    0.155681E-06
   1.32000    0.154318E-06
   1.32200    0.153445E-06
   1.32400    0.153148E-06
   1.32600    0.153426E-06
   1.32800    0.154194E-06
   1.33000    0.155303E-06
   1.33200    0.156563E-06
   1.33400    0.157783E-06
   1.33600    0.158804E-06
   1.33800    0.159526E-06
   1.34000    0.159925E-06
   1.34200    0.160059E-06
   1.34400    0.160052E-06
   1.34600    0.160070E-06
   1.34800    0.160288E-06
   1.35000    0.160855E-06
   1.35200    0.161858E-06
   1.35400    0.163304E-06
   1.35600    0.165109E-06
   1.35800    0.167109E-06
   1.36000    0.169085E-06
   1.36200    0.170793E-06
   1.36400    0.172007E-06
   1.36600    0.172560E-06
   1.36800    0.172371E-06
   1.37000    0.171460E-06
   1.37200    0.169948E-06
   1.37400    0.168042E-06
   1.37600    0.165998E-06
   1.37800    0.164085E-06
   1.38000    0.162541E-06
   1.38200    0.161537E-06
   1.38400    0.161157E-06
   1.38600    0.161383E-06
   1.38800    0.162110E-06
   1.39000    0.163165E-06
   1.39200    0.164343E-06
   1.39400    0.165445E-06
   1.39600    0.166308E-06
   1.39800    0.166838E-06
   1.40000    0.167012E-06
   1.40200    0.166880E-06
   1.40400    0.166545E-06
   1.40600    0.166133E-06
   1.40800    0.165765E-06
   1.41000    0.165523E-06
   1.41200    0.165432E-06
   1.41400    0.165451E-06
   1.41600    0.165480E-06
   1.41800    0.165380E-06
   1.42000    0.165006E-06
   1.42200    0.164236E-06
   1.42400    0.163005E-06
   1.42600    0.161322E-06
   1.42800    0.159279E-06
   1.43000    0.157040E-06
   1.43200    0.154820E-06
   1.43400    0.152846E-06
   1.43600    0.151326E-06
   1.43800    0.150409E-06
   1.44000    0.150166E-06
   1.44200    0.150573E-06
   1.44400    0.151519E-06
   1.44600    0.152828E-06
   1.44800    0.154281E-06
   1.45000    0.155657E-06
   1.45200    0.156762E-06
   1.45400    0.157454E-06
   1.45600    0.157659E-06
   1.45800    0.157368E-06
   1.46000    0.156630E-06
   1.46200    0.155527E-06
   1.46400    0.154160E-06
   1.46600    0.152621E-06
   1.46800    0.150982E-06
   1.47000    0.149291E-06
   1.47200    0.147572E-06
   1.47400    0.145841E-06
   1.47600    0.144117E-06
   1.47800    0.142439E-06
   1.48000    0.140875E-06
   1.48200    0.139522E-06
   1.48400    0.138496E-06
   1.48600    0.137917E-06
   1.48800    0.137878E-06
   1.49000    0.138426E-06
   1.49200    0.139541E-06
   1.49400    0.141120E-06
   1.49600    0.142983E-06
   1.49800    0.144887E-06
   1.50000    0.146556E-06
   1.50200    0.147715E-06
   1.50400    0.148128E-06
   1.50600    0.147633E-06
   1.50800    0.146167E-06
   1.51000    0.143771E-06
   1.51200    0.140588E-06
   1.51400    0.136834E-06
   1.51600    0.132776E-06
   1.51800    0.128687E-06
   1.52000    0.124816E-06
   1.52200    0.121359E-06
   1.52400    0.118447E-06
   1.52600    0.116138E-06
   1.52800    0.114427E-06
   1.53000    0.113265E-06
   1.53200    0.112572E-06
   1.53400    0.112259E-06
   1.53600    0.112237E-06
   1.53800    0.112430E-06
   1.54000    0.112765E-06
   1.54200    0.113176E-06
   1.54400    0.113597E-06
   1.54600    0.113957E-06
   1.54800    0.114184E-06
   1.55000    0.114212E-06
   1.55200    0.113993E-06
   1.55400    0.113507E-06
   1.55600    0.112773E-06
   1.55800    0.111854E-06
   1.56000    0.110854E-06
   1.56200    0.109900E-06
   1.56400    0.109128E-06
   1.56600    0.108654E-06
   1.56800    0.108554E-06
   1.57000    0.108844E-06
   1.57200    0.109475E-06
   1.57400    0.110339E-06
   1.57600    0.111280E-06
   1.57800    0.112129E-06
   1.58000    0.112726E-06
   1.58200    0.112954E-06
   1.58400    0.112760E-06
   1.58600    0.112164E-06
   1.58800    0.111257E-06
   1.59000    0.110187E-06
   1.59200    0.109130E-06
   1.59400    0.108262E-06
   1.59600    0.107730E-06
   1.59800    0.107629E-06
   1.60000    0.107990E-06
   1.60200    0.108777E-06
   1.60400    0.109898E-06
   1.60600    0.111225E-06
   1.60800    0.112618E-06
   1.61000    0.113944E-06
   1.61200    0.115098E-06
   1.61400    0.116016E-06
   1.61600    0.116680E-06
   1.61800    0.117111E-06
   1.62000    0.117366E-06
   1.62200    0.117523E-06
   1.62400    0.117672E-06
   1.62600    0.117904E-06
   1.62800    0.118301E-06
   1.63000    0.118928E-06
   1.63200    0.119833E-06
   1.63400    0.121040E-06
   1.63600    0.122543E-06
   1.63800    0.124314E-06
   1.64000    0.126293E-06
   1.64200    0.128401E-06
   1.64400    0.130549E-06
   1.64600    0.132641E-06
   1.64800    0.134601E-06
   1.65000    0.136377E-06
   1.65200    0.137958E-06
   1.65400    0.139375E-06
   1.65600    0.140699E-06
   1.65800    0.142028E-06
   1.66000    0.143471E-06
   1.66200    0.145121E-06
   1.66400    0.147043E-06
   1.66600    0.149252E-06
   1.66800    0.151719E-06
   1.67000    0.154367E-06
   1.67200    0.157093E-06
   1.67400    0.159789E-06
   1.67600    0.162360E-06
   1.67800    0.164746E-06
   1.68000    0.166929E-06
   1.68200    0.168930E-06
   1.68400    0.170801E-06
   1.68600    0.172607E-06
   1.68800    0.174409E-06
   1.69000    0.176240E-06
   1.69200    0.178106E-06
   1.69400    0.179976E-06
   1.69600    0.181794E-06
   1.69800    0.183496E-06
   1.70000    0.185023E-06
   1.70200    0.186336E-06
   1.70400    0.187433E-06
   1.70600    0.188346E-06
   1.70800    0.189137E-06
   1.71000    0.189894E-06
   1.71200    0.190710E-06
   1.71400    0.191671E-06
   1.71600    0.192846E-06
   1.71800    0.194275E-06
   1.72000    0.195967E-06
   1.72200    0.197901E-06
   1.72400    0.200028E-06
   1.72600    0.202279E-06
   1.72800    0.204570E-06
   1.73000    0.206811E-06
   1.73200    0.208912E-06
   1.73400    0.210794E-06
   1.73600    0.212389E-06
   1.73800    0.213658E-06
   1.74000    0.214585E-06
   1.74200    0.215190E-06
   1.74400    0.215524E-06
   1.74600    0.215668E-06
   1.74800    0.215729E-06
   1.75000    0.215828E-06
   1.75200    0.216093E-06
   1.75400    0.216646E-06
   1.75600    0.217593E-06
   1.75800    0.219018E-06
   1.76000    0.220972E-06
   1.76200    0.223473E-06
   1.76400    0.226498E-06
   1.76600    0.229991E-06
   1.76800    0.233858E-06
   1.77000    0.237979E-06
   1.77200    0.242215E-06
   1.77400    0.246420E-06
   1.77600    0.250453E-06
   1.77800    0.254198E-06
   1.78000    0.257569E-06
   1.78200    0.260526E-06
   1.78400    0.263074E-06
   1.78600    0.265261E-06
   1.78800    0.267173E-06
   1.79000    0.268917E-06
   1.79200    0.270611E-06
   1.79400    0.272367E-06
   1.79600    0.274279E-06
   1.79800    0.276417E-06
   1.80000    0.278823E-06
   1.80200    0.281512E-06
   1.80400    0.284476E-06
   1.80600    0.287689E-06
   1.80800    0.291114E-06
   1.81000    0.294711E-06
   1.81200    0.298442E-06
   1.81400    0.302276E-06
   1.81600    0.306194E-06
   1.81800    0.310190E-06
   1.82000    0.314275E-06
   1.82200    0.318472E-06
   1.82400    0.322817E-06
   1.82600    0.327352E-06
   1.82800    0.332122E-06
   1.83000    0.337164E-06
   1.83200    0.342508E-06
   1.83400    0.348171E-06
   1.83600    0.354153E-06
   1.83800    0.360446E-06
   1.84000    0.367030E-06
   1.84200    0.373882E-06
   1.84400    0.380981E-06
   1.84600    0.388309E-06
   1.84800    0.395857E-06
   1.85000    0.403622E-06
   1.85200    0.411611E-06
   1.85400    0.419836E-06
   1.85600    0.428313E-06
   1.85800    0.437058E-06
   1.86000    0.446083E-06
   1.86200    0.455402E-06
   1.86400    0.465023E-06
   1.86600    0.474953E-06
   1.86800    0.485201E-06
   1.87000    0.495783E-06
   1.87200    0.506722E-06
   1.87400    0.518057E-06
   1.87600    0.529842E-06
   1.87800    0.542156E-06
   1.88000    0.555099E-06
   1.88200    0.568793E-06
   1.88400    0.583383E-06
   1.88600    0.599030E-06
   1.88800    0.615908E-06
   1.89000    0.634204E-06
   1.89200    0.654107E-06
   1.89400    0.675831E-06
   1.89600    0.699556E-06
   1.89800    0.725489E-06
   1.90000    0.753905E-06
   1.90200    0.785087E-06
   1.90400    0.819409E-06
   1.90600    0.857335E-06
   1.90800    0.899450E-06
   1.91000    0.946479E-06
   1.91200    0.999273E-06
   1.91400    0.105878E-05
   1.91600    0.112595E-05
   1.91800    0.120164E-05
   1.92000    0.128635E-05
   1.92200    0.138001E-05
   1.92400    0.148162E-05
   1.92600    0.158892E-05
   1.92800    0.169799E-05
   1.93000    0.180303E-05
   1.93200    0.189618E-05
   1.93400    0.196766E-05
   1.93600    0.200619E-05
   1.93800    0.199968E-05
   1.94000    0.193638E-05
   1.94200    0.180614E-05
   1.94400    0.160187E-05
   1.94600    0.132085E-05
   1.94800    0.965693E-06
   1.95000    0.544898E-06
   1.95200    0.726135E-07
   1.95400   -0.432231E-06
   1.95600   -0.947455E-06
   1.95800   -0.144959E-05
   1.96000   -0.191604E-05
   1.96200   -0.232709E-05
   1.96400   -0.266756E-05
   1.96600   -0.292781E-05
   1.96800   -0.310406E-05
   1.97000   -0.319806E-05
   1.97200   -0.321621E-05
   1.97400   -0.316833E-05
   1.97600   -0.306628E-05
   1.97800   -0.292273E-05
   1.98000   -0.275002E-05
   1.98200   -0.255943E-05
   1.98400   -0.236072E-05
   1.98600   -0.216187E-05
   1.98800   -0.196913E-05
   1.99000   -0.178708E-05
   1.99200   -0.161880E-05
   1.99400   -0.146603E-05
   1.99600   -0.132928E-05
   1.99800   -0.120800E-05
   2.00000   -0.110064E-05
   2.00200   -0.100485E-05
   2.00400   -0.917598E-06
   2.00600   -0.835483E-06
   2.00800   -0.754991E-06
   2.01000   -0.672867E-06
   2.01200   -0.586483E-06
   2.01400   -0.494184E-06
   2.01600   -0.395576E-06
   2.01800   -0.291644E-06
   2.02000   -0.184823E-06
   2.02200   -0.788099E-07
   2.02400    0.218365E-07
   2.02600    0.112120E-06
   2.02800    0.187198E-06
   2.03000    0.242948E-06
   2.03200    0.276460E-06
   2.03400    0.286398E-06
   2.03600    0.273141E-06
   2.03800    0.238726E-06
   2.04000    0.186584E-06
   2.04200    0.121121E-06
   2.04400    0.472192E-07
   2.04600   -0.302577E-07
   2.04800   -0.106902E-06
   2.05000   -0.179087E-06
   2.05200   -0.244155E-06
   2.05400   -0.300456E-06
   2.05600   -0.347285E-06
   2.05800   -0.384719E-06
   2.06000   -0.413420E-06
   2.06200   -0.434423E-06
   2.06400   -0.448940E-06
   2.06600   -0.458197E-06
   2.06800   -0.463317E-06
   2.07000   -0.465246E-06
   2.07200   -0.464722E-06
   2.07400   -0.462273E-06
   2.07600   -0.458241E-06
   2.07800   -0.452829E-06
   2.08000   -0.446149E-06
   2.08200   -0.438273E-06
   2.08400   -0.429277E-06
   2.08600   -0.419282E-06
   2.08800   -0.408471E-06
   2.09000   -0.397100E-06
   2.09200   -0.385493E-06
   2.09400   -0.374027E-06
   2.09600   -0.363106E-06
   2.09800   -0.353133E-06
   2.10000   -0.344490E-06
   2.10200   -0.337506E-06
   2.10400   -0.332422E-06
   2.10600   -0.329374E-06
   2.10800   -0.328365E-06
   2.11000   -0.329261E-06
   2.11200   -0.331780E-06
   2.11400   -0.335509E-06
   2.11600   -0.339922E-06
   2.11800   -0.344432E-06
   2.12000   -0.348431E-06
   2.12200   -0.351356E-06
   2.12400   -0.352741E-06
   2.12600   -0.352270E-06
   2.12800   -0.349806E-06
   2.13000   -0.345406E-06
   2.13200   -0.339310E-06
   2.13400   -0.331917E-06
   2.13600   -0.323735E-06
   2.13800   -0.315332E-06
   2.14000   -0.307275E-06
   2.14200   -0.300071E-06
   2.14400   -0.294127E-06
   2.14600   -0.289709E-06
   2.14800   -0.286927E-06
   2.15000   -0.285735E-06
   2.15200   -0.285944E-06
   2.15400   -0.287253E-06
   2.15600   -0.289286E-06
   2.15800   -0.291630E-06
   2.16000   -0.293877E-06
   2.16200   -0.295655E-06
   2.16400   -0.296649E-06
   2.16600   -0.296622E-06
   2.16800   -0.295416E-06
   2.17000   -0.292956E-06
   2.17200   -0.289249E-06
   2.17400   -0.284375E-06
   2.17600   -0.278485E-06
   2.17800   -0.271786E-06
   2.18000   -0.264529E-06
   2.18200   -0.256991E-06
   2.18400   -0.249453E-06
   2.18600   -0.242173E-06
   2.18800   -0.235364E-06
   2.19000   -0.229169E-06
   2.19200   -0.223643E-06
   2.19400   -0.218752E-06
   2.19600   -0.214370E-06
   2.19800   -0.210292E-06
   2.20000   -0.206261E-06
   2.20200   -0.201991E-06
   2.20400   -0.197185E-06
   2.20600   -0.191571E-06
   2.20800   -0.184911E-06
   2.21000   -0.177014E-06
   2.21200   -0.167738E-06
   2.21400   -0.156985E-06
   2.21600   -0.144699E-06
   2.21800   -0.130856E-06
   2.22000   -0.115464E-06
   2.22200   -0.985649E-07
   2.22400   -0.802398E-07
   2.22600   -0.606264E-07
   2.22800   -0.399417E-07
   2.23000   -0.185129E-07
   2.23200    0.318616E-08
   2.23400    0.244959E-07
   2.23600    0.445363E-07
   2.23800    0.621869E-07
   2.24000    0.760916E-07
   2.24200    0.847010E-07
   2.24400    0.863617E-07
   2.24600    0.794503E-07
   2.24800    0.625493E-07
   2.25000    0.346452E-07
   2.25200   -0.467967E-08
   2.25400   -0.550933E-07
   2.25600   -0.115430E-06
   2.25800   -0.183697E-06
   2.26000   -0.257193E-06
   2.26200   -0.332712E-06
   2.26400   -0.406829E-06
   2.26600   -0.476214E-06
   2.26800   -0.537937E-06
   2.27000   -0.589722E-06
   2.27200   -0.630115E-06
   2.27400   -0.658543E-06
   2.27600   -0.675282E-06
   2.27800   -0.681327E-06
   2.28000   -0.678205E-06
   2.28200   -0.667761E-06
   2.28400   -0.651949E-06
   2.28600   -0.632643E-06
   2.28800   -0.611506E-06
   2.29000   -0.589903E-06
   2.29200   -0.568865E-06
   2.29400   -0.549093E-06
   2.29600   -0.531000E-06
   2.29800   -0.514762E-06
   2.30000   -0.500377E-06
   2.30200   -0.487725E-06
   2.30400   -0.476616E-06
   2.30600   -0.466828E-06
   2.30800   -0.458131E-06
   2.31000   -0.450311E-06
   2.31200   -0.443172E-06
   2.31400   -0.436547E-06
   2.31600   -0.430297E-06
   2.31800   -0.424310E-06
   2.32000   -0.418505E-06
   2.32200   -0.412821E-06
   2.32400   -0.407230E-06
   2.32600   -0.401726E-06
   2.32800   -0.396320E-06
   2.33000   -0.391036E-06
   2.33200   -0.385909E-06
   2.33400   -0.380978E-06
   2.33600   -0.376278E-06
   2.33800   -0.371835E-06
   2.34000   -0.367661E-06
   2.34200   -0.363755E-06
   2.34400   -0.360093E-06
   2.34600   -0.356635E-06
   2.34800   -0.353322E-06
   2.35000   -0.350079E-06
   2.35200   -0.346819E-06
   2.35400   -0.343450E-06
   2.35600   -0.339879E-06
   2.35800   -0.336023E-06
   2.36000   -0.331813E-06
   2.36200   -0.327210E-06
   2.36400   -0.322204E-06
   2.36600   -0.316824E-06
   2.36800   -0.311143E-06
   2.37000   -0.305270E-06
   2.37200   -0.299348E-06
   2.37400   -0.293543E-06
   2.37600   -0.288029E-06
   2.37800   -0.282973E-06
   2.38000   -0.278518E-06
   2.38200   -0.274770E-06
   2.38400   -0.271784E-06
   2.38600   -0.269563E-06
   2.38800   -0.268053E-06
   2.39000   -0.267154E-06
   2.39200   -0.266728E-06
   2.39400   -0.266616E-06
   2.39600   -0.266653E-06
   2.39800   -0.266682E-06
   2.40000   -0.266572E-06
   2.40200   -0.266225E-06
   2.40400   -0.265586E-06
   2.40600   -0.264636E-06
   2.40800   -0.263398E-06
   2.41000   -0.261925E-06
   2.41200   -0.260289E-06
   2.41400   -0.258575E-06
   2.41600   -0.256868E-06
   2.41800   -0.255241E-06
   2.42000   -0.253755E-06
   2.42200   -0.252447E-06
   2.42400   -0.251338E-06
   2.42600   -0.250431E-06
   2.42800   -0.249716E-06
   2.43000   -0.249179E-06
   2.43200   -0.248808E-06
   2.43400   -0.248600E-06
   2.43600   -0.248560E-06
   2.43800   -0.248707E-06
   2.44000   -0.249070E-06
   2.44200   -0.249676E-06
   2.44400   -0.250550E-06
   2.44600   -0.251699E-06
   2.44800   -0.253104E-06
   2.45000   -0.254715E-06
   2.45200   -0.256448E-06
   2.45400   -0.258186E-06
   2.45600   -0.259793E-06
   2.45800   -0.261122E-06
   2.46000   -0.262031E-06
   2.46200   -0.262403E-06
   2.46400   -0.262153E-06
   2.46600   -0.261244E-06
   2.46800   -0.259682E-06
   2.47000   -0.257515E-06
   2.47200   -0.254825E-06
   2.47400   -0.251712E-06
   2.47600   -0.248279E-06
   2.47800   -0.244623E-06
   2.48000   -0.240824E-06
   2.48200   -0.236938E-06
   2.48400   -0.233001E-06
   2.48600   -0.229033E-06
   2.48800   -0.225039E-06
   2.49000   -0.221023E-06
   2.49200   -0.216991E-06
   2.49400   -0.212954E-06
   2.49600   -0.208933E-06
   2.49800   -0.204955E-06
   2.50000   -0.201056E-06
   2.50200   -0.197270E-06
   2.50400   -0.193631E-06
   2.50600   -0.190166E-06
   2.50800   -0.186893E-06
   2.51000   -0.183820E-06
   2.51200   -0.180942E-06
   2.51400   -0.178243E-06
   2.51600   -0.175699E-06
   2.51800   -0.173276E-06
   2.52000   -0.170935E-06
   2.52200   -0.168636E-06
   2.52400   -0.166336E-06
   2.52600   -0.163999E-06
   2.52800   -0.161592E-06
   2.53000   -0.159092E-06
   2.53200   -0.156490E-06
   2.53400   -0.153786E-06
   2.53600   -0.150997E-06
   2.53800   -0.148150E-06
   2.54000   -0.145283E-06
   2.54200   -0.142437E-06
   2.54400   -0.139652E-06
   2.54600   -0.136962E-06
   2.54800   -0.134390E-06
   2.55000   -0.131948E-06
   2.55200   -0.129633E-06
   2.55400   -0.127432E-06
   2.55600   -0.125329E-06
   2.55800   -0.123303E-06
   2.56000   -0.121339E-06
   2.56200   -0.119430E-06
   2.56400   -0.117573E-06
   2.56600   -0.115776E-06
   2.56800   -0.114054E-06
   2.57000   -0.112425E-06
   2.57200   -0.110910E-06
   2.57400   -0.109531E-06
   2.57600   -0.108312E-06
   2.57800   -0.107272E-06
   2.58000   -0.106425E-06
   2.58200   -0.105782E-06
   2.58400   -0.105344E-06
   2.58600   -0.105101E-06
   2.58800   -0.105035E-06
   2.59000   -0.105114E-06
   2.59200   -0.105305E-06
   2.59400   -0.105566E-06
   2.59600   -0.105865E-06
   2.59800   -0.106171E-06
   2.60000   -0.106468E-06
   2.60200   -0.106750E-06
   2.60400   -0.107023E-06
   2.60600   -0.107301E-06
   2.60800   -0.107600E-06
   2.61000   -0.107937E-06
   2.61200   -0.108321E-06
   2.61400   -0.108758E-06
   2.61600   -0.109245E-06
   2.61800   -0.109775E-06
   2.62000   -0.110335E-06
   2.62200   -0.110914E-06
   2.62400   -0.111498E-06
   2.62600   -0.112075E-06
   2.62800   -0.112633E-06
   2.63000   -0.113158E-06
   2.63200   -0.113637E-06
   2.63400   -0.114056E-06
   2.63600   -0.114400E-06
   2.63800   -0.114660E-06
   2.64000   -0.114832E-06
   2.64200   -0.114918E-06
   2.64400   -0.114935E-06
   2.64600   -0.114906E-06
   2.64800   -0.114860E-06
   2.65000   -0.114833E-06
   2.65200   -0.114854E-06
   2.65400   -0.114947E-06
   2.65600   -0.115122E-06
   2.65800   -0.115376E-06
   2.66000   -0.115693E-06
   2.66200   -0.116048E-06
   2.66400   -0.116409E-06
   2.66600   -0.116749E-06
   2.66800   -0.117046E-06
   2.67000   -0.117291E-06
   2.67200   -0.117487E-06
   2.67400   -0.117647E-06
   2.67600   -0.117795E-06
   2.67800   -0.117955E-06
   2.68000   -0.118148E-06
   2.68200   -0.118388E-06
   2.68400   -0.118678E-06
   2.68600   -0.119007E-06
   2.68800   -0.119355E-06
   2.69000   -0.119693E-06
   2.69200   -0.119990E-06
   2.69400   -0.120215E-06
   2.69600   -0.120348E-06
   2.69800   -0.120378E-06
   2.70000   -0.120308E-06
   2.70200   -0.120152E-06
   2.70400   -0.119935E-06
   2.70600   -0.119686E-06
   2.70800   -0.119436E-06
   2.71000   -0.119209E-06
   2.71200   -0.119022E-06
   2.71400   -0.118883E-06
   2.71600   -0.118788E-06
   2.71800   -0.118730E-06
   2.72000   -0.118700E-06
   2.72200   -0.118692E-06
   2.72400   -0.118711E-06
   2.72600   -0.118770E-06
   2.72800   -0.118892E-06
   2.73000   -0.119107E-06
   2.73200   -0.119445E-06
   2.73400   -0.119931E-06
   2.73600   -0.120577E-06
   2.73800   -0.121381E-06
   2.74000   -0.122324E-06
   2.74200   -0.123371E-06
   2.74400   -0.124479E-06
   2.74600   -0.125605E-06
   2.74800   -0.126710E-06
   2.75000   -0.127773E-06
   2.75200   -0.128788E-06
   2.75400   -0.129773E-06
   2.75600   -0.130764E-06
   2.75800   -0.131808E-06
   2.76000   -0.132957E-06
   2.76200   -0.134260E-06
   2.76400   -0.135755E-06
   2.76600   -0.137465E-06
   2.76800   -0.139396E-06
   2.77000   -0.141541E-06
   2.77200   -0.143885E-06
   2.77400   -0.146414E-06
   2.77600   -0.149122E-06
   2.77800   -0.152017E-06
   2.78000   -0.155125E-06
   2.78200   -0.158491E-06
   2.78400   -0.162178E-06
   2.78600   -0.166260E-06
   2.78800   -0.170810E-06
   2.79000   -0.175917E-06
   2.79200   -0.181665E-06
   2.79400   -0.188136E-06
   2.79600   -0.195418E-06
   2.79800   -0.203609E-06
   2.80000   -0.212825E-06
   2.80200   -0.223199E-06
   2.80400   -0.234885E-06
   2.80600   -0.248046E-06
   2.80800   -0.262826E-06
   2.81000   -0.279317E-06
   2.81200   -0.297503E-06
   2.81400   -0.317189E-06
   2.81600   -0.337924E-06
   2.81800   -0.358925E-06
   2.82000   -0.379010E-06
   2.82200   -0.396574E-06
   2.82400   -0.409602E-06
   2.82600   -0.415751E-06
   2.82800   -0.412511E-06
   2.83000   -0.397429E-06
   2.83200   -0.368388E-06
   2.83400   -0.323917E-06
   2.83600   -0.263475E-06
   2.83800   -0.187671E-06
   2.84000   -0.983704E-07
   2.84200    0.133845E-08
   2.84400    0.107341E-06
   2.84600    0.214831E-06
   2.84800    0.318745E-06
   2.85000    0.414249E-06
   2.85200    0.497191E-06
   2.85400    0.564467E-06
   2.85600    0.614257E-06
   2.85800    0.646090E-06
   2.86000    0.660753E-06
   2.86200    0.660071E-06
   2.86400    0.646598E-06
   2.86600    0.623280E-06
   2.86800    0.593124E-06
   2.87000    0.558935E-06
   2.87200    0.523118E-06
   2.87400    0.487576E-06
   2.87600    0.453678E-06
   2.87800    0.422295E-06
   2.88000    0.393874E-06
   2.88200    0.368529E-06
   2.88400    0.346145E-06
   2.88600    0.326462E-06
   2.88800    0.309152E-06
   2.89000    0.293869E-06
   2.89200    0.280291E-06
   2.89400    0.268139E-06
   2.89600    0.257184E-06
   2.89800    0.247254E-06
   2.90000    0.238224E-06
   2.90200    0.230009E-06
   2.90400    0.222561E-06
   2.90600    0.215852E-06
   2.90800    0.209871E-06
   2.91000    0.204615E-06
   2.91200    0.200098E-06
   2.91400    0.196321E-06
   2.91600    0.193285E-06
   2.91800    0.190979E-06
   2.92000    0.189377E-06
   2.92200    0.188428E-06
   2.92400    0.188049E-06
   2.92600    0.188124E-06
   2.92800    0.188499E-06
   2.93000    0.188988E-06
   2.93200    0.189381E-06
   2.93400    0.189455E-06
   2.93600    0.188999E-06
   2.93800    0.187832E-06
   2.94000    0.185819E-06
   2.94200    0.182891E-06
   2.94400    0.179054E-06
   2.94600    0.174387E-06
   2.94800    0.169042E-06
   2.95000    0.163228E-06
   2.95200    0.157197E-06
   2.95400    0.151230E-06
   2.95600    0.145616E-06
   2.95800    0.140645E-06
   2.96000    0.136594E-06
   2.96200    0.133721E-06
   2.96400    0.132258E-06
   2.96600    0.132403E-06
   2.96800    0.134306E-06
   2.97000    0.138050E-06
   2.97200    0.143633E-06
   2.97400    0.150942E-06
   2.97600    0.159738E-06
   2.97800    0.169642E-06
   2.98000    0.180137E-06
   2.98200    0.190593E-06
   2.98400    0.200301E-06
   2.98600    0.208538E-06
   2.98800    0.214627E-06
   2.99000    0.218011E-06
   2.99200    0.218315E-06
   2.99400    0.215389E-06
   2.99600    0.209323E-06
   2.99800    0.200441E-06
   3.00000    0.189256E-06
   3.00200    0.176414E-06
   3.00400    0.162620E-06
   3.00600    0.148569E-06
   3.00800    0.134880E-06
   3.01000    0.122052E-06
   3.01200    0.110441E-06
   3.01400    0.100255E-06
   3.01600    0.915694E-07
   3.01800    0.843520E-07
   3.02000    0.784937E-07
   3.02200    0.738412E-07
   3.02400    0.702231E-07
   3.02600    0.674705E-07
   3.02800    0.654298E-07
   3.03000    0.639688E-07
   3.03200    0.629768E-07
   3.03400    0.623626E-07
   3.03600    0.620501E-07
   3.03800    0.619747E-07
   3.04000    0.620799E-07
   3.04200    0.623158E-07
   3.04400    0.626384E-07
   3.04600    0.630102E-07
   3.04800    0.634005E-07
   3.05000    0.637863E-07
   3.05200    0.641502E-07
   3.05400    0.644840E-07
   3.05600    0.647851E-07
   3.05800    0.650519E-07
   3.06000    0.652869E-07
   3.06200    0.654934E-07
   3.06400    0.656748E-07
   3.06600    0.658345E-07
   3.06800    0.659757E-07
   3.07000    0.661024E-07
   3.07200    0.662197E-07
   3.07400    0.663349E-07
   3.07600    0.664573E-07
   3.07800    0.665986E-07
   3.08000    0.667725E-07
   3.08200    0.669935E-07
   3.08400    0.672760E-07
   3.08600    0.676325E-07
   3.08800    0.680721E-07
   3.09000    0.685990E-07
   3.09200    0.692113E-07
   3.09400    0.698999E-07
   3.09600    0.706486E-07
   3.09800    0.714351E-07
   3.10000    0.722322E-07
   3.10200    0.730098E-07
   3.10400    0.737381E-07
   3.10600    0.743904E-07
   3.10800    0.749448E-07
   3.11000    0.753876E-07
   3.11200    0.757142E-07
   3.11400    0.759294E-07
   3.11600    0.760465E-07
   3.11800    0.760859E-07
   3.12000    0.760723E-07
   3.12200    0.760317E-07
   3.12400    0.759885E-07
   3.12600    0.759625E-07
   3.12800    0.759663E-07
   3.13000    0.760046E-07
   3.13200    0.760732E-07
   3.13400    0.761602E-07
   3.13600    0.762473E-07
   3.13800    0.763121E-07
   3.14000    0.763307E-07
   3.14200    0.762803E-07
   3.14400    0.761418E-07
   3.14600    0.759020E-07
   3.14800    0.755557E-07
   3.15000    0.751080E-07
   3.15200    0.745762E-07
   3.15400    0.739922E-07
   3.15600    0.734038E-07
   3.15800    0.728761E-07
   3.16000    0.724907E-07
   3.16200    0.723431E-07
   3.16400    0.725370E-07
   3.16600    0.731757E-07
   3.16800    0.743522E-07
   3.17000    0.761366E-07
   3.17200    0.785656E-07
   3.17400    0.816335E-07
   3.17600    0.852880E-07
   3.17800    0.894305E-07
   3.18000    0.939230E-07
   3.18200    0.985984E-07
   3.18400    0.103276E-06
   3.18600    0.107774E-06
   3.18800    0.111928E-06
   3.19000    0.115598E-06
   3.19200    0.118680E-06
   3.19400    0.121105E-06
   3.19600    0.122842E-06
   3.19800    0.123892E-06
   3.20000    0.124283E-06
   3.20200    0.124063E-06
   3.20400    0.123303E-06
   3.20600    0.122081E-06
   3.20800    0.120487E-06
   3.21000    0.118619E-06
   3.21200    0.116578E-06
   3.21400    0.114465E-06
   3.21600    0.112379E-06
   3.21800    0.110405E-06
   3.22000    0.108613E-06
   3.22200    0.107043E-06
   3.22400    0.105700E-06
   3.22600    0.104542E-06
   3.22800    0.103475E-06
   3.23000    0.102351E-06
   3.23200    0.100965E-06
   3.23400    0.990666E-07
   3.23600    0.963752E-07
   3.23800    0.926033E-07
   3.24000    0.874882E-07
   3.24200    0.808304E-07
   3.24400    0.725341E-07
   3.24600    0.626463E-07
   3.24800    0.513852E-07
   3.25000    0.391562E-07
   3.25200    0.265456E-07
   3.25400    0.142920E-07
   3.25600    0.323218E-08
   3.25800   -0.577069E-08
   3.26000   -0.119129E-07
   3.26200   -0.145384E-07
   3.26400   -0.132185E-07
   3.26600   -0.781418E-08
   3.26800    0.148729E-08
   3.27000    0.141661E-07
   3.27200    0.293934E-07
   3.27400    0.460837E-07
   3.27600    0.629696E-07
   3.27800    0.786946E-07
   3.28000    0.919150E-07
   3.28200    0.101406E-06
   3.28400    0.106161E-06
   3.28600    0.105480E-06
   3.28800    0.990300E-07
   3.29000    0.868867E-07
   3.29200    0.695286E-07
   3.29400    0.478019E-07
   3.29600    0.228457E-07
   3.29800   -0.400955E-08
   3.30000   -0.313619E-07
   3.30200   -0.578598E-07
   3.30400   -0.823124E-07
   3.30600   -0.103776E-06
   3.30800   -0.121604E-06
   3.31000   -0.135468E-06
   3.31200   -0.145335E-06
   3.31400   -0.151424E-06
   3.31600   -0.154143E-06
   3.31800   -0.154021E-06
   3.32000   -0.151639E-06
   3.32200   -0.147574E-06
   3.32400   -0.142356E-06
   3.32600   -0.136445E-06
   3.32800   -0.130214E-06
   3.33000   -0.123947E-06
   3.33200   -0.117853E-06
   3.33400   -0.112071E-06
   3.33600   -0.106687E-06
   3.33800   -0.101746E-06
   3.34000   -0.972617E-07
   3.34200   -0.932277E-07
   3.34400   -0.896221E-07
   3.34600   -0.864129E-07
   3.34800   -0.835618E-07
   3.35000   -0.810256E-07
   3.35200   -0.787609E-07
   3.35400   -0.767234E-07
   3.35600   -0.748717E-07
   3.35800   -0.731682E-07
   3.36000   -0.715832E-07
   3.36200   -0.700934E-07
   3.36400   -0.686842E-07
   3.36600   -0.673489E-07
   3.36800   -0.660879E-07
   3.37000   -0.649065E-07
   3.37200   -0.638127E-07
   3.37400   -0.628142E-07
   3.37600   -0.619157E-07
   3.37800   -0.611170E-07
   3.38000   -0.604117E-07
   3.38200   -0.597869E-07
   3.38400   -0.592242E-07
   3.38600   -0.587014E-07
   3.38800   -0.581946E-07
   3.39000   -0.576807E-07
   3.39200   -0.571399E-07
   3.39400   -0.565569E-07
   3.39600   -0.559218E-07
   3.39800   -0.552304E-07
   3.40000   -0.544833E-07
   3.40200   -0.536847E-07
   3.40400   -0.528413E-07
   3.40600   -0.519610E-07
   3.40800   -0.510529E-07
   3.41000   -0.501266E-07
   3.41200   -0.491934E-07
   3.41400   -0.482669E-07
   3.41600   -0.473638E-07
   3.41800   -0.465040E-07
   3.42000   -0.457104E-07
   3.42200   -0.450070E-07
   3.42400   -0.444162E-07
   3.42600   -0.439559E-07
   3.42800   -0.436361E-07
   3.43000   -0.434565E-07
   3.43200   -0.434053E-07
   3.43400   -0.434598E-07
   3.43600   -0.435893E-07
   3.43800   -0.437594E-07
   3.44000   -0.439368E-07
   3.44200   -0.440956E-07
   3.44400   -0.442207E-07
   3.44600   -0.443108E-07
   3.44800   -0.443780E-07
   3.45000   -0.444454E-07
   3.45200   -0.445416E-07
   3.45400   -0.446948E-07
   3.45600   -0.449263E-07
   3.45800   -0.452447E-07
   3.46000   -0.456427E-07
   3.46200   -0.460962E-07
   3.46400   -0.465671E-07
   3.46600   -0.470076E-07
   3.46800   -0.473668E-07
   3.47000   -0.475971E-07
   3.47200   -0.476609E-07
   3.47400   -0.475340E-07
   3.47600   -0.472076E-07
   3.47800   -0.466870E-07
   3.48000   -0.459886E-07
   3.48200   -0.451343E-07
   3.48400   -0.441459E-07
   3.48600   -0.430391E-07
   3.48800   -0.418192E-07
   3.49000   -0.404777E-07
   3.49200   -0.389909E-07
   3.49400   -0.373204E-07
   3.49600   -0.354154E-07
   3.49800   -0.332164E-07
   3.50000   -0.306592E-07
   3.50200   -0.276812E-07
   3.50400   -0.242264E-07
   3.50600   -0.202514E-07
   3.50800   -0.157312E-07
   3.51000   -0.106630E-07
   3.51200   -0.506971E-08
   3.51400    0.999726E-09
   3.51600    0.747100E-08
   3.51800    0.142491E-07
   3.52000    0.212242E-07
   3.52200    0.282791E-07
   3.52400    0.352976E-07
   3.52600    0.421725E-07
   3.52800    0.488118E-07
   3.53000    0.551437E-07
   3.53200    0.611186E-07
   3.53400    0.667103E-07
   3.53600    0.719130E-07
   3.53800    0.767427E-07
   3.54000    0.812221E-07
   3.54200    0.854001E-07
   3.54400    0.893303E-07
   3.54600    0.930785E-07
   3.54800    0.967210E-07
   3.55000    0.100345E-06
   3.55200    0.104048E-06
   3.55400    0.107940E-06
   3.55600    0.112136E-06
   3.55800    0.116759E-06
   3.56000    0.121920E-06
   3.56200    0.127715E-06
   3.56400    0.134193E-06
   3.56600    0.141336E-06
   3.56800    0.149023E-06
   3.57000    0.157001E-06
   3.57200    0.164849E-06
   3.57400    0.171963E-06
   3.57600    0.177558E-06
   3.57800    0.180686E-06
   3.58000    0.180300E-06
   3.58200    0.175340E-06
   3.58400    0.164846E-06
   3.58600    0.148094E-06
   3.58800    0.124718E-06
   3.59000    0.948251E-07
   3.59200    0.590503E-07
   3.59400    0.185638E-07
   3.59600   -0.249964E-07
   3.59800   -0.696550E-07
   3.60000   -0.113281E-06
   3.60200   -0.153794E-06
   3.60400   -0.189369E-06
   3.60600   -0.218605E-06
   3.60800   -0.240638E-06
   3.61000   -0.255185E-06
   3.61200   -0.262509E-06
   3.61400   -0.263336E-06
   3.61600   -0.258718E-06
   3.61800   -0.249885E-06
   3.62000   -0.238101E-06
   3.62200   -0.224544E-06
   3.62400   -0.210221E-06
   3.62600   -0.195922E-06
   3.62800   -0.182213E-06
   3.63000   -0.169448E-06
   3.63200   -0.157812E-06
   3.63400   -0.147359E-06
   3.63600   -0.138055E-06
   3.63800   -0.129815E-06
   3.64000   -0.122532E-06
   3.64200   -0.116089E-06
   3.64400   -0.110376E-06
   3.64600   -0.105289E-06
   3.64800   -0.100733E-06
   3.65000   -0.966200E-07
   3.65200   -0.928742E-07
   3.65400   -0.894271E-07
   3.65600   -0.862219E-07
   3.65800   -0.832134E-07
   3.66000   -0.803716E-07
   3.66200   -0.776741E-07
   3.66400   -0.751231E-07
   3.66600   -0.727213E-07
   3.66800   -0.704808E-07
   3.67000   -0.684162E-07
   3.67200   -0.665406E-07
   3.67400   -0.648613E-07
   3.67600   -0.633769E-07
   3.67800   -0.620763E-07
   3.68000   -0.609384E-07
   3.68200   -0.599337E-07
   3.68400   -0.590275E-07
   3.68600   -0.581828E-07
   3.68800   -0.573644E-07
   3.69000   -0.565420E-07
   3.69200   -0.556929E-07
   3.69400   -0.548031E-07
   3.69600   -0.538672E-07
   3.69800   -0.528873E-07
   3.70000   -0.518714E-07
   3.70200   -0.508304E-07
   3.70400   -0.497761E-07
   3.70600   -0.487193E-07
   3.70800   -0.476687E-07
   3.71000   -0.466308E-07
   3.71200   -0.456104E-07
   3.71400   -0.446120E-07
   3.71600   -0.436408E-07
   3.71800   -0.427038E-07
   3.72000   -0.418104E-07
   3.72200   -0.409717E-07
   3.72400   -0.401997E-07
   3.72600   -0.395051E-07
   3.72800   -0.388956E-07
   3.73000   -0.383737E-07
   3.73200   -0.379352E-07
   3.73400   -0.375689E-07
   3.73600   -0.372568E-07
   3.73800   -0.369763E-07
   3.74000   -0.367017E-07
   3.74200   -0.364076E-07
   3.74400   -0.360720E-07
   3.74600   -0.356783E-07
   3.74800   -0.352174E-07
   3.75000   -0.346889E-07
   3.75200   -0.341006E-07
   3.75400   -0.334676E-07
   3.75600   -0.328109E-07
   3.75800   -0.321546E-07
   3.76000   -0.315240E-07
   3.76200   -0.309431E-07
   3.76400   -0.304325E-07
   3.76600   -0.300077E-07
   3.76800   -0.296782E-07
   3.77000   -0.294466E-07
   3.77200   -0.293084E-07
   3.77400   -0.292531E-07
   3.77600   -0.292646E-07
   3.77800   -0.293222E-07
   3.78000   -0.294028E-07
   3.78200   -0.294823E-07
   3.78400   -0.295370E-07
   3.78600   -0.295461E-07
   3.78800   -0.294927E-07
   3.79000   -0.293648E-07
   3.79200   -0.291569E-07
   3.79400   -0.288700E-07
   3.79600   -0.285116E-07
   3.79800   -0.280953E-07
   3.80000   -0.276399E-07
   3.80200   -0.271684E-07
   3.80400   -0.267068E-07
   3.80600   -0.262831E-07
   3.80800   -0.259268E-07
   3.81000   -0.256680E-07
   3.81200   -0.255379E-07
   3.81400   -0.255683E-07
   3.81600   -0.257916E-07
   3.81800   -0.262399E-07
   3.82000   -0.269436E-07
   3.82200   -0.279283E-07
   3.82400   -0.292112E-07
   3.82600   -0.307961E-07
   3.82800   -0.326683E-07
   3.83000   -0.347900E-07
   3.83200   -0.370970E-07
   3.83400   -0.394987E-07
   3.83600   -0.418806E-07
   3.83800   -0.441112E-07
   3.84000   -0.460518E-07
   3.84200   -0.475697E-07
   3.84400   -0.485515E-07
   3.84600   -0.489158E-07
   3.84800   -0.486229E-07
   3.85000   -0.476806E-07
   3.85200   -0.461436E-07
   3.85400   -0.441080E-07
   3.85600   -0.417012E-07
   3.85800   -0.390690E-07
   3.86000   -0.363603E-07
   3.86200   -0.337138E-07
   3.86400   -0.312468E-07
   3.86600   -0.290469E-07
   3.86800   -0.271682E-07
   3.87000   -0.256315E-07
   3.87200   -0.244270E-07
   3.87400   -0.235198E-07
   3.87600   -0.228569E-07
   3.87800   -0.223742E-07
   3.88000   -0.220032E-07
   3.88200   -0.216776E-07
   3.88400   -0.213374E-07
   3.88600   -0.209327E-07
   3.88800   -0.204256E-07
   3.89000   -0.197908E-07
   3.89200   -0.190154E-07
   3.89400   -0.180975E-07
   3.89600   -0.170443E-07
   3.89800   -0.158707E-07
   3.90000   -0.145966E-07
   3.90200   -0.132456E-07
   3.90400   -0.118431E-07
   3.90600   -0.104148E-07
   3.90800   -0.898611E-08
   3.91000   -0.758115E-08
   3.91200   -0.622249E-08
   3.91400   -0.493004E-08
   3.91600   -0.372161E-08
   3.91800   -0.261263E-08
   3.92000   -0.161592E-08
   3.92200   -0.742022E-09
   3.92400    0.839676E-12
   3.92600    0.606562E-09
   3.92800    0.107126E-08
   3.93000    0.139322E-08
   3.93200    0.157309E-08
   3.93400    0.161427E-08
   3.93600    0.152292E-08
   3.93800    0.130816E-08
   3.94000    0.981987E-09
   3.94200    0.558713E-09
   3.94400    0.542084E-10
   3.94600   -0.515318E-09
   3.94800   -0.113474E-08
   3.95000   -0.179144E-08
   3.95200   -0.247648E-08
   3.95400   -0.318540E-08
   3.95600   -0.391808E-08
   3.95800   -0.467785E-08
   3.96000   -0.546968E-08
   3.96200   -0.629779E-08
   3.96400   -0.716280E-08
   3.96600   -0.805921E-08
   3.96800   -0.897355E-08
   3.97000   -0.988364E-08
   3.97200   -0.107593E-07
   3.97400   -0.115642E-07
   3.97600   -0.122594E-07
   3.97800   -0.128071E-07
   3.98000   -0.131745E-07
   3.98200   -0.133375E-07
   3.98400   -0.132830E-07
   3.98600   -0.130101E-07
   3.98800   -0.125301E-07
   3.99000   -0.118652E-07
   3.99200   -0.110459E-07
   3.99400   -0.101086E-07
   3.99600   -0.909267E-08
   3.99800   -0.803756E-08
   4.00000   -0.698048E-08
