   0.00000    0.000000E+00
   0.00200    0.000000E+00
   0.00400    0.000000E+00
   0.00600    0.000000E+00
   0.00800    0.000000E+00
   0.01000    0.000000E+00
   0.01200    0.000000E+00
   0.01400    0.000000E+00
   0.01600    0.000000E+00
   0.01800    0.000000E+00
   0.02000    0.000000E+00
   0.02200    0.000000E+00
   0.02400    0.000000E+00
   0.02600    0.275936E-10
   0.02800    0.815087E-10
   0.03000    0.174819E-09
   0.03200    0.350026E-09
   0.03400    0.680798E-09
   0.03600    0.129050E-08
   0.03800    0.238632E-08
   0.04000    0.430625E-08
   0.04200    0.758431E-08
   0.04400    0.130368E-07
   0.04600    0.218703E-07
   0.04800    0.358059E-07
   0.05000    0.572088E-07
   0.05200    0.892060E-07
   0.05400    0.135752E-06
   0.05600    0.201615E-06
   0.05800    0.292227E-06
   0.06000    0.413370E-06
   0.06200    0.570657E-06
   0.06400    0.768823E-06
   0.06600    0.101086E-05
   0.06800    0.129705E-05
   0.07000    0.162414E-05
   0.07200    0.198461E-05
   0.07400    0.236645E-05
   0.07600    0.275341E-05
   0.07800    0.312583E-05
   0.08000    0.346215E-05
   0.08200    0.374080E-05
   0.08400    0.394238E-05
   0.08600    0.405171E-05
   0.08800    0.405966E-05
   0.09000    0.396415E-05
   0.09200    0.377049E-05
   0.09400    0.349073E-05
   0.09600    0.314232E-05
   0.09800    0.274618E-05
   0.10000    0.232452E-05
   0.10200    0.189867E-05
   0.10400    0.148735E-05
   0.10600    0.110539E-05
   0.10800    0.763083E-06
   0.11000    0.466198E-06
   0.11200    0.216437E-06
   0.11400    0.122655E-07
   0.11600   -0.150118E-06
   0.11800   -0.275806E-06
   0.12000   -0.370346E-06
   0.12200   -0.439118E-06
   0.12400   -0.486932E-06
   0.12600   -0.517858E-06
   0.12800   -0.535214E-06
   0.13000   -0.541667E-06
   0.13200   -0.539385E-06
   0.13400   -0.530188E-06
   0.13600   -0.515670E-06
   0.13800   -0.497272E-06
   0.14000   -0.476318E-06
   0.14200   -0.454004E-06
   0.14400   -0.431377E-06
   0.14600   -0.409310E-06
   0.14800   -0.388494E-06
   0.15000   -0.369388E-06
   0.15200   -0.352288E-06
   0.15400   -0.337345E-06
   0.15600   -0.324578E-06
   0.15800   -0.313914E-06
   0.16000   -0.305222E-06
   0.16200   -0.298333E-06
   0.16400   -0.293051E-06
   0.16600   -0.289162E-06
   0.16800   -0.286427E-06
   0.17000   -0.284586E-06
   0.17200   -0.283357E-06
   0.17400   -0.282446E-06
   0.17600   -0.281555E-06
   0.17800   -0.280405E-06
   0.18000   -0.278754E-06
   0.18200   -0.276418E-06
   0.18400   -0.273287E-06
   0.18600   -0.269332E-06
   0.18800   -0.264609E-06
   0.19000   -0.259240E-06
   0.19200   -0.253403E-06
   0.19400   -0.247301E-06
   0.19600   -0.241145E-06
   0.19800   -0.235127E-06
   0.20000   -0.229404E-06
   0.20200   -0.224090E-06
   0.20400   -0.219249E-06
   0.20600   -0.214908E-06
   0.20800   -0.211058E-06
   0.21000   -0.207675E-06
   0.21200   -0.204728E-06
   0.21400   -0.202187E-06
   0.21600   -0.200035E-06
   0.21800   -0.198261E-06
   0.22000   -0.196864E-06
   0.22200   -0.195839E-06
   0.22400   -0.195172E-06
   0.22600   -0.194833E-06
   0.22800   -0.194769E-06
   0.23000   -0.194903E-06
   0.23200   -0.195142E-06
   0.23400   -0.195375E-06
   0.23600   -0.195493E-06
   0.23800   -0.195389E-06
   0.24000   -0.194978E-06
   0.24200   -0.194195E-06
   0.24400   -0.193003E-06
   0.24600   -0.191396E-06
   0.24800   -0.189390E-06
   0.25000   -0.187026E-06
   0.25200   -0.184358E-06
   0.25400   -0.181454E-06
   0.25600   -0.178388E-06
   0.25800   -0.175239E-06
   0.26000   -0.172086E-06
   0.26200   -0.169013E-06
   0.26400   -0.166104E-06
   0.26600   -0.163441E-06
   0.26800   -0.161100E-06
   0.27000   -0.159151E-06
   0.27200   -0.157646E-06
   0.27400   -0.156615E-06
   0.27600   -0.156064E-06
   0.27800   -0.155963E-06
   0.28000   -0.156254E-06
   0.28200   -0.156845E-06
   0.28400   -0.157620E-06
   0.28600   -0.158446E-06
   0.28800   -0.159182E-06
   0.29000   -0.159695E-06
   0.29200   -0.159865E-06
   0.29400   -0.159599E-06
   0.29600   -0.158838E-06
   0.29800   -0.157562E-06
   0.30000   -0.155792E-06
   0.30200   -0.153586E-06
   0.30400   -0.151040E-06
   0.30600   -0.148277E-06
   0.30800   -0.145436E-06
   0.31000   -0.142667E-06
   0.31200   -0.140112E-06
   0.31400   -0.137896E-06
   0.31600   -0.136118E-06
   0.31800   -0.134842E-06
   0.32000   -0.134090E-06
   0.32200   -0.133841E-06
   0.32400   -0.134039E-06
   0.32600   -0.134592E-06
   0.32800   -0.135386E-06
   0.33000   -0.136292E-06
   0.33200   -0.137180E-06
   0.33400   -0.137928E-06
   0.33600   -0.138430E-06
   0.33800   -0.138603E-06
   0.34000   -0.138391E-06
   0.34200   -0.137770E-06
   0.34400   -0.136741E-06
   0.34600   -0.135338E-06
   0.34800   -0.133620E-06
   0.35000   -0.131666E-06
   0.35200   -0.129574E-06
   0.35400   -0.127453E-06
   0.35600   -0.125413E-06
   0.35800   -0.123558E-06
   0.36000   -0.121980E-06
   0.36200   -0.120748E-06
   0.36400   -0.119902E-06
   0.36600   -0.119454E-06
   0.36800   -0.119380E-06
   0.37000   -0.119630E-06
   0.37200   -0.120125E-06
   0.37400   -0.120773E-06
   0.37600   -0.121469E-06
   0.37800   -0.122109E-06
   0.38000   -0.122595E-06
   0.38200   -0.122845E-06
   0.38400   -0.122797E-06
   0.38600   -0.122414E-06
   0.38800   -0.121686E-06
   0.39000   -0.120631E-06
   0.39200   -0.119297E-06
   0.39400   -0.117752E-06
   0.39600   -0.116090E-06
   0.39800   -0.114411E-06
   0.40000   -0.112825E-06
   0.40200   -0.111432E-06
   0.40400   -0.110319E-06
   0.40600   -0.109546E-06
   0.40800   -0.109145E-06
   0.41000   -0.109111E-06
   0.41200   -0.109407E-06
   0.41400   -0.109966E-06
   0.41600   -0.110698E-06
   0.41800   -0.111504E-06
   0.42000   -0.112279E-06
   0.42200   -0.112929E-06
   0.42400   -0.113375E-06
   0.42600   -0.113562E-06
   0.42800   -0.113461E-06
   0.43000   -0.113067E-06
   0.43200   -0.112403E-06
   0.43400   -0.111511E-06
   0.43600   -0.110449E-06
   0.43800   -0.109287E-06
   0.44000   -0.108097E-06
   0.44200   -0.106949E-06
   0.44400   -0.105904E-06
   0.44600   -0.105012E-06
   0.44800   -0.104307E-06
   0.45000   -0.103806E-06
   0.45200   -0.103510E-06
   0.45400   -0.103405E-06
   0.45600   -0.103463E-06
   0.45800   -0.103651E-06
   0.46000   -0.103929E-06
   0.46200   -0.104254E-06
   0.46400   -0.104584E-06
   0.46600   -0.104875E-06
   0.46800   -0.105087E-06
   0.47000   -0.105183E-06
   0.47200   -0.105129E-06
   0.47400   -0.104900E-06
   0.47600   -0.104479E-06
   0.47800   -0.103862E-06
   0.48000   -0.103062E-06
   0.48200   -0.102109E-06
   0.48400   -0.101053E-06
   0.48600   -0.999538E-07
   0.48800   -0.988863E-07
   0.49000   -0.979260E-07
   0.49200   -0.971442E-07
   0.49400   -0.965990E-07
   0.49600   -0.963280E-07
   0.49800   -0.963432E-07
   0.50000   -0.966289E-07
   0.50200   -0.971421E-07
   0.50400   -0.978168E-07
   0.50600   -0.985704E-07
   0.50800   -0.993124E-07
   0.51000   -0.999535E-07
   0.51200   -0.100414E-06
   0.51400   -0.100634E-06
   0.51600   -0.100576E-06
   0.51800   -0.100228E-06
   0.52000   -0.996074E-07
   0.52200   -0.987554E-07
   0.52400   -0.977331E-07
   0.52600   -0.966152E-07
   0.52800   -0.954827E-07
   0.53000   -0.944155E-07
   0.53200   -0.934854E-07
   0.53400   -0.927502E-07
   0.53600   -0.922497E-07
   0.53800   -0.920030E-07
   0.54000   -0.920073E-07
   0.54200   -0.922398E-07
   0.54400   -0.926592E-07
   0.54600   -0.932096E-07
   0.54800   -0.938254E-07
   0.55000   -0.944359E-07
   0.55200   -0.949717E-07
   0.55400   -0.953702E-07
   0.55600   -0.955811E-07
   0.55800   -0.955712E-07
   0.56000   -0.953274E-07
   0.56200   -0.948599E-07
   0.56400   -0.942008E-07
   0.56600   -0.934027E-07
   0.56800   -0.925350E-07
   0.57000   -0.916769E-07
   0.57200   -0.909117E-07
   0.57400   -0.903207E-07
   0.57600   -0.899728E-07
   0.57800   -0.899218E-07
   0.58000   -0.902002E-07
   0.58200   -0.908180E-07
   0.58400   -0.917623E-07
   0.58600   -0.930007E-07
   0.58800   -0.944844E-07
   0.59000   -0.961550E-07
   0.59200   -0.979499E-07
   0.59400   -0.998081E-07
   0.59600   -0.101675E-06
   0.59800   -0.103505E-06
   0.60000   -0.105261E-06
   0.60200   -0.106913E-06
   0.60400   -0.108435E-06
   0.60600   -0.109800E-06
   0.60800   -0.110975E-06
   0.61000   -0.111919E-06
   0.61200   -0.112586E-06
   0.61400   -0.112928E-06
   0.61600   -0.112903E-06
   0.61800   -0.112487E-06
   0.62000   -0.111682E-06
   0.62200   -0.110525E-06
   0.62400   -0.109088E-06
   0.62600   -0.107477E-06
   0.62800   -0.105814E-06
   0.63000   -0.104226E-06
   0.63200   -0.102820E-06
   0.63400   -0.101666E-06
   0.63600   -0.100786E-06
   0.63800   -0.100144E-06
   0.64000   -0.996533E-07
   0.64200   -0.991934E-07
   0.64400   -0.986268E-07
   0.64600   -0.978245E-07
   0.64800   -0.966868E-07
   0.65000   -0.951594E-07
   0.65200   -0.932413E-07
   0.65400   -0.909831E-07
   0.65600   -0.884780E-07
   0.65800   -0.858467E-07
   0.66000   -0.832202E-07
   0.66200   -0.807222E-07
   0.66400   -0.784552E-07
   0.66600   -0.764910E-07
   0.66800   -0.748661E-07
   0.67000   -0.735822E-07
   0.67200   -0.726108E-07
   0.67400   -0.719004E-07
   0.67600   -0.713850E-07
   0.67800   -0.709933E-07
   0.68000   -0.706568E-07
   0.68200   -0.703172E-07
   0.68400   -0.699307E-07
   0.68600   -0.694723E-07
   0.68800   -0.689367E-07
   0.69000   -0.683364E-07
   0.69200   -0.677005E-07
   0.69400   -0.670690E-07
   0.69600   -0.664864E-07
   0.69800   -0.659997E-07
   0.70000   -0.656479E-07
   0.70200   -0.654602E-07
   0.70400   -0.654504E-07
   0.70600   -0.656162E-07
   0.70800   -0.659382E-07
   0.71000   -0.663830E-07
   0.71200   -0.669059E-07
   0.71400   -0.674562E-07
   0.71600   -0.679827E-07
   0.71800   -0.684384E-07
   0.72000   -0.687859E-07
   0.72200   -0.689997E-07
   0.72400   -0.690685E-07
   0.72600   -0.689951E-07
   0.72800   -0.687949E-07
   0.73000   -0.684931E-07
   0.73200   -0.681212E-07
   0.73400   -0.677139E-07
   0.73600   -0.673049E-07
   0.73800   -0.669245E-07
   0.74000   -0.665973E-07
   0.74200   -0.663410E-07
   0.74400   -0.661661E-07
   0.74600   -0.660754E-07
   0.74800   -0.660649E-07
   0.75000   -0.661243E-07
   0.75200   -0.662379E-07
   0.75400   -0.663850E-07
   0.75600   -0.665415E-07
   0.75800   -0.666806E-07
   0.76000   -0.667751E-07
   0.76200   -0.667990E-07
   0.76400   -0.667308E-07
   0.76600   -0.665552E-07
   0.76800   -0.662662E-07
   0.77000   -0.658684E-07
   0.77200   -0.653780E-07
   0.77400   -0.648220E-07
   0.77600   -0.642360E-07
   0.77800   -0.636614E-07
   0.78000   -0.631407E-07
   0.78200   -0.627132E-07
   0.78400   -0.624102E-07
   0.78600   -0.622511E-07
   0.78800   -0.622410E-07
   0.79000   -0.623692E-07
   0.79200   -0.626099E-07
   0.79400   -0.629245E-07
   0.79600   -0.632655E-07
   0.79800   -0.635815E-07
   0.80000   -0.638230E-07
   0.80200   -0.639481E-07
   0.80400   -0.639276E-07
   0.80600   -0.637486E-07
   0.80800   -0.634161E-07
   0.81000   -0.629530E-07
   0.81200   -0.623972E-07
   0.81400   -0.617976E-07
   0.81600   -0.612079E-07
   0.81800   -0.606804E-07
   0.82000   -0.602599E-07
   0.82200   -0.599788E-07
   0.82400   -0.598526E-07
   0.82600   -0.598791E-07
   0.82800   -0.600380E-07
   0.83000   -0.602936E-07
   0.83200   -0.605986E-07
   0.83400   -0.608992E-07
   0.83600   -0.611412E-07
   0.83800   -0.612753E-07
   0.84000   -0.612629E-07
   0.84200   -0.610800E-07
   0.84400   -0.607197E-07
   0.84600   -0.601934E-07
   0.84800   -0.595294E-07
   0.85000   -0.587697E-07
   0.85200   -0.579665E-07
   0.85400   -0.571759E-07
   0.85600   -0.564531E-07
   0.85800   -0.558465E-07
   0.86000   -0.553938E-07
   0.86200   -0.551180E-07
   0.86400   -0.550265E-07
   0.86600   -0.551103E-07
   0.86800   -0.553456E-07
   0.87000   -0.556962E-07
   0.87200   -0.561171E-07
   0.87400   -0.565586E-07
   0.87600   -0.569706E-07
   0.87800   -0.573069E-07
   0.88000   -0.575292E-07
   0.88200   -0.576100E-07
   0.88400   -0.575351E-07
   0.88600   -0.573036E-07
   0.88800   -0.569282E-07
   0.89000   -0.564330E-07
   0.89200   -0.558502E-07
   0.89400   -0.552170E-07
   0.89600   -0.545713E-07
   0.89800   -0.539476E-07
   0.90000   -0.533745E-07
   0.90200   -0.528718E-07
   0.90400   -0.524495E-07
   0.90600   -0.521086E-07
   0.90800   -0.518414E-07
   0.91000   -0.516343E-07
   0.91200   -0.514701E-07
   0.91400   -0.513308E-07
   0.91600   -0.512003E-07
   0.91800   -0.510662E-07
   0.92000   -0.509215E-07
   0.92200   -0.507648E-07
   0.92400   -0.506000E-07
   0.92600   -0.504352E-07
   0.92800   -0.502802E-07
   0.93000   -0.501451E-07
   0.93200   -0.500374E-07
   0.93400   -0.499604E-07
   0.93600   -0.499118E-07
   0.93800   -0.498833E-07
   0.94000   -0.498610E-07
   0.94200   -0.498270E-07
   0.94400   -0.497609E-07
   0.94600   -0.496431E-07
   0.94800   -0.494568E-07
   0.95000   -0.491908E-07
   0.95200   -0.488411E-07
   0.95400   -0.484124E-07
   0.95600   -0.479178E-07
   0.95800   -0.473780E-07
   0.96000   -0.468197E-07
   0.96200   -0.462726E-07
   0.96400   -0.457662E-07
   0.96600   -0.453271E-07
   0.96800   -0.449755E-07
   0.97000   -0.447233E-07
   0.97200   -0.445720E-07
   0.97400   -0.445131E-07
   0.97600   -0.445282E-07
   0.97800   -0.445907E-07
   0.98000   -0.446686E-07
   0.98200   -0.447271E-07
   0.98400   -0.447325E-07
   0.98600   -0.446553E-07
   0.98800   -0.444732E-07
   0.99000   -0.441741E-07
   0.99200   -0.437570E-07
   0.99400   -0.432335E-07
   0.99600   -0.426264E-07
   0.99800   -0.419680E-07
   1.00000   -0.412972E-07
   1.00200   -0.406550E-07
   1.00400   -0.400804E-07
   1.00600   -0.396053E-07
   1.00800   -0.392513E-07
   1.01000   -0.390260E-07
   1.01200   -0.389224E-07
   1.01400   -0.389190E-07
   1.01600   -0.389823E-07
   1.01800   -0.390705E-07
   1.02000   -0.391385E-07
   1.02200   -0.391432E-07
   1.02400   -0.390491E-07
   1.02600   -0.388322E-07
   1.02800   -0.384834E-07
   1.03000   -0.380094E-07
   1.03200   -0.374320E-07
   1.03400   -0.367853E-07
   1.03600   -0.361111E-07
   1.03800   -0.354541E-07
   1.04000   -0.348559E-07
   1.04200   -0.343500E-07
   1.04400   -0.339573E-07
   1.04600   -0.336843E-07
   1.04800   -0.335215E-07
   1.05000   -0.334456E-07
   1.05200   -0.334222E-07
   1.05400   -0.334104E-07
   1.05600   -0.333679E-07
   1.05800   -0.332566E-07
   1.06000   -0.330476E-07
   1.06200   -0.327250E-07
   1.06400   -0.322883E-07
   1.06600   -0.317523E-07
   1.06800   -0.311461E-07
   1.07000   -0.305090E-07
   1.07200   -0.298863E-07
   1.07400   -0.293227E-07
   1.07600   -0.288575E-07
   1.07800   -0.285188E-07
   1.08000   -0.283202E-07
   1.08200   -0.282589E-07
   1.08400   -0.283163E-07
   1.08600   -0.284598E-07
   1.08800   -0.286476E-07
   1.09000   -0.288337E-07
   1.09200   -0.289738E-07
   1.09400   -0.290305E-07
   1.09600   -0.289777E-07
   1.09800   -0.288035E-07
   1.10000   -0.285112E-07
   1.10200   -0.281175E-07
   1.10400   -0.276502E-07
   1.10600   -0.271437E-07
   1.10800   -0.266339E-07
   1.11000   -0.261531E-07
   1.11200   -0.257257E-07
   1.11400   -0.253652E-07
   1.11600   -0.250725E-07
   1.11800   -0.248362E-07
   1.12000   -0.246348E-07
   1.12200   -0.244399E-07
   1.12400   -0.242208E-07
   1.12600   -0.239490E-07
   1.12800   -0.236026E-07
   1.13000   -0.231698E-07
   1.13200   -0.226512E-07
   1.13400   -0.220604E-07
   1.13600   -0.214225E-07
   1.13800   -0.207715E-07
   1.14000   -0.201461E-07
   1.14200   -0.195847E-07
   1.14400   -0.191202E-07
   1.14600   -0.187754E-07
   1.14800   -0.185593E-07
   1.15000   -0.184655E-07
   1.15200   -0.184726E-07
   1.15400   -0.185457E-07
   1.15600   -0.186411E-07
   1.15800   -0.187114E-07
   1.16000   -0.187112E-07
   1.16200   -0.186032E-07
   1.16400   -0.183630E-07
   1.16600   -0.179820E-07
   1.16800   -0.174692E-07
   1.17000   -0.168495E-07
   1.17200   -0.161610E-07
   1.17400   -0.154500E-07
   1.17600   -0.147649E-07
   1.17800   -0.141503E-07
   1.18000   -0.136413E-07
   1.18200   -0.132592E-07
   1.18400   -0.130094E-07
   1.18600   -0.128810E-07
   1.18800   -0.128496E-07
   1.19000   -0.128806E-07
   1.19200   -0.129348E-07
   1.19400   -0.129739E-07
   1.19600   -0.129663E-07
   1.19800   -0.128908E-07
   1.20000   -0.127396E-07
   1.20200   -0.125184E-07
   1.20400   -0.122448E-07
   1.20600   -0.119448E-07
   1.20800   -0.116479E-07
   1.21000   -0.113817E-07
   1.21200   -0.111670E-07
   1.21400   -0.110141E-07
   1.21600   -0.109203E-07
   1.21800   -0.108708E-07
   1.22000   -0.108401E-07
   1.22200   -0.107968E-07
   1.22400   -0.107086E-07
   1.22600   -0.105478E-07
   1.22800   -0.102966E-07
   1.23000   -0.995024E-08
   1.23200   -0.951879E-08
   1.23400   -0.902617E-08
   1.23600   -0.850696E-08
   1.23800   -0.800131E-08
   1.24000   -0.754884E-08
   1.24200   -0.718230E-08
   1.24400   -0.692213E-08
   1.24600   -0.677274E-08
   1.24800   -0.672115E-08
   1.25000   -0.673818E-08
   1.25200   -0.678224E-08
   1.25400   -0.680498E-08
   1.25600   -0.675820E-08
   1.25800   -0.660076E-08
   1.26000   -0.630469E-08
   1.26200   -0.585940E-08
   1.26400   -0.527347E-08
   1.26600   -0.457368E-08
   1.26800   -0.380146E-08
   1.27000   -0.300723E-08
   1.27200   -0.224341E-08
   1.27400   -0.155740E-08
   1.27600   -0.985302E-09
   1.27800   -0.547494E-09
   1.28000   -0.246528E-09
   1.28200   -0.679258E-10
   1.28400    0.165835E-10
   1.28600    0.437718E-10
   1.28800    0.525235E-10
   1.29000    0.773621E-10
   1.29200    0.142916E-09
   1.29400    0.260256E-09
   1.29600    0.425632E-09
   1.29800    0.621810E-09
   1.30000    0.821745E-09
   1.30200    0.993972E-09
   1.30400    0.110876E-08
   1.30600    0.114398E-08
   1.30800    0.108967E-08
   1.31000    0.950642E-09
   1.31200    0.746453E-09
   1.31400    0.508904E-09
   1.31600    0.277394E-09
   1.31800    0.929189E-10
   1.32000   -0.821203E-11
   1.32200    0.292882E-13
   1.32400    0.129455E-09
   1.32600    0.376123E-09
   1.32800    0.721424E-09
   1.33000    0.113563E-08
   1.33200    0.158334E-08
   1.33400    0.202972E-08
   1.33600    0.244677E-08
   1.33800    0.281813E-08
   1.34000    0.314166E-08
   1.34200    0.342946E-08
   1.34400    0.370493E-08
   1.34600    0.399752E-08
   1.34800    0.433612E-08
   1.35000    0.474207E-08
   1.35200    0.522333E-08
   1.35400    0.577077E-08
   1.35600    0.635747E-08
   1.35800    0.694138E-08
   1.36000    0.747101E-08
   1.36200    0.789327E-08
   1.36400    0.816221E-08
   1.36600    0.824738E-08
   1.36800    0.813998E-08
   1.37000    0.785585E-08
   1.37200    0.743460E-08
   1.37400    0.693505E-08
   1.37600    0.642741E-08
   1.37800    0.598348E-08
   1.38000    0.566662E-08
   1.38200    0.552296E-08
   1.38400    0.557546E-08
   1.38600    0.582154E-08
   1.38800    0.623487E-08
   1.39000    0.677071E-08
   1.39200    0.737387E-08
   1.39400    0.798785E-08
   1.39600    0.856356E-08
   1.39800    0.906593E-08
   1.40000    0.947761E-08
   1.40200    0.979888E-08
   1.40400    0.100445E-07
   1.40600    0.102376E-07
   1.40800    0.104028E-07
   1.41000    0.105589E-07
   1.41200    0.107138E-07
   1.41400    0.108619E-07
   1.41600    0.109848E-07
   1.41800    0.110554E-07
   1.42000    0.110437E-07
   1.42200    0.109246E-07
   1.42400    0.106847E-07
   1.42600    0.103273E-07
   1.42800    0.987480E-08
   1.43000    0.936711E-08
   1.43200    0.885702E-08
   1.43400    0.840295E-08
   1.43600    0.806045E-08
   1.43800    0.787388E-08
   1.44000    0.786985E-08
   1.44200    0.805357E-08
   1.44400    0.840845E-08
   1.44600    0.889919E-08
   1.44800    0.947764E-08
   1.45000    0.100900E-07
   1.45200    0.106844E-07
   1.45400    0.112172E-07
   1.45600    0.116575E-07
   1.45800    0.119889E-07
   1.46000    0.122082E-07
   1.46200    0.123231E-07
   1.46400    0.123478E-07
   1.46600    0.122987E-07
   1.46800    0.121917E-07
   1.47000    0.120401E-07
   1.47200    0.118545E-07
   1.47400    0.116449E-07
   1.47600    0.114232E-07
   1.47800    0.112051E-07
   1.48000    0.110128E-07
   1.48200    0.108739E-07
   1.48400    0.108201E-07
   1.48600    0.108832E-07
   1.48800    0.110892E-07
   1.49000    0.114533E-07
   1.49200    0.119751E-07
   1.49400    0.126357E-07
   1.49600    0.133975E-07
   1.49800    0.142081E-07
   1.50000    0.150054E-07
   1.50200    0.157264E-07
   1.50400    0.163152E-07
   1.50600    0.167313E-07
   1.50800    0.169550E-07
   1.51000    0.169896E-07
   1.51200    0.168611E-07
   1.51400    0.166128E-07
   1.51600    0.162991E-07
   1.51800    0.159769E-07
   1.52000    0.156983E-07
   1.52200    0.155037E-07
   1.52400    0.154185E-07
   1.52600    0.154519E-07
   1.52800    0.155987E-07
   1.53000    0.158430E-07
   1.53200    0.161626E-07
   1.53400    0.165339E-07
   1.53600    0.169356E-07
   1.53800    0.173507E-07
   1.54000    0.177675E-07
   1.54200    0.181793E-07
   1.54400    0.185826E-07
   1.54600    0.189764E-07
   1.54800    0.193612E-07
   1.55000    0.197391E-07
   1.55200    0.201142E-07
   1.55400    0.204938E-07
   1.55600    0.208889E-07
   1.55800    0.213145E-07
   1.56000    0.217876E-07
   1.56200    0.223255E-07
   1.56400    0.229414E-07
   1.56600    0.236405E-07
   1.56800    0.244168E-07
   1.57000    0.252505E-07
   1.57200    0.261083E-07
   1.57400    0.269459E-07
   1.57600    0.277130E-07
   1.57800    0.283602E-07
   1.58000    0.288467E-07
   1.58200    0.291470E-07
   1.58400    0.292561E-07
   1.58600    0.291915E-07
   1.58800    0.289922E-07
   1.59000    0.287141E-07
   1.59200    0.284225E-07
   1.59400    0.281837E-07
   1.59600    0.280561E-07
   1.59800    0.280834E-07
   1.60000    0.282892E-07
   1.60200    0.286754E-07
   1.60400    0.292240E-07
   1.60600    0.299005E-07
   1.60800    0.306601E-07
   1.61000    0.314541E-07
   1.61200    0.322355E-07
   1.61400    0.329636E-07
   1.61600    0.336076E-07
   1.61800    0.341467E-07
   1.62000    0.345710E-07
   1.62200    0.348789E-07
   1.62400    0.350764E-07
   1.62600    0.351746E-07
   1.62800    0.351887E-07
   1.63000    0.351366E-07
   1.63200    0.350377E-07
   1.63400    0.349125E-07
   1.63600    0.347815E-07
   1.63800    0.346638E-07
   1.64000    0.345765E-07
   1.64200    0.345338E-07
   1.64400    0.345468E-07
   1.64600    0.346234E-07
   1.64800    0.347699E-07
   1.65000    0.349912E-07
   1.65200    0.352924E-07
   1.65400    0.356785E-07
   1.65600    0.361542E-07
   1.65800    0.367218E-07
   1.66000    0.373787E-07
   1.66200    0.381152E-07
   1.66400    0.389119E-07
   1.66600    0.397391E-07
   1.66800    0.405586E-07
   1.67000    0.413266E-07
   1.67200    0.419991E-07
   1.67400    0.425380E-07
   1.67600    0.429175E-07
   1.67800    0.431282E-07
   1.68000    0.431797E-07
   1.68200    0.430999E-07
   1.68400    0.429312E-07
   1.68600    0.427250E-07
   1.68800    0.425346E-07
   1.69000    0.424080E-07
   1.69200    0.423824E-07
   1.69400    0.424812E-07
   1.69600    0.427124E-07
   1.69800    0.430703E-07
   1.70000    0.435389E-07
   1.70200    0.440956E-07
   1.70400    0.447151E-07
   1.70600    0.453724E-07
   1.70800    0.460448E-07
   1.71000    0.467121E-07
   1.71200    0.473567E-07
   1.71400    0.479628E-07
   1.71600    0.485160E-07
   1.71800    0.490038E-07
   1.72000    0.494156E-07
   1.72200    0.497449E-07
   1.72400    0.499901E-07
   1.72600    0.501561E-07
   1.72800    0.502547E-07
   1.73000    0.503042E-07
   1.73200    0.503282E-07
   1.73400    0.503534E-07
   1.73600    0.504069E-07
   1.73800    0.505140E-07
   1.74000    0.506952E-07
   1.74200    0.509645E-07
   1.74400    0.513285E-07
   1.74600    0.517857E-07
   1.74800    0.523271E-07
   1.75000    0.529373E-07
   1.75200    0.535964E-07
   1.75400    0.542818E-07
   1.75600    0.549713E-07
   1.75800    0.556452E-07
   1.76000    0.562888E-07
   1.76200    0.568939E-07
   1.76400    0.574597E-07
   1.76600    0.579932E-07
   1.76800    0.585080E-07
   1.77000    0.590223E-07
   1.77200    0.595568E-07
   1.77400    0.601320E-07
   1.77600    0.607653E-07
   1.77800    0.614691E-07
   1.78000    0.622488E-07
   1.78200    0.631022E-07
   1.78400    0.640191E-07
   1.78600    0.649820E-07
   1.78800    0.659675E-07
   1.79000    0.669486E-07
   1.79200    0.678969E-07
   1.79400    0.687862E-07
   1.79600    0.695957E-07
   1.79800    0.703130E-07
   1.80000    0.709372E-07
   1.80200    0.714796E-07
   1.80400    0.719642E-07
   1.80600    0.724256E-07
   1.80800    0.729056E-07
   1.81000    0.734481E-07
   1.81200    0.740937E-07
   1.81400    0.748746E-07
   1.81600    0.758098E-07
   1.81800    0.769024E-07
   1.82000    0.781392E-07
   1.82200    0.794918E-07
   1.82400    0.809208E-07
   1.82600    0.823808E-07
   1.82800    0.838264E-07
   1.83000    0.852185E-07
   1.83200    0.865292E-07
   1.83400    0.877463E-07
   1.83600    0.888739E-07
   1.83800    0.899323E-07
   1.84000    0.909546E-07
   1.84200    0.919818E-07
   1.84400    0.930570E-07
   1.84600    0.942186E-07
   1.84800    0.954951E-07
   1.85000    0.969013E-07
   1.85200    0.984371E-07
   1.85400    0.100089E-06
   1.85600    0.101831E-06
   1.85800    0.103636E-06
   1.86000    0.105472E-06
   1.86200    0.107314E-06
   1.86400    0.109145E-06
   1.86600    0.110956E-06
   1.86800    0.112745E-06
   1.87000    0.114516E-06
   1.87200    0.116269E-06
   1.87400    0.118003E-06
   1.87600    0.119704E-06
   1.87800    0.121353E-06
   1.88000    0.122916E-06
   1.88200    0.124352E-06
   1.88400    0.125617E-06
   1.88600    0.126666E-06
   1.88800    0.127469E-06
   1.89000    0.128013E-06
   1.89200    0.128317E-06
   1.89400    0.128448E-06
   1.89600    0.128525E-06
   1.89800    0.128745E-06
   1.90000    0.129403E-06
   1.90200    0.130889E-06
   1.90400    0.133701E-06
   1.90600    0.138434E-06
   1.90800    0.145759E-06
   1.91000    0.156383E-06
   1.91200    0.170992E-06
   1.91400    0.190185E-06
   1.91600    0.214385E-06
   1.91800    0.243761E-06
   1.92000    0.278149E-06
   1.92200    0.316986E-06
   1.92400    0.359266E-06
   1.92600    0.403513E-06
   1.92800    0.447786E-06
   1.93000    0.489715E-06
   1.93200    0.526564E-06
   1.93400    0.555343E-06
   1.93600    0.572956E-06
   1.93800    0.576401E-06
   1.94000    0.563012E-06
   1.94200    0.530725E-06
   1.94400    0.478360E-06
   1.94600    0.405854E-06
   1.94800    0.314437E-06
   1.95000    0.206689E-06
   1.95200    0.864502E-07
   1.95400   -0.414016E-07
   1.95600   -0.171322E-06
   1.95800   -0.297553E-06
   1.96000   -0.414617E-06
   1.96200   -0.517771E-06
   1.96400   -0.603372E-06
   1.96600   -0.669105E-06
   1.96800   -0.714047E-06
   1.97000   -0.738587E-06
   1.97200   -0.744221E-06
   1.97400   -0.733272E-06
   1.97600   -0.708580E-06
   1.97800   -0.673212E-06
   1.98000   -0.630221E-06
   1.98200   -0.582461E-06
   1.98400   -0.532480E-06
   1.98600   -0.482455E-06
   1.98800   -0.434175E-06
   1.99000   -0.389042E-06
   1.99200   -0.348085E-06
   1.99400   -0.311974E-06
   1.99600   -0.281040E-06
   1.99800   -0.255294E-06
   2.00000   -0.234456E-06
   2.00200   -0.217996E-06
   2.00400   -0.205194E-06
   2.00600   -0.195203E-06
   2.00800   -0.187137E-06
   2.01000   -0.180146E-06
   2.01200   -0.173496E-06
   2.01400   -0.166630E-06
   2.01600   -0.159214E-06
   2.01800   -0.151134E-06
   2.02000   -0.142507E-06
   2.02200   -0.133628E-06
   2.02400   -0.124904E-06
   2.02600   -0.116794E-06
   2.02800   -0.109732E-06
   2.03000   -0.104066E-06
   2.03200   -0.100010E-06
   2.03400   -0.976274E-07
   2.03600   -0.968279E-07
   2.03800   -0.973945E-07
   2.04000   -0.990214E-07
   2.04200   -0.101362E-06
   2.04400   -0.104076E-06
   2.04600   -0.106862E-06
   2.04800   -0.109480E-06
   2.05000   -0.111762E-06
   2.05200   -0.113604E-06
   2.05400   -0.114954E-06
   2.05600   -0.115794E-06
   2.05800   -0.116119E-06
   2.06000   -0.115931E-06
   2.06200   -0.115223E-06
   2.06400   -0.113987E-06
   2.06600   -0.112211E-06
   2.06800   -0.109885E-06
   2.07000   -0.107009E-06
   2.07200   -0.103594E-06
   2.07400   -0.996662E-07
   2.07600   -0.952667E-07
   2.07800   -0.904495E-07
   2.08000   -0.852806E-07
   2.08200   -0.798349E-07
   2.08400   -0.741947E-07
   2.08600   -0.684484E-07
   2.08800   -0.626893E-07
   2.09000   -0.570143E-07
   2.09200   -0.515220E-07
   2.09400   -0.463110E-07
   2.09600   -0.414760E-07
   2.09800   -0.371048E-07
   2.10000   -0.332737E-07
   2.10200   -0.300421E-07
   2.10400   -0.274470E-07
   2.10600   -0.254975E-07
   2.10800   -0.241700E-07
   2.11000   -0.234060E-07
   2.11200   -0.231123E-07
   2.11400   -0.231634E-07
   2.11600   -0.234105E-07
   2.11800   -0.236917E-07
   2.12000   -0.238454E-07
   2.12200   -0.237247E-07
   2.12400   -0.232112E-07
   2.12600   -0.222256E-07
   2.12800   -0.207344E-07
   2.13000   -0.187526E-07
   2.13200   -0.163391E-07
   2.13400   -0.135909E-07
   2.13600   -0.106321E-07
   2.13800   -0.760162E-08
   2.14000   -0.463934E-08
   2.14200   -0.187411E-08
   2.14400    0.587221E-09
   2.14600    0.266824E-08
   2.14800    0.432767E-08
   2.15000    0.556106E-08
   2.15200    0.639844E-08
   2.15400    0.689917E-08
   2.15600    0.714453E-08
   2.15800    0.722934E-08
   2.16000    0.725306E-08
   2.16200    0.731217E-08
   2.16400    0.749377E-08
   2.16600    0.787069E-08
   2.16800    0.849867E-08
   2.17000    0.941397E-08
   2.17200    0.106326E-07
   2.17400    0.121498E-07
   2.17600    0.139407E-07
   2.17800    0.159622E-07
   2.18000    0.181563E-07
   2.18200    0.204546E-07
   2.18400    0.227843E-07
   2.18600    0.250758E-07
   2.18800    0.272695E-07
   2.19000    0.293227E-07
   2.19200    0.312149E-07
   2.19400    0.329491E-07
   2.19600    0.345531E-07
   2.19800    0.360756E-07
   2.20000    0.375806E-07
   2.20200    0.391426E-07
   2.20400    0.408410E-07
   2.20600    0.427535E-07
   2.20800    0.449525E-07
   2.21000    0.475035E-07
   2.21200    0.504639E-07
   2.21400    0.538841E-07
   2.21600    0.578076E-07
   2.21800    0.622712E-07
   2.22000    0.673044E-07
   2.22200    0.729259E-07
   2.22400    0.791394E-07
   2.22600    0.859258E-07
   2.22800    0.932336E-07
   2.23000    0.100967E-06
   2.23200    0.108971E-06
   2.23400    0.117018E-06
   2.23600    0.124795E-06
   2.23800    0.131897E-06
   2.24000    0.137827E-06
   2.24200    0.142014E-06
   2.24400    0.143841E-06
   2.24600    0.142696E-06
   2.24800    0.138031E-06
   2.25000    0.129433E-06
   2.25200    0.116691E-06
   2.25400    0.998541E-07
   2.25600    0.792618E-07
   2.25800    0.555443E-07
   2.26000    0.295874E-07
   2.26200    0.246324E-08
   2.26400   -0.246644E-07
   2.26600   -0.506477E-07
   2.26800   -0.744600E-07
   2.27000   -0.952841E-07
   2.27200   -0.112573E-06
   2.27400   -0.126073E-06
   2.27600   -0.135817E-06
   2.27800   -0.142081E-06
   2.28000   -0.145328E-06
   2.28200   -0.146128E-06
   2.28400   -0.145097E-06
   2.28600   -0.142827E-06
   2.28800   -0.139845E-06
   2.29000   -0.136583E-06
   2.29200   -0.133365E-06
   2.29400   -0.130409E-06
   2.29600   -0.127844E-06
   2.29800   -0.125725E-06
   2.30000   -0.124052E-06
   2.30200   -0.122792E-06
   2.30400   -0.121895E-06
   2.30600   -0.121300E-06
   2.30800   -0.120951E-06
   2.31000   -0.120792E-06
   2.31200   -0.120778E-06
   2.31400   -0.120869E-06
   2.31600   -0.121032E-06
   2.31800   -0.121243E-06
   2.32000   -0.121484E-06
   2.32200   -0.121743E-06
   2.32400   -0.122018E-06
   2.32600   -0.122314E-06
   2.32800   -0.122642E-06
   2.33000   -0.123022E-06
   2.33200   -0.123481E-06
   2.33400   -0.124048E-06
   2.33600   -0.124761E-06
   2.33800   -0.125658E-06
   2.34000   -0.126779E-06
   2.34200   -0.128164E-06
   2.34400   -0.129845E-06
   2.34600   -0.131850E-06
   2.34800   -0.134187E-06
   2.35000   -0.136849E-06
   2.35200   -0.139798E-06
   2.35400   -0.142971E-06
   2.35600   -0.146271E-06
   2.35800   -0.149571E-06
   2.36000   -0.152723E-06
   2.36200   -0.155566E-06
   2.36400   -0.157941E-06
   2.36600   -0.159710E-06
   2.36800   -0.160766E-06
   2.37000   -0.161051E-06
   2.37200   -0.160561E-06
   2.37400   -0.159348E-06
   2.37600   -0.157512E-06
   2.37800   -0.155191E-06
   2.38000   -0.152539E-06
   2.38200   -0.149715E-06
   2.38400   -0.146861E-06
   2.38600   -0.144088E-06
   2.38800   -0.141474E-06
   2.39000   -0.139055E-06
   2.39200   -0.136835E-06
   2.39400   -0.134796E-06
   2.39600   -0.132902E-06
   2.39800   -0.131115E-06
   2.40000   -0.129406E-06
   2.40200   -0.127757E-06
   2.40400   -0.126165E-06
   2.40600   -0.124643E-06
   2.40800   -0.123216E-06
   2.41000   -0.121912E-06
   2.41200   -0.120761E-06
   2.41400   -0.119788E-06
   2.41600   -0.119004E-06
   2.41800   -0.118412E-06
   2.42000   -0.118001E-06
   2.42200   -0.117751E-06
   2.42400   -0.117635E-06
   2.42600   -0.117621E-06
   2.42800   -0.117681E-06
   2.43000   -0.117791E-06
   2.43200   -0.117934E-06
   2.43400   -0.118100E-06
   2.43600   -0.118289E-06
   2.43800   -0.118505E-06
   2.44000   -0.118754E-06
   2.44200   -0.119040E-06
   2.44400   -0.119362E-06
   2.44600   -0.119710E-06
   2.44800   -0.120058E-06
   2.45000   -0.120370E-06
   2.45200   -0.120597E-06
   2.45400   -0.120684E-06
   2.45600   -0.120570E-06
   2.45800   -0.120200E-06
   2.46000   -0.119532E-06
   2.46200   -0.118539E-06
   2.46400   -0.117218E-06
   2.46600   -0.115589E-06
   2.46800   -0.113695E-06
   2.47000   -0.111596E-06
   2.47200   -0.109364E-06
   2.47400   -0.107074E-06
   2.47600   -0.104795E-06
   2.47800   -0.102587E-06
   2.48000   -0.100493E-06
   2.48200   -0.985397E-07
   2.48400   -0.967358E-07
   2.48600   -0.950771E-07
   2.48800   -0.935494E-07
   2.49000   -0.921327E-07
   2.49200   -0.908059E-07
   2.49400   -0.895502E-07
   2.49600   -0.883513E-07
   2.49800   -0.872009E-07
   2.50000   -0.860967E-07
   2.50200   -0.850413E-07
   2.50400   -0.840416E-07
   2.50600   -0.831066E-07
   2.50800   -0.822457E-07
   2.51000   -0.814672E-07
   2.51200   -0.807767E-07
   2.51400   -0.801756E-07
   2.51600   -0.796608E-07
   2.51800   -0.792235E-07
   2.52000   -0.788498E-07
   2.52200   -0.785211E-07
   2.52400   -0.782155E-07
   2.52600   -0.779092E-07
   2.52800   -0.775793E-07
   2.53000   -0.772055E-07
   2.53200   -0.767733E-07
   2.53400   -0.762755E-07
   2.53600   -0.757130E-07
   2.53800   -0.750959E-07
   2.54000   -0.744412E-07
   2.54200   -0.737711E-07
   2.54400   -0.731092E-07
   2.54600   -0.724776E-07
   2.54800   -0.718932E-07
   2.55000   -0.713656E-07
   2.55200   -0.708958E-07
   2.55400   -0.704765E-07
   2.55600   -0.700943E-07
   2.55800   -0.697319E-07
   2.56000   -0.693713E-07
   2.56200   -0.689972E-07
   2.56400   -0.685993E-07
   2.56600   -0.681745E-07
   2.56800   -0.677270E-07
   2.57000   -0.672686E-07
   2.57200   -0.668172E-07
   2.57400   -0.663949E-07
   2.57600   -0.660252E-07
   2.57800   -0.657296E-07
   2.58000   -0.655255E-07
   2.58200   -0.654226E-07
   2.58400   -0.654215E-07
   2.58600   -0.655126E-07
   2.58800   -0.656773E-07
   2.59000   -0.658897E-07
   2.59200   -0.661197E-07
   2.59400   -0.663375E-07
   2.59600   -0.665175E-07
   2.59800   -0.666412E-07
   2.60000   -0.666998E-07
   2.60200   -0.666938E-07
   2.60400   -0.666324E-07
   2.60600   -0.665301E-07
   2.60800   -0.664039E-07
   2.61000   -0.662693E-07
   2.61200   -0.661379E-07
   2.61400   -0.660156E-07
   2.61600   -0.659026E-07
   2.61800   -0.657946E-07
   2.62000   -0.656844E-07
   2.62200   -0.655647E-07
   2.62400   -0.654299E-07
   2.62600   -0.652777E-07
   2.62800   -0.651094E-07
   2.63000   -0.649296E-07
   2.63200   -0.647449E-07
   2.63400   -0.645621E-07
   2.63600   -0.643865E-07
   2.63800   -0.642207E-07
   2.64000   -0.640640E-07
   2.64200   -0.639121E-07
   2.64400   -0.637576E-07
   2.64600   -0.635918E-07
   2.64800   -0.634055E-07
   2.65000   -0.631908E-07
   2.65200   -0.629423E-07
   2.65400   -0.626580E-07
   2.65600   -0.623397E-07
   2.65800   -0.619930E-07
   2.66000   -0.616265E-07
   2.66200   -0.612508E-07
   2.66400   -0.608771E-07
   2.66600   -0.605160E-07
   2.66800   -0.601755E-07
   2.67000   -0.598601E-07
   2.67200   -0.595700E-07
   2.67400   -0.593010E-07
   2.67600   -0.590448E-07
   2.67800   -0.587896E-07
   2.68000   -0.585221E-07
   2.68200   -0.582286E-07
   2.68400   -0.578965E-07
   2.68600   -0.575156E-07
   2.68800   -0.570795E-07
   2.69000   -0.565851E-07
   2.69200   -0.560334E-07
   2.69400   -0.554289E-07
   2.69600   -0.547790E-07
   2.69800   -0.540931E-07
   2.70000   -0.533822E-07
   2.70200   -0.526572E-07
   2.70400   -0.519289E-07
   2.70600   -0.512064E-07
   2.70800   -0.504965E-07
   2.71000   -0.498034E-07
   2.71200   -0.491281E-07
   2.71400   -0.484686E-07
   2.71600   -0.478205E-07
   2.71800   -0.471775E-07
   2.72000   -0.465330E-07
   2.72200   -0.458810E-07
   2.72400   -0.452172E-07
   2.72600   -0.445395E-07
   2.72800   -0.438492E-07
   2.73000   -0.431501E-07
   2.73200   -0.424484E-07
   2.73400   -0.417519E-07
   2.73600   -0.410685E-07
   2.73800   -0.404054E-07
   2.74000   -0.397676E-07
   2.74200   -0.391569E-07
   2.74400   -0.385719E-07
   2.74600   -0.380074E-07
   2.74800   -0.374548E-07
   2.75000   -0.369038E-07
   2.75200   -0.363427E-07
   2.75400   -0.357606E-07
   2.75600   -0.351486E-07
   2.75800   -0.345009E-07
   2.76000   -0.338152E-07
   2.76200   -0.330938E-07
   2.76400   -0.323426E-07
   2.76600   -0.315708E-07
   2.76800   -0.307900E-07
   2.77000   -0.300134E-07
   2.77200   -0.292545E-07
   2.77400   -0.285264E-07
   2.77600   -0.278407E-07
   2.77800   -0.272072E-07
   2.78000   -0.266330E-07
   2.78200   -0.261226E-07
   2.78400   -0.256776E-07
   2.78600   -0.252969E-07
   2.78800   -0.249765E-07
   2.79000   -0.247133E-07
   2.79200   -0.245036E-07
   2.79400   -0.243456E-07
   2.79600   -0.242413E-07
   2.79800   -0.241981E-07
   2.80000   -0.242294E-07
   2.80200   -0.243554E-07
   2.80400   -0.246012E-07
   2.80600   -0.249947E-07
   2.80800   -0.255612E-07
   2.81000   -0.263170E-07
   2.81200   -0.272599E-07
   2.81400   -0.283589E-07
   2.81600   -0.295428E-07
   2.81800   -0.306902E-07
   2.82000   -0.316219E-07
   2.82200   -0.320987E-07
   2.82400   -0.318275E-07
   2.82600   -0.304759E-07
   2.82800   -0.276979E-07
   2.83000   -0.231690E-07
   2.83200   -0.166278E-07
   2.83400   -0.791936E-08
   2.83600    0.296569E-08
   2.83800    0.158641E-07
   2.84000    0.304300E-07
   2.84200    0.461477E-07
   2.84400    0.623658E-07
   2.84600    0.783524E-07
   2.84800    0.933620E-07
   2.85000    0.106708E-06
   2.85200    0.117825E-06
   2.85400    0.126323E-06
   2.85600    0.132011E-06
   2.85800    0.134900E-06
   2.86000    0.135186E-06
   2.86200    0.133206E-06
   2.86400    0.129392E-06
   2.86600    0.124217E-06
   2.86800    0.118147E-06
   2.87000    0.111603E-06
   2.87200    0.104936E-06
   2.87400    0.984156E-07
   2.87600    0.922285E-07
   2.87800    0.864892E-07
   2.88000    0.812529E-07
   2.88200    0.765314E-07
   2.88400    0.723081E-07
   2.88600    0.685510E-07
   2.88800    0.652220E-07
   2.89000    0.622826E-07
   2.89200    0.596976E-07
   2.89400    0.574359E-07
   2.89600    0.554706E-07
   2.89800    0.537780E-07
   2.90000    0.523381E-07
   2.90200    0.511341E-07
   2.90400    0.501539E-07
   2.90600    0.493908E-07
   2.90800    0.488457E-07
   2.91000    0.485269E-07
   2.91200    0.484532E-07
   2.91400    0.486476E-07
   2.91600    0.491363E-07
   2.91800    0.499419E-07
   2.92000    0.510762E-07
   2.92200    0.525312E-07
   2.92400    0.542716E-07
   2.92600    0.562290E-07
   2.92800    0.582999E-07
   2.93000    0.603492E-07
   2.93200    0.622172E-07
   2.93400    0.637328E-07
   2.93600    0.647317E-07
   2.93800    0.650731E-07
   2.94000    0.646569E-07
   2.94200    0.634370E-07
   2.94400    0.614286E-07
   2.94600    0.587082E-07
   2.94800    0.554072E-07
   2.95000    0.516993E-07
   2.95200    0.477841E-07
   2.95400    0.438696E-07
   2.95600    0.401555E-07
   2.95800    0.368193E-07
   2.96000    0.340074E-07
   2.96200    0.318291E-07
   2.96400    0.303557E-07
   2.96600    0.296215E-07
   2.96800    0.296263E-07
   2.97000    0.303383E-07
   2.97200    0.316957E-07
   2.97400    0.336083E-07
   2.97600    0.359576E-07
   2.97800    0.385982E-07
   2.98000    0.413605E-07
   2.98200    0.440560E-07
   2.98400    0.464865E-07
   2.98600    0.484563E-07
   2.98800    0.497873E-07
   2.99000    0.503348E-07
   2.99200    0.500014E-07
   2.99400    0.487482E-07
   2.99600    0.465997E-07
   2.99800    0.436419E-07
   3.00000    0.400146E-07
   3.00200    0.358973E-07
   3.00400    0.314932E-07
   3.00600    0.270102E-07
   3.00800    0.226442E-07
   3.01000    0.185662E-07
   3.01200    0.149115E-07
   3.01400    0.117752E-07
   3.01600    0.921080E-08
   3.01800    0.723176E-08
   3.02000    0.581630E-08
   3.02200    0.491303E-08
   3.02400    0.444757E-08
   3.02600    0.432960E-08
   3.02800    0.445994E-08
   3.03000    0.473750E-08
   3.03200    0.506589E-08
   3.03400    0.535922E-08
   3.03600    0.554715E-08
   3.03800    0.557851E-08
   3.04000    0.542332E-08
   3.04200    0.507346E-08
   3.04400    0.454151E-08
   3.04600    0.385839E-08
   3.04800    0.306975E-08
   3.05000    0.223178E-08
   3.05200    0.140581E-08
   3.05400    0.654620E-09
   3.05600    0.368317E-10
   3.05800   -0.398612E-09
   3.06000   -0.615122E-09
   3.06200   -0.592276E-09
   3.06400   -0.328060E-09
   3.06600    0.160405E-09
   3.06800    0.837615E-09
   3.07000    0.165223E-08
   3.07200    0.254118E-08
   3.07400    0.343505E-08
   3.07600    0.426424E-08
   3.07800    0.496518E-08
   3.08000    0.548576E-08
   3.08200    0.578961E-08
   3.08400    0.585830E-08
   3.08600    0.569165E-08
   3.08800    0.530601E-08
   3.09000    0.473102E-08
   3.09200    0.400524E-08
   3.09400    0.317155E-08
   3.09600    0.227264E-08
   3.09800    0.134738E-08
   3.10000    0.428233E-09
   3.10200   -0.460271E-09
   3.10400   -0.130133E-08
   3.10600   -0.208497E-08
   3.10800   -0.280836E-08
   3.11000   -0.347217E-08
   3.11200   -0.408008E-08
   3.11400   -0.463769E-08
   3.11600   -0.515186E-08
   3.11800   -0.563105E-08
   3.12000   -0.608588E-08
   3.12200   -0.653019E-08
   3.12400   -0.698199E-08
   3.12600   -0.746364E-08
   3.12800   -0.800112E-08
   3.13000   -0.862171E-08
   3.13200   -0.935011E-08
   3.13400   -0.102029E-07
   3.13600   -0.111821E-07
   3.13800   -0.122686E-07
   3.14000   -0.134168E-07
   3.14200   -0.145515E-07
   3.14400   -0.155683E-07
   3.14600   -0.163385E-07
   3.14800   -0.167187E-07
   3.15000   -0.165633E-07
   3.15200   -0.157406E-07
   3.15400   -0.141484E-07
   3.15600   -0.117280E-07
   3.15800   -0.847344E-08
   3.16000   -0.443492E-08
   3.16200    0.284292E-09
   3.16400    0.553763E-08
   3.16600    0.111497E-07
   3.16800    0.169337E-07
   3.17000    0.227082E-07
   3.17200    0.283127E-07
   3.17400    0.336178E-07
   3.17600    0.385314E-07
   3.17800    0.429993E-07
   3.18000    0.470015E-07
   3.18200    0.505460E-07
   3.18400    0.536607E-07
   3.18600    0.563858E-07
   3.18800    0.587665E-07
   3.19000    0.608471E-07
   3.19200    0.626676E-07
   3.19400    0.642609E-07
   3.19600    0.656522E-07
   3.19800    0.668590E-07
   3.20000    0.678927E-07
   3.20200    0.687599E-07
   3.20400    0.694649E-07
   3.20600    0.700120E-07
   3.20800    0.704077E-07
   3.21000    0.706628E-07
   3.21200    0.707937E-07
   3.21400    0.708227E-07
   3.21600    0.707781E-07
   3.21800    0.706926E-07
   3.22000    0.706020E-07
   3.22200    0.705425E-07
   3.22400    0.705479E-07
   3.22600    0.706472E-07
   3.22800    0.708616E-07
   3.23000    0.712061E-07
   3.23200    0.716849E-07
   3.23400    0.722954E-07
   3.23600    0.730290E-07
   3.23800    0.738767E-07
   3.24000    0.748319E-07
   3.24200    0.758974E-07
   3.24400    0.770908E-07
   3.24600    0.784495E-07
   3.24800    0.800346E-07
   3.25000    0.819324E-07
   3.25200    0.842529E-07
   3.25400    0.871244E-07
   3.25600    0.906852E-07
   3.25800    0.950707E-07
   3.26000    0.100398E-06
   3.26200    0.106747E-06
   3.26400    0.114140E-06
   3.26600    0.122525E-06
   3.26800    0.131748E-06
   3.27000    0.141548E-06
   3.27200    0.151543E-06
   3.27400    0.161229E-06
   3.27600    0.170001E-06
   3.27800    0.177178E-06
   3.28000    0.182049E-06
   3.28200    0.183933E-06
   3.28400    0.182244E-06
   3.28600    0.176564E-06
   3.28800    0.166699E-06
   3.29000    0.152724E-06
   3.29200    0.135000E-06
   3.29400    0.114157E-06
   3.29600    0.910527E-07
   3.29800    0.666968E-07
   3.30000    0.421646E-07
   3.30200    0.185013E-07
   3.30400   -0.336548E-08
   3.30600   -0.226952E-07
   3.30800   -0.389786E-07
   3.31000   -0.519532E-07
   3.31200   -0.615918E-07
   3.31400   -0.680678E-07
   3.31600   -0.717073E-07
   3.31800   -0.729347E-07
   3.32000   -0.722189E-07
   3.32200   -0.700287E-07
   3.32400   -0.667977E-07
   3.32600   -0.629019E-07
   3.32800   -0.586493E-07
   3.33000   -0.542780E-07
   3.33200   -0.499620E-07
   3.33400   -0.458203E-07
   3.33600   -0.419277E-07
   3.33800   -0.383254E-07
   3.34000   -0.350306E-07
   3.34200   -0.320442E-07
   3.34400   -0.293560E-07
   3.34600   -0.269481E-07
   3.34800   -0.247987E-07
   3.35000   -0.228821E-07
   3.35200   -0.211717E-07
   3.35400   -0.196390E-07
   3.35600   -0.182560E-07
   3.35800   -0.169955E-07
   3.36000   -0.158332E-07
   3.36200   -0.147470E-07
   3.36400   -0.137193E-07
   3.36600   -0.127368E-07
   3.36800   -0.117905E-07
   3.37000   -0.108757E-07
   3.37200   -0.999107E-08
   3.37400   -0.913833E-08
   3.37600   -0.832094E-08
   3.37800   -0.754348E-08
   3.38000   -0.681110E-08
   3.38200   -0.612914E-08
   3.38400   -0.550289E-08
   3.38600   -0.493734E-08
   3.38800   -0.443716E-08
   3.39000   -0.400629E-08
   3.39200   -0.364760E-08
   3.39400   -0.336226E-08
   3.39600   -0.314923E-08
   3.39800   -0.300481E-08
   3.40000   -0.292225E-08
   3.40200   -0.289184E-08
   3.40400   -0.290126E-08
   3.40600   -0.293649E-08
   3.40800   -0.298297E-08
   3.41000   -0.302711E-08
   3.41200   -0.305791E-08
   3.41400   -0.306836E-08
   3.41600   -0.305653E-08
   3.41800   -0.302596E-08
   3.42000   -0.298531E-08
   3.42200   -0.294717E-08
   3.42400   -0.292614E-08
   3.42600   -0.293641E-08
   3.42800   -0.298932E-08
   3.43000   -0.309119E-08
   3.43200   -0.324204E-08
   3.43400   -0.343538E-08
   3.43600   -0.365935E-08
   3.43800   -0.389880E-08
   3.44000   -0.413821E-08
   3.44200   -0.436487E-08
   3.44400   -0.457150E-08
   3.44600   -0.475791E-08
   3.44800   -0.493140E-08
   3.45000   -0.510554E-08
   3.45200   -0.529759E-08
   3.45400   -0.552516E-08
   3.45600   -0.580267E-08
   3.45800   -0.613814E-08
   3.46000   -0.653110E-08
   3.46200   -0.697206E-08
   3.46400   -0.744339E-08
   3.46600   -0.792183E-08
   3.46800   -0.838153E-08
   3.47000   -0.879766E-08
   3.47200   -0.914937E-08
   3.47400   -0.942200E-08
   3.47600   -0.960776E-08
   3.47800   -0.970519E-08
   3.48000   -0.971734E-08
   3.48200   -0.964920E-08
   3.48400   -0.950491E-08
   3.48600   -0.928496E-08
   3.48800   -0.898423E-08
   3.49000   -0.859056E-08
   3.49200   -0.808442E-08
   3.49400   -0.743917E-08
   3.49600   -0.662239E-08
   3.49800   -0.559723E-08
   3.50000   -0.432446E-08
   3.50200   -0.276524E-08
   3.50400   -0.883376E-09
   3.50600    0.135149E-08
   3.50800    0.396100E-08
   3.51000    0.695543E-08
   3.51200    0.103315E-07
   3.51400    0.140713E-07
   3.51600    0.181422E-07
   3.51800    0.224987E-07
   3.52000    0.270852E-07
   3.52200    0.318399E-07
   3.52400    0.366992E-07
   3.52600    0.416026E-07
   3.52800    0.464956E-07
   3.53000    0.513334E-07
   3.53200    0.560820E-07
   3.53400    0.607197E-07
   3.53600    0.652352E-07
   3.53800    0.696303E-07
   3.54000    0.739084E-07
   3.54200    0.780938E-07
   3.54400    0.822138E-07
   3.54600    0.863066E-07
   3.54800    0.904211E-07
   3.55000    0.946171E-07
   3.55200    0.989660E-07
   3.55400    0.103549E-06
   3.55600    0.108457E-06
   3.55800    0.113780E-06
   3.56000    0.119602E-06
   3.56200    0.125987E-06
   3.56400    0.132957E-06
   3.56600    0.140466E-06
   3.56800    0.148375E-06
   3.57000    0.156418E-06
   3.57200    0.164179E-06
   3.57400    0.171073E-06
   3.57600    0.176352E-06
   3.57800    0.179125E-06
   3.58000    0.178417E-06
   3.58200    0.173251E-06
   3.58400    0.162753E-06
   3.58600    0.146281E-06
   3.58800    0.123535E-06
   3.59000    0.946601E-07
   3.59200    0.602982E-07
   3.59400    0.215869E-07
   3.59600   -0.199055E-07
   3.59800   -0.623063E-07
   3.60000   -0.103609E-06
   3.60200   -0.141870E-06
   3.60400   -0.175392E-06
   3.60600   -0.202887E-06
   3.60800   -0.223572E-06
   3.61000   -0.237208E-06
   3.61200   -0.244067E-06
   3.61400   -0.244842E-06
   3.61600   -0.240530E-06
   3.61800   -0.232282E-06
   3.62000   -0.221279E-06
   3.62200   -0.208616E-06
   3.62400   -0.195229E-06
   3.62600   -0.181851E-06
   3.62800   -0.169009E-06
   3.63000   -0.157038E-06
   3.63200   -0.146119E-06
   3.63400   -0.136311E-06
   3.63600   -0.127595E-06
   3.63800   -0.119902E-06
   3.64000   -0.113140E-06
   3.64200   -0.107204E-06
   3.64400   -0.101988E-06
   3.64600   -0.973878E-07
   3.64800   -0.933054E-07
   3.65000   -0.896472E-07
   3.65200   -0.863290E-07
   3.65400   -0.832768E-07
   3.65600   -0.804313E-07
   3.65800   -0.777478E-07
   3.66000   -0.752001E-07
   3.66200   -0.727715E-07
   3.66400   -0.704697E-07
   3.66600   -0.683018E-07
   3.66800   -0.662811E-07
   3.67000   -0.644195E-07
   3.67200   -0.627235E-07
   3.67400   -0.611910E-07
   3.67600   -0.598102E-07
   3.67800   -0.585605E-07
   3.68000   -0.574149E-07
   3.68200   -0.563434E-07
   3.68400   -0.553168E-07
   3.68600   -0.543103E-07
   3.68800   -0.533062E-07
   3.69000   -0.522954E-07
   3.69200   -0.512774E-07
   3.69400   -0.502588E-07
   3.69600   -0.492507E-07
   3.69800   -0.482662E-07
   3.70000   -0.473171E-07
   3.70200   -0.464113E-07
   3.70400   -0.455515E-07
   3.70600   -0.447344E-07
   3.70800   -0.439519E-07
   3.71000   -0.431924E-07
   3.71200   -0.424438E-07
   3.71400   -0.416950E-07
   3.71600   -0.409391E-07
   3.71800   -0.401745E-07
   3.72000   -0.394056E-07
   3.72200   -0.386423E-07
   3.72400   -0.378984E-07
   3.72600   -0.371898E-07
   3.72800   -0.365318E-07
   3.73000   -0.359367E-07
   3.73200   -0.354115E-07
   3.73400   -0.349568E-07
   3.73600   -0.345663E-07
   3.73800   -0.342273E-07
   3.74000   -0.339220E-07
   3.74200   -0.336294E-07
   3.74400   -0.333280E-07
   3.74600   -0.329978E-07
   3.74800   -0.326229E-07
   3.75000   -0.321932E-07
   3.75200   -0.317052E-07
   3.75400   -0.311629E-07
   3.75600   -0.305767E-07
   3.75800   -0.299629E-07
   3.76000   -0.293416E-07
   3.76200   -0.287350E-07
   3.76400   -0.281647E-07
   3.76600   -0.276498E-07
   3.76800   -0.272049E-07
   3.77000   -0.268386E-07
   3.77200   -0.265526E-07
   3.77400   -0.263414E-07
   3.77600   -0.261933E-07
   3.77800   -0.260908E-07
   3.78000   -0.260129E-07
   3.78200   -0.259366E-07
   3.78400   -0.258390E-07
   3.78600   -0.256997E-07
   3.78800   -0.255020E-07
   3.79000   -0.252348E-07
   3.79200   -0.248932E-07
   3.79400   -0.244788E-07
   3.79600   -0.239995E-07
   3.79800   -0.234689E-07
   3.80000   -0.229044E-07
   3.80200   -0.223259E-07
   3.80400   -0.217538E-07
   3.80600   -0.212068E-07
   3.80800   -0.207001E-07
   3.81000   -0.202441E-07
   3.81200   -0.198433E-07
   3.81400   -0.194957E-07
   3.81600   -0.191936E-07
   3.81800   -0.189239E-07
   3.82000   -0.186695E-07
   3.82200   -0.184110E-07
   3.82400   -0.181287E-07
   3.82600   -0.178038E-07
   3.82800   -0.174207E-07
   3.83000   -0.169682E-07
   3.83200   -0.164402E-07
   3.83400   -0.158370E-07
   3.83600   -0.151646E-07
   3.83800   -0.144350E-07
   3.84000   -0.136648E-07
   3.84200   -0.128738E-07
   3.84400   -0.120839E-07
   3.84600   -0.113166E-07
   3.84800   -0.105916E-07
   3.85000   -0.992516E-08
   3.85200   -0.932909E-08
   3.85400   -0.881002E-08
   3.85600   -0.836939E-08
   3.85800   -0.800393E-08
   3.86000   -0.770640E-08
   3.86200   -0.746668E-08
   3.86400   -0.727281E-08
   3.86600   -0.711191E-08
   3.86800   -0.697081E-08
   3.87000   -0.683661E-08
   3.87200   -0.669681E-08
   3.87400   -0.653947E-08
   3.87600   -0.635323E-08
   3.87800   -0.612752E-08
   3.88000   -0.585287E-08
   3.88200   -0.552136E-08
   3.88400   -0.512725E-08
   3.88600   -0.466762E-08
   3.88800   -0.414295E-08
   3.89000   -0.355754E-08
   3.89200   -0.291971E-08
   3.89400   -0.224161E-08
   3.89600   -0.153877E-08
   3.89800   -0.829332E-09
   3.90000   -0.132936E-09
   3.90200    0.530401E-09
   3.90400    0.114162E-08
   3.90600    0.168371E-08
   3.90800    0.214289E-08
   3.91000    0.250923E-08
   3.91200    0.277691E-08
   3.91400    0.294458E-08
   3.91600    0.301474E-08
   3.91800    0.299333E-08
   3.92000    0.288891E-08
   3.92200    0.271190E-08
   3.92400    0.247368E-08
   3.92600    0.218604E-08
   3.92800    0.186059E-08
   3.93000    0.150846E-08
   3.93200    0.114019E-08
   3.93400    0.765688E-09
   3.93600    0.394215E-09
   3.93800    0.344183E-10
   3.94000   -0.305761E-09
   3.94200   -0.619287E-09
   3.94400   -0.900353E-09
   3.94600   -0.114478E-08
   3.94800   -0.135043E-08
   3.95000   -0.151756E-08
   3.95200   -0.164898E-08
   3.95400   -0.174997E-08
   3.95600   -0.182790E-08
   3.95800   -0.189156E-08
   3.96000   -0.195019E-08
   3.96200   -0.201248E-08
   3.96400   -0.208544E-08
   3.96600   -0.217355E-08
   3.96800   -0.227815E-08
   3.97000   -0.239721E-08
   3.97200   -0.252560E-08
   3.97400   -0.265567E-08
   3.97600   -0.277821E-08
   3.97800   -0.288347E-08
   3.98000   -0.296227E-08
   3.98200   -0.300695E-08
   3.98400   -0.301206E-08
   3.98600   -0.297473E-08
   3.98800   -0.289479E-08
   3.99000   -0.277459E-08
   3.99200   -0.261860E-08
   3.99400   -0.243294E-08
   3.99600   -0.222478E-08
   3.99800   -0.200188E-08
   4.00000   -0.177199E-08
