   0.00000    0.000000E+00
   0.00200    0.000000E+00
   0.00400    0.000000E+00
   0.00600    0.000000E+00
   0.00800    0.000000E+00
   0.01000    0.000000E+00
   0.01200    0.000000E+00
   0.01400    0.000000E+00
   0.01600    0.000000E+00
   0.01800    0.000000E+00
   0.02000    0.000000E+00
   0.02200    0.000000E+00
   0.02400    0.000000E+00
   0.02600    0.566552E-10
   0.02800    0.167701E-09
   0.03000    0.360420E-09
   0.03200    0.721480E-09
   0.03400    0.140314E-08
   0.03600    0.265972E-08
   0.03800    0.491830E-08
   0.04000    0.887563E-08
   0.04200    0.156326E-07
   0.04400    0.268723E-07
   0.04600    0.450821E-07
   0.04800    0.738106E-07
   0.05000    0.117935E-06
   0.05200    0.183901E-06
   0.05400    0.279861E-06
   0.05600    0.415643E-06
   0.05800    0.602442E-06
   0.06000    0.852174E-06
   0.06200    0.117640E-05
   0.06400    0.158485E-05
   0.06600    0.208369E-05
   0.06800    0.267349E-05
   0.07000    0.334750E-05
   0.07200    0.409025E-05
   0.07400    0.487700E-05
   0.07600    0.567436E-05
   0.07800    0.644205E-05
   0.08000    0.713592E-05
   0.08200    0.771201E-05
   0.08400    0.813093E-05
   0.08600    0.836225E-05
   0.08800    0.838802E-05
   0.09000    0.820496E-05
   0.09200    0.782490E-05
   0.09400    0.727343E-05
   0.09600    0.658693E-05
   0.09800    0.580846E-05
   0.10000    0.498314E-05
   0.10200    0.415374E-05
   0.10400    0.335697E-05
   0.10600    0.262103E-05
   0.10800    0.196450E-05
   0.11000    0.139654E-05
   0.11200    0.918167E-06
   0.11400    0.524255E-06
   0.11600    0.205767E-06
   0.11800   -0.480712E-07
   0.12000   -0.248005E-06
   0.12200   -0.403545E-06
   0.12400   -0.522355E-06
   0.12600   -0.610178E-06
   0.12800   -0.671162E-06
   0.13000   -0.708395E-06
   0.13200   -0.724489E-06
   0.13400   -0.722065E-06
   0.13600   -0.704058E-06
   0.13800   -0.673801E-06
   0.14000   -0.634913E-06
   0.14200   -0.591066E-06
   0.14400   -0.545679E-06
   0.14600   -0.501651E-06
   0.14800   -0.461192E-06
   0.15000   -0.425648E-06
   0.15200   -0.395665E-06
   0.15400   -0.371306E-06
   0.15600   -0.352229E-06
   0.15800   -0.337901E-06
   0.16000   -0.327786E-06
   0.16200   -0.321464E-06
   0.16400   -0.318656E-06
   0.16600   -0.319182E-06
   0.16800   -0.322855E-06
   0.17000   -0.329365E-06
   0.17200   -0.338169E-06
   0.17400   -0.348437E-06
   0.17600   -0.359068E-06
   0.17800   -0.368774E-06
   0.18000   -0.376233E-06
   0.18200   -0.380269E-06
   0.18400   -0.380020E-06
   0.18600   -0.375092E-06
   0.18800   -0.365615E-06
   0.19000   -0.352224E-06
   0.19200   -0.335965E-06
   0.19400   -0.318130E-06
   0.19600   -0.300066E-06
   0.19800   -0.282982E-06
   0.20000   -0.267786E-06
   0.20200   -0.255004E-06
   0.20400   -0.244755E-06
   0.20600   -0.236815E-06
   0.20800   -0.230730E-06
   0.21000   -0.225961E-06
   0.21200   -0.222038E-06
   0.21400   -0.218673E-06
   0.21600   -0.215825E-06
   0.21800   -0.213700E-06
   0.22000   -0.212686E-06
   0.22200   -0.213247E-06
   0.22400   -0.215780E-06
   0.22600   -0.220490E-06
   0.22800   -0.227290E-06
   0.23000   -0.235756E-06
   0.23200   -0.245147E-06
   0.23400   -0.254483E-06
   0.23600   -0.262673E-06
   0.23800   -0.268664E-06
   0.24000   -0.271592E-06
   0.24200   -0.270895E-06
   0.24400   -0.266386E-06
   0.24600   -0.258268E-06
   0.24800   -0.247093E-06
   0.25000   -0.233668E-06
   0.25200   -0.218943E-06
   0.25400   -0.203887E-06
   0.25600   -0.189380E-06
   0.25800   -0.176134E-06
   0.26000   -0.164654E-06
   0.26200   -0.155242E-06
   0.26400   -0.148022E-06
   0.26600   -0.142993E-06
   0.26800   -0.140086E-06
   0.27000   -0.139203E-06
   0.27200   -0.140245E-06
   0.27400   -0.143108E-06
   0.27600   -0.147666E-06
   0.27800   -0.153731E-06
   0.28000   -0.161021E-06
   0.28200   -0.169125E-06
   0.28400   -0.177502E-06
   0.28600   -0.185495E-06
   0.28800   -0.192382E-06
   0.29000   -0.197437E-06
   0.29200   -0.200019E-06
   0.29400   -0.199647E-06
   0.29600   -0.196073E-06
   0.29800   -0.189325E-06
   0.30000   -0.179722E-06
   0.30200   -0.167849E-06
   0.30400   -0.154509E-06
   0.30600   -0.140641E-06
   0.30800   -0.127228E-06
   0.31000   -0.115199E-06
   0.31200   -0.105341E-06
   0.31400   -0.982301E-07
   0.31600   -0.941886E-07
   0.31800   -0.932683E-07
   0.32000   -0.952665E-07
   0.32200   -0.997617E-07
   0.32400   -0.106165E-06
   0.32600   -0.113787E-06
   0.32800   -0.121896E-06
   0.33000   -0.129773E-06
   0.33200   -0.136760E-06
   0.33400   -0.142294E-06
   0.33600   -0.145926E-06
   0.33800   -0.147340E-06
   0.34000   -0.146358E-06
   0.34200   -0.142951E-06
   0.34400   -0.137241E-06
   0.34600   -0.129505E-06
   0.34800   -0.120167E-06
   0.35000   -0.109783E-06
   0.35200   -0.990093E-07
   0.35400   -0.885515E-07
   0.35600   -0.791043E-07
   0.35800   -0.712795E-07
   0.36000   -0.655360E-07
   0.36200   -0.621221E-07
   0.36400   -0.610406E-07
   0.36600   -0.620447E-07
   0.36800   -0.646689E-07
   0.37000   -0.682870E-07
   0.37200   -0.721952E-07
   0.37400   -0.757013E-07
   0.37600   -0.782079E-07
   0.37800   -0.792781E-07
   0.38000   -0.786725E-07
   0.38200   -0.763581E-07
   0.38400   -0.724898E-07
   0.38600   -0.673736E-07
   0.38800   -0.614205E-07
   0.39000   -0.551022E-07
   0.39200   -0.489085E-07
   0.39400   -0.433158E-07
   0.39600   -0.387616E-07
   0.39800   -0.356168E-07
   0.40000   -0.341612E-07
   0.40200   -0.345579E-07
   0.40400   -0.368247E-07
   0.40600   -0.408143E-07
   0.40800   -0.462088E-07
   0.41000   -0.525335E-07
   0.41200   -0.591958E-07
   0.41400   -0.655454E-07
   0.41600   -0.709503E-07
   0.41800   -0.748776E-07
   0.42000   -0.769635E-07
   0.42200   -0.770652E-07
   0.42400   -0.752788E-07
   0.42600   -0.719263E-07
   0.42800   -0.675157E-07
   0.43000   -0.626676E-07
   0.43200   -0.580382E-07
   0.43400   -0.542367E-07
   0.43600   -0.517530E-07
   0.43800   -0.509029E-07
   0.44000   -0.517981E-07
   0.44200   -0.543361E-07
   0.44400   -0.582197E-07
   0.44600   -0.629959E-07
   0.44800   -0.681064E-07
   0.45000   -0.729620E-07
   0.45200   -0.770043E-07
   0.45400   -0.797744E-07
   0.45600   -0.809640E-07
   0.45800   -0.804492E-07
   0.46000   -0.782987E-07
   0.46200   -0.747562E-07
   0.46400   -0.701990E-07
   0.46600   -0.650801E-07
   0.46800   -0.598609E-07
   0.47000   -0.549483E-07
   0.47200   -0.506435E-07
   0.47400   -0.471134E-07
   0.47600   -0.443847E-07
   0.47800   -0.423650E-07
   0.48000   -0.408802E-07
   0.48200   -0.397246E-07
   0.48400   -0.387099E-07
   0.48600   -0.377075E-07
   0.48800   -0.366727E-07
   0.49000   -0.356485E-07
   0.49200   -0.347504E-07
   0.49400   -0.341360E-07
   0.49600   -0.339606E-07
   0.49800   -0.343386E-07
   0.50000   -0.353087E-07
   0.50200   -0.368160E-07
   0.50400   -0.387124E-07
   0.50600   -0.407776E-07
   0.50800   -0.427544E-07
   0.51000   -0.443938E-07
   0.51200   -0.454985E-07
   0.51400   -0.459577E-07
   0.51600   -0.457642E-07
   0.51800   -0.450148E-07
   0.52000   -0.438888E-07
   0.52200   -0.426142E-07
   0.52400   -0.414264E-07
   0.52600   -0.405293E-07
   0.52800   -0.400651E-07
   0.53000   -0.400988E-07
   0.53200   -0.406177E-07
   0.53400   -0.415437E-07
   0.53600   -0.427545E-07
   0.53800   -0.441081E-07
   0.54000   -0.454598E-07
   0.54200   -0.466813E-07
   0.54400   -0.476664E-07
   0.54600   -0.483345E-07
   0.54800   -0.486302E-07
   0.55000   -0.485210E-07
   0.55200   -0.480043E-07
   0.55400   -0.471086E-07
   0.55600   -0.459001E-07
   0.55800   -0.444862E-07
   0.56000   -0.430139E-07
   0.56200   -0.416681E-07
   0.56400   -0.406552E-07
   0.56600   -0.401861E-07
   0.56800   -0.404623E-07
   0.57000   -0.416525E-07
   0.57200   -0.438846E-07
   0.57400   -0.472452E-07
   0.57600   -0.517635E-07
   0.57800   -0.574296E-07
   0.58000   -0.641919E-07
   0.58200   -0.719685E-07
   0.58400   -0.806505E-07
   0.58600   -0.901088E-07
   0.58800   -0.100196E-06
   0.59000   -0.110749E-06
   0.59200   -0.121596E-06
   0.59400   -0.132554E-06
   0.59600   -0.143435E-06
   0.59800   -0.154042E-06
   0.60000   -0.164168E-06
   0.60200   -0.173582E-06
   0.60400   -0.182019E-06
   0.60600   -0.189168E-06
   0.60800   -0.194668E-06
   0.61000   -0.198111E-06
   0.61200   -0.199062E-06
   0.61400   -0.197102E-06
   0.61600   -0.191882E-06
   0.61800   -0.183183E-06
   0.62000   -0.170983E-06
   0.62200   -0.155496E-06
   0.62400   -0.137195E-06
   0.62600   -0.116792E-06
   0.62800   -0.951838E-07
   0.63000   -0.733601E-07
   0.63200   -0.523003E-07
   0.63400   -0.328615E-07
   0.63600   -0.156900E-07
   0.63800   -0.115819E-08
   0.64000    0.106522E-07
   0.64200    0.199251E-07
   0.64400    0.270501E-07
   0.64600    0.325399E-07
   0.64800    0.369409E-07
   0.65000    0.407530E-07
   0.65200    0.443712E-07
   0.65400    0.480519E-07
   0.65600    0.519088E-07
   0.65800    0.559299E-07
   0.66000    0.600121E-07
   0.66200    0.639969E-07
   0.66400    0.677140E-07
   0.66600    0.710096E-07
   0.66800    0.737688E-07
   0.67000    0.759274E-07
   0.67200    0.774727E-07
   0.67400    0.784386E-07
   0.67600    0.788951E-07
   0.67800    0.789359E-07
   0.68000    0.786653E-07
   0.68200    0.781866E-07
   0.68400    0.775958E-07
   0.68600    0.769697E-07
   0.68800    0.763638E-07
   0.69000    0.758133E-07
   0.69200    0.753270E-07
   0.69400    0.748963E-07
   0.69600    0.744998E-07
   0.69800    0.740973E-07
   0.70000    0.736505E-07
   0.70200    0.731199E-07
   0.70400    0.724753E-07
   0.70600    0.716984E-07
   0.70800    0.707877E-07
   0.71000    0.697568E-07
   0.71200    0.686343E-07
   0.71400    0.674585E-07
   0.71600    0.662720E-07
   0.71800    0.651170E-07
   0.72000    0.640277E-07
   0.72200    0.630289E-07
   0.72400    0.621335E-07
   0.72600    0.613432E-07
   0.72800    0.606522E-07
   0.73000    0.600508E-07
   0.73200    0.595294E-07
   0.73400    0.590806E-07
   0.73600    0.587021E-07
   0.73800    0.583947E-07
   0.74000    0.581606E-07
   0.74200    0.579999E-07
   0.74400    0.579074E-07
   0.74600    0.578699E-07
   0.74800    0.578660E-07
   0.75000    0.578664E-07
   0.75200    0.578381E-07
   0.75400    0.577488E-07
   0.75600    0.575721E-07
   0.75800    0.572931E-07
   0.76000    0.569113E-07
   0.76200    0.564422E-07
   0.76400    0.559160E-07
   0.76600    0.553736E-07
   0.76800    0.548609E-07
   0.77000    0.544217E-07
   0.77200    0.540907E-07
   0.77400    0.538875E-07
   0.77600    0.538127E-07
   0.77800    0.538467E-07
   0.78000    0.539518E-07
   0.78200    0.540763E-07
   0.78400    0.541618E-07
   0.78600    0.541512E-07
   0.78800    0.539967E-07
   0.79000    0.536676E-07
   0.79200    0.531549E-07
   0.79400    0.524742E-07
   0.79600    0.516643E-07
   0.79800    0.507830E-07
   0.80000    0.499000E-07
   0.80200    0.490878E-07
   0.80400    0.484127E-07
   0.80600    0.479257E-07
   0.80800    0.476560E-07
   0.81000    0.476066E-07
   0.81200    0.477544E-07
   0.81400    0.480530E-07
   0.81600    0.484378E-07
   0.81800    0.488345E-07
   0.82000    0.491672E-07
   0.82200    0.493677E-07
   0.82400    0.493827E-07
   0.82600    0.491797E-07
   0.82800    0.487504E-07
   0.83000    0.481117E-07
   0.83200    0.473035E-07
   0.83400    0.463842E-07
   0.83600    0.454253E-07
   0.83800    0.445028E-07
   0.84000    0.436904E-07
   0.84200    0.430513E-07
   0.84400    0.426318E-07
   0.84600    0.424571E-07
   0.84800    0.425289E-07
   0.85000    0.428254E-07
   0.85200    0.433039E-07
   0.85400    0.439054E-07
   0.85600    0.445602E-07
   0.85800    0.451954E-07
   0.86000    0.457409E-07
   0.86200    0.461367E-07
   0.86400    0.463376E-07
   0.86600    0.463175E-07
   0.86800    0.460709E-07
   0.87000    0.456134E-07
   0.87200    0.449793E-07
   0.87400    0.442182E-07
   0.87600    0.433894E-07
   0.87800    0.425563E-07
   0.88000    0.417798E-07
   0.88200    0.411125E-07
   0.88400    0.405943E-07
   0.88600    0.402492E-07
   0.88800    0.400845E-07
   0.89000    0.400916E-07
   0.89200    0.402486E-07
   0.89400    0.405239E-07
   0.89600    0.408808E-07
   0.89800    0.412812E-07
   0.90000    0.416890E-07
   0.90200    0.420723E-07
   0.90400    0.424049E-07
   0.90600    0.426662E-07
   0.90800    0.428414E-07
   0.91000    0.429202E-07
   0.91200    0.428969E-07
   0.91400    0.427698E-07
   0.91600    0.425414E-07
   0.91800    0.422183E-07
   0.92000    0.418120E-07
   0.92200    0.413383E-07
   0.92400    0.408172E-07
   0.92600    0.402719E-07
   0.92800    0.397275E-07
   0.93000    0.392088E-07
   0.93200    0.387389E-07
   0.93400    0.383366E-07
   0.93600    0.380156E-07
   0.93800    0.377828E-07
   0.94000    0.376381E-07
   0.94200    0.375749E-07
   0.94400    0.375806E-07
   0.94600    0.376381E-07
   0.94800    0.377277E-07
   0.95000    0.378287E-07
   0.95200    0.379213E-07
   0.95400    0.379881E-07
   0.95600    0.380157E-07
   0.95800    0.379949E-07
   0.96000    0.379219E-07
   0.96200    0.377973E-07
   0.96400    0.376265E-07
   0.96600    0.374183E-07
   0.96800    0.371840E-07
   0.97000    0.369364E-07
   0.97200    0.366888E-07
   0.97400    0.364545E-07
   0.97600    0.362459E-07
   0.97800    0.360746E-07
   0.98000    0.359517E-07
   0.98200    0.358873E-07
   0.98400    0.358912E-07
   0.98600    0.359716E-07
   0.98800    0.361348E-07
   0.99000    0.363833E-07
   0.99200    0.367143E-07
   0.99400    0.371183E-07
   0.99600    0.375778E-07
   0.99800    0.380673E-07
   1.00000    0.385543E-07
   1.00200    0.390020E-07
   1.00400    0.393726E-07
   1.00600    0.396325E-07
   1.00800    0.397562E-07
   1.01000    0.397308E-07
   1.01200    0.395592E-07
   1.01400    0.392609E-07
   1.01600    0.388708E-07
   1.01800    0.384366E-07
   1.02000    0.380135E-07
   1.02200    0.376579E-07
   1.02400    0.374213E-07
   1.02600    0.373433E-07
   1.02800    0.374474E-07
   1.03000    0.377376E-07
   1.03200    0.381977E-07
   1.03400    0.387935E-07
   1.03600    0.394759E-07
   1.03800    0.401878E-07
   1.04000    0.408698E-07
   1.04200    0.414677E-07
   1.04400    0.419386E-07
   1.04600    0.422561E-07
   1.04800    0.424126E-07
   1.05000    0.424205E-07
   1.05200    0.423101E-07
   1.05400    0.421260E-07
   1.05600    0.419213E-07
   1.05800    0.417508E-07
   1.06000    0.416645E-07
   1.06200    0.417013E-07
   1.06400    0.418834E-07
   1.06600    0.422143E-07
   1.06800    0.426775E-07
   1.07000    0.432387E-07
   1.07200    0.438505E-07
   1.07400    0.444583E-07
   1.07600    0.450073E-07
   1.07800    0.454503E-07
   1.08000    0.457537E-07
   1.08200    0.459020E-07
   1.08400    0.459000E-07
   1.08600    0.457719E-07
   1.08800    0.455583E-07
   1.09000    0.453106E-07
   1.09200    0.450843E-07
   1.09400    0.449314E-07
   1.09600    0.448941E-07
   1.09800    0.449992E-07
   1.10000    0.452553E-07
   1.10200    0.456520E-07
   1.10400    0.461621E-07
   1.10600    0.467453E-07
   1.10800    0.473549E-07
   1.11000    0.479435E-07
   1.11200    0.484706E-07
   1.11400    0.489073E-07
   1.11600    0.492408E-07
   1.11800    0.494755E-07
   1.12000    0.496327E-07
   1.12200    0.497471E-07
   1.12400    0.498619E-07
   1.12600    0.500231E-07
   1.12800    0.502721E-07
   1.13000    0.506405E-07
   1.13200    0.511449E-07
   1.13400    0.517841E-07
   1.13600    0.525387E-07
   1.13800    0.533733E-07
   1.14000    0.542399E-07
   1.14200    0.550847E-07
   1.14400    0.558546E-07
   1.14600    0.565041E-07
   1.14800    0.570017E-07
   1.15000    0.573344E-07
   1.15200    0.575094E-07
   1.15400    0.575543E-07
   1.15600    0.575131E-07
   1.15800    0.574414E-07
   1.16000    0.573993E-07
   1.16200    0.574438E-07
   1.16400    0.576215E-07
   1.16600    0.579633E-07
   1.16800    0.584800E-07
   1.17000    0.591619E-07
   1.17200    0.599798E-07
   1.17400    0.608894E-07
   1.17600    0.618372E-07
   1.17800    0.627668E-07
   1.18000    0.636267E-07
   1.18200    0.643758E-07
   1.18400    0.649881E-07
   1.18600    0.654549E-07
   1.18800    0.657846E-07
   1.19000    0.660007E-07
   1.19200    0.661368E-07
   1.19400    0.662318E-07
   1.19600    0.663233E-07
   1.19800    0.664431E-07
   1.20000    0.666126E-07
   1.20200    0.668414E-07
   1.20400    0.671266E-07
   1.20600    0.674562E-07
   1.20800    0.678119E-07
   1.21000    0.681744E-07
   1.21200    0.685283E-07
   1.21400    0.688656E-07
   1.21600    0.691882E-07
   1.21800    0.695080E-07
   1.22000    0.698448E-07
   1.22200    0.702228E-07
   1.22400    0.706654E-07
   1.22600    0.711899E-07
   1.22800    0.718029E-07
   1.23000    0.724976E-07
   1.23200    0.732527E-07
   1.23400    0.740343E-07
   1.23600    0.748001E-07
   1.23800    0.755060E-07
   1.24000    0.761126E-07
   1.24200    0.765925E-07
   1.24400    0.769365E-07
   1.24600    0.771562E-07
   1.24800    0.772844E-07
   1.25000    0.773725E-07
   1.25200    0.774839E-07
   1.25400    0.776853E-07
   1.25600    0.780377E-07
   1.25800    0.785869E-07
   1.26000    0.793560E-07
   1.26200    0.803412E-07
   1.26400    0.815110E-07
   1.26600    0.828095E-07
   1.26800    0.841634E-07
   1.27000    0.854914E-07
   1.27200    0.867154E-07
   1.27400    0.877705E-07
   1.27600    0.886142E-07
   1.27800    0.892316E-07
   1.28000    0.896373E-07
   1.28200    0.898721E-07
   1.28400    0.899972E-07
   1.28600    0.900835E-07
   1.28800    0.902018E-07
   1.29000    0.904109E-07
   1.29200    0.907490E-07
   1.29400    0.912280E-07
   1.29600    0.918315E-07
   1.29800    0.925177E-07
   1.30000    0.932264E-07
   1.30200    0.938884E-07
   1.30400    0.944374E-07
   1.30600    0.948203E-07
   1.30800    0.950065E-07
   1.31000    0.949930E-07
   1.31200    0.948053E-07
   1.31400    0.944943E-07
   1.31600    0.941283E-07
   1.31800    0.937831E-07
   1.32000    0.935310E-07
   1.32200    0.934302E-07
   1.32400    0.935172E-07
   1.32600    0.938028E-07
   1.32800    0.942719E-07
   1.33000    0.948886E-07
   1.33200    0.956035E-07
   1.33400    0.963634E-07
   1.33600    0.971217E-07
   1.33800    0.978461E-07
   1.34000    0.985240E-07
   1.34200    0.991635E-07
   1.34400    0.997897E-07
   1.34600    0.100438E-06
   1.34800    0.101144E-06
   1.35000    0.101933E-06
   1.35200    0.102813E-06
   1.35400    0.103763E-06
   1.35600    0.104741E-06
   1.35800    0.105680E-06
   1.36000    0.106499E-06
   1.36200    0.107117E-06
   1.36400    0.107465E-06
   1.36600    0.107501E-06
   1.36800    0.107217E-06
   1.37000    0.106644E-06
   1.37200    0.105852E-06
   1.37400    0.104942E-06
   1.37600    0.104028E-06
   1.37800    0.103227E-06
   1.38000    0.102638E-06
   1.38200    0.102329E-06
   1.38400    0.102327E-06
   1.38600    0.102617E-06
   1.38800    0.103143E-06
   1.39000    0.103821E-06
   1.39200    0.104550E-06
   1.39400    0.105235E-06
   1.39600    0.105796E-06
   1.39800    0.106181E-06
   1.40000    0.106377E-06
   1.40200    0.106402E-06
   1.40400    0.106302E-06
   1.40600    0.106141E-06
   1.40800    0.105980E-06
   1.41000    0.105868E-06
   1.41200    0.105826E-06
   1.41400    0.105846E-06
   1.41600    0.105886E-06
   1.41800    0.105879E-06
   1.42000    0.105747E-06
   1.42200    0.105413E-06
   1.42400    0.104819E-06
   1.42600    0.103940E-06
   1.42800    0.102788E-06
   1.43000    0.101415E-06
   1.43200    0.999073E-07
   1.43400    0.983725E-07
   1.43600    0.969236E-07
   1.43800    0.956618E-07
   1.44000    0.946621E-07
   1.44200    0.939626E-07
   1.44400    0.935602E-07
   1.44600    0.934137E-07
   1.44800    0.934516E-07
   1.45000    0.935848E-07
   1.45200    0.937203E-07
   1.45400    0.937744E-07
   1.45600    0.936818E-07
   1.45800    0.934008E-07
   1.46000    0.929130E-07
   1.46200    0.922192E-07
   1.46400    0.913325E-07
   1.46600    0.902706E-07
   1.46800    0.890502E-07
   1.47000    0.876832E-07
   1.47200    0.861783E-07
   1.47400    0.845441E-07
   1.47600    0.827962E-07
   1.47800    0.809629E-07
   1.48000    0.790899E-07
   1.48200    0.772408E-07
   1.48400    0.754933E-07
   1.48600    0.739302E-07
   1.48800    0.726268E-07
   1.49000    0.716373E-07
   1.49200    0.709828E-07
   1.49400    0.706430E-07
   1.49600    0.705545E-07
   1.49800    0.706162E-07
   1.50000    0.707020E-07
   1.50200    0.706773E-07
   1.50400    0.704188E-07
   1.50600    0.698313E-07
   1.50800    0.688617E-07
   1.51000    0.675050E-07
   1.51200    0.658027E-07
   1.51400    0.638352E-07
   1.51600    0.617076E-07
   1.51800    0.595338E-07
   1.52000    0.574214E-07
   1.52200    0.554588E-07
   1.52400    0.537084E-07
   1.52600    0.522037E-07
   1.52800    0.509525E-07
   1.53000    0.499427E-07
   1.53200    0.491492E-07
   1.53400    0.485414E-07
   1.53600    0.480881E-07
   1.53800    0.477605E-07
   1.54000    0.475323E-07
   1.54200    0.473794E-07
   1.54400    0.472780E-07
   1.54600    0.472050E-07
   1.54800    0.471387E-07
   1.55000    0.470626E-07
   1.55200    0.469691E-07
   1.55400    0.468648E-07
   1.55600    0.467730E-07
   1.55800    0.467350E-07
   1.56000    0.468065E-07
   1.56200    0.470512E-07
   1.56400    0.475309E-07
   1.56600    0.482939E-07
   1.56800    0.493651E-07
   1.57000    0.507374E-07
   1.57200    0.523700E-07
   1.57400    0.541907E-07
   1.57600    0.561057E-07
   1.57800    0.580128E-07
   1.58000    0.598180E-07
   1.58200    0.614508E-07
   1.58400    0.628768E-07
   1.58600    0.641051E-07
   1.58800    0.651877E-07
   1.59000    0.662130E-07
   1.59200    0.672931E-07
   1.59400    0.685469E-07
   1.59600    0.700826E-07
   1.59800    0.719824E-07
   1.60000    0.742917E-07
   1.60200    0.770137E-07
   1.60400    0.801107E-07
   1.60600    0.835120E-07
   1.60800    0.871250E-07
   1.61000    0.908484E-07
   1.61200    0.945861E-07
   1.61400    0.982572E-07
   1.61600    0.101804E-06
   1.61800    0.105193E-06
   1.62000    0.108417E-06
   1.62200    0.111490E-06
   1.62400    0.114441E-06
   1.62600    0.117308E-06
   1.62800    0.120137E-06
   1.63000    0.122970E-06
   1.63200    0.125848E-06
   1.63400    0.128802E-06
   1.63600    0.131856E-06
   1.63800    0.135018E-06
   1.64000    0.138284E-06
   1.64200    0.141640E-06
   1.64400    0.145060E-06
   1.64600    0.148513E-06
   1.64800    0.151973E-06
   1.65000    0.155418E-06
   1.65200    0.158846E-06
   1.65400    0.162268E-06
   1.65600    0.165712E-06
   1.65800    0.169216E-06
   1.66000    0.172819E-06
   1.66200    0.176547E-06
   1.66400    0.180408E-06
   1.66600    0.184377E-06
   1.66800    0.188403E-06
   1.67000    0.192409E-06
   1.67200    0.196305E-06
   1.67400    0.200001E-06
   1.67600    0.203428E-06
   1.67800    0.206543E-06
   1.68000    0.209344E-06
   1.68200    0.211867E-06
   1.68400    0.214180E-06
   1.68600    0.216369E-06
   1.68800    0.218525E-06
   1.69000    0.220724E-06
   1.69200    0.223020E-06
   1.69400    0.225433E-06
   1.69600    0.227953E-06
   1.69800    0.230542E-06
   1.70000    0.233149E-06
   1.70200    0.235716E-06
   1.70400    0.238195E-06
   1.70600    0.240550E-06
   1.70800    0.242769E-06
   1.71000    0.244856E-06
   1.71200    0.246834E-06
   1.71400    0.248735E-06
   1.71600    0.250595E-06
   1.71800    0.252447E-06
   1.72000    0.254318E-06
   1.72200    0.256222E-06
   1.72400    0.258165E-06
   1.72600    0.260140E-06
   1.72800    0.262130E-06
   1.73000    0.264113E-06
   1.73200    0.266061E-06
   1.73400    0.267944E-06
   1.73600    0.269736E-06
   1.73800    0.271416E-06
   1.74000    0.272973E-06
   1.74200    0.274408E-06
   1.74400    0.275738E-06
   1.74600    0.276993E-06
   1.74800    0.278217E-06
   1.75000    0.279462E-06
   1.75200    0.280787E-06
   1.75400    0.282252E-06
   1.75600    0.283908E-06
   1.75800    0.285800E-06
   1.76000    0.287956E-06
   1.76200    0.290388E-06
   1.76400    0.293087E-06
   1.76600    0.296027E-06
   1.76800    0.299163E-06
   1.77000    0.302434E-06
   1.77200    0.305771E-06
   1.77400    0.309101E-06
   1.77600    0.312354E-06
   1.77800    0.315474E-06
   1.78000    0.318421E-06
   1.78200    0.321179E-06
   1.78400    0.323757E-06
   1.78600    0.326185E-06
   1.78800    0.328512E-06
   1.79000    0.330795E-06
   1.79200    0.333098E-06
   1.79400    0.335475E-06
   1.79600    0.337974E-06
   1.79800    0.340626E-06
   1.80000    0.343452E-06
   1.80200    0.346457E-06
   1.80400    0.349639E-06
   1.80600    0.352991E-06
   1.80800    0.356502E-06
   1.81000    0.360160E-06
   1.81200    0.363958E-06
   1.81400    0.367886E-06
   1.81600    0.371942E-06
   1.81800    0.376123E-06
   1.82000    0.380433E-06
   1.82200    0.384879E-06
   1.82400    0.389471E-06
   1.82600    0.394223E-06
   1.82800    0.399153E-06
   1.83000    0.404276E-06
   1.83200    0.409608E-06
   1.83400    0.415164E-06
   1.83600    0.420953E-06
   1.83800    0.426982E-06
   1.84000    0.433253E-06
   1.84200    0.439767E-06
   1.84400    0.446521E-06
   1.84600    0.453511E-06
   1.84800    0.460734E-06
   1.85000    0.468183E-06
   1.85200    0.475855E-06
   1.85400    0.483745E-06
   1.85600    0.491850E-06
   1.85800    0.500170E-06
   1.86000    0.508707E-06
   1.86200    0.517467E-06
   1.86400    0.526455E-06
   1.86600    0.535685E-06
   1.86800    0.545170E-06
   1.87000    0.554920E-06
   1.87200    0.564943E-06
   1.87400    0.575243E-06
   1.87600    0.585814E-06
   1.87800    0.596648E-06
   1.88000    0.607721E-06
   1.88200    0.619008E-06
   1.88400    0.630476E-06
   1.88600    0.642097E-06
   1.88800    0.653855E-06
   1.89000    0.665769E-06
   1.89200    0.677915E-06
   1.89400    0.690479E-06
   1.89600    0.703746E-06
   1.89800    0.718195E-06
   1.90000    0.734573E-06
   1.90200    0.753869E-06
   1.90400    0.777385E-06
   1.90600    0.806710E-06
   1.90800    0.843682E-06
   1.91000    0.890302E-06
   1.91200    0.948589E-06
   1.91400    0.102039E-05
   1.91600    0.110717E-05
   1.91800    0.120973E-05
   1.92000    0.132793E-05
   1.92200    0.146048E-05
   1.92400    0.160464E-05
   1.92600    0.175606E-05
   1.92800    0.190860E-05
   1.93000    0.205436E-05
   1.93200    0.218374E-05
   1.93400    0.228576E-05
   1.93600    0.234857E-05
   1.93800    0.236020E-05
   1.94000    0.230957E-05
   1.94200    0.218765E-05
   1.94400    0.198863E-05
   1.94600    0.171105E-05
   1.94800    0.135858E-05
   1.95000    0.940383E-06
   1.95200    0.470819E-06
   1.95400   -0.314044E-07
   1.95600   -0.544676E-06
   1.95800   -0.104631E-05
   1.96000   -0.151454E-05
   1.96200   -0.193038E-05
   1.96400   -0.227910E-05
   1.96600   -0.255119E-05
   1.96800   -0.274266E-05
   1.97000   -0.285470E-05
   1.97200   -0.289292E-05
   1.97400   -0.286617E-05
   1.97600   -0.278534E-05
   1.97800   -0.266219E-05
   1.98000   -0.250832E-05
   1.98200   -0.233451E-05
   1.98400   -0.215024E-05
   1.98600   -0.196351E-05
   1.98800   -0.178078E-05
   1.99000   -0.160705E-05
   1.99200   -0.144600E-05
   1.99400   -0.130008E-05
   1.99600   -0.117065E-05
   1.99800   -0.105806E-05
   2.00000   -0.961783E-06
   2.00200   -0.880539E-06
   2.00400   -0.812438E-06
   2.00600   -0.755183E-06
   2.00800   -0.706290E-06
   2.01000   -0.663319E-06
   2.01200   -0.624102E-06
   2.01400   -0.586925E-06
   2.01600   -0.550672E-06
   2.01800   -0.514838E-06
   2.02000   -0.479567E-06
   2.02200   -0.445525E-06
   2.02400   -0.413684E-06
   2.02600   -0.385167E-06
   2.02800   -0.361017E-06
   2.03000   -0.342014E-06
   2.03200   -0.328547E-06
   2.03400   -0.320541E-06
   2.03600   -0.317480E-06
   2.03800   -0.318477E-06
   2.04000   -0.322401E-06
   2.04200   -0.328032E-06
   2.04400   -0.334207E-06
   2.04600   -0.339935E-06
   2.04800   -0.344468E-06
   2.05000   -0.347342E-06
   2.05200   -0.348360E-06
   2.05400   -0.347550E-06
   2.05600   -0.345107E-06
   2.05800   -0.341319E-06
   2.06000   -0.336518E-06
   2.06200   -0.331023E-06
   2.06400   -0.325112E-06
   2.06600   -0.319001E-06
   2.06800   -0.312833E-06
   2.07000   -0.306678E-06
   2.07200   -0.300540E-06
   2.07400   -0.294368E-06
   2.07600   -0.288067E-06
   2.07800   -0.281523E-06
   2.08000   -0.274620E-06
   2.08200   -0.267267E-06
   2.08400   -0.259410E-06
   2.08600   -0.251060E-06
   2.08800   -0.242293E-06
   2.09000   -0.233260E-06
   2.09200   -0.224174E-06
   2.09400   -0.215300E-06
   2.09600   -0.206938E-06
   2.09800   -0.199393E-06
   2.10000   -0.192960E-06
   2.10200   -0.187894E-06
   2.10400   -0.184387E-06
   2.10600   -0.182545E-06
   2.10800   -0.182373E-06
   2.11000   -0.183762E-06
   2.11200   -0.186487E-06
   2.11400   -0.190211E-06
   2.11600   -0.194510E-06
   2.11800   -0.198907E-06
   2.12000   -0.202907E-06
   2.12200   -0.206049E-06
   2.12400   -0.207952E-06
   2.12600   -0.208350E-06
   2.12800   -0.207125E-06
   2.13000   -0.204312E-06
   2.13200   -0.200094E-06
   2.13400   -0.194782E-06
   2.13600   -0.188778E-06
   2.13800   -0.182535E-06
   2.14000   -0.176506E-06
   2.14200   -0.171103E-06
   2.14400   -0.166659E-06
   2.14600   -0.163395E-06
   2.14800   -0.161413E-06
   2.15000   -0.160686E-06
   2.15200   -0.161076E-06
   2.15400   -0.162349E-06
   2.15600   -0.164213E-06
   2.15800   -0.166341E-06
   2.16000   -0.168407E-06
   2.16200   -0.170110E-06
   2.16400   -0.171194E-06
   2.16600   -0.171460E-06
   2.16800   -0.170773E-06
   2.17000   -0.169062E-06
   2.17200   -0.166323E-06
   2.17400   -0.162611E-06
   2.17600   -0.158042E-06
   2.17800   -0.152778E-06
   2.18000   -0.147024E-06
   2.18200   -0.141009E-06
   2.18400   -0.134970E-06
   2.18600   -0.129130E-06
   2.18800   -0.123681E-06
   2.19000   -0.118757E-06
   2.19200   -0.114425E-06
   2.19400   -0.110676E-06
   2.19600   -0.107423E-06
   2.19800   -0.104514E-06
   2.20000   -0.101749E-06
   2.20200   -0.988964E-07
   2.20400   -0.957145E-07
   2.20600   -0.919753E-07
   2.20800   -0.874763E-07
   2.21000   -0.820500E-07
   2.21200   -0.755678E-07
   2.21400   -0.679382E-07
   2.21600   -0.591035E-07
   2.21800   -0.490358E-07
   2.22000   -0.377355E-07
   2.22200   -0.252333E-07
   2.22400   -0.115968E-07
   2.22600    0.305758E-08
   2.22800    0.185453E-07
   2.23000    0.345906E-07
   2.23200    0.507981E-07
   2.23400    0.666235E-07
   2.23600    0.813483E-07
   2.23800    0.940664E-07
   2.24000    0.103691E-06
   2.24200    0.108991E-06
   2.24400    0.108664E-06
   2.24600    0.101445E-06
   2.24800    0.862456E-07
   2.25000    0.623113E-07
   2.25200    0.293703E-07
   2.25400   -0.122479E-07
   2.25600   -0.615502E-07
   2.25800   -0.116893E-06
   2.26000   -0.176078E-06
   2.26200   -0.236523E-06
   2.26400   -0.295488E-06
   2.26600   -0.350330E-06
   2.26800   -0.398744E-06
   2.27000   -0.438960E-06
   2.27200   -0.469875E-06
   2.27400   -0.491097E-06
   2.27600   -0.502910E-06
   2.27800   -0.506167E-06
   2.28000   -0.502139E-06
   2.28200   -0.492339E-06
   2.28400   -0.478354E-06
   2.28600   -0.461699E-06
   2.28800   -0.443706E-06
   2.29000   -0.425464E-06
   2.29200   -0.407788E-06
   2.29400   -0.391228E-06
   2.29600   -0.376103E-06
   2.29800   -0.362544E-06
   2.30000   -0.350541E-06
   2.30200   -0.339994E-06
   2.30400   -0.330747E-06
   2.30600   -0.322622E-06
   2.30800   -0.315434E-06
   2.31000   -0.309010E-06
   2.31200   -0.303194E-06
   2.31400   -0.297849E-06
   2.31600   -0.292860E-06
   2.31800   -0.288136E-06
   2.32000   -0.283608E-06
   2.32200   -0.279225E-06
   2.32400   -0.274963E-06
   2.32600   -0.270815E-06
   2.32800   -0.266791E-06
   2.33000   -0.262914E-06
   2.33200   -0.259213E-06
   2.33400   -0.255723E-06
   2.33600   -0.252475E-06
   2.33800   -0.249494E-06
   2.34000   -0.246796E-06
   2.34200   -0.244382E-06
   2.34400   -0.242242E-06
   2.34600   -0.240350E-06
   2.34800   -0.238673E-06
   2.35000   -0.237163E-06
   2.35200   -0.235769E-06
   2.35400   -0.234437E-06
   2.35600   -0.233114E-06
   2.35800   -0.231752E-06
   2.36000   -0.230315E-06
   2.36200   -0.228775E-06
   2.36400   -0.227122E-06
   2.36600   -0.225362E-06
   2.36800   -0.223515E-06
   2.37000   -0.221617E-06
   2.37200   -0.219712E-06
   2.37400   -0.217852E-06
   2.37600   -0.216084E-06
   2.37800   -0.214453E-06
   2.38000   -0.212989E-06
   2.38200   -0.211707E-06
   2.38400   -0.210603E-06
   2.38600   -0.209656E-06
   2.38800   -0.208825E-06
   2.39000   -0.208059E-06
   2.39200   -0.207298E-06
   2.39400   -0.206484E-06
   2.39600   -0.205561E-06
   2.39800   -0.204489E-06
   2.40000   -0.203241E-06
   2.40200   -0.201812E-06
   2.40400   -0.200215E-06
   2.40600   -0.198485E-06
   2.40800   -0.196669E-06
   2.41000   -0.194826E-06
   2.41200   -0.193021E-06
   2.41400   -0.191315E-06
   2.41600   -0.189762E-06
   2.41800   -0.188405E-06
   2.42000   -0.187270E-06
   2.42200   -0.186370E-06
   2.42400   -0.185705E-06
   2.42600   -0.185266E-06
   2.42800   -0.185040E-06
   2.43000   -0.185019E-06
   2.43200   -0.185203E-06
   2.43400   -0.185603E-06
   2.43600   -0.186247E-06
   2.43800   -0.187174E-06
   2.44000   -0.188431E-06
   2.44200   -0.190064E-06
   2.44400   -0.192108E-06
   2.44600   -0.194574E-06
   2.44800   -0.197440E-06
   2.45000   -0.200645E-06
   2.45200   -0.204084E-06
   2.45400   -0.207615E-06
   2.45600   -0.211065E-06
   2.45800   -0.214250E-06
   2.46000   -0.216988E-06
   2.46200   -0.219122E-06
   2.46400   -0.220534E-06
   2.46600   -0.221154E-06
   2.46800   -0.220971E-06
   2.47000   -0.220021E-06
   2.47200   -0.218385E-06
   2.47400   -0.216171E-06
   2.47600   -0.213498E-06
   2.47800   -0.210485E-06
   2.48000   -0.207237E-06
   2.48200   -0.203836E-06
   2.48400   -0.200344E-06
   2.48600   -0.196802E-06
   2.48800   -0.193235E-06
   2.49000   -0.189660E-06
   2.49200   -0.186091E-06
   2.49400   -0.182545E-06
   2.49600   -0.179045E-06
   2.49800   -0.175615E-06
   2.50000   -0.172287E-06
   2.50200   -0.169091E-06
   2.50400   -0.166052E-06
   2.50600   -0.163193E-06
   2.50800   -0.160524E-06
   2.51000   -0.158046E-06
   2.51200   -0.155751E-06
   2.51400   -0.153617E-06
   2.51600   -0.151618E-06
   2.51800   -0.149718E-06
   2.52000   -0.147880E-06
   2.52200   -0.146063E-06
   2.52400   -0.144228E-06
   2.52600   -0.142340E-06
   2.52800   -0.140370E-06
   2.53000   -0.138298E-06
   2.53200   -0.136115E-06
   2.53400   -0.133822E-06
   2.53600   -0.131436E-06
   2.53800   -0.128983E-06
   2.54000   -0.126499E-06
   2.54200   -0.124021E-06
   2.54400   -0.121588E-06
   2.54600   -0.119231E-06
   2.54800   -0.116971E-06
   2.55000   -0.114819E-06
   2.55200   -0.112770E-06
   2.55400   -0.110812E-06
   2.55600   -0.108926E-06
   2.55800   -0.107092E-06
   2.56000   -0.105295E-06
   2.56200   -0.103524E-06
   2.56400   -0.101777E-06
   2.56600   -0.100061E-06
   2.56800   -0.983890E-07
   2.57000   -0.967786E-07
   2.57200   -0.952517E-07
   2.57400   -0.938312E-07
   2.57600   -0.925399E-07
   2.57800   -0.913982E-07
   2.58000   -0.904235E-07
   2.58200   -0.896269E-07
   2.58400   -0.890119E-07
   2.58600   -0.885725E-07
   2.58800   -0.882929E-07
   2.59000   -0.881489E-07
   2.59200   -0.881094E-07
   2.59400   -0.881420E-07
   2.59600   -0.882163E-07
   2.59800   -0.883094E-07
   2.60000   -0.884077E-07
   2.60200   -0.885085E-07
   2.60400   -0.886189E-07
   2.60600   -0.887526E-07
   2.60800   -0.889259E-07
   2.61000   -0.891533E-07
   2.61200   -0.894444E-07
   2.61400   -0.898025E-07
   2.61600   -0.902238E-07
   2.61800   -0.906991E-07
   2.62000   -0.912160E-07
   2.62200   -0.917608E-07
   2.62400   -0.923201E-07
   2.62600   -0.928817E-07
   2.62800   -0.934343E-07
   2.63000   -0.939667E-07
   2.63200   -0.944677E-07
   2.63400   -0.949261E-07
   2.63600   -0.953313E-07
   2.63800   -0.956758E-07
   2.64000   -0.959571E-07
   2.64200   -0.961799E-07
   2.64400   -0.963570E-07
   2.64600   -0.965095E-07
   2.64800   -0.966639E-07
   2.65000   -0.968488E-07
   2.65200   -0.970904E-07
   2.65400   -0.974079E-07
   2.65600   -0.978101E-07
   2.65800   -0.982936E-07
   2.66000   -0.988441E-07
   2.66200   -0.994389E-07
   2.66400   -0.100052E-06
   2.66600   -0.100660E-06
   2.66800   -0.101244E-06
   2.67000   -0.101796E-06
   2.67200   -0.102321E-06
   2.67400   -0.102830E-06
   2.67600   -0.103343E-06
   2.67800   -0.103877E-06
   2.68000   -0.104451E-06
   2.68200   -0.105073E-06
   2.68400   -0.105741E-06
   2.68600   -0.106443E-06
   2.68800   -0.107158E-06
   2.69000   -0.107860E-06
   2.69200   -0.108522E-06
   2.69400   -0.109120E-06
   2.69600   -0.109638E-06
   2.69800   -0.110073E-06
   2.70000   -0.110432E-06
   2.70200   -0.110734E-06
   2.70400   -0.111006E-06
   2.70600   -0.111276E-06
   2.70800   -0.111572E-06
   2.71000   -0.111915E-06
   2.71200   -0.112313E-06
   2.71400   -0.112766E-06
   2.71600   -0.113264E-06
   2.71800   -0.113790E-06
   2.72000   -0.114328E-06
   2.72200   -0.114869E-06
   2.72400   -0.115411E-06
   2.72600   -0.115968E-06
   2.72800   -0.116563E-06
   2.73000   -0.117231E-06
   2.73200   -0.118009E-06
   2.73400   -0.118928E-06
   2.73600   -0.120012E-06
   2.73800   -0.121265E-06
   2.74000   -0.122676E-06
   2.74200   -0.124216E-06
   2.74400   -0.125847E-06
   2.74600   -0.127526E-06
   2.74800   -0.129214E-06
   2.75000   -0.130883E-06
   2.75200   -0.132524E-06
   2.75400   -0.134145E-06
   2.75600   -0.135774E-06
   2.75800   -0.137450E-06
   2.76000   -0.139217E-06
   2.76200   -0.141117E-06
   2.76400   -0.143184E-06
   2.76600   -0.145439E-06
   2.76800   -0.147891E-06
   2.77000   -0.150536E-06
   2.77200   -0.153368E-06
   2.77400   -0.156381E-06
   2.77600   -0.159578E-06
   2.77800   -0.162976E-06
   2.78000   -0.166609E-06
   2.78200   -0.170529E-06
   2.78400   -0.174802E-06
   2.78600   -0.179500E-06
   2.78800   -0.184696E-06
   2.79000   -0.190473E-06
   2.79200   -0.196905E-06
   2.79400   -0.204066E-06
   2.79600   -0.212031E-06
   2.79800   -0.220886E-06
   2.80000   -0.230733E-06
   2.80200   -0.241692E-06
   2.80400   -0.253907E-06
   2.80600   -0.267529E-06
   2.80800   -0.282701E-06
   2.81000   -0.299516E-06
   2.81200   -0.317969E-06
   2.81400   -0.337885E-06
   2.81600   -0.358850E-06
   2.81800   -0.380131E-06
   2.82000   -0.400616E-06
   2.82200   -0.418781E-06
   2.82400   -0.432707E-06
   2.82600   -0.440156E-06
   2.82800   -0.438717E-06
   2.83000   -0.426026E-06
   2.83200   -0.400027E-06
   2.83400   -0.359269E-06
   2.83600   -0.303178E-06
   2.83800   -0.232269E-06
   2.84000   -0.148254E-06
   2.84200   -0.540076E-07
   2.84400    0.466096E-07
   2.84600    0.149066E-06
   2.84800    0.248570E-06
   2.85000    0.340529E-06
   2.85200    0.420979E-06
   2.85400    0.486935E-06
   2.85600    0.536615E-06
   2.85800    0.569507E-06
   2.86000    0.586289E-06
   2.86200    0.588625E-06
   2.86400    0.578875E-06
   2.86600    0.559778E-06
   2.86800    0.534141E-06
   2.87000    0.504590E-06
   2.87200    0.473385E-06
   2.87400    0.442314E-06
   2.87600    0.412672E-06
   2.87800    0.385281E-06
   2.88000    0.360567E-06
   2.88200    0.338642E-06
   2.88400    0.319400E-06
   2.88600    0.302598E-06
   2.88800    0.287927E-06
   2.89000    0.275064E-06
   2.89200    0.263703E-06
   2.89400    0.253581E-06
   2.89600    0.244482E-06
   2.89800    0.236240E-06
   2.90000    0.228733E-06
   2.90200    0.221873E-06
   2.90400    0.215601E-06
   2.90600    0.209871E-06
   2.90800    0.204648E-06
   2.91000    0.199896E-06
   2.91200    0.195590E-06
   2.91400    0.191691E-06
   2.91600    0.188160E-06
   2.91800    0.184954E-06
   2.92000    0.182033E-06
   2.92200    0.179351E-06
   2.92400    0.176865E-06
   2.92600    0.174532E-06
   2.92800    0.172311E-06
   2.93000    0.170161E-06
   2.93200    0.168048E-06
   2.93400    0.165934E-06
   2.93600    0.163794E-06
   2.93800    0.161605E-06
   2.94000    0.159354E-06
   2.94200    0.157037E-06
   2.94400    0.154661E-06
   2.94600    0.152245E-06
   2.94800    0.149819E-06
   2.95000    0.147431E-06
   2.95200    0.145147E-06
   2.95400    0.143053E-06
   2.95600    0.141259E-06
   2.95800    0.139903E-06
   2.96000    0.139152E-06
   2.96200    0.139193E-06
   2.96400    0.140233E-06
   2.96600    0.142476E-06
   2.96800    0.146108E-06
   2.97000    0.151265E-06
   2.97200    0.158006E-06
   2.97400    0.166277E-06
   2.97600    0.175888E-06
   2.97800    0.186496E-06
   2.98000    0.197605E-06
   2.98200    0.208590E-06
   2.98400    0.218735E-06
   2.98600    0.227299E-06
   2.98800    0.233582E-06
   2.99000    0.237007E-06
   2.99200    0.237182E-06
   2.99400    0.233949E-06
   2.99600    0.227405E-06
   2.99800    0.217889E-06
   3.00000    0.205942E-06
   3.00200    0.192242E-06
   3.00400    0.177533E-06
   3.00600    0.162546E-06
   3.00800    0.147931E-06
   3.01000    0.134212E-06
   3.01200    0.121761E-06
   3.01400    0.110791E-06
   3.01600    0.101378E-06
   3.01800    0.934806E-07
   3.02000    0.869812E-07
   3.02200    0.817154E-07
   3.02400    0.775036E-07
   3.02600    0.741715E-07
   3.02800    0.715642E-07
   3.03000    0.695520E-07
   3.03200    0.680292E-07
   3.03400    0.669115E-07
   3.03600    0.661295E-07
   3.03800    0.656237E-07
   3.04000    0.653405E-07
   3.04200    0.652295E-07
   3.04400    0.652433E-07
   3.04600    0.653376E-07
   3.04800    0.654725E-07
   3.05000    0.656143E-07
   3.05200    0.657337E-07
   3.05400    0.658112E-07
   3.05600    0.658338E-07
   3.05800    0.657909E-07
   3.06000    0.656783E-07
   3.06200    0.654958E-07
   3.06400    0.652462E-07
   3.06600    0.649359E-07
   3.06800    0.645744E-07
   3.07000    0.641749E-07
   3.07200    0.637539E-07
   3.07400    0.633313E-07
   3.07600    0.629292E-07
   3.07800    0.625709E-07
   3.08000    0.622792E-07
   3.08200    0.620748E-07
   3.08400    0.619744E-07
   3.08600    0.619888E-07
   3.08800    0.621221E-07
   3.09000    0.623704E-07
   3.09200    0.627215E-07
   3.09400    0.631551E-07
   3.09600    0.636437E-07
   3.09800    0.641539E-07
   3.10000    0.646489E-07
   3.10200    0.650905E-07
   3.10400    0.654422E-07
   3.10600    0.656730E-07
   3.10800    0.657566E-07
   3.11000    0.656768E-07
   3.11200    0.654263E-07
   3.11400    0.650076E-07
   3.11600    0.644311E-07
   3.11800    0.637131E-07
   3.12000    0.628737E-07
   3.12200    0.619330E-07
   3.12400    0.609084E-07
   3.12600    0.598130E-07
   3.12800    0.586545E-07
   3.13000    0.574358E-07
   3.13200    0.561587E-07
   3.13400    0.548274E-07
   3.13600    0.534550E-07
   3.13800    0.520692E-07
   3.14000    0.507178E-07
   3.14200    0.494723E-07
   3.14400    0.484277E-07
   3.14600    0.476996E-07
   3.14800    0.474156E-07
   3.15000    0.477044E-07
   3.15200    0.486812E-07
   3.15400    0.504338E-07
   3.15600    0.530092E-07
   3.15800    0.564055E-07
   3.16000    0.605680E-07
   3.16200    0.653924E-07
   3.16400    0.707338E-07
   3.16600    0.764194E-07
   3.16800    0.822640E-07
   3.17000    0.880857E-07
   3.17200    0.937182E-07
   3.17400    0.990204E-07
   3.17600    0.103881E-06
   3.17800    0.108220E-06
   3.18000    0.111984E-06
   3.18200    0.115147E-06
   3.18400    0.117702E-06
   3.18600    0.119657E-06
   3.18800    0.121032E-06
   3.19000    0.121859E-06
   3.19200    0.122171E-06
   3.19400    0.122010E-06
   3.19600    0.121417E-06
   3.19800    0.120435E-06
   3.20000    0.119106E-06
   3.20200    0.117472E-06
   3.20400    0.115576E-06
   3.20600    0.113462E-06
   3.20800    0.111179E-06
   3.21000    0.108778E-06
   3.21200    0.106318E-06
   3.21400    0.103859E-06
   3.21600    0.101459E-06
   3.21800    0.991711E-07
   3.22000    0.970331E-07
   3.22200    0.950636E-07
   3.22400    0.932537E-07
   3.22600    0.915637E-07
   3.22800    0.899204E-07
   3.23000    0.882263E-07
   3.23200    0.863622E-07
   3.23400    0.842047E-07
   3.23600    0.816439E-07
   3.23800    0.786064E-07
   3.24000    0.750759E-07
   3.24200    0.711160E-07
   3.24400    0.668852E-07
   3.24600    0.626456E-07
   3.24800    0.587584E-07
   3.25000    0.556693E-07
   3.25200    0.538789E-07
   3.25400    0.539029E-07
   3.25600    0.562226E-07
   3.25800    0.612337E-07
   3.26000    0.691961E-07
   3.26200    0.801906E-07
   3.26400    0.940882E-07
   3.26600    0.110533E-06
   3.26800    0.128940E-06
   3.27000    0.148513E-06
   3.27200    0.168269E-06
   3.27400    0.187085E-06
   3.27600    0.203754E-06
   3.27800    0.217055E-06
   3.28000    0.225830E-06
   3.28200    0.229073E-06
   3.28400    0.226018E-06
   3.28600    0.216219E-06
   3.28800    0.199614E-06
   3.29000    0.176561E-06
   3.29200    0.147835E-06
   3.29400    0.114585E-06
   3.29600    0.782538E-07
   3.29800    0.404586E-07
   3.30000    0.286000E-08
   3.30200   -0.329763E-07
   3.30400   -0.657006E-07
   3.30600   -0.942716E-07
   3.30800   -0.118009E-06
   3.31000   -0.136608E-06
   3.31200   -0.150105E-06
   3.31400   -0.158829E-06
   3.31600   -0.163318E-06
   3.31800   -0.164240E-06
   3.32000   -0.162316E-06
   3.32200   -0.158250E-06
   3.32400   -0.152687E-06
   3.32600   -0.146182E-06
   3.32800   -0.139184E-06
   3.33000   -0.132040E-06
   3.33200   -0.125002E-06
   3.33400   -0.118247E-06
   3.33600   -0.111884E-06
   3.33800   -0.105979E-06
   3.34000   -0.100559E-06
   3.34200   -0.956293E-07
   3.34400   -0.911754E-07
   3.34600   -0.871707E-07
   3.34800   -0.835799E-07
   3.35000   -0.803601E-07
   3.35200   -0.774669E-07
   3.35400   -0.748524E-07
   3.35600   -0.724713E-07
   3.35800   -0.702825E-07
   3.36000   -0.682529E-07
   3.36200   -0.663582E-07
   3.36400   -0.645857E-07
   3.36600   -0.629342E-07
   3.36800   -0.614134E-07
   3.37000   -0.600408E-07
   3.37200   -0.588392E-07
   3.37400   -0.578318E-07
   3.37600   -0.570377E-07
   3.37800   -0.564673E-07
   3.38000   -0.561191E-07
   3.38200   -0.559777E-07
   3.38400   -0.560137E-07
   3.38600   -0.561851E-07
   3.38800   -0.564411E-07
   3.39000   -0.567261E-07
   3.39200   -0.569850E-07
   3.39400   -0.571680E-07
   3.39600   -0.572344E-07
   3.39800   -0.571558E-07
   3.40000   -0.569167E-07
   3.40200   -0.565145E-07
   3.40400   -0.559576E-07
   3.40600   -0.552632E-07
   3.40800   -0.544545E-07
   3.41000   -0.535579E-07
   3.41200   -0.526014E-07
   3.41400   -0.516130E-07
   3.41600   -0.506201E-07
   3.41800   -0.496491E-07
   3.42000   -0.487250E-07
   3.42200   -0.478707E-07
   3.42400   -0.471061E-07
   3.42600   -0.464469E-07
   3.42800   -0.459029E-07
   3.43000   -0.454771E-07
   3.43200   -0.451652E-07
   3.43400   -0.449557E-07
   3.43600   -0.448320E-07
   3.43800   -0.447741E-07
   3.44000   -0.447626E-07
   3.44200   -0.447811E-07
   3.44400   -0.448189E-07
   3.44600   -0.448727E-07
   3.44800   -0.449462E-07
   3.45000   -0.450489E-07
   3.45200   -0.451926E-07
   3.45400   -0.453884E-07
   3.45600   -0.456426E-07
   3.45800   -0.459540E-07
   3.46000   -0.463114E-07
   3.46200   -0.466942E-07
   3.46400   -0.470735E-07
   3.46600   -0.474153E-07
   3.46800   -0.476845E-07
   3.47000   -0.478485E-07
   3.47200   -0.478815E-07
   3.47400   -0.477663E-07
   3.47600   -0.474958E-07
   3.47800   -0.470721E-07
   3.48000   -0.465041E-07
   3.48200   -0.458049E-07
   3.48400   -0.449874E-07
   3.48600   -0.440612E-07
   3.48800   -0.430289E-07
   3.49000   -0.418838E-07
   3.49200   -0.406088E-07
   3.49400   -0.391759E-07
   3.49600   -0.375473E-07
   3.49800   -0.356778E-07
   3.50000   -0.335172E-07
   3.50200   -0.310151E-07
   3.50400   -0.281244E-07
   3.50600   -0.248068E-07
   3.50800   -0.210374E-07
   3.51000   -0.168081E-07
   3.51200   -0.121315E-07
   3.51400   -0.704179E-08
   3.51600   -0.159476E-08
   3.51800    0.413473E-08
   3.52000    0.100568E-07
   3.52200    0.160720E-07
   3.52400    0.220775E-07
   3.52600    0.279737E-07
   3.52800    0.336693E-07
   3.53000    0.390865E-07
   3.53200    0.441637E-07
   3.53400    0.488577E-07
   3.53600    0.531427E-07
   3.53800    0.570123E-07
   3.54000    0.604703E-07
   3.54200    0.635427E-07
   3.54400    0.662638E-07
   3.54600    0.686805E-07
   3.54800    0.708502E-07
   3.55000    0.728398E-07
   3.55200    0.747251E-07
   3.55400    0.765892E-07
   3.55600    0.785200E-07
   3.55800    0.806066E-07
   3.56000    0.829324E-07
   3.56200    0.855655E-07
   3.56400    0.885462E-07
   3.56600    0.918704E-07
   3.56800    0.954713E-07
   3.57000    0.992010E-07
   3.57200    0.102815E-06
   3.57400    0.105962E-06
   3.57600    0.108188E-06
   3.57800    0.108957E-06
   3.58000    0.107679E-06
   3.58200    0.103771E-06
   3.58400    0.967236E-07
   3.58600    0.861712E-07
   3.58800    0.719677E-07
   3.59000    0.542408E-07
   3.59200    0.334212E-07
   3.59400    0.102359E-07
   3.59600   -0.143370E-07
   3.59800   -0.391508E-07
   3.60000   -0.629975E-07
   3.60200   -0.847276E-07
   3.60400   -0.103364E-06
   3.60600   -0.118193E-06
   3.60800   -0.128820E-06
   3.61000   -0.135183E-06
   3.61200   -0.137529E-06
   3.61400   -0.136348E-06
   3.61600   -0.132297E-06
   3.61800   -0.126112E-06
   3.62000   -0.118521E-06
   3.62200   -0.110182E-06
   3.62400   -0.101640E-06
   3.62600   -0.933077E-07
   3.62800   -0.854616E-07
   3.63000   -0.782634E-07
   3.63200   -0.717814E-07
   3.63400   -0.660188E-07
   3.63600   -0.609383E-07
   3.63800   -0.564820E-07
   3.64000   -0.525846E-07
   3.64200   -0.491811E-07
   3.64400   -0.462094E-07
   3.64600   -0.436108E-07
   3.64800   -0.413293E-07
   3.65000   -0.393104E-07
   3.65200   -0.375025E-07
   3.65400   -0.358580E-07
   3.65600   -0.343360E-07
   3.65800   -0.329041E-07
   3.66000   -0.315422E-07
   3.66200   -0.302376E-07
   3.66400   -0.289963E-07
   3.66600   -0.278266E-07
   3.66800   -0.267440E-07
   3.67000   -0.257654E-07
   3.67200   -0.249051E-07
   3.67400   -0.241713E-07
   3.67600   -0.235638E-07
   3.67800   -0.230734E-07
   3.68000   -0.226822E-07
   3.68200   -0.223660E-07
   3.68400   -0.220968E-07
   3.68600   -0.218464E-07
   3.68800   -0.215894E-07
   3.69000   -0.213058E-07
   3.69200   -0.209828E-07
   3.69400   -0.206149E-07
   3.69600   -0.202035E-07
   3.69800   -0.197548E-07
   3.70000   -0.192783E-07
   3.70200   -0.187838E-07
   3.70400   -0.182794E-07
   3.70600   -0.177708E-07
   3.70800   -0.172599E-07
   3.71000   -0.167458E-07
   3.71200   -0.162260E-07
   3.71400   -0.156980E-07
   3.71600   -0.151612E-07
   3.71800   -0.146182E-07
   3.72000   -0.140763E-07
   3.72200   -0.135469E-07
   3.72400   -0.130449E-07
   3.72600   -0.125872E-07
   3.72800   -0.121896E-07
   3.73000   -0.118653E-07
   3.73200   -0.116220E-07
   3.73400   -0.114603E-07
   3.73600   -0.113731E-07
   3.73800   -0.113458E-07
   3.74000   -0.113579E-07
   3.74200   -0.113844E-07
   3.74400   -0.113992E-07
   3.74600   -0.113777E-07
   3.74800   -0.112990E-07
   3.75000   -0.111486E-07
   3.75200   -0.109195E-07
   3.75400   -0.106127E-07
   3.75600   -0.102367E-07
   3.75800   -0.980685E-08
   3.76000   -0.934315E-08
   3.76200   -0.886860E-08
   3.76400   -0.840688E-08
   3.76600   -0.798030E-08
   3.76800   -0.760807E-08
   3.77000   -0.730472E-08
   3.77200   -0.707920E-08
   3.77400   -0.693445E-08
   3.77600   -0.686724E-08
   3.77800   -0.686861E-08
   3.78000   -0.692457E-08
   3.78200   -0.701710E-08
   3.78400   -0.712534E-08
   3.78600   -0.722718E-08
   3.78800   -0.730087E-08
   3.79000   -0.732635E-08
   3.79200   -0.728726E-08
   3.79400   -0.717204E-08
   3.79600   -0.697513E-08
   3.79800   -0.669744E-08
   3.80000   -0.634631E-08
   3.80200   -0.593474E-08
   3.80400   -0.547995E-08
   3.80600   -0.500152E-08
   3.80800   -0.451912E-08
   3.81000   -0.405042E-08
   3.81200   -0.360920E-08
   3.81400   -0.320400E-08
   3.81600   -0.283757E-08
   3.81800   -0.250717E-08
   3.82000   -0.220556E-08
   3.82200   -0.192272E-08
   3.82400   -0.164782E-08
   3.82600   -0.137145E-08
   3.82800   -0.108752E-08
   3.83000   -0.794807E-09
   3.83200   -0.497749E-09
   3.83400   -0.206445E-09
   3.83600    0.641617E-10
   3.83800    0.295837E-09
   3.84000    0.469240E-09
   3.84200    0.566414E-09
   3.84400    0.573126E-09
   3.84600    0.481028E-09
   3.84800    0.289020E-09
   3.85000    0.376285E-11
   3.85200   -0.360851E-09
   3.85400   -0.785027E-09
   3.85600   -0.124528E-08
   3.85800   -0.171690E-08
   3.86000   -0.217635E-08
   3.86200   -0.260321E-08
   3.86400   -0.298144E-08
   3.86600   -0.329966E-08
   3.86800   -0.355054E-08
   3.87000   -0.372959E-08
   3.87200   -0.383359E-08
   3.87400   -0.385904E-08
   3.87600   -0.380098E-08
   3.87800   -0.365241E-08
   3.88000   -0.340445E-08
   3.88200   -0.304710E-08
   3.88400   -0.257049E-08
   3.88600   -0.196629E-08
   3.88800   -0.122910E-08
   3.89000   -0.357578E-09
   3.89200    0.644804E-09
   3.89400    0.176947E-08
   3.89600    0.300289E-08
   3.89800    0.432693E-08
   3.90000    0.571958E-08
   3.90200    0.715571E-08
   3.90400    0.860812E-08
   3.90600    0.100483E-07
   3.90800    0.114476E-07
   3.91000    0.127784E-07
   3.91200    0.140143E-07
   3.91400    0.151319E-07
   3.91600    0.161112E-07
   3.91800    0.169357E-07
   3.92000    0.175937E-07
   3.92200    0.180777E-07
   3.92400    0.183842E-07
   3.92600    0.185139E-07
   3.92800    0.184708E-07
   3.93000    0.182622E-07
   3.93200    0.178977E-07
   3.93400    0.173896E-07
   3.93600    0.167520E-07
   3.93800    0.160010E-07
   3.94000    0.151544E-07
   3.94200    0.142310E-07
   3.94400    0.132502E-07
   3.94600    0.122311E-07
   3.94800    0.111908E-07
   3.95000    0.101441E-07
   3.95200    0.910169E-08
   3.95400    0.806983E-08
   3.95600    0.705027E-08
   3.95800    0.604090E-08
   3.96000    0.503721E-08
   3.96200    0.403434E-08
   3.96400    0.302945E-08
   3.96600    0.202402E-08
   3.96800    0.102548E-08
   3.97000    0.479374E-10
   3.97200   -0.888293E-09
   3.97400   -0.175830E-08
   3.97600   -0.253530E-08
   3.97800   -0.319368E-08
   3.98000   -0.371227E-08
   3.98200   -0.407701E-08
   3.98400   -0.428271E-08
   3.98600   -0.433358E-08
   3.98800   -0.424265E-08
   3.99000   -0.403021E-08
   3.99200   -0.372158E-08
   3.99400   -0.334452E-08
   3.99600   -0.292693E-08
   3.99800   -0.249465E-08
   4.00000   -0.207000E-08
