   0.00000    0.000000E+00
   0.00200    0.000000E+00
   0.00400    0.000000E+00
   0.00600    0.000000E+00
   0.00800    0.000000E+00
   0.01000    0.000000E+00
   0.01200    0.000000E+00
   0.01400    0.000000E+00
   0.01600    0.000000E+00
   0.01800    0.000000E+00
   0.02000    0.000000E+00
   0.02200    0.000000E+00
   0.02400    0.000000E+00
   0.02600    0.316209E-11
   0.02800    0.855040E-11
   0.03000    0.176210E-10
   0.03200    0.349364E-10
   0.03400    0.675168E-10
   0.03600    0.127284E-09
   0.03800    0.234166E-09
   0.04000    0.420476E-09
   0.04200    0.736893E-09
   0.04400    0.126025E-08
   0.04600    0.210306E-08
   0.04800    0.342417E-08
   0.05000    0.543910E-08
   0.05200    0.842967E-08
   0.05400    0.127465E-07
   0.05600    0.188040E-07
   0.05800    0.270628E-07
   0.06000    0.379965E-07
   0.06200    0.520397E-07
   0.06400    0.695219E-07
   0.06600    0.905889E-07
   0.06800    0.115122E-06
   0.07000    0.142667E-06
   0.07200    0.172391E-06
   0.07400    0.203073E-06
   0.07600    0.233157E-06
   0.07800    0.260846E-06
   0.08000    0.284253E-06
   0.08200    0.301584E-06
   0.08400    0.311335E-06
   0.08600    0.312462E-06
   0.08800    0.304516E-06
   0.09000    0.287700E-06
   0.09200    0.262855E-06
   0.09400    0.231363E-06
   0.09600    0.194988E-06
   0.09800    0.155680E-06
   0.10000    0.115372E-06
   0.10200    0.757938E-07
   0.10400    0.383413E-07
   0.10600    0.399873E-08
   0.10800   -0.266711E-07
   0.11000   -0.534806E-07
   0.11200   -0.765307E-07
   0.11400   -0.961029E-07
   0.11600   -0.112552E-06
   0.11800   -0.126217E-06
   0.12000   -0.137356E-06
   0.12200   -0.146125E-06
   0.12400   -0.152582E-06
   0.12600   -0.156715E-06
   0.12800   -0.158488E-06
   0.13000   -0.157885E-06
   0.13200   -0.154952E-06
   0.13400   -0.149815E-06
   0.13600   -0.142693E-06
   0.13800   -0.133882E-06
   0.14000   -0.123737E-06
   0.14200   -0.112647E-06
   0.14400   -0.101007E-06
   0.14600   -0.891981E-07
   0.14800   -0.775737E-07
   0.15000   -0.664494E-07
   0.15200   -0.561089E-07
   0.15400   -0.468031E-07
   0.15600   -0.387495E-07
   0.15800   -0.321310E-07
   0.16000   -0.270893E-07
   0.16200   -0.237140E-07
   0.16400   -0.220295E-07
   0.16600   -0.219820E-07
   0.16800   -0.234314E-07
   0.17000   -0.261501E-07
   0.17200   -0.298311E-07
   0.17400   -0.341071E-07
   0.17600   -0.385765E-07
   0.17800   -0.428362E-07
   0.18000   -0.465159E-07
   0.18200   -0.493085E-07
   0.18400   -0.509929E-07
   0.18600   -0.514480E-07
   0.18800   -0.506539E-07
   0.19000   -0.486812E-07
   0.19200   -0.456741E-07
   0.19400   -0.418271E-07
   0.19600   -0.373618E-07
   0.19800   -0.325055E-07
   0.20000   -0.274746E-07
   0.20200   -0.224654E-07
   0.20400   -0.176505E-07
   0.20600   -0.131801E-07
   0.20800   -0.918611E-08
   0.21000   -0.578615E-08
   0.21200   -0.308596E-08
   0.21400   -0.117798E-08
   0.21600   -0.136191E-09
   0.21800   -0.756674E-11
   0.22000   -0.801928E-09
   0.22200   -0.248250E-08
   0.22400   -0.495941E-08
   0.22600   -0.808823E-08
   0.22800   -0.116751E-07
   0.23000   -0.154884E-07
   0.23200   -0.192757E-07
   0.23400   -0.227839E-07
   0.23600   -0.257810E-07
   0.23800   -0.280737E-07
   0.24000   -0.295234E-07
   0.24200   -0.300524E-07
   0.24400   -0.296462E-07
   0.24600   -0.283483E-07
   0.24800   -0.262508E-07
   0.25000   -0.234826E-07
   0.25200   -0.201966E-07
   0.25400   -0.165590E-07
   0.25600   -0.127402E-07
   0.25800   -0.890905E-08
   0.26000   -0.522930E-08
   0.26200   -0.185661E-08
   0.26400    0.106402E-08
   0.26600    0.340220E-08
   0.26800    0.504804E-08
   0.27000    0.591985E-08
   0.27200    0.597276E-08
   0.27400    0.520751E-08
   0.27600    0.367638E-08
   0.27800    0.148562E-08
   0.28000   -0.120691E-08
   0.28200   -0.420002E-08
   0.28400   -0.726254E-08
   0.28600   -0.101507E-07
   0.28800   -0.126275E-07
   0.29000   -0.144824E-07
   0.29200   -0.155483E-07
   0.29400   -0.157154E-07
   0.29600   -0.149393E-07
   0.29800   -0.132442E-07
   0.30000   -0.107199E-07
   0.30200   -0.751522E-08
   0.30400   -0.382609E-08
   0.30600    0.118547E-09
   0.30800    0.407322E-08
   0.31000    0.779328E-08
   0.31200    0.110524E-07
   0.31400    0.136587E-07
   0.31600    0.154690E-07
   0.31800    0.163996E-07
   0.32000    0.164322E-07
   0.32200    0.156156E-07
   0.32400    0.140614E-07
   0.32600    0.119345E-07
   0.32800    0.944026E-08
   0.33000    0.680753E-08
   0.33200    0.427089E-08
   0.33400    0.205304E-08
   0.33600    0.348688E-09
   0.33800   -0.688652E-09
   0.34000   -0.956459E-09
   0.34200   -0.409139E-09
   0.34400    0.939784E-09
   0.34600    0.301915E-08
   0.34800    0.570524E-08
   0.35000    0.883043E-08
   0.35200    0.121948E-07
   0.35400    0.155806E-07
   0.35600    0.187690E-07
   0.35800    0.215573E-07
   0.36000    0.237765E-07
   0.36200    0.253061E-07
   0.36400    0.260847E-07
   0.36600    0.261160E-07
   0.36800    0.254678E-07
   0.37000    0.242649E-07
   0.37200    0.226768E-07
   0.37400    0.209011E-07
   0.37600    0.191455E-07
   0.37800    0.176092E-07
   0.38000    0.164663E-07
   0.38200    0.158534E-07
   0.38400    0.158591E-07
   0.38600    0.165196E-07
   0.38800    0.178163E-07
   0.39000    0.196777E-07
   0.39200    0.219850E-07
   0.39400    0.245800E-07
   0.39600    0.272770E-07
   0.39800    0.298771E-07
   0.40000    0.321857E-07
   0.40200    0.340297E-07
   0.40400    0.352754E-07
   0.40600    0.358429E-07
   0.40800    0.357152E-07
   0.41000    0.349416E-07
   0.41200    0.336322E-07
   0.41400    0.319462E-07
   0.41600    0.300741E-07
   0.41800    0.282170E-07
   0.42000    0.265647E-07
   0.42200    0.252765E-07
   0.42400    0.244679E-07
   0.42600    0.242007E-07
   0.42800    0.244816E-07
   0.43000    0.252663E-07
   0.43200    0.264679E-07
   0.43400    0.279689E-07
   0.43600    0.296348E-07
   0.43800    0.313288E-07
   0.44000    0.329238E-07
   0.44200    0.343144E-07
   0.44400    0.354242E-07
   0.44600    0.362103E-07
   0.44800    0.366643E-07
   0.45000    0.368080E-07
   0.45200    0.366876E-07
   0.45400    0.363651E-07
   0.45600    0.359085E-07
   0.45800    0.353840E-07
   0.46000    0.348500E-07
   0.46200    0.343538E-07
   0.46400    0.339328E-07
   0.46600    0.336168E-07
   0.46800    0.334325E-07
   0.47000    0.334070E-07
   0.47200    0.335695E-07
   0.47400    0.339495E-07
   0.47600    0.345730E-07
   0.47800    0.354542E-07
   0.48000    0.365882E-07
   0.48200    0.379435E-07
   0.48400    0.394578E-07
   0.48600    0.410387E-07
   0.48800    0.425694E-07
   0.49000    0.439199E-07
   0.49200    0.449618E-07
   0.49400    0.455846E-07
   0.49600    0.457121E-07
   0.49800    0.453145E-07
   0.50000    0.444155E-07
   0.50200    0.430927E-07
   0.50400    0.414713E-07
   0.50600    0.397110E-07
   0.50800    0.379887E-07
   0.51000    0.364788E-07
   0.51200    0.353339E-07
   0.51400    0.346685E-07
   0.51600    0.345468E-07
   0.51800    0.349775E-07
   0.52000    0.359145E-07
   0.52200    0.372634E-07
   0.52400    0.388936E-07
   0.52600    0.406521E-07
   0.52800    0.423796E-07
   0.53000    0.439252E-07
   0.53200    0.451593E-07
   0.53400    0.459839E-07
   0.53600    0.463380E-07
   0.53800    0.462014E-07
   0.54000    0.455946E-07
   0.54200    0.445752E-07
   0.54400    0.432332E-07
   0.54600    0.416837E-07
   0.54800    0.400580E-07
   0.55000    0.384939E-07
   0.55200    0.371238E-07
   0.55400    0.360637E-07
   0.55600    0.354020E-07
   0.55800    0.351906E-07
   0.56000    0.354375E-07
   0.56200    0.361043E-07
   0.56400    0.371072E-07
   0.56600    0.383224E-07
   0.56800    0.395959E-07
   0.57000    0.407568E-07
   0.57200    0.416317E-07
   0.57400    0.420600E-07
   0.57600    0.419096E-07
   0.57800    0.410872E-07
   0.58000    0.395483E-07
   0.58200    0.372997E-07
   0.58400    0.344003E-07
   0.58600    0.309549E-07
   0.58800    0.271058E-07
   0.59000    0.230205E-07
   0.59200    0.188779E-07
   0.59400    0.148532E-07
   0.59600    0.111047E-07
   0.59800    0.776107E-08
   0.60000    0.491197E-08
   0.60200    0.260316E-08
   0.60400    0.835087E-09
   0.60600   -0.434055E-09
   0.60800   -0.128131E-08
   0.61000   -0.180923E-08
   0.61200   -0.213399E-08
   0.61400   -0.237363E-08
   0.61600   -0.263683E-08
   0.61800   -0.301442E-08
   0.62000   -0.357247E-08
   0.62200   -0.434925E-08
   0.62400   -0.535408E-08
   0.62600   -0.656842E-08
   0.62800   -0.794817E-08
   0.63000   -0.942715E-08
   0.63200   -0.109213E-07
   0.63400   -0.123340E-07
   0.63600   -0.135629E-07
   0.63800   -0.145072E-07
   0.64000   -0.150771E-07
   0.64200   -0.152027E-07
   0.64400   -0.148429E-07
   0.64600   -0.139918E-07
   0.64800   -0.126823E-07
   0.65000   -0.109849E-07
   0.65200   -0.900241E-08
   0.65400   -0.686071E-08
   0.65600   -0.469585E-08
   0.65800   -0.264042E-08
   0.66000   -0.810130E-09
   0.66200    0.706542E-09
   0.66400    0.185701E-08
   0.66600    0.262693E-08
   0.66800    0.303937E-08
   0.67000    0.315001E-08
   0.67200    0.303891E-08
   0.67400    0.280143E-08
   0.67600    0.253740E-08
   0.67800    0.234099E-08
   0.68000    0.229161E-08
   0.68200    0.244665E-08
   0.68400    0.283589E-08
   0.68600    0.345951E-08
   0.68800    0.428785E-08
   0.69000    0.526480E-08
   0.69200    0.631323E-08
   0.69400    0.734346E-08
   0.69600    0.826290E-08
   0.69800    0.898504E-08
   0.70000    0.944032E-08
   0.70200    0.958288E-08
   0.70400    0.939654E-08
   0.70600    0.889656E-08
   0.70800    0.812881E-08
   0.71000    0.716525E-08
   0.71200    0.609719E-08
   0.71400    0.502639E-08
   0.71600    0.405537E-08
   0.71800    0.327769E-08
   0.72000    0.276879E-08
   0.72200    0.257925E-08
   0.72400    0.272968E-08
   0.72600    0.320869E-08
   0.72800    0.397390E-08
   0.73000    0.495593E-08
   0.73200    0.606500E-08
   0.73400    0.719928E-08
   0.73600    0.825490E-08
   0.73800    0.913559E-08
   0.74000    0.976173E-08
   0.74200    0.100775E-07
   0.74400    0.100556E-07
   0.74600    0.969922E-08
   0.74800    0.904132E-08
   0.75000    0.814089E-08
   0.75200    0.707763E-08
   0.75400    0.594487E-08
   0.75600    0.484146E-08
   0.75800    0.386318E-08
   0.76000    0.309449E-08
   0.76200    0.260092E-08
   0.76400    0.242238E-08
   0.76600    0.256895E-08
   0.76800    0.301886E-08
   0.77000    0.371966E-08
   0.77200    0.459256E-08
   0.77400    0.553986E-08
   0.77600    0.645487E-08
   0.77800    0.723331E-08
   0.78000    0.778483E-08
   0.78200    0.804348E-08
   0.78400    0.797551E-08
   0.78600    0.758386E-08
   0.78800    0.690852E-08
   0.79000    0.602283E-08
   0.79200    0.502602E-08
   0.79400    0.403280E-08
   0.79600    0.316089E-08
   0.79800    0.251806E-08
   0.80000    0.218979E-08
   0.80200    0.222883E-08
   0.80400    0.264808E-08
   0.80600    0.341742E-08
   0.80800    0.446526E-08
   0.81000    0.568488E-08
   0.81200    0.694497E-08
   0.81400    0.810332E-08
   0.81600    0.902227E-08
   0.81800    0.958412E-08
   0.82000    0.970456E-08
   0.82200    0.934275E-08
   0.82400    0.850666E-08
   0.82600    0.725310E-08
   0.82800    0.568257E-08
   0.83000    0.392939E-08
   0.83200    0.214824E-08
   0.83400    0.498574E-09
   0.83600   -0.871654E-09
   0.83800   -0.184073E-08
   0.84000   -0.232564E-08
   0.84200   -0.229055E-08
   0.84400   -0.175048E-08
   0.84600   -0.769491E-09
   0.84800    0.546114E-09
   0.85000    0.205909E-08
   0.85200    0.361573E-08
   0.85400    0.506193E-08
   0.85600    0.625896E-08
   0.85800    0.709705E-08
   0.86000    0.750548E-08
   0.86200    0.745788E-08
   0.86400    0.697268E-08
   0.86600    0.610865E-08
   0.86800    0.495664E-08
   0.87000    0.362845E-08
   0.87200    0.224415E-08
   0.87400    0.919543E-09
   0.87600   -0.245263E-09
   0.87800   -0.117509E-08
   0.88000   -0.182590E-08
   0.88200   -0.218769E-08
   0.88400   -0.228367E-08
   0.88600   -0.216586E-08
   0.88800   -0.190781E-08
   0.89000   -0.159508E-08
   0.89200   -0.131457E-08
   0.89400   -0.114390E-08
   0.89600   -0.114208E-08
   0.89800   -0.134255E-08
   0.90000   -0.174934E-08
   0.90200   -0.233690E-08
   0.90400   -0.305333E-08
   0.90600   -0.382671E-08
   0.90800   -0.457393E-08
   0.91000   -0.521075E-08
   0.91200   -0.566210E-08
   0.91400   -0.587154E-08
   0.91600   -0.580895E-08
   0.91800   -0.547531E-08
   0.92000   -0.490420E-08
   0.92200   -0.415972E-08
   0.92400   -0.333074E-08
   0.92600   -0.252218E-08
   0.92800   -0.184417E-08
   0.93000   -0.140021E-08
   0.93200   -0.127581E-08
   0.93400   -0.152877E-08
   0.93600   -0.218231E-08
   0.93800   -0.322177E-08
   0.94000   -0.459529E-08
   0.94200   -0.621828E-08
   0.94400   -0.798150E-08
   0.94600   -0.976163E-08
   0.94800   -0.114332E-07
   0.95000   -0.128814E-07
   0.95200   -0.140134E-07
   0.95400   -0.147681E-07
   0.95600   -0.151224E-07
   0.95800   -0.150934E-07
   0.96000   -0.147363E-07
   0.96200   -0.141373E-07
   0.96400   -0.134035E-07
   0.96600   -0.126495E-07
   0.96800   -0.119833E-07
   0.97000   -0.114938E-07
   0.97200   -0.112394E-07
   0.97400   -0.112422E-07
   0.97600   -0.114863E-07
   0.97800   -0.119211E-07
   0.98000   -0.124695E-07
   0.98200   -0.130395E-07
   0.98400   -0.135374E-07
   0.98600   -0.138817E-07
   0.98800   -0.140154E-07
   0.99000   -0.139149E-07
   0.99200   -0.135952E-07
   0.99400   -0.131095E-07
   0.99600   -0.125442E-07
   0.99800   -0.120088E-07
   1.00000   -0.116223E-07
   1.00200   -0.114976E-07
   1.00400   -0.117257E-07
   1.00600   -0.123624E-07
   1.00800   -0.134187E-07
   1.01000   -0.148569E-07
   1.01200   -0.165920E-07
   1.01400   -0.185001E-07
   1.01600   -0.204311E-07
   1.01800   -0.222251E-07
   1.02000   -0.237300E-07
   1.02200   -0.248186E-07
   1.02400   -0.254027E-07
   1.02600   -0.254433E-07
   1.02800   -0.249541E-07
   1.03000   -0.240007E-07
   1.03200   -0.226928E-07
   1.03400   -0.211722E-07
   1.03600   -0.195978E-07
   1.03800   -0.181280E-07
   1.04000   -0.169054E-07
   1.04200   -0.160418E-07
   1.04400   -0.156084E-07
   1.04600   -0.156305E-07
   1.04800   -0.160874E-07
   1.05000   -0.169170E-07
   1.05200   -0.180254E-07
   1.05400   -0.192987E-07
   1.05600   -0.206163E-07
   1.05800   -0.218652E-07
   1.06000   -0.229516E-07
   1.06200   -0.238106E-07
   1.06400   -0.244119E-07
   1.06600   -0.247615E-07
   1.06800   -0.248989E-07
   1.07000   -0.248904E-07
   1.07200   -0.248193E-07
   1.07400   -0.247735E-07
   1.07600   -0.248332E-07
   1.07800   -0.250593E-07
   1.08000   -0.254849E-07
   1.08200   -0.261100E-07
   1.08400   -0.269021E-07
   1.08600   -0.278001E-07
   1.08800   -0.287240E-07
   1.09000   -0.295858E-07
   1.09200   -0.303035E-07
   1.09400   -0.308134E-07
   1.09600   -0.310806E-07
   1.09800   -0.311052E-07
   1.10000   -0.309240E-07
   1.10200   -0.306068E-07
   1.10400   -0.302478E-07
   1.10600   -0.299537E-07
   1.10800   -0.298286E-07
   1.11000   -0.299598E-07
   1.11200   -0.304050E-07
   1.11400   -0.311833E-07
   1.11600   -0.322704E-07
   1.11800   -0.336007E-07
   1.12000   -0.350742E-07
   1.12200   -0.365673E-07
   1.12400   -0.379483E-07
   1.12600   -0.390934E-07
   1.12800   -0.399014E-07
   1.13000   -0.403071E-07
   1.13200   -0.402889E-07
   1.13400   -0.398716E-07
   1.13600   -0.391235E-07
   1.13800   -0.381474E-07
   1.14000   -0.370676E-07
   1.14200   -0.360145E-07
   1.14400   -0.351084E-07
   1.14600   -0.344449E-07
   1.14800   -0.340843E-07
   1.15000   -0.340458E-07
   1.15200   -0.343078E-07
   1.15400   -0.348133E-07
   1.15600   -0.354802E-07
   1.15800   -0.362148E-07
   1.16000   -0.369261E-07
   1.16200   -0.375390E-07
   1.16400   -0.380044E-07
   1.16600   -0.383057E-07
   1.16800   -0.384589E-07
   1.17000   -0.385090E-07
   1.17200   -0.385213E-07
   1.17400   -0.385697E-07
   1.17600   -0.387248E-07
   1.17800   -0.390419E-07
   1.18000   -0.395518E-07
   1.18200   -0.402557E-07
   1.18400   -0.411242E-07
   1.18600   -0.421012E-07
   1.18800   -0.431115E-07
   1.19000   -0.440713E-07
   1.19200   -0.448998E-07
   1.19400   -0.455306E-07
   1.19600   -0.459215E-07
   1.19800   -0.460604E-07
   1.20000   -0.459676E-07
   1.20200   -0.456940E-07
   1.20400   -0.453147E-07
   1.20600   -0.449192E-07
   1.20800   -0.446002E-07
   1.21000   -0.444416E-07
   1.21200   -0.445073E-07
   1.21400   -0.448331E-07
   1.21600   -0.454226E-07
   1.21800   -0.462468E-07
   1.22000   -0.472494E-07
   1.22200   -0.483544E-07
   1.22400   -0.494772E-07
   1.22600   -0.505366E-07
   1.22800   -0.514656E-07
   1.23000   -0.522198E-07
   1.23200   -0.527825E-07
   1.23400   -0.531652E-07
   1.23600   -0.534039E-07
   1.23800   -0.535514E-07
   1.24000   -0.536671E-07
   1.24200   -0.538060E-07
   1.24400   -0.540088E-07
   1.24600   -0.542944E-07
   1.24800   -0.546554E-07
   1.25000   -0.550595E-07
   1.25200   -0.554539E-07
   1.25400   -0.557743E-07
   1.25600   -0.559556E-07
   1.25800   -0.559438E-07
   1.26000   -0.557061E-07
   1.26200   -0.552382E-07
   1.26400   -0.545678E-07
   1.26600   -0.537527E-07
   1.26800   -0.528745E-07
   1.27000   -0.520286E-07
   1.27200   -0.513114E-07
   1.27400   -0.508072E-07
   1.27600   -0.505769E-07
   1.27800   -0.506495E-07
   1.28000   -0.510184E-07
   1.28200   -0.516430E-07
   1.28400   -0.524551E-07
   1.28600   -0.533694E-07
   1.28800   -0.542959E-07
   1.29000   -0.551534E-07
   1.29200   -0.558803E-07
   1.29400   -0.564423E-07
   1.29600   -0.568362E-07
   1.29800   -0.570874E-07
   1.30000   -0.572441E-07
   1.30200   -0.573673E-07
   1.30400   -0.575195E-07
   1.30600   -0.577535E-07
   1.30800   -0.581036E-07
   1.31000   -0.585798E-07
   1.31200   -0.591672E-07
   1.31400   -0.598289E-07
   1.31600   -0.605132E-07
   1.31800   -0.611636E-07
   1.32000   -0.617282E-07
   1.32200   -0.621697E-07
   1.32400   -0.624711E-07
   1.32600   -0.626388E-07
   1.32800   -0.627007E-07
   1.33000   -0.627004E-07
   1.33200   -0.626891E-07
   1.33400   -0.627151E-07
   1.33600   -0.628148E-07
   1.33800   -0.630050E-07
   1.34000   -0.632795E-07
   1.34200   -0.636096E-07
   1.34400   -0.639491E-07
   1.34600   -0.642430E-07
   1.34800   -0.644381E-07
   1.35000   -0.644941E-07
   1.35200   -0.643925E-07
   1.35400   -0.641420E-07
   1.35600   -0.637800E-07
   1.35800   -0.633684E-07
   1.36000   -0.629846E-07
   1.36200   -0.627103E-07
   1.36400   -0.626183E-07
   1.36600   -0.627605E-07
   1.36800   -0.631582E-07
   1.37000   -0.637985E-07
   1.37200   -0.646344E-07
   1.37400   -0.655918E-07
   1.37600   -0.665797E-07
   1.37800   -0.675043E-07
   1.38000   -0.682822E-07
   1.38200   -0.688531E-07
   1.38400   -0.691877E-07
   1.38600   -0.692911E-07
   1.38800   -0.692003E-07
   1.39000   -0.689772E-07
   1.39200   -0.686972E-07
   1.39400   -0.684371E-07
   1.39600   -0.682627E-07
   1.39800   -0.682197E-07
   1.40000   -0.683280E-07
   1.40200   -0.685814E-07
   1.40400   -0.689521E-07
   1.40600   -0.693977E-07
   1.40800   -0.698719E-07
   1.41000   -0.703339E-07
   1.41200   -0.707567E-07
   1.41400   -0.711315E-07
   1.41600   -0.714682E-07
   1.41800   -0.717918E-07
   1.42000   -0.721353E-07
   1.42200   -0.725309E-07
   1.42400   -0.730007E-07
   1.42600   -0.735503E-07
   1.42800   -0.741650E-07
   1.43000   -0.748098E-07
   1.43200   -0.754351E-07
   1.43400   -0.759835E-07
   1.43600   -0.764002E-07
   1.43800   -0.766428E-07
   1.44000   -0.766885E-07
   1.44200   -0.765396E-07
   1.44400   -0.762233E-07
   1.44600   -0.757885E-07
   1.44800   -0.752984E-07
   1.45000   -0.748215E-07
   1.45200   -0.744220E-07
   1.45400   -0.741513E-07
   1.45600   -0.740423E-07
   1.45800   -0.741069E-07
   1.46000   -0.743372E-07
   1.46200   -0.747094E-07
   1.46400   -0.751897E-07
   1.46600   -0.757401E-07
   1.46800   -0.763246E-07
   1.47000   -0.769122E-07
   1.47200   -0.774783E-07
   1.47400   -0.780040E-07
   1.47600   -0.784731E-07
   1.47800   -0.788694E-07
   1.48000   -0.791740E-07
   1.48200   -0.793648E-07
   1.48400   -0.794174E-07
   1.48600   -0.793086E-07
   1.48800   -0.790222E-07
   1.49000   -0.785537E-07
   1.49200   -0.779156E-07
   1.49400   -0.771392E-07
   1.49600   -0.762745E-07
   1.49800   -0.753858E-07
   1.50000   -0.745446E-07
   1.50200   -0.738202E-07
   1.50400   -0.732706E-07
   1.50600   -0.729338E-07
   1.50800   -0.728229E-07
   1.51000   -0.729238E-07
   1.51200   -0.731978E-07
   1.51400   -0.735873E-07
   1.51600   -0.740243E-07
   1.51800   -0.744387E-07
   1.52000   -0.747675E-07
   1.52200   -0.749605E-07
   1.52400   -0.749845E-07
   1.52600   -0.748234E-07
   1.52800   -0.744770E-07
   1.53000   -0.739570E-07
   1.53200   -0.732831E-07
   1.53400   -0.724786E-07
   1.53600   -0.715679E-07
   1.53800   -0.705744E-07
   1.54000   -0.695200E-07
   1.54200   -0.684254E-07
   1.54400   -0.673110E-07
   1.54600   -0.661964E-07
   1.54800   -0.651003E-07
   1.55000   -0.640393E-07
   1.55200   -0.630253E-07
   1.55400   -0.620642E-07
   1.55600   -0.611538E-07
   1.55800   -0.602833E-07
   1.56000   -0.594342E-07
   1.56200   -0.585829E-07
   1.56400   -0.577042E-07
   1.56600   -0.567756E-07
   1.56800   -0.557810E-07
   1.57000   -0.547142E-07
   1.57200   -0.535794E-07
   1.57400   -0.523909E-07
   1.57600   -0.511696E-07
   1.57800   -0.499394E-07
   1.58000   -0.487217E-07
   1.58200   -0.475320E-07
   1.58400   -0.463765E-07
   1.58600   -0.452514E-07
   1.58800   -0.441444E-07
   1.59000   -0.430382E-07
   1.59200   -0.419144E-07
   1.59400   -0.407590E-07
   1.59600   -0.395658E-07
   1.59800   -0.383392E-07
   1.60000   -0.370938E-07
   1.60200   -0.358537E-07
   1.60400   -0.346480E-07
   1.60600   -0.335070E-07
   1.60800   -0.324575E-07
   1.61000   -0.315191E-07
   1.61200   -0.307018E-07
   1.61400   -0.300049E-07
   1.61600   -0.294183E-07
   1.61800   -0.289242E-07
   1.62000   -0.284997E-07
   1.62200   -0.281195E-07
   1.62400   -0.277590E-07
   1.62600   -0.273954E-07
   1.62800   -0.270095E-07
   1.63000   -0.265861E-07
   1.63200   -0.261150E-07
   1.63400   -0.255907E-07
   1.63600   -0.250128E-07
   1.63800   -0.243862E-07
   1.64000   -0.237209E-07
   1.64200   -0.230312E-07
   1.64400   -0.223342E-07
   1.64600   -0.216483E-07
   1.64800   -0.209906E-07
   1.65000   -0.203745E-07
   1.65200   -0.198080E-07
   1.65400   -0.192920E-07
   1.65600   -0.188210E-07
   1.65800   -0.183837E-07
   1.66000   -0.179657E-07
   1.66200   -0.175526E-07
   1.66400   -0.171321E-07
   1.66600   -0.166968E-07
   1.66800   -0.162452E-07
   1.67000   -0.157812E-07
   1.67200   -0.153130E-07
   1.67400   -0.148502E-07
   1.67600   -0.144021E-07
   1.67800   -0.139747E-07
   1.68000   -0.135700E-07
   1.68200   -0.131857E-07
   1.68400   -0.128165E-07
   1.68600   -0.124556E-07
   1.68800   -0.120972E-07
   1.69000   -0.117379E-07
   1.69200   -0.113784E-07
   1.69400   -0.110226E-07
   1.69600   -0.106773E-07
   1.69800   -0.103499E-07
   1.70000   -0.100466E-07
   1.70200   -0.977040E-08
   1.70400   -0.951998E-08
   1.70600   -0.928953E-08
   1.70800   -0.906942E-08
   1.71000   -0.884772E-08
   1.71200   -0.861212E-08
   1.71400   -0.835187E-08
   1.71600   -0.805937E-08
   1.71800   -0.773123E-08
   1.72000   -0.736860E-08
   1.72200   -0.697698E-08
   1.72400   -0.656539E-08
   1.72600   -0.614535E-08
   1.72800   -0.572974E-08
   1.73000   -0.533155E-08
   1.73200   -0.496276E-08
   1.73400   -0.463325E-08
   1.73600   -0.434990E-08
   1.73800   -0.411579E-08
   1.74000   -0.392980E-08
   1.74200   -0.378642E-08
   1.74400   -0.367594E-08
   1.74600   -0.358512E-08
   1.74800   -0.349818E-08
   1.75000   -0.339803E-08
   1.75200   -0.326766E-08
   1.75400   -0.309145E-08
   1.75600   -0.285644E-08
   1.75800   -0.255323E-08
   1.76000   -0.217668E-08
   1.76200   -0.172636E-08
   1.76400   -0.120661E-08
   1.76600   -0.626384E-09
   1.76800    0.126847E-11
   1.77000    0.660026E-09
   1.77200    0.133147E-08
   1.77400    0.199658E-08
   1.77600    0.263738E-08
   1.77800    0.323861E-08
   1.78000    0.378931E-08
   1.78200    0.428381E-08
   1.78400    0.472225E-08
   1.78600    0.511032E-08
   1.78800    0.545845E-08
   1.79000    0.578036E-08
   1.79200    0.609142E-08
   1.79400    0.640692E-08
   1.79600    0.674053E-08
   1.79800    0.710319E-08
   1.80000    0.750238E-08
   1.80200    0.794190E-08
   1.80400    0.842198E-08
   1.80600    0.893976E-08
   1.80800    0.948983E-08
   1.81000    0.100650E-07
   1.81200    0.106571E-07
   1.81400    0.112577E-07
   1.81600    0.118587E-07
   1.81800    0.124532E-07
   1.82000    0.130359E-07
   1.82200    0.136033E-07
   1.82400    0.141539E-07
   1.82600    0.146882E-07
   1.82800    0.152086E-07
   1.83000    0.157184E-07
   1.83200    0.162222E-07
   1.83400    0.167251E-07
   1.83600    0.172324E-07
   1.83800    0.177494E-07
   1.84000    0.182814E-07
   1.84200    0.188329E-07
   1.84400    0.194083E-07
   1.84600    0.200108E-07
   1.84800    0.206430E-07
   1.85000    0.213059E-07
   1.85200    0.219997E-07
   1.85400    0.227229E-07
   1.85600    0.234727E-07
   1.85800    0.242455E-07
   1.86000    0.250362E-07
   1.86200    0.258394E-07
   1.86400    0.266490E-07
   1.86600    0.274588E-07
   1.86800    0.282630E-07
   1.87000    0.290562E-07
   1.87200    0.298338E-07
   1.87400    0.305928E-07
   1.87600    0.313316E-07
   1.87800    0.320510E-07
   1.88000    0.327540E-07
   1.88200    0.334461E-07
   1.88400    0.341357E-07
   1.88600    0.348338E-07
   1.88800    0.355532E-07
   1.89000    0.363092E-07
   1.89200    0.371178E-07
   1.89400    0.379969E-07
   1.89600    0.389625E-07
   1.89800    0.400313E-07
   1.90000    0.412220E-07
   1.90200    0.425523E-07
   1.90400    0.440421E-07
   1.90600    0.457139E-07
   1.90800    0.475942E-07
   1.91000    0.497145E-07
   1.91200    0.521112E-07
   1.91400    0.548241E-07
   1.91600    0.578929E-07
   1.91800    0.613505E-07
   1.92000    0.652128E-07
   1.92200    0.694662E-07
   1.92400    0.740505E-07
   1.92600    0.788414E-07
   1.92800    0.836329E-07
   1.93000    0.881243E-07
   1.93200    0.919147E-07
   1.93400    0.945100E-07
   1.93600    0.953448E-07
   1.93800    0.938223E-07
   1.94000    0.893692E-07
   1.94200    0.815034E-07
   1.94400    0.699055E-07
   1.94600    0.544841E-07
   1.94800    0.354242E-07
   1.95000    0.132083E-07
   1.95200   -0.113966E-07
   1.95400   -0.373877E-07
   1.95600   -0.636067E-07
   1.95800   -0.888415E-07
   1.96000   -0.111937E-06
   1.96200   -0.131897E-06
   1.96400   -0.147967E-06
   1.96600   -0.159682E-06
   1.96800   -0.166884E-06
   1.97000   -0.169703E-06
   1.97200   -0.168509E-06
   1.97400   -0.163853E-06
   1.97600   -0.156393E-06
   1.97800   -0.146834E-06
   1.98000   -0.135868E-06
   1.98200   -0.124137E-06
   1.98400   -0.112204E-06
   1.98600   -0.100539E-06
   1.98800   -0.895145E-07
   1.99000   -0.794031E-07
   1.99200   -0.703804E-07
   1.99400   -0.625282E-07
   1.99600   -0.558376E-07
   1.99800   -0.502147E-07
   2.00000   -0.454889E-07
   2.00200   -0.414248E-07
   2.00400   -0.377401E-07
   2.00600   -0.341289E-07
   2.00800   -0.302881E-07
   2.01000   -0.259493E-07
   2.01200   -0.209093E-07
   2.01400   -0.150576E-07
   2.01600   -0.839857E-08
   2.01800   -0.106019E-08
   2.02000    0.670485E-08
   2.02200    0.145368E-07
   2.02400    0.220025E-07
   2.02600    0.286350E-07
   2.02800    0.339839E-07
   2.03000    0.376648E-07
   2.03200    0.394020E-07
   2.03400    0.390596E-07
   2.03600    0.366545E-07
   2.03800    0.323515E-07
   2.04000    0.264405E-07
   2.04200    0.193004E-07
   2.04400    0.113565E-07
   2.04600    0.303691E-08
   2.04800   -0.526524E-08
   2.05000   -0.132197E-07
   2.05200   -0.205752E-07
   2.05400   -0.271630E-07
   2.05600   -0.328918E-07
   2.05800   -0.377341E-07
   2.06000   -0.417112E-07
   2.06200   -0.448758E-07
   2.06400   -0.472985E-07
   2.06600   -0.490562E-07
   2.06800   -0.502244E-07
   2.07000   -0.508732E-07
   2.07200   -0.510654E-07
   2.07400   -0.508575E-07
   2.07600   -0.503001E-07
   2.07800   -0.494403E-07
   2.08000   -0.483229E-07
   2.08200   -0.469920E-07
   2.08400   -0.454916E-07
   2.08600   -0.438660E-07
   2.08800   -0.421597E-07
   2.09000   -0.404168E-07
   2.09200   -0.386802E-07
   2.09400   -0.369909E-07
   2.09600   -0.353867E-07
   2.09800   -0.339011E-07
   2.10000   -0.325622E-07
   2.10200   -0.313922E-07
   2.10400   -0.304044E-07
   2.10600   -0.296023E-07
   2.10800   -0.289785E-07
   2.11000   -0.285134E-07
   2.11200   -0.281757E-07
   2.11400   -0.279232E-07
   2.11600   -0.277055E-07
   2.11800   -0.274683E-07
   2.12000   -0.271573E-07
   2.12200   -0.267239E-07
   2.12400   -0.261298E-07
   2.12600   -0.253512E-07
   2.12800   -0.243810E-07
   2.13000   -0.232294E-07
   2.13200   -0.219220E-07
   2.13400   -0.204976E-07
   2.13600   -0.190037E-07
   2.13800   -0.174912E-07
   2.14000   -0.160096E-07
   2.14200   -0.146023E-07
   2.14400   -0.133028E-07
   2.14600   -0.121320E-07
   2.14800   -0.110974E-07
   2.15000   -0.101928E-07
   2.15200   -0.940071E-08
   2.15400   -0.869457E-08
   2.15600   -0.804218E-08
   2.15800   -0.740915E-08
   2.16000   -0.676216E-08
   2.16200   -0.607160E-08
   2.16400   -0.531341E-08
   2.16600   -0.447018E-08
   2.16800   -0.353153E-08
   2.17000   -0.249410E-08
   2.17200   -0.136113E-08
   2.17400   -0.141831E-09
   2.17600    0.114938E-08
   2.17800    0.249393E-08
   2.18000    0.387039E-08
   2.18200    0.525605E-08
   2.18400    0.662873E-08
   2.18600    0.796870E-08
   2.18800    0.926068E-08
   2.19000    0.104953E-07
   2.19200    0.116702E-07
   2.19400    0.127904E-07
   2.19600    0.138677E-07
   2.19800    0.149197E-07
   2.20000    0.159676E-07
   2.20200    0.170348E-07
   2.20400    0.181447E-07
   2.20600    0.193192E-07
   2.20800    0.205772E-07
   2.21000    0.219342E-07
   2.21200    0.234023E-07
   2.21400    0.249900E-07
   2.21600    0.267030E-07
   2.21800    0.285445E-07
   2.22000    0.305153E-07
   2.22200    0.326135E-07
   2.22400    0.348344E-07
   2.22600    0.371690E-07
   2.22800    0.396026E-07
   2.23000    0.421118E-07
   2.23200    0.446615E-07
   2.23400    0.472013E-07
   2.23600    0.496609E-07
   2.23800    0.519479E-07
   2.24000    0.539457E-07
   2.24200    0.555161E-07
   2.24400    0.565050E-07
   2.24600    0.567534E-07
   2.24800    0.561120E-07
   2.25000    0.544597E-07
   2.25200    0.517218E-07
   2.25400    0.478862E-07
   2.25600    0.430147E-07
   2.25800    0.372451E-07
   2.26000    0.307855E-07
   2.26200    0.238984E-07
   2.26400    0.168778E-07
   2.26600    0.100219E-07
   2.26800    0.360592E-08
   2.27000   -0.214273E-08
   2.27200   -0.706142E-08
   2.27400   -0.110614E-07
   2.27600   -0.141277E-07
   2.27800   -0.163106E-07
   2.28000   -0.177117E-07
   2.28200   -0.184660E-07
   2.28400   -0.187240E-07
   2.28600   -0.186351E-07
   2.28800   -0.183349E-07
   2.29000   -0.179366E-07
   2.29200   -0.175268E-07
   2.29400   -0.171655E-07
   2.29600   -0.168884E-07
   2.29800   -0.167116E-07
   2.30000   -0.166367E-07
   2.30200   -0.166558E-07
   2.30400   -0.167558E-07
   2.30600   -0.169215E-07
   2.30800   -0.171380E-07
   2.31000   -0.173922E-07
   2.31200   -0.176728E-07
   2.31400   -0.179709E-07
   2.31600   -0.182795E-07
   2.31800   -0.185940E-07
   2.32000   -0.189116E-07
   2.32200   -0.192312E-07
   2.32400   -0.195536E-07
   2.32600   -0.198815E-07
   2.32800   -0.202184E-07
   2.33000   -0.205692E-07
   2.33200   -0.209392E-07
   2.33400   -0.213343E-07
   2.33600   -0.217606E-07
   2.33800   -0.222235E-07
   2.34000   -0.227279E-07
   2.34200   -0.232771E-07
   2.34400   -0.238722E-07
   2.34600   -0.245108E-07
   2.34800   -0.251858E-07
   2.35000   -0.258844E-07
   2.35200   -0.265867E-07
   2.35400   -0.272656E-07
   2.35600   -0.278873E-07
   2.35800   -0.284133E-07
   2.36000   -0.288029E-07
   2.36200   -0.290181E-07
   2.36400   -0.290274E-07
   2.36600   -0.288115E-07
   2.36800   -0.283659E-07
   2.37000   -0.277040E-07
   2.37200   -0.268565E-07
   2.37400   -0.258683E-07
   2.37600   -0.247943E-07
   2.37800   -0.236923E-07
   2.38000   -0.226162E-07
   2.38200   -0.216089E-07
   2.38400   -0.206983E-07
   2.38600   -0.198942E-07
   2.38800   -0.191895E-07
   2.39000   -0.185631E-07
   2.39200   -0.179854E-07
   2.39400   -0.174247E-07
   2.39600   -0.168539E-07
   2.39800   -0.162552E-07
   2.40000   -0.156241E-07
   2.40200   -0.149698E-07
   2.40400   -0.143139E-07
   2.40600   -0.136873E-07
   2.40800   -0.131253E-07
   2.41000   -0.126630E-07
   2.41200   -0.123299E-07
   2.41400   -0.121474E-07
   2.41600   -0.121256E-07
   2.41800   -0.122636E-07
   2.42000   -0.125499E-07
   2.42200   -0.129646E-07
   2.42400   -0.134825E-07
   2.42600   -0.140756E-07
   2.42800   -0.147161E-07
   2.43000   -0.153792E-07
   2.43200   -0.160445E-07
   2.43400   -0.166971E-07
   2.43600   -0.173281E-07
   2.43800   -0.179341E-07
   2.44000   -0.185159E-07
   2.44200   -0.190773E-07
   2.44400   -0.196235E-07
   2.44600   -0.201589E-07
   2.44800   -0.206855E-07
   2.45000   -0.212015E-07
   2.45200   -0.217009E-07
   2.45400   -0.221731E-07
   2.45600   -0.226040E-07
   2.45800   -0.229774E-07
   2.46000   -0.232770E-07
   2.46200   -0.234889E-07
   2.46400   -0.236031E-07
   2.46600   -0.236156E-07
   2.46800   -0.235288E-07
   2.47000   -0.233516E-07
   2.47200   -0.230985E-07
   2.47400   -0.227876E-07
   2.47600   -0.224394E-07
   2.47800   -0.220741E-07
   2.48000   -0.217101E-07
   2.48200   -0.213627E-07
   2.48400   -0.210425E-07
   2.48600   -0.207562E-07
   2.48800   -0.205059E-07
   2.49000   -0.202902E-07
   2.49200   -0.201049E-07
   2.49400   -0.199444E-07
   2.49600   -0.198025E-07
   2.49800   -0.196739E-07
   2.50000   -0.195545E-07
   2.50200   -0.194427E-07
   2.50400   -0.193392E-07
   2.50600   -0.192472E-07
   2.50800   -0.191719E-07
   2.51000   -0.191198E-07
   2.51200   -0.190976E-07
   2.51400   -0.191114E-07
   2.51600   -0.191656E-07
   2.51800   -0.192617E-07
   2.52000   -0.193980E-07
   2.52200   -0.195691E-07
   2.52400   -0.197666E-07
   2.52600   -0.199792E-07
   2.52800   -0.201945E-07
   2.53000   -0.204001E-07
   2.53200   -0.205855E-07
   2.53400   -0.207431E-07
   2.53600   -0.208698E-07
   2.53800   -0.209670E-07
   2.54000   -0.210407E-07
   2.54200   -0.211001E-07
   2.54400   -0.211563E-07
   2.54600   -0.212199E-07
   2.54800   -0.212997E-07
   2.55000   -0.214003E-07
   2.55200   -0.215215E-07
   2.55400   -0.216580E-07
   2.55600   -0.218003E-07
   2.55800   -0.219359E-07
   2.56000   -0.220515E-07
   2.56200   -0.221357E-07
   2.56400   -0.221806E-07
   2.56600   -0.221837E-07
   2.56800   -0.221490E-07
   2.57000   -0.220870E-07
   2.57200   -0.220136E-07
   2.57400   -0.219481E-07
   2.57600   -0.219110E-07
   2.57800   -0.219205E-07
   2.58000   -0.219908E-07
   2.58200   -0.221288E-07
   2.58400   -0.223333E-07
   2.58600   -0.225946E-07
   2.58800   -0.228956E-07
   2.59000   -0.232143E-07
   2.59200   -0.235258E-07
   2.59400   -0.238067E-07
   2.59600   -0.240375E-07
   2.59800   -0.242054E-07
   2.60000   -0.243056E-07
   2.60200   -0.243413E-07
   2.60400   -0.243228E-07
   2.60600   -0.242653E-07
   2.60800   -0.241860E-07
   2.61000   -0.241010E-07
   2.61200   -0.240237E-07
   2.61400   -0.239621E-07
   2.61600   -0.239189E-07
   2.61800   -0.238916E-07
   2.62000   -0.238743E-07
   2.62200   -0.238590E-07
   2.62400   -0.238385E-07
   2.62600   -0.238077E-07
   2.62800   -0.237651E-07
   2.63000   -0.237133E-07
   2.63200   -0.236580E-07
   2.63400   -0.236074E-07
   2.63600   -0.235698E-07
   2.63800   -0.235522E-07
   2.64000   -0.235581E-07
   2.64200   -0.235866E-07
   2.64400   -0.236323E-07
   2.64600   -0.236856E-07
   2.64800   -0.237341E-07
   2.65000   -0.237645E-07
   2.65200   -0.237648E-07
   2.65400   -0.237262E-07
   2.65600   -0.236446E-07
   2.65800   -0.235213E-07
   2.66000   -0.233628E-07
   2.66200   -0.231795E-07
   2.66400   -0.229844E-07
   2.66600   -0.227905E-07
   2.66800   -0.226092E-07
   2.67000   -0.224483E-07
   2.67200   -0.223110E-07
   2.67400   -0.221954E-07
   2.67600   -0.220956E-07
   2.67800   -0.220021E-07
   2.68000   -0.219044E-07
   2.68200   -0.217919E-07
   2.68400   -0.216561E-07
   2.68600   -0.214911E-07
   2.68800   -0.212945E-07
   2.69000   -0.210671E-07
   2.69200   -0.208125E-07
   2.69400   -0.205359E-07
   2.69600   -0.202434E-07
   2.69800   -0.199412E-07
   2.70000   -0.196348E-07
   2.70200   -0.193289E-07
   2.70400   -0.190271E-07
   2.70600   -0.187318E-07
   2.70800   -0.184449E-07
   2.71000   -0.181673E-07
   2.71200   -0.178992E-07
   2.71400   -0.176400E-07
   2.71600   -0.173880E-07
   2.71800   -0.171403E-07
   2.72000   -0.168932E-07
   2.72200   -0.166419E-07
   2.72400   -0.163816E-07
   2.72600   -0.161075E-07
   2.72800   -0.158162E-07
   2.73000   -0.155064E-07
   2.73200   -0.151788E-07
   2.73400   -0.148375E-07
   2.73600   -0.144887E-07
   2.73800   -0.141406E-07
   2.74000   -0.138018E-07
   2.74200   -0.134804E-07
   2.74400   -0.131821E-07
   2.74600   -0.129093E-07
   2.74800   -0.126601E-07
   2.75000   -0.124286E-07
   2.75200   -0.122052E-07
   2.75400   -0.119778E-07
   2.75600   -0.117335E-07
   2.75800   -0.114604E-07
   2.76000   -0.111489E-07
   2.76200   -0.107934E-07
   2.76400   -0.103926E-07
   2.76600   -0.994998E-08
   2.76800   -0.947289E-08
   2.77000   -0.897186E-08
   2.77200   -0.845920E-08
   2.77400   -0.794761E-08
   2.77600   -0.744881E-08
   2.77800   -0.697246E-08
   2.78000   -0.652533E-08
   2.78200   -0.611091E-08
   2.78400   -0.572936E-08
   2.78600   -0.537778E-08
   2.78800   -0.505072E-08
   2.79000   -0.474094E-08
   2.79200   -0.444011E-08
   2.79400   -0.413963E-08
   2.79600   -0.383140E-08
   2.79800   -0.350849E-08
   2.80000   -0.316570E-08
   2.80200   -0.280005E-08
   2.80400   -0.241099E-08
   2.80600   -0.200051E-08
   2.80800   -0.157291E-08
   2.81000   -0.113437E-08
   2.81200   -0.692187E-09
   2.81400   -0.253839E-09
   2.81600    0.174192E-09
   2.81800    0.587561E-09
   2.82000    0.985200E-09
   2.82200    0.137010E-08
   2.82400    0.174975E-08
   2.82600    0.213601E-08
   2.82800    0.254443E-08
   2.83000    0.299299E-08
   2.83200    0.350038E-08
   2.83400    0.408406E-08
   2.83600    0.475830E-08
   2.83800    0.553239E-08
   2.84000    0.640958E-08
   2.84200    0.738645E-08
   2.84400    0.845330E-08
   2.84600    0.959508E-08
   2.84800    0.107931E-07
   2.85000    0.120271E-07
   2.85200    0.132770E-07
   2.85400    0.145250E-07
   2.85600    0.157566E-07
   2.85800    0.169618E-07
   2.86000    0.181343E-07
   2.86200    0.192721E-07
   2.86400    0.203752E-07
   2.86600    0.214458E-07
   2.86800    0.224859E-07
   2.87000    0.234974E-07
   2.87200    0.244810E-07
   2.87400    0.254359E-07
   2.87600    0.263607E-07
   2.87800    0.272531E-07
   2.88000    0.281114E-07
   2.88200    0.289344E-07
   2.88400    0.297221E-07
   2.88600    0.304767E-07
   2.88800    0.312025E-07
   2.89000    0.319054E-07
   2.89200    0.325935E-07
   2.89400    0.332765E-07
   2.89600    0.339655E-07
   2.89800    0.346740E-07
   2.90000    0.354179E-07
   2.90200    0.362168E-07
   2.90400    0.370954E-07
   2.90600    0.380849E-07
   2.90800    0.392237E-07
   2.91000    0.405581E-07
   2.91200    0.421404E-07
   2.91400    0.440257E-07
   2.91600    0.462655E-07
   2.91800    0.488998E-07
   2.92000    0.519466E-07
   2.92200    0.553908E-07
   2.92400    0.591748E-07
   2.92600    0.631916E-07
   2.92800    0.672833E-07
   2.93000    0.712467E-07
   2.93200    0.748455E-07
   2.93400    0.778300E-07
   2.93600    0.799619E-07
   2.93800    0.810399E-07
   2.94000    0.809243E-07
   2.94200    0.795553E-07
   2.94400    0.769623E-07
   2.94600    0.732632E-07
   2.94800    0.686526E-07
   2.95000    0.633812E-07
   2.95200    0.577301E-07
   2.95400    0.519829E-07
   2.95600    0.463998E-07
   2.95800    0.411976E-07
   2.96000    0.365364E-07
   2.96200    0.325145E-07
   2.96400    0.291712E-07
   2.96600    0.264942E-07
   2.96800    0.244316E-07
   2.97000    0.229045E-07
   2.97200    0.218192E-07
   2.97400    0.210774E-07
   2.97600    0.205836E-07
   2.97800    0.202503E-07
   2.98000    0.199999E-07
   2.98200    0.197660E-07
   2.98400    0.194929E-07
   2.98600    0.191355E-07
   2.98800    0.186588E-07
   2.99000    0.180381E-07
   2.99200    0.172588E-07
   2.99400    0.163168E-07
   2.99600    0.152184E-07
   2.99800    0.139795E-07
   3.00000    0.126247E-07
   3.00200    0.111856E-07
   3.00400    0.969923E-08
   3.00600    0.820554E-08
   3.00800    0.674491E-08
   3.01000    0.535653E-08
   3.01200    0.407622E-08
   3.01400    0.293439E-08
   3.01600    0.195434E-08
   3.01800    0.115064E-08
   3.02000    0.527971E-09
   3.02200    0.805671E-10
   3.02400   -0.207730E-09
   3.02600   -0.362528E-09
   3.02800   -0.417038E-09
   3.03000   -0.409489E-09
   3.03200   -0.379946E-09
   3.03400   -0.366953E-09
   3.03600   -0.404297E-09
   3.03800   -0.518212E-09
   3.04000   -0.725402E-09
   3.04200   -0.103193E-08
   3.04400   -0.143305E-08
   3.04600   -0.191394E-08
   3.04800   -0.245114E-08
   3.05000   -0.301472E-08
   3.05200   -0.357086E-08
   3.05400   -0.408450E-08
   3.05600   -0.452236E-08
   3.05800   -0.485628E-08
   3.06000   -0.506545E-08
   3.06200   -0.513888E-08
   3.06400   -0.507689E-08
   3.06600   -0.489153E-08
   3.06800   -0.460595E-08
   3.07000   -0.425248E-08
   3.07200   -0.386962E-08
   3.07400   -0.349834E-08
   3.07600   -0.317790E-08
   3.07800   -0.294200E-08
   3.08000   -0.281564E-08
   3.08200   -0.281310E-08
   3.08400   -0.293738E-08
   3.08600   -0.318106E-08
   3.08800   -0.352846E-08
   3.09000   -0.395851E-08
   3.09200   -0.444807E-08
   3.09400   -0.497513E-08
   3.09600   -0.552131E-08
   3.09800   -0.607352E-08
   3.10000   -0.662462E-08
   3.10200   -0.717333E-08
   3.10400   -0.772271E-08
   3.10600   -0.827831E-08
   3.10800   -0.884831E-08
   3.11000   -0.943970E-08
   3.11200   -0.100583E-07
   3.11400   -0.107082E-07
   3.11600   -0.113915E-07
   3.11800   -0.121097E-07
   3.12000   -0.128644E-07
   3.12200   -0.136590E-07
   3.12400   -0.144998E-07
   3.12600   -0.153962E-07
   3.12800   -0.163606E-07
   3.13000   -0.174056E-07
   3.13200   -0.185413E-07
   3.13400   -0.197699E-07
   3.13600   -0.210800E-07
   3.13800   -0.224418E-07
   3.14000   -0.238016E-07
   3.14200   -0.250805E-07
   3.14400   -0.261753E-07
   3.14600   -0.269641E-07
   3.14800   -0.273152E-07
   3.15000   -0.271008E-07
   3.15200   -0.262112E-07
   3.15400   -0.245702E-07
   3.15600   -0.221478E-07
   3.15800   -0.189674E-07
   3.16000   -0.151081E-07
   3.16200   -0.106987E-07
   3.16400   -0.590613E-08
   3.16600   -0.918443E-09
   3.16800    0.407402E-08
   3.17000    0.889720E-08
   3.17200    0.134085E-07
   3.17400    0.175070E-07
   3.17600    0.211368E-07
   3.17800    0.242854E-07
   3.18000    0.269764E-07
   3.18200    0.292598E-07
   3.18400    0.312007E-07
   3.18600    0.328684E-07
   3.18800    0.343285E-07
   3.19000    0.356363E-07
   3.19200    0.368336E-07
   3.19400    0.379480E-07
   3.19600    0.389936E-07
   3.19800    0.399739E-07
   3.20000    0.408853E-07
   3.20200    0.417199E-07
   3.20400    0.424701E-07
   3.20600    0.431313E-07
   3.20800    0.437045E-07
   3.21000    0.441982E-07
   3.21200    0.446294E-07
   3.21400    0.450229E-07
   3.21600    0.454104E-07
   3.21800    0.458274E-07
   3.22000    0.463110E-07
   3.22200    0.468964E-07
   3.22400    0.476126E-07
   3.22600    0.484800E-07
   3.22800    0.495066E-07
   3.23000    0.506901E-07
   3.23200    0.520134E-07
   3.23400    0.534498E-07
   3.23600    0.549641E-07
   3.23800    0.565206E-07
   3.24000    0.580871E-07
   3.24200    0.596443E-07
   3.24400    0.611922E-07
   3.24600    0.627573E-07
   3.24800    0.643976E-07
   3.25000    0.662040E-07
   3.25200    0.682985E-07
   3.25400    0.708275E-07
   3.25600    0.739510E-07
   3.25800    0.778281E-07
   3.26000    0.825986E-07
   3.26200    0.883637E-07
   3.26400    0.951651E-07
   3.26600    0.102966E-06
   3.26800    0.111632E-06
   3.27000    0.120923E-06
   3.27200    0.130482E-06
   3.27400    0.139839E-06
   3.27600    0.148430E-06
   3.27800    0.155618E-06
   3.28000    0.160738E-06
   3.28200    0.163153E-06
   3.28400    0.162310E-06
   3.28600    0.157806E-06
   3.28800    0.149446E-06
   3.29000    0.137280E-06
   3.29200    0.121624E-06
   3.29400    0.103045E-06
   3.29600    0.823258E-07
   3.29800    0.603946E-07
   3.30000    0.382467E-07
   3.30200    0.168540E-07
   3.30400   -0.291691E-08
   3.30600   -0.203717E-07
   3.30800   -0.350306E-07
   3.31000   -0.466447E-07
   3.31200   -0.551859E-07
   3.31400   -0.608148E-07
   3.31600   -0.638361E-07
   3.31800   -0.646469E-07
   3.32000   -0.636862E-07
   3.32200   -0.613926E-07
   3.32400   -0.581706E-07
   3.32600   -0.543705E-07
   3.32800   -0.502775E-07
   3.33000   -0.461114E-07
   3.33200   -0.420312E-07
   3.33400   -0.381446E-07
   3.33600   -0.345179E-07
   3.33800   -0.311867E-07
   3.34000   -0.281640E-07
   3.34200   -0.254485E-07
   3.34400   -0.230283E-07
   3.34600   -0.208852E-07
   3.34800   -0.189968E-07
   3.35000   -0.173372E-07
   3.35200   -0.158798E-07
   3.35400   -0.145958E-07
   3.35600   -0.134563E-07
   3.35800   -0.124329E-07
   3.36000   -0.115002E-07
   3.36200   -0.106350E-07
   3.36400   -0.981831E-08
   3.36600   -0.903614E-08
   3.36800   -0.827965E-08
   3.37000   -0.754491E-08
   3.37200   -0.683259E-08
   3.37400   -0.614685E-08
   3.37600   -0.549427E-08
   3.37800   -0.488245E-08
   3.38000   -0.431899E-08
   3.38200   -0.381050E-08
   3.38400   -0.336188E-08
   3.38600   -0.297596E-08
   3.38800   -0.265345E-08
   3.39000   -0.239301E-08
   3.39200   -0.219155E-08
   3.39400   -0.204463E-08
   3.39600   -0.194681E-08
   3.39800   -0.189215E-08
   3.40000   -0.187444E-08
   3.40200   -0.188752E-08
   3.40400   -0.192543E-08
   3.40600   -0.198263E-08
   3.40800   -0.205404E-08
   3.41000   -0.213524E-08
   3.41200   -0.222266E-08
   3.41400   -0.231382E-08
   3.41600   -0.240756E-08
   3.41800   -0.250425E-08
   3.42000   -0.260579E-08
   3.42200   -0.271549E-08
   3.42400   -0.283766E-08
   3.42600   -0.297702E-08
   3.42800   -0.313800E-08
   3.43000   -0.332400E-08
   3.43200   -0.353693E-08
   3.43400   -0.377696E-08
   3.43600   -0.404286E-08
   3.43800   -0.433251E-08
   3.44000   -0.464377E-08
   3.44200   -0.497556E-08
   3.44400   -0.532849E-08
   3.44600   -0.570544E-08
   3.44800   -0.611149E-08
   3.45000   -0.655336E-08
   3.45200   -0.703831E-08
   3.45400   -0.757279E-08
   3.45600   -0.816122E-08
   3.45800   -0.880477E-08
   3.46000   -0.950068E-08
   3.46200   -0.102422E-07
   3.46400   -0.110192E-07
   3.46600   -0.118191E-07
   3.46800   -0.126283E-07
   3.47000   -0.134332E-07
   3.47200   -0.142221E-07
   3.47400   -0.149852E-07
   3.47600   -0.157150E-07
   3.47800   -0.164062E-07
   3.48000   -0.170545E-07
   3.48200   -0.176561E-07
   3.48400   -0.182056E-07
   3.48600   -0.186957E-07
   3.48800   -0.191157E-07
   3.49000   -0.194507E-07
   3.49200   -0.196812E-07
   3.49400   -0.197828E-07
   3.49600   -0.197264E-07
   3.49800   -0.194784E-07
   3.50000   -0.190016E-07
   3.50200   -0.182565E-07
   3.50400   -0.172032E-07
   3.50600   -0.158040E-07
   3.50800   -0.140257E-07
   3.51000   -0.118432E-07
   3.51200   -0.924149E-08
   3.51400   -0.621848E-08
   3.51600   -0.278620E-08
   3.51800    0.102920E-08
   3.52000    0.518827E-08
   3.52200    0.964033E-08
   3.52400    0.143264E-07
   3.52600    0.191826E-07
   3.52800    0.241436E-07
   3.53000    0.291462E-07
   3.53200    0.341316E-07
   3.53400    0.390489E-07
   3.53600    0.438555E-07
   3.53800    0.485207E-07
   3.54000    0.530198E-07
   3.54200    0.573473E-07
   3.54400    0.615064E-07
   3.54600    0.655141E-07
   3.54800    0.694009E-07
   3.55000    0.732101E-07
   3.55200    0.769973E-07
   3.55400    0.808289E-07
   3.55600    0.847787E-07
   3.55800    0.889236E-07
   3.56000    0.933361E-07
   3.56200    0.980743E-07
   3.56400    0.103169E-06
   3.56600    0.108605E-06
   3.56800    0.114306E-06
   3.57000    0.120111E-06
   3.57200    0.125759E-06
   3.57400    0.130881E-06
   3.57600    0.134997E-06
   3.57800    0.137532E-06
   3.58000    0.137855E-06
   3.58200    0.135326E-06
   3.58400    0.129371E-06
   3.58600    0.119555E-06
   3.58800    0.105664E-06
   3.59000    0.877633E-07
   3.59200    0.662407E-07
   3.59400    0.418035E-07
   3.59600    0.154407E-07
   3.59800   -0.116554E-07
   3.60000   -0.381982E-07
   3.60200   -0.629307E-07
   3.60400   -0.847480E-07
   3.60600   -0.102799E-06
   3.60800   -0.116553E-06
   3.61000   -0.125828E-06
   3.61200   -0.130770E-06
   3.61400   -0.131800E-06
   3.61600   -0.129536E-06
   3.61800   -0.124702E-06
   3.62000   -0.118045E-06
   3.62200   -0.110260E-06
   3.62400   -0.101944E-06
   3.62600   -0.935693E-07
   3.62800   -0.854764E-07
   3.63000   -0.778893E-07
   3.63200   -0.709348E-07
   3.63400   -0.646678E-07
   3.63600   -0.590944E-07
   3.63800   -0.541905E-07
   3.64000   -0.499142E-07
   3.64200   -0.462134E-07
   3.64400   -0.430286E-07
   3.64600   -0.402947E-07
   3.64800   -0.379419E-07
   3.65000   -0.358982E-07
   3.65200   -0.340926E-07
   3.65400   -0.324599E-07
   3.65600   -0.309453E-07
   3.65800   -0.295076E-07
   3.66000   -0.281231E-07
   3.66200   -0.267800E-07
   3.66400   -0.254874E-07
   3.66600   -0.242571E-07
   3.66800   -0.231062E-07
   3.67000   -0.220497E-07
   3.67200   -0.210959E-07
   3.67400   -0.202433E-07
   3.67600   -0.194802E-07
   3.67800   -0.187863E-07
   3.68000   -0.181353E-07
   3.68200   -0.174999E-07
   3.68400   -0.168562E-07
   3.68600   -0.161871E-07
   3.68800   -0.154854E-07
   3.69000   -0.147543E-07
   3.69200   -0.140062E-07
   3.69400   -0.132604E-07
   3.69600   -0.125390E-07
   3.69800   -0.118630E-07
   3.70000   -0.112486E-07
   3.70200   -0.107043E-07
   3.70400   -0.102296E-07
   3.70600   -0.981522E-08
   3.70800   -0.944504E-08
   3.71000   -0.909895E-08
   3.71200   -0.875632E-08
   3.71400   -0.839956E-08
   3.71600   -0.801700E-08
   3.71800   -0.760483E-08
   3.72000   -0.716763E-08
   3.72200   -0.671758E-08
   3.72400   -0.627248E-08
   3.72600   -0.585283E-08
   3.72800   -0.547865E-08
   3.73000   -0.516620E-08
   3.73200   -0.492530E-08
   3.73400   -0.475744E-08
   3.73600   -0.465533E-08
   3.73800   -0.460330E-08
   3.74000   -0.457898E-08
   3.74200   -0.455594E-08
   3.74400   -0.450681E-08
   3.74600   -0.440659E-08
   3.74800   -0.423571E-08
   3.75000   -0.398238E-08
   3.75200   -0.364418E-08
   3.75400   -0.322835E-08
   3.75600   -0.275118E-08
   3.75800   -0.223620E-08
   3.76000   -0.171178E-08
   3.76200   -0.120812E-08
   3.76400   -0.754111E-09
   3.76600   -0.374530E-09
   3.76800   -0.876202E-10
   3.77000    0.966105E-10
   3.77200    0.177169E-09
   3.77400    0.162020E-09
   3.77600    0.672320E-10
   3.77800   -0.845908E-10
   3.78000   -0.266335E-09
   3.78200   -0.448737E-09
   3.78400   -0.602838E-09
   3.78600   -0.702394E-09
   3.78800   -0.725958E-09
   3.79000   -0.658573E-09
   3.79200   -0.493097E-09
   3.79400   -0.230702E-09
   3.79600    0.119155E-09
   3.79800    0.539555E-09
   3.80000    0.100751E-08
   3.80200    0.149593E-08
   3.80400    0.197592E-08
   3.80600    0.241920E-08
   3.80800    0.280034E-08
   3.81000    0.309866E-08
   3.81200    0.329957E-08
   3.81400    0.339523E-08
   3.81600    0.338460E-08
   3.81800    0.327295E-08
   3.82000    0.307102E-08
   3.82200    0.279397E-08
   3.82400    0.246037E-08
   3.82600    0.209131E-08
   3.82800    0.170961E-08
   3.83000    0.133925E-08
   3.83200    0.100468E-08
   3.83400    0.730045E-09
   3.83600    0.538160E-09
   3.83800    0.449131E-09
   3.84000    0.478794E-09
   3.84200    0.637066E-09
   3.84400    0.926480E-09
   3.84600    0.134125E-08
   3.84800    0.186699E-08
   3.85000    0.248145E-08
   3.85200    0.315610E-08
   3.85400    0.385852E-08
   3.85600    0.455523E-08
   3.85800    0.521468E-08
   3.86000    0.580995E-08
   3.86200    0.632076E-08
   3.86400    0.673479E-08
   3.86600    0.704793E-08
   3.86800    0.726390E-08
   3.87000    0.739304E-08
   3.87200    0.745078E-08
   3.87400    0.745587E-08
   3.87600    0.742872E-08
   3.87800    0.738976E-08
   3.88000    0.735814E-08
   3.88200    0.735061E-08
   3.88400    0.738064E-08
   3.88600    0.745778E-08
   3.88800    0.758717E-08
   3.89000    0.776931E-08
   3.89200    0.799997E-08
   3.89400    0.827044E-08
   3.89600    0.856804E-08
   3.89800    0.887690E-08
   3.90000    0.917915E-08
   3.90200    0.945617E-08
   3.90400    0.969009E-08
   3.90600    0.986519E-08
   3.90800    0.996918E-08
   3.91000    0.999408E-08
   3.91200    0.993673E-08
   3.91400    0.979888E-08
   3.91600    0.958673E-08
   3.91800    0.931014E-08
   3.92000    0.898164E-08
   3.92200    0.861527E-08
   3.92400    0.822555E-08
   3.92600    0.782654E-08
   3.92800    0.743121E-08
   3.93000    0.705099E-08
   3.93200    0.669567E-08
   3.93400    0.637339E-08
   3.93600    0.609078E-08
   3.93800    0.585313E-08
   3.94000    0.566444E-08
   3.94200    0.552745E-08
   3.94400    0.544344E-08
   3.94600    0.541193E-08
   3.94800    0.543039E-08
   3.95000    0.549390E-08
   3.95200    0.559501E-08
   3.95400    0.572379E-08
   3.95600    0.586820E-08
   3.95800    0.601478E-08
   3.96000    0.614961E-08
   3.96200    0.625942E-08
   3.96400    0.633266E-08
   3.96600    0.636054E-08
   3.96800    0.633766E-08
   3.97000    0.626225E-08
   3.97200    0.613600E-08
   3.97400    0.596348E-08
   3.97600    0.575125E-08
   3.97800    0.550688E-08
   3.98000    0.523793E-08
   3.98200    0.495124E-08
   3.98400    0.465237E-08
   3.98600    0.434544E-08
   3.98800    0.403330E-08
   3.99000    0.371790E-08
   3.99200    0.340075E-08
   3.99400    0.308342E-08
   3.99600    0.276795E-08
   3.99800    0.245702E-08
   4.00000    0.215400E-08
