   0.00000    0.000000E+00
   0.00200    0.000000E+00
   0.00400    0.000000E+00
   0.00600    0.000000E+00
   0.00800    0.000000E+00
   0.01000    0.000000E+00
   0.01200    0.000000E+00
   0.01400    0.000000E+00
   0.01600    0.000000E+00
   0.01800    0.000000E+00
   0.02000    0.000000E+00
   0.02200    0.000000E+00
   0.02400    0.000000E+00
   0.02600   -0.477736E-11
   0.02800   -0.142259E-10
   0.03000   -0.308757E-10
   0.03200   -0.621451E-10
   0.03400   -0.121285E-09
   0.03600   -0.230503E-09
   0.03800   -0.427162E-09
   0.04000   -0.772281E-09
   0.04200   -0.136263E-08
   0.04400   -0.234668E-08
   0.04600   -0.394467E-08
   0.04800   -0.647217E-08
   0.05000   -0.103651E-07
   0.05200   -0.162029E-07
   0.05400   -0.247236E-07
   0.05600   -0.368250E-07
   0.05800   -0.535426E-07
   0.06000   -0.759963E-07
   0.06200   -0.105301E-06
   0.06400   -0.142442E-06
   0.06600   -0.188112E-06
   0.06800   -0.242544E-06
   0.07000   -0.305335E-06
   0.07200   -0.375314E-06
   0.07400   -0.450475E-06
   0.07600   -0.527994E-06
   0.07800   -0.604370E-06
   0.08000   -0.675656E-06
   0.08200   -0.737803E-06
   0.08400   -0.787037E-06
   0.08600   -0.820252E-06
   0.08800   -0.835347E-06
   0.09000   -0.831450E-06
   0.09200   -0.809019E-06
   0.09400   -0.769768E-06
   0.09600   -0.716473E-06
   0.09800   -0.652651E-06
   0.10000   -0.582191E-06
   0.10200   -0.508977E-06
   0.10400   -0.436555E-06
   0.10600   -0.367879E-06
   0.10800   -0.305167E-06
   0.11000   -0.249843E-06
   0.11200   -0.202588E-06
   0.11400   -0.163435E-06
   0.11600   -0.131918E-06
   0.11800   -0.107222E-06
   0.12000   -0.883341E-07
   0.12200   -0.741624E-07
   0.12400   -0.636362E-07
   0.12600   -0.557719E-07
   0.12800   -0.497141E-07
   0.13000   -0.447557E-07
   0.13200   -0.403420E-07
   0.13400   -0.360638E-07
   0.13600   -0.316449E-07
   0.13800   -0.269243E-07
   0.14000   -0.218384E-07
   0.14200   -0.164022E-07
   0.14400   -0.106919E-07
   0.14600   -0.482707E-08
   0.14800    0.104655E-08
   0.15000    0.676429E-08
   0.15200    0.121653E-07
   0.15400    0.171025E-07
   0.15600    0.214511E-07
   0.15800    0.251159E-07
   0.16000    0.280388E-07
   0.16200    0.302006E-07
   0.16400    0.316217E-07
   0.16600    0.323587E-07
   0.16800    0.324989E-07
   0.17000    0.321531E-07
   0.17200    0.314468E-07
   0.17400    0.305105E-07
   0.17600    0.294713E-07
   0.17800    0.284440E-07
   0.18000    0.275257E-07
   0.18200    0.267907E-07
   0.18400    0.262897E-07
   0.18600    0.260502E-07
   0.18800    0.260790E-07
   0.19000    0.263667E-07
   0.19200    0.268922E-07
   0.19400    0.276274E-07
   0.19600    0.285407E-07
   0.19800    0.296003E-07
   0.20000    0.307748E-07
   0.20200    0.320336E-07
   0.20400    0.333455E-07
   0.20600    0.346776E-07
   0.20800    0.359933E-07
   0.21000    0.372515E-07
   0.21200    0.384069E-07
   0.21400    0.394110E-07
   0.21600    0.402152E-07
   0.21800    0.407742E-07
   0.22000    0.410507E-07
   0.22200    0.410198E-07
   0.22400    0.406725E-07
   0.22600    0.400190E-07
   0.22800    0.390886E-07
   0.23000    0.379293E-07
   0.23200    0.366043E-07
   0.23400    0.351876E-07
   0.23600    0.337585E-07
   0.23800    0.323963E-07
   0.24000    0.311747E-07
   0.24200    0.301581E-07
   0.24400    0.293983E-07
   0.24600    0.289331E-07
   0.24800    0.287852E-07
   0.25000    0.289625E-07
   0.25200    0.294576E-07
   0.25400    0.302488E-07
   0.25600    0.312992E-07
   0.25800    0.325577E-07
   0.26000    0.339592E-07
   0.26200    0.354263E-07
   0.26400    0.368725E-07
   0.26600    0.382064E-07
   0.26800    0.393377E-07
   0.27000    0.401844E-07
   0.27200    0.406803E-07
   0.27400    0.407820E-07
   0.27600    0.404746E-07
   0.27800    0.397745E-07
   0.28000    0.387301E-07
   0.28200    0.374188E-07
   0.28400    0.359411E-07
   0.28600    0.344129E-07
   0.28800    0.329561E-07
   0.29000    0.316886E-07
   0.29200    0.307153E-07
   0.29400    0.301201E-07
   0.29600    0.299592E-07
   0.29800    0.302576E-07
   0.30000    0.310067E-07
   0.30200    0.321644E-07
   0.30400    0.336580E-07
   0.30600    0.353885E-07
   0.30800    0.372376E-07
   0.31000    0.390758E-07
   0.31200    0.407725E-07
   0.31400    0.422064E-07
   0.31600    0.432756E-07
   0.31800    0.439064E-07
   0.32000    0.440599E-07
   0.32200    0.437355E-07
   0.32400    0.429705E-07
   0.32600    0.418371E-07
   0.32800    0.404354E-07
   0.33000    0.388851E-07
   0.33200    0.373150E-07
   0.33400    0.358537E-07
   0.33600    0.346193E-07
   0.33800    0.337120E-07
   0.34000    0.332069E-07
   0.34200    0.331501E-07
   0.34400    0.335550E-07
   0.34600    0.344020E-07
   0.34800    0.356394E-07
   0.35000    0.371858E-07
   0.35200    0.389361E-07
   0.35400    0.407680E-07
   0.35600    0.425512E-07
   0.35800    0.441578E-07
   0.36000    0.454724E-07
   0.36200    0.464021E-07
   0.36400    0.468849E-07
   0.36600    0.468948E-07
   0.36800    0.464443E-07
   0.37000    0.455832E-07
   0.37200    0.443941E-07
   0.37400    0.429853E-07
   0.37600    0.414820E-07
   0.37800    0.400165E-07
   0.38000    0.387179E-07
   0.38200    0.377024E-07
   0.38400    0.370646E-07
   0.38600    0.368704E-07
   0.38800    0.371509E-07
   0.39000    0.378987E-07
   0.39200    0.390678E-07
   0.39400    0.405753E-07
   0.39600    0.423067E-07
   0.39800    0.441251E-07
   0.40000    0.458824E-07
   0.40200    0.474326E-07
   0.40400    0.486462E-07
   0.40600    0.494225E-07
   0.40800    0.497000E-07
   0.41000    0.494623E-07
   0.41200    0.487396E-07
   0.41400    0.476047E-07
   0.41600    0.461656E-07
   0.41800    0.445543E-07
   0.42000    0.429137E-07
   0.42200    0.413845E-07
   0.42400    0.400935E-07
   0.42600    0.391435E-07
   0.42800    0.386056E-07
   0.43000    0.385155E-07
   0.43200    0.388713E-07
   0.43400    0.396357E-07
   0.43600    0.407391E-07
   0.43800    0.420865E-07
   0.44000    0.435652E-07
   0.44200    0.450544E-07
   0.44400    0.464353E-07
   0.44600    0.476003E-07
   0.44800    0.484622E-07
   0.45000    0.489601E-07
   0.45200    0.490633E-07
   0.45400    0.487725E-07
   0.45600    0.481180E-07
   0.45800    0.471561E-07
   0.46000    0.459635E-07
   0.46200    0.446313E-07
   0.46400    0.432592E-07
   0.46600    0.419488E-07
   0.46800    0.407980E-07
   0.47000    0.398947E-07
   0.47200    0.393114E-07
   0.47400    0.390987E-07
   0.47600    0.392807E-07
   0.47800    0.398504E-07
   0.48000    0.407672E-07
   0.48200    0.419579E-07
   0.48400    0.433203E-07
   0.48600    0.447305E-07
   0.48800    0.460535E-07
   0.49000    0.471562E-07
   0.49200    0.479208E-07
   0.49400    0.482571E-07
   0.49600    0.481130E-07
   0.49800    0.474805E-07
   0.50000    0.463970E-07
   0.50200    0.449425E-07
   0.50400    0.432315E-07
   0.50600    0.414024E-07
   0.50800    0.396036E-07
   0.51000    0.379801E-07
   0.51200    0.366599E-07
   0.51400    0.357424E-07
   0.51600    0.352895E-07
   0.51800    0.353209E-07
   0.52000    0.358120E-07
   0.52200    0.366968E-07
   0.52400    0.378739E-07
   0.52600    0.392158E-07
   0.52800    0.405804E-07
   0.53000    0.418239E-07
   0.53200    0.428135E-07
   0.53400    0.434390E-07
   0.53600    0.436221E-07
   0.53800    0.433229E-07
   0.54000    0.425423E-07
   0.54200    0.413215E-07
   0.54400    0.397372E-07
   0.54600    0.378947E-07
   0.54800    0.359189E-07
   0.55000    0.339430E-07
   0.55200    0.320982E-07
   0.55400    0.305023E-07
   0.55600    0.292502E-07
   0.55800    0.284054E-07
   0.56000    0.279952E-07
   0.56200    0.280050E-07
   0.56400    0.283816E-07
   0.56600    0.290354E-07
   0.56800    0.298467E-07
   0.57000    0.306781E-07
   0.57200    0.313844E-07
   0.57400    0.318223E-07
   0.57600    0.318700E-07
   0.57800    0.314302E-07
   0.58000    0.304420E-07
   0.58200    0.288817E-07
   0.58400    0.267641E-07
   0.58600    0.241364E-07
   0.58800    0.210713E-07
   0.59000    0.176574E-07
   0.59200    0.139885E-07
   0.59400    0.101553E-07
   0.59600    0.623736E-08
   0.59800    0.230113E-08
   0.60000   -0.160086E-08
   0.60200   -0.542480E-08
   0.60400   -0.912872E-08
   0.60600   -0.126647E-07
   0.60800   -0.159720E-07
   0.61000   -0.189751E-07
   0.61200   -0.215854E-07
   0.61400   -0.237118E-07
   0.61600   -0.252753E-07
   0.61800   -0.262283E-07
   0.62000   -0.265725E-07
   0.62200   -0.263720E-07
   0.62400   -0.257562E-07
   0.62600   -0.249106E-07
   0.62800   -0.240543E-07
   0.63000   -0.234075E-07
   0.63200   -0.231540E-07
   0.63400   -0.234068E-07
   0.63600   -0.241835E-07
   0.63800   -0.253971E-07
   0.64000   -0.268658E-07
   0.64200   -0.283396E-07
   0.64400   -0.295392E-07
   0.64600   -0.302004E-07
   0.64800   -0.301156E-07
   0.65000   -0.291641E-07
   0.65200   -0.273280E-07
   0.65400   -0.246914E-07
   0.65600   -0.214230E-07
   0.65800   -0.177499E-07
   0.66000   -0.139236E-07
   0.66200   -0.101877E-07
   0.66400   -0.675049E-08
   0.66600   -0.376531E-08
   0.66800   -0.132113E-08
   0.67000    0.557879E-09
   0.67200    0.190528E-08
   0.67400    0.279901E-08
   0.67600    0.334622E-08
   0.67800    0.366672E-08
   0.68000    0.387780E-08
   0.68200    0.408112E-08
   0.68400    0.435526E-08
   0.68600    0.474780E-08
   0.68800    0.527480E-08
   0.69000    0.592346E-08
   0.69200    0.665417E-08
   0.69400    0.740991E-08
   0.69600    0.812509E-08
   0.69800    0.872806E-08
   0.70000    0.915786E-08
   0.70200    0.936592E-08
   0.70400    0.932538E-08
   0.70600    0.903338E-08
   0.70800    0.851403E-08
   0.71000    0.781582E-08
   0.71200    0.700849E-08
   0.71400    0.617598E-08
   0.71600    0.540787E-08
   0.71800    0.479027E-08
   0.72000    0.439470E-08
   0.72200    0.427098E-08
   0.72400    0.443974E-08
   0.72600    0.488970E-08
   0.72800    0.557827E-08
   0.73000    0.643595E-08
   0.73200    0.737418E-08
   0.73400    0.829458E-08
   0.73600    0.910096E-08
   0.73800    0.970891E-08
   0.74000    0.100550E-07
   0.74200    0.101026E-07
   0.74400    0.984440E-08
   0.74600    0.930157E-08
   0.74800    0.852035E-08
   0.75000    0.756576E-08
   0.75200    0.651467E-08
   0.75400    0.544843E-08
   0.75600    0.444568E-08
   0.75800    0.357633E-08
   0.76000    0.289658E-08
   0.76200    0.244530E-08
   0.76400    0.224135E-08
   0.76600    0.228258E-08
   0.76800    0.254590E-08
   0.77000    0.298916E-08
   0.77200    0.355417E-08
   0.77400    0.417161E-08
   0.77600    0.476717E-08
   0.77800    0.526844E-08
   0.78000    0.561212E-08
   0.78200    0.575064E-08
   0.78400    0.565740E-08
   0.78600    0.533006E-08
   0.78800    0.479129E-08
   0.79000    0.408704E-08
   0.79200    0.328220E-08
   0.79400    0.245419E-08
   0.79600    0.168489E-08
   0.79800    0.105189E-08
   0.80000    0.619881E-09
   0.80200    0.432945E-09
   0.80400    0.508809E-09
   0.80600    0.835683E-09
   0.80800    0.137233E-08
   0.81000    0.205145E-08
   0.81200    0.278623E-08
   0.81400    0.347938E-08
   0.81600    0.403370E-08
   0.81800    0.436310E-08
   0.82000    0.440252E-08
   0.82200    0.411570E-08
   0.82400    0.349999E-08
   0.82600    0.258725E-08
   0.82800    0.144121E-08
   0.83000    0.151182E-09
   0.83200   -0.117688E-08
   0.83400   -0.243132E-08
   0.83600   -0.350624E-08
   0.83800   -0.431238E-08
   0.84000   -0.478644E-08
   0.84200   -0.489769E-08
   0.84400   -0.465126E-08
   0.84600   -0.408748E-08
   0.84800   -0.327758E-08
   0.85000   -0.231606E-08
   0.85200   -0.131067E-08
   0.85400   -0.371025E-09
   0.85600    0.402637E-09
   0.85800    0.929420E-09
   0.86000    0.115525E-08
   0.86200    0.105718E-08
   0.86400    0.644186E-09
   0.86600   -0.455093E-10
   0.86800   -0.949831E-09
   0.87000   -0.199050E-08
   0.87200   -0.308181E-08
   0.87400   -0.413959E-08
   0.87600   -0.508943E-08
   0.87800   -0.587367E-08
   0.88000   -0.645612E-08
   0.88200   -0.682473E-08
   0.88400   -0.699155E-08
   0.88600   -0.699005E-08
   0.88800   -0.687046E-08
   0.89000   -0.669323E-08
   0.89200   -0.652165E-08
   0.89400   -0.641419E-08
   0.89600   -0.641766E-08
   0.89800   -0.656187E-08
   0.90000   -0.685633E-08
   0.90200   -0.728959E-08
   0.90400   -0.783091E-08
   0.90600   -0.843423E-08
   0.90800   -0.904401E-08
   0.91000   -0.960212E-08
   0.91200   -0.100550E-07
   0.91400   -0.103602E-07
   0.91600   -0.104924E-07
   0.91800   -0.104465E-07
   0.92000   -0.102394E-07
   0.92200   -0.990858E-08
   0.92400   -0.950881E-08
   0.92600   -0.910607E-08
   0.92800   -0.877055E-08
   0.93000   -0.856875E-08
   0.93200   -0.855592E-08
   0.93400   -0.876963E-08
   0.93600   -0.922533E-08
   0.93800   -0.991426E-08
   0.94000   -0.108041E-07
   0.94200   -0.118420E-07
   0.94400   -0.129599E-07
   0.94600   -0.140816E-07
   0.94800   -0.151306E-07
   0.95000   -0.160375E-07
   0.95200   -0.167478E-07
   0.95400   -0.172273E-07
   0.95600   -0.174657E-07
   0.95800   -0.174776E-07
   0.96000   -0.173006E-07
   0.96200   -0.169908E-07
   0.96400   -0.166158E-07
   0.96600   -0.162465E-07
   0.96800   -0.159483E-07
   0.97000   -0.157734E-07
   0.97200   -0.157541E-07
   0.97400   -0.158994E-07
   0.97600   -0.161946E-07
   0.97800   -0.166036E-07
   0.98000   -0.170743E-07
   0.98200   -0.175464E-07
   0.98400   -0.179590E-07
   0.98600   -0.182602E-07
   0.98800   -0.184137E-07
   0.99000   -0.184050E-07
   0.99200   -0.182436E-07
   0.99400   -0.179637E-07
   0.99600   -0.176198E-07
   0.99800   -0.172812E-07
   1.00000   -0.170233E-07
   1.00200   -0.169177E-07
   1.00400   -0.170229E-07
   1.00600   -0.173758E-07
   1.00800   -0.179858E-07
   1.01000   -0.188321E-07
   1.01200   -0.198649E-07
   1.01400   -0.210101E-07
   1.01600   -0.221770E-07
   1.01800   -0.232685E-07
   1.02000   -0.241918E-07
   1.02200   -0.248689E-07
   1.02400   -0.252454E-07
   1.02600   -0.252967E-07
   1.02800   -0.250306E-07
   1.03000   -0.244866E-07
   1.03200   -0.237311E-07
   1.03400   -0.228506E-07
   1.03600   -0.219416E-07
   1.03800   -0.211009E-07
   1.04000   -0.204147E-07
   1.04200   -0.199508E-07
   1.04400   -0.197515E-07
   1.04600   -0.198309E-07
   1.04800   -0.201745E-07
   1.05000   -0.207422E-07
   1.05200   -0.214744E-07
   1.05400   -0.222994E-07
   1.05600   -0.231414E-07
   1.05800   -0.239299E-07
   1.06000   -0.246066E-07
   1.06200   -0.251314E-07
   1.06400   -0.254861E-07
   1.06600   -0.256756E-07
   1.06800   -0.257255E-07
   1.07000   -0.256785E-07
   1.07200   -0.255880E-07
   1.07400   -0.255101E-07
   1.07600   -0.254963E-07
   1.07800   -0.255861E-07
   1.08000   -0.258018E-07
   1.08200   -0.261452E-07
   1.08400   -0.265978E-07
   1.08600   -0.271233E-07
   1.08800   -0.276734E-07
   1.09000   -0.281946E-07
   1.09200   -0.286364E-07
   1.09400   -0.289590E-07
   1.09600   -0.291393E-07
   1.09800   -0.291751E-07
   1.10000   -0.290860E-07
   1.10200   -0.289111E-07
   1.10400   -0.287040E-07
   1.10600   -0.285259E-07
   1.10800   -0.284368E-07
   1.11000   -0.284873E-07
   1.11200   -0.287109E-07
   1.11400   -0.291193E-07
   1.11600   -0.296992E-07
   1.11800   -0.304142E-07
   1.12000   -0.312080E-07
   1.12200   -0.320117E-07
   1.12400   -0.327518E-07
   1.12600   -0.333596E-07
   1.12800   -0.337797E-07
   1.13000   -0.339767E-07
   1.13200   -0.339402E-07
   1.13400   -0.336858E-07
   1.13600   -0.332528E-07
   1.13800   -0.326999E-07
   1.14000   -0.320971E-07
   1.14200   -0.315171E-07
   1.14400   -0.310264E-07
   1.14600   -0.306771E-07
   1.14800   -0.305007E-07
   1.15000   -0.305056E-07
   1.15200   -0.306768E-07
   1.15400   -0.309795E-07
   1.15600   -0.313649E-07
   1.15800   -0.317780E-07
   1.16000   -0.321655E-07
   1.16200   -0.324839E-07
   1.16400   -0.327048E-07
   1.16600   -0.328187E-07
   1.16800   -0.328352E-07
   1.17000   -0.327809E-07
   1.17200   -0.326943E-07
   1.17400   -0.326193E-07
   1.17600   -0.325984E-07
   1.17800   -0.326654E-07
   1.18000   -0.328403E-07
   1.18200   -0.331262E-07
   1.18400   -0.335087E-07
   1.18600   -0.339578E-07
   1.18800   -0.344322E-07
   1.19000   -0.348854E-07
   1.19200   -0.352721E-07
   1.19400   -0.355549E-07
   1.19600   -0.357096E-07
   1.19800   -0.357291E-07
   1.20000   -0.356248E-07
   1.20200   -0.354251E-07
   1.20400   -0.351725E-07
   1.20600   -0.349176E-07
   1.20800   -0.347131E-07
   1.21000   -0.346063E-07
   1.21200   -0.346333E-07
   1.21400   -0.348140E-07
   1.21600   -0.351497E-07
   1.21800   -0.356231E-07
   1.22000   -0.362005E-07
   1.22200   -0.368372E-07
   1.22400   -0.374831E-07
   1.22600   -0.380901E-07
   1.22800   -0.386179E-07
   1.23000   -0.390394E-07
   1.23200   -0.393434E-07
   1.23400   -0.395352E-07
   1.23600   -0.396341E-07
   1.23800   -0.396696E-07
   1.24000   -0.396752E-07
   1.24200   -0.396823E-07
   1.24400   -0.397144E-07
   1.24600   -0.397829E-07
   1.24800   -0.398847E-07
   1.25000   -0.400023E-07
   1.25200   -0.401070E-07
   1.25400   -0.401634E-07
   1.25600   -0.401358E-07
   1.25800   -0.399945E-07
   1.26000   -0.397215E-07
   1.26200   -0.393152E-07
   1.26400   -0.387916E-07
   1.26600   -0.381836E-07
   1.26800   -0.375377E-07
   1.27000   -0.369084E-07
   1.27200   -0.363508E-07
   1.27400   -0.359141E-07
   1.27600   -0.356346E-07
   1.27800   -0.355312E-07
   1.28000   -0.356039E-07
   1.28200   -0.358337E-07
   1.28400   -0.361867E-07
   1.28600   -0.366193E-07
   1.28800   -0.370852E-07
   1.29000   -0.375420E-07
   1.29200   -0.379569E-07
   1.29400   -0.383111E-07
   1.29600   -0.386006E-07
   1.29800   -0.388355E-07
   1.30000   -0.390359E-07
   1.30200   -0.392272E-07
   1.30400   -0.394338E-07
   1.30600   -0.396740E-07
   1.30800   -0.399557E-07
   1.31000   -0.402743E-07
   1.31200   -0.406129E-07
   1.31400   -0.409452E-07
   1.31600   -0.412399E-07
   1.31800   -0.414658E-07
   1.32000   -0.415978E-07
   1.32200   -0.416212E-07
   1.32400   -0.415345E-07
   1.32600   -0.413502E-07
   1.32800   -0.410932E-07
   1.33000   -0.407966E-07
   1.33200   -0.404967E-07
   1.33400   -0.402270E-07
   1.33600   -0.400128E-07
   1.33800   -0.398673E-07
   1.34000   -0.397896E-07
   1.34200   -0.397653E-07
   1.34400   -0.397700E-07
   1.34600   -0.397740E-07
   1.34800   -0.397485E-07
   1.35000   -0.396721E-07
   1.35200   -0.395358E-07
   1.35400   -0.393460E-07
   1.35600   -0.391251E-07
   1.35800   -0.389084E-07
   1.36000   -0.387393E-07
   1.36200   -0.386624E-07
   1.36400   -0.387154E-07
   1.36600   -0.389222E-07
   1.36800   -0.392878E-07
   1.37000   -0.397957E-07
   1.37200   -0.404087E-07
   1.37400   -0.410736E-07
   1.37600   -0.417276E-07
   1.37800   -0.423069E-07
   1.38000   -0.427558E-07
   1.38200   -0.430337E-07
   1.38400   -0.431211E-07
   1.38600   -0.430211E-07
   1.38800   -0.427582E-07
   1.39000   -0.423737E-07
   1.39200   -0.419193E-07
   1.39400   -0.414488E-07
   1.39600   -0.410107E-07
   1.39800   -0.406424E-07
   1.40000   -0.403659E-07
   1.40200   -0.401880E-07
   1.40400   -0.401013E-07
   1.40600   -0.400893E-07
   1.40800   -0.401314E-07
   1.41000   -0.402086E-07
   1.41200   -0.403076E-07
   1.41400   -0.404240E-07
   1.41600   -0.405619E-07
   1.41800   -0.407318E-07
   1.42000   -0.409472E-07
   1.42200   -0.412190E-07
   1.42400   -0.415514E-07
   1.42600   -0.419380E-07
   1.42800   -0.423610E-07
   1.43000   -0.427914E-07
   1.43200   -0.431929E-07
   1.43400   -0.435270E-07
   1.43600   -0.437583E-07
   1.43800   -0.438609E-07
   1.44000   -0.438227E-07
   1.44200   -0.436473E-07
   1.44400   -0.433540E-07
   1.44600   -0.429755E-07
   1.44800   -0.425530E-07
   1.45000   -0.421304E-07
   1.45200   -0.417490E-07
   1.45400   -0.414423E-07
   1.45600   -0.412325E-07
   1.45800   -0.411292E-07
   1.46000   -0.411304E-07
   1.46200   -0.412241E-07
   1.46400   -0.413921E-07
   1.46600   -0.416130E-07
   1.46800   -0.418656E-07
   1.47000   -0.421306E-07
   1.47200   -0.423915E-07
   1.47400   -0.426340E-07
   1.47600   -0.428454E-07
   1.47800   -0.430124E-07
   1.48000   -0.431211E-07
   1.48200   -0.431562E-07
   1.48400   -0.431025E-07
   1.48600   -0.429471E-07
   1.48800   -0.426820E-07
   1.49000   -0.423072E-07
   1.49200   -0.418333E-07
   1.49400   -0.412821E-07
   1.49600   -0.406861E-07
   1.49800   -0.400856E-07
   1.50000   -0.395248E-07
   1.50200   -0.390458E-07
   1.50400   -0.386836E-07
   1.50600   -0.384609E-07
   1.50800   -0.383856E-07
   1.51000   -0.384492E-07
   1.51200   -0.386284E-07
   1.51400   -0.388883E-07
   1.51600   -0.391875E-07
   1.51800   -0.394830E-07
   1.52000   -0.397356E-07
   1.52200   -0.399135E-07
   1.52400   -0.399947E-07
   1.52600   -0.399678E-07
   1.52800   -0.398311E-07
   1.53000   -0.395902E-07
   1.53200   -0.392563E-07
   1.53400   -0.388433E-07
   1.53600   -0.383661E-07
   1.53800   -0.378393E-07
   1.54000   -0.372773E-07
   1.54200   -0.366938E-07
   1.54400   -0.361022E-07
   1.54600   -0.355159E-07
   1.54800   -0.349474E-07
   1.55000   -0.344079E-07
   1.55200   -0.339058E-07
   1.55400   -0.334452E-07
   1.55600   -0.330254E-07
   1.55800   -0.326398E-07
   1.56000   -0.322772E-07
   1.56200   -0.319226E-07
   1.56400   -0.315598E-07
   1.56600   -0.311742E-07
   1.56800   -0.307548E-07
   1.57000   -0.302966E-07
   1.57200   -0.298010E-07
   1.57400   -0.292758E-07
   1.57600   -0.287330E-07
   1.57800   -0.281870E-07
   1.58000   -0.276511E-07
   1.58200   -0.271352E-07
   1.58400   -0.266440E-07
   1.58600   -0.261764E-07
   1.58800   -0.257260E-07
   1.59000   -0.252830E-07
   1.59200   -0.248370E-07
   1.59400   -0.243798E-07
   1.59600   -0.239074E-07
   1.59800   -0.234220E-07
   1.60000   -0.229320E-07
   1.60200   -0.224512E-07
   1.60400   -0.219966E-07
   1.60600   -0.215861E-07
   1.60800   -0.212355E-07
   1.61000   -0.209565E-07
   1.61200   -0.207547E-07
   1.61400   -0.206293E-07
   1.61600   -0.205732E-07
   1.61800   -0.205744E-07
   1.62000   -0.206172E-07
   1.62200   -0.206842E-07
   1.62400   -0.207579E-07
   1.62600   -0.208223E-07
   1.62800   -0.208634E-07
   1.63000   -0.208704E-07
   1.63200   -0.208358E-07
   1.63400   -0.207560E-07
   1.63600   -0.206311E-07
   1.63800   -0.204650E-07
   1.64000   -0.202652E-07
   1.64200   -0.200421E-07
   1.64400   -0.198079E-07
   1.64600   -0.195751E-07
   1.64800   -0.193554E-07
   1.65000   -0.191579E-07
   1.65200   -0.189876E-07
   1.65400   -0.188453E-07
   1.65600   -0.187273E-07
   1.65800   -0.186265E-07
   1.66000   -0.185340E-07
   1.66200   -0.184405E-07
   1.66400   -0.183387E-07
   1.66600   -0.182239E-07
   1.66800   -0.180953E-07
   1.67000   -0.179549E-07
   1.67200   -0.178075E-07
   1.67400   -0.176587E-07
   1.67600   -0.175132E-07
   1.67800   -0.173742E-07
   1.68000   -0.172426E-07
   1.68200   -0.171168E-07
   1.68400   -0.169939E-07
   1.68600   -0.168707E-07
   1.68800   -0.167449E-07
   1.69000   -0.166164E-07
   1.69200   -0.164871E-07
   1.69400   -0.163613E-07
   1.69600   -0.162442E-07
   1.69800   -0.161411E-07
   1.70000   -0.160554E-07
   1.70200   -0.159882E-07
   1.70400   -0.159371E-07
   1.70600   -0.158962E-07
   1.70800   -0.158574E-07
   1.71000   -0.158110E-07
   1.71200   -0.157471E-07
   1.71400   -0.156576E-07
   1.71600   -0.155366E-07
   1.71800   -0.153815E-07
   1.72000   -0.151935E-07
   1.72200   -0.149770E-07
   1.72400   -0.147393E-07
   1.72600   -0.144900E-07
   1.72800   -0.142399E-07
   1.73000   -0.140002E-07
   1.73200   -0.137815E-07
   1.73400   -0.135927E-07
   1.73600   -0.134404E-07
   1.73800   -0.133278E-07
   1.74000   -0.132546E-07
   1.74200   -0.132165E-07
   1.74400   -0.132053E-07
   1.74600   -0.132096E-07
   1.74800   -0.132158E-07
   1.75000   -0.132092E-07
   1.75200   -0.131749E-07
   1.75400   -0.130997E-07
   1.75600   -0.129728E-07
   1.75800   -0.127870E-07
   1.76000   -0.125391E-07
   1.76200   -0.122304E-07
   1.76400   -0.118664E-07
   1.76600   -0.114567E-07
   1.76800   -0.110141E-07
   1.77000   -0.105539E-07
   1.77200   -0.100921E-07
   1.77400   -0.964473E-08
   1.77600   -0.922574E-08
   1.77800   -0.884601E-08
   1.78000   -0.851214E-08
   1.78200   -0.822579E-08
   1.78400   -0.798362E-08
   1.78600   -0.777770E-08
   1.78800   -0.759649E-08
   1.79000   -0.742622E-08
   1.79200   -0.725241E-08
   1.79400   -0.706145E-08
   1.79600   -0.684188E-08
   1.79800   -0.658541E-08
   1.80000   -0.628748E-08
   1.80200   -0.594735E-08
   1.80400   -0.556785E-08
   1.80600   -0.515478E-08
   1.80800   -0.471606E-08
   1.81000   -0.426074E-08
   1.81200   -0.379798E-08
   1.81400   -0.333606E-08
   1.81600   -0.288151E-08
   1.81800   -0.243846E-08
   1.82000   -0.200832E-08
   1.82200   -0.158972E-08
   1.82400   -0.117887E-08
   1.82600   -0.770149E-09
   1.82800   -0.356938E-09
   1.83000    0.674553E-10
   1.83200    0.508967E-09
   1.83400    0.972092E-09
   1.83600    0.145953E-08
   1.83800    0.197208E-08
   1.84000    0.250896E-08
   1.84200    0.306829E-08
   1.84400    0.364773E-08
   1.84600    0.424511E-08
   1.84800    0.485903E-08
   1.85000    0.548913E-08
   1.85200    0.613622E-08
   1.85400    0.680203E-08
   1.85600    0.748885E-08
   1.85800    0.819899E-08
   1.86000    0.893421E-08
   1.86200    0.969535E-08
   1.86400    0.104820E-07
   1.86600    0.112928E-07
   1.86800    0.121251E-07
   1.87000    0.129766E-07
   1.87200    0.138449E-07
   1.87400    0.147289E-07
   1.87600    0.156295E-07
   1.87800    0.165493E-07
   1.88000    0.174938E-07
   1.88200    0.184707E-07
   1.88400    0.194900E-07
   1.88600    0.205632E-07
   1.88800    0.217032E-07
   1.89000    0.229230E-07
   1.89200    0.242346E-07
   1.89400    0.256490E-07
   1.89600    0.271723E-07
   1.89800    0.288064E-07
   1.90000    0.305476E-07
   1.90200    0.323840E-07
   1.90400    0.342958E-07
   1.90600    0.362554E-07
   1.90800    0.382291E-07
   1.91000    0.401794E-07
   1.91200    0.420693E-07
   1.91400    0.438664E-07
   1.91600    0.455468E-07
   1.91800    0.470979E-07
   1.92000    0.485184E-07
   1.92200    0.498153E-07
   1.92400    0.509959E-07
   1.92600    0.520578E-07
   1.92800    0.529749E-07
   1.93000    0.536843E-07
   1.93200    0.540754E-07
   1.93400    0.539850E-07
   1.93600    0.532009E-07
   1.93800    0.514754E-07
   1.94000    0.485507E-07
   1.94200    0.441906E-07
   1.94400    0.382189E-07
   1.94600    0.305555E-07
   1.94800    0.212455E-07
   1.95000    0.104755E-07
   1.95200   -0.142781E-08
   1.95400   -0.140172E-07
   1.95600   -0.267619E-07
   1.95800   -0.390968E-07
   1.96000   -0.504764E-07
   1.96200   -0.604264E-07
   1.96400   -0.685854E-07
   1.96600   -0.747309E-07
   1.96800   -0.787879E-07
   1.97000   -0.808197E-07
   1.97200   -0.810054E-07
   1.97400   -0.796081E-07
   1.97600   -0.769406E-07
   1.97800   -0.733313E-07
   1.98000   -0.690974E-07
   1.98200   -0.645243E-07
   1.98400   -0.598537E-07
   1.98600   -0.552777E-07
   1.98800   -0.509391E-07
   1.99000   -0.469335E-07
   1.99200   -0.433152E-07
   1.99400   -0.401019E-07
   1.99600   -0.372803E-07
   1.99800   -0.348112E-07
   2.00000   -0.326354E-07
   2.00200   -0.306791E-07
   2.00400   -0.288599E-07
   2.00600   -0.270942E-07
   2.00800   -0.253041E-07
   2.01000   -0.234252E-07
   2.01200   -0.214138E-07
   2.01400   -0.192523E-07
   2.01600   -0.169541E-07
   2.01800   -0.145628E-07
   2.02000   -0.121518E-07
   2.02200   -0.981716E-08
   2.02400   -0.766700E-08
   2.02600   -0.581072E-08
   2.02800   -0.434573E-08
   2.03000   -0.334592E-08
   2.03200   -0.285261E-08
   2.03400   -0.286972E-08
   2.03600   -0.336395E-08
   2.03800   -0.426971E-08
   2.04000   -0.549772E-08
   2.04200   -0.694603E-08
   2.04400   -0.851132E-08
   2.04600   -0.100985E-07
   2.04800   -0.116276E-07
   2.05000   -0.130381E-07
   2.05200   -0.142889E-07
   2.05400   -0.153565E-07
   2.05600   -0.162319E-07
   2.05800   -0.169164E-07
   2.06000   -0.174179E-07
   2.06200   -0.177488E-07
   2.06400   -0.179233E-07
   2.06600   -0.179571E-07
   2.06800   -0.178668E-07
   2.07000   -0.176691E-07
   2.07200   -0.173804E-07
   2.07400   -0.170163E-07
   2.07600   -0.165904E-07
   2.07800   -0.161139E-07
   2.08000   -0.155949E-07
   2.08200   -0.150386E-07
   2.08400   -0.144480E-07
   2.08600   -0.138246E-07
   2.08800   -0.131703E-07
   2.09000   -0.124885E-07
   2.09200   -0.117855E-07
   2.09400   -0.110711E-07
   2.09600   -0.103588E-07
   2.09800   -0.966507E-08
   2.10000   -0.900814E-08
   2.10200   -0.840646E-08
   2.10400   -0.787611E-08
   2.10600   -0.742912E-08
   2.10800   -0.707182E-08
   2.11000   -0.680372E-08
   2.11200   -0.661716E-08
   2.11400   -0.649789E-08
   2.11600   -0.642646E-08
   2.11800   -0.638025E-08
   2.12000   -0.633574E-08
   2.12200   -0.627090E-08
   2.12400   -0.616737E-08
   2.12600   -0.601202E-08
   2.12800   -0.579776E-08
   2.13000   -0.552380E-08
   2.13200   -0.519498E-08
   2.13400   -0.482072E-08
   2.13600   -0.441368E-08
   2.13800   -0.398809E-08
   2.14000   -0.355837E-08
   2.14200   -0.313768E-08
   2.14400   -0.273689E-08
   2.14600   -0.236377E-08
   2.14800   -0.202262E-08
   2.15000   -0.171401E-08
   2.15200   -0.143500E-08
   2.15400   -0.117953E-08
   2.15600   -0.939042E-09
   2.15800   -0.703185E-09
   2.16000   -0.460759E-09
   2.16200   -0.200592E-09
   2.16400    0.875009E-10
   2.16600    0.411828E-09
   2.16800    0.778096E-09
   2.17000    0.118881E-08
   2.17200    0.164300E-08
   2.17400    0.213626E-08
   2.17600    0.266112E-08
   2.17800    0.320783E-08
   2.18000    0.376536E-08
   2.18200    0.432261E-08
   2.18400    0.486966E-08
   2.18600    0.539877E-08
   2.18800    0.590535E-08
   2.19000    0.638830E-08
   2.19200    0.685025E-08
   2.19400    0.729713E-08
   2.19600    0.773778E-08
   2.19800    0.818316E-08
   2.20000    0.864537E-08
   2.20200    0.913722E-08
   2.20400    0.967166E-08
   2.20600    0.102611E-07
   2.20800    0.109172E-07
   2.21000    0.116508E-07
   2.21200    0.124716E-07
   2.21400    0.133879E-07
   2.21600    0.144066E-07
   2.21800    0.155321E-07
   2.22000    0.167664E-07
   2.22200    0.181079E-07
   2.22400    0.195509E-07
   2.22600    0.210845E-07
   2.22800    0.226916E-07
   2.23000    0.243478E-07
   2.23200    0.260192E-07
   2.23400    0.276608E-07
   2.23600    0.292146E-07
   2.23800    0.306078E-07
   2.24000    0.317528E-07
   2.24200    0.325491E-07
   2.24400    0.328881E-07
   2.24600    0.326606E-07
   2.24800    0.317680E-07
   2.25000    0.301351E-07
   2.25200    0.277226E-07
   2.25400    0.245386E-07
   2.25600    0.206453E-07
   2.25800    0.161604E-07
   2.26000    0.112507E-07
   2.26200    0.612016E-08
   2.26400    0.991786E-09
   2.26600   -0.391291E-08
   2.26800   -0.839448E-08
   2.27000   -0.122931E-07
   2.27200   -0.155009E-07
   2.27400   -0.179676E-07
   2.27600   -0.196987E-07
   2.27800   -0.207490E-07
   2.28000   -0.212100E-07
   2.28200   -0.211962E-07
   2.28400   -0.208312E-07
   2.28600   -0.202348E-07
   2.28800   -0.195135E-07
   2.29000   -0.187546E-07
   2.29200   -0.180228E-07
   2.29400   -0.173611E-07
   2.29600   -0.167926E-07
   2.29800   -0.163246E-07
   2.30000   -0.159530E-07
   2.30200   -0.156663E-07
   2.30400   -0.154495E-07
   2.30600   -0.152866E-07
   2.30800   -0.151629E-07
   2.31000   -0.150663E-07
   2.31200   -0.149871E-07
   2.31400   -0.149186E-07
   2.31600   -0.148563E-07
   2.31800   -0.147979E-07
   2.32000   -0.147425E-07
   2.32200   -0.146901E-07
   2.32400   -0.146414E-07
   2.32600   -0.145977E-07
   2.32800   -0.145606E-07
   2.33000   -0.145313E-07
   2.33200   -0.145115E-07
   2.33400   -0.145031E-07
   2.33600   -0.145081E-07
   2.33800   -0.145288E-07
   2.34000   -0.145679E-07
   2.34200   -0.146281E-07
   2.34400   -0.147117E-07
   2.34600   -0.148203E-07
   2.34800   -0.149536E-07
   2.35000   -0.151083E-07
   2.35200   -0.152768E-07
   2.35400   -0.154462E-07
   2.35600   -0.155973E-07
   2.35800   -0.157041E-07
   2.36000   -0.157348E-07
   2.36200   -0.156526E-07
   2.36400   -0.154193E-07
   2.36600   -0.149982E-07
   2.36800   -0.143585E-07
   2.37000   -0.134801E-07
   2.37200   -0.123574E-07
   2.37400   -0.110015E-07
   2.37600   -0.944200E-08
   2.37800   -0.772499E-08
   2.38000   -0.591001E-08
   2.38200   -0.406452E-08
   2.38400   -0.225751E-08
   2.38600   -0.552695E-09
   2.38800    0.997410E-09
   2.39000    0.235583E-08
   2.39200    0.350320E-08
   2.39400    0.443744E-08
   2.39600    0.517121E-08
   2.39800    0.572781E-08
   2.40000    0.613636E-08
   2.40200    0.642692E-08
   2.40400    0.662663E-08
   2.40600    0.675707E-08
   2.40800    0.683303E-08
   2.41000    0.686282E-08
   2.41200    0.684960E-08
   2.41400    0.679331E-08
   2.41600    0.669276E-08
   2.41800    0.654754E-08
   2.42000    0.635927E-08
   2.42200    0.613231E-08
   2.42400    0.587369E-08
   2.42600    0.559244E-08
   2.42800    0.529854E-08
   2.43000    0.500163E-08
   2.43200    0.470971E-08
   2.43400    0.442808E-08
   2.43600    0.415859E-08
   2.43800    0.389946E-08
   2.44000    0.364564E-08
   2.44200    0.338956E-08
   2.44400    0.312239E-08
   2.44600    0.283547E-08
   2.44800    0.252187E-08
   2.45000    0.217759E-08
   2.45200    0.180230E-08
   2.45400    0.139985E-08
   2.45600    0.977842E-09
   2.45800    0.546936E-09
   2.46000    0.119547E-09
   2.46200   -0.291550E-09
   2.46400   -0.674633E-09
   2.46600   -0.102020E-08
   2.46800   -0.132176E-08
   2.47000   -0.157613E-08
   2.47200   -0.178331E-08
   2.47400   -0.194595E-08
   2.47600   -0.206852E-08
   2.47800   -0.215651E-08
   2.48000   -0.221555E-08
   2.48200   -0.225074E-08
   2.48400   -0.226618E-08
   2.48600   -0.226477E-08
   2.48800   -0.224824E-08
   2.49000   -0.221734E-08
   2.49200   -0.217218E-08
   2.49400   -0.211270E-08
   2.49600   -0.203907E-08
   2.49800   -0.195210E-08
   2.50000   -0.185355E-08
   2.50200   -0.174633E-08
   2.50400   -0.163445E-08
   2.50600   -0.152292E-08
   2.50800   -0.141744E-08
   2.51000   -0.132392E-08
   2.51200   -0.124796E-08
   2.51400   -0.119436E-08
   2.51600   -0.116651E-08
   2.51800   -0.116601E-08
   2.52000   -0.119240E-08
   2.52200   -0.124306E-08
   2.52400   -0.131334E-08
   2.52600   -0.139693E-08
   2.52800   -0.148654E-08
   2.53000   -0.157450E-08
   2.53200   -0.165372E-08
   2.53400   -0.171850E-08
   2.53600   -0.176516E-08
   2.53800   -0.179257E-08
   2.54000   -0.180219E-08
   2.54200   -0.179790E-08
   2.54400   -0.178540E-08
   2.54600   -0.177145E-08
   2.54800   -0.176292E-08
   2.55000   -0.176597E-08
   2.55200   -0.178535E-08
   2.55400   -0.182398E-08
   2.55600   -0.188289E-08
   2.55800   -0.196142E-08
   2.56000   -0.205772E-08
   2.56200   -0.216938E-08
   2.56400   -0.229405E-08
   2.56600   -0.243004E-08
   2.56800   -0.257662E-08
   2.57000   -0.273427E-08
   2.57200   -0.290445E-08
   2.57400   -0.308929E-08
   2.57600   -0.329104E-08
   2.57800   -0.351139E-08
   2.58000   -0.375092E-08
   2.58200   -0.400851E-08
   2.58400   -0.428118E-08
   2.58600   -0.456404E-08
   2.58800   -0.485070E-08
   2.59000   -0.513398E-08
   2.59200   -0.540673E-08
   2.59400   -0.566282E-08
   2.59600   -0.589800E-08
   2.59800   -0.611057E-08
   2.60000   -0.630153E-08
   2.60200   -0.647448E-08
   2.60400   -0.663502E-08
   2.60600   -0.678980E-08
   2.60800   -0.694548E-08
   2.61000   -0.710763E-08
   2.61200   -0.727991E-08
   2.61400   -0.746348E-08
   2.61600   -0.765690E-08
   2.61800   -0.785642E-08
   2.62000   -0.805660E-08
   2.62200   -0.825117E-08
   2.62400   -0.843399E-08
   2.62600   -0.859987E-08
   2.62800   -0.874519E-08
   2.63000   -0.886825E-08
   2.63200   -0.896925E-08
   2.63400   -0.905000E-08
   2.63600   -0.911331E-08
   2.63800   -0.916245E-08
   2.64000   -0.920039E-08
   2.64200   -0.922938E-08
   2.64400   -0.925061E-08
   2.64600   -0.926413E-08
   2.64800   -0.926913E-08
   2.65000   -0.926427E-08
   2.65200   -0.924825E-08
   2.65400   -0.922028E-08
   2.65600   -0.918054E-08
   2.65800   -0.913037E-08
   2.66000   -0.907223E-08
   2.66200   -0.900946E-08
   2.66400   -0.894578E-08
   2.66600   -0.888472E-08
   2.66800   -0.882899E-08
   2.67000   -0.877999E-08
   2.67200   -0.873748E-08
   2.67400   -0.869946E-08
   2.67600   -0.866244E-08
   2.67800   -0.862181E-08
   2.68000   -0.857239E-08
   2.68200   -0.850918E-08
   2.68400   -0.842786E-08
   2.68600   -0.832538E-08
   2.68800   -0.820016E-08
   2.69000   -0.805222E-08
   2.69200   -0.788303E-08
   2.69400   -0.769527E-08
   2.69600   -0.749240E-08
   2.69800   -0.727828E-08
   2.70000   -0.705678E-08
   2.70200   -0.683145E-08
   2.70400   -0.660533E-08
   2.70600   -0.638073E-08
   2.70800   -0.615922E-08
   2.71000   -0.594162E-08
   2.71200   -0.572805E-08
   2.71400   -0.551805E-08
   2.71600   -0.531073E-08
   2.71800   -0.510489E-08
   2.72000   -0.489923E-08
   2.72200   -0.469251E-08
   2.72400   -0.448372E-08
   2.72600   -0.427219E-08
   2.72800   -0.405774E-08
   2.73000   -0.384065E-08
   2.73200   -0.362166E-08
   2.73400   -0.340190E-08
   2.73600   -0.318264E-08
   2.73800   -0.296513E-08
   2.74000   -0.275026E-08
   2.74200   -0.253838E-08
   2.74400   -0.232904E-08
   2.74600   -0.212095E-08
   2.74800   -0.191200E-08
   2.75000   -0.169943E-08
   2.75200   -0.148022E-08
   2.75400   -0.125140E-08
   2.75600   -0.101053E-08
   2.75800   -0.755988E-09
   2.76000   -0.487278E-09
   2.76200   -0.205069E-09
   2.76400    0.888463E-10
   2.76600    0.391778E-09
   2.76800    0.700462E-09
   2.77000    0.101140E-08
   2.77200    0.132123E-08
   2.77400    0.162698E-08
   2.77600    0.192633E-08
   2.77800    0.221765E-08
   2.78000    0.250008E-08
   2.78200    0.277345E-08
   2.78400    0.303815E-08
   2.78600    0.329507E-08
   2.78800    0.354548E-08
   2.79000    0.379075E-08
   2.79200    0.403243E-08
   2.79400    0.427200E-08
   2.79600    0.451079E-08
   2.79800    0.474976E-08
   2.80000    0.498943E-08
   2.80200    0.522970E-08
   2.80400    0.546981E-08
   2.80600    0.570843E-08
   2.80800    0.594383E-08
   2.81000    0.617438E-08
   2.81200    0.639913E-08
   2.81400    0.661867E-08
   2.81600    0.683606E-08
   2.81800    0.705774E-08
   2.82000    0.729425E-08
   2.82200    0.756058E-08
   2.82400    0.787589E-08
   2.82600    0.826254E-08
   2.82800    0.874425E-08
   2.83000    0.934360E-08
   2.83200    0.100790E-07
   2.83400    0.109613E-07
   2.83600    0.119915E-07
   2.83800    0.131580E-07
   2.84000    0.144365E-07
   2.84200    0.157906E-07
   2.84400    0.171745E-07
   2.84600    0.185369E-07
   2.84800    0.198256E-07
   2.85000    0.209932E-07
   2.85200    0.220012E-07
   2.85400    0.228235E-07
   2.85600    0.234488E-07
   2.85800    0.238799E-07
   2.86000    0.241327E-07
   2.86200    0.242331E-07
   2.86400    0.242128E-07
   2.86600    0.241062E-07
   2.86800    0.239460E-07
   2.87000    0.237612E-07
   2.87200    0.235746E-07
   2.87400    0.234028E-07
   2.87600    0.232559E-07
   2.87800    0.231388E-07
   2.88000    0.230522E-07
   2.88200    0.229943E-07
   2.88400    0.229619E-07
   2.88600    0.229517E-07
   2.88800    0.229609E-07
   2.89000    0.229880E-07
   2.89200    0.230323E-07
   2.89400    0.230941E-07
   2.89600    0.231747E-07
   2.89800    0.232757E-07
   2.90000    0.233992E-07
   2.90200    0.235473E-07
   2.90400    0.237226E-07
   2.90600    0.239279E-07
   2.90800    0.241665E-07
   2.91000    0.244425E-07
   2.91200    0.247601E-07
   2.91400    0.251237E-07
   2.91600    0.255366E-07
   2.91800    0.260001E-07
   2.92000    0.265117E-07
   2.92200    0.270636E-07
   2.92400    0.276413E-07
   2.92600    0.282230E-07
   2.92800    0.287796E-07
   2.93000    0.292761E-07
   2.93200    0.296742E-07
   2.93400    0.299358E-07
   2.93600    0.300272E-07
   2.93800    0.299234E-07
   2.94000    0.296116E-07
   2.94200    0.290940E-07
   2.94400    0.283881E-07
   2.94600    0.275257E-07
   2.94800    0.265503E-07
   2.95000    0.255126E-07
   2.95200    0.244655E-07
   2.95400    0.234593E-07
   2.95600    0.225366E-07
   2.95800    0.217298E-07
   2.96000    0.210585E-07
   2.96200    0.205293E-07
   2.96400    0.201369E-07
   2.96600    0.198660E-07
   2.96800    0.196949E-07
   2.97000    0.195984E-07
   2.97200    0.195513E-07
   2.97400    0.195317E-07
   2.97600    0.195230E-07
   2.97800    0.195153E-07
   2.98000    0.195058E-07
   2.98200    0.194979E-07
   2.98400    0.194995E-07
   2.98600    0.195206E-07
   2.98800    0.195712E-07
   2.99000    0.196585E-07
   2.99200    0.197856E-07
   2.99400    0.199507E-07
   2.99600    0.201470E-07
   2.99800    0.203645E-07
   3.00000    0.205912E-07
   3.00200    0.208161E-07
   3.00400    0.210308E-07
   3.00600    0.212315E-07
   3.00800    0.214198E-07
   3.01000    0.216023E-07
   3.01200    0.217900E-07
   3.01400    0.219958E-07
   3.01600    0.222328E-07
   3.01800    0.225110E-07
   3.02000    0.228358E-07
   3.02200    0.232065E-07
   3.02400    0.236160E-07
   3.02600    0.240511E-07
   3.02800    0.244938E-07
   3.03000    0.249243E-07
   3.03200    0.253223E-07
   3.03400    0.256702E-07
   3.03600    0.259545E-07
   3.03800    0.261678E-07
   3.04000    0.263087E-07
   3.04200    0.263824E-07
   3.04400    0.263994E-07
   3.04600    0.263747E-07
   3.04800    0.263262E-07
   3.05000    0.262731E-07
   3.05200    0.262345E-07
   3.05400    0.262278E-07
   3.05600    0.262677E-07
   3.05800    0.263650E-07
   3.06000    0.265257E-07
   3.06200    0.267510E-07
   3.06400    0.270365E-07
   3.06600    0.273728E-07
   3.06800    0.277461E-07
   3.07000    0.281392E-07
   3.07200    0.285332E-07
   3.07400    0.289091E-07
   3.07600    0.292495E-07
   3.07800    0.295403E-07
   3.08000    0.297720E-07
   3.08200    0.299401E-07
   3.08400    0.300456E-07
   3.08600    0.300939E-07
   3.08800    0.300939E-07
   3.09000    0.300565E-07
   3.09200    0.299929E-07
   3.09400    0.299134E-07
   3.09600    0.298261E-07
   3.09800    0.297365E-07
   3.10000    0.296472E-07
   3.10200    0.295587E-07
   3.10400    0.294698E-07
   3.10600    0.293792E-07
   3.10800    0.292865E-07
   3.11000    0.291929E-07
   3.11200    0.291023E-07
   3.11400    0.290212E-07
   3.11600    0.289590E-07
   3.11800    0.289263E-07
   3.12000    0.289345E-07
   3.12200    0.289938E-07
   3.12400    0.291115E-07
   3.12600    0.292908E-07
   3.12800    0.295293E-07
   3.13000    0.298181E-07
   3.13200    0.301424E-07
   3.13400    0.304813E-07
   3.13600    0.308094E-07
   3.13800    0.310983E-07
   3.14000    0.313182E-07
   3.14200    0.314401E-07
   3.14400    0.314379E-07
   3.14600    0.312899E-07
   3.14800    0.309812E-07
   3.15000    0.305050E-07
   3.15200    0.298645E-07
   3.15400    0.290741E-07
   3.15600    0.281602E-07
   3.15800    0.271614E-07
   3.16000    0.261278E-07
   3.16200    0.251190E-07
   3.16400    0.242006E-07
   3.16600    0.234400E-07
   3.16800    0.229013E-07
   3.17000    0.226399E-07
   3.17200    0.226974E-07
   3.17400    0.230976E-07
   3.17600    0.238445E-07
   3.17800    0.249219E-07
   3.18000    0.262949E-07
   3.18200    0.279134E-07
   3.18400    0.297167E-07
   3.18600    0.316386E-07
   3.18800    0.336121E-07
   3.19000    0.355742E-07
   3.19200    0.374689E-07
   3.19400    0.392491E-07
   3.19600    0.408783E-07
   3.19800    0.423297E-07
   3.20000    0.435867E-07
   3.20200    0.446416E-07
   3.20400    0.454953E-07
   3.20600    0.461562E-07
   3.20800    0.466398E-07
   3.21000    0.469683E-07
   3.21200    0.471694E-07
   3.21400    0.472750E-07
   3.21600    0.473203E-07
   3.21800    0.473405E-07
   3.22000    0.473692E-07
   3.22200    0.474357E-07
   3.22400    0.475621E-07
   3.22600    0.477618E-07
   3.22800    0.480375E-07
   3.23000    0.483816E-07
   3.23200    0.487766E-07
   3.23400    0.491964E-07
   3.23600    0.496100E-07
   3.23800    0.499842E-07
   3.24000    0.502882E-07
   3.24200    0.504974E-07
   3.24400    0.505971E-07
   3.24600    0.505853E-07
   3.24800    0.504734E-07
   3.25000    0.502866E-07
   3.25200    0.500601E-07
   3.25400    0.498356E-07
   3.25600    0.496551E-07
   3.25800    0.495546E-07
   3.26000    0.495571E-07
   3.26200    0.496681E-07
   3.26400    0.498716E-07
   3.26600    0.501291E-07
   3.26800    0.503814E-07
   3.27000    0.505519E-07
   3.27200    0.505536E-07
   3.27400    0.502958E-07
   3.27600    0.496926E-07
   3.27800    0.486715E-07
   3.28000    0.471804E-07
   3.28200    0.451951E-07
   3.28400    0.427231E-07
   3.28600    0.398059E-07
   3.28800    0.365190E-07
   3.29000    0.329676E-07
   3.29200    0.292799E-07
   3.29400    0.255979E-07
   3.29600    0.220661E-07
   3.29800    0.188198E-07
   3.30000    0.159746E-07
   3.30200    0.136170E-07
   3.30400    0.117995E-07
   3.30600    0.105383E-07
   3.30800    0.981593E-08
   3.31000    0.958572E-08
   3.31200    0.977970E-08
   3.31400    0.103169E-07
   3.31600    0.111119E-07
   3.31800    0.120818E-07
   3.32000    0.131522E-07
   3.32200    0.142603E-07
   3.32400    0.153573E-07
   3.32600    0.164075E-07
   3.32800    0.173879E-07
   3.33000    0.182860E-07
   3.33200    0.190975E-07
   3.33400    0.198241E-07
   3.33600    0.204715E-07
   3.33800    0.210475E-07
   3.34000    0.215610E-07
   3.34200    0.220204E-07
   3.34400    0.224335E-07
   3.34600    0.228071E-07
   3.34800    0.231467E-07
   3.35000    0.234570E-07
   3.35200    0.237414E-07
   3.35400    0.240030E-07
   3.35600    0.242445E-07
   3.35800    0.244683E-07
   3.36000    0.246764E-07
   3.36200    0.248706E-07
   3.36400    0.250525E-07
   3.36600    0.252232E-07
   3.36800    0.253834E-07
   3.37000    0.255333E-07
   3.37200    0.256728E-07
   3.37400    0.258016E-07
   3.37600    0.259193E-07
   3.37800    0.260256E-07
   3.38000    0.261205E-07
   3.38200    0.262045E-07
   3.38400    0.262783E-07
   3.38600    0.263434E-07
   3.38800    0.264010E-07
   3.39000    0.264528E-07
   3.39200    0.265005E-07
   3.39400    0.265453E-07
   3.39600    0.265886E-07
   3.39800    0.266312E-07
   3.40000    0.266739E-07
   3.40200    0.267170E-07
   3.40400    0.267610E-07
   3.40600    0.268060E-07
   3.40800    0.268520E-07
   3.41000    0.268985E-07
   3.41200    0.269448E-07
   3.41400    0.269892E-07
   3.41600    0.270292E-07
   3.41800    0.270615E-07
   3.42000    0.270818E-07
   3.42200    0.270852E-07
   3.42400    0.270671E-07
   3.42600    0.270232E-07
   3.42800    0.269508E-07
   3.43000    0.268488E-07
   3.43200    0.267184E-07
   3.43400    0.265634E-07
   3.43600    0.263891E-07
   3.43800    0.262025E-07
   3.44000    0.260105E-07
   3.44200    0.258197E-07
   3.44400    0.256348E-07
   3.44600    0.254580E-07
   3.44800    0.252889E-07
   3.45000    0.251246E-07
   3.45200    0.249601E-07
   3.45400    0.247896E-07
   3.45600    0.246072E-07
   3.45800    0.244082E-07
   3.46000    0.241899E-07
   3.46200    0.239515E-07
   3.46400    0.236948E-07
   3.46600    0.234229E-07
   3.46800    0.231400E-07
   3.47000    0.228501E-07
   3.47200    0.225565E-07
   3.47400    0.222614E-07
   3.47600    0.219652E-07
   3.47800    0.216673E-07
   3.48000    0.213667E-07
   3.48200    0.210624E-07
   3.48400    0.207545E-07
   3.48600    0.204453E-07
   3.48800    0.201392E-07
   3.49000    0.198436E-07
   3.49200    0.195688E-07
   3.49400    0.193274E-07
   3.49600    0.191346E-07
   3.49800    0.190072E-07
   3.50000    0.189632E-07
   3.50200    0.190208E-07
   3.50400    0.191981E-07
   3.50600    0.195117E-07
   3.50800    0.199762E-07
   3.51000    0.206027E-07
   3.51200    0.213981E-07
   3.51400    0.223649E-07
   3.51600    0.234999E-07
   3.51800    0.247952E-07
   3.52000    0.262383E-07
   3.52200    0.278131E-07
   3.52400    0.295014E-07
   3.52600    0.312836E-07
   3.52800    0.331406E-07
   3.53000    0.350545E-07
   3.53200    0.370093E-07
   3.53400    0.389922E-07
   3.53600    0.409929E-07
   3.53800    0.430058E-07
   3.54000    0.450253E-07
   3.54200    0.470546E-07
   3.54400    0.490986E-07
   3.54600    0.511676E-07
   3.54800    0.532770E-07
   3.55000    0.554479E-07
   3.55200    0.577066E-07
   3.55400    0.600846E-07
   3.55600    0.626170E-07
   3.55800    0.653401E-07
   3.56000    0.682873E-07
   3.56200    0.714835E-07
   3.56400    0.749361E-07
   3.56600    0.786253E-07
   3.56800    0.824909E-07
   3.57000    0.864203E-07
   3.57200    0.902366E-07
   3.57400    0.936917E-07
   3.57600    0.964660E-07
   3.57800    0.981787E-07
   3.58000    0.984100E-07
   3.58200    0.967363E-07
   3.58400    0.927750E-07
   3.58600    0.862373E-07
   3.58800    0.769789E-07
   3.59000    0.650425E-07
   3.59200    0.506831E-07
   3.59400    0.343697E-07
   3.59600    0.167592E-07
   3.59800   -0.135482E-08
   3.60000   -0.191140E-07
   3.60200   -0.356778E-07
   3.60400   -0.503048E-07
   3.60600   -0.624206E-07
   3.60800   -0.716640E-07
   3.61000   -0.779049E-07
   3.61200   -0.812335E-07
   3.61400   -0.819261E-07
   3.61600   -0.803927E-07
   3.61800   -0.771189E-07
   3.62000   -0.726081E-07
   3.62200   -0.673337E-07
   3.62400   -0.617047E-07
   3.62600   -0.560462E-07
   3.62800   -0.505951E-07
   3.63000   -0.455053E-07
   3.63200   -0.408614E-07
   3.63400   -0.366944E-07
   3.63600   -0.329987E-07
   3.63800   -0.297452E-07
   3.64000   -0.268929E-07
   3.64200   -0.243954E-07
   3.64400   -0.222060E-07
   3.64600   -0.202797E-07
   3.64800   -0.185746E-07
   3.65000   -0.170525E-07
   3.65200   -0.156797E-07
   3.65400   -0.144276E-07
   3.65600   -0.132731E-07
   3.65800   -0.121989E-07
   3.66000   -0.111941E-07
   3.66200   -0.102507E-07
   3.66400   -0.936914E-08
   3.66600   -0.854843E-08
   3.66800   -0.778935E-08
   3.67000   -0.709172E-08
   3.67200   -0.645320E-08
   3.67400   -0.586860E-08
   3.67600   -0.532990E-08
   3.67800   -0.482679E-08
   3.68000   -0.434782E-08
   3.68200   -0.388172E-08
   3.68400   -0.341886E-08
   3.68600   -0.295239E-08
   3.68800   -0.247901E-08
   3.69000   -0.199927E-08
   3.69200   -0.151724E-08
   3.69400   -0.103978E-08
   3.69600   -0.575223E-09
   3.69800   -0.132179E-09
   3.70000    0.281857E-09
   3.70200    0.661571E-09
   3.70400    0.100461E-08
   3.70600    0.131177E-08
   3.70800    0.158681E-08
   3.71000    0.183570E-08
   3.71200    0.206577E-08
   3.71400    0.228456E-08
   3.71600    0.249881E-08
   3.71800    0.271362E-08
   3.72000    0.293189E-08
   3.72200    0.315424E-08
   3.72400    0.337914E-08
   3.72600    0.360352E-08
   3.72800    0.382336E-08
   3.73000    0.403456E-08
   3.73200    0.423362E-08
   3.73400    0.441832E-08
   3.73600    0.458795E-08
   3.73800    0.474356E-08
   3.74000    0.488779E-08
   3.74200    0.502458E-08
   3.74400    0.515869E-08
   3.74600    0.529514E-08
   3.74800    0.543863E-08
   3.75000    0.559299E-08
   3.75200    0.576073E-08
   3.75400    0.594265E-08
   3.75600    0.613771E-08
   3.75800    0.634304E-08
   3.76000    0.655408E-08
   3.76200    0.676500E-08
   3.76400    0.696924E-08
   3.76600    0.716012E-08
   3.76800    0.733151E-08
   3.77000    0.747853E-08
   3.77200    0.759804E-08
   3.77400    0.768898E-08
   3.77600    0.775251E-08
   3.77800    0.779192E-08
   3.78000    0.781231E-08
   3.78200    0.782006E-08
   3.78400    0.782227E-08
   3.78600    0.782609E-08
   3.78800    0.783815E-08
   3.79000    0.786407E-08
   3.79200    0.790802E-08
   3.79400    0.797253E-08
   3.79600    0.805844E-08
   3.79800    0.816492E-08
   3.80000    0.828963E-08
   3.80200    0.842897E-08
   3.80400    0.857839E-08
   3.80600    0.873261E-08
   3.80800    0.888595E-08
   3.81000    0.903262E-08
   3.81200    0.916688E-08
   3.81400    0.928333E-08
   3.81600    0.937708E-08
   3.81800    0.944397E-08
   3.82000    0.948081E-08
   3.82200    0.948566E-08
   3.82400    0.945808E-08
   3.82600    0.939949E-08
   3.82800    0.931341E-08
   3.83000    0.920568E-08
   3.83200    0.908445E-08
   3.83400    0.896006E-08
   3.83600    0.884451E-08
   3.83800    0.875077E-08
   3.84000    0.869173E-08
   3.84200    0.867906E-08
   3.84400    0.872197E-08
   3.84600    0.882617E-08
   3.84800    0.899300E-08
   3.85000    0.921912E-08
   3.85200    0.949660E-08
   3.85400    0.981354E-08
   3.85600    0.101552E-07
   3.85800    0.105051E-07
   3.86000    0.108470E-07
   3.86200    0.111655E-07
   3.86400    0.114478E-07
   3.86600    0.116844E-07
   3.86800    0.118690E-07
   3.87000    0.119991E-07
   3.87200    0.120754E-07
   3.87400    0.121011E-07
   3.87600    0.120813E-07
   3.87800    0.120224E-07
   3.88000    0.119312E-07
   3.88200    0.118142E-07
   3.88400    0.116776E-07
   3.88600    0.115265E-07
   3.88800    0.113651E-07
   3.89000    0.111964E-07
   3.89200    0.110230E-07
   3.89400    0.108465E-07
   3.89600    0.106686E-07
   3.89800    0.104906E-07
   3.90000    0.103142E-07
   3.90200    0.101416E-07
   3.90400    0.997520E-08
   3.90600    0.981779E-08
   3.90800    0.967246E-08
   3.91000    0.954227E-08
   3.91200    0.942997E-08
   3.91400    0.933779E-08
   3.91600    0.926716E-08
   3.91800    0.921846E-08
   3.92000    0.919097E-08
   3.92200    0.918287E-08
   3.92400    0.919127E-08
   3.92600    0.921248E-08
   3.92800    0.924222E-08
   3.93000    0.927595E-08
   3.93200    0.930921E-08
   3.93400    0.933793E-08
   3.93600    0.935870E-08
   3.93800    0.936894E-08
   3.94000    0.936701E-08
   3.94200    0.935219E-08
   3.94400    0.932462E-08
   3.94600    0.928506E-08
   3.94800    0.923468E-08
   3.95000    0.917480E-08
   3.95200    0.910664E-08
   3.95400    0.903109E-08
   3.95600    0.894862E-08
   3.95800    0.885925E-08
   3.96000    0.876255E-08
   3.96200    0.865783E-08
   3.96400    0.854424E-08
   3.96600    0.842094E-08
   3.96800    0.828720E-08
   3.97000    0.814236E-08
   3.97200    0.798583E-08
   3.97400    0.781687E-08
   3.97600    0.763441E-08
   3.97800    0.743689E-08
   3.98000    0.722215E-08
   3.98200    0.698746E-08
   3.98400    0.672975E-08
   3.98600    0.644596E-08
   3.98800    0.613355E-08
   3.99000    0.579103E-08
   3.99200    0.541852E-08
   3.99400    0.501814E-08
   3.99600    0.459416E-08
   3.99800    0.415296E-08
   4.00000    0.370265E-08
