   0.00000    0.000000E+00
   0.00200    0.000000E+00
   0.00400    0.000000E+00
   0.00600    0.000000E+00
   0.00800    0.000000E+00
   0.01000    0.000000E+00
   0.01200    0.000000E+00
   0.01400    0.000000E+00
   0.01600    0.000000E+00
   0.01800    0.000000E+00
   0.02000    0.000000E+00
   0.02200    0.000000E+00
   0.02400    0.000000E+00
   0.02600    0.215682E-10
   0.02800    0.635744E-10
   0.03000    0.136305E-09
   0.03200    0.272894E-09
   0.03400    0.530746E-09
   0.03600    0.100601E-08
   0.03800    0.186013E-08
   0.04000    0.335652E-08
   0.04200    0.591128E-08
   0.04400    0.101605E-07
   0.04600    0.170440E-07
   0.04800    0.279027E-07
   0.05000    0.445788E-07
   0.05200    0.695078E-07
   0.05400    0.105770E-06
   0.05600    0.157076E-06
   0.05800    0.227656E-06
   0.06000    0.322012E-06
   0.06200    0.444510E-06
   0.06400    0.598834E-06
   0.06600    0.787306E-06
   0.06800    0.101016E-05
   0.07000    0.126483E-05
   0.07200    0.154548E-05
   0.07400    0.184277E-05
   0.07600    0.214403E-05
   0.07800    0.243402E-05
   0.08000    0.269596E-05
   0.08200    0.291310E-05
   0.08400    0.307038E-05
   0.08600    0.315605E-05
   0.08800    0.316303E-05
   0.09000    0.308975E-05
   0.09200    0.294034E-05
   0.09400    0.272419E-05
   0.09600    0.245482E-05
   0.09800    0.214842E-05
   0.10000    0.182215E-05
   0.10200    0.149245E-05
   0.10400    0.117371E-05
   0.10600    0.877285E-06
   0.10800    0.611035E-06
   0.11000    0.379327E-06
   0.11200    0.183430E-06
   0.11400    0.221631E-07
   0.11600   -0.107336E-06
   0.11800   -0.208862E-06
   0.12000   -0.286508E-06
   0.12200   -0.344194E-06
   0.12400   -0.385391E-06
   0.12600   -0.413010E-06
   0.12800   -0.429416E-06
   0.13000   -0.436530E-06
   0.13200   -0.435951E-06
   0.13400   -0.429078E-06
   0.13600   -0.417198E-06
   0.13800   -0.401529E-06
   0.14000   -0.383232E-06
   0.14200   -0.363392E-06
   0.14400   -0.342981E-06
   0.14600   -0.322831E-06
   0.14800   -0.303626E-06
   0.15000   -0.285854E-06
   0.15200   -0.269865E-06
   0.15400   -0.255882E-06
   0.15600   -0.244012E-06
   0.15800   -0.234278E-06
   0.16000   -0.226637E-06
   0.16200   -0.220997E-06
   0.16400   -0.217216E-06
   0.16600   -0.215103E-06
   0.16800   -0.214418E-06
   0.17000   -0.214866E-06
   0.17200   -0.216109E-06
   0.17400   -0.217776E-06
   0.17600   -0.219482E-06
   0.17800   -0.220859E-06
   0.18000   -0.221580E-06
   0.18200   -0.221389E-06
   0.18400   -0.220119E-06
   0.18600   -0.217703E-06
   0.18800   -0.214173E-06
   0.19000   -0.209650E-06
   0.19200   -0.204319E-06
   0.19400   -0.198409E-06
   0.19600   -0.192165E-06
   0.19800   -0.185821E-06
   0.20000   -0.179586E-06
   0.20200   -0.173631E-06
   0.20400   -0.168087E-06
   0.20600   -0.163048E-06
   0.20800   -0.158577E-06
   0.21000   -0.154720E-06
   0.21200   -0.151508E-06
   0.21400   -0.148968E-06
   0.21600   -0.147119E-06
   0.21800   -0.145973E-06
   0.22000   -0.145524E-06
   0.22200   -0.145743E-06
   0.22400   -0.146568E-06
   0.22600   -0.147902E-06
   0.22800   -0.149611E-06
   0.23000   -0.151531E-06
   0.23200   -0.153480E-06
   0.23400   -0.155269E-06
   0.23600   -0.156720E-06
   0.23800   -0.157683E-06
   0.24000   -0.158045E-06
   0.24200   -0.157738E-06
   0.24400   -0.156745E-06
   0.24600   -0.155091E-06
   0.24800   -0.152841E-06
   0.25000   -0.150091E-06
   0.25200   -0.146956E-06
   0.25400   -0.143561E-06
   0.25600   -0.140034E-06
   0.25800   -0.136503E-06
   0.26000   -0.133092E-06
   0.26200   -0.129914E-06
   0.26400   -0.127078E-06
   0.26600   -0.124679E-06
   0.26800   -0.122799E-06
   0.27000   -0.121500E-06
   0.27200   -0.120817E-06
   0.27400   -0.120753E-06
   0.27600   -0.121274E-06
   0.27800   -0.122308E-06
   0.28000   -0.123745E-06
   0.28200   -0.125443E-06
   0.28400   -0.127235E-06
   0.28600   -0.128945E-06
   0.28800   -0.130401E-06
   0.29000   -0.131446E-06
   0.29200   -0.131955E-06
   0.29400   -0.131844E-06
   0.29600   -0.131074E-06
   0.29800   -0.129657E-06
   0.30000   -0.127654E-06
   0.30200   -0.125169E-06
   0.30400   -0.122340E-06
   0.30600   -0.119331E-06
   0.30800   -0.116317E-06
   0.31000   -0.113473E-06
   0.31200   -0.110962E-06
   0.31400   -0.108919E-06
   0.31600   -0.107446E-06
   0.31800   -0.106598E-06
   0.32000   -0.106385E-06
   0.32200   -0.106769E-06
   0.32400   -0.107667E-06
   0.32600   -0.108959E-06
   0.32800   -0.110501E-06
   0.33000   -0.112130E-06
   0.33200   -0.113687E-06
   0.33400   -0.115019E-06
   0.33600   -0.115998E-06
   0.33800   -0.116524E-06
   0.34000   -0.116535E-06
   0.34200   -0.116005E-06
   0.34400   -0.114952E-06
   0.34600   -0.113427E-06
   0.34800   -0.111517E-06
   0.35000   -0.109336E-06
   0.35200   -0.107016E-06
   0.35400   -0.104701E-06
   0.35600   -0.102531E-06
   0.35800   -0.100639E-06
   0.36000   -0.991292E-07
   0.36200   -0.980783E-07
   0.36400   -0.975222E-07
   0.36600   -0.974553E-07
   0.36800   -0.978308E-07
   0.37000   -0.985655E-07
   0.37200   -0.995484E-07
   0.37400   -0.100651E-06
   0.37600   -0.101741E-06
   0.37800   -0.102691E-06
   0.38000   -0.103392E-06
   0.38200   -0.103760E-06
   0.38400   -0.103742E-06
   0.38600   -0.103318E-06
   0.38800   -0.102504E-06
   0.39000   -0.101348E-06
   0.39200   -0.999254E-07
   0.39400   -0.983345E-07
   0.39600   -0.966898E-07
   0.39800   -0.951113E-07
   0.40000   -0.937153E-07
   0.40200   -0.926031E-07
   0.40400   -0.918515E-07
   0.40600   -0.915040E-07
   0.40800   -0.915660E-07
   0.41000   -0.920034E-07
   0.41200   -0.927465E-07
   0.41400   -0.936976E-07
   0.41600   -0.947420E-07
   0.41800   -0.957613E-07
   0.42000   -0.966460E-07
   0.42200   -0.973075E-07
   0.42400   -0.976854E-07
   0.42600   -0.977526E-07
   0.42800   -0.975154E-07
   0.43000   -0.970098E-07
   0.43200   -0.962950E-07
   0.43400   -0.954451E-07
   0.43600   -0.945400E-07
   0.43800   -0.936568E-07
   0.44000   -0.928619E-07
   0.44200   -0.922050E-07
   0.44400   -0.917156E-07
   0.44600   -0.914022E-07
   0.44800   -0.912534E-07
   0.45000   -0.912421E-07
   0.45200   -0.913306E-07
   0.45400   -0.914770E-07
   0.45600   -0.916416E-07
   0.45800   -0.917914E-07
   0.46000   -0.919035E-07
   0.46200   -0.919656E-07
   0.46400   -0.919745E-07
   0.46600   -0.919320E-07
   0.46800   -0.918414E-07
   0.47000   -0.917029E-07
   0.47200   -0.915113E-07
   0.47400   -0.912561E-07
   0.47600   -0.909223E-07
   0.47800   -0.904958E-07
   0.48000   -0.899677E-07
   0.48200   -0.893397E-07
   0.48400   -0.886284E-07
   0.48600   -0.878663E-07
   0.48800   -0.871012E-07
   0.49000   -0.863909E-07
   0.49200   -0.857969E-07
   0.49400   -0.853759E-07
   0.49600   -0.851706E-07
   0.49800   -0.852033E-07
   0.50000   -0.854705E-07
   0.50200   -0.859420E-07
   0.50400   -0.865630E-07
   0.50600   -0.872606E-07
   0.50800   -0.879518E-07
   0.51000   -0.885541E-07
   0.51200   -0.889951E-07
   0.51400   -0.892210E-07
   0.51600   -0.892026E-07
   0.51800   -0.889375E-07
   0.52000   -0.884494E-07
   0.52200   -0.877839E-07
   0.52400   -0.870020E-07
   0.52600   -0.861726E-07
   0.52800   -0.853649E-07
   0.53000   -0.846419E-07
   0.53200   -0.840548E-07
   0.53400   -0.836399E-07
   0.53600   -0.834169E-07
   0.53800   -0.833893E-07
   0.54000   -0.835446E-07
   0.54200   -0.838567E-07
   0.54400   -0.842882E-07
   0.54600   -0.847933E-07
   0.54800   -0.853209E-07
   0.55000   -0.858181E-07
   0.55200   -0.862352E-07
   0.55400   -0.865293E-07
   0.55600   -0.866693E-07
   0.55800   -0.866390E-07
   0.56000   -0.864392E-07
   0.56200   -0.860901E-07
   0.56400   -0.856293E-07
   0.56600   -0.851088E-07
   0.56800   -0.845927E-07
   0.57000   -0.841496E-07
   0.57200   -0.838484E-07
   0.57400   -0.837552E-07
   0.57600   -0.839225E-07
   0.57800   -0.843907E-07
   0.58000   -0.851824E-07
   0.58200   -0.863025E-07
   0.58400   -0.877376E-07
   0.58600   -0.894590E-07
   0.58800   -0.914251E-07
   0.59000   -0.935858E-07
   0.59200   -0.958869E-07
   0.59400   -0.982738E-07
   0.59600   -0.100695E-06
   0.59800   -0.103104E-06
   0.60000   -0.105455E-06
   0.60200   -0.107705E-06
   0.60400   -0.109803E-06
   0.60600   -0.111690E-06
   0.60800   -0.113294E-06
   0.61000   -0.114529E-06
   0.61200   -0.115302E-06
   0.61400   -0.115522E-06
   0.61600   -0.115113E-06
   0.61800   -0.114034E-06
   0.62000   -0.112294E-06
   0.62200   -0.109960E-06
   0.62400   -0.107163E-06
   0.62600   -0.104086E-06
   0.62800   -0.100948E-06
   0.63000   -0.979748E-07
   0.63200   -0.953640E-07
   0.63400   -0.932597E-07
   0.63600   -0.917277E-07
   0.63800   -0.907462E-07
   0.64000   -0.902105E-07
   0.64200   -0.899516E-07
   0.64400   -0.897648E-07
   0.64600   -0.894426E-07
   0.64800   -0.888075E-07
   0.65000   -0.877361E-07
   0.65200   -0.861740E-07
   0.65400   -0.841377E-07
   0.65600   -0.817062E-07
   0.65800   -0.790041E-07
   0.66000   -0.761799E-07
   0.66200   -0.733848E-07
   0.66400   -0.707536E-07
   0.66600   -0.683912E-07
   0.66800   -0.663653E-07
   0.67000   -0.647046E-07
   0.67200   -0.634024E-07
   0.67400   -0.624233E-07
   0.67600   -0.617121E-07
   0.67800   -0.612032E-07
   0.68000   -0.608292E-07
   0.68200   -0.605289E-07
   0.68400   -0.602516E-07
   0.68600   -0.599623E-07
   0.68800   -0.596425E-07
   0.69000   -0.592893E-07
   0.69200   -0.589150E-07
   0.69400   -0.585423E-07
   0.69600   -0.581994E-07
   0.69800   -0.579199E-07
   0.70000   -0.577327E-07
   0.70200   -0.576614E-07
   0.70400   -0.577194E-07
   0.70600   -0.579084E-07
   0.70800   -0.582166E-07
   0.71000   -0.586211E-07
   0.71200   -0.590887E-07
   0.71400   -0.595805E-07
   0.71600   -0.600559E-07
   0.71800   -0.604766E-07
   0.72000   -0.608118E-07
   0.72200   -0.610404E-07
   0.72400   -0.611534E-07
   0.72600   -0.611537E-07
   0.72800   -0.610551E-07
   0.73000   -0.608794E-07
   0.73200   -0.606534E-07
   0.73400   -0.604053E-07
   0.73600   -0.601613E-07
   0.73800   -0.599435E-07
   0.74000   -0.597683E-07
   0.74200   -0.596458E-07
   0.74400   -0.595804E-07
   0.74600   -0.595712E-07
   0.74800   -0.596134E-07
   0.75000   -0.596994E-07
   0.75200   -0.598188E-07
   0.75400   -0.599597E-07
   0.75600   -0.601080E-07
   0.75800   -0.602479E-07
   0.76000   -0.603624E-07
   0.76200   -0.604340E-07
   0.76400   -0.604460E-07
   0.76600   -0.603849E-07
   0.76800   -0.602417E-07
   0.77000   -0.600146E-07
   0.77200   -0.597099E-07
   0.77400   -0.593429E-07
   0.77600   -0.589371E-07
   0.77800   -0.585223E-07
   0.78000   -0.581322E-07
   0.78200   -0.578003E-07
   0.78400   -0.575561E-07
   0.78600   -0.574215E-07
   0.78800   -0.574075E-07
   0.79000   -0.575125E-07
   0.79200   -0.577216E-07
   0.79400   -0.580075E-07
   0.79600   -0.583336E-07
   0.79800   -0.586574E-07
   0.80000   -0.589356E-07
   0.80200   -0.591291E-07
   0.80400   -0.592079E-07
   0.80600   -0.591546E-07
   0.80800   -0.589670E-07
   0.81000   -0.586583E-07
   0.81200   -0.582561E-07
   0.81400   -0.577987E-07
   0.81600   -0.573307E-07
   0.81800   -0.568979E-07
   0.82000   -0.565416E-07
   0.82200   -0.562939E-07
   0.82400   -0.561740E-07
   0.82600   -0.561859E-07
   0.82800   -0.563183E-07
   0.83000   -0.565451E-07
   0.83200   -0.568291E-07
   0.83400   -0.571256E-07
   0.83600   -0.573871E-07
   0.83800   -0.575690E-07
   0.84000   -0.576339E-07
   0.84200   -0.575559E-07
   0.84400   -0.573234E-07
   0.84600   -0.569404E-07
   0.84800   -0.564262E-07
   0.85000   -0.558130E-07
   0.85200   -0.551432E-07
   0.85400   -0.544645E-07
   0.85600   -0.538254E-07
   0.85800   -0.532706E-07
   0.86000   -0.528367E-07
   0.86200   -0.525493E-07
   0.86400   -0.524207E-07
   0.86600   -0.524494E-07
   0.86800   -0.526206E-07
   0.87000   -0.529076E-07
   0.87200   -0.532750E-07
   0.87400   -0.536811E-07
   0.87600   -0.540821E-07
   0.87800   -0.544357E-07
   0.88000   -0.547046E-07
   0.88200   -0.548595E-07
   0.88400   -0.548818E-07
   0.88600   -0.547640E-07
   0.88800   -0.545109E-07
   0.89000   -0.541376E-07
   0.89200   -0.536683E-07
   0.89400   -0.531330E-07
   0.89600   -0.525643E-07
   0.89800   -0.519942E-07
   0.90000   -0.514514E-07
   0.90200   -0.509587E-07
   0.90400   -0.505318E-07
   0.90600   -0.501786E-07
   0.90800   -0.498999E-07
   0.91000   -0.496904E-07
   0.91200   -0.495400E-07
   0.91400   -0.494361E-07
   0.91600   -0.493654E-07
   0.91800   -0.493155E-07
   0.92000   -0.492762E-07
   0.92200   -0.492401E-07
   0.92400   -0.492031E-07
   0.92600   -0.491639E-07
   0.92800   -0.491230E-07
   0.93000   -0.490821E-07
   0.93200   -0.490420E-07
   0.93400   -0.490025E-07
   0.93600   -0.489610E-07
   0.93800   -0.489122E-07
   0.94000   -0.488487E-07
   0.94200   -0.487612E-07
   0.94400   -0.486399E-07
   0.94600   -0.484761E-07
   0.94800   -0.482635E-07
   0.95000   -0.479994E-07
   0.95200   -0.476860E-07
   0.95400   -0.473306E-07
   0.95600   -0.469454E-07
   0.95800   -0.465468E-07
   0.96000   -0.461536E-07
   0.96200   -0.457856E-07
   0.96400   -0.454608E-07
   0.96600   -0.451943E-07
   0.96800   -0.449956E-07
   0.97000   -0.448677E-07
   0.97200   -0.448070E-07
   0.97400   -0.448025E-07
   0.97600   -0.448373E-07
   0.97800   -0.448898E-07
   0.98000   -0.449356E-07
   0.98200   -0.449497E-07
   0.98400   -0.449087E-07
   0.98600   -0.447931E-07
   0.98800   -0.445894E-07
   0.99000   -0.442915E-07
   0.99200   -0.439021E-07
   0.99400   -0.434327E-07
   0.99600   -0.429033E-07
   0.99800   -0.423407E-07
   1.00000   -0.417765E-07
   1.00200   -0.412437E-07
   1.00400   -0.407735E-07
   1.00600   -0.403913E-07
   1.00800   -0.401143E-07
   1.01000   -0.399484E-07
   1.01200   -0.398876E-07
   1.01400   -0.399140E-07
   1.01600   -0.399997E-07
   1.01800   -0.401096E-07
   1.02000   -0.402057E-07
   1.02200   -0.402511E-07
   1.02400   -0.402147E-07
   1.02600   -0.400749E-07
   1.02800   -0.398222E-07
   1.03000   -0.394599E-07
   1.03200   -0.390042E-07
   1.03400   -0.384818E-07
   1.03600   -0.379264E-07
   1.03800   -0.373745E-07
   1.04000   -0.368609E-07
   1.04200   -0.364145E-07
   1.04400   -0.360545E-07
   1.04600   -0.357888E-07
   1.04800   -0.356126E-07
   1.05000   -0.355101E-07
   1.05200   -0.354562E-07
   1.05400   -0.354199E-07
   1.05600   -0.353690E-07
   1.05800   -0.352735E-07
   1.06000   -0.351103E-07
   1.06200   -0.348659E-07
   1.06400   -0.345382E-07
   1.06600   -0.341374E-07
   1.06800   -0.336842E-07
   1.07000   -0.332078E-07
   1.07200   -0.327419E-07
   1.07400   -0.323207E-07
   1.07600   -0.319738E-07
   1.07800   -0.317230E-07
   1.08000   -0.315788E-07
   1.08200   -0.315390E-07
   1.08400   -0.315892E-07
   1.08600   -0.317043E-07
   1.08800   -0.318519E-07
   1.09000   -0.319960E-07
   1.09200   -0.321021E-07
   1.09400   -0.321407E-07
   1.09600   -0.320914E-07
   1.09800   -0.319449E-07
   1.10000   -0.317035E-07
   1.10200   -0.313805E-07
   1.10400   -0.309977E-07
   1.10600   -0.305820E-07
   1.10800   -0.301620E-07
   1.11000   -0.297632E-07
   1.11200   -0.294051E-07
   1.11400   -0.290989E-07
   1.11600   -0.288458E-07
   1.11800   -0.286378E-07
   1.12000   -0.284590E-07
   1.12200   -0.282884E-07
   1.12400   -0.281031E-07
   1.12600   -0.278821E-07
   1.12800   -0.276096E-07
   1.13000   -0.272772E-07
   1.13200   -0.268862E-07
   1.13400   -0.264471E-07
   1.13600   -0.259791E-07
   1.13800   -0.255077E-07
   1.14000   -0.250615E-07
   1.14200   -0.246684E-07
   1.14400   -0.243517E-07
   1.14600   -0.241270E-07
   1.14800   -0.239990E-07
   1.15000   -0.239611E-07
   1.15200   -0.239952E-07
   1.15400   -0.240735E-07
   1.15600   -0.241617E-07
   1.15800   -0.242230E-07
   1.16000   -0.242227E-07
   1.16200   -0.241323E-07
   1.16400   -0.239335E-07
   1.16600   -0.236203E-07
   1.16800   -0.232003E-07
   1.17000   -0.226935E-07
   1.17200   -0.221302E-07
   1.17400   -0.215475E-07
   1.17600   -0.209844E-07
   1.17800   -0.204774E-07
   1.18000   -0.200559E-07
   1.18200   -0.197389E-07
   1.18400   -0.195331E-07
   1.18600   -0.194328E-07
   1.18800   -0.194206E-07
   1.19000   -0.194708E-07
   1.19200   -0.195533E-07
   1.19400   -0.196373E-07
   1.19600   -0.196963E-07
   1.19800   -0.197106E-07
   1.20000   -0.196703E-07
   1.20200   -0.195756E-07
   1.20400   -0.194358E-07
   1.20600   -0.192669E-07
   1.20800   -0.190887E-07
   1.21000   -0.189201E-07
   1.21200   -0.187761E-07
   1.21400   -0.186645E-07
   1.21600   -0.185845E-07
   1.21800   -0.185264E-07
   1.22000   -0.184735E-07
   1.22200   -0.184049E-07
   1.22400   -0.182990E-07
   1.22600   -0.181384E-07
   1.22800   -0.179128E-07
   1.23000   -0.176220E-07
   1.23200   -0.172769E-07
   1.23400   -0.168983E-07
   1.23600   -0.165146E-07
   1.23800   -0.161579E-07
   1.24000   -0.158586E-07
   1.24200   -0.156409E-07
   1.24400   -0.155184E-07
   1.24600   -0.154912E-07
   1.24800   -0.155456E-07
   1.25000   -0.156544E-07
   1.25200   -0.157809E-07
   1.25400   -0.158833E-07
   1.25600   -0.159207E-07
   1.25800   -0.158583E-07
   1.26000   -0.156727E-07
   1.26200   -0.153552E-07
   1.26400   -0.149131E-07
   1.26600   -0.143689E-07
   1.26800   -0.137575E-07
   1.27000   -0.131212E-07
   1.27200   -0.125048E-07
   1.27400   -0.119490E-07
   1.27600   -0.114864E-07
   1.27800   -0.111369E-07
   1.28000   -0.109063E-07
   1.28200   -0.107869E-07
   1.28400   -0.107590E-07
   1.28600   -0.107955E-07
   1.28800   -0.108662E-07
   1.29000   -0.109428E-07
   1.29200   -0.110030E-07
   1.29400   -0.110336E-07
   1.29600   -0.110320E-07
   1.29800   -0.110051E-07
   1.30000   -0.109675E-07
   1.30200   -0.109377E-07
   1.30400   -0.109342E-07
   1.30600   -0.109712E-07
   1.30800   -0.110554E-07
   1.31000   -0.111842E-07
   1.31200   -0.113455E-07
   1.31400   -0.115194E-07
   1.31600   -0.116813E-07
   1.31800   -0.118059E-07
   1.32000   -0.118714E-07
   1.32200   -0.118634E-07
   1.32400   -0.117774E-07
   1.32600   -0.116193E-07
   1.32800   -0.114047E-07
   1.33000   -0.111557E-07
   1.33200   -0.108971E-07
   1.33400   -0.106517E-07
   1.33600   -0.104360E-07
   1.33800   -0.102565E-07
   1.34000   -0.101094E-07
   1.34200   -0.998000E-08
   1.34400   -0.984642E-08
   1.34600   -0.968359E-08
   1.34800   -0.946881E-08
   1.35000   -0.918709E-08
   1.35200   -0.883555E-08
   1.35400   -0.842585E-08
   1.35600   -0.798423E-08
   1.35800   -0.754890E-08
   1.36000   -0.716493E-08
   1.36200   -0.687770E-08
   1.36400   -0.672558E-08
   1.36600   -0.673316E-08
   1.36800   -0.690633E-08
   1.37000   -0.723002E-08
   1.37200   -0.766915E-08
   1.37400   -0.817262E-08
   1.37600   -0.868003E-08
   1.37800   -0.912992E-08
   1.38000   -0.946829E-08
   1.38200   -0.965610E-08
   1.38400   -0.967429E-08
   1.38600   -0.952589E-08
   1.38800   -0.923457E-08
   1.39000   -0.884017E-08
   1.39200   -0.839197E-08
   1.39400   -0.794070E-08
   1.39600   -0.753100E-08
   1.39800   -0.719533E-08
   1.40000   -0.695043E-08
   1.40200   -0.679680E-08
   1.40400   -0.672110E-08
   1.40600   -0.670092E-08
   1.40800   -0.671090E-08
   1.41000   -0.672892E-08
   1.41200   -0.674126E-08
   1.41400   -0.674556E-08
   1.41600   -0.675120E-08
   1.41800   -0.677691E-08
   1.42000   -0.684620E-08
   1.42200   -0.698142E-08
   1.42400   -0.719792E-08
   1.42600   -0.749914E-08
   1.42800   -0.787397E-08
   1.43000   -0.829678E-08
   1.43200   -0.873027E-08
   1.43400   -0.913049E-08
   1.43600   -0.945350E-08
   1.43800   -0.966204E-08
   1.44000   -0.973135E-08
   1.44200   -0.965291E-08
   1.44400   -0.943568E-08
   1.44600   -0.910450E-08
   1.44800   -0.869605E-08
   1.45000   -0.825337E-08
   1.45200   -0.781973E-08
   1.45400   -0.743301E-08
   1.45600   -0.712144E-08
   1.45800   -0.690151E-08
   1.46000   -0.677795E-08
   1.46200   -0.674555E-08
   1.46400   -0.679221E-08
   1.46600   -0.690250E-08
   1.46800   -0.706069E-08
   1.47000   -0.725281E-08
   1.47200   -0.746725E-08
   1.47400   -0.769386E-08
   1.47600   -0.792229E-08
   1.47800   -0.813990E-08
   1.48000   -0.833015E-08
   1.48200   -0.847227E-08
   1.48400   -0.854229E-08
   1.48600   -0.851590E-08
   1.48800   -0.837236E-08
   1.49000   -0.809889E-08
   1.49200   -0.769447E-08
   1.49400   -0.717226E-08
   1.49600   -0.655987E-08
   1.49800   -0.589707E-08
   1.50000   -0.523115E-08
   1.50200   -0.461071E-08
   1.50400   -0.407894E-08
   1.50600   -0.366746E-08
   1.50800   -0.339186E-08
   1.51000   -0.324982E-08
   1.51200   -0.322203E-08
   1.51400   -0.327567E-08
   1.51600   -0.336985E-08
   1.51800   -0.346177E-08
   1.52000   -0.351269E-08
   1.52200   -0.349264E-08
   1.52400   -0.338309E-08
   1.52600   -0.317764E-08
   1.52800   -0.288057E-08
   1.53000   -0.250411E-08
   1.53200   -0.206494E-08
   1.53400   -0.158074E-08
   1.53600   -0.106744E-08
   1.53800   -0.537496E-09
   1.54000    0.731675E-12
   1.54200    0.542668E-09
   1.54400    0.108665E-08
   1.54600    0.163308E-08
   1.54800    0.218370E-08
   1.55000    0.274139E-08
   1.55200    0.331037E-08
   1.55400    0.389663E-08
   1.55600    0.450827E-08
   1.55800    0.515530E-08
   1.56000    0.584868E-08
   1.56200    0.659857E-08
   1.56400    0.741182E-08
   1.56600    0.828943E-08
   1.56800    0.922424E-08
   1.57000    0.101996E-07
   1.57200    0.111897E-07
   1.57400    0.121615E-07
   1.57600    0.130788E-07
   1.57800    0.139065E-07
   1.58000    0.146165E-07
   1.58200    0.151921E-07
   1.58400    0.156318E-07
   1.58600    0.159503E-07
   1.58800    0.161772E-07
   1.59000    0.163542E-07
   1.59200    0.165289E-07
   1.59400    0.167494E-07
   1.59600    0.170574E-07
   1.59800    0.174832E-07
   1.60000    0.180428E-07
   1.60200    0.187362E-07
   1.60400    0.195487E-07
   1.60600    0.204540E-07
   1.60800    0.214182E-07
   1.61000    0.224043E-07
   1.61200    0.233767E-07
   1.61400    0.243038E-07
   1.61600    0.251610E-07
   1.61800    0.259306E-07
   1.62000    0.266023E-07
   1.62200    0.271720E-07
   1.62400    0.276411E-07
   1.62600    0.280150E-07
   1.62800    0.283033E-07
   1.63000    0.285181E-07
   1.63200    0.286742E-07
   1.63400    0.287885E-07
   1.63600    0.288790E-07
   1.63800    0.289637E-07
   1.64000    0.290601E-07
   1.64200    0.291834E-07
   1.64400    0.293466E-07
   1.64600    0.295594E-07
   1.64800    0.298292E-07
   1.65000    0.301607E-07
   1.65200    0.305573E-07
   1.65400    0.310208E-07
   1.65600    0.315516E-07
   1.65800    0.321473E-07
   1.66000    0.328021E-07
   1.66200    0.335048E-07
   1.66400    0.342378E-07
   1.66600    0.349770E-07
   1.66800    0.356929E-07
   1.67000    0.363526E-07
   1.67200    0.369238E-07
   1.67400    0.373792E-07
   1.67600    0.377003E-07
   1.67800    0.378811E-07
   1.68000    0.379300E-07
   1.68200    0.378689E-07
   1.68400    0.377312E-07
   1.68600    0.375574E-07
   1.68800    0.373905E-07
   1.69000    0.372699E-07
   1.69200    0.372279E-07
   1.69400    0.372860E-07
   1.69600    0.374540E-07
   1.69800    0.377305E-07
   1.70000    0.381046E-07
   1.70200    0.385590E-07
   1.70400    0.390724E-07
   1.70600    0.396224E-07
   1.70800    0.401870E-07
   1.71000    0.407456E-07
   1.71200    0.412794E-07
   1.71400    0.417718E-07
   1.71600    0.422081E-07
   1.71800    0.425763E-07
   1.72000    0.428675E-07
   1.72200    0.430775E-07
   1.72400    0.432070E-07
   1.72600    0.432633E-07
   1.72800    0.432594E-07
   1.73000    0.432144E-07
   1.73200    0.431514E-07
   1.73400    0.430955E-07
   1.73600    0.430718E-07
   1.73800    0.431027E-07
   1.74000    0.432060E-07
   1.74200    0.433925E-07
   1.74400    0.436661E-07
   1.74600    0.440229E-07
   1.74800    0.444518E-07
   1.75000    0.449364E-07
   1.75200    0.454559E-07
   1.75400    0.459879E-07
   1.75600    0.465109E-07
   1.75800    0.470060E-07
   1.76000    0.474595E-07
   1.76200    0.478642E-07
   1.76400    0.482202E-07
   1.76600    0.485349E-07
   1.76800    0.488224E-07
   1.77000    0.491011E-07
   1.77200    0.493920E-07
   1.77400    0.497163E-07
   1.77600    0.500921E-07
   1.77800    0.505326E-07
   1.78000    0.510446E-07
   1.78200    0.516269E-07
   1.78400    0.522708E-07
   1.78600    0.529601E-07
   1.78800    0.536729E-07
   1.79000    0.543839E-07
   1.79200    0.550664E-07
   1.79400    0.556960E-07
   1.79600    0.562537E-07
   1.79800    0.567280E-07
   1.80000    0.571177E-07
   1.80200    0.574331E-07
   1.80400    0.576948E-07
   1.80600    0.579330E-07
   1.80800    0.581835E-07
   1.81000    0.584837E-07
   1.81200    0.588679E-07
   1.81400    0.593627E-07
   1.81600    0.599829E-07
   1.81800    0.607295E-07
   1.82000    0.615892E-07
   1.82200    0.625359E-07
   1.82400    0.635336E-07
   1.82600    0.645419E-07
   1.82800    0.655204E-07
   1.83000    0.664349E-07
   1.83200    0.672617E-07
   1.83400    0.679906E-07
   1.83600    0.686268E-07
   1.83800    0.691892E-07
   1.84000    0.697084E-07
   1.84200    0.702216E-07
   1.84400    0.707675E-07
   1.84600    0.713807E-07
   1.84800    0.720867E-07
   1.85000    0.728989E-07
   1.85200    0.738177E-07
   1.85400    0.748314E-07
   1.85600    0.759192E-07
   1.85800    0.770558E-07
   1.86000    0.782160E-07
   1.86200    0.793786E-07
   1.86400    0.805289E-07
   1.86600    0.816603E-07
   1.86800    0.827726E-07
   1.87000    0.838682E-07
   1.87200    0.849493E-07
   1.87400    0.860140E-07
   1.87600    0.870523E-07
   1.87800    0.880460E-07
   1.88000    0.889666E-07
   1.88200    0.897793E-07
   1.88400    0.904454E-07
   1.88600    0.909279E-07
   1.88800    0.911970E-07
   1.89000    0.912377E-07
   1.89200    0.910564E-07
   1.89400    0.906922E-07
   1.89600    0.902170E-07
   1.89800    0.897524E-07
   1.90000    0.894799E-07
   1.90200    0.896377E-07
   1.90400    0.905281E-07
   1.90600    0.925100E-07
   1.90800    0.959850E-07
   1.91000    0.101374E-06
   1.91200    0.109082E-06
   1.91400    0.119460E-06
   1.91600    0.132750E-06
   1.91800    0.149043E-06
   1.92000    0.168231E-06
   1.92200    0.189974E-06
   1.92400    0.213670E-06
   1.92600    0.238452E-06
   1.92800    0.263187E-06
   1.93000    0.286505E-06
   1.93200    0.306839E-06
   1.93400    0.322493E-06
   1.93600    0.331724E-06
   1.93800    0.332861E-06
   1.94000    0.324434E-06
   1.94200    0.305329E-06
   1.94400    0.274933E-06
   1.94600    0.233266E-06
   1.94800    0.181072E-06
   1.95000    0.119845E-06
   1.95200    0.517820E-07
   1.95400   -0.203554E-07
   1.95600   -0.934412E-07
   1.95800   -0.164242E-06
   1.96000   -0.229691E-06
   1.96200   -0.287141E-06
   1.96400   -0.334566E-06
   1.96600   -0.370688E-06
   1.96800   -0.395011E-06
   1.97000   -0.407772E-06
   1.97200   -0.409834E-06
   1.97400   -0.402521E-06
   1.97600   -0.387452E-06
   1.97800   -0.366377E-06
   1.98000   -0.341041E-06
   1.98200   -0.313087E-06
   1.98400   -0.283983E-06
   1.98600   -0.254999E-06
   1.98800   -0.227179E-06
   1.99000   -0.201351E-06
   1.99200   -0.178122E-06
   1.99400   -0.157885E-06
   1.99600   -0.140829E-06
   1.99800   -0.126945E-06
   2.00000   -0.116045E-06
   2.00200   -0.107785E-06
   2.00400   -0.101705E-06
   2.00600   -0.972677E-07
   2.00800   -0.939116E-07
   2.01000   -0.911029E-07
   2.01200   -0.883830E-07
   2.01400   -0.854054E-07
   2.01600   -0.819634E-07
   2.01800   -0.779908E-07
   2.02000   -0.735622E-07
   2.02200   -0.688650E-07
   2.02400   -0.641552E-07
   2.02600   -0.597204E-07
   2.02800   -0.558328E-07
   2.03000   -0.527114E-07
   2.03200   -0.504948E-07
   2.03400   -0.492264E-07
   2.03600   -0.488576E-07
   2.03800   -0.492623E-07
   2.04000   -0.502607E-07
   2.04200   -0.516498E-07
   2.04400   -0.532314E-07
   2.04600   -0.548337E-07
   2.04800   -0.563248E-07
   2.05000   -0.576176E-07
   2.05200   -0.586661E-07
   2.05400   -0.594540E-07
   2.05600   -0.599835E-07
   2.05800   -0.602622E-07
   2.06000   -0.602943E-07
   2.06200   -0.600741E-07
   2.06400   -0.595870E-07
   2.06600   -0.588098E-07
   2.06800   -0.577162E-07
   2.07000   -0.562820E-07
   2.07200   -0.544899E-07
   2.07400   -0.523335E-07
   2.07600   -0.498191E-07
   2.07800   -0.469669E-07
   2.08000   -0.438107E-07
   2.08200   -0.403960E-07
   2.08400   -0.367786E-07
   2.08600   -0.330228E-07
   2.08800   -0.291988E-07
   2.09000   -0.253808E-07
   2.09200   -0.216442E-07
   2.09400   -0.180637E-07
   2.09600   -0.147098E-07
   2.09800   -0.116465E-07
   2.10000   -0.892837E-08
   2.10200   -0.659700E-08
   2.10400   -0.467740E-08
   2.10600   -0.317497E-08
   2.10800   -0.207282E-08
   2.11000   -0.133077E-08
   2.11200   -0.885820E-09
   2.11400   -0.654940E-09
   2.11600   -0.540632E-09
   2.11800   -0.438694E-09
   2.12000   -0.246556E-09
   2.12200    0.127232E-09
   2.12400    0.754462E-09
   2.12600    0.168090E-08
   2.12800    0.292281E-08
   2.13000    0.446571E-08
   2.13200    0.626823E-08
   2.13400    0.826612E-08
   2.13600    0.103794E-07
   2.13800    0.125204E-07
   2.14000    0.146022E-07
   2.14200    0.165454E-07
   2.14400    0.182851E-07
   2.14600    0.197753E-07
   2.14800    0.209916E-07
   2.15000    0.219318E-07
   2.15200    0.226148E-07
   2.15400    0.230772E-07
   2.15600    0.233688E-07
   2.15800    0.235477E-07
   2.16000    0.236754E-07
   2.16200    0.238115E-07
   2.16400    0.240102E-07
   2.16600    0.243174E-07
   2.16800    0.247686E-07
   2.17000    0.253873E-07
   2.17200    0.261849E-07
   2.17400    0.271596E-07
   2.17600    0.282975E-07
   2.17800    0.295732E-07
   2.18000    0.309521E-07
   2.18200    0.323933E-07
   2.18400    0.338530E-07
   2.18600    0.352896E-07
   2.18800    0.366673E-07
   2.19000    0.379609E-07
   2.19200    0.391582E-07
   2.19400    0.402615E-07
   2.19600    0.412874E-07
   2.19800    0.422650E-07
   2.20000    0.432322E-07
   2.20200    0.442326E-07
   2.20400    0.453125E-07
   2.20600    0.465167E-07
   2.20800    0.478865E-07
   2.21000    0.494590E-07
   2.21200    0.512664E-07
   2.21400    0.533370E-07
   2.21600    0.556951E-07
   2.21800    0.583616E-07
   2.22000    0.613538E-07
   2.22200    0.646836E-07
   2.22400    0.683550E-07
   2.22600    0.723603E-07
   2.22800    0.766738E-07
   2.23000    0.812454E-07
   2.23200    0.859921E-07
   2.23400    0.907888E-07
   2.23600    0.954613E-07
   2.23800    0.997806E-07
   2.24000    0.103464E-06
   2.24200    0.106180E-06
   2.24400    0.107571E-06
   2.24600    0.107274E-06
   2.24800    0.104959E-06
   2.25000    0.100370E-06
   2.25200    0.933628E-07
   2.25400    0.839421E-07
   2.25600    0.722788E-07
   2.25800    0.587138E-07
   2.26000    0.437392E-07
   2.26200    0.279606E-07
   2.26400    0.120435E-07
   2.26600   -0.334862E-08
   2.26800   -0.176146E-07
   2.27000   -0.302684E-07
   2.27200   -0.409748E-07
   2.27400   -0.495662E-07
   2.27600   -0.560387E-07
   2.27800   -0.605307E-07
   2.28000   -0.632890E-07
   2.28200   -0.646283E-07
   2.28400   -0.648903E-07
   2.28600   -0.644085E-07
   2.28800   -0.634805E-07
   2.29000   -0.623515E-07
   2.29200   -0.612067E-07
   2.29400   -0.601722E-07
   2.29600   -0.593224E-07
   2.29800   -0.586900E-07
   2.30000   -0.582775E-07
   2.30200   -0.580683E-07
   2.30400   -0.580353E-07
   2.30600   -0.581475E-07
   2.30800   -0.583738E-07
   2.31000   -0.586864E-07
   2.31200   -0.590607E-07
   2.31400   -0.594758E-07
   2.31600   -0.599147E-07
   2.31800   -0.603644E-07
   2.32000   -0.608154E-07
   2.32200   -0.612620E-07
   2.32400   -0.617034E-07
   2.32600   -0.621431E-07
   2.32800   -0.625887E-07
   2.33000   -0.630516E-07
   2.33200   -0.635474E-07
   2.33400   -0.640941E-07
   2.33600   -0.647126E-07
   2.33800   -0.654247E-07
   2.34000   -0.662523E-07
   2.34200   -0.672160E-07
   2.34400   -0.683325E-07
   2.34600   -0.696122E-07
   2.34800   -0.710561E-07
   2.35000   -0.726528E-07
   2.35200   -0.743766E-07
   2.35400   -0.761862E-07
   2.35600   -0.780260E-07
   2.35800   -0.798304E-07
   2.36000   -0.815295E-07
   2.36200   -0.830580E-07
   2.36400   -0.843640E-07
   2.36600   -0.854174E-07
   2.36800   -0.862153E-07
   2.37000   -0.867841E-07
   2.37200   -0.871753E-07
   2.37400   -0.874579E-07
   2.37600   -0.877061E-07
   2.37800   -0.879861E-07
   2.38000   -0.883430E-07
   2.38200   -0.887923E-07
   2.38400   -0.893154E-07
   2.38600   -0.898621E-07
   2.38800   -0.903581E-07
   2.39000   -0.907173E-07
   2.39200   -0.908556E-07
   2.39400   -0.907042E-07
   2.39600   -0.902205E-07
   2.39800   -0.893938E-07
   2.40000   -0.882472E-07
   2.40200   -0.868336E-07
   2.40400   -0.852286E-07
   2.40600   -0.835207E-07
   2.40800   -0.818016E-07
   2.41000   -0.801558E-07
   2.41200   -0.786540E-07
   2.41400   -0.773474E-07
   2.41600   -0.762654E-07
   2.41800   -0.754165E-07
   2.42000   -0.747909E-07
   2.42200   -0.743642E-07
   2.42400   -0.741032E-07
   2.42600   -0.739709E-07
   2.42800   -0.739316E-07
   2.43000   -0.739549E-07
   2.43200   -0.740181E-07
   2.43400   -0.741076E-07
   2.43600   -0.742186E-07
   2.43800   -0.743527E-07
   2.44000   -0.745151E-07
   2.44200   -0.747113E-07
   2.44400   -0.749425E-07
   2.44600   -0.752025E-07
   2.44800   -0.754753E-07
   2.45000   -0.757342E-07
   2.45200   -0.759421E-07
   2.45400   -0.760549E-07
   2.45600   -0.760256E-07
   2.45800   -0.758098E-07
   2.46000   -0.753715E-07
   2.46200   -0.746879E-07
   2.46400   -0.737538E-07
   2.46600   -0.725822E-07
   2.46800   -0.712040E-07
   2.47000   -0.696647E-07
   2.47200   -0.680191E-07
   2.47400   -0.663258E-07
   2.47600   -0.646407E-07
   2.47800   -0.630121E-07
   2.48000   -0.614765E-07
   2.48200   -0.600573E-07
   2.48400   -0.587642E-07
   2.48600   -0.575955E-07
   2.48800   -0.565402E-07
   2.49000   -0.555818E-07
   2.49200   -0.547015E-07
   2.49400   -0.538815E-07
   2.49600   -0.531069E-07
   2.49800   -0.523675E-07
   2.50000   -0.516585E-07
   2.50200   -0.509802E-07
   2.50400   -0.503372E-07
   2.50600   -0.497376E-07
   2.50800   -0.491910E-07
   2.51000   -0.487071E-07
   2.51200   -0.482940E-07
   2.51400   -0.479567E-07
   2.51600   -0.476962E-07
   2.51800   -0.475080E-07
   2.52000   -0.473827E-07
   2.52200   -0.473058E-07
   2.52400   -0.472585E-07
   2.52600   -0.472199E-07
   2.52800   -0.471687E-07
   2.53000   -0.470850E-07
   2.53200   -0.469536E-07
   2.53400   -0.467654E-07
   2.53600   -0.465185E-07
   2.53800   -0.462192E-07
   2.54000   -0.458805E-07
   2.54200   -0.455206E-07
   2.54400   -0.451601E-07
   2.54600   -0.448188E-07
   2.54800   -0.445128E-07
   2.55000   -0.442523E-07
   2.55200   -0.440398E-07
   2.55400   -0.438705E-07
   2.55600   -0.437330E-07
   2.55800   -0.436117E-07
   2.56000   -0.434898E-07
   2.56200   -0.433516E-07
   2.56400   -0.431859E-07
   2.56600   -0.429873E-07
   2.56800   -0.427581E-07
   2.57000   -0.425075E-07
   2.57200   -0.422510E-07
   2.57400   -0.420084E-07
   2.57600   -0.418012E-07
   2.57800   -0.416493E-07
   2.58000   -0.415684E-07
   2.58200   -0.415673E-07
   2.58400   -0.416463E-07
   2.58600   -0.417965E-07
   2.58800   -0.420009E-07
   2.59000   -0.422364E-07
   2.59200   -0.424769E-07
   2.59400   -0.426966E-07
   2.59600   -0.428742E-07
   2.59800   -0.429949E-07
   2.60000   -0.430526E-07
   2.60200   -0.430496E-07
   2.60400   -0.429957E-07
   2.60600   -0.429056E-07
   2.60800   -0.427957E-07
   2.61000   -0.426811E-07
   2.61200   -0.425731E-07
   2.61400   -0.424774E-07
   2.61600   -0.423943E-07
   2.61800   -0.423190E-07
   2.62000   -0.422440E-07
   2.62200   -0.421606E-07
   2.62400   -0.420619E-07
   2.62600   -0.419440E-07
   2.62800   -0.418067E-07
   2.63000   -0.416543E-07
   2.63200   -0.414937E-07
   2.63400   -0.413333E-07
   2.63600   -0.411809E-07
   2.63800   -0.410423E-07
   2.64000   -0.409193E-07
   2.64200   -0.408095E-07
   2.64400   -0.407065E-07
   2.64600   -0.406003E-07
   2.64800   -0.404793E-07
   2.65000   -0.403321E-07
   2.65200   -0.401494E-07
   2.65400   -0.399256E-07
   2.65600   -0.396600E-07
   2.65800   -0.393571E-07
   2.66000   -0.390262E-07
   2.66200   -0.386798E-07
   2.66400   -0.383322E-07
   2.66600   -0.379971E-07
   2.66800   -0.376854E-07
   2.67000   -0.374034E-07
   2.67200   -0.371523E-07
   2.67400   -0.369273E-07
   2.67600   -0.367186E-07
   2.67800   -0.365128E-07
   2.68000   -0.362947E-07
   2.68200   -0.360493E-07
   2.68400   -0.357638E-07
   2.68600   -0.354287E-07
   2.68800   -0.350392E-07
   2.69000   -0.345947E-07
   2.69200   -0.340986E-07
   2.69400   -0.335577E-07
   2.69600   -0.329810E-07
   2.69800   -0.323787E-07
   2.70000   -0.317610E-07
   2.70200   -0.311376E-07
   2.70400   -0.305171E-07
   2.70600   -0.299063E-07
   2.70800   -0.293101E-07
   2.71000   -0.287314E-07
   2.71200   -0.281706E-07
   2.71400   -0.276261E-07
   2.71600   -0.270943E-07
   2.71800   -0.265696E-07
   2.72000   -0.260456E-07
   2.72200   -0.255156E-07
   2.72400   -0.249730E-07
   2.72600   -0.244127E-07
   2.72800   -0.238318E-07
   2.73000   -0.232299E-07
   2.73200   -0.226096E-07
   2.73400   -0.219765E-07
   2.73600   -0.213381E-07
   2.73800   -0.207035E-07
   2.74000   -0.200814E-07
   2.74200   -0.194791E-07
   2.74400   -0.189011E-07
   2.74600   -0.183480E-07
   2.74800   -0.178160E-07
   2.75000   -0.172970E-07
   2.75200   -0.167798E-07
   2.75400   -0.162509E-07
   2.75600   -0.156970E-07
   2.75800   -0.151062E-07
   2.76000   -0.144697E-07
   2.76200   -0.137834E-07
   2.76400   -0.130481E-07
   2.76600   -0.122698E-07
   2.76800   -0.114587E-07
   2.77000   -0.106282E-07
   2.77200   -0.979354E-08
   2.77400   -0.897001E-08
   2.77600   -0.817136E-08
   2.77800   -0.740866E-08
   2.78000   -0.668915E-08
   2.78200   -0.601576E-08
   2.78400   -0.538714E-08
   2.78600   -0.479798E-08
   2.78800   -0.423963E-08
   2.79000   -0.370209E-08
   2.79200   -0.317447E-08
   2.79400   -0.264679E-08
   2.79600   -0.211127E-08
   2.79800   -0.156345E-08
   2.80000   -0.100288E-08
   2.80200   -0.433326E-09
   2.80400    0.137637E-09
   2.80600    0.699715E-09
   2.80800    0.124176E-08
   2.81000    0.175432E-08
   2.81200    0.223280E-08
   2.81400    0.268105E-08
   2.81600    0.311496E-08
   2.81800    0.356555E-08
   2.82000    0.408119E-08
   2.82200    0.472783E-08
   2.82400    0.558698E-08
   2.82600    0.675084E-08
   2.82800    0.831445E-08
   2.83000    0.103653E-07
   2.83200    0.129711E-07
   2.83400    0.161678E-07
   2.83600    0.199488E-07
   2.83800    0.242583E-07
   2.84000    0.289894E-07
   2.84200    0.339887E-07
   2.84400    0.390676E-07
   2.84600    0.440185E-07
   2.84800    0.486339E-07
   2.85000    0.527272E-07
   2.85200    0.561498E-07
   2.85400    0.588043E-07
   2.85600    0.606511E-07
   2.85800    0.617072E-07
   2.86000    0.620393E-07
   2.86200    0.617519E-07
   2.86400    0.609721E-07
   2.86600    0.598346E-07
   2.86800    0.584686E-07
   2.87000    0.569876E-07
   2.87200    0.554831E-07
   2.87400    0.540226E-07
   2.87600    0.526511E-07
   2.87800    0.513939E-07
   2.88000    0.502623E-07
   2.88200    0.492577E-07
   2.88400    0.483766E-07
   2.88600    0.476137E-07
   2.88800    0.469646E-07
   2.89000    0.464261E-07
   2.89200    0.459968E-07
   2.89400    0.456765E-07
   2.89600    0.454655E-07
   2.89800    0.453645E-07
   2.90000    0.453746E-07
   2.90200    0.454977E-07
   2.90400    0.457379E-07
   2.90600    0.461032E-07
   2.90800    0.466066E-07
   2.91000    0.472675E-07
   2.91200    0.481116E-07
   2.91400    0.491685E-07
   2.91600    0.504683E-07
   2.91800    0.520359E-07
   2.92000    0.538836E-07
   2.92200    0.560033E-07
   2.92400    0.583590E-07
   2.92600    0.608822E-07
   2.92800    0.634697E-07
   2.93000    0.659875E-07
   2.93200    0.682791E-07
   2.93400    0.701775E-07
   2.93600    0.715236E-07
   2.93800    0.721824E-07
   2.94000    0.720598E-07
   2.94200    0.711152E-07
   2.94400    0.693679E-07
   2.94600    0.668966E-07
   2.94800    0.638325E-07
   2.95000    0.603457E-07
   2.95200    0.566290E-07
   2.95400    0.528794E-07
   2.95600    0.492820E-07
   2.95800    0.459959E-07
   2.96000    0.431450E-07
   2.96200    0.408139E-07
   2.96400    0.390479E-07
   2.96600    0.378558E-07
   2.96800    0.372154E-07
   2.97000    0.370796E-07
   2.97200    0.373815E-07
   2.97400    0.380395E-07
   2.97600    0.389599E-07
   2.97800    0.400403E-07
   2.98000    0.411711E-07
   2.98200    0.422389E-07
   2.98400    0.431298E-07
   2.98600    0.437356E-07
   2.98800    0.439598E-07
   2.99000    0.437249E-07
   2.99200    0.429797E-07
   2.99400    0.417044E-07
   2.99600    0.399135E-07
   2.99800    0.376555E-07
   3.00000    0.350092E-07
   3.00200    0.320771E-07
   3.00400    0.289774E-07
   3.00600    0.258337E-07
   3.00800    0.227661E-07
   3.01000    0.198828E-07
   3.01200    0.172742E-07
   3.01400    0.150077E-07
   3.01600    0.131257E-07
   3.01800    0.116447E-07
   3.02000    0.105563E-07
   3.02200    0.982931E-08
   3.02400    0.941350E-08
   3.02600    0.924368E-08
   3.02800    0.924507E-08
   3.03000    0.933898E-08
   3.03200    0.944874E-08
   3.03400    0.950524E-08
   3.03600    0.945172E-08
   3.03800    0.924750E-08
   3.04000    0.887011E-08
   3.04200    0.831589E-08
   3.04400    0.759921E-08
   3.04600    0.675018E-08
   3.04800    0.581152E-08
   3.05000    0.483467E-08
   3.05200    0.387515E-08
   3.05400    0.298895E-08
   3.05600    0.222777E-08
   3.05800    0.163436E-08
   3.06000    0.123991E-08
   3.06200    0.106079E-08
   3.06400    0.109676E-08
   3.06600    0.133041E-08
   3.06800    0.172801E-08
   3.07000    0.224203E-08
   3.07200    0.281500E-08
   3.07400    0.338450E-08
   3.07600    0.388883E-08
   3.07800    0.427256E-08
   3.08000    0.449132E-08
   3.08200    0.451532E-08
   3.08400    0.433097E-08
   3.08600    0.394074E-08
   3.08800    0.336110E-08
   3.09000    0.261924E-08
   3.09200    0.174887E-08
   3.09400    0.785987E-09
   3.09600   -0.235068E-09
   3.09800   -0.128455E-08
   3.10000   -0.233922E-08
   3.10200   -0.338325E-08
   3.10400   -0.440741E-08
   3.10600   -0.540760E-08
   3.10800   -0.638568E-08
   3.11000   -0.734495E-08
   3.11200   -0.829039E-08
   3.11400   -0.922755E-08
   3.11600   -0.101624E-07
   3.11800   -0.111019E-07
   3.12000   -0.120551E-07
   3.12200   -0.130340E-07
   3.12400   -0.140550E-07
   3.12600   -0.151389E-07
   3.12800   -0.163091E-07
   3.13000   -0.175895E-07
   3.13200   -0.189988E-07
   3.13400   -0.205440E-07
   3.13600   -0.222125E-07
   3.13800   -0.239644E-07
   3.14000   -0.257261E-07
   3.14200   -0.273875E-07
   3.14400   -0.288029E-07
   3.14600   -0.297989E-07
   3.14800   -0.301870E-07
   3.15000   -0.297816E-07
   3.15200   -0.284220E-07
   3.15400   -0.259927E-07
   3.15600   -0.224429E-07
   3.15800   -0.177982E-07
   3.16000   -0.121644E-07
   3.16200   -0.572075E-08
   3.16400    0.129494E-08
   3.16600    0.860957E-08
   3.16800    0.159413E-07
   3.17000    0.230264E-07
   3.17200    0.296418E-07
   3.17400    0.356215E-07
   3.17600    0.408643E-07
   3.17800    0.453332E-07
   3.18000    0.490478E-07
   3.18200    0.520716E-07
   3.18400    0.544969E-07
   3.18600    0.564295E-07
   3.18800    0.579757E-07
   3.19000    0.592323E-07
   3.19200    0.602797E-07
   3.19400    0.611791E-07
   3.19600    0.619719E-07
   3.19800    0.626823E-07
   3.20000    0.633208E-07
   3.20200    0.638878E-07
   3.20400    0.643792E-07
   3.20600    0.647901E-07
   3.20800    0.651184E-07
   3.21000    0.653679E-07
   3.21200    0.655501E-07
   3.21400    0.656844E-07
   3.21600    0.657979E-07
   3.21800    0.659229E-07
   3.22000    0.660956E-07
   3.22200    0.663528E-07
   3.22400    0.667277E-07
   3.22600    0.672483E-07
   3.22800    0.679329E-07
   3.23000    0.687926E-07
   3.23200    0.698262E-07
   3.23400    0.710245E-07
   3.23600    0.723723E-07
   3.23800    0.738538E-07
   3.24000    0.754566E-07
   3.24200    0.771799E-07
   3.24400    0.790399E-07
   3.24600    0.810767E-07
   3.24800    0.833575E-07
   3.25000    0.859788E-07
   3.25200    0.890643E-07
   3.25400    0.927591E-07
   3.25600    0.972188E-07
   3.25800    0.102596E-06
   3.26000    0.109022E-06
   3.26200    0.116583E-06
   3.26400    0.125304E-06
   3.26600    0.135118E-06
   3.26800    0.145848E-06
   3.27000    0.157192E-06
   3.27200    0.168711E-06
   3.27400    0.179831E-06
   3.27600    0.189863E-06
   3.27800    0.198033E-06
   3.28000    0.203538E-06
   3.28200    0.205609E-06
   3.28400    0.203590E-06
   3.28600    0.197015E-06
   3.28800    0.185675E-06
   3.29000    0.169667E-06
   3.29200    0.149413E-06
   3.29400    0.125640E-06
   3.29600    0.993274E-07
   3.29800    0.716303E-07
   3.30000    0.437721E-07
   3.30200    0.169402E-07
   3.30400   -0.781450E-08
   3.30600   -0.296554E-07
   3.30800   -0.480104E-07
   3.31000   -0.625884E-07
   3.31200   -0.733654E-07
   3.31400   -0.805454E-07
   3.31600   -0.845051E-07
   3.31800   -0.857314E-07
   3.32000   -0.847608E-07
   3.32200   -0.821283E-07
   3.32400   -0.783275E-07
   3.32600   -0.737856E-07
   3.32800   -0.688515E-07
   3.33000   -0.637938E-07
   3.33200   -0.588080E-07
   3.33400   -0.540267E-07
   3.33600   -0.495321E-07
   3.33800   -0.453689E-07
   3.34000   -0.415546E-07
   3.34200   -0.380888E-07
   3.34400   -0.349592E-07
   3.34600   -0.321455E-07
   3.34800   -0.296234E-07
   3.35000   -0.273645E-07
   3.35200   -0.253402E-07
   3.35400   -0.235195E-07
   3.35600   -0.218720E-07
   3.35800   -0.203680E-07
   3.36000   -0.189805E-07
   3.36200   -0.176844E-07
   3.36400   -0.164595E-07
   3.36600   -0.152895E-07
   3.36800   -0.141632E-07
   3.37000   -0.130737E-07
   3.37200   -0.120184E-07
   3.37400   -0.109984E-07
   3.37600   -0.100168E-07
   3.37800   -0.907851E-08
   3.38000   -0.818912E-08
   3.38200   -0.735440E-08
   3.38400   -0.657974E-08
   3.38600   -0.586984E-08
   3.38800   -0.522850E-08
   3.39000   -0.465832E-08
   3.39200   -0.416050E-08
   3.39400   -0.373446E-08
   3.39600   -0.337768E-08
   3.39800   -0.308551E-08
   3.40000   -0.285107E-08
   3.40200   -0.266546E-08
   3.40400   -0.251811E-08
   3.40600   -0.239749E-08
   3.40800   -0.229185E-08
   3.41000   -0.219036E-08
   3.41200   -0.208411E-08
   3.41400   -0.196712E-08
   3.41600   -0.183704E-08
   3.41800   -0.169553E-08
   3.42000   -0.154802E-08
   3.42200   -0.140298E-08
   3.42400   -0.127071E-08
   3.42600   -0.116164E-08
   3.42800   -0.108470E-08
   3.43000   -0.104576E-08
   3.43200   -0.104659E-08
   3.43400   -0.108458E-08
   3.43600   -0.115343E-08
   3.43800   -0.124433E-08
   3.44000   -0.134792E-08
   3.44200   -0.145637E-08
   3.44400   -0.156509E-08
   3.44600   -0.167394E-08
   3.44800   -0.178747E-08
   3.45000   -0.191418E-08
   3.45200   -0.206481E-08
   3.45400   -0.225003E-08
   3.45600   -0.247822E-08
   3.45800   -0.275324E-08
   3.46000   -0.307302E-08
   3.46200   -0.342930E-08
   3.46400   -0.380824E-08
   3.46600   -0.419213E-08
   3.46800   -0.456151E-08
   3.47000   -0.489754E-08
   3.47200   -0.518406E-08
   3.47400   -0.540898E-08
   3.47600   -0.556468E-08
   3.47800   -0.564749E-08
   3.48000   -0.565645E-08
   3.48200   -0.559139E-08
   3.48400   -0.545101E-08
   3.48600   -0.523093E-08
   3.48800   -0.492233E-08
   3.49000   -0.451091E-08
   3.49200   -0.397673E-08
   3.49400   -0.329429E-08
   3.49600   -0.243353E-08
   3.49800   -0.136072E-08
   3.50000   -0.400514E-10
   3.50200    0.156425E-08
   3.50400    0.348596E-08
   3.50600    0.575413E-08
   3.50800    0.839048E-08
   3.51000    0.114069E-07
   3.51200    0.148030E-07
   3.51400    0.185653E-07
   3.51600    0.226664E-07
   3.51800    0.270660E-07
   3.52000    0.317136E-07
   3.52200    0.365513E-07
   3.52400    0.415176E-07
   3.52600    0.465521E-07
   3.52800    0.515981E-07
   3.53000    0.566064E-07
   3.53200    0.615371E-07
   3.53400    0.663611E-07
   3.53600    0.710600E-07
   3.53800    0.756283E-07
   3.54000    0.800639E-07
   3.54200    0.843859E-07
   3.54400    0.886186E-07
   3.54600    0.927991E-07
   3.54800    0.969762E-07
   3.55000    0.101211E-06
   3.55200    0.105579E-06
   3.55400    0.110163E-06
   3.55600    0.115058E-06
   3.55800    0.120359E-06
   3.56000    0.126157E-06
   3.56200    0.132521E-06
   3.56400    0.139482E-06
   3.56600    0.147007E-06
   3.56800    0.154971E-06
   3.57000    0.163129E-06
   3.57200    0.171089E-06
   3.57400    0.178296E-06
   3.57600    0.184033E-06
   3.57800    0.187442E-06
   3.58000    0.187575E-06
   3.58200    0.183476E-06
   3.58400    0.174279E-06
   3.58600    0.159329E-06
   3.58800    0.138296E-06
   3.59000    0.111271E-06
   3.59200    0.788238E-07
   3.59400    0.420048E-07
   3.59600    0.228851E-08
   3.59800   -0.385435E-07
   3.60000   -0.785645E-07
   3.60200   -0.115888E-06
   3.60400   -0.148851E-06
   3.60600   -0.176167E-06
   3.60800   -0.197028E-06
   3.61000   -0.211146E-06
   3.61200   -0.218726E-06
   3.61400   -0.220389E-06
   3.61600   -0.217057E-06
   3.61800   -0.209816E-06
   3.62000   -0.199792E-06
   3.62200   -0.188040E-06
   3.62400   -0.175471E-06
   3.62600   -0.162810E-06
   3.62800   -0.150582E-06
   3.63000   -0.139132E-06
   3.63200   -0.128652E-06
   3.63400   -0.119219E-06
   3.63600   -0.110827E-06
   3.63800   -0.103423E-06
   3.64000   -0.969245E-07
   3.64200   -0.912362E-07
   3.64400   -0.862589E-07
   3.64600   -0.818932E-07
   3.64800   -0.780423E-07
   3.65000   -0.746142E-07
   3.65200   -0.715240E-07
   3.65400   -0.686972E-07
   3.65600   -0.660729E-07
   3.65800   -0.636050E-07
   3.66000   -0.612657E-07
   3.66200   -0.590372E-07
   3.66400   -0.569252E-07
   3.66600   -0.549358E-07
   3.66800   -0.530808E-07
   3.67000   -0.513708E-07
   3.67200   -0.498110E-07
   3.67400   -0.483979E-07
   3.67600   -0.471190E-07
   3.67800   -0.459535E-07
   3.68000   -0.448745E-07
   3.68200   -0.438532E-07
   3.68400   -0.428626E-07
   3.68600   -0.418806E-07
   3.68800   -0.408933E-07
   3.69000   -0.398956E-07
   3.69200   -0.388909E-07
   3.69400   -0.378900E-07
   3.69600   -0.369075E-07
   3.69800   -0.359590E-07
   3.70000   -0.350579E-07
   3.70200   -0.342126E-07
   3.70400   -0.334253E-07
   3.70600   -0.326914E-07
   3.70800   -0.320004E-07
   3.71000   -0.313381E-07
   3.71200   -0.306893E-07
   3.71400   -0.300401E-07
   3.71600   -0.293808E-07
   3.71800   -0.287076E-07
   3.72000   -0.280229E-07
   3.72200   -0.273355E-07
   3.72400   -0.266589E-07
   3.72600   -0.260094E-07
   3.72800   -0.254031E-07
   3.73000   -0.248539E-07
   3.73200   -0.243710E-07
   3.73400   -0.239571E-07
   3.73600   -0.236084E-07
   3.73800   -0.233140E-07
   3.74000   -0.230577E-07
   3.74200   -0.228195E-07
   3.74400   -0.225779E-07
   3.74600   -0.223126E-07
   3.74800   -0.220064E-07
   3.75000   -0.216472E-07
   3.75200   -0.212298E-07
   3.75400   -0.207558E-07
   3.75600   -0.202338E-07
   3.75800   -0.196785E-07
   3.76000   -0.191089E-07
   3.76200   -0.185464E-07
   3.76400   -0.180128E-07
   3.76600   -0.175275E-07
   3.76800   -0.171063E-07
   3.77000   -0.167589E-07
   3.77200   -0.164886E-07
   3.77400   -0.162920E-07
   3.77600   -0.161590E-07
   3.77800   -0.160741E-07
   3.78000   -0.160179E-07
   3.78200   -0.159689E-07
   3.78400   -0.159055E-07
   3.78600   -0.158077E-07
   3.78800   -0.156593E-07
   3.79000   -0.154487E-07
   3.79200   -0.151702E-07
   3.79400   -0.148242E-07
   3.79600   -0.144173E-07
   3.79800   -0.139612E-07
   3.80000   -0.134723E-07
   3.80200   -0.129696E-07
   3.80400   -0.124733E-07
   3.80600   -0.120036E-07
   3.80800   -0.115782E-07
   3.81000   -0.112122E-07
   3.81200   -0.109167E-07
   3.81400   -0.106985E-07
   3.81600   -0.105602E-07
   3.81800   -0.105008E-07
   3.82000   -0.105157E-07
   3.82200   -0.105974E-07
   3.82400   -0.107358E-07
   3.82600   -0.109179E-07
   3.82800   -0.111281E-07
   3.83000   -0.113476E-07
   3.83200   -0.115547E-07
   3.83400   -0.117247E-07
   3.83600   -0.118314E-07
   3.83800   -0.118480E-07
   3.84000   -0.117495E-07
   3.84200   -0.115151E-07
   3.84400   -0.111306E-07
   3.84600   -0.105905E-07
   3.84800   -0.989969E-08
   3.85000   -0.907310E-08
   3.85200   -0.813526E-08
   3.85400   -0.711805E-08
   3.85600   -0.605778E-08
   3.85800   -0.499188E-08
   3.86000   -0.395547E-08
   3.86200   -0.297841E-08
   3.86400   -0.208319E-08
   3.86600   -0.128368E-08
   3.86800   -0.584895E-09
   3.87000    0.163461E-10
   3.87200    0.530127E-09
   3.87400    0.971691E-09
   3.87600    0.135952E-08
   3.87800    0.171343E-08
   3.88000    0.205274E-08
   3.88200    0.239479E-08
   3.88400    0.275369E-08
   3.88600    0.313942E-08
   3.88800    0.355726E-08
   3.89000    0.400760E-08
   3.89200    0.448599E-08
   3.89400    0.498364E-08
   3.89600    0.548813E-08
   3.89800    0.598435E-08
   3.90000    0.645570E-08
   3.90200    0.688534E-08
   3.90400    0.725746E-08
   3.90600    0.755842E-08
   3.90800    0.777775E-08
   3.91000    0.790878E-08
   3.91200    0.794884E-08
   3.91400    0.789949E-08
   3.91600    0.776591E-08
   3.91800    0.755633E-08
   3.92000    0.728128E-08
   3.92200    0.695269E-08
   3.92400    0.658314E-08
   3.92600    0.618514E-08
   3.92800    0.577069E-08
   3.93000    0.535091E-08
   3.93200    0.493595E-08
   3.93400    0.453495E-08
   3.93600    0.415606E-08
   3.93800    0.380649E-08
   3.94000    0.349246E-08
   3.94200    0.321906E-08
   3.94400    0.299001E-08
   3.94600    0.280737E-08
   3.94800    0.267124E-08
   3.95000    0.257950E-08
   3.95200    0.252771E-08
   3.95400    0.250924E-08
   3.95600    0.251565E-08
   3.95800    0.253725E-08
   3.96000    0.256397E-08
   3.96200    0.258616E-08
   3.96400    0.259555E-08
   3.96600    0.258590E-08
   3.96800    0.255348E-08
   3.97000    0.249722E-08
   3.97200    0.241847E-08
   3.97400    0.232056E-08
   3.97600    0.220806E-08
   3.97800    0.208605E-08
   3.98000    0.195934E-08
   3.98200    0.183194E-08
   3.98400    0.170668E-08
   3.98600    0.158513E-08
   3.98800    0.146771E-08
   3.99000    0.135400E-08
   3.99200    0.124313E-08
   3.99400    0.113418E-08
   3.99600    0.102653E-08
   3.99800    0.920008E-09
   4.00000    0.815048E-09
