0.1800000E+01 4.2174e-07
0.1800100E+01 4.24161e-07
0.1800200E+01 4.21137e-07
0.1800300E+01 4.17567e-07
0.1800400E+01 4.13972e-07
0.1800500E+01 4.10356e-07
0.1800600E+01 4.06731e-07
0.1800700E+01 4.03145e-07
0.1800800E+01 3.99643e-07
0.1800900E+01 3.96145e-07
0.1801000E+01 3.92632e-07
0.1801100E+01 3.89107e-07
0.1801200E+01 3.85549e-07
0.1801300E+01 3.81429e-07
0.1801400E+01 3.77166e-07
0.1801501E+01 3.729e-07
0.1801601E+01 3.68628e-07
0.1801701E+01 3.64349e-07
0.1801801E+01 3.60037e-07
0.1801901E+01 3.56933e-07
0.1802001E+01 3.56105e-07
0.1802101E+01 3.55281e-07
0.1802201E+01 3.54461e-07
0.1802301E+01 3.53645e-07
0.1802401E+01 3.52833e-07
0.1802501E+01 3.52012e-07
0.1802601E+01 3.5058e-07
0.1802701E+01 3.48409e-07
0.1802801E+01 3.46246e-07
0.1802901E+01 3.44125e-07
0.1803001E+01 3.42066e-07
0.1803101E+01 3.39996e-07
0.1803201E+01 3.37879e-07
0.1803301E+01 3.35763e-07
0.1803401E+01 3.33647e-07
0.1803501E+01 3.3154e-07
0.1803601E+01 3.29438e-07
0.1803701E+01 3.27348e-07
0.1803801E+01 3.25266e-07
0.1803901E+01 3.23194e-07
0.1804001E+01 3.2113e-07
0.1804101E+01 3.19075e-07
0.1804201E+01 3.17032e-07
0.1804301E+01 3.15e-07
0.1804401E+01 3.12922e-07
0.1804502E+01 3.10811e-07
0.1804602E+01 3.08894e-07
0.1804702E+01 3.07402e-07
0.1804802E+01 3.06539e-07
0.1804902E+01 3.05777e-07
0.1805002E+01 3.05025e-07
0.1805102E+01 3.04273e-07
0.1805202E+01 3.03521e-07
0.1805302E+01 3.0277e-07
0.1805402E+01 3.02031e-07
0.1805502E+01 3.01294e-07
0.1805602E+01 3.00552e-07
0.1805702E+01 2.99805e-07
0.1805802E+01 2.9906e-07
0.1805902E+01 2.98321e-07
0.1806002E+01 2.97584e-07
0.1806102E+01 2.96854e-07
0.1806202E+01 2.96126e-07
0.1806302E+01 2.95636e-07
0.1806402E+01 2.9622e-07
0.1806502E+01 2.96847e-07
0.1806602E+01 2.97452e-07
0.1806702E+01 2.98036e-07
0.1806802E+01 2.98608e-07
0.1806902E+01 2.99123e-07
0.1807002E+01 2.99656e-07
0.1807102E+01 3.00189e-07
0.1807202E+01 3.00717e-07
0.1807302E+01 3.01243e-07
0.1807402E+01 3.01764e-07
0.1807503E+01 3.02283e-07
0.1807603E+01 3.02807e-07
0.1807703E+01 3.03335e-07
0.1807803E+01 3.03858e-07
0.1807903E+01 3.04378e-07
0.1808003E+01 3.04896e-07
0.1808103E+01 3.0541e-07
0.1808203E+01 3.05921e-07
0.1808303E+01 3.0642e-07
0.1808403E+01 3.06669e-07
0.1808503E+01 3.06654e-07
0.1808603E+01 3.06638e-07
0.1808703E+01 3.06624e-07
0.1808803E+01 3.06615e-07
0.1808903E+01 3.06606e-07
0.1809003E+01 3.06593e-07
0.1809103E+01 3.0658e-07
0.1809203E+01 3.06549e-07
0.1809303E+01 3.06515e-07
0.1809403E+01 3.06481e-07
0.1809503E+01 3.06446e-07
0.1809603E+01 3.06403e-07
0.1809703E+01 3.06356e-07
0.1809803E+01 3.06309e-07
0.1809903E+01 3.06964e-07
0.1810003E+01 3.08267e-07
0.1810103E+01 3.09572e-07
0.1810203E+01 3.10874e-07
0.1810303E+01 3.1217e-07
0.1810403E+01 3.1356e-07
0.1810504E+01 3.1499e-07
0.1810604E+01 3.16239e-07
0.1810704E+01 3.17082e-07
0.1810804E+01 3.17944e-07
0.1810904E+01 3.18819e-07
0.1811004E+01 3.19709e-07
0.1811104E+01 3.20566e-07
0.1811204E+01 3.21368e-07
0.1811304E+01 3.20311e-07
0.1811404E+01 3.19242e-07
0.1811504E+01 3.18113e-07
0.1811604E+01 3.16903e-07
0.1811704E+01 3.15609e-07
0.1811804E+01 3.1243e-07
0.1811904E+01 3.0501e-07
0.1812004E+01 2.97607e-07
0.1812104E+01 2.90189e-07
0.1812204E+01 2.83236e-07
0.1812304E+01 2.76589e-07
0.1812404E+01 2.69933e-07
0.1812504E+01 2.63304e-07
0.1812604E+01 2.56985e-07
0.1812704E+01 2.51328e-07
0.1812804E+01 2.46346e-07
0.1812904E+01 2.41233e-07
0.1813004E+01 2.36102e-07
0.1813104E+01 2.30957e-07
0.1813204E+01 2.26962e-07
0.1813304E+01 2.23283e-07
0.1813404E+01 2.19746e-07
0.1813505E+01 2.22158e-07
0.1813605E+01 2.25225e-07
0.1813705E+01 2.28284e-07
0.1813805E+01 2.31332e-07
0.1813905E+01 2.34373e-07
0.1814005E+01 2.37715e-07
0.1814105E+01 2.42327e-07
0.1814205E+01 2.47205e-07
0.1814305E+01 2.52153e-07
0.1814405E+01 2.56177e-07
0.1814505E+01 2.58711e-07
0.1814605E+01 2.6126e-07
0.1814705E+01 2.63822e-07
0.1814805E+01 2.65235e-07
0.1814905E+01 2.66308e-07
0.1815005E+01 2.6668e-07
0.1815105E+01 2.67e-07
0.1815205E+01 2.67307e-07
0.1815305E+01 2.67747e-07
0.1815405E+01 2.73092e-07
0.1815505E+01 2.7835e-07
0.1815605E+01 2.8372e-07
0.1815705E+01 2.89133e-07
0.1815805E+01 2.94665e-07
0.1815905E+01 3.00202e-07
0.1816005E+01 3.05741e-07
0.1816105E+01 3.11624e-07
0.1816205E+01 3.17549e-07
0.1816305E+01 3.2349e-07
0.1816405E+01 3.29846e-07
0.1816506E+01 3.36203e-07
0.1816606E+01 3.42564e-07
0.1816706E+01 3.48926e-07
0.1816806E+01 3.55288e-07
0.1816906E+01 3.61652e-07
0.1817006E+01 3.68041e-07
0.1817106E+01 3.7451e-07
0.1817206E+01 3.80937e-07
0.1817306E+01 3.84391e-07
0.1817406E+01 3.87731e-07
0.1817506E+01 3.91064e-07
0.1817606E+01 3.94393e-07
0.1817706E+01 3.97717e-07
0.1817806E+01 4.00837e-07
0.1817906E+01 4.03651e-07
0.1818006E+01 4.06135e-07
0.1818106E+01 4.08642e-07
0.1818206E+01 4.111e-07
0.1818306E+01 4.13425e-07
0.1818406E+01 4.15686e-07
0.1818506E+01 4.17935e-07
0.1818606E+01 4.20073e-07
0.1818706E+01 4.22159e-07
0.1818806E+01 4.24238e-07
0.1818906E+01 4.21249e-07
0.1819006E+01 4.17908e-07
0.1819106E+01 4.14637e-07
0.1819206E+01 4.11497e-07
0.1819306E+01 4.08343e-07
0.1819406E+01 4.05184e-07
0.1819507E+01 4.01945e-07
0.1819607E+01 3.98104e-07
0.1819707E+01 3.94302e-07
0.1819807E+01 3.90519e-07
0.1819907E+01 3.86731e-07
0.1820007E+01 3.8294e-07
0.1820107E+01 3.79148e-07
0.1820207E+01 3.75343e-07
0.1820307E+01 3.71527e-07
0.1820407E+01 3.67759e-07
0.1820507E+01 3.64033e-07
0.1820607E+01 3.60313e-07
0.1820707E+01 3.5661e-07
0.1820807E+01 3.53791e-07
0.1820907E+01 3.53138e-07
0.1821007E+01 3.52507e-07
0.1821107E+01 3.52022e-07
0.1821207E+01 3.51665e-07
0.1821307E+01 3.51322e-07
0.1821407E+01 3.51087e-07
0.1821507E+01 3.51006e-07
0.1821607E+01 3.51046e-07
0.1821707E+01 3.51078e-07
0.1821807E+01 3.51088e-07
0.1821907E+01 3.50974e-07
0.1822007E+01 3.50856e-07
0.1822107E+01 3.50717e-07
0.1822207E+01 3.5054e-07
0.1822307E+01 3.5035e-07
0.1822407E+01 3.50164e-07
0.1822508E+01 3.49941e-07
0.1822608E+01 3.49649e-07
0.1822708E+01 3.49694e-07
0.1822808E+01 3.49835e-07
0.1822908E+01 3.49928e-07
0.1823008E+01 3.5045e-07
0.1823108E+01 3.5111e-07
0.1823208E+01 3.51766e-07
0.1823308E+01 3.5233e-07
0.1823408E+01 3.52781e-07
0.1823508E+01 3.53174e-07
0.1823608E+01 3.53552e-07
0.1823708E+01 3.53901e-07
0.1823808E+01 3.54192e-07
0.1823908E+01 3.54553e-07
0.1824008E+01 3.54964e-07
0.1824108E+01 3.5541e-07
0.1824208E+01 3.55857e-07
0.1824308E+01 3.56527e-07
0.1824408E+01 3.57327e-07
0.1824508E+01 3.58183e-07
0.1824608E+01 3.58873e-07
0.1824708E+01 3.59442e-07
0.1824808E+01 3.60043e-07
0.1824908E+01 3.60643e-07
0.1825008E+01 3.6124e-07
0.1825108E+01 3.61833e-07
0.1825208E+01 3.62429e-07
0.1825308E+01 3.63025e-07
0.1825408E+01 3.63608e-07
0.1825509E+01 3.64185e-07
0.1825609E+01 3.64764e-07
0.1825709E+01 3.6534e-07
0.1825809E+01 3.65921e-07
0.1825909E+01 3.65927e-07
0.1826009E+01 3.65598e-07
0.1826109E+01 3.65181e-07
0.1826209E+01 3.6476e-07
0.1826309E+01 3.64314e-07
0.1826409E+01 3.63489e-07
0.1826509E+01 3.62626e-07
0.1826609E+01 3.61848e-07
0.1826709E+01 3.61069e-07
0.1826809E+01 3.6029e-07
0.1826909E+01 3.59506e-07
0.1827009E+01 3.58703e-07
0.1827109E+01 3.57888e-07
0.1827209E+01 3.57094e-07
0.1827309E+01 3.56284e-07
0.1827409E+01 3.55528e-07
0.1827509E+01 3.54792e-07
0.1827609E+01 3.5411e-07
0.1827709E+01 3.53611e-07
0.1827809E+01 3.53136e-07
0.1827909E+01 3.52777e-07
0.1828009E+01 3.52523e-07
0.1828109E+01 3.51569e-07
0.1828209E+01 3.50573e-07
0.1828309E+01 3.49573e-07
0.1828409E+01 3.48567e-07
0.1828510E+01 3.47557e-07
0.1828610E+01 3.46564e-07
0.1828710E+01 3.45482e-07
0.1828810E+01 3.44337e-07
0.1828910E+01 3.43215e-07
0.1829010E+01 3.41984e-07
0.1829110E+01 3.40705e-07
0.1829210E+01 3.39372e-07
0.1829310E+01 3.37735e-07
0.1829410E+01 3.361e-07
0.1829510E+01 3.34943e-07
0.1829610E+01 3.33702e-07
0.1829710E+01 3.32542e-07
0.1829810E+01 3.31633e-07
0.1829910E+01 3.30774e-07
0.1830010E+01 3.29903e-07
0.1830110E+01 3.28999e-07
0.1830210E+01 3.28076e-07
0.1830310E+01 3.27147e-07
0.1830410E+01 3.2643e-07
0.1830510E+01 3.26258e-07
0.1830610E+01 3.26097e-07
0.1830710E+01 3.25925e-07
0.1830810E+01 3.25771e-07
0.1830910E+01 3.25615e-07
0.1831010E+01 3.25445e-07
0.1831110E+01 3.25271e-07
0.1831210E+01 3.25036e-07
0.1831310E+01 3.24769e-07
0.1831410E+01 3.24495e-07
0.1831511E+01 3.24224e-07
0.1831611E+01 3.2395e-07
0.1831711E+01 3.23639e-07
0.1831811E+01 3.23548e-07
0.1831911E+01 3.23535e-07
0.1832011E+01 3.23515e-07
0.1832111E+01 3.235e-07
0.1832211E+01 3.23471e-07
0.1832311E+01 3.2343e-07
0.1832411E+01 3.2338e-07
0.1832511E+01 3.23358e-07
0.1832611E+01 3.2338e-07
0.1832711E+01 3.23402e-07
0.1832811E+01 3.23425e-07
0.1832911E+01 3.23446e-07
0.1833011E+01 3.23468e-07
0.1833111E+01 3.23016e-07
0.1833211E+01 3.22247e-07
0.1833311E+01 3.21452e-07
0.1833411E+01 3.20657e-07
0.1833511E+01 3.20123e-07
0.1833611E+01 3.25041e-07
0.1833711E+01 3.29973e-07
0.1833811E+01 3.34907e-07
0.1833911E+01 3.39819e-07
0.1834011E+01 3.44728e-07
0.1834111E+01 3.49641e-07
0.1834211E+01 3.54562e-07
0.1834311E+01 3.59506e-07
0.1834411E+01 3.64457e-07
0.1834512E+01 3.69395e-07
0.1834612E+01 3.74332e-07
0.1834712E+01 3.79281e-07
0.1834812E+01 3.8423e-07
0.1834912E+01 3.89179e-07
0.1835012E+01 3.94129e-07
0.1835112E+01 3.99076e-07
0.1835212E+01 4.04187e-07
0.1835312E+01 4.09423e-07
0.1835412E+01 4.14409e-07
0.1835512E+01 4.19272e-07
0.1835612E+01 4.21712e-07
0.1835712E+01 4.24643e-07
0.1835812E+01 4.27565e-07
0.1835912E+01 4.30529e-07
0.1836012E+01 4.33493e-07
0.1836112E+01 4.36476e-07
0.1836212E+01 4.39464e-07
0.1836312E+01 4.42445e-07
0.1836412E+01 4.45421e-07
0.1836512E+01 4.48388e-07
0.1836612E+01 4.51348e-07
0.1836712E+01 4.54274e-07
0.1836812E+01 4.58094e-07
0.1836912E+01 4.62574e-07
0.1837012E+01 4.63376e-07
0.1837112E+01 4.62082e-07
0.1837212E+01 4.60765e-07
0.1837312E+01 4.59119e-07
0.1837412E+01 4.57708e-07
0.1837513E+01 4.56354e-07
0.1837613E+01 4.54076e-07
0.1837713E+01 4.51798e-07
0.1837813E+01 4.49515e-07
0.1837913E+01 4.47161e-07
0.1838013E+01 4.44768e-07
0.1838113E+01 4.42369e-07
0.1838213E+01 4.4003e-07
0.1838313E+01 4.37729e-07
0.1838413E+01 4.35432e-07
0.1838513E+01 4.33135e-07
0.1838613E+01 4.30836e-07
0.1838713E+01 4.28541e-07
0.1838813E+01 4.26251e-07
0.1838913E+01 4.2394e-07
0.1839013E+01 4.21622e-07
0.1839113E+01 4.21818e-07
0.1839213E+01 4.22238e-07
0.1839313E+01 4.21583e-07
0.1839413E+01 4.20504e-07
0.1839513E+01 4.19431e-07
0.1839613E+01 4.18377e-07
0.1839713E+01 4.17374e-07
0.1839813E+01 4.16378e-07
0.1839913E+01 4.15389e-07
0.1840013E+01 4.14406e-07
0.1840113E+01 4.13428e-07
0.1840213E+01 4.12457e-07
0.1840313E+01 4.11492e-07
0.1840413E+01 4.10534e-07
0.1840514E+01 4.09583e-07
0.1840614E+01 4.08638e-07
0.1840714E+01 4.07697e-07
0.1840814E+01 4.06758e-07
0.1840914E+01 4.06261e-07
0.1841014E+01 4.0633e-07
0.1841114E+01 4.06403e-07
0.1841214E+01 4.06475e-07
0.1841314E+01 4.06548e-07
0.1841414E+01 4.06621e-07
0.1841514E+01 4.0669e-07
0.1841614E+01 4.07126e-07
0.1841714E+01 4.08779e-07
0.1841814E+01 4.10424e-07
0.1841914E+01 4.12072e-07
0.1842014E+01 4.13708e-07
0.1842114E+01 4.15343e-07
0.1842214E+01 4.16981e-07
0.1842314E+01 4.18614e-07
0.1842414E+01 4.20251e-07
0.1842514E+01 4.21892e-07
0.1842614E+01 4.23537e-07
0.1842714E+01 4.25189e-07
0.1842814E+01 4.26849e-07
0.1842914E+01 4.28512e-07
0.1843014E+01 4.30179e-07
0.1843114E+01 4.31845e-07
0.1843214E+01 4.33514e-07
0.1843314E+01 4.35187e-07
0.1843414E+01 4.3703e-07
0.1843515E+01 4.38849e-07
0.1843615E+01 4.40539e-07
0.1843715E+01 4.42233e-07
0.1843815E+01 4.4393e-07
0.1843915E+01 4.45628e-07
0.1844015E+01 4.47327e-07
0.1844115E+01 4.49031e-07
0.1844215E+01 4.48704e-07
0.1844315E+01 4.46869e-07
0.1844415E+01 4.45444e-07
0.1844515E+01 4.44448e-07
0.1844615E+01 4.43007e-07
0.1844715E+01 4.34594e-07
0.1844815E+01 4.26214e-07
0.1844915E+01 4.17915e-07
0.1845015E+01 4.09643e-07
0.1845115E+01 4.01409e-07
0.1845215E+01 3.9321e-07
0.1845315E+01 3.83767e-07
0.1845415E+01 3.7517e-07
0.1845515E+01 3.66798e-07
0.1845615E+01 3.58158e-07
0.1845715E+01 3.49319e-07
0.1845815E+01 3.43375e-07
0.1845915E+01 3.38953e-07
0.1846015E+01 3.34604e-07
0.1846115E+01 3.30388e-07
0.1846215E+01 3.29205e-07
0.1846315E+01 3.32646e-07
0.1846415E+01 3.3605e-07
0.1846516E+01 3.39337e-07
0.1846616E+01 3.42536e-07
0.1846716E+01 3.47778e-07
0.1846816E+01 3.52988e-07
0.1846916E+01 3.58148e-07
0.1847016E+01 3.63274e-07
0.1847116E+01 3.6838e-07
0.1847216E+01 3.73466e-07
0.1847316E+01 3.77683e-07
0.1847416E+01 3.77432e-07
0.1847516E+01 3.76769e-07
0.1847616E+01 3.76075e-07
0.1847716E+01 3.75583e-07
0.1847816E+01 3.75378e-07
0.1847916E+01 3.74595e-07
0.1848016E+01 3.73826e-07
0.1848116E+01 3.73099e-07
0.1848216E+01 3.72346e-07
0.1848316E+01 3.71676e-07
0.1848416E+01 3.7113e-07
0.1848516E+01 3.71071e-07
0.1848616E+01 3.71042e-07
0.1848716E+01 3.71001e-07
0.1848816E+01 3.71196e-07
0.1848916E+01 3.7172e-07
0.1849016E+01 3.72358e-07
0.1849116E+01 3.72983e-07
0.1849216E+01 3.73602e-07
0.1849316E+01 3.74334e-07
0.1849416E+01 3.75232e-07
0.1849517E+01 3.76215e-07
0.1849617E+01 3.77316e-07
0.1849717E+01 3.78426e-07
0.1849817E+01 3.79681e-07
0.1849917E+01 3.80965e-07
0.1850017E+01 3.82279e-07
0.1850117E+01 3.83584e-07
0.1850217E+01 3.84874e-07
0.1850317E+01 3.86078e-07
0.1850417E+01 3.86768e-07
0.1850517E+01 3.87511e-07
0.1850617E+01 3.88276e-07
0.1850717E+01 3.89037e-07
0.1850817E+01 3.89793e-07
0.1850917E+01 3.90327e-07
0.1851017E+01 3.90607e-07
0.1851117E+01 3.93579e-07
0.1851217E+01 3.98617e-07
0.1851317E+01 4.03542e-07
0.1851417E+01 4.08403e-07
0.1851517E+01 4.13315e-07
0.1851617E+01 4.18239e-07
0.1851717E+01 4.23173e-07
0.1851817E+01 4.2803e-07
0.1851917E+01 4.32859e-07
0.1852017E+01 4.37693e-07
0.1852117E+01 4.42538e-07
0.1852217E+01 4.47427e-07
0.1852317E+01 4.52395e-07
0.1852417E+01 4.57396e-07
0.1852518E+01 4.62402e-07
0.1852618E+01 4.67423e-07
0.1852718E+01 4.72471e-07
0.1852818E+01 4.77838e-07
0.1852918E+01 4.82854e-07
0.1853018E+01 4.8788e-07
0.1853118E+01 4.90397e-07
0.1853218E+01 4.92603e-07
0.1853318E+01 4.94819e-07
0.1853418E+01 4.97036e-07
0.1853518E+01 4.99253e-07
0.1853618E+01 5.01454e-07
0.1853718E+01 5.03639e-07
0.1853818E+01 5.05972e-07
0.1853918E+01 5.08363e-07
0.1854018E+01 5.10728e-07
0.1854118E+01 5.13131e-07
0.1854218E+01 5.15523e-07
0.1854318E+01 5.17905e-07
0.1854418E+01 5.20282e-07
0.1854518E+01 5.18736e-07
0.1854618E+01 5.16319e-07
0.1854718E+01 5.1388e-07
0.1854818E+01 5.10818e-07
0.1854918E+01 5.07741e-07
0.1855018E+01 5.04659e-07
0.1855118E+01 5.01623e-07
0.1855218E+01 4.98639e-07
0.1855318E+01 4.95558e-07
0.1855418E+01 4.92331e-07
0.1855519E+01 4.89099e-07
0.1855619E+01 4.85883e-07
0.1855719E+01 4.82661e-07
0.1855819E+01 4.79446e-07
0.1855919E+01 4.76171e-07
0.1856019E+01 4.72901e-07
0.1856119E+01 4.69627e-07
0.1856219E+01 4.66347e-07
0.1856319E+01 4.63033e-07
0.1856419E+01 4.59696e-07
0.1856519E+01 4.57349e-07
0.1856619E+01 4.56744e-07
0.1856719E+01 4.56111e-07
0.1856819E+01 4.55278e-07
0.1856919E+01 4.54433e-07
0.1857019E+01 4.53588e-07
0.1857119E+01 4.52679e-07
0.1857219E+01 4.51731e-07
0.1857319E+01 4.50788e-07
0.1857419E+01 4.49851e-07
0.1857519E+01 4.48925e-07
0.1857619E+01 4.48012e-07
0.1857719E+01 4.47113e-07
0.1857819E+01 4.46259e-07
0.1857919E+01 4.454e-07
0.1858019E+01 4.4452e-07
0.1858119E+01 4.44187e-07
0.1858219E+01 4.44103e-07
0.1858319E+01 4.44025e-07
0.1858419E+01 4.43946e-07
0.1858520E+01 4.43856e-07
0.1858620E+01 4.43723e-07
0.1858720E+01 4.43567e-07
0.1858820E+01 4.43413e-07
0.1858920E+01 4.43284e-07
0.1859020E+01 4.43168e-07
0.1859120E+01 4.43035e-07
0.1859220E+01 4.42904e-07
0.1859320E+01 4.42788e-07
0.1859420E+01 4.42704e-07
0.1859520E+01 4.42661e-07
0.1859620E+01 4.44644e-07
0.1859720E+01 4.48038e-07
0.1859820E+01 4.51443e-07
0.1859920E+01 4.54851e-07
0.1860020E+01 4.58286e-07
0.1860120E+01 4.61754e-07
0.1860220E+01 4.65335e-07
0.1860320E+01 4.68899e-07
0.1860420E+01 4.72479e-07
0.1860520E+01 4.76129e-07
0.1860620E+01 4.79789e-07
0.1860720E+01 4.83461e-07
0.1860820E+01 4.8718e-07
0.1860920E+01 4.90914e-07
0.1861020E+01 4.94625e-07
0.1861120E+01 4.98382e-07
0.1861220E+01 5.02147e-07
0.1861320E+01 5.06018e-07
0.1861420E+01 5.08758e-07
0.1861521E+01 5.10121e-07
0.1861621E+01 5.11396e-07
0.1861721E+01 5.12509e-07
0.1861821E+01 5.13642e-07
0.1861921E+01 5.14794e-07
0.1862021E+01 5.1596e-07
0.1862121E+01 5.17147e-07
0.1862221E+01 5.183e-07
0.1862321E+01 5.19537e-07
0.1862421E+01 5.20763e-07
0.1862521E+01 5.21991e-07
0.1862621E+01 5.23181e-07
0.1862721E+01 5.24386e-07
0.1862821E+01 5.25591e-07
0.1862921E+01 5.26778e-07
0.1863021E+01 5.27963e-07
0.1863121E+01 5.28976e-07
0.1863221E+01 5.27762e-07
0.1863321E+01 5.25537e-07
0.1863421E+01 5.23324e-07
0.1863521E+01 5.21156e-07
0.1863621E+01 5.18974e-07
0.1863721E+01 5.16739e-07
0.1863821E+01 5.14474e-07
0.1863921E+01 5.122e-07
0.1864021E+01 5.09911e-07
0.1864121E+01 5.07601e-07
0.1864221E+01 5.05276e-07
0.1864321E+01 5.02898e-07
0.1864421E+01 5.00446e-07
0.1864522E+01 4.97968e-07
0.1864622E+01 4.9513e-07
0.1864722E+01 4.92183e-07
0.1864822E+01 4.89229e-07
0.1864922E+01 4.87782e-07
0.1865022E+01 4.87374e-07
0.1865122E+01 4.86943e-07
0.1865222E+01 4.86466e-07
0.1865322E+01 4.86211e-07
0.1865422E+01 4.85961e-07
0.1865522E+01 4.85687e-07
0.1865622E+01 4.85431e-07
0.1865722E+01 4.85184e-07
0.1865822E+01 4.84944e-07
0.1865922E+01 4.84713e-07
0.1866022E+01 4.84493e-07
0.1866122E+01 4.84275e-07
0.1866222E+01 4.83821e-07
0.1866322E+01 4.83308e-07
0.1866422E+01 4.82714e-07
0.1866522E+01 4.82274e-07
0.1866622E+01 4.81975e-07
0.1866722E+01 4.81686e-07
0.1866822E+01 4.81334e-07
0.1866922E+01 4.80943e-07
0.1867022E+01 4.80556e-07
0.1867122E+01 4.80173e-07
0.1867222E+01 4.79801e-07
0.1867322E+01 4.79434e-07
0.1867422E+01 4.79077e-07
0.1867523E+01 4.7872e-07
0.1867623E+01 4.78365e-07
0.1867723E+01 4.7801e-07
0.1867823E+01 4.77644e-07
0.1867923E+01 4.77281e-07
0.1868023E+01 4.77602e-07
0.1868123E+01 4.82986e-07
0.1868223E+01 4.8845e-07
0.1868323E+01 4.94439e-07
0.1868423E+01 5.00432e-07
0.1868523E+01 5.06428e-07
0.1868623E+01 5.12381e-07
0.1868723E+01 5.18342e-07
0.1868823E+01 5.2435e-07
0.1868923E+01 5.30415e-07
0.1869023E+01 5.36471e-07
0.1869123E+01 5.42526e-07
0.1869223E+01 5.48586e-07
0.1869323E+01 5.54656e-07
0.1869423E+01 5.60776e-07
0.1869523E+01 5.66829e-07
0.1869623E+01 5.7287e-07
0.1869723E+01 5.79188e-07
0.1869823E+01 5.8527e-07
0.1869923E+01 5.88735e-07
0.1870023E+01 5.91392e-07
0.1870123E+01 5.94037e-07
0.1870223E+01 5.96654e-07
0.1870323E+01 5.99236e-07
0.1870423E+01 6.01812e-07
0.1870524E+01 6.04382e-07
0.1870624E+01 6.06946e-07
0.1870724E+01 6.09486e-07
0.1870824E+01 6.12012e-07
0.1870924E+01 6.14561e-07
0.1871024E+01 6.17103e-07
0.1871124E+01 6.19623e-07
0.1871224E+01 6.22136e-07
0.1871324E+01 6.23042e-07
0.1871424E+01 6.16552e-07
0.1871524E+01 6.10018e-07
0.1871624E+01 5.98976e-07
0.1871724E+01 5.80533e-07
0.1871824E+01 5.62181e-07
0.1871924E+01 5.43908e-07
0.1872024E+01 5.25727e-07
0.1872124E+01 5.0767e-07
0.1872224E+01 4.89795e-07
0.1872324E+01 4.73188e-07
0.1872424E+01 4.57023e-07
0.1872524E+01 4.41296e-07
0.1872624E+01 4.29654e-07
0.1872724E+01 4.18255e-07
0.1872824E+01 4.07266e-07
0.1872924E+01 3.97465e-07
0.1873024E+01 3.98232e-07
0.1873124E+01 4.01468e-07
0.1873224E+01 4.05067e-07
0.1873324E+01 4.14426e-07
0.1873424E+01 4.24313e-07
0.1873525E+01 4.34159e-07
0.1873625E+01 4.43956e-07
0.1873725E+01 4.5371e-07
0.1873825E+01 4.63383e-07
0.1873925E+01 4.68548e-07
0.1874025E+01 4.73348e-07
0.1874125E+01 4.77669e-07
0.1874225E+01 4.80731e-07
0.1874325E+01 4.83849e-07
0.1874425E+01 4.85631e-07
0.1874525E+01 4.85778e-07
0.1874625E+01 4.85629e-07
0.1874725E+01 4.85248e-07
0.1874825E+01 4.84479e-07
0.1874925E+01 4.84345e-07
0.1875025E+01 4.84193e-07
0.1875125E+01 4.83975e-07
0.1875225E+01 4.83602e-07
0.1875325E+01 4.8335e-07
0.1875425E+01 4.83238e-07
0.1875525E+01 4.8313e-07
0.1875625E+01 4.83076e-07
0.1875725E+01 4.83137e-07
0.1875825E+01 4.83354e-07
0.1875925E+01 4.83573e-07
0.1876025E+01 4.84276e-07
0.1876125E+01 4.87677e-07
0.1876225E+01 4.88234e-07
0.1876325E+01 4.89379e-07
0.1876425E+01 4.95529e-07
0.1876526E+01 5.02346e-07
0.1876626E+01 5.09024e-07
0.1876726E+01 5.16229e-07
0.1876826E+01 5.22987e-07
0.1876926E+01 5.29857e-07
0.1877026E+01 5.36726e-07
0.1877126E+01 5.4361e-07
0.1877226E+01 5.507e-07
0.1877326E+01 5.57341e-07
0.1877426E+01 5.63958e-07
0.1877526E+01 5.70452e-07
0.1877626E+01 5.76502e-07
0.1877726E+01 5.8196e-07
0.1877826E+01 5.83645e-07
0.1877926E+01 5.85199e-07
0.1878026E+01 5.86767e-07
0.1878126E+01 5.89357e-07
0.1878226E+01 5.8999e-07
0.1878326E+01 5.8963e-07
0.1878426E+01 5.91169e-07
0.1878526E+01 5.92702e-07
0.1878626E+01 5.94164e-07
0.1878726E+01 5.95609e-07
0.1878826E+01 5.97051e-07
0.1878926E+01 5.98488e-07
0.1879026E+01 5.99923e-07
0.1879126E+01 6.01299e-07
0.1879226E+01 6.02615e-07
0.1879326E+01 6.03933e-07
0.1879426E+01 6.05007e-07
0.1879527E+01 6.05826e-07
0.1879627E+01 6.07144e-07
0.1879727E+01 6.08457e-07
0.1879827E+01 6.09765e-07
0.1879927E+01 6.07342e-07
0.1880027E+01 6.02619e-07
0.1880127E+01 5.97835e-07
0.1880227E+01 5.93103e-07
0.1880327E+01 5.88652e-07
0.1880427E+01 5.84329e-07
0.1880527E+01 5.80401e-07
0.1880627E+01 5.77407e-07
0.1880727E+01 5.74381e-07
0.1880827E+01 5.71334e-07
0.1880927E+01 5.6827e-07
0.1881027E+01 5.65179e-07
0.1881127E+01 5.62075e-07
0.1881227E+01 5.61852e-07
0.1881327E+01 5.63576e-07
0.1881427E+01 5.65293e-07
0.1881527E+01 5.67054e-07
0.1881627E+01 5.68981e-07
0.1881727E+01 5.70989e-07
0.1881827E+01 5.73069e-07
0.1881927E+01 5.75073e-07
0.1882027E+01 5.76986e-07
0.1882127E+01 5.78542e-07
0.1882227E+01 5.79996e-07
0.1882327E+01 5.81445e-07
0.1882427E+01 5.82881e-07
0.1882528E+01 5.84306e-07
0.1882628E+01 5.85727e-07
0.1882728E+01 5.87148e-07
0.1882828E+01 5.88634e-07
0.1882928E+01 5.90094e-07
0.1883028E+01 5.91214e-07
0.1883128E+01 5.92159e-07
0.1883228E+01 5.92821e-07
0.1883328E+01 5.92261e-07
0.1883428E+01 5.91551e-07
0.1883528E+01 5.90792e-07
0.1883628E+01 5.90034e-07
0.1883728E+01 5.89276e-07
0.1883828E+01 5.88494e-07
0.1883928E+01 5.8767e-07
0.1884028E+01 5.86917e-07
0.1884128E+01 5.86169e-07
0.1884228E+01 5.8701e-07
0.1884328E+01 5.90043e-07
0.1884428E+01 5.93203e-07
0.1884528E+01 5.96587e-07
0.1884628E+01 5.99966e-07
0.1884728E+01 6.03422e-07
0.1884828E+01 6.06969e-07
0.1884928E+01 6.10529e-07
0.1885028E+01 6.14099e-07
0.1885128E+01 6.17619e-07
0.1885228E+01 6.21158e-07
0.1885328E+01 6.24715e-07
0.1885428E+01 6.28308e-07
0.1885529E+01 6.3193e-07
0.1885629E+01 6.35585e-07
0.1885729E+01 6.37249e-07
0.1885829E+01 6.388e-07
0.1885929E+01 6.40417e-07
0.1886029E+01 6.42092e-07
0.1886129E+01 6.43766e-07
0.1886229E+01 6.45411e-07
0.1886329E+01 6.46774e-07
0.1886429E+01 6.48141e-07
0.1886529E+01 6.49521e-07
0.1886629E+01 6.509e-07
0.1886729E+01 6.52276e-07
0.1886829E+01 6.53704e-07
0.1886929E+01 6.54959e-07
0.1887029E+01 6.56118e-07
0.1887129E+01 6.57235e-07
0.1887229E+01 6.58365e-07
0.1887329E+01 6.59306e-07
0.1887429E+01 6.60499e-07
0.1887529E+01 6.58326e-07
0.1887629E+01 6.56137e-07
0.1887729E+01 6.53933e-07
0.1887829E+01 6.51745e-07
0.1887929E+01 6.49441e-07
0.1888029E+01 6.4678e-07
0.1888129E+01 6.44097e-07
0.1888229E+01 6.41436e-07
0.1888329E+01 6.38798e-07
0.1888429E+01 6.36295e-07
0.1888530E+01 6.33871e-07
0.1888630E+01 6.3142e-07
0.1888730E+01 6.29032e-07
0.1888830E+01 6.26661e-07
0.1888930E+01 6.24204e-07
0.1889030E+01 6.23009e-07
0.1889130E+01 6.22692e-07
0.1889230E+01 6.22373e-07
0.1889330E+01 6.22056e-07
0.1889430E+01 6.21747e-07
0.1889530E+01 6.2147e-07
0.1889630E+01 6.21181e-07
0.1889730E+01 6.20911e-07
0.1889830E+01 6.20584e-07
0.1889930E+01 6.20089e-07
0.1890030E+01 6.19531e-07
0.1890130E+01 6.18866e-07
0.1890230E+01 6.18109e-07
0.1890330E+01 6.17351e-07
0.1890430E+01 6.16584e-07
0.1890530E+01 5.83698e-07
0.1890630E+01 5.32402e-07
0.1890730E+01 4.09995e-07
0.1890830E+01 3.96402e-07
0.1890930E+01 3.83269e-07
0.1891030E+01 3.70672e-07
0.1891130E+01 3.58721e-07
0.1891230E+01 3.47442e-07
0.1891330E+01 3.36545e-07
0.1891430E+01 3.26017e-07
0.1891531E+01 4.80082e-07
0.1891631E+01 5.25711e-07
0.1891731E+01 5.29174e-07
0.1891831E+01 5.32461e-07
0.1891931E+01 5.35623e-07
0.1892031E+01 5.38747e-07
0.1892131E+01 5.47822e-07
0.1892231E+01 5.62253e-07
0.1892331E+01 5.76674e-07
0.1892431E+01 5.91128e-07
0.1892531E+01 6.0568e-07
0.1892631E+01 6.20597e-07
0.1892731E+01 6.35918e-07
0.1892831E+01 6.54064e-07
0.1892931E+01 6.72002e-07
0.1893031E+01 6.81417e-07
0.1893131E+01 6.88932e-07
0.1893231E+01 6.96149e-07
0.1893331E+01 7.03382e-07
0.1893431E+01 7.10337e-07
0.1893531E+01 7.1679e-07
0.1893631E+01 7.22723e-07
0.1893731E+01 7.25455e-07
0.1893831E+01 7.29335e-07
0.1893931E+01 7.32451e-07
0.1894031E+01 7.3447e-07
0.1894131E+01 7.36542e-07
0.1894231E+01 7.39303e-07
0.1894331E+01 7.42324e-07
0.1894431E+01 7.45163e-07
0.1894532E+01 7.4782e-07
0.1894632E+01 7.50076e-07
0.1894732E+01 7.51205e-07
0.1894832E+01 7.53324e-07
0.1894932E+01 7.5524e-07
0.1895032E+01 7.56954e-07
0.1895132E+01 7.58494e-07
0.1895232E+01 7.59877e-07
0.1895332E+01 7.61132e-07
0.1895432E+01 7.6221e-07
0.1895532E+01 7.63111e-07
0.1895632E+01 7.57535e-07
0.1895732E+01 7.45826e-07
0.1895832E+01 7.33809e-07
0.1895932E+01 7.21541e-07
0.1896032E+01 7.09032e-07
0.1896132E+01 6.96273e-07
0.1896232E+01 6.8326e-07
0.1896332E+01 6.70012e-07
0.1896432E+01 6.64567e-07
0.1896532E+01 6.61424e-07
0.1896632E+01 6.58149e-07
0.1896732E+01 6.54692e-07
0.1896832E+01 6.51087e-07
0.1896932E+01 6.473e-07
0.1897032E+01 6.42915e-07
0.1897132E+01 6.38575e-07
0.1897232E+01 6.34503e-07
0.1897332E+01 6.30241e-07
0.1897432E+01 6.25801e-07
0.1897533E+01 6.2118e-07
0.1897633E+01 6.16448e-07
0.1897733E+01 6.17933e-07
0.1897833E+01 6.21671e-07
0.1897933E+01 6.25421e-07
0.1898033E+01 6.29103e-07
0.1898133E+01 6.32019e-07
0.1898233E+01 6.34745e-07
0.1898333E+01 6.35781e-07
0.1898433E+01 6.18148e-07
0.1898533E+01 5.86961e-07
0.1898633E+01 5.72342e-07
0.1898733E+01 5.73729e-07
0.1898833E+01 5.81236e-07
0.1898933E+01 5.94533e-07
0.1899033E+01 6.20349e-07
0.1899133E+01 6.48466e-07
0.1899233E+01 6.5987e-07
0.1899333E+01 6.58375e-07
0.1899433E+01 6.56936e-07
0.1899533E+01 6.55552e-07
0.1899633E+01 6.54218e-07
0.1899733E+01 6.55341e-07
0.1899833E+01 6.57556e-07
0.1899933E+01 6.60028e-07
0.1900033E+01 6.6259e-07
0.1900133E+01 6.6561e-07
0.1900233E+01 6.68993e-07
0.1900333E+01 6.72302e-07
0.1900433E+01 6.75162e-07
0.1900534E+01 6.78078e-07
0.1900634E+01 6.78168e-07
0.1900734E+01 6.78174e-07
0.1900834E+01 6.78246e-07
0.1900934E+01 6.78382e-07
0.1901034E+01 6.78582e-07
0.1901134E+01 6.78844e-07
0.1901234E+01 6.79115e-07
0.1901334E+01 6.793e-07
0.1901434E+01 6.8012e-07
0.1901534E+01 6.80998e-07
0.1901634E+01 6.81672e-07
0.1901734E+01 6.82289e-07
0.1901834E+01 6.82953e-07
0.1901934E+01 6.84506e-07
0.1902034E+01 6.86139e-07
0.1902134E+01 6.87958e-07
0.1902234E+01 6.90483e-07
0.1902334E+01 6.9317e-07
0.1902434E+01 6.95155e-07
0.1902534E+01 6.97667e-07
0.1902634E+01 7.00766e-07
0.1902734E+01 7.02023e-07
0.1902834E+01 7.03319e-07
0.1902934E+01 7.01439e-07
0.1903034E+01 6.99519e-07
0.1903134E+01 6.97547e-07
0.1903234E+01 6.95507e-07
0.1903334E+01 6.93676e-07
0.1903434E+01 6.92106e-07
0.1903535E+01 6.90435e-07
0.1903635E+01 6.88719e-07
0.1903735E+01 6.86995e-07
0.1903835E+01 6.85437e-07
0.1903935E+01 6.86191e-07
0.1904035E+01 6.86482e-07
0.1904135E+01 6.86729e-07
0.1904235E+01 6.86928e-07
0.1904335E+01 6.87024e-07
0.1904435E+01 6.86566e-07
0.1904535E+01 6.86042e-07
0.1904635E+01 6.85489e-07
0.1904735E+01 6.84878e-07
0.1904835E+01 6.84181e-07
0.1904935E+01 6.835e-07
0.1905035E+01 6.82557e-07
0.1905135E+01 6.81585e-07
0.1905235E+01 6.80787e-07
0.1905335E+01 6.79598e-07
0.1905435E+01 6.7698e-07
0.1905535E+01 6.74819e-07
0.1905635E+01 6.74692e-07
0.1905735E+01 6.77097e-07
0.1905835E+01 6.82406e-07
0.1905935E+01 6.8763e-07
0.1906035E+01 6.92826e-07
0.1906135E+01 6.98016e-07
0.1906235E+01 7.03075e-07
0.1906335E+01 7.07313e-07
0.1906435E+01 7.09579e-07
0.1906536E+01 7.09398e-07
0.1906636E+01 7.16267e-07
0.1906736E+01 7.43539e-07
0.1906836E+01 7.7103e-07
0.1906936E+01 7.99334e-07
0.1907036E+01 8.2824e-07
0.1907136E+01 8.54702e-07
0.1907236E+01 8.56877e-07
0.1907336E+01 8.59524e-07
0.1907436E+01 8.62181e-07
0.1907536E+01 8.64216e-07
0.1907636E+01 8.66103e-07
0.1907736E+01 8.67866e-07
0.1907836E+01 8.6963e-07
0.1907936E+01 8.72308e-07
0.1908036E+01 8.75465e-07
0.1908136E+01 8.77213e-07
0.1908236E+01 8.79374e-07
0.1908336E+01 8.84672e-07
0.1908436E+01 8.9151e-07
0.1908536E+01 8.95338e-07
0.1908636E+01 8.97894e-07
0.1908736E+01 8.99244e-07
0.1908836E+01 8.94847e-07
0.1908936E+01 8.94947e-07
0.1909036E+01 8.95091e-07
0.1909136E+01 8.9701e-07
0.1909236E+01 8.99647e-07
0.1909336E+01 9.02336e-07
0.1909436E+01 9.05045e-07
0.1909537E+01 9.07875e-07
0.1909637E+01 9.10845e-07
0.1909737E+01 9.13052e-07
0.1909837E+01 9.15261e-07
0.1909937E+01 9.17285e-07
0.1910037E+01 9.19351e-07
0.1910137E+01 8.98016e-07
0.1910237E+01 8.64856e-07
0.1910337E+01 8.31148e-07
0.1910437E+01 7.97488e-07
0.1910537E+01 7.78544e-07
0.1910637E+01 7.78791e-07
0.1910737E+01 7.79057e-07
0.1910837E+01 7.79494e-07
0.1910937E+01 7.79838e-07
0.1911037E+01 7.80186e-07
0.1911137E+01 7.80643e-07
0.1911237E+01 7.80939e-07
0.1911337E+01 7.81221e-07
0.1911437E+01 7.81701e-07
0.1911537E+01 7.82237e-07
0.1911637E+01 7.8291e-07
0.1911737E+01 7.83726e-07
0.1911837E+01 7.84571e-07
0.1911937E+01 7.85389e-07
0.1912037E+01 7.86251e-07
0.1912137E+01 7.87183e-07
0.1912237E+01 7.88017e-07
0.1912337E+01 7.88586e-07
0.1912437E+01 7.89159e-07
0.1912538E+01 7.89698e-07
0.1912638E+01 7.90077e-07
0.1912738E+01 7.90265e-07
0.1912838E+01 7.90839e-07
0.1912938E+01 7.91488e-07
0.1913038E+01 7.92053e-07
0.1913138E+01 7.92572e-07
0.1913238E+01 7.92683e-07
0.1913338E+01 7.91685e-07
0.1913438E+01 7.90649e-07
0.1913538E+01 7.88944e-07
0.1913638E+01 7.8565e-07
0.1913738E+01 7.82029e-07
0.1913838E+01 7.78473e-07
0.1913938E+01 7.74862e-07
0.1914038E+01 7.71254e-07
0.1914138E+01 7.67697e-07
0.1914238E+01 7.64061e-07
0.1914338E+01 7.71191e-07
0.1914438E+01 7.8208e-07
0.1914538E+01 7.78154e-07
0.1914638E+01 7.74311e-07
0.1914738E+01 7.71027e-07
0.1914838E+01 7.66483e-07
0.1914938E+01 7.59712e-07
0.1915038E+01 7.53019e-07
0.1915138E+01 7.45279e-07
0.1915238E+01 7.39609e-07
0.1915338E+01 7.37398e-07
0.1915438E+01 7.35744e-07
0.1915539E+01 7.36503e-07
0.1915639E+01 7.36903e-07
0.1915739E+01 7.39416e-07
0.1915839E+01 7.40961e-07
0.1915939E+01 7.28031e-07
0.1916039E+01 7.27309e-07
0.1916139E+01 7.15905e-07
0.1916239E+01 7.03804e-07
0.1916339E+01 6.92189e-07
0.1916439E+01 6.81037e-07
0.1916539E+01 6.69804e-07
0.1916639E+01 6.58836e-07
0.1916739E+01 6.49841e-07
0.1916839E+01 6.41496e-07
0.1916939E+01 6.33067e-07
0.1917039E+01 6.24822e-07
0.1917139E+01 6.16568e-07
0.1917239E+01 6.08067e-07
0.1917339E+01 5.9924e-07
0.1917439E+01 5.88852e-07
0.1917539E+01 5.60397e-07
0.1917639E+01 5.3288e-07
0.1917739E+01 5.13881e-07
0.1917839E+01 4.95064e-07
0.1917939E+01 4.82326e-07
0.1918039E+01 4.75249e-07
0.1918139E+01 4.7056e-07
0.1918239E+01 4.64004e-07
0.1918339E+01 4.57938e-07
0.1918439E+01 4.51922e-07
0.1918540E+01 4.46113e-07
0.1918640E+01 4.40575e-07
0.1918740E+01 4.3512e-07
0.1918840E+01 4.29727e-07
0.1918940E+01 4.24389e-07
0.1919040E+01 4.18965e-07
0.1919140E+01 4.13236e-07
0.1919240E+01 4.09264e-07
0.1919340E+01 4.08148e-07
0.1919440E+01 4.07666e-07
0.1919540E+01 4.07354e-07
0.1919640E+01 4.0685e-07
0.1919740E+01 4.06323e-07
0.1919840E+01 4.31712e-07
0.1919940E+01 6.00064e-07
0.1920040E+01 6.05555e-07
0.1920140E+01 6.04923e-07
0.1920240E+01 6.00376e-07
0.1920340E+01 5.96432e-07
0.1920440E+01 5.92527e-07
0.1920540E+01 5.88632e-07
0.1920640E+01 5.84735e-07
0.1920740E+01 5.80987e-07
0.1920840E+01 5.77504e-07
0.1920940E+01 5.7372e-07
0.1921040E+01 5.70042e-07
0.1921140E+01 5.66375e-07
0.1921240E+01 5.6271e-07
0.1921340E+01 5.55467e-07
0.1921440E+01 5.33237e-07
0.1921541E+01 5.78188e-07
0.1921641E+01 4.92452e-07
0.1921741E+01 4.71794e-07
0.1921841E+01 4.51015e-07
0.1921941E+01 4.35201e-07
0.1922041E+01 4.33053e-07
0.1922141E+01 4.30593e-07
0.1922241E+01 4.27405e-07
0.1922341E+01 4.23621e-07
0.1922441E+01 4.20034e-07
0.1922541E+01 4.13206e-07
0.1922641E+01 4.0627e-07
0.1922741E+01 3.99421e-07
0.1922841E+01 3.92662e-07
0.1922941E+01 3.85998e-07
0.1923041E+01 3.79224e-07
0.1923141E+01 3.72169e-07
0.1923241E+01 2.44878e-07
0.1923341E+01 7.25678e-08
0.1923441E+01 -8.10539e-08
0.1923541E+01 -2.40314e-07
0.1923641E+01 -4.08233e-07
0.1923741E+01 -5.84986e-07
0.1923841E+01 -7.67109e-07
0.1923941E+01 -9.54493e-07
0.1924041E+01 -1.14739e-06
0.1924141E+01 -1.34696e-06
0.1924241E+01 -1.55146e-06
0.1924341E+01 -1.76075e-06
0.1924441E+01 -1.91757e-06
0.1924542E+01 -1.85928e-06
0.1924642E+01 -1.94683e-06
0.1924742E+01 -2.10639e-06
0.1924842E+01 -2.26615e-06
0.1924942E+01 -2.40483e-06
0.1925042E+01 -2.37629e-06
0.1925142E+01 -2.35659e-06
0.1925242E+01 -2.35143e-06
0.1925342E+01 -2.34167e-06
0.1925442E+01 -2.28813e-06
0.1925542E+01 -2.21342e-06
0.1925642E+01 -2.11654e-06
0.1925742E+01 -1.64436e-06
0.1925842E+01 -1.01772e-06
0.1925942E+01 -3.54187e-07
0.1926042E+01 3.44439e-07
0.1926142E+01 1.07787e-06
0.1926242E+01 1.89067e-06
0.1926342E+01 2.38776e-06
0.1926442E+01 2.62094e-06
0.1926542E+01 2.87837e-06
0.1926642E+01 3.11486e-06
0.1926742E+01 3.35547e-06
0.1926842E+01 3.60442e-06
0.1926942E+01 3.80562e-06
0.1927042E+01 3.98323e-06
0.1927142E+01 4.18223e-06
0.1927242E+01 4.39374e-06
0.1927342E+01 4.63464e-06
0.1927442E+01 4.93883e-06
0.1927543E+01 5.1714e-06
0.1927643E+01 4.96532e-06
0.1927743E+01 4.7326e-06
0.1927843E+01 4.48259e-06
0.1927943E+01 4.24383e-06
0.1928043E+01 4.00369e-06
0.1928143E+01 3.77485e-06
0.1928243E+01 3.64224e-06
0.1928343E+01 3.55472e-06
0.1928443E+01 3.44962e-06
0.1928543E+01 3.39948e-06
0.1928643E+01 3.4451e-06
0.1928743E+01 3.49923e-06
0.1928843E+01 3.56005e-06
0.1928943E+01 3.62861e-06
0.1929043E+01 3.70313e-06
0.1929143E+01 3.78111e-06
0.1929243E+01 3.86715e-06
0.1929343E+01 3.9554e-06
0.1929443E+01 4.00978e-06
0.1929543E+01 4.10587e-06
0.1929643E+01 4.17398e-06
0.1929743E+01 4.2356e-06
0.1929843E+01 4.26346e-06
0.1929943E+01 4.26039e-06
0.1930043E+01 4.22975e-06
0.1930143E+01 4.17866e-06
0.1930243E+01 4.11448e-06
0.1930343E+01 4.08367e-06
0.1930443E+01 4.07959e-06
0.1930544E+01 4.04235e-06
0.1930644E+01 3.95509e-06
0.1930744E+01 3.85893e-06
0.1930844E+01 3.75378e-06
0.1930944E+01 3.6396e-06
0.1931044E+01 3.51636e-06
0.1931144E+01 3.38229e-06
0.1931244E+01 3.23995e-06
0.1931344E+01 3.09264e-06
0.1931444E+01 2.98962e-06
0.1931544E+01 3.14991e-06
0.1931644E+01 3.10007e-06
0.1931744E+01 3.07069e-06
0.1931844E+01 3.06084e-06
0.1931944E+01 3.03867e-06
0.1932044E+01 3.01659e-06
0.1932144E+01 2.99997e-06
0.1932244E+01 2.99124e-06
0.1932344E+01 2.99148e-06
0.1932444E+01 3.00059e-06
0.1932544E+01 3.01861e-06
0.1932644E+01 3.04571e-06
0.1932744E+01 3.08193e-06
0.1932844E+01 3.12731e-06
0.1932944E+01 3.18191e-06
0.1933044E+01 3.22731e-06
0.1933144E+01 3.31494e-06
0.1933244E+01 3.30099e-06
0.1933344E+01 3.29433e-06
0.1933444E+01 3.30317e-06
0.1933545E+01 3.31034e-06
0.1933645E+01 3.31583e-06
0.1933745E+01 3.31975e-06
0.1933845E+01 3.32201e-06
0.1933945E+01 3.32254e-06
0.1934045E+01 3.32109e-06
0.1934145E+01 3.31777e-06
0.1934245E+01 3.30026e-06
0.1934345E+01 3.27575e-06
0.1934445E+01 3.20636e-06
0.1934545E+01 3.13575e-06
0.1934645E+01 2.95503e-06
0.1934745E+01 2.7445e-06
0.1934845E+01 2.40025e-06
0.1934945E+01 2.08011e-06
0.1935045E+01 1.86883e-06
0.1935145E+01 1.79751e-06
0.1935245E+01 1.84882e-06
0.1935345E+01 1.91056e-06
0.1935445E+01 1.96534e-06
0.1935545E+01 2.01323e-06
0.1935645E+01 1.91654e-06
0.1935745E+01 1.68904e-06
0.1935845E+01 1.45426e-06
0.1935945E+01 1.22378e-06
0.1936045E+01 9.76848e-07
0.1936145E+01 7.14672e-07
0.1936245E+01 8.57072e-07
0.1936345E+01 1.05328e-06
0.1936445E+01 1.24074e-06
0.1936546E+01 1.4131e-06
0.1936646E+01 1.60405e-06
0.1936746E+01 1.98399e-06
0.1936846E+01 2.35299e-06
0.1936946E+01 2.71579e-06
0.1937046E+01 3.08069e-06
0.1937146E+01 3.44777e-06
0.1937246E+01 3.66379e-06
0.1937346E+01 3.60579e-06
0.1937446E+01 3.54494e-06
0.1937546E+01 3.4811e-06
0.1937646E+01 3.41455e-06
0.1937746E+01 3.39921e-06
0.1937846E+01 3.47361e-06
0.1937946E+01 3.54607e-06
0.1938046E+01 3.64404e-06
0.1938146E+01 3.75533e-06
0.1938246E+01 3.87842e-06
0.1938346E+01 3.81929e-06
0.1938446E+01 3.68887e-06
0.1938546E+01 3.56853e-06
0.1938646E+01 3.3922e-06
0.1938746E+01 3.21786e-06
0.1938846E+01 3.05445e-06
0.1938946E+01 2.90221e-06
0.1939046E+01 2.76854e-06
0.1939146E+01 2.64561e-06
0.1939246E+01 2.52776e-06
0.1939346E+01 2.41498e-06
0.1939446E+01 2.3073e-06
0.1939547E+01 2.20612e-06
0.1939647E+01 2.11066e-06
0.1939747E+01 2.01702e-06
0.1939847E+01 1.92851e-06
0.1939947E+01 1.81267e-06
0.1940047E+01 1.62989e-06
0.1940147E+01 1.53806e-06
0.1940247E+01 1.50464e-06
0.1940347E+01 2.56544e-06
0.1940447E+01 2.77527e-06
0.1940547E+01 2.80651e-06
0.1940647E+01 2.84223e-06
0.1940747E+01 2.88203e-06
0.1940847E+01 2.92664e-06
0.1940947E+01 2.97569e-06
0.1941047E+01 3.03025e-06
0.1941147E+01 3.08588e-06
0.1941247E+01 3.19922e-06
0.1941347E+01 3.32513e-06
0.1941447E+01 3.37215e-06
0.1941547E+01 2.63894e-06
0.1941647E+01 2.03824e-06
0.1941747E+01 4.0153e-06
0.1941847E+01 3.83298e-06
0.1941947E+01 3.75527e-06
0.1942047E+01 3.78956e-06
0.1942147E+01 3.87899e-06
0.1942247E+01 3.9686e-06
0.1942347E+01 4.0584e-06
0.1942447E+01 4.14877e-06
0.1942548E+01 4.23283e-06
0.1942648E+01 4.29424e-06
0.1942748E+01 4.35645e-06
0.1942848E+01 4.45257e-06
0.1942948E+01 4.04319e-06
0.1943048E+01 3.68049e-06
0.1943148E+01 3.39967e-06
0.1943248E+01 3.36889e-06
0.1943348E+01 3.44414e-06
0.1943448E+01 3.60415e-06
0.1943548E+01 3.75189e-06
0.1943648E+01 3.86049e-06
0.1943748E+01 3.9864e-06
0.1943848E+01 4.11247e-06
0.1943948E+01 4.23828e-06
0.1944048E+01 4.36317e-06
0.1944148E+01 4.48904e-06
0.1944248E+01 4.61479e-06
0.1944348E+01 4.73983e-06
0.1944448E+01 4.8925e-06
0.1944548E+01 5.17681e-06
0.1944648E+01 5.54194e-06
0.1944748E+01 5.69415e-06
0.1944848E+01 5.8547e-06
0.1944948E+01 6.00055e-06
0.1945048E+01 6.09899e-06
0.1945148E+01 6.10009e-06
0.1945248E+01 6.10794e-06
0.1945348E+01 6.1112e-06
0.1945448E+01 5.97282e-06
0.1945549E+01 6.0495e-06
0.1945649E+01 6.13938e-06
0.1945749E+01 6.24298e-06
0.1945849E+01 6.37275e-06
0.1945949E+01 6.68368e-06
0.1946049E+01 6.88301e-06
0.1946149E+01 6.98388e-06
0.1946249E+01 7.09231e-06
0.1946349E+01 6.82406e-06
0.1946449E+01 6.55676e-06
0.1946549E+01 6.21587e-06
0.1946649E+01 6.06438e-06
0.1946749E+01 5.9062e-06
0.1946849E+01 5.77285e-06
0.1946949E+01 5.69482e-06
0.1947049E+01 5.62085e-06
0.1947149E+01 5.53737e-06
0.1947249E+01 5.44436e-06
0.1947349E+01 5.34179e-06
0.1947449E+01 5.22983e-06
0.1947549E+01 5.13853e-06
0.1947649E+01 5.39932e-06
0.1947749E+01 5.36801e-06
0.1947849E+01 4.91283e-06
0.1947949E+01 4.76259e-06
0.1948049E+01 4.74624e-06
0.1948149E+01 4.72422e-06
0.1948249E+01 4.7628e-06
0.1948349E+01 4.79893e-06
0.1948449E+01 4.84547e-06
0.1948550E+01 5.02593e-06
0.1948650E+01 5.26117e-06
0.1948750E+01 5.36669e-06
0.1948850E+01 5.46903e-06
0.1948950E+01 5.56822e-06
0.1949050E+01 5.66471e-06
0.1949150E+01 5.75811e-06
0.1949250E+01 5.84781e-06
0.1949350E+01 5.93421e-06
0.1949450E+01 6.02007e-06
0.1949550E+01 6.13637e-06
0.1949650E+01 6.2782e-06
0.1949750E+01 6.4184e-06
0.1949850E+01 6.55675e-06
0.1949950E+01 6.69342e-06
0.1950050E+01 6.7968e-06
0.1950150E+01 6.82402e-06
0.1950250E+01 6.83673e-06
0.1950350E+01 6.81775e-06
0.1950450E+01 6.77886e-06
0.1950550E+01 6.73954e-06
0.1950650E+01 6.68747e-06
0.1950750E+01 6.62185e-06
0.1950850E+01 6.53859e-06
0.1950950E+01 6.46067e-06
0.1951050E+01 6.43164e-06
0.1951150E+01 6.40398e-06
0.1951250E+01 6.36723e-06
0.1951350E+01 6.33211e-06
0.1951450E+01 6.29861e-06
0.1951551E+01 6.26674e-06
0.1951651E+01 6.23653e-06
0.1951751E+01 6.20792e-06
0.1951851E+01 6.16793e-06
0.1951951E+01 6.08384e-06
0.1952051E+01 9.75176e-06
0.1952151E+01 1.25752e-05
0.1952251E+01 1.27061e-05
0.1952351E+01 1.28388e-05
0.1952451E+01 1.29732e-05
0.1952551E+01 1.31093e-05
0.1952651E+01 1.32438e-05
0.1952751E+01 1.33611e-05
0.1952851E+01 1.42003e-05
0.1952951E+01 1.57011e-05
0.1953051E+01 1.71695e-05
0.1953151E+01 1.86021e-05
0.1953251E+01 1.99995e-05
0.1953351E+01 2.13011e-05
0.1953451E+01 2.24027e-05
0.1953551E+01 2.60485e-05
0.1953651E+01 2.69922e-05
0.1953751E+01 2.79454e-05
0.1953851E+01 2.88892e-05
0.1953951E+01 2.59882e-05
0.1954051E+01 2.67849e-05
0.1954151E+01 2.75854e-05
0.1954251E+01 2.83757e-05
0.1954351E+01 2.94005e-05
0.1954451E+01 3.07889e-05
0.1954552E+01 3.20667e-05
0.1954652E+01 3.27016e-05
0.1954752E+01 2.83955e-05
0.1954852E+01 1.90303e-05
0.1954952E+01 9.59566e-06
0.1955052E+01 9.05419e-06
0.1955152E+01 8.65187e-06
0.1955252E+01 8.36862e-06
0.1955352E+01 5.22353e-06
0.1955452E+01 1.56945e-06
0.1955552E+01 1.09337e-06
0.1955652E+01 6.22862e-07
0.1955752E+01 1.54204e-07
0.1955852E+01 -3.14269e-07
0.1955952E+01 -7.81472e-07
0.1956052E+01 -1.24522e-06
0.1956152E+01 -2.87391e-06
0.1956252E+01 -7.89548e-06
0.1956352E+01 -1.61924e-05
0.1956452E+01 -2.29383e-05
0.1956552E+01 -2.26746e-05
0.1956652E+01 -1.97723e-05
0.1956752E+01 -1.6303e-05
0.1956852E+01 -1.68765e-05
0.1956952E+01 -1.81375e-05
0.1957052E+01 -1.93909e-05
0.1957152E+01 -2.06362e-05
0.1957252E+01 -2.18743e-05
0.1957352E+01 -2.31055e-05
0.1957452E+01 -2.42708e-05
0.1957553E+01 -2.54567e-05
0.1957653E+01 -2.66678e-05
0.1957753E+01 -2.78952e-05
0.1957853E+01 -2.91112e-05
0.1957953E+01 -3.03732e-05
0.1958053E+01 -2.65128e-05
0.1958153E+01 -1.73519e-05
0.1958253E+01 -7.93202e-06
0.1958353E+01 -8.08556e-06
0.1958453E+01 -8.24567e-06
0.1958553E+01 -8.40888e-06
0.1958653E+01 -8.57509e-06
0.1958753E+01 -8.73777e-06
0.1958853E+01 -8.85991e-06
0.1958953E+01 -9.00284e-06
0.1959053E+01 -9.16261e-06
0.1959153E+01 -9.33661e-06
0.1959253E+01 -9.52572e-06
0.1959353E+01 -9.72363e-06
0.1959453E+01 -9.94455e-06
0.1959553E+01 -1.01652e-05
0.1959653E+01 -1.03125e-05
0.1959753E+01 -1.03991e-05
0.1959853E+01 -1.05402e-05
0.1959953E+01 -1.10772e-05
0.1960053E+01 -1.16148e-05
0.1960153E+01 -1.21586e-05
0.1960253E+01 -1.27486e-05
0.1960353E+01 -1.33437e-05
0.1960453E+01 -1.3444e-05
0.1960554E+01 -1.33979e-05
0.1960654E+01 -1.33545e-05
0.1960754E+01 -1.32452e-05
0.1960854E+01 -1.31049e-05
0.1960954E+01 -1.29156e-05
0.1961054E+01 -1.2713e-05
0.1961154E+01 -1.25257e-05
0.1961254E+01 -1.23465e-05
0.1961354E+01 -1.21493e-05
0.1961454E+01 -1.21174e-05
0.1961554E+01 -1.21813e-05
0.1961654E+01 -1.21281e-05
0.1961754E+01 -1.19746e-05
0.1961854E+01 -1.18174e-05
0.1961954E+01 -1.14428e-05
0.1962054E+01 -1.09336e-05
0.1962154E+01 -1.0427e-05
0.1962254E+01 -1.01444e-05
0.1962354E+01 -9.85763e-06
0.1962454E+01 -9.56652e-06
0.1962554E+01 -9.29382e-06
0.1962654E+01 -9.0598e-06
0.1962754E+01 -8.84845e-06
0.1962854E+01 -8.63791e-06
0.1962954E+01 -8.42083e-06
0.1963054E+01 -8.20051e-06
0.1963154E+01 -7.9477e-06
0.1963254E+01 -7.20575e-06
0.1963354E+01 -6.45844e-06
0.1963454E+01 -5.68817e-06
0.1963555E+01 -4.90874e-06
0.1963655E+01 -4.12326e-06
0.1963755E+01 -3.961e-06
0.1963855E+01 -3.84757e-06
0.1963955E+01 -3.73141e-06
0.1964055E+01 -3.69955e-06
0.1964155E+01 -3.69089e-06
0.1964255E+01 -3.35798e-06
0.1964355E+01 -3.03502e-06
0.1964455E+01 -2.76548e-06
0.1964555E+01 -2.54713e-06
0.1964655E+01 -2.37919e-06
0.1964755E+01 -2.2618e-06
0.1964855E+01 -2.21358e-06
0.1964955E+01 -2.17177e-06
0.1965055E+01 -2.13072e-06
0.1965155E+01 -2.09247e-06
0.1965255E+01 -2.05763e-06
0.1965355E+01 -2.02952e-06
0.1965455E+01 -2.00585e-06
0.1965555E+01 -1.984e-06
0.1965655E+01 -1.73079e-06
0.1965755E+01 -1.5121e-06
0.1965855E+01 -1.33137e-06
0.1965955E+01 -1.1887e-06
0.1966055E+01 -1.08405e-06
0.1966155E+01 -1.02436e-06
0.1966255E+01 -1.14259e-06
0.1966355E+01 -1.43458e-06
0.1966455E+01 -1.63146e-06
0.1966556E+01 -1.73316e-06
0.1966656E+01 -1.74519e-06
0.1966756E+01 -1.74835e-06
0.1966856E+01 -1.75431e-06
0.1966956E+01 -1.76375e-06
0.1967056E+01 -1.77592e-06
0.1967156E+01 -1.78741e-06
0.1967256E+01 -1.80058e-06
0.1967356E+01 -1.81544e-06
0.1967456E+01 -1.83204e-06
0.1967556E+01 -1.85038e-06
0.1967656E+01 -2.19881e-06
0.1967756E+01 -2.7549e-06
0.1967856E+01 -3.12378e-06
0.1967956E+01 -3.2982e-06
0.1968056E+01 -3.35412e-06
0.1968156E+01 -3.4101e-06
0.1968256E+01 -3.46618e-06
0.1968356E+01 -3.52237e-06
0.1968456E+01 -3.57834e-06
0.1968556E+01 -3.63355e-06
0.1968656E+01 -3.69287e-06
0.1968756E+01 -3.72487e-06
0.1968856E+01 -3.74484e-06
0.1968956E+01 -3.7671e-06
0.1969056E+01 -3.79175e-06
0.1969156E+01 -3.81846e-06
0.1969256E+01 -3.84735e-06
0.1969356E+01 -3.87843e-06
0.1969456E+01 -3.92347e-06
0.1969557E+01 -3.971e-06
0.1969657E+01 -4.04576e-06
0.1969757E+01 -4.12298e-06
0.1969857E+01 -4.20143e-06
0.1969957E+01 -4.28112e-06
0.1970057E+01 -4.36211e-06
0.1970157E+01 -4.44508e-06
0.1970257E+01 -4.53287e-06
0.1970357E+01 -4.6293e-06
0.1970457E+01 -4.7285e-06
0.1970557E+01 -4.8243e-06
0.1970657E+01 -4.92127e-06
0.1970757E+01 -5.02101e-06
0.1970857E+01 -5.12357e-06
0.1970957E+01 -5.22433e-06
0.1971057E+01 -5.34229e-06
0.1971157E+01 -5.46618e-06
0.1971257E+01 -5.53087e-06
0.1971357E+01 -5.5936e-06
0.1971457E+01 -5.65445e-06
0.1971557E+01 -5.71366e-06
0.1971657E+01 -5.77099e-06
0.1971757E+01 -5.82072e-06
0.1971857E+01 -5.88316e-06
0.1971957E+01 -5.95059e-06
0.1972057E+01 -6.20183e-06
0.1972157E+01 -6.42609e-06
0.1972257E+01 -6.60647e-06
0.1972357E+01 -6.76629e-06
0.1972457E+01 -6.75759e-06
0.1972558E+01 -6.69005e-06
0.1972658E+01 -6.56803e-06
0.1972758E+01 -6.44007e-06
0.1972858E+01 -6.27829e-06
0.1972958E+01 -6.07532e-06
0.1973058E+01 -5.86817e-06
0.1973158E+01 -5.7862e-06
0.1973258E+01 -5.71163e-06
0.1973358E+01 -5.63448e-06
0.1973458E+01 -5.55495e-06
0.1973558E+01 -5.52809e-06
0.1973658E+01 -5.50976e-06
0.1973758E+01 -5.39747e-06
0.1973858E+01 -5.19905e-06
0.1973958E+01 -4.94466e-06
0.1974058E+01 -4.57643e-06
0.1974158E+01 -4.25904e-06
0.1974258E+01 -4.02607e-06
0.1974358E+01 -3.82744e-06
0.1974458E+01 -3.72442e-06
0.1974558E+01 -3.6752e-06
0.1974658E+01 -3.65243e-06
0.1974758E+01 -3.56654e-06
0.1974858E+01 -3.40593e-06
0.1974958E+01 -3.24478e-06
0.1975058E+01 -3.09956e-06
0.1975158E+01 -2.97179e-06
0.1975258E+01 -2.77602e-06
0.1975358E+01 -2.46425e-06
0.1975458E+01 -2.14024e-06
0.1975559E+01 -1.78461e-06
0.1975659E+01 -1.43672e-06
0.1975759E+01 -1.32859e-06
0.1975859E+01 -1.27993e-06
0.1975959E+01 -1.23083e-06
0.1976059E+01 -1.18146e-06
0.1976159E+01 -1.13158e-06
0.1976259E+01 -1.11102e-06
0.1976359E+01 -1.09739e-06
0.1976459E+01 -1.0837e-06
0.1976559E+01 -1.06997e-06
0.1976659E+01 -1.05619e-06
0.1976759E+01 -1.04237e-06
0.1976859E+01 -1.0285e-06
0.1976959E+01 -1.01458e-06
0.1977059E+01 -1.00001e-06
0.1977159E+01 -9.8483e-07
0.1977259E+01 -9.69963e-07
0.1977359E+01 -9.55051e-07
0.1977459E+01 -9.41155e-07
0.1977559E+01 -9.41901e-07
0.1977659E+01 -9.60854e-07
0.1977759E+01 -9.98121e-07
0.1977859E+01 -1.0538e-06
0.1977959E+01 -1.12803e-06
0.1978059E+01 -1.22091e-06
0.1978159E+01 -1.33255e-06
0.1978259E+01 -1.46304e-06
0.1978359E+01 -1.61254e-06
0.1978459E+01 -1.78377e-06
0.1978560E+01 -1.96357e-06
0.1978660E+01 -2.15197e-06
0.1978760E+01 -2.34905e-06
0.1978860E+01 -2.55613e-06
0.1978960E+01 -2.7818e-06
0.1979060E+01 -3.02965e-06
0.1979160E+01 -3.29808e-06
0.1979260E+01 -3.58182e-06
0.1979360E+01 -3.75547e-06
0.1979460E+01 -3.92624e-06
0.1979560E+01 -4.09416e-06
0.1979660E+01 -4.2592e-06
0.1979760E+01 -4.42296e-06
0.1979860E+01 -4.58078e-06
0.1979960E+01 -4.71896e-06
0.1980060E+01 -4.83731e-06
0.1980160E+01 -4.93611e-06
0.1980260E+01 -5.04061e-06
0.1980360E+01 -5.21371e-06
0.1980460E+01 -5.38296e-06
0.1980560E+01 -5.53915e-06
0.1980660E+01 -5.68632e-06
0.1980760E+01 -5.75968e-06
0.1980860E+01 -5.81818e-06
0.1980960E+01 -5.87019e-06
0.1981060E+01 -5.88566e-06
0.1981160E+01 -5.86718e-06
0.1981260E+01 -5.82333e-06
0.1981360E+01 -5.75609e-06
0.1981460E+01 -5.66527e-06
0.1981561E+01 -5.55061e-06
0.1981661E+01 -5.41187e-06
0.1981761E+01 -5.34315e-06
0.1981861E+01 -5.20674e-06
0.1981961E+01 -5.07056e-06
0.1982061E+01 -4.93515e-06
0.1982161E+01 -4.79841e-06
0.1982261E+01 -4.66197e-06
0.1982361E+01 -4.52591e-06
0.1982461E+01 -4.33268e-06
0.1982561E+01 -4.15856e-06
0.1982661E+01 -4.0206e-06
0.1982761E+01 -3.88477e-06
0.1982861E+01 -3.74905e-06
0.1982961E+01 -3.61432e-06
0.1983061E+01 -3.48068e-06
0.1983161E+01 -3.26215e-06
0.1983261E+01 -3.04902e-06
0.1983361E+01 -2.84011e-06
0.1983461E+01 -2.63568e-06
0.1983561E+01 -2.4562e-06
0.1983661E+01 -2.31918e-06
0.1983761E+01 -2.18486e-06
0.1983861E+01 -2.05328e-06
0.1983961E+01 -1.92427e-06
0.1984061E+01 -1.79784e-06
0.1984161E+01 -1.67428e-06
0.1984261E+01 -1.55353e-06
0.1984361E+01 -1.43557e-06
0.1984461E+01 -1.31912e-06
0.1984562E+01 -1.20363e-06
0.1984662E+01 -1.09096e-06
0.1984762E+01 -9.81264e-07
0.1984862E+01 -8.74379e-07
0.1984962E+01 -8.13559e-07
0.1985062E+01 -8.10029e-07
0.1985162E+01 -8.06549e-07
0.1985262E+01 -8.073e-07
0.1985362E+01 -8.17399e-07
0.1985462E+01 -8.37963e-07
0.1985562E+01 -8.63636e-07
0.1985662E+01 -8.91073e-07
0.1985762E+01 -9.20557e-07
0.1985862E+01 -9.59201e-07
0.1985962E+01 -1.00221e-06
0.1986062E+01 -1.06793e-06
0.1986162E+01 -1.1337e-06
0.1986262E+01 -1.19951e-06
0.1986362E+01 -1.2653e-06
0.1986462E+01 -1.33106e-06
0.1986562E+01 -1.39866e-06
0.1986662E+01 -1.47227e-06
0.1986762E+01 -1.54633e-06
0.1986862E+01 -1.62039e-06
0.1986962E+01 -1.69444e-06
0.1987062E+01 -1.75744e-06
0.1987162E+01 -1.79756e-06
0.1987262E+01 -1.83539e-06
0.1987362E+01 -1.87356e-06
0.1987462E+01 -1.91079e-06
0.1987563E+01 -1.93833e-06
0.1987663E+01 -1.9317e-06
0.1987763E+01 -1.87093e-06
0.1987863E+01 -1.81174e-06
0.1987963E+01 -1.75414e-06
0.1988063E+01 -1.69381e-06
0.1988163E+01 -1.63273e-06
0.1988263E+01 -1.57673e-06
0.1988363E+01 -1.50052e-06
0.1988463E+01 -1.42453e-06
0.1988563E+01 -1.35014e-06
0.1988663E+01 -1.27748e-06
0.1988763E+01 -1.2002e-06
0.1988863E+01 -1.12421e-06
0.1988963E+01 -1.04993e-06
0.1989063E+01 -9.77372e-07
0.1989163E+01 -9.06532e-07
0.1989263E+01 -8.37417e-07
0.1989363E+01 -7.82279e-07
0.1989463E+01 -8.15141e-07
0.1989563E+01 -8.48569e-07
0.1989663E+01 -8.82561e-07
0.1989763E+01 -9.17308e-07
0.1989863E+01 -9.53063e-07
0.1989963E+01 -1.01968e-06
0.1990063E+01 -1.15363e-06
0.1990163E+01 -1.28691e-06
0.1990263E+01 -1.41909e-06
0.1990363E+01 -1.55121e-06
0.1990463E+01 -1.68246e-06
0.1990564E+01 -1.81214e-06
0.1990664E+01 -1.94026e-06
0.1990764E+01 -2.03646e-06
0.1990864E+01 -2.03426e-06
0.1990964E+01 -2.04275e-06
0.1991064E+01 -2.0481e-06
0.1991164E+01 -2.03983e-06
0.1991264E+01 -2.02954e-06
0.1991364E+01 -2.01724e-06
0.1991464E+01 -2.00293e-06
0.1991564E+01 -2.00083e-06
0.1991664E+01 -2.00953e-06
0.1991764E+01 -1.9926e-06
0.1991864E+01 -1.97277e-06
0.1991964E+01 -1.95251e-06
0.1992064E+01 -1.93286e-06
0.1992164E+01 -1.91249e-06
0.1992264E+01 -1.89145e-06
0.1992364E+01 -1.83485e-06
0.1992464E+01 -1.75331e-06
0.1992564E+01 -1.72965e-06
0.1992664E+01 -1.68251e-06
0.1992764E+01 -1.63142e-06
0.1992864E+01 -1.58067e-06
0.1992964E+01 -1.53071e-06
0.1993064E+01 -1.482e-06
0.1993164E+01 -1.43462e-06
0.1993264E+01 -1.37629e-06
0.1993364E+01 -1.25706e-06
0.1993464E+01 -1.13778e-06
0.1993565E+01 -1.0201e-06
0.1993665E+01 -9.03347e-07
0.1993765E+01 -7.81184e-07
0.1993865E+01 -6.51016e-07
0.1993965E+01 -5.21105e-07
0.1994065E+01 -4.39776e-07
0.1994165E+01 -4.42949e-07
0.1994265E+01 -4.46254e-07
0.1994365E+01 -4.49682e-07
0.1994465E+01 -4.53129e-07
0.1994565E+01 -4.56708e-07
0.1994665E+01 -4.60419e-07
0.1994765E+01 -4.6426e-07
0.1994865E+01 -4.72819e-07
0.1994965E+01 -4.82401e-07
0.1995065E+01 -4.92427e-07
0.1995165E+01 -5.02903e-07
0.1995265E+01 -5.15238e-07
0.1995365E+01 -5.29933e-07
0.1995465E+01 -5.45059e-07
0.1995565E+01 -5.5609e-07
0.1995665E+01 -5.59914e-07
0.1995765E+01 -5.64881e-07
0.1995865E+01 -5.66904e-07
0.1995965E+01 -5.65891e-07
0.1996065E+01 -5.59719e-07
0.1996165E+01 -5.3669e-07
0.1996265E+01 -5.08632e-07
0.1996365E+01 -4.71991e-07
0.1996465E+01 -4.26451e-07
0.1996566E+01 -3.73601e-07
0.1996666E+01 -3.13381e-07
0.1996766E+01 -2.45728e-07
0.1996866E+01 -1.69377e-07
0.1996966E+01 -8.59066e-08
0.1997066E+01 4.50348e-09
0.1997166E+01 7.09121e-08
0.1997266E+01 1.19881e-07
0.1997366E+01 1.72383e-07
0.1997466E+01 2.2846e-07
0.1997566E+01 2.82143e-07
0.1997666E+01 2.73513e-07
0.1997766E+01 2.40175e-07
0.1997866E+01 2.04517e-07
0.1997966E+01 1.66353e-07
0.1998066E+01 1.24434e-07
0.1998166E+01 7.02112e-08
0.1998266E+01 1.29486e-08
0.1998366E+01 -4.73872e-08
0.1998466E+01 -1.1051e-07
0.1998566E+01 -1.76817e-07
0.1998666E+01 -2.46595e-07
0.1998766E+01 -3.19878e-07
0.1998866E+01 -3.96414e-07
0.1998966E+01 -4.73589e-07
0.1999066E+01 -5.04275e-07
0.1999166E+01 -5.36237e-07
0.1999266E+01 -5.69482e-07
0.1999366E+01 -6.04001e-07
0.1999466E+01 -6.33707e-07
0.1999567E+01 -6.34916e-07
0.1999667E+01 -6.3602e-07
0.1999767E+01 -6.36398e-07
0.1999867E+01 -6.36623e-07
0.1999967E+01 -6.3685e-07
0.2000067E+01 -6.37081e-07
0.2000167E+01 -6.37321e-07
0.2000267E+01 -6.37562e-07
0.2000367E+01 -6.3782e-07
0.2000467E+01 -6.38189e-07
0.2000567E+01 -6.38563e-07
0.2000667E+01 -6.39102e-07
0.2000767E+01 -6.4082e-07
0.2000867E+01 -6.42552e-07
0.2000967E+01 -6.44296e-07
0.2001067E+01 -6.46051e-07
0.2001167E+01 -6.47806e-07
0.2001267E+01 -6.49779e-07
0.2001367E+01 -6.51934e-07
0.2001467E+01 -6.53866e-07
0.2001567E+01 -6.55435e-07
0.2001667E+01 -6.57011e-07
0.2001767E+01 -6.58592e-07
0.2001867E+01 -6.60167e-07
0.2001967E+01 -6.61733e-07
0.2002067E+01 -6.6331e-07
0.2002167E+01 -6.6522e-07
0.2002267E+01 -6.67371e-07
0.2002367E+01 -6.68955e-07
0.2002467E+01 -6.70616e-07
0.2002568E+01 -6.72232e-07
0.2002668E+01 -6.73815e-07
0.2002768E+01 -6.75561e-07
0.2002868E+01 -6.77266e-07
0.2002968E+01 -6.78969e-07
0.2003068E+01 -6.80621e-07
0.2003168E+01 -6.82241e-07
0.2003268E+01 -6.83856e-07
0.2003368E+01 -6.85397e-07
0.2003468E+01 -6.86939e-07
0.2003568E+01 -6.88481e-07
0.2003668E+01 -6.90025e-07
0.2003768E+01 -6.90935e-07
0.2003868E+01 -6.91193e-07
0.2003968E+01 -6.92264e-07
0.2004068E+01 -6.94195e-07
0.2004168E+01 -6.96127e-07
0.2004268E+01 -6.98164e-07
0.2004368E+01 -7.00291e-07
0.2004468E+01 -7.02419e-07
0.2004568E+01 -7.04546e-07
0.2004668E+01 -7.06674e-07
0.2004768E+01 -7.08801e-07
0.2004868E+01 -7.10926e-07
0.2004968E+01 -7.1305e-07
0.2005068E+01 -7.15175e-07
0.2005168E+01 -7.17298e-07
0.2005268E+01 -7.19419e-07
0.2005368E+01 -7.2154e-07
0.2005468E+01 -7.23661e-07
0.2005569E+01 -7.25785e-07
0.2005669E+01 -7.28347e-07
0.2005769E+01 -7.30499e-07
0.2005869E+01 -7.32655e-07
0.2005969E+01 -7.34825e-07
0.2006069E+01 -7.37055e-07
0.2006169E+01 -7.39279e-07
0.2006269E+01 -7.41503e-07
0.2006369E+01 -7.43727e-07
0.2006469E+01 -7.45951e-07
0.2006569E+01 -7.48176e-07
0.2006669E+01 -7.50384e-07
0.2006769E+01 -7.52577e-07
0.2006869E+01 -7.54771e-07
0.2006969E+01 -7.56964e-07
0.2007069E+01 -7.59157e-07
0.2007169E+01 -7.61351e-07
0.2007269E+01 -7.63543e-07
0.2007369E+01 -7.65267e-07
0.2007469E+01 -7.65956e-07
0.2007569E+01 -7.66749e-07
0.2007669E+01 -7.68844e-07
0.2007769E+01 -7.72284e-07
0.2007869E+01 -7.75589e-07
0.2007969E+01 -7.78962e-07
0.2008069E+01 -7.82336e-07
0.2008169E+01 -7.85712e-07
0.2008269E+01 -7.89088e-07
0.2008369E+01 -7.92467e-07
0.2008469E+01 -7.95835e-07
0.2008570E+01 -7.99188e-07
0.2008670E+01 -8.02544e-07
0.2008770E+01 -8.05899e-07
0.2008870E+01 -8.09333e-07
0.2008970E+01 -8.12681e-07
0.2009070E+01 -8.16041e-07
0.2009170E+01 -8.20007e-07
0.2009270E+01 -8.24542e-07
0.2009370E+01 -8.27899e-07
0.2009470E+01 -8.31258e-07
0.2009570E+01 -8.34637e-07
0.2009670E+01 -8.38058e-07
0.2009770E+01 -8.41484e-07
0.2009870E+01 -8.47931e-07
0.2009970E+01 -8.54911e-07
0.2010070E+01 -8.61893e-07
0.2010170E+01 -8.68878e-07
0.2010270E+01 -8.75762e-07
0.2010370E+01 -8.82493e-07
0.2010470E+01 -8.89228e-07
0.2010570E+01 -8.95963e-07
0.2010670E+01 -9.02707e-07
0.2010770E+01 -9.0929e-07
0.2010870E+01 -9.13399e-07
0.2010970E+01 -9.1751e-07
0.2011070E+01 -9.21588e-07
0.2011170E+01 -9.25627e-07
0.2011270E+01 -9.29669e-07
0.2011370E+01 -9.33719e-07
0.2011470E+01 -9.38232e-07
0.2011571E+01 -9.42973e-07
0.2011671E+01 -9.47055e-07
0.2011771E+01 -9.51133e-07
0.2011871E+01 -9.55215e-07
0.2011971E+01 -9.59303e-07
0.2012071E+01 -9.63392e-07
0.2012171E+01 -9.67483e-07
0.2012271E+01 -9.7157e-07
0.2012371E+01 -9.75657e-07
0.2012471E+01 -9.83604e-07
0.2012571E+01 -9.94643e-07
0.2012671E+01 -1.00568e-06
0.2012771E+01 -1.01673e-06
0.2012871E+01 -1.02778e-06
0.2012971E+01 -1.03884e-06
0.2013071E+01 -1.0499e-06
0.2013171E+01 -1.06096e-06
0.2013271E+01 -1.06842e-06
0.2013371E+01 -1.07597e-06
0.2013471E+01 -1.08357e-06
0.2013571E+01 -1.09121e-06
0.2013671E+01 -1.10226e-06
0.2013771E+01 -1.12168e-06
0.2013871E+01 -1.14111e-06
0.2013971E+01 -1.16112e-06
0.2014071E+01 -1.18378e-06
0.2014171E+01 -1.2037e-06
0.2014271E+01 -1.22318e-06
0.2014371E+01 -1.24268e-06
0.2014471E+01 -1.26219e-06
0.2014572E+01 -1.28172e-06
0.2014672E+01 -1.30126e-06
0.2014772E+01 -1.32082e-06
0.2014872E+01 -1.3404e-06
0.2014972E+01 -1.36e-06
0.2015072E+01 -1.44117e-06
0.2015172E+01 -1.52728e-06
0.2015272E+01 -1.61364e-06
0.2015372E+01 -1.70474e-06
0.2015472E+01 -1.77129e-06
0.2015572E+01 -1.7543e-06
0.2015672E+01 -1.73403e-06
0.2015772E+01 -1.71022e-06
0.2015872E+01 -1.68642e-06
0.2015972E+01 -1.66281e-06
0.2016072E+01 -1.6391e-06
0.2016172E+01 -1.61537e-06
0.2016272E+01 -1.59162e-06
0.2016372E+01 -1.56785e-06
0.2016472E+01 -1.54406e-06
0.2016572E+01 -1.52622e-06
0.2016672E+01 -1.52964e-06
0.2016772E+01 -1.50477e-06
0.2016872E+01 -1.47988e-06
0.2016972E+01 -1.45497e-06
0.2017072E+01 -1.41206e-06
0.2017172E+01 -1.33719e-06
0.2017272E+01 -1.30059e-06
0.2017372E+01 -1.26397e-06
0.2017472E+01 -1.22733e-06
0.2017573E+01 -1.19067e-06
0.2017673E+01 -1.15404e-06
0.2017773E+01 -1.11735e-06
0.2017873E+01 -1.08064e-06
0.2017973E+01 -1.04391e-06
0.2018073E+01 -1.00716e-06
0.2018173E+01 -9.70497e-07
0.2018273E+01 -9.15952e-07
0.2018373E+01 -8.19591e-07
0.2018473E+01 -7.23105e-07
0.2018573E+01 -6.26488e-07
0.2018673E+01 -5.29741e-07
0.2018773E+01 -4.44067e-07
0.2018873E+01 -4.44915e-07
0.2018973E+01 -4.45769e-07
0.2019073E+01 -4.46637e-07
0.2019173E+01 -4.47502e-07
0.2019273E+01 -4.48367e-07
0.2019373E+01 -4.49189e-07
0.2019473E+01 -4.49794e-07
0.2019573E+01 -4.50355e-07
0.2019673E+01 -4.50955e-07
0.2019773E+01 -4.51408e-07
0.2019873E+01 -4.51932e-07
0.2019973E+01 -4.52484e-07
0.2020073E+01 -4.5304e-07
0.2020173E+01 -4.53643e-07
0.2020273E+01 -4.54241e-07
0.2020373E+01 -4.54822e-07
0.2020473E+01 -4.5539e-07
0.2020574E+01 -4.5597e-07
0.2020674E+01 -4.5657e-07
0.2020774E+01 -4.57171e-07
0.2020874E+01 -4.57704e-07
0.2020974E+01 -4.58237e-07
0.2021074E+01 -4.58819e-07
0.2021174E+01 -4.58966e-07
0.2021274E+01 -4.59391e-07
0.2021374E+01 -4.60769e-07
0.2021474E+01 -4.62188e-07
0.2021574E+01 -4.63491e-07
0.2021674E+01 -4.64772e-07
0.2021774E+01 -4.66054e-07
0.2021874E+01 -4.67337e-07
0.2021974E+01 -4.68625e-07
0.2022074E+01 -4.6992e-07
0.2022174E+01 -4.71234e-07
0.2022274E+01 -4.72537e-07
0.2022374E+01 -4.73837e-07
0.2022474E+01 -4.75112e-07
0.2022574E+01 -4.76383e-07
0.2022674E+01 -4.77608e-07
0.2022774E+01 -4.78799e-07
0.2022874E+01 -4.7999e-07
0.2022974E+01 -4.81182e-07
0.2023074E+01 -4.82415e-07
0.2023174E+01 -4.83692e-07
0.2023274E+01 -4.84797e-07
0.2023374E+01 -4.8459e-07
0.2023474E+01 -4.84379e-07
0.2023575E+01 -4.84168e-07
0.2023675E+01 -4.83956e-07
0.2023775E+01 -4.83743e-07
0.2023875E+01 -4.83531e-07
0.2023975E+01 -4.83317e-07
0.2024075E+01 -4.83104e-07
0.2024175E+01 -4.82891e-07
0.2024275E+01 -4.82678e-07
0.2024375E+01 -4.8245e-07
0.2024475E+01 -4.81382e-07
0.2024575E+01 -4.80097e-07
0.2024675E+01 -4.78829e-07
0.2024775E+01 -4.77632e-07
0.2024875E+01 -4.76436e-07
0.2024975E+01 -4.7524e-07
0.2025075E+01 -4.74007e-07
0.2025175E+01 -4.72711e-07
0.2025275E+01 -4.71408e-07
0.2025375E+01 -4.70104e-07
0.2025475E+01 -4.68802e-07
0.2025575E+01 -4.67501e-07
0.2025675E+01 -4.66235e-07
0.2025775E+01 -4.65001e-07
0.2025875E+01 -4.6386e-07
0.2025975E+01 -4.63178e-07
0.2026075E+01 -4.62519e-07
0.2026175E+01 -4.61948e-07
0.2026275E+01 -4.61381e-07
0.2026375E+01 -4.60814e-07
0.2026475E+01 -4.60907e-07
0.2026576E+01 -4.61791e-07
0.2026676E+01 -4.62672e-07
0.2026776E+01 -4.63553e-07
0.2026876E+01 -4.64435e-07
0.2026976E+01 -4.6532e-07
0.2027076E+01 -4.66204e-07
0.2027176E+01 -4.67345e-07
0.2027276E+01 -4.69066e-07
0.2027376E+01 -4.71087e-07
0.2027476E+01 -4.73454e-07
0.2027576E+01 -4.75847e-07
0.2027676E+01 -4.78332e-07
0.2027776E+01 -4.80691e-07
0.2027876E+01 -4.82484e-07
0.2027976E+01 -4.84245e-07
0.2028076E+01 -4.85988e-07
0.2028176E+01 -4.87726e-07
0.2028276E+01 -4.8946e-07
0.2028376E+01 -4.9119e-07
0.2028476E+01 -4.92927e-07
0.2028576E+01 -4.9469e-07
0.2028676E+01 -4.9646e-07
0.2028776E+01 -4.98164e-07
0.2028876E+01 -4.99963e-07
0.2028976E+01 -5.01555e-07
0.2029076E+01 -5.03127e-07
0.2029176E+01 -5.04775e-07
0.2029276E+01 -5.06366e-07
0.2029376E+01 -4.25977e-07
0.2029476E+01 -3.413e-07
0.2029577E+01 -2.57436e-07
0.2029677E+01 -1.7438e-07
0.2029777E+01 -9.19234e-08
0.2029877E+01 -9.6517e-09
0.2029977E+01 7.18379e-08
0.2030077E+01 1.52534e-07
0.2030177E+01 2.3243e-07
0.2030277E+01 3.11552e-07
0.2030377E+01 3.90062e-07
0.2030477E+01 4.68251e-07
0.2030577E+01 5.45227e-07
0.2030677E+01 6.20197e-07
0.2030777E+01 6.92526e-07
0.2030877E+01 7.63931e-07
0.2030977E+01 8.34419e-07
0.2031077E+01 9.03994e-07
0.2031177E+01 9.7266e-07
0.2031277E+01 1.04042e-06
0.2031377E+01 1.10718e-06
0.2031477E+01 1.17305e-06
0.2031577E+01 1.23803e-06
0.2031677E+01 1.30161e-06
0.2031777E+01 1.35957e-06
0.2031877E+01 1.41682e-06
0.2031977E+01 1.47339e-06
0.2032077E+01 1.52927e-06
0.2032177E+01 1.58447e-06
0.2032277E+01 1.63899e-06
0.2032377E+01 1.69284e-06
0.2032477E+01 1.74603e-06
0.2032578E+01 1.79858e-06
0.2032678E+01 1.85049e-06
0.2032778E+01 1.90174e-06
0.2032878E+01 1.95236e-06
0.2032978E+01 2.00234e-06
0.2033078E+01 1.99118e-06
0.2033178E+01 1.9333e-06
0.2033278E+01 1.87622e-06
0.2033378E+01 1.81989e-06
0.2033478E+01 1.8642e-06
0.2033578E+01 2.01441e-06
0.2033678E+01 2.13218e-06
0.2033778E+01 2.21799e-06
0.2033878E+01 2.27244e-06
0.2033978E+01 2.29652e-06
0.2034078E+01 2.29083e-06
0.2034178E+01 2.25593e-06
0.2034278E+01 2.19228e-06
0.2034378E+01 2.1005e-06
0.2034478E+01 1.98103e-06
0.2034578E+01 1.86524e-06
0.2034678E+01 1.75988e-06
0.2034778E+01 1.6292e-06
0.2034878E+01 1.41273e-06
0.2034978E+01 1.2082e-06
0.2035078E+01 1.01476e-06
0.2035178E+01 8.33174e-07
0.2035278E+01 6.63321e-07
0.2035378E+01 5.17598e-07
0.2035478E+01 4.26802e-07
0.2035579E+01 3.41905e-07
0.2035679E+01 2.62755e-07
0.2035779E+01 1.89277e-07
0.2035879E+01 1.31155e-07
0.2035979E+01 1.37788e-07
0.2036079E+01 1.38861e-07
0.2036179E+01 1.34382e-07
0.2036279E+01 1.244e-07
0.2036379E+01 1.08945e-07
0.2036479E+01 8.80369e-08
0.2036579E+01 6.13596e-08
0.2036679E+01 2.96438e-08
0.2036779E+01 -1.42529e-07
0.2036879E+01 -3.06992e-07
0.2036979E+01 -4.84114e-07
0.2037079E+01 -6.574e-07
0.2037179E+01 -8.16972e-07
0.2037279E+01 -9.62421e-07
0.2037379E+01 -1.09434e-06
0.2037479E+01 -1.21284e-06
0.2037579E+01 -1.31801e-06
0.2037679E+01 -1.40993e-06
0.2037779E+01 -1.48869e-06
0.2037879E+01 -1.55439e-06
0.2037979E+01 -1.60714e-06
0.2038079E+01 -1.64689e-06
0.2038179E+01 -1.67302e-06
0.2038279E+01 -1.68507e-06
0.2038379E+01 -1.68235e-06
0.2038479E+01 -1.6797e-06
0.2038580E+01 -1.67719e-06
0.2038680E+01 -1.67486e-06
0.2038780E+01 -1.67265e-06
0.2038880E+01 -1.67058e-06
0.2038980E+01 -1.66863e-06
0.2039080E+01 -1.66681e-06
0.2039180E+01 -1.66512e-06
0.2039280E+01 -1.66356e-06
0.2039380E+01 -1.66208e-06
0.2039480E+01 -1.66074e-06
0.2039580E+01 -1.65953e-06
0.2039680E+01 -1.65841e-06
0.2039780E+01 -1.65739e-06
0.2039880E+01 -1.65657e-06
0.2039980E+01 -1.65588e-06
0.2040080E+01 -1.65627e-06
0.2040180E+01 -1.6572e-06
0.2040280E+01 -1.65825e-06
0.2040380E+01 -1.65944e-06
0.2040480E+01 -1.66077e-06
0.2040580E+01 -1.66225e-06
0.2040680E+01 -1.65536e-06
0.2040780E+01 -1.64068e-06
0.2040880E+01 -1.62749e-06
0.2040980E+01 -1.61536e-06
0.2041080E+01 -1.60359e-06
0.2041180E+01 -1.59232e-06
0.2041280E+01 -1.58126e-06
0.2041380E+01 -1.57055e-06
0.2041480E+01 -1.56022e-06
0.2041581E+01 -1.55033e-06
0.2041681E+01 -1.54079e-06
0.2041781E+01 -1.53196e-06
0.2041881E+01 -1.52321e-06
0.2041981E+01 -1.51483e-06
0.2042081E+01 -1.48593e-06
0.2042181E+01 -1.44231e-06
0.2042281E+01 -1.39771e-06
0.2042381E+01 -1.35216e-06
0.2042481E+01 -1.30586e-06
0.2042581E+01 -1.25794e-06
0.2042681E+01 -1.20892e-06
0.2042781E+01 -1.15879e-06
0.2042881E+01 -1.10738e-06
0.2042981E+01 -1.06941e-06
0.2043081E+01 -1.05041e-06
0.2043181E+01 -1.03163e-06
0.2043281E+01 -1.01202e-06
0.2043381E+01 -9.91059e-07
0.2043481E+01 -9.68841e-07
0.2043581E+01 -9.36395e-07
0.2043681E+01 -8.98107e-07
0.2043781E+01 -8.63459e-07
0.2043881E+01 -8.32451e-07
0.2043981E+01 -8.05079e-07
0.2044081E+01 -7.79905e-07
0.2044181E+01 -7.58379e-07
0.2044281E+01 -7.43585e-07
0.2044381E+01 -7.4204e-07
0.2044481E+01 -7.51967e-07
0.2044582E+01 -7.48721e-07
0.2044682E+01 -7.40701e-07
0.2044782E+01 -7.34348e-07
0.2044882E+01 -7.11795e-07
0.2044982E+01 -6.57498e-07
0.2045082E+01 -6.01985e-07
0.2045182E+01 -5.45438e-07
0.2045282E+01 -4.87862e-07
0.2045382E+01 -4.3011e-07
0.2045482E+01 -4.18895e-07
0.2045582E+01 -4.31197e-07
0.2045682E+01 -4.42514e-07
0.2045782E+01 -4.52842e-07
0.2045882E+01 -4.92837e-07
0.2045982E+01 -5.3636e-07
0.2046082E+01 -5.62898e-07
0.2046182E+01 -5.47788e-07
0.2046282E+01 -5.33556e-07
0.2046382E+01 -5.17376e-07
0.2046482E+01 -6.12696e-07
0.2046582E+01 -6.47234e-07
0.2046682E+01 -6.10923e-07
0.2046782E+01 -5.86328e-07
0.2046882E+01 -5.64693e-07
0.2046982E+01 -5.30774e-07
0.2047082E+01 -4.84532e-07
0.2047182E+01 -4.2593e-07
0.2047282E+01 -3.54922e-07
0.2047382E+01 -2.93578e-07
0.2047482E+01 -2.58655e-07
0.2047583E+01 -2.23077e-07
0.2047683E+01 -1.83926e-07
0.2047783E+01 -1.44673e-07
0.2047883E+01 -1.04612e-07
0.2047983E+01 -6.02902e-08
0.2048083E+01 -5.60494e-08
0.2048183E+01 1.47625e-08
0.2048283E+01 7.93345e-08
0.2048383E+01 1.24076e-07
0.2048483E+01 1.68918e-07
0.2048583E+01 2.1386e-07
0.2048683E+01 2.58904e-07
0.2048783E+01 3.04047e-07
0.2048883E+01 3.4927e-07
0.2048983E+01 3.94481e-07
0.2049083E+01 4.39777e-07
0.2049183E+01 4.85171e-07
0.2049283E+01 5.30665e-07
0.2049383E+01 5.76257e-07
0.2049483E+01 6.21948e-07
0.2049583E+01 6.67737e-07
0.2049683E+01 7.13622e-07
0.2049783E+01 8.80885e-07
0.2049883E+01 9.70085e-07
0.2049983E+01 9.98306e-07
0.2050083E+01 1.02665e-06
0.2050183E+01 1.05512e-06
0.2050283E+01 1.08373e-06
0.2050383E+01 1.11244e-06
0.2050483E+01 1.14129e-06
0.2050584E+01 1.17027e-06
0.2050684E+01 1.19936e-06
0.2050784E+01 1.21259e-06
0.2050884E+01 1.15393e-06
0.2050984E+01 1.09443e-06
0.2051084E+01 1.03408e-06
0.2051184E+01 9.72887e-07
0.2051284E+01 9.10848e-07
0.2051384E+01 8.47964e-07
0.2051484E+01 7.84236e-07
0.2051584E+01 7.19664e-07
0.2051684E+01 6.5425e-07
0.2051784E+01 5.88048e-07
0.2051884E+01 5.2111e-07
0.2051984E+01 4.53283e-07
0.2052084E+01 3.81758e-07
0.2052184E+01 2.66109e-07
0.2052284E+01 1.48933e-07
0.2052384E+01 3.0229e-08
0.2052484E+01 -9.00103e-08
0.2052584E+01 -2.11775e-07
0.2052684E+01 -3.35047e-07
0.2052784E+01 -4.59844e-07
0.2052884E+01 -5.86169e-07
0.2052984E+01 -7.02629e-07
0.2053084E+01 -7.89303e-07
0.2053184E+01 -8.77026e-07
0.2053284E+01 -9.65786e-07
0.2053384E+01 -1.05558e-06
0.2053484E+01 -1.14642e-06
0.2053585E+01 -1.2383e-06
0.2053685E+01 -1.33121e-06
0.2053785E+01 -1.42517e-06
0.2053885E+01 -1.52101e-06
0.2053985E+01 -1.61852e-06
0.2054085E+01 -1.71723e-06
0.2054185E+01 -1.81567e-06
0.2054285E+01 -1.90302e-06
0.2054385E+01 -1.92054e-06
0.2054485E+01 -1.93054e-06
0.2054585E+01 -1.94059e-06
0.2054685E+01 -1.95076e-06
0.2054785E+01 -1.96108e-06
0.2054885E+01 -1.97163e-06
0.2054985E+01 -1.98231e-06
0.2055085E+01 -1.99312e-06
0.2055185E+01 -2.00406e-06
0.2055285E+01 -1.98161e-06
0.2055385E+01 -1.938e-06
0.2055485E+01 -1.89412e-06
0.2055585E+01 -1.84996e-06
0.2055685E+01 -1.80501e-06
0.2055785E+01 -1.75691e-06
0.2055885E+01 -1.70859e-06
0.2055985E+01 -1.65992e-06
0.2056085E+01 -1.61101e-06
0.2056185E+01 -1.56188e-06
0.2056285E+01 -1.51456e-06
0.2056385E+01 -1.46802e-06
0.2056485E+01 -1.42108e-06
0.2056586E+01 -1.36688e-06
0.2056686E+01 -1.28933e-06
0.2056786E+01 -1.21132e-06
0.2056886E+01 -1.13285e-06
0.2056986E+01 -1.05393e-06
0.2057086E+01 -9.74541e-07
0.2057186E+01 -8.9416e-07
0.2057286E+01 -8.08487e-07
0.2057386E+01 -7.23748e-07
0.2057486E+01 -6.39949e-07
0.2057586E+01 -5.6555e-07
0.2057686E+01 -4.99135e-07
0.2057786E+01 -4.55603e-07
0.2057886E+01 -4.12533e-07
0.2057986E+01 -3.68353e-07
0.2058086E+01 -3.23922e-07
0.2058186E+01 -2.79238e-07
0.2058286E+01 -2.343e-07
0.2058386E+01 -1.89101e-07
0.2058486E+01 -1.39168e-07
0.2058586E+01 -7.9383e-08
0.2058686E+01 -1.97009e-08
0.2058786E+01 2.50278e-08
0.2058886E+01 6.0372e-08
0.2058986E+01 9.65604e-08
0.2059086E+01 9.20728e-08
0.2059186E+01 7.54413e-08
0.2059286E+01 7.19952e-08
0.2059386E+01 6.85728e-08
0.2059486E+01 6.51737e-08
0.2059587E+01 6.18039e-08
0.2059687E+01 5.84602e-08
0.2059787E+01 5.514e-08
0.2059887E+01 5.18339e-08
0.2059987E+01 4.855e-08
0.2060087E+01 3.79491e-08
0.2060187E+01 2.98559e-08
0.2060287E+01 2.62524e-08
0.2060387E+01 2.71152e-08
0.2060487E+01 2.56194e-08
0.2060587E+01 2.35383e-08
0.2060687E+01 2.147e-08
0.2060787E+01 1.94419e-08
0.2060887E+01 1.74553e-08
0.2060987E+01 1.5486e-08
0.2061087E+01 1.35265e-08
0.2061187E+01 1.15803e-08
0.2061287E+01 9.64801e-09
0.2061387E+01 7.72874e-09
0.2061487E+01 5.83336e-09
0.2061587E+01 3.95227e-09
0.2061687E+01 2.08617e-09
0.2061787E+01 4.26401e-10
0.2061887E+01 -1.21057e-09
0.2061987E+01 -2.83472e-09
0.2062087E+01 -4.44244e-09
0.2062187E+01 -6.03289e-09
0.2062287E+01 -7.70785e-09
0.2062387E+01 -9.52712e-09
0.2062487E+01 -1.12304e-08
0.2062588E+01 -1.27301e-08
0.2062688E+01 -1.42078e-08
0.2062788E+01 -1.56634e-08
0.2062888E+01 -1.71015e-08
0.2062988E+01 -1.84905e-08
0.2063088E+01 -1.98473e-08
0.2063188E+01 -2.11853e-08
0.2063288E+01 -2.25019e-08
0.2063388E+01 -2.37949e-08
0.2063488E+01 -2.50904e-08
0.2063588E+01 -2.63979e-08
0.2063688E+01 -2.76425e-08
0.2063788E+01 -4.94617e-08
0.2063888E+01 -9.63309e-08
0.2063988E+01 -1.5992e-07
0.2064088E+01 -2.40253e-07
0.2064188E+01 -3.5179e-07
0.2064288E+01 -4.68778e-07
0.2064388E+01 -5.79763e-07
0.2064488E+01 -6.94013e-07
0.2064588E+01 -8.14126e-07
0.2064688E+01 -9.13709e-07
0.2064788E+01 -9.77673e-07
0.2064888E+01 -1.02851e-06
0.2064988E+01 -1.06639e-06
0.2065088E+01 -1.09148e-06
0.2065188E+01 -1.10395e-06
0.2065288E+01 -1.12268e-06
0.2065388E+01 -1.13858e-06
0.2065488E+01 -1.14524e-06
0.2065589E+01 -1.14895e-06
0.2065689E+01 -1.1571e-06
0.2065789E+01 -1.13883e-06
0.2065889E+01 -1.11378e-06
0.2065989E+01 -1.08572e-06
0.2066089E+01 -1.05464e-06
0.2066189E+01 -9.95485e-07
0.2066289E+01 -9.35395e-07
0.2066389E+01 -8.74885e-07
0.2066489E+01 -8.1396e-07
0.2066589E+01 -7.52617e-07
0.2066689E+01 -6.90862e-07
0.2066789E+01 -6.28699e-07
0.2066889E+01 -5.66128e-07
0.2066989E+01 -5.03148e-07
0.2067089E+01 -4.3959e-07
0.2067189E+01 -3.7559e-07
0.2067289E+01 -3.0192e-07
0.2067389E+01 -2.16502e-07
0.2067489E+01 -1.52038e-07
0.2067589E+01 -6.95035e-08
0.2067689E+01 1.38855e-08
0.2067789E+01 6.92469e-08
0.2067889E+01 1.07737e-07
0.2067989E+01 1.53391e-07
0.2068089E+01 1.69455e-07
0.2068189E+01 1.72555e-07
0.2068289E+01 2.73997e-07
0.2068389E+01 3.14493e-07
0.2068489E+01 3.11002e-07
0.2068590E+01 3.05606e-07
0.2068690E+01 3.69536e-07
0.2068790E+01 4.23539e-07
0.2068890E+01 3.97722e-07
0.2068990E+01 3.65628e-07
0.2069090E+01 3.23911e-07
0.2069190E+01 2.71639e-07
0.2069290E+01 2.01881e-07
0.2069390E+01 1.231e-07
0.2069490E+01 3.52734e-08
0.2069590E+01 -4.02215e-08
0.2069690E+01 -8.85411e-08
0.2069790E+01 -1.41315e-07
0.2069890E+01 -1.98687e-07
0.2069990E+01 -2.40184e-07
0.2070090E+01 -2.55301e-07
0.2070190E+01 -2.70799e-07
0.2070290E+01 -2.86529e-07
0.2070390E+01 -3.025e-07
0.2070490E+01 -3.18851e-07
0.2070590E+01 -3.46862e-07
0.2070690E+01 -3.9668e-07
0.2070790E+01 -4.68216e-07
0.2070890E+01 -5.38385e-07
0.2070990E+01 -6.07102e-07
0.2071090E+01 -6.65167e-07
0.2071190E+01 -7.20468e-07
0.2071290E+01 -7.6868e-07
0.2071390E+01 -8.01529e-07
0.2071490E+01 -8.23774e-07
0.2071591E+01 -8.36749e-07
0.2071691E+01 -8.43487e-07
0.2071791E+01 -8.46718e-07
0.2071891E+01 -8.58765e-07
0.2071991E+01 -8.66755e-07
0.2072091E+01 -8.88303e-07
0.2072191E+01 -9.19884e-07
0.2072291E+01 -9.51115e-07
0.2072391E+01 -9.78551e-07
0.2072491E+01 -9.86036e-07
0.2072591E+01 -9.90233e-07
0.2072691E+01 -9.89052e-07
0.2072791E+01 -9.77929e-07
0.2072891E+01 -9.66353e-07
0.2072991E+01 -9.50087e-07
0.2073091E+01 -8.92192e-07
0.2073191E+01 -8.42879e-07
0.2073291E+01 -8.03447e-07
0.2073391E+01 -7.75497e-07
0.2073491E+01 -7.50916e-07
0.2073591E+01 -7.29698e-07
0.2073691E+01 -7.11748e-07
0.2073791E+01 -6.91711e-07
0.2073891E+01 -6.72525e-07
0.2073991E+01 -6.56355e-07
0.2074091E+01 -6.00969e-07
0.2074191E+01 -5.86082e-07
0.2074291E+01 -5.63621e-07
0.2074391E+01 -5.18367e-07
0.2074491E+01 -4.2996e-07
0.2074592E+01 -3.58031e-07
0.2074692E+01 -3.00853e-07
0.2074792E+01 -2.63077e-07
0.2074892E+01 -2.32124e-07
0.2074992E+01 -2.0961e-07
0.2075092E+01 -1.96795e-07
0.2075192E+01 -1.88439e-07
0.2075292E+01 -1.73718e-07
0.2075392E+01 -1.65381e-07
0.2075492E+01 -1.64574e-07
0.2075592E+01 -1.64959e-07
0.2075692E+01 -1.60448e-07
0.2075792E+01 -1.55763e-07
0.2075892E+01 -1.58174e-07
0.2075992E+01 -1.56494e-07
0.2076092E+01 -1.57149e-07
0.2076192E+01 -1.56651e-07
0.2076292E+01 -1.51542e-07
0.2076392E+01 -1.42533e-07
0.2076492E+01 -1.29627e-07
0.2076592E+01 -1.12829e-07
0.2076692E+01 -9.37743e-08
0.2076792E+01 -7.25377e-08
0.2076892E+01 -4.92992e-08
0.2076992E+01 -2.24626e-08
0.2077092E+01 -2.58876e-10
0.2077192E+01 5.27774e-08
0.2077292E+01 1.00606e-07
0.2077392E+01 1.26959e-07
0.2077492E+01 1.56363e-07
0.2077593E+01 1.70626e-07
0.2077693E+01 1.55239e-07
0.2077793E+01 1.45315e-07
0.2077893E+01 1.35981e-07
0.2077993E+01 1.2785e-07
0.2078093E+01 1.18577e-07
0.2078193E+01 1.06653e-07
0.2078293E+01 9.45548e-08
0.2078393E+01 8.46098e-08
0.2078493E+01 7.45046e-08
0.2078593E+01 6.42356e-08
0.2078693E+01 5.56677e-08
0.2078793E+01 4.84069e-08
0.2078893E+01 4.18506e-08
0.2078993E+01 3.48412e-08
0.2079093E+01 3.0403e-08
0.2079193E+01 2.55007e-08
0.2079293E+01 1.7476e-08
0.2079393E+01 8.93499e-09
0.2079493E+01 -3.19404e-09
0.2079593E+01 -1.78751e-08
0.2079693E+01 -3.47868e-08
0.2079793E+01 -5.30939e-08
0.2079893E+01 -7.29944e-08
0.2079993E+01 -9.4897e-08
0.2080093E+01 -1.10171e-07
0.2080193E+01 -1.00619e-07
0.2080293E+01 -9.14716e-08
0.2080393E+01 -5.23316e-08
0.2080493E+01 -1.4158e-08
0.2080594E+01 2.28726e-08
0.2080694E+01 5.83805e-08
0.2080794E+01 9.23108e-08
0.2080894E+01 1.24663e-07
0.2080994E+01 1.55217e-07
0.2081094E+01 1.80078e-07
0.2081194E+01 2.01522e-07
0.2081294E+01 1.9998e-07
0.2081394E+01 1.98011e-07
0.2081494E+01 1.59908e-07
0.2081594E+01 7.58536e-08
0.2081694E+01 2.69067e-08
0.2081794E+01 -7.39073e-08
0.2081894E+01 -9.62998e-08
0.2081994E+01 -1.1878e-07
0.2082094E+01 -1.4136e-07
0.2082194E+01 -1.64038e-07
0.2082294E+01 -1.86797e-07
0.2082394E+01 -2.09833e-07
0.2082494E+01 -2.36927e-07
0.2082594E+01 -2.7446e-07
0.2082694E+01 -3.113e-07
0.2082794E+01 -3.48422e-07
0.2082894E+01 -3.88608e-07
0.2082994E+01 -4.30825e-07
0.2083094E+01 -4.72623e-07
0.2083194E+01 -5.14261e-07
0.2083294E+01 -5.60624e-07
0.2083394E+01 -6.05828e-07
0.2083494E+01 -6.44292e-07
0.2083595E+01 -6.79928e-07
0.2083695E+01 -7.12396e-07
0.2083795E+01 -7.40839e-07
0.2083895E+01 -7.64059e-07
0.2083995E+01 -7.86449e-07
0.2084095E+01 -7.86919e-07
0.2084195E+01 -7.7243e-07
0.2084295E+01 -7.61584e-07
0.2084395E+01 -7.53895e-07
0.2084495E+01 -7.27007e-07
0.2084595E+01 -7.03003e-07
0.2084695E+01 -6.68272e-07
0.2084795E+01 -6.54093e-07
0.2084895E+01 -5.92384e-07
0.2084995E+01 -5.51984e-07
0.2085095E+01 -5.87189e-07
0.2085195E+01 -6.30532e-07
0.2085295E+01 -6.66564e-07
0.2085395E+01 -6.87483e-07
0.2085495E+01 -6.78858e-07
0.2085595E+01 -6.39391e-07
0.2085695E+01 -5.95733e-07
0.2085795E+01 -5.69288e-07
0.2085895E+01 -5.73344e-07
0.2085995E+01 -5.93004e-07
0.2086095E+01 -6.08411e-07
0.2086195E+01 -6.25577e-07
0.2086295E+01 -6.38991e-07
0.2086395E+01 -6.50112e-07
0.2086495E+01 -6.6353e-07
0.2086596E+01 -6.74529e-07
0.2086696E+01 -6.74887e-07
0.2086796E+01 -6.64461e-07
0.2086896E+01 -6.55444e-07
0.2086996E+01 -6.48635e-07
0.2087096E+01 -6.41616e-07
0.2087196E+01 -6.35231e-07
0.2087296E+01 -6.22777e-07
0.2087396E+01 -6.0364e-07
0.2087496E+01 -5.79052e-07
0.2087596E+01 -5.52515e-07
0.2087696E+01 -5.27224e-07
0.2087796E+01 -5.27897e-07
0.2087896E+01 -5.28175e-07
0.2087996E+01 -5.26801e-07
0.2088096E+01 -5.2429e-07
0.2088196E+01 -5.21556e-07
0.2088296E+01 -5.19392e-07
0.2088396E+01 -5.17093e-07
0.2088496E+01 -5.16178e-07
0.2088596E+01 -5.17731e-07
0.2088696E+01 -5.21456e-07
0.2088796E+01 -5.25866e-07
0.2088896E+01 -5.30117e-07
0.2088996E+01 -5.34427e-07
0.2089096E+01 -5.39117e-07
0.2089196E+01 -5.42859e-07
0.2089296E+01 -5.46395e-07
0.2089396E+01 -5.49867e-07
0.2089496E+01 -5.43304e-07
0.2089597E+01 -5.45148e-07
0.2089697E+01 -5.49259e-07
0.2089797E+01 -5.54586e-07
0.2089897E+01 -5.61276e-07
0.2089997E+01 -5.6137e-07
0.2090097E+01 -5.65076e-07
0.2090197E+01 -5.7034e-07
0.2090297E+01 -5.74687e-07
0.2090397E+01 -5.79013e-07
0.2090497E+01 -5.82621e-07
0.2090597E+01 -5.86197e-07
0.2090697E+01 -5.89312e-07
0.2090797E+01 -5.67106e-07
0.2090897E+01 -5.37222e-07
0.2090997E+01 -5.09009e-07
0.2091097E+01 -4.82895e-07
0.2091197E+01 -4.56227e-07
0.2091297E+01 -4.08514e-07
0.2091397E+01 -3.70428e-07
0.2091497E+01 -3.39395e-07
0.2091597E+01 -3.09076e-07
0.2091697E+01 -2.79312e-07
0.2091797E+01 -2.49938e-07
0.2091897E+01 -2.20972e-07
0.2091997E+01 -1.92403e-07
0.2092097E+01 -1.51321e-07
0.2092197E+01 -1.01959e-07
0.2092297E+01 -5.32659e-08
0.2092397E+01 -5.48609e-09
0.2092497E+01 5.86234e-08
0.2092598E+01 1.06255e-07
0.2092698E+01 1.53811e-07
0.2092798E+01 2.00672e-07
0.2092898E+01 2.4688e-07
0.2092998E+01 2.92435e-07
0.2093098E+01 3.37336e-07
0.2093198E+01 3.81504e-07
0.2093298E+01 4.2495e-07
0.2093398E+01 4.48059e-07
0.2093498E+01 4.67113e-07
0.2093598E+01 4.85964e-07
0.2093698E+01 5.04488e-07
0.2093798E+01 5.22591e-07
0.2093898E+01 5.40428e-07
0.2093998E+01 5.58121e-07
0.2094098E+01 5.75499e-07
0.2094198E+01 5.9252e-07
0.2094298E+01 6.0853e-07
0.2094398E+01 6.23932e-07
0.2094498E+01 6.38733e-07
0.2094598E+01 6.52842e-07
0.2094698E+01 6.40327e-07
0.2094798E+01 6.17179e-07
0.2094898E+01 5.9363e-07
0.2094998E+01 5.70027e-07
0.2095098E+01 5.46552e-07
0.2095198E+01 5.23144e-07
0.2095298E+01 4.99592e-07
0.2095398E+01 4.73686e-07
0.2095498E+01 4.39235e-07
0.2095599E+01 4.05333e-07
0.2095699E+01 3.71981e-07
0.2095799E+01 3.39592e-07
0.2095899E+01 3.0778e-07
0.2095999E+01 2.76933e-07
0.2096099E+01 2.47066e-07
0.2096199E+01 2.17016e-07
0.2096299E+01 1.87012e-07
0.2096399E+01 1.57545e-07
0.2096499E+01 1.28385e-07
0.2096599E+01 9.94763e-08
0.2096699E+01 7.0236e-08
0.2096799E+01 3.86047e-08
0.2096899E+01 3.73278e-09
0.2096999E+01 -3.0317e-08
0.2097099E+01 -6.28095e-08
0.2097199E+01 -9.41189e-08
0.2097299E+01 -1.24359e-07
0.2097399E+01 -1.5294e-07
0.2097499E+01 -1.72827e-07
0.2097599E+01 -1.91395e-07
0.2097699E+01 -2.09338e-07
0.2097799E+01 -2.26763e-07
0.2097899E+01 -2.44065e-07
0.2097999E+01 -2.61514e-07
0.2098099E+01 -2.78458e-07
0.2098199E+01 -2.94859e-07
0.2098299E+01 -3.1058e-07
0.2098399E+01 -3.25872e-07
0.2098499E+01 -3.41e-07
0.2098600E+01 -3.5575e-07
0.2098700E+01 -3.73576e-07
0.2098800E+01 -3.87645e-07
0.2098900E+01 -3.9163e-07
0.2099000E+01 -3.95481e-07
0.2099100E+01 -3.99398e-07
0.2099200E+01 -4.03384e-07
0.2099300E+01 -4.09643e-07
0.2099400E+01 -4.15524e-07
0.2099500E+01 -4.21325e-07
0.2099600E+01 -4.27061e-07
0.2099700E+01 -4.31449e-07
0.2099800E+01 -4.34604e-07
0.2099900E+01 -4.37706e-07
0.2100000E+01 -4.40699e-07
