0.000000E+00
0.000000E+00
0.000000E+00
0.000000E+00
0.000000E+00
0.000000E+00
0.000000E+00
0.000000E+00
0.000000E+00
0.000000E+00
0.000000E+00
0.000000E+00
0.000000E+00
0.000000E+00
0.000000E+00
0.000000E+00
0.000000E+00
0.000000E+00
0.000000E+00
0.000000E+00
0.000000E+00
0.000000E+00
0.000000E+00
0.000000E+00
0.000000E+00
0.000000E+00
0.000000E+00
0.000000E+00
0.000000E+00
0.000000E+00
0.000000E+00
0.000000E+00
0.000000E+00
0.000000E+00
0.000000E+00
0.000000E+00
0.000000E+00
0.000000E+00
0.000000E+00
0.000000E+00
0.000000E+00
0.000000E+00
0.000000E+00
0.000000E+00
0.000000E+00
0.000000E+00
0.000000E+00
0.000000E+00
0.000000E+00
0.000000E+00
0.000000E+00
0.000000E+00
0.000000E+00
0.000000E+00
0.000000E+00
0.000000E+00
0.000000E+00
0.000000E+00
0.000000E+00
0.000000E+00
0.000000E+00
0.000000E+00
0.000000E+00
0.000000E+00
0.000000E+00
0.000000E+00
0.000000E+00
0.000000E+00
0.000000E+00
0.000000E+00
0.000000E+00
0.000000E+00
0.000000E+00
0.000000E+00
0.000000E+00
0.000000E+00
0.000000E+00
0.000000E+00
0.000000E+00
0.000000E+00
0.000000E+00
0.000000E+00
0.000000E+00
0.000000E+00
0.000000E+00
0.000000E+00
0.000000E+00
0.000000E+00
0.000000E+00
0.000000E+00
0.000000E+00
0.000000E+00
0.000000E+00
0.000000E+00
0.000000E+00
0.000000E+00
0.000000E+00
0.000000E+00
0.000000E+00
0.000000E+00
0.000000E+00
0.000000E+00
0.000000E+00
0.000000E+00
0.000000E+00
0.000000E+00
0.000000E+00
0.000000E+00
0.000000E+00
0.000000E+00
0.000000E+00
0.000000E+00
0.000000E+00
0.000000E+00
0.000000E+00
0.000000E+00
0.000000E+00
0.000000E+00
0.000000E+00
0.000000E+00
0.000000E+00
0.000000E+00
0.000000E+00
0.000000E+00
0.000000E+00
0.000000E+00
0.000000E+00
0.000000E+00
0.000000E+00
0.000000E+00
0.000000E+00
0.000000E+00
0.000000E+00
0.000000E+00
0.000000E+00
0.000000E+00
0.000000E+00
0.000000E+00
0.000000E+00
0.000000E+00
0.000000E+00
0.000000E+00
0.000000E+00
0.000000E+00
0.000000E+00
0.000000E+00
0.000000E+00
0.000000E+00
0.000000E+00
0.000000E+00
0.000000E+00
0.000000E+00
0.000000E+00
0.000000E+00
0.000000E+00
0.000000E+00
0.000000E+00
0.000000E+00
0.000000E+00
0.000000E+00
0.000000E+00
0.000000E+00
0.000000E+00
0.000000E+00
0.000000E+00
0.000000E+00
0.000000E+00
0.000000E+00
0.000000E+00
0.000000E+00
0.000000E+00
0.000000E+00
0.000000E+00
0.000000E+00
0.000000E+00
0.000000E+00
0.000000E+00
0.000000E+00
0.000000E+00
0.000000E+00
0.000000E+00
0.000000E+00
0.000000E+00
0.000000E+00
0.000000E+00
0.000000E+00
0.000000E+00
0.000000E+00
0.000000E+00
0.000000E+00
0.000000E+00
0.000000E+00
0.000000E+00
0.000000E+00
0.000000E+00
0.000000E+00
0.000000E+00
0.000000E+00
0.000000E+00
0.000000E+00
0.000000E+00
0.000000E+00
0.000000E+00
0.000000E+00
0.000000E+00
0.000000E+00
0.000000E+00
0.000000E+00
0.000000E+00
0.000000E+00
0.000000E+00
0.000000E+00
0.000000E+00
0.000000E+00
0.000000E+00
0.000000E+00
0.000000E+00
0.000000E+00
0.000000E+00
0.000000E+00
0.000000E+00
0.000000E+00
0.000000E+00
0.000000E+00
0.000000E+00
0.000000E+00
0.000000E+00
0.000000E+00
0.000000E+00
0.000000E+00
0.000000E+00
0.000000E+00
0.000000E+00
0.000000E+00
0.000000E+00
0.000000E+00
0.000000E+00
0.000000E+00
0.000000E+00
0.000000E+00
0.000000E+00
0.000000E+00
0.000000E+00
0.000000E+00
0.000000E+00
0.000000E+00
0.000000E+00
0.000000E+00
0.000000E+00
0.000000E+00
0.000000E+00
0.000000E+00
0.000000E+00
0.000000E+00
0.000000E+00
0.000000E+00
0.000000E+00
0.000000E+00
0.000000E+00
0.000000E+00
0.000000E+00
0.000000E+00
0.000000E+00
0.000000E+00
0.000000E+00
0.000000E+00
0.000000E+00
0.000000E+00
0.000000E+00
0.000000E+00
0.000000E+00
0.000000E+00
0.000000E+00
0.000000E+00
0.000000E+00
0.000000E+00
0.000000E+00
0.000000E+00
0.000000E+00
0.000000E+00
0.000000E+00
0.000000E+00
0.000000E+00
0.000000E+00
0.000000E+00
0.000000E+00
0.000000E+00
0.000000E+00
0.000000E+00
0.000000E+00
0.000000E+00
0.000000E+00
0.000000E+00
0.000000E+00
0.000000E+00
0.000000E+00
0.000000E+00
0.000000E+00
0.000000E+00
0.000000E+00
0.000000E+00
0.000000E+00
0.000000E+00
0.000000E+00
0.000000E+00
0.000000E+00
0.000000E+00
0.000000E+00
0.000000E+00
0.000000E+00
0.000000E+00
0.000000E+00
0.000000E+00
0.000000E+00
0.000000E+00
0.000000E+00
0.000000E+00
0.000000E+00
0.000000E+00
0.000000E+00
0.000000E+00
0.000000E+00
0.000000E+00
0.000000E+00
0.000000E+00
0.000000E+00
0.000000E+00
0.000000E+00
0.000000E+00
0.000000E+00
0.000000E+00
0.000000E+00
0.000000E+00
0.000000E+00
0.000000E+00
0.000000E+00
0.000000E+00
0.000000E+00
0.000000E+00
0.000000E+00
0.000000E+00
0.000000E+00
0.000000E+00
0.000000E+00
0.000000E+00
0.000000E+00
0.000000E+00
0.000000E+00
0.000000E+00
0.000000E+00
0.000000E+00
0.000000E+00
0.000000E+00
0.000000E+00
0.000000E+00
0.000000E+00
0.000000E+00
0.000000E+00
0.000000E+00
0.000000E+00
0.000000E+00
0.000000E+00
0.000000E+00
0.000000E+00
0.000000E+00
0.000000E+00
0.000000E+00
6.952783E-02
3.338077E-02
5.711277E-02
7.228844E-02
7.969881E-02
7.447222E-02
7.403074E-02
7.362853E-02
7.330784E-02
7.301242E-02
7.272622E-02
7.235790E-02
7.176599E-02
7.090676E-02
6.970185E-02
6.807279E-02
6.592195E-02
6.315243E-02
5.964006E-02
5.524208E-02
4.978208E-02
4.304845E-02
3.478376E-02
2.466969E-02
1.230991E-02
-2.795282E-03
-2.128292E-02
-4.397622E-02
-7.195281E-02
-1.066410E-01
-1.499554E-01
-2.044765E-01
-2.736783E-01
-3.621214E-01
-4.754301E-01
-6.194456E-01
-7.975530E-01
-1.005727E+00
-1.228554E+00
-1.443339E+00
-1.631656E+00
-1.786364E+00
-1.909281E+00
-2.005918E+00
-2.082095E+00
-2.142695E+00
-2.191473E+00
-2.231223E+00
-2.264005E+00
-2.291342E+00
-2.314373E+00
-2.333956E+00
-2.350739E+00
-2.365230E+00
-2.377825E+00
-2.388838E+00
-2.398519E+00
-2.407075E+00
-2.414674E+00
-2.421456E+00
-2.427533E+00
-2.433003E+00
-2.437944E+00
-2.442426E+00
-2.446502E+00
-2.450221E+00
-2.453622E+00
-2.456739E+00
-2.459599E+00
-2.462228E+00
-2.464649E+00
-2.466880E+00
-2.468942E+00
-2.470853E+00
-2.472627E+00
-2.474278E+00
-2.475819E+00
-2.477260E+00
-2.478607E+00
-2.479866E+00
-2.481040E+00
-2.482129E+00
-2.483136E+00
-2.484062E+00
-2.484910E+00
-2.485681E+00
-2.486383E+00
-2.487022E+00
-2.487606E+00
-2.488144E+00
-2.488642E+00
-2.489109E+00
-2.489550E+00
-2.489968E+00
-2.490361E+00
-2.490734E+00
-2.491084E+00
-2.491403E+00
-2.491694E+00
-2.491947E+00
-2.492164E+00
-2.492346E+00
-2.492488E+00
-2.492599E+00
-2.492678E+00
-2.492732E+00
-2.492765E+00
-2.492782E+00
-2.492785E+00
-2.492783E+00
-2.492774E+00
-2.492758E+00
-2.492739E+00
-2.492711E+00
-2.492671E+00
-2.492625E+00
-2.492564E+00
-2.492487E+00
-2.492394E+00
-2.492290E+00
-2.492174E+00
-2.492040E+00
-2.491903E+00
-2.491758E+00
-2.491605E+00
-2.491456E+00
-2.491301E+00
-2.491143E+00
-2.490984E+00
-2.490826E+00
-2.490657E+00
-2.490486E+00
-2.490303E+00
-2.490111E+00
-2.489908E+00
-2.489691E+00
-2.489469E+00
-2.489235E+00
-2.488990E+00
-2.488740E+00
-2.488488E+00
-2.488232E+00
-2.487978E+00
-2.487727E+00
-2.487482E+00
-2.487236E+00
-2.486996E+00
-2.486763E+00
-2.486526E+00
-2.486293E+00
-2.486055E+00
-2.485815E+00
-2.485566E+00
-2.485310E+00
-2.485043E+00
-2.484768E+00
-2.484489E+00
-2.484196E+00
-2.483902E+00
-2.483608E+00
-2.483310E+00
-2.483018E+00
-2.482730E+00
-2.482451E+00
-2.482182E+00
-2.481920E+00
-2.481668E+00
-2.481418E+00
-2.481171E+00
-2.480923E+00
-2.480674E+00
-2.480411E+00
-2.480141E+00
-2.479860E+00
-2.479563E+00
-2.479252E+00
-2.478927E+00
-2.478590E+00
-2.478243E+00
-2.477893E+00
-2.477536E+00
-2.477181E+00
-2.476831E+00
-2.476484E+00
-2.476142E+00
-2.475810E+00
-2.475489E+00
-2.475173E+00
-2.474867E+00
-2.474569E+00
-2.474274E+00
-2.473983E+00
-2.473694E+00
-2.473405E+00
-2.473114E+00
-2.472822E+00
-2.472524E+00
-2.472223E+00
-2.471917E+00
-2.471605E+00
-2.471290E+00
-2.470968E+00
-2.470640E+00
-2.470312E+00
-2.469980E+00
-2.469650E+00
-2.469316E+00
-2.468986E+00
-2.468659E+00
-2.468336E+00
-2.468019E+00
-2.467701E+00
-2.467393E+00
-2.467085E+00
-2.466781E+00
-2.466481E+00
-2.466181E+00
-2.465881E+00
-2.465582E+00
-2.465281E+00
-2.464981E+00
-2.464675E+00
-2.464366E+00
-2.464053E+00
-2.463734E+00
-2.463411E+00
-2.463080E+00
-2.462747E+00
-2.462404E+00
-2.462060E+00
-2.461712E+00
-2.461357E+00
-2.461003E+00
-2.460650E+00
-2.460297E+00
-2.459949E+00
-2.459609E+00
-2.459273E+00
-2.458949E+00
-2.458633E+00
-2.458327E+00
-2.458026E+00
-2.457733E+00
-2.457445E+00
-2.457161E+00
-2.456881E+00
-2.456599E+00
-2.456313E+00
-2.456028E+00
-2.455739E+00
-2.455444E+00
-2.455142E+00
-2.454836E+00
-2.454525E+00
-2.454208E+00
-2.453886E+00
-2.453560E+00
-2.453231E+00
-2.452899E+00
-2.452568E+00
-2.452235E+00
-2.451903E+00
-2.451570E+00
-2.451243E+00
-2.450914E+00
-2.450589E+00
-2.450267E+00
-2.449949E+00
-2.449631E+00
-2.449315E+00
-2.449000E+00
-2.448686E+00
-2.448370E+00
-2.448053E+00
-2.447733E+00
-2.447412E+00
-2.447086E+00
-2.446757E+00
-2.446423E+00
-2.446087E+00
-2.445747E+00
-2.445402E+00
-2.445055E+00
-2.444709E+00
-2.444360E+00
-2.444014E+00
-2.443672E+00
-2.443334E+00
-2.443002E+00
-2.442676E+00
-2.442356E+00
-2.442044E+00
-2.441738E+00
-2.441436E+00
-2.441140E+00
-2.440845E+00
-2.440556E+00
-2.440262E+00
-2.439972E+00
-2.439681E+00
-2.439387E+00
-2.439092E+00
-2.438796E+00
-2.438499E+00
-2.438200E+00
-2.437900E+00
-2.437597E+00
-2.437294E+00
-2.436989E+00
-2.436682E+00
-2.436371E+00
-2.436059E+00
-2.435745E+00
-2.435426E+00
-2.435102E+00
-2.434776E+00
-2.434447E+00
-2.434114E+00
-2.433780E+00
-2.433446E+00
-2.433110E+00
-2.432774E+00
-2.432443E+00
-2.432114E+00
-2.431786E+00
-2.431463E+00
-2.431142E+00
-2.430824E+00
-2.430510E+00
-2.430197E+00
-2.429887E+00
-2.429578E+00
-2.429270E+00
-2.428964E+00
-2.428657E+00
-2.428349E+00
-2.428041E+00
-2.427735E+00
-2.427427E+00
-2.427117E+00
-2.426807E+00
-2.426497E+00
-2.426185E+00
-2.425870E+00
-2.425554E+00
-2.425236E+00
-2.424918E+00
-2.424597E+00
-2.424275E+00
-2.423950E+00
-2.423625E+00
-2.423299E+00
-2.422973E+00
-2.422645E+00
-2.422319E+00
-2.421992E+00
-2.421667E+00
-2.421344E+00
-2.421021E+00
-2.420698E+00
-2.420378E+00
-2.420059E+00
-2.419741E+00
-2.419424E+00
-2.419108E+00
-2.418793E+00
-2.418478E+00
-2.418163E+00
-2.417848E+00
-2.417533E+00
-2.417219E+00
-2.416902E+00
-2.416585E+00
-2.416269E+00
-2.415949E+00
-2.415630E+00
-2.415308E+00
-2.414986E+00
-2.414663E+00
-2.414338E+00
-2.414014E+00
-2.413691E+00
-2.413367E+00
-2.413044E+00
-2.412722E+00
-2.412404E+00
-2.412084E+00
-2.411768E+00
-2.411452E+00
-2.411138E+00
-2.410825E+00
-2.410514E+00
-2.410201E+00
-2.409890E+00
-2.409579E+00
-2.409267E+00
-2.408955E+00
-2.408640E+00
-2.408326E+00
-2.408009E+00
-2.407691E+00
-2.407369E+00
-2.407048E+00
-2.406724E+00
-2.406398E+00
-2.406072E+00
-2.405742E+00
-2.405412E+00
-2.405083E+00
-2.404752E+00
-2.404418E+00
-2.404087E+00
-2.403754E+00
-2.403421E+00
-2.403089E+00
-2.402757E+00
-2.402426E+00
-2.402095E+00
-2.401766E+00
-2.401438E+00
-2.401112E+00
-2.400786E+00
-2.400463E+00
-2.400140E+00
-2.399818E+00
-2.399499E+00
-2.399179E+00
-2.398862E+00
-2.398544E+00
-2.398228E+00
-2.397911E+00
-2.397595E+00
-2.397278E+00
-2.396961E+00
-2.396644E+00
-2.396326E+00
-2.396008E+00
-2.395689E+00
-2.395369E+00
-2.395049E+00
-2.394728E+00
-2.394405E+00
-2.394082E+00
-2.393758E+00
-2.393431E+00
-2.393104E+00
-2.392777E+00
-2.392447E+00
-2.392115E+00
-2.391784E+00
-2.391451E+00
-2.391117E+00
-2.390783E+00
-2.390449E+00
-2.390116E+00
-2.389784E+00
-2.389451E+00
-2.389120E+00
-2.388790E+00
-2.388461E+00
-2.388134E+00
-2.387806E+00
-2.387481E+00
-2.387155E+00
-2.386830E+00
-2.386506E+00
-2.386181E+00
-2.385856E+00
-2.385531E+00
-2.385206E+00
-2.384879E+00
-2.384554E+00
-2.384226E+00
-2.383898E+00
-2.383570E+00
-2.383242E+00
-2.382912E+00
-2.382582E+00
-2.382251E+00
-2.381920E+00
-2.381588E+00
-2.381255E+00
-2.380922E+00
-2.380589E+00
-2.380255E+00
-2.379920E+00
-2.379587E+00
-2.379252E+00
-2.378917E+00
-2.378581E+00
-2.378248E+00
-2.377912E+00
-2.377577E+00
-2.377242E+00
-2.376907E+00
-2.376572E+00
-2.376236E+00
-2.375900E+00
-2.375562E+00
-2.375225E+00
-2.374888E+00
-2.374548E+00
-2.374208E+00
-2.373870E+00
-2.373528E+00
-2.373189E+00
-2.372848E+00
-2.372508E+00
-2.372166E+00
-2.371826E+00
-2.371485E+00
-2.371145E+00
-2.370804E+00
-2.370463E+00
-2.370122E+00
-2.369781E+00
-2.369439E+00
-2.369098E+00
-2.368757E+00
-2.368415E+00
-2.368073E+00
-2.367731E+00
-2.367389E+00
-2.367048E+00
-2.366705E+00
-2.366365E+00
-2.366024E+00
-2.365684E+00
-2.365344E+00
-2.365005E+00
-2.364667E+00
-2.364329E+00
-2.363993E+00
-2.363655E+00
-2.363319E+00
-2.362984E+00
-2.362648E+00
-2.362313E+00
-2.361977E+00
-2.361640E+00
-2.361303E+00
-2.360966E+00
-2.360627E+00
-2.360288E+00
-2.359948E+00
-2.359606E+00
-2.359264E+00
-2.358920E+00
-2.358575E+00
-2.358228E+00
-2.357882E+00
-2.357533E+00
-2.357184E+00
-2.356834E+00
-2.356485E+00
-2.356133E+00
-2.355784E+00
-2.355433E+00
-2.355083E+00
-2.354734E+00
-2.354386E+00
-2.354039E+00
-2.353692E+00
-2.353347E+00
-2.353002E+00
-2.352659E+00
-2.352317E+00
-2.351976E+00
-2.351637E+00
-2.351298E+00
-2.350960E+00
-2.350623E+00
-2.350286E+00
-2.349951E+00
-2.349616E+00
-2.349280E+00
-2.348944E+00
-2.348608E+00
-2.348272E+00
-2.347935E+00
-2.347598E+00
-2.347260E+00
-2.346921E+00
-2.346583E+00
-2.346244E+00
-2.345903E+00
-2.345563E+00
-2.345222E+00
-2.344881E+00
-2.344539E+00
-2.344197E+00
-2.343854E+00
-2.343512E+00
-2.343168E+00
-2.342824E+00
-2.342479E+00
-2.342134E+00
-2.341788E+00
-2.341442E+00
-2.341096E+00
-2.340748E+00
-2.340401E+00
-2.340054E+00
-2.339707E+00
-2.339359E+00
-2.339013E+00
-2.338666E+00
-2.338320E+00
-2.337977E+00
-2.337633E+00
-2.337290E+00
-2.336948E+00
-2.336608E+00
-2.336269E+00
-2.335931E+00
-2.335593E+00
-2.335256E+00
-2.334920E+00
-2.334583E+00
-2.334247E+00
-2.333912E+00
-2.333576E+00
-2.333240E+00
-2.332904E+00
-2.332568E+00
-2.332232E+00
-2.331897E+00
-2.331562E+00
-2.331226E+00
-2.330891E+00
-2.330556E+00
-2.330220E+00
-2.329885E+00
-2.329550E+00
-2.329216E+00
-2.328881E+00
-2.328547E+00
-2.328212E+00
-2.327877E+00
-2.327543E+00
-2.327209E+00
-2.326875E+00
-2.326542E+00
-2.326208E+00
-2.325876E+00
-2.325544E+00
-2.325213E+00
-2.324881E+00
-2.324551E+00
-2.324221E+00
-2.323893E+00
-2.323565E+00
-2.323237E+00
-2.322910E+00
-2.322584E+00
-2.322258E+00
-2.321932E+00
-2.321606E+00
-2.321281E+00
-2.320955E+00
-2.320629E+00
-2.320304E+00
-2.319980E+00
-2.319655E+00
-2.319331E+00
-2.319008E+00
-2.318686E+00
-2.318366E+00
-2.318047E+00
-2.317729E+00
-2.317412E+00
-2.317095E+00
-2.316782E+00
-2.316469E+00
-2.316157E+00
-2.315846E+00
-2.315537E+00
-2.315229E+00
-2.314922E+00
-2.314616E+00
-2.314311E+00
-2.314007E+00
-2.313704E+00
-2.313403E+00
-2.313102E+00
-2.312803E+00
-2.312506E+00
-2.312209E+00
-2.311915E+00
-2.311620E+00
-2.311328E+00
-2.311036E+00
-2.310746E+00
-2.310458E+00
-2.310170E+00
-2.309883E+00
-2.309596E+00
-2.309311E+00
-2.309026E+00
-2.308742E+00
-2.308457E+00
-2.308174E+00
-2.307891E+00
-2.307608E+00
-2.307324E+00
-2.307043E+00
-2.306760E+00
-2.306479E+00
-2.306199E+00
-2.305920E+00
-2.305642E+00
-2.305365E+00
-2.305091E+00
-2.304818E+00
-2.304550E+00
-2.304282E+00
-2.304019E+00
-2.303760E+00
-2.303504E+00
-2.303253E+00
-2.303005E+00
-2.302764E+00
-2.302526E+00
-2.302292E+00
-2.302064E+00
-2.301838E+00
-2.301619E+00
-2.301402E+00
-2.301189E+00
-2.300978E+00
-2.300772E+00
-2.300568E+00
-2.300366E+00
-2.300166E+00
-2.299968E+00
-2.299771E+00
-2.299577E+00
-2.299383E+00
-2.299192E+00
-2.299000E+00
-2.298811E+00
-2.298623E+00
-2.298436E+00
-2.298253E+00
-2.298071E+00
-2.297891E+00
-2.297715E+00
-2.297541E+00
-2.297371E+00
-2.297204E+00
-2.297042E+00
-2.296882E+00
-2.296726E+00
-2.296574E+00
-2.296426E+00
-2.296284E+00
-2.296143E+00
-2.296008E+00
-2.295876E+00
-2.295749E+00
-2.295625E+00
-2.295507E+00
-2.295392E+00
-2.295282E+00
-2.295176E+00
-2.295075E+00
-2.294979E+00
-2.294889E+00
-2.294804E+00
-2.294724E+00
-2.294650E+00
-2.294582E+00
-2.294522E+00
-2.294467E+00
-2.294421E+00
-2.294382E+00
-2.294349E+00
-2.294325E+00
-2.294307E+00
-2.294297E+00
-2.294295E+00
-2.294301E+00
-2.294316E+00
-2.294339E+00
-2.294371E+00
-2.294415E+00
-2.294470E+00
-2.294536E+00
-2.294614E+00
-2.294706E+00
-2.294809E+00
-2.294926E+00
-2.295054E+00
-2.295195E+00
-2.295347E+00
-2.295509E+00
-2.295682E+00
-2.295863E+00
-2.296055E+00
-2.296255E+00
-2.296463E+00
-2.296680E+00
-2.296906E+00
-2.297139E+00
-2.297380E+00
-2.297628E+00
-2.297884E+00
-2.298146E+00
-2.298416E+00
-2.298692E+00
-2.298973E+00
-2.299259E+00
-2.299548E+00
-2.299841E+00
-2.300136E+00
-2.300432E+00
-2.300728E+00
-2.301024E+00
-2.301318E+00
-2.301614E+00
-2.301909E+00
-2.302208E+00
-2.302511E+00
-2.302822E+00
-2.303147E+00
-2.303489E+00
-2.303853E+00
-2.304246E+00
-2.304672E+00
-2.305136E+00
-2.305642E+00
-2.306192E+00
-2.306789E+00
-2.307434E+00
-2.308126E+00
-2.308863E+00
-2.309646E+00
-2.310472E+00
-2.311334E+00
-2.312232E+00
-2.313164E+00
-2.314125E+00
-2.315113E+00
-2.316127E+00
-2.317165E+00
-2.318224E+00
-2.319305E+00
-2.320404E+00
-2.321521E+00
-2.322653E+00
-2.323800E+00
-2.324957E+00
-2.326121E+00
-2.327287E+00
-2.328451E+00
-2.329608E+00
-2.330750E+00
-2.331871E+00
-2.332963E+00
-2.334018E+00
-2.335029E+00
-2.335989E+00
-2.336889E+00
-2.337724E+00
-2.338485E+00
-2.339166E+00
-2.339761E+00
-2.340262E+00
-2.340664E+00
-2.340958E+00
-2.341133E+00
-2.341178E+00
-2.341084E+00
-2.340833E+00
-2.340410E+00
-2.339797E+00
-2.338976E+00
-2.337932E+00
-2.336647E+00
-2.335117E+00
-2.333338E+00
-2.331325E+00
-2.329104E+00
-2.326724E+00
-2.324248E+00
-2.321774E+00
-2.319398E+00
-2.317249E+00
-2.315450E+00
-2.314118E+00
-2.313350E+00
-2.313205E+00
-2.313699E+00
-2.314787E+00
-2.316374E+00
-2.318319E+00
-2.320439E+00
-2.322535E+00
-2.324397E+00
-2.325816E+00
-2.326594E+00
-2.326543E+00
-2.325475E+00
-2.323200E+00
-2.319510E+00
-2.314155E+00
-2.306819E+00
-2.297088E+00
-2.284393E+00
-2.267955E+00
-2.246699E+00
-2.219144E+00
-2.183306E+00
-2.136667E+00
-2.076463E+00
-2.000838E+00
-1.911868E+00
-1.820708E+00
-1.751306E+00
-1.734001E+00
-1.786363E+00
-1.895564E+00
-2.024485E+00
-2.140042E+00
-2.229458E+00
-2.294117E+00
-2.339730E+00
-2.371678E+00
-2.393939E+00
-2.409207E+00
-2.419256E+00
-2.425217E+00
-2.427801E+00
-2.427442E+00
-2.424417E+00
-2.418969E+00
-2.411447E+00
-2.402477E+00
-2.393108E+00
-2.384807E+00
-2.379144E+00
-2.377193E+00
-2.379003E+00
-2.383596E+00
-2.389452E+00
-2.395104E+00
-2.399450E+00
-2.401794E+00
-2.401749E+00
-2.399119E+00
-2.393823E+00
-2.385888E+00
-2.375479E+00
-2.362981E+00
-2.349097E+00
-2.334885E+00
-2.321680E+00
-2.310904E+00
-2.303715E+00
-2.300758E+00
-2.302065E+00
-2.307192E+00
-2.315438E+00
-2.326081E+00
-2.338405E+00
-2.351746E+00
-2.365473E+00
-2.379000E+00
-2.391810E+00
-2.403505E+00
-2.413845E+00
-2.422720E+00
-2.430151E+00
-2.436259E+00
-2.441207E+00
-2.445221E+00
-2.448528E+00
-2.451346E+00
-2.453869E+00
-2.456238E+00
-2.458539E+00
-2.460768E+00
-2.462883E+00
-2.464802E+00
-2.466428E+00
-2.467672E+00
-2.468498E+00
-2.468918E+00
-2.469012E+00
-2.468950E+00
-2.468973E+00
-2.469362E+00
-2.470360E+00
-2.472109E+00
-2.474543E+00
-2.477418E+00
-2.480369E+00
-2.482990E+00
-2.484916E+00
-2.485870E+00
-2.485623E+00
-2.484030E+00
-2.480960E+00
-2.476371E+00
-2.470309E+00
-2.463012E+00
-2.454945E+00
-2.446855E+00
-2.439670E+00
-2.434245E+00
-2.431085E+00
-2.430170E+00
-2.430971E+00
-2.432690E+00
-2.434471E+00
-2.435556E+00
-2.435343E+00
-2.433352E+00
-2.429230E+00
-2.422712E+00
-2.413666E+00
-2.402145E+00
-2.388502E+00
-2.373492E+00
-2.358294E+00
-2.344359E+00
-2.333079E+00
-2.325384E+00
-2.321491E+00
-2.320913E+00
-2.322706E+00
-2.325801E+00
-2.329206E+00
-2.332128E+00
-2.333975E+00
-2.334340E+00
-2.332942E+00
-2.329615E+00
-2.324283E+00
-2.316969E+00
-2.307827E+00
-2.297161E+00
-2.285445E+00
-2.273339E+00
-2.261647E+00
-2.251253E+00
-2.243030E+00
-2.237734E+00
-2.235953E+00
-2.238095E+00
-2.244451E+00
-2.255282E+00
-2.270935E+00
-2.291937E+00
-2.319082E+00
-2.353433E+00
-2.396207E+00
-2.448407E+00
-2.510082E+00
-2.579043E+00
-2.649553E+00
-2.712131E+00
-2.755920E+00
-2.773093E+00
-2.762456E+00
-2.729657E+00
-2.684199E+00
-2.635559E+00
-2.590640E+00
-2.553283E+00
-2.524989E+00
-2.505909E+00
-2.495614E+00
-2.493535E+00
-2.499184E+00
-2.512260E+00
-2.532665E+00
-2.560508E+00
-2.596087E+00
-2.639828E+00
-2.692218E+00
-2.753641E+00
-2.824173E+00
-2.903262E+00
-2.989409E+00
-3.079913E+00
3.112283E+00
3.025434E+00
2.947369E+00
2.881983E+00
2.831918E+00
2.798431E+00
2.781553E+00
2.780361E+00
2.793251E+00
2.818197E+00
2.852968E+00
2.895336E+00
2.943220E+00
2.994812E+00
3.048589E+00
3.103297E+00
-3.125316E+00
-3.071818E+00
-3.020243E+00
-2.971358E+00
-2.925806E+00
-2.884071E+00
-2.846449E+00
-2.813042E+00
-2.783783E+00
-2.758470E+00
-2.736817E+00
-2.718482E+00
-2.703119E+00
-2.690373E+00
-2.679930E+00
-2.671485E+00
-2.664786E+00
-2.659597E+00
-2.655721E+00
-2.652988E+00
-2.651256E+00
-2.650389E+00
-2.650275E+00
-2.650800E+00
-2.651857E+00
-2.653324E+00
-2.655072E+00
-2.656955E+00
-2.658816E+00
-2.660508E+00
-2.661873E+00
-2.662796E+00
-2.663185E+00
-2.663009E+00
-2.662270E+00
-2.661024E+00
-2.659357E+00
-2.657376E+00
-2.655189E+00
-2.652905E+00
-2.650621E+00
-2.648413E+00
-2.646348E+00
-2.644471E+00
-2.642819E+00
-2.641419E+00
-2.640280E+00
-2.639409E+00
-2.638798E+00
-2.638438E+00
-2.638307E+00
-2.638375E+00
-2.638609E+00
-2.638968E+00
-2.639410E+00
-2.639895E+00
-2.640376E+00
-2.640830E+00
-2.641228E+00
-2.641566E+00
-2.641836E+00
-2.642055E+00
-2.642239E+00
-2.642408E+00
-2.642591E+00
-2.642816E+00
-2.643104E+00
-2.643486E+00
-2.643972E+00
-2.644582E+00
-2.645321E+00
-2.646195E+00
-2.647192E+00
-2.648302E+00
-2.649494E+00
-2.650737E+00
-2.651982E+00
-2.653185E+00
-2.654289E+00
-2.655249E+00
-2.656022E+00
-2.656575E+00
-2.656891E+00
-2.656966E+00
-2.656822E+00
-2.656481E+00
-2.655987E+00
-2.655387E+00
-2.654728E+00
-2.654064E+00
-2.653445E+00
-2.652920E+00
-2.652521E+00
-2.652285E+00
-2.652239E+00
-2.652399E+00
-2.652767E+00
-2.653343E+00
-2.654118E+00
-2.655060E+00
-2.656143E+00
-2.657323E+00
-2.658551E+00
-2.659779E+00
-2.660949E+00
-2.662022E+00
-2.662961E+00
-2.663738E+00
-2.664338E+00
-2.664773E+00
-2.665051E+00
-2.665196E+00
-2.665248E+00
-2.665236E+00
-2.665200E+00
-2.665178E+00
-2.665206E+00
-2.665318E+00
-2.665547E+00
-2.665916E+00
-2.666452E+00
-2.667167E+00
-2.668069E+00
-2.669151E+00
-2.670400E+00
-2.671781E+00
-2.673251E+00
-2.674751E+00
-2.676218E+00
-2.677576E+00
-2.678760E+00
-2.679713E+00
-2.680394E+00
-2.680789E+00
-2.680900E+00
-2.680750E+00
-2.680388E+00
-2.679867E+00
-2.679245E+00
-2.678580E+00
-2.677931E+00
-2.677347E+00
-2.676867E+00
-2.676534E+00
-2.676374E+00
-2.676414E+00
-2.676676E+00
-2.677178E+00
-2.677923E+00
-2.678920E+00
-2.680162E+00
-2.681626E+00
-2.683280E+00
-2.685083E+00
-2.686962E+00
-2.688852E+00
-2.690668E+00
-2.692330E+00
-2.693765E+00
-2.694921E+00
-2.695766E+00
-2.696285E+00
-2.696508E+00
-2.696466E+00
-2.696217E+00
-2.695815E+00
-2.695326E+00
-2.694805E+00
-2.694301E+00
-2.693859E+00
-2.693514E+00
-2.693293E+00
-2.693227E+00
-2.693335E+00
-2.693638E+00
-2.694149E+00
-2.694888E+00
-2.695856E+00
-2.697057E+00
-2.698479E+00
-2.700094E+00
-2.701871E+00
-2.703747E+00
-2.705660E+00
-2.707529E+00
-2.709273E+00
-2.710815E+00
-2.712083E+00
-2.713032E+00
-2.713639E+00
-2.713909E+00
-2.713870E+00
-2.713569E+00
-2.713069E+00
-2.712434E+00
-2.711737E+00
-2.711037E+00
-2.710397E+00
-2.709868E+00
-2.709498E+00
-2.709328E+00
-2.709396E+00
-2.709741E+00
-2.710396E+00
-2.711385E+00
-2.712728E+00
-2.714436E+00
-2.716501E+00
-2.718900E+00
-2.721586E+00
-2.724485E+00
-2.727499E+00
-2.730513E+00
-2.733395E+00
-2.736003E+00
-2.738213E+00
-2.739921E+00
-2.741065E+00
-2.741619E+00
-2.741614E+00
-2.741109E+00
-2.740198E+00
-2.738984E+00
-2.737577E+00
-2.736073E+00
-2.734556E+00
-2.733087E+00
-2.731720E+00
-2.730486E+00
-2.729411E+00
-2.728511E+00
-2.727807E+00
-2.727322E+00
-2.727068E+00
-2.727074E+00
-2.727370E+00
-2.727973E+00
-2.728914E+00
-2.730201E+00
-2.731843E+00
-2.733820E+00
-2.736100E+00
-2.738625E+00
-2.741311E+00
-2.744059E+00
-2.746744E+00
-2.749238E+00
-2.751424E+00
-2.753196E+00
-2.754484E+00
-2.755255E+00
-2.755517E+00
-2.755318E+00
-2.754727E+00
-2.753837E+00
-2.752742E+00
-2.751533E+00
-2.750290E+00
-2.749073E+00
-2.747941E+00
-2.746925E+00
-2.746058E+00
-2.745361E+00
-2.744860E+00
-2.744570E+00
-2.744523E+00
-2.744743E+00
-2.745257E+00
-2.746097E+00
-2.747293E+00
-2.748858E+00
-2.750807E+00
-2.753126E+00
-2.755789E+00
-2.758738E+00
-2.761890E+00
-2.765138E+00
-2.768341E+00
-2.771360E+00
-2.774041E+00
-2.776258E+00
-2.777900E+00
-2.778905E+00
-2.779264E+00
-2.779014E+00
-2.778224E+00
-2.777006E+00
-2.775473E+00
-2.773745E+00
-2.771928E+00
-2.770116E+00
-2.768377E+00
-2.766765E+00
-2.765311E+00
-2.764037E+00
-2.762960E+00
-2.762085E+00
-2.761426E+00
-2.760989E+00
-2.760798E+00
-2.760864E+00
-2.761223E+00
-2.761896E+00
-2.762916E+00
-2.764306E+00
-2.766087E+00
-2.768259E+00
-2.770806E+00
-2.773695E+00
-2.776859E+00
-2.780204E+00
-2.783613E+00
-2.786946E+00
-2.790056E+00
-2.792799E+00
-2.795049E+00
-2.796720E+00
-2.797763E+00
-2.798181E+00
-2.798022E+00
-2.797365E+00
-2.796314E+00
-2.794981E+00
-2.793472E+00
-2.791883E+00
-2.790299E+00
-2.788779E+00
-2.787366E+00
-2.786100E+00
-2.785003E+00
-2.784094E+00
-2.783387E+00
-2.782907E+00
-2.782676E+00
-2.782722E+00
-2.783084E+00
-2.783802E+00
-2.784920E+00
-2.786480E+00
-2.788517E+00
-2.791052E+00
-2.794079E+00
-2.797577E+00
-2.801476E+00
-2.805676E+00
-2.810025E+00
-2.814340E+00
-2.818420E+00
-2.822042E+00
-2.825008E+00
-2.827163E+00
-2.828411E+00
-2.828733E+00
-2.828184E+00
-2.826881E+00
-2.824986E+00
-2.822675E+00
-2.820121E+00
-2.817476E+00
-2.814865E+00
-2.812378E+00
-2.810078E+00
-2.807991E+00
-2.806134E+00
-2.804502E+00
-2.803088E+00
-2.801880E+00
-2.800868E+00
-2.800043E+00
-2.799406E+00
-2.798966E+00
-2.798739E+00
-2.798750E+00
-2.799027E+00
-2.799611E+00
-2.800539E+00
-2.801848E+00
-2.803572E+00
-2.805732E+00
-2.808335E+00
-2.811362E+00
-2.814766E+00
-2.818467E+00
-2.822360E+00
-2.826296E+00
-2.830115E+00
-2.833643E+00
-2.836709E+00
-2.839176E+00
-2.840941E+00
-2.841964E+00
-2.842254E+00
-2.841871E+00
-2.840918E+00
-2.839520E+00
-2.837808E+00
-2.835908E+00
-2.833923E+00
-2.831944E+00
-2.830035E+00
-2.828233E+00
-2.826570E+00
-2.825056E+00
-2.823701E+00
-2.822502E+00
-2.821472E+00
-2.820619E+00
-2.819960E+00
-2.819530E+00
-2.819368E+00
-2.819526E+00
-2.820068E+00
-2.821060E+00
-2.822572E+00
-2.824668E+00
-2.827407E+00
-2.830817E+00
-2.834898E+00
-2.839610E+00
-2.844861E+00
-2.850497E+00
-2.856312E+00
-2.862042E+00
-2.867394E+00
-2.872067E+00
-2.875794E+00
-2.878375E+00
-2.879712E+00
-2.879809E+00
-2.878772E+00
-2.876787E+00
-2.874089E+00
-2.870921E+00
-2.867509E+00
-2.864053E+00
-2.860696E+00
-2.857544E+00
-2.854664E+00
-2.852085E+00
-2.849814E+00
-2.847845E+00
-2.846152E+00
-2.844716E+00
-2.843513E+00
-2.842527E+00
-2.841746E+00
-2.841172E+00
-2.840813E+00
-2.840695E+00
-2.840855E+00
-2.841343E+00
-2.842222E+00
-2.843564E+00
-2.845445E+00
-2.847939E+00
-2.851104E+00
-2.854987E+00
-2.859592E+00
-2.864879E+00
-2.870749E+00
-2.877037E+00
-2.883512E+00
-2.889873E+00
-2.895784E+00
-2.900898E+00
-2.904907E+00
-2.907572E+00
-2.908783E+00
-2.908546E+00
-2.906996E+00
-2.904362E+00
-2.900922E+00
-2.896972E+00
-2.892783E+00
-2.888587E+00
-2.884551E+00
-2.880795E+00
-2.877392E+00
-2.874363E+00
-2.871708E+00
-2.869412E+00
-2.867436E+00
-2.865748E+00
-2.864313E+00
-2.863100E+00
-2.862087E+00
-2.861259E+00
-2.860610E+00
-2.860145E+00
-2.859880E+00
-2.859844E+00
-2.860071E+00
-2.860612E+00
-2.861523E+00
-2.862865E+00
-2.864704E+00
-2.867100E+00
-2.870104E+00
-2.873743E+00
-2.878011E+00
-2.882870E+00
-2.888227E+00
-2.893937E+00
-2.899799E+00
-2.905563E+00
-2.910950E+00
-2.915682E+00
-2.919501E+00
-2.922220E+00
-2.923736E+00
-2.924048E+00
-2.923247E+00
-2.921501E+00
-2.919029E+00
-2.916062E+00
-2.912824E+00
-2.909508E+00
-2.906270E+00
-2.903220E+00
-2.900427E+00
-2.897931E+00
-2.895737E+00
-2.893839E+00
-2.892211E+00
-2.890827E+00
-2.889654E+00
-2.888665E+00
-2.887828E+00
-2.887119E+00
-2.886515E+00
-2.886001E+00
-2.885559E+00
