0.000000E+00
1.334536E+00
1.334539E+00
1.334737E+00
1.335079E+00
1.335525E+00
1.336033E+00
1.336575E+00
1.337131E+00
1.337692E+00
1.338255E+00
1.338819E+00
1.339388E+00
1.339963E+00
1.340544E+00
1.341128E+00
1.341717E+00
1.342290E+00
1.342844E+00
1.343372E+00
1.343865E+00
1.344322E+00
1.344747E+00
1.345149E+00
1.345538E+00
1.345921E+00
1.346305E+00
1.346697E+00
1.347098E+00
1.347509E+00
1.347929E+00
1.348358E+00
1.348794E+00
1.349235E+00
1.349682E+00
1.350131E+00
1.350586E+00
1.351042E+00
1.351498E+00
1.351955E+00
1.352411E+00
1.352865E+00
1.353316E+00
1.353762E+00
1.354200E+00
1.354629E+00
1.355049E+00
1.355447E+00
1.355824E+00
1.356179E+00
1.356512E+00
1.356828E+00
1.357128E+00
1.357416E+00
1.357693E+00
1.357960E+00
1.358218E+00
1.358465E+00
1.358702E+00
1.358928E+00
1.359139E+00
1.359336E+00
1.359512E+00
1.359665E+00
1.359791E+00
1.359892E+00
1.359968E+00
1.360026E+00
1.360070E+00
1.360104E+00
1.360131E+00
1.360150E+00
1.360163E+00
1.360170E+00
1.360172E+00
1.360169E+00
1.360161E+00
1.360148E+00
1.360130E+00
1.360107E+00
1.360080E+00
1.360049E+00
1.360013E+00
1.359973E+00
1.359928E+00
1.359879E+00
1.359822E+00
1.359755E+00
1.359674E+00
1.359574E+00
1.359450E+00
1.359297E+00
1.359107E+00
1.358870E+00
1.358572E+00
1.358195E+00
1.357710E+00
1.357081E+00
1.356263E+00
1.355210E+00
1.353894E+00
1.352324E+00
1.350552E+00
1.348642E+00
1.346658E+00
1.344661E+00
1.342685E+00
1.340812E+00
1.339043E+00
1.337382E+00
1.335820E+00
1.334348E+00
1.332962E+00
1.331660E+00
1.330435E+00
1.329285E+00
1.328203E+00
1.327185E+00
1.326227E+00
1.325332E+00
1.324500E+00
1.323738E+00
1.323059E+00
1.322479E+00
1.322016E+00
1.321698E+00
1.321559E+00
1.321639E+00
1.321979E+00
1.322592E+00
1.323449E+00
1.324498E+00
1.325670E+00
1.326902E+00
1.328133E+00
1.329321E+00
1.330446E+00
1.331481E+00
1.332449E+00
1.333361E+00
1.334225E+00
1.335043E+00
1.335813E+00
1.336529E+00
1.337189E+00
1.337800E+00
1.338368E+00
1.338895E+00
1.339383E+00
1.339830E+00
1.340233E+00
1.340584E+00
1.340876E+00
1.341096E+00
1.341230E+00
1.341273E+00
1.341234E+00
1.341124E+00
1.340961E+00
1.340753E+00
1.340514E+00
1.340254E+00
1.339978E+00
1.339694E+00
1.339407E+00
1.339121E+00
1.338836E+00
1.338560E+00
1.338291E+00
1.338029E+00
1.337778E+00
1.337541E+00
1.337327E+00
1.337142E+00
1.336989E+00
1.336870E+00
1.336776E+00
1.336699E+00
1.336635E+00
1.336579E+00
1.336527E+00
1.336480E+00
1.336438E+00
1.336404E+00
1.336381E+00
1.336376E+00
1.336392E+00
1.336440E+00
1.336528E+00
1.336667E+00
1.336862E+00
1.337110E+00
1.337401E+00
1.337729E+00
1.338086E+00
1.338469E+00
1.338880E+00
1.339310E+00
1.339759E+00
1.340224E+00
1.340701E+00
1.341188E+00
1.341683E+00
1.342184E+00
1.342687E+00
1.343188E+00
1.343683E+00
1.344159E+00
1.344611E+00
1.345028E+00
1.345404E+00
1.345740E+00
1.346033E+00
1.346285E+00
1.346491E+00
1.346646E+00
1.346750E+00
1.346810E+00
1.346838E+00
1.346845E+00
1.346843E+00
1.346843E+00
1.346851E+00
1.346874E+00
1.346914E+00
1.346968E+00
1.347035E+00
1.347110E+00
1.347191E+00
1.347273E+00
1.347355E+00
1.347440E+00
1.347531E+00
1.347637E+00
1.347767E+00
1.347924E+00
1.348103E+00
1.348292E+00
1.348472E+00
1.348622E+00
1.348722E+00
1.348758E+00
1.348716E+00
1.348591E+00
1.348391E+00
1.348131E+00
1.347842E+00
1.347551E+00
1.347272E+00
1.347012E+00
1.346769E+00
1.346542E+00
1.346326E+00
1.346123E+00
1.345931E+00
1.345750E+00
1.345580E+00
1.345426E+00
1.345286E+00
1.345161E+00
1.345055E+00
1.344968E+00
1.344899E+00
1.344845E+00
1.344802E+00
1.344765E+00
1.344731E+00
1.344695E+00
1.344655E+00
1.344612E+00
1.344566E+00
1.344520E+00
1.344475E+00
1.344427E+00
1.344375E+00
1.344311E+00
1.344226E+00
1.344123E+00
1.344012E+00
1.343924E+00
1.343899E+00
1.343976E+00
1.344182E+00
1.344518E+00
1.344973E+00
1.345528E+00
1.346183E+00
1.346914E+00
1.347729E+00
1.348627E+00
1.349608E+00
1.350674E+00
1.351822E+00
1.353053E+00
1.354360E+00
1.355743E+00
1.357201E+00
1.358727E+00
1.360311E+00
1.361929E+00
1.363555E+00
1.365161E+00
1.366719E+00
1.368199E+00
1.369567E+00
1.370789E+00
1.371857E+00
1.372779E+00
1.373582E+00
1.374290E+00
1.374929E+00
1.375512E+00
1.376052E+00
1.376556E+00
1.377029E+00
1.377473E+00
1.377893E+00
1.378279E+00
1.378633E+00
1.378954E+00
1.379244E+00
1.379505E+00
1.379743E+00
1.379961E+00
1.380162E+00
1.380348E+00
1.380521E+00
1.380683E+00
1.380837E+00
1.380985E+00
1.381130E+00
1.381275E+00
1.381415E+00
1.381537E+00
1.381618E+00
1.381631E+00
1.381550E+00
1.381364E+00
1.381081E+00
1.380721E+00
1.380307E+00
1.379853E+00
1.379375E+00
1.378880E+00
1.378378E+00
1.377872E+00
1.377363E+00
1.376863E+00
1.376372E+00
1.375888E+00
1.375412E+00
1.374943E+00
1.374481E+00
1.374031E+00
1.373595E+00
1.373180E+00
1.372785E+00
1.372408E+00
1.372043E+00
1.371685E+00
1.371331E+00
1.370979E+00
1.370627E+00
1.370275E+00
1.369921E+00
1.369563E+00
1.369198E+00
1.368824E+00
1.368441E+00
1.368056E+00
1.367683E+00
1.367339E+00
1.367035E+00
1.366771E+00
1.366541E+00
1.366340E+00
1.366161E+00
1.366005E+00
1.365867E+00
1.365741E+00
1.365625E+00
1.365516E+00
1.365411E+00
1.365309E+00
1.365208E+00
1.365109E+00
1.365013E+00
1.364921E+00
1.364834E+00
1.364752E+00
1.364678E+00
1.364613E+00
1.364568E+00
1.364554E+00
1.364581E+00
1.364652E+00
1.364762E+00
1.364904E+00
1.365069E+00
1.365250E+00
1.365443E+00
1.365646E+00
1.365855E+00
1.366067E+00
1.366281E+00
1.366493E+00
1.366700E+00
1.366899E+00
1.367085E+00
1.367253E+00
1.367401E+00
1.367525E+00
1.367625E+00
1.367704E+00
1.367763E+00
1.367802E+00
1.367821E+00
1.367819E+00
1.367796E+00
1.367755E+00
1.367697E+00
1.367626E+00
1.367543E+00
1.367451E+00
1.367350E+00
1.367242E+00
1.367125E+00
1.367000E+00
1.366866E+00
1.366724E+00
1.366572E+00
1.366410E+00
1.366237E+00
1.366051E+00
1.365853E+00
1.365638E+00
1.365402E+00
1.365147E+00
1.364866E+00
1.364551E+00
1.364191E+00
1.363772E+00
1.363275E+00
1.362678E+00
1.361958E+00
1.361104E+00
1.360121E+00
1.359031E+00
1.357864E+00
1.356647E+00
1.355405E+00
1.354158E+00
1.352931E+00
1.351739E+00
1.350604E+00
1.349543E+00
1.348573E+00
1.347702E+00
1.346925E+00
1.346233E+00
1.345608E+00
1.345040E+00
1.344519E+00
1.344043E+00
1.343612E+00
1.343232E+00
1.342906E+00
1.342647E+00
1.342463E+00
1.342359E+00
1.342343E+00
1.342428E+00
1.342631E+00
1.342967E+00
1.343440E+00
1.344035E+00
1.344723E+00
1.345477E+00
1.346267E+00
1.347070E+00
1.347869E+00
1.348653E+00
1.349405E+00
1.350115E+00
1.350766E+00
1.351346E+00
1.351851E+00
1.352287E+00
1.352672E+00
1.353021E+00
1.353346E+00
1.353657E+00
1.353961E+00
1.354262E+00
1.354564E+00
1.354867E+00
1.355173E+00
1.355475E+00
1.355774E+00
1.356069E+00
1.356356E+00
1.356637E+00
1.356912E+00
1.357180E+00
1.357442E+00
1.357694E+00
1.357934E+00
1.358155E+00
1.358349E+00
1.358506E+00
1.358617E+00
1.358670E+00
1.358659E+00
1.358587E+00
1.358459E+00
1.358288E+00
1.358081E+00
1.357848E+00
1.357595E+00
1.357328E+00
1.357051E+00
1.356766E+00
1.356475E+00
1.356176E+00
1.355871E+00
1.355561E+00
1.355243E+00
1.354927E+00
1.354614E+00
1.354311E+00
1.354024E+00
1.353760E+00
1.353522E+00
1.353310E+00
1.353119E+00
1.352946E+00
1.352788E+00
1.352641E+00
1.352503E+00
1.352371E+00
1.352246E+00
1.352125E+00
1.352012E+00
1.351914E+00
1.351840E+00
1.351802E+00
1.351807E+00
1.351858E+00
1.351951E+00
1.352083E+00
1.352250E+00
1.352449E+00
1.352676E+00
1.352928E+00
1.353202E+00
1.353494E+00
1.353803E+00
1.354118E+00
1.354440E+00
1.354767E+00
1.355096E+00
1.355424E+00
1.355752E+00
1.356079E+00
1.356402E+00
1.356718E+00
1.357027E+00
1.357326E+00
1.357620E+00
1.357913E+00
1.358211E+00
1.358522E+00
1.358846E+00
1.359184E+00
1.359534E+00
1.359890E+00
1.360250E+00
1.360612E+00
1.360972E+00
1.361327E+00
1.361674E+00
1.362005E+00
1.362319E+00
1.362612E+00
1.362888E+00
1.363149E+00
1.363400E+00
1.363640E+00
1.363871E+00
1.364093E+00
1.364303E+00
1.364503E+00
1.364687E+00
1.364854E+00
1.365000E+00
1.365120E+00
1.365212E+00
1.365274E+00
1.365308E+00
1.365316E+00
1.365303E+00
1.365271E+00
1.365223E+00
1.365159E+00
1.365082E+00
1.364992E+00
1.364892E+00
1.364783E+00
1.364665E+00
1.364542E+00
1.364415E+00
1.364285E+00
1.364158E+00
1.364035E+00
1.363920E+00
1.363816E+00
1.363724E+00
1.363644E+00
1.363573E+00
1.363511E+00
1.363454E+00
1.363402E+00
1.363355E+00
1.363311E+00
1.363271E+00
1.363236E+00
1.363207E+00
1.363184E+00
1.363170E+00
1.363166E+00
1.363177E+00
1.363204E+00
1.363252E+00
1.363322E+00
1.363412E+00
1.363520E+00
1.363642E+00
1.363775E+00
1.363915E+00
1.364062E+00
1.364214E+00
1.364369E+00
1.364529E+00
1.364693E+00
1.364861E+00
1.365031E+00
1.365203E+00
1.365371E+00
1.365532E+00
1.365682E+00
1.365817E+00
1.365937E+00
1.366041E+00
1.366134E+00
1.366216E+00
1.366292E+00
1.366361E+00
1.366426E+00
1.366487E+00
1.366542E+00
1.366593E+00
1.366638E+00
1.366677E+00
1.366710E+00
1.366737E+00
1.366756E+00
1.366769E+00
1.366773E+00
1.366766E+00
1.366751E+00
1.366724E+00
1.366686E+00
1.366635E+00
1.366572E+00
1.366491E+00
1.366394E+00
1.366273E+00
1.366128E+00
1.365949E+00
1.365730E+00
1.365461E+00
1.365136E+00
1.364754E+00
1.364325E+00
1.363858E+00
1.363367E+00
1.362863E+00
1.362352E+00
1.361842E+00
1.361334E+00
1.360832E+00
1.360339E+00
1.359858E+00
1.359388E+00
1.358933E+00
1.358496E+00
1.358079E+00
1.357692E+00
1.357336E+00
1.357018E+00
1.356738E+00
1.356493E+00
1.356279E+00
1.356088E+00
1.355919E+00
1.355767E+00
1.355627E+00
1.355501E+00
1.355387E+00
1.355282E+00
1.355188E+00
1.355105E+00
1.355035E+00
1.354980E+00
1.354946E+00
1.354932E+00
1.354940E+00
1.354964E+00
1.354999E+00
1.355037E+00
1.355067E+00
1.355081E+00
1.355074E+00
1.355047E+00
1.355008E+00
1.354972E+00
1.354947E+00
1.354940E+00
1.354952E+00
1.354980E+00
1.355019E+00
1.355066E+00
1.355117E+00
1.355170E+00
1.355222E+00
1.355274E+00
1.355325E+00
1.355378E+00
1.355440E+00
1.355517E+00
1.355614E+00
1.355732E+00
1.355866E+00
1.356005E+00
1.356144E+00
1.356275E+00
1.356396E+00
1.356507E+00
1.356607E+00
1.356696E+00
1.356775E+00
1.356849E+00
1.356921E+00
1.356991E+00
1.357059E+00
1.357121E+00
1.357174E+00
1.357210E+00
1.357218E+00
1.357186E+00
1.357108E+00
1.356992E+00
1.356877E+00
1.356813E+00
1.356828E+00
1.356918E+00
1.357066E+00
1.357253E+00
1.357472E+00
1.357718E+00
1.357988E+00
1.358274E+00
1.358575E+00
1.358885E+00
1.359204E+00
1.359537E+00
1.359887E+00
1.360257E+00
1.360650E+00
1.361068E+00
1.361517E+00
1.362004E+00
1.362530E+00
1.363075E+00
1.363596E+00
1.364044E+00
1.364400E+00
1.364666E+00
1.364862E+00
1.365002E+00
1.365102E+00
1.365170E+00
1.365216E+00
1.365243E+00
1.365255E+00
1.365256E+00
1.365247E+00
1.365230E+00
1.365205E+00
1.365172E+00
1.365128E+00
1.365067E+00
1.364976E+00
1.364836E+00
1.364627E+00
1.364330E+00
1.363935E+00
1.363446E+00
1.362875E+00
1.362238E+00
1.361550E+00
1.360822E+00
1.360063E+00
1.359284E+00
1.358496E+00
1.357715E+00
1.356953E+00
1.356222E+00
1.355527E+00
1.354871E+00
1.354255E+00
1.353676E+00
1.353130E+00
1.352616E+00
1.352128E+00
1.351667E+00
1.351228E+00
1.350821E+00
1.350444E+00
1.350107E+00
1.349817E+00
1.349590E+00
1.349440E+00
1.349382E+00
1.349423E+00
1.349554E+00
1.349760E+00
1.350022E+00
1.350321E+00
1.350644E+00
1.350976E+00
1.351306E+00
1.351623E+00
1.351918E+00
1.352183E+00
1.352412E+00
1.352604E+00
1.352758E+00
1.352877E+00
1.352965E+00
1.353027E+00
1.353068E+00
1.353095E+00
1.353111E+00
1.353121E+00
1.353128E+00
1.353136E+00
1.353146E+00
1.353158E+00
1.353170E+00
1.353176E+00
1.353174E+00
1.353162E+00
1.353141E+00
1.353111E+00
1.353074E+00
1.353029E+00
1.352976E+00
1.352915E+00
1.352843E+00
1.352762E+00
1.352669E+00
1.352571E+00
1.352470E+00
1.352375E+00
1.352291E+00
1.352221E+00
1.352162E+00
1.352115E+00
1.352075E+00
1.352041E+00
1.352013E+00
1.351988E+00
1.351967E+00
1.351948E+00
1.351931E+00
1.351916E+00
1.351904E+00
1.351894E+00
1.351888E+00
1.351886E+00
1.351886E+00
1.351889E+00
1.351891E+00
1.351891E+00
1.351888E+00
1.351882E+00
1.351870E+00
1.351851E+00
1.351824E+00
1.351786E+00
1.351732E+00
1.351656E+00
1.351548E+00
1.351403E+00
1.351219E+00
1.351007E+00
1.350792E+00
1.350593E+00
1.350417E+00
1.350262E+00
1.350126E+00
1.350009E+00
1.349915E+00
1.349847E+00
1.349812E+00
1.349809E+00
1.349819E+00
1.349814E+00
1.349771E+00
1.349681E+00
1.349547E+00
1.349370E+00
1.349161E+00
1.348930E+00
1.348688E+00
1.348444E+00
1.348209E+00
1.347988E+00
1.347788E+00
1.347612E+00
1.347462E+00
1.347336E+00
1.347228E+00
1.347138E+00
1.347059E+00
1.346988E+00
1.346920E+00
1.346854E+00
1.346787E+00
1.346720E+00
1.346652E+00
1.346588E+00
1.346528E+00
1.346473E+00
1.346427E+00
1.346386E+00
1.346352E+00
1.346324E+00
1.346301E+00
1.346282E+00
1.346267E+00
1.346257E+00
1.346252E+00
1.346253E+00
1.346263E+00
1.346285E+00
1.346320E+00
1.346369E+00
1.346431E+00
1.346504E+00
1.346582E+00
1.346663E+00
1.346740E+00
1.346807E+00
1.346862E+00
1.346903E+00
1.346931E+00
1.346949E+00
1.346962E+00
1.346969E+00
1.346972E+00
1.346972E+00
1.346970E+00
1.346966E+00
1.346963E+00
1.346960E+00
1.346960E+00
1.346962E+00
1.346964E+00
1.346968E+00
1.346968E+00
1.346963E+00
1.346947E+00
1.346916E+00
1.346867E+00
1.346805E+00
1.346743E+00
1.346700E+00
1.346692E+00
1.346729E+00
1.346807E+00
1.346913E+00
1.347034E+00
1.347159E+00
1.347282E+00
1.347396E+00
1.347499E+00
1.347589E+00
1.347663E+00
1.347727E+00
1.347782E+00
1.347833E+00
1.347881E+00
1.347931E+00
1.347983E+00
1.348041E+00
1.348107E+00
1.348180E+00
1.348256E+00
1.348334E+00
1.348411E+00
1.348484E+00
1.348551E+00
1.348607E+00
1.348650E+00
1.348674E+00
1.348678E+00
1.348661E+00
1.348626E+00
1.348571E+00
1.348495E+00
1.348398E+00
1.348277E+00
1.348134E+00
1.347977E+00
1.347813E+00
1.347648E+00
1.347489E+00
1.347336E+00
1.347189E+00
1.347044E+00
1.346897E+00
1.346744E+00
1.346578E+00
1.346398E+00
1.346199E+00
1.345986E+00
1.345757E+00
1.345511E+00
1.345251E+00
1.344983E+00
1.344710E+00
1.344441E+00
1.344180E+00
1.343927E+00
1.343684E+00
1.343452E+00
1.343225E+00
1.343009E+00
1.342801E+00
1.342597E+00
1.342397E+00
1.342197E+00
1.341997E+00
1.341799E+00
1.341605E+00
1.341416E+00
1.341233E+00
1.341057E+00
1.340886E+00
1.340716E+00
1.340539E+00
1.340350E+00
1.340142E+00
1.339908E+00
1.339646E+00
1.339367E+00
1.339073E+00
1.338772E+00
1.338474E+00
1.338188E+00
1.337925E+00
1.337691E+00
1.337488E+00
1.337311E+00
1.337158E+00
1.337019E+00
1.336891E+00
1.336768E+00
1.336646E+00
1.336526E+00
1.336410E+00
1.336304E+00
1.336212E+00
1.336139E+00
1.336085E+00
1.336050E+00
1.336029E+00
1.336022E+00
1.336023E+00
1.336035E+00
1.336055E+00
1.336081E+00
1.336112E+00
1.336146E+00
1.336180E+00
1.336212E+00
1.336239E+00
1.336259E+00
1.336269E+00
1.336269E+00
1.336257E+00
1.336236E+00
1.336207E+00
1.336171E+00
1.336123E+00
1.336061E+00
1.335982E+00
1.335884E+00
1.335765E+00
1.335624E+00
1.335461E+00
1.335276E+00
1.335072E+00
1.334848E+00
1.334607E+00
1.334350E+00
1.334077E+00
1.333792E+00
1.333496E+00
1.333189E+00
1.332872E+00
1.332548E+00
1.332219E+00
1.331883E+00
1.331539E+00
1.331194E+00
1.330840E+00
1.330476E+00
1.330103E+00
1.329727E+00
1.329351E+00
1.328981E+00
1.328625E+00
1.328289E+00
1.327978E+00
1.327696E+00
1.327439E+00
1.327203E+00
1.326984E+00
1.326776E+00
1.326574E+00
1.326375E+00
1.326176E+00
1.325976E+00
1.325776E+00
1.325572E+00
1.325364E+00
1.325148E+00
1.324923E+00
1.324688E+00
1.324450E+00
1.324213E+00
1.323981E+00
1.323749E+00
1.323496E+00
1.323204E+00
1.322840E+00
1.322383E+00
1.321814E+00
1.321135E+00
1.320353E+00
1.319489E+00
1.318568E+00
1.317613E+00
1.316646E+00
1.315674E+00
1.314699E+00
1.313711E+00
1.312697E+00
1.311650E+00
1.310570E+00
1.309466E+00
1.308341E+00
1.307200E+00
1.306049E+00
1.304904E+00
1.303788E+00
1.302726E+00
1.301732E+00
1.300807E+00
1.299941E+00
1.299127E+00
1.298360E+00
1.297636E+00
1.296949E+00
1.296311E+00
1.295720E+00
1.295177E+00
1.294695E+00
1.294275E+00
1.293928E+00
1.293653E+00
1.293452E+00
1.293328E+00
1.293288E+00
1.293347E+00
1.293511E+00
1.293761E+00
1.294036E+00
1.294262E+00
1.294391E+00
1.294411E+00
1.294331E+00
1.294170E+00
1.293943E+00
1.293660E+00
1.293326E+00
1.292940E+00
1.292492E+00
1.291963E+00
1.291325E+00
1.290546E+00
1.289588E+00
1.288426E+00
1.287038E+00
1.285480E+00
1.283808E+00
1.282099E+00
1.280424E+00
1.278834E+00
1.277357E+00
1.275994E+00
1.274732E+00
1.273530E+00
1.272340E+00
1.271112E+00
1.269784E+00
1.268293E+00
1.266553E+00
1.264472E+00
1.261970E+00
1.259025E+00
1.255696E+00
1.252093E+00
1.248312E+00
1.244379E+00
1.240283E+00
1.235949E+00
1.231249E+00
1.225976E+00
1.219820E+00
1.212365E+00
1.203053E+00
1.191353E+00
1.176797E+00
1.159812E+00
1.140976E+00
1.121434E+00
1.102574E+00
1.085806E+00
1.072478E+00
1.063968E+00
1.061683E+00
1.066995E+00
1.080906E+00
1.103687E+00
1.134389E+00
1.170768E+00
1.209966E+00
1.249667E+00
1.288272E+00
1.325017E+00
1.359680E+00
1.392338E+00
1.423103E+00
1.451833E+00
1.478154E+00
1.501371E+00
1.520896E+00
1.536504E+00
1.548359E+00
1.556800E+00
1.562109E+00
1.564413E+00
1.563725E+00
1.560152E+00
1.553981E+00
1.545672E+00
1.535782E+00
1.524932E+00
1.513824E+00
1.503183E+00
1.493635E+00
1.485590E+00
1.479170E+00
1.474246E+00
1.470467E+00
1.467393E+00
1.464599E+00
1.461716E+00
1.458433E+00
1.454482E+00
1.449702E+00
1.444073E+00
1.437735E+00
1.430907E+00
1.423824E+00
1.416761E+00
1.410015E+00
1.403944E+00
1.398885E+00
1.395108E+00
1.392737E+00
1.391711E+00
1.391845E+00
1.392918E+00
1.394754E+00
1.397232E+00
1.400271E+00
1.403799E+00
1.407753E+00
1.412075E+00
1.416703E+00
1.421572E+00
1.426590E+00
1.431638E+00
1.436498E+00
1.440916E+00
1.444688E+00
1.447719E+00
1.450012E+00
1.451618E+00
1.452596E+00
1.452999E+00
1.452866E+00
1.452230E+00
1.451119E+00
1.449558E+00
1.447575E+00
1.445209E+00
1.442505E+00
1.439520E+00
1.436305E+00
1.432906E+00
1.429333E+00
1.425686E+00
1.421959E+00
1.418162E+00
1.414302E+00
1.410367E+00
1.406350E+00
1.402240E+00
1.398026E+00
1.393705E+00
1.389278E+00
1.384750E+00
1.380121E+00
1.375362E+00
1.370449E+00
1.365367E+00
1.360090E+00
1.354544E+00
1.348569E+00
1.341928E+00
1.334361E+00
1.325777E+00
1.316384E+00
1.306750E+00
1.297728E+00
1.290329E+00
1.285524E+00
1.283957E+00
1.285791E+00
1.290781E+00
1.298591E+00
1.308553E+00
1.320061E+00
1.332295E+00
1.344431E+00
1.355781E+00
1.365854E+00
1.374425E+00
1.381472E+00
1.387166E+00
1.391729E+00
1.395337E+00
1.398079E+00
1.399987E+00
1.401082E+00
1.401405E+00
1.401014E+00
1.399974E+00
1.398339E+00
1.396167E+00
1.393524E+00
1.390503E+00
1.387247E+00
1.383930E+00
1.380727E+00
1.377764E+00
1.375083E+00
1.372657E+00
1.370421E+00
1.368302E+00
1.366227E+00
1.364193E+00
1.362158E+00
1.360148E+00
1.358272E+00
1.356745E+00
1.355815E+00
1.355644E+00
1.356233E+00
1.357424E+00
1.358957E+00
1.360597E+00
1.362202E+00
1.363709E+00
1.365091E+00
1.366340E+00
1.367475E+00
1.368550E+00
1.369696E+00
1.371174E+00
1.373320E+00
1.376159E+00
1.378928E+00
1.380477E+00
1.380351E+00
1.379058E+00
1.377382E+00
1.375827E+00
1.374556E+00
1.373563E+00
1.372793E+00
1.372239E+00
1.371889E+00
1.371730E+00
1.371695E+00
1.371673E+00
1.371568E+00
1.371360E+00
1.371096E+00
1.370834E+00
1.370607E+00
1.370426E+00
1.370308E+00
1.370282E+00
1.370388E+00
1.370675E+00
1.371191E+00
1.371998E+00
1.373139E+00
1.374615E+00
1.376353E+00
1.378215E+00
1.380064E+00
1.381819E+00
1.383477E+00
1.385072E+00
1.386669E+00
1.388331E+00
1.390101E+00
1.391974E+00
1.393934E+00
1.395892E+00
1.397806E+00
1.399600E+00
1.401182E+00
1.402429E+00
1.403227E+00
1.403489E+00
1.403181E+00
1.402318E+00
1.400946E+00
1.399124E+00
1.396910E+00
1.394371E+00
1.391573E+00
1.388578E+00
1.385444E+00
1.382222E+00
1.378955E+00
1.375663E+00
1.372351E+00
1.368994E+00
1.365571E+00
1.362152E+00
1.358911E+00
1.356031E+00
1.353602E+00
1.351640E+00
1.350109E+00
1.348951E+00
1.348096E+00
1.347496E+00
1.347079E+00
1.346796E+00
1.346612E+00
1.346501E+00
1.346451E+00
1.346450E+00
1.346497E+00
1.346588E+00
1.346720E+00
1.346888E+00
1.347088E+00
1.347312E+00
1.347549E+00
1.347790E+00
1.348027E+00
1.348253E+00
1.348463E+00
1.348654E+00
1.348822E+00
1.348969E+00
1.349102E+00
1.349242E+00
1.349414E+00
1.349650E+00
1.349970E+00
1.350392E+00
1.350936E+00
1.351624E+00
1.352493E+00
1.353560E+00
1.354853E+00
1.356365E+00
1.358011E+00
1.359621E+00
1.360994E+00
1.362014E+00
1.362675E+00
1.363032E+00
1.363150E+00
1.363084E+00
1.362883E+00
1.362601E+00
1.362301E+00
1.362045E+00
1.361884E+00
1.361850E+00
1.361946E+00
1.362148E+00
1.362388E+00
1.362591E+00
1.362707E+00
1.362737E+00
1.362725E+00
1.362737E+00
1.362814E+00
1.362960E+00
1.363157E+00
1.363381E+00
1.363610E+00
1.363821E+00
1.364011E+00
1.364174E+00
1.364289E+00
1.364289E+00
1.364040E+00
1.363345E+00
1.361929E+00
1.359332E+00
1.354278E+00
1.339997E+00
-4.757245E-01
-1.747889E+00
-1.761495E+00
-1.765997E+00
-1.768134E+00
-1.769328E+00
-1.770147E+00
-1.770882E+00
-1.771655E+00
-1.772468E+00
-1.773255E+00
-1.773946E+00
-1.774503E+00
-1.774929E+00
-1.775248E+00
-1.775484E+00
-1.775650E+00
-1.775749E+00
-1.775783E+00
-1.775754E+00
-1.775685E+00
-1.775599E+00
-1.775518E+00
-1.775445E+00
-1.775362E+00
-1.775242E+00
-1.775071E+00
-1.774860E+00
-1.774632E+00
-1.774417E+00
-1.774241E+00
-1.774120E+00
-1.774059E+00
-1.774053E+00
-1.774091E+00
-1.774156E+00
-1.774228E+00
-1.774285E+00
-1.774306E+00
-1.774280E+00
-1.774205E+00
-1.774089E+00
-1.773943E+00
-1.773781E+00
-1.773617E+00
-1.773469E+00
-1.773353E+00
-1.773280E+00
-1.773249E+00
-1.773253E+00
-1.773281E+00
-1.773318E+00
-1.773352E+00
-1.773368E+00
-1.773354E+00
-1.773306E+00
-1.773226E+00
-1.773122E+00
-1.773008E+00
-1.772900E+00
-1.772813E+00
-1.772753E+00
-1.772721E+00
-1.772707E+00
-1.772696E+00
-1.772674E+00
-1.772631E+00
-1.772568E+00
-1.772490E+00
-1.772404E+00
-1.772323E+00
-1.772264E+00
-1.772244E+00
-1.772281E+00
-1.772395E+00
-1.772607E+00
-1.772931E+00
-1.773378E+00
-1.773949E+00
-1.774621E+00
-1.775395E+00
-1.776294E+00
-1.777378E+00
-1.778737E+00
-1.780465E+00
-1.782610E+00
-1.785142E+00
-1.787950E+00
-1.790862E+00
-1.793674E+00
-1.796188E+00
-1.798258E+00
-1.799841E+00
-1.800969E+00
-1.801729E+00
-1.802220E+00
-1.802545E+00
-1.802802E+00
-1.803053E+00
-1.803293E+00
-1.803432E+00
-1.803314E+00
-1.802781E+00
-1.801709E+00
-1.800052E+00
-1.797876E+00
-1.795356E+00
-1.792718E+00
-1.790117E+00
-1.787679E+00
-1.785371E+00
-1.783146E+00
-1.780943E+00
-1.778698E+00
-1.776347E+00
-1.773820E+00
-1.771039E+00
-1.767947E+00
-1.764548E+00
-1.760957E+00
-1.757416E+00
-1.754221E+00
-1.751610E+00
-1.749670E+00
-1.748356E+00
-1.747535E+00
-1.747065E+00
-1.746823E+00
-1.746713E+00
-1.746665E+00
-1.746632E+00
-1.746589E+00
-1.746529E+00
-1.746450E+00
-1.746352E+00
-1.746232E+00
-1.746089E+00
-1.745928E+00
-1.745755E+00
-1.745589E+00
-1.745440E+00
-1.745312E+00
-1.745210E+00
-1.745132E+00
-1.745078E+00
-1.745048E+00
-1.745046E+00
-1.745078E+00
-1.745152E+00
-1.745275E+00
-1.745455E+00
-1.745696E+00
-1.745999E+00
-1.746356E+00
-1.746753E+00
-1.747182E+00
-1.747635E+00
-1.748114E+00
-1.748626E+00
-1.749180E+00
-1.749787E+00
-1.750460E+00
-1.751215E+00
-1.752058E+00
-1.752977E+00
-1.753940E+00
-1.754912E+00
-1.755883E+00
-1.756878E+00
-1.757911E+00
-1.759009E+00
-1.760156E+00
-1.761288E+00
-1.762319E+00
-1.763180E+00
-1.763850E+00
-1.764352E+00
-1.764727E+00
-1.765027E+00
-1.765302E+00
-1.765592E+00
-1.765908E+00
-1.766231E+00
-1.766511E+00
-1.766682E+00
-1.766683E+00
-1.766493E+00
-1.766145E+00
-1.765728E+00
-1.765340E+00
-1.765050E+00
-1.764879E+00
-1.764804E+00
-1.764805E+00
-1.764896E+00
-1.765126E+00
-1.765546E+00
-1.766171E+00
-1.766984E+00
-1.767902E+00
-1.768854E+00
-1.769776E+00
-1.770634E+00
-1.771419E+00
-1.772129E+00
-1.772770E+00
-1.773353E+00
-1.773892E+00
-1.774403E+00
-1.774901E+00
-1.775401E+00
-1.775921E+00
-1.776480E+00
-1.777100E+00
-1.777807E+00
-1.778626E+00
-1.779572E+00
-1.780632E+00
-1.781755E+00
-1.782850E+00
-1.783813E+00
-1.784545E+00
-1.784958E+00
-1.784984E+00
-1.784568E+00
-1.783686E+00
-1.782368E+00
-1.780736E+00
-1.778986E+00
-1.777389E+00
-1.776110E+00
-1.775228E+00
-1.774717E+00
-1.774480E+00
-1.774407E+00
-1.774404E+00
-1.774402E+00
-1.774347E+00
-1.774197E+00
-1.773917E+00
-1.773478E+00
-1.772861E+00
-1.772054E+00
-1.771048E+00
-1.769834E+00
-1.768422E+00
-1.766849E+00
-1.765167E+00
-1.763428E+00
-1.761645E+00
-1.759816E+00
-1.757932E+00
-1.756017E+00
-1.754125E+00
-1.752317E+00
-1.750634E+00
-1.749084E+00
-1.747664E+00
-1.746362E+00
-1.745218E+00
-1.744238E+00
-1.743444E+00
-1.742853E+00
-1.742481E+00
-1.742356E+00
-1.742507E+00
-1.742954E+00
-1.743672E+00
-1.744581E+00
-1.745597E+00
-1.746692E+00
-1.747913E+00
-1.749335E+00
-1.750996E+00
-1.752849E+00
-1.754771E+00
-1.756656E+00
-1.758468E+00
-1.760219E+00
-1.761941E+00
-1.763674E+00
-1.765461E+00
-1.767336E+00
-1.769327E+00
-1.771452E+00
-1.773718E+00
-1.776120E+00
-1.778635E+00
-1.781251E+00
-1.783828E+00
-1.786270E+00
-1.788432E+00
-1.790159E+00
-1.791338E+00
-1.791918E+00
-1.791899E+00
-1.791306E+00
-1.790188E+00
-1.788594E+00
-1.786582E+00
-1.784198E+00
-1.781480E+00
-1.778469E+00
-1.775222E+00
-1.771819E+00
-1.768331E+00
-1.764836E+00
-1.761391E+00
-1.758044E+00
-1.754835E+00
-1.751799E+00
-1.748973E+00
-1.746381E+00
-1.744052E+00
-1.742011E+00
-1.740276E+00
-1.738873E+00
-1.737831E+00
-1.737179E+00
-1.736954E+00
-1.737146E+00
-1.737724E+00
-1.738646E+00
-1.739874E+00
-1.741377E+00
-1.743138E+00
-1.745135E+00
-1.747342E+00
-1.749722E+00
-1.752243E+00
-1.754862E+00
-1.757533E+00
-1.760202E+00
-1.762804E+00
-1.765262E+00
-1.767493E+00
-1.769414E+00
-1.770977E+00
-1.772161E+00
-1.772972E+00
-1.773421E+00
-1.773525E+00
-1.773311E+00
-1.772823E+00
-1.772124E+00
-1.771281E+00
-1.770357E+00
-1.769410E+00
-1.768485E+00
-1.767645E+00
-1.766910E+00
-1.766285E+00
-1.765755E+00
-1.765298E+00
-1.764886E+00
-1.764498E+00
-1.764118E+00
-1.763735E+00
-1.763346E+00
-1.762956E+00
-1.762574E+00
-1.762199E+00
-1.761832E+00
-1.761464E+00
-1.761089E+00
-1.760701E+00
-1.760296E+00
-1.759868E+00
-1.759412E+00
-1.758928E+00
-1.758420E+00
-1.757893E+00
-1.757364E+00
-1.756861E+00
-1.756424E+00
-1.756098E+00
-1.755931E+00
-1.755971E+00
-1.756264E+00
-1.756845E+00
-1.757747E+00
-1.758986E+00
-1.760544E+00
-1.762360E+00
-1.764352E+00
-1.766463E+00
-1.768662E+00
-1.770951E+00
-1.773344E+00
-1.775860E+00
-1.778525E+00
-1.781364E+00
-1.784424E+00
-1.787758E+00
-1.791439E+00
-1.795568E+00
-1.800274E+00
-1.805706E+00
-1.812003E+00
-1.819237E+00
-1.827424E+00
-1.836487E+00
-1.846348E+00
-1.856952E+00
-1.868243E+00
-1.880150E+00
-1.892581E+00
-1.905508E+00
-1.919017E+00
-1.932757E+00
-1.946820E+00
-1.961048E+00
-1.975197E+00
-1.988885E+00
-2.001626E+00
-2.012881E+00
-2.022067E+00
-2.028566E+00
-2.031697E+00
-2.030947E+00
-2.026158E+00
-2.017544E+00
-2.005553E+00
-1.990786E+00
-1.973894E+00
-1.955667E+00
-1.936868E+00
-1.918187E+00
-1.900183E+00
-1.883293E+00
-1.867852E+00
-1.854027E+00
-1.841928E+00
-1.831524E+00
-1.822688E+00
-1.815254E+00
-1.809056E+00
-1.803946E+00
-1.799714E+00
-1.796286E+00
-1.793461E+00
-1.791098E+00
-1.789095E+00
-1.787372E+00
-1.785871E+00
-1.784546E+00
-1.783372E+00
-1.782317E+00
-1.781368E+00
-1.780501E+00
-1.779713E+00
-1.779000E+00
-1.778363E+00
-1.777813E+00
-1.777357E+00
-1.776999E+00
-1.776733E+00
-1.776548E+00
-1.776427E+00
-1.776353E+00
-1.776317E+00
-1.776307E+00
-1.776315E+00
-1.776333E+00
-1.776356E+00
-1.776376E+00
-1.776386E+00
-1.776379E+00
-1.776351E+00
-1.776300E+00
-1.776228E+00
-1.776139E+00
-1.776034E+00
-1.775913E+00
-1.775776E+00
-1.775624E+00
-1.775457E+00
-1.775280E+00
-1.775097E+00
-1.774914E+00
-1.774733E+00
-1.774556E+00
-1.774380E+00
-1.774205E+00
-1.774027E+00
-1.773846E+00
-1.773663E+00
-1.773478E+00
-1.773292E+00
-1.773104E+00
-1.772916E+00
-1.772727E+00
-1.772538E+00
-1.772348E+00
-1.772158E+00
-1.771967E+00
-1.771776E+00
-1.771586E+00
-1.771393E+00
-1.771204E+00
-1.771018E+00
-1.770834E+00
-1.770653E+00
-1.770476E+00
-1.770299E+00
-1.770124E+00
-1.769948E+00
-1.769770E+00
-1.769588E+00
-1.769402E+00
-1.769211E+00
-1.769016E+00
-1.768816E+00
-1.768611E+00
-1.768402E+00
-1.768187E+00
-1.767963E+00
-1.767728E+00
-1.767478E+00
-1.767208E+00
-1.766920E+00
-1.766616E+00
-1.766300E+00
-1.765975E+00
-1.765642E+00
-1.765305E+00
-1.764962E+00
-1.764614E+00
-1.764259E+00
-1.763901E+00
-1.763539E+00
-1.763170E+00
-1.762795E+00
-1.762415E+00
-1.762029E+00
-1.761639E+00
-1.761244E+00
-1.760845E+00
-1.760440E+00
-1.760024E+00
-1.759598E+00
-1.759159E+00
-1.758713E+00
-1.758260E+00
-1.757809E+00
-1.757361E+00
-1.756922E+00
-1.756495E+00
-1.756082E+00
-1.755688E+00
-1.755311E+00
-1.754955E+00
-1.754614E+00
-1.754286E+00
-1.753966E+00
-1.753650E+00
-1.753338E+00
-1.753025E+00
-1.752708E+00
-1.752392E+00
-1.752072E+00
-1.751746E+00
-1.751410E+00
-1.751060E+00
-1.750691E+00
-1.750299E+00
-1.749877E+00
-1.749425E+00
-1.748942E+00
-1.748438E+00
-1.747915E+00
-1.747381E+00
-1.746842E+00
-1.746300E+00
-1.745758E+00
-1.745212E+00
-1.744662E+00
-1.744099E+00
-1.743515E+00
-1.742910E+00
-1.742279E+00
-1.741630E+00
-1.740964E+00
-1.740290E+00
-1.739612E+00
-1.738929E+00
-1.738244E+00
-1.737551E+00
-1.736840E+00
-1.736113E+00
-1.735360E+00
-1.734569E+00
-1.733745E+00
-1.732903E+00
-1.732082E+00
-1.731327E+00
-1.730682E+00
-1.730178E+00
-1.729824E+00
-1.729611E+00
-1.729517E+00
-1.729517E+00
-1.729593E+00
-1.729728E+00
-1.729910E+00
-1.730133E+00
-1.730389E+00
-1.730677E+00
-1.731001E+00
-1.731368E+00
-1.731794E+00
-1.732290E+00
-1.732868E+00
-1.733528E+00
-1.734273E+00
-1.735089E+00
-1.735977E+00
-1.736940E+00
-1.737999E+00
-1.739145E+00
-1.740413E+00
-1.741837E+00
-1.743452E+00
-1.745322E+00
-1.747509E+00
-1.750098E+00
-1.753130E+00
-1.756611E+00
-1.760479E+00
-1.764554E+00
-1.768619E+00
-1.772416E+00
-1.775802E+00
-1.778706E+00
-1.781158E+00
-1.783211E+00
-1.784908E+00
-1.786305E+00
-1.787439E+00
-1.788357E+00
-1.789099E+00
-1.789709E+00
-1.790221E+00
-1.790655E+00
-1.791031E+00
-1.791361E+00
-1.791662E+00
-1.791950E+00
-1.792243E+00
-1.792547E+00
-1.792879E+00
-1.793254E+00
-1.793687E+00
-1.794199E+00
-1.794806E+00
-1.795525E+00
-1.796347E+00
-1.797252E+00
-1.798211E+00
-1.799192E+00
-1.800182E+00
-1.801167E+00
-1.802145E+00
-1.803105E+00
-1.804044E+00
-1.804961E+00
-1.805844E+00
-1.806697E+00
-1.807511E+00
-1.808288E+00
-1.809020E+00
-1.809706E+00
-1.810337E+00
-1.810903E+00
-1.811394E+00
-1.811801E+00
-1.812122E+00
-1.812364E+00
-1.812539E+00
-1.812657E+00
-1.812730E+00
-1.812766E+00
-1.812766E+00
-1.812732E+00
-1.812660E+00
-1.812544E+00
-1.812378E+00
-1.812157E+00
-1.811886E+00
-1.811572E+00
-1.811223E+00
-1.810849E+00
-1.810455E+00
-1.810045E+00
-1.809624E+00
-1.809195E+00
-1.808761E+00
-1.808323E+00
-1.807886E+00
-1.807451E+00
-1.807021E+00
-1.806601E+00
-1.806201E+00
-1.805835E+00
-1.805520E+00
-1.805281E+00
-1.805142E+00
-1.805122E+00
-1.805233E+00
-1.805475E+00
-1.805847E+00
-1.806347E+00
-1.806976E+00
-1.807740E+00
-1.808644E+00
-1.809705E+00
-1.810936E+00
-1.812368E+00
-1.814036E+00
-1.816000E+00
-1.818329E+00
-1.821128E+00
-1.824546E+00
-1.828771E+00
-1.834126E+00
-1.841057E+00
-1.850380E+00
-1.863436E+00
-1.882962E+00
-1.915184E+00
-1.977247E+00
-2.142355E+00
-3.071558E+00
1.819300E+00
1.592324E+00
1.518041E+00
1.482650E+00
1.462782E+00
1.450311E+00
1.442097E+00
1.436268E+00
1.431943E+00
1.428579E+00
1.425876E+00
1.423621E+00
1.421690E+00
1.419983E+00
1.418430E+00
1.416991E+00
1.415629E+00
1.414337E+00
1.413107E+00
1.411946E+00
1.410852E+00
1.409824E+00
1.408865E+00
1.407971E+00
1.407147E+00
1.406390E+00
1.405702E+00
1.405078E+00
1.404506E+00
1.403980E+00
1.403485E+00
1.403017E+00
1.402568E+00
1.402134E+00
1.401711E+00
1.401290E+00
1.400875E+00
1.400455E+00
1.400025E+00
1.399576E+00
1.399103E+00
1.398603E+00
1.398090E+00
1.397601E+00
1.397217E+00
1.397072E+00
1.397318E+00
1.398082E+00
1.399447E+00
1.401429E+00
1.404005E+00
1.407107E+00
1.410589E+00
1.414283E+00
1.417951E+00
1.421397E+00
1.424457E+00
1.427078E+00
1.429258E+00
1.431071E+00
1.432625E+00
1.434042E+00
1.435474E+00
1.437074E+00
1.439021E+00
1.441526E+00
1.444794E+00
1.449141E+00
1.454950E+00
1.462655E+00
1.472657E+00
1.485523E+00
1.501933E+00
1.523146E+00
1.551060E+00
1.589263E+00
1.644570E+00
1.730194E+00
1.877069E+00
2.161258E+00
2.733744E+00
-2.846273E+00
-2.434782E+00
-2.230943E+00
-2.117177E+00
-2.044856E+00
-1.994657E+00
-1.957202E+00
-1.927997E+00
-1.904379E+00
-1.884847E+00
-1.868637E+00
-1.855122E+00
-1.843903E+00
-1.834455E+00
-1.826298E+00
-1.819160E+00
-1.812704E+00
-1.806692E+00
-1.801002E+00
-1.795514E+00
-1.790136E+00
-1.784839E+00
-1.779553E+00
-1.774272E+00
-1.768950E+00
-1.763594E+00
-1.758185E+00
-1.752708E+00
-1.747198E+00
-1.741647E+00
-1.736116E+00
-1.730632E+00
-1.725295E+00
-1.720191E+00
-1.715418E+00
-1.711089E+00
-1.707227E+00
-1.703836E+00
-1.700852E+00
-1.698232E+00
-1.695914E+00
-1.693846E+00
-1.691994E+00
-1.690302E+00
-1.688710E+00
-1.687165E+00
-1.685555E+00
-1.683741E+00
-1.681581E+00
-1.678935E+00
-1.675758E+00
-1.672065E+00
-1.667937E+00
-1.663531E+00
-1.659012E+00
-1.654649E+00
-1.650756E+00
-1.647762E+00
-1.646094E+00
-1.646115E+00
-1.648050E+00
-1.652001E+00
-1.657940E+00
-1.665826E+00
-1.675507E+00
-1.686839E+00
-1.699610E+00
-1.713388E+00
-1.727724E+00
-1.741927E+00
-1.755397E+00
-1.767490E+00
-1.777887E+00
-1.786562E+00
-1.793762E+00
-1.799731E+00
-1.804834E+00
-1.809309E+00
-1.813216E+00
-1.816525E+00
-1.819083E+00
-1.820729E+00
-1.821318E+00
-1.820785E+00
-1.819181E+00
-1.816653E+00
-1.813360E+00
-1.809472E+00
-1.805109E+00
-1.800337E+00
-1.795187E+00
-1.789599E+00
-1.783591E+00
-1.777225E+00
-1.770628E+00
-1.763641E+00
-1.755558E+00
-1.744841E+00
-1.728180E+00
-1.698251E+00
-1.633061E+00
-1.427905E+00
-3.243922E-02
9.371277E-01
1.094749E+00
1.151086E+00
1.179640E+00
1.196843E+00
1.208394E+00
1.216898E+00
1.223534E+00
1.228891E+00
1.233212E+00
1.236706E+00
1.239557E+00
1.241905E+00
1.243883E+00
1.245576E+00
1.247067E+00
1.248415E+00
1.249683E+00
1.250934E+00
1.252221E+00
1.253598E+00
1.255066E+00
1.256544E+00
1.257813E+00
1.258602E+00
1.258728E+00
1.258161E+00
1.256969E+00
1.255246E+00
1.253039E+00
1.250368E+00
1.247142E+00
1.243340E+00
1.238784E+00
1.233349E+00
1.226887E+00
1.219228E+00
1.210221E+00
1.199553E+00
1.186880E+00
1.171552E+00
1.152744E+00
1.129006E+00
1.097889E+00
1.055329E+00
9.929507E-01
8.936276E-01
7.146846E-01
3.491849E-01
-3.299463E-01
-9.506532E-01
-1.261766E+00
-1.417590E+00
-1.506146E+00
-1.562337E+00
-1.600602E+00
-1.628261E+00
-1.649231E+00
-1.665660E+00
-1.678989E+00
-1.690009E+00
-1.699408E+00
-1.707338E+00
-1.714184E+00
-1.720088E+00
-1.725196E+00
-1.729560E+00
-1.733249E+00
-1.736318E+00
-1.738821E+00
-1.740857E+00
-1.742511E+00
-1.743875E+00
-1.745004E+00
-1.745946E+00
-1.746730E+00
-1.747369E+00
-1.747874E+00
-1.748248E+00
-1.748501E+00
-1.748639E+00
-1.748670E+00
-1.748602E+00
-1.748440E+00
-1.748187E+00
-1.747848E+00
-1.747425E+00
-1.746919E+00
-1.746323E+00
-1.745622E+00
-1.744802E+00
-1.743824E+00
-1.742688E+00
-1.741357E+00
-1.739821E+00
-1.738055E+00
-1.736054E+00
-1.733810E+00
-1.731327E+00
-1.728645E+00
-1.725794E+00
-1.722828E+00
-1.719746E+00
-1.716527E+00
-1.713065E+00
-1.709207E+00
-1.704794E+00
-1.699594E+00
-1.693365E+00
-1.685715E+00
-1.676163E+00
-1.663953E+00
-1.647989E+00
-1.626945E+00
-1.599007E+00
-1.562509E+00
-1.515667E+00
-1.457334E+00
-1.385658E+00
-1.298287E+00
-1.189695E+00
-1.046945E+00
-8.509926E-01
-5.597734E-01
-1.397956E-01
3.323468E-01
6.922970E-01
9.125149E-01
1.040834E+00
1.117666E+00
1.165832E+00
1.197624E+00
1.220134E+00
1.237103E+00
1.250782E+00
1.262368E+00
1.272667E+00
1.282199E+00
1.291275E+00
1.300207E+00
1.309178E+00
1.318441E+00
1.328165E+00
1.338605E+00
1.350068E+00
1.362865E+00
1.377590E+00
1.395000E+00
1.416597E+00
1.444959E+00
1.485968E+00
1.556438E+00
1.717323E+00
2.462936E+00
-2.286597E+00
-1.989097E+00
-1.886597E+00
-1.828868E+00
-1.787542E+00
-1.753251E+00
-1.722501E+00
-1.693810E+00
-1.667076E+00
-1.643289E+00
-1.623509E+00
-1.608677E+00
-1.599046E+00
-1.594639E+00
-1.595181E+00
-1.600139E+00
-1.608637E+00
-1.619733E+00
-1.632429E+00
-1.645942E+00
-1.659529E+00
-1.672737E+00
-1.685296E+00
-1.696980E+00
-1.707754E+00
-1.717520E+00
-1.726303E+00
-1.734153E+00
-1.741061E+00
-1.747265E+00
-1.753017E+00
-1.758562E+00
-1.764069E+00
-1.769716E+00
-1.775591E+00
-1.781809E+00
-1.788422E+00
-1.795552E+00
-1.803274E+00
-1.811750E+00
-1.821190E+00
-1.831799E+00
-1.843936E+00
-1.857883E+00
-1.874000E+00
-1.892336E+00
-1.912752E+00
-1.934724E+00
-1.957163E+00
-1.979008E+00
-1.999223E+00
-2.017505E+00
-2.033836E+00
-2.048392E+00
-2.060878E+00
-2.070268E+00
-2.075415E+00
-2.075318E+00
-2.069282E+00
-2.056977E+00
-2.038687E+00
-2.015743E+00
-1.989941E+00
-1.963158E+00
-1.937229E+00
-1.913302E+00
-1.892223E+00
-1.874121E+00
-1.858928E+00
-1.846227E+00
-1.835542E+00
-1.826481E+00
-1.818603E+00
-1.811626E+00
-1.805279E+00
-1.799418E+00
-1.793874E+00
-1.788482E+00
-1.783126E+00
-1.777690E+00
-1.772166E+00
-1.766513E+00
-1.760713E+00
-1.754653E+00
-1.748252E+00
-1.741401E+00
-1.734032E+00
-1.726099E+00
-1.717736E+00
-1.708940E+00
-1.699700E+00
-1.690092E+00
-1.680104E+00
-1.669814E+00
-1.659235E+00
-1.648397E+00
-1.637461E+00
-1.626540E+00
-1.615860E+00
-1.605482E+00
-1.595474E+00
-1.585766E+00
-1.576296E+00
-1.567117E+00
-1.558237E+00
-1.549754E+00
-1.541656E+00
-1.533970E+00
-1.526641E+00
-1.519594E+00
-1.512767E+00
-1.505974E+00
-1.499004E+00
-1.491520E+00
-1.483256E+00
-1.473971E+00
-1.463579E+00
-1.452169E+00
-1.440409E+00
-1.428755E+00
-1.417870E+00
-1.408524E+00
-1.401277E+00
-1.396453E+00
-1.393753E+00
-1.392178E+00
-1.390064E+00
-1.385562E+00
-1.377255E+00
-1.364221E+00
-1.345916E+00
-1.321591E+00
-1.290446E+00
-1.251217E+00
-1.202301E+00
-1.142271E+00
-1.069154E+00
-9.819431E-01
-8.798525E-01
-7.648950E-01
-6.409947E-01
-5.143345E-01
-3.924601E-01
-2.795874E-01
-1.777079E-01
-8.585049E-02
-4.650344E-03
6.488642E-02
1.189123E-01
1.578184E-01
1.828325E-01
1.957056E-01
1.984002E-01
1.926952E-01
1.802664E-01
1.627069E-01
1.412297E-01
1.170082E-01
9.091459E-02
6.370001E-02
3.616313E-02
8.537174E-03
-1.918667E-02
-4.783092E-02
-7.821873E-02
-1.111560E-01
-1.467869E-01
-1.840488E-01
-2.212677E-01
-2.556569E-01
-2.843079E-01
-3.040761E-01
-3.129675E-01
-3.108391E-01
-2.998273E-01
-2.834665E-01
-2.658460E-01
-2.508574E-01
-2.432054E-01
-2.475258E-01
-2.692311E-01
-3.141656E-01
-3.878877E-01
-4.925634E-01
-6.248437E-01
-7.723272E-01
-9.197449E-01
-1.052967E+00
-1.165279E+00
-1.255910E+00
-1.327361E+00
-1.384259E+00
-1.430208E+00
-1.468338E+00
-1.500490E+00
-1.528134E+00
-1.552230E+00
-1.573243E+00
-1.591656E+00
-1.607668E+00
-1.621605E+00
-1.633631E+00
-1.643989E+00
-1.652886E+00
-1.660449E+00
-1.666877E+00
-1.672304E+00
-1.676956E+00
-1.680866E+00
-1.684224E+00
-1.687119E+00
-1.689667E+00
-1.691946E+00
-1.694038E+00
-1.695993E+00
-1.697822E+00
-1.699525E+00
-1.701076E+00
-1.702484E+00
-1.703774E+00
-1.704962E+00
-1.705993E+00
-1.706765E+00
-1.707215E+00
-1.707358E+00
-1.707269E+00
-1.707036E+00
-1.706720E+00
-1.706357E+00
-1.705971E+00
-1.705582E+00
-1.705221E+00
-1.704919E+00
-1.704710E+00
-1.704614E+00
-1.704642E+00
-1.704792E+00
-1.705063E+00
-1.705445E+00
-1.705941E+00
-1.706554E+00
-1.707299E+00
-1.708184E+00
-1.709217E+00
-1.710379E+00
-1.711636E+00
-1.712927E+00
-1.714168E+00
-1.715293E+00
-1.716250E+00
-1.717038E+00
-1.717679E+00
-1.718211E+00
-1.718676E+00
-1.719104E+00
-1.719524E+00
-1.719955E+00
-1.720415E+00
-1.720903E+00
-1.721417E+00
-1.721944E+00
-1.722470E+00
-1.722990E+00
-1.723500E+00
-1.724008E+00
-1.724518E+00
-1.725027E+00
-1.725528E+00
-1.725993E+00
-1.726408E+00
-1.726751E+00
-1.727012E+00
-1.727176E+00
-1.727232E+00
-1.727161E+00
-1.726929E+00
-1.726491E+00
-1.725785E+00
-1.724746E+00
-1.723334E+00
-1.721557E+00
-1.719493E+00
-1.717226E+00
-1.714811E+00
-1.712189E+00
-1.709212E+00
-1.705712E+00
-1.701468E+00
-1.696233E+00
-1.689572E+00
-1.680826E+00
-1.668747E+00
-1.650911E+00
-1.622282E+00
-1.569108E+00
-1.439975E+00
-8.100634E-01
8.720327E-01
1.164715E+00
1.251680E+00
1.293424E+00
1.318370E+00
1.335230E+00
1.347733E+00
1.357602E+00
1.365864E+00
1.373053E+00
1.379535E+00
1.385538E+00
1.391175E+00
1.396572E+00
1.401783E+00
1.406906E+00
1.411988E+00
1.417123E+00
1.422418E+00
1.427965E+00
1.433918E+00
1.440364E+00
1.447406E+00
1.455032E+00
1.463230E+00
1.471961E+00
1.481097E+00
1.490592E+00
1.500344E+00
1.510446E+00
1.521138E+00
1.532611E+00
1.545402E+00
1.560282E+00
1.578249E+00
1.601085E+00
1.632037E+00
1.677403E+00
1.752950E+00
1.906334E+00
2.355610E+00
-2.708821E+00
-2.105553E+00
-1.916590E+00
-1.829486E+00
-1.778646E+00
-1.744942E+00
-1.720559E+00
-1.701992E+00
-1.687198E+00
-1.674949E+00
-1.664530E+00
-1.655391E+00
-1.647253E+00
-1.639862E+00
-1.633114E+00
-1.626901E+00
-1.621170E+00
-1.615951E+00
-1.611260E+00
-1.607155E+00
-1.603765E+00
-1.601101E+00
-1.599122E+00
-1.597742E+00
-1.596827E+00
-1.596258E+00
-1.595929E+00
-1.595760E+00
-1.595697E+00
-1.595700E+00
-1.595746E+00
-1.595841E+00
-1.596010E+00
-1.596294E+00
