0.0000  0.0000  0.0000
0.0250  0.0000  0.0000
0.0500  0.0000  0.0000
0.0750  0.0000  0.0000
0.1000  0.0000  0.0000
0.1250  0.0000  0.0000
0.1500  0.0000  0.0000
0.1750  0.0000  0.0000
0.2000  0.0000  0.0000
0.2250  0.0000  0.0000
0.2500  0.0000  0.0000
0.2750  0.0000  0.0000
0.3000  0.0000  0.0000
0.3250  0.0000  0.0000
0.3500  0.0000  0.0000
0.3750  0.0000  0.0000
0.4000  0.0000  0.0000
0.4250  0.0000  0.0000
0.4500  0.0000  0.0000
0.4750  0.0000  0.0000
0.5000  0.0000  0.0000
0.4881  0.0238  0.0000
0.4762  0.0476  0.0000
0.4643  0.0714  0.0000
0.4524  0.0952  0.0000
0.4405  0.1190  0.0000
0.4286  0.1429  0.0000
0.4167  0.1667  0.0000
0.4048  0.1905  0.0000
0.3929  0.2143  0.0000
0.3810  0.2381  0.0000
0.3690  0.2619  0.0000
0.3571  0.2857  0.0000
0.3452  0.3095  0.0000
0.3333  0.3333  0.0000
0.3125  0.3125  0.0000
0.2917  0.2917  0.0000
0.2708  0.2708  0.0000
0.2500  0.2500  0.0000
0.2292  0.2292  0.0000
0.2083  0.2083  0.0000
0.1875  0.1875  0.0000
0.1667  0.1667  0.0000
0.1458  0.1458  0.0000
0.1250  0.1250  0.0000
0.1042  0.1042  0.0000
0.0833  0.0833  0.0000
0.0625  0.0625  0.0000
0.0417  0.0417  0.0000
0.0208  0.0208  0.0000
0.0000  0.0000  0.0000
